"SIM","YEAR","usr","yld","bud","scares","kills","castr","crops","feeds","helps","noact"
1,1,1,2933.192,1724.13245196803,8,0,0,36,0,0,0
1,1,2,2935.64768,1717.96354473089,58,0,0,41,0,0,0
1,1,3,2928.6496,899.952528455069,53,0,0,46,0,0,0
1,1,4,2929.9632,876.968678890137,49,0,0,34,0,0,0
1,1,5,2929.6656,655.297185226274,42,0,0,37,0,0,0
1,1,6,2929.56768,766.413929947937,55,0,0,43,0,0,0
1,1,7,19311.6431999999,7568.47764973605,1,0,0,6,0,0,0
1,1,8,0,2,23,0,0,30,0,0,0
1,2,1,2959.0896,1459.33094568728,0,0,0,172,0,0,0
1,2,2,2966.67967999999,1627.26589091323,0,0,0,171,0,0,0
1,2,3,2943.1296,1777.85249313053,0,0,0,89,0,0,0
1,2,4,2942.1552,1287.5578699937,0,0,0,87,0,0,0
1,2,5,2937.3872,979.866444216871,0,0,0,65,0,0,0
1,2,6,2938.4976,1832.7728981634,0,0,0,76,0,0,0
1,2,7,19278.1087999998,6853.28078381832,20,0,0,227,0,0,0
1,2,8,0,2,0,0,0,0,0,0,0
1,3,1,2980.6256,1682.38722833823,0,0,0,145,0,0,0
1,3,2,2994.56927999999,786.716705609369,0,0,0,162,0,0,0
1,3,3,2974.70559999999,1403.94852125457,0,0,0,177,0,0,0
1,3,4,2963.4592,1163.7850858329,0,0,0,128,0,0,0
1,3,5,2949.7072,697.603408649165,0,0,0,97,0,0,0
1,3,6,2967.12671999999,1447.84354881956,0,0,0,181,0,0,0
1,3,7,19241.5967999998,7443.37222867245,18,0,0,208,0,0,3
1,3,8,0,2,0,0,0,0,0,0,0
1,4,1,3008.37759999999,1378.21778562992,0,0,0,168,0,0,0
1,4,2,3004.29567999999,1399.51417732665,0,0,0,78,0,0,0
1,4,3,2998.22719999999,1199.04189110988,0,0,0,140,0,0,0
1,4,4,2981.85119999999,1435.86699350427,0,0,0,116,0,0,0
1,4,5,2955.31679999999,1071.60774392348,0,0,0,69,0,0,0
1,4,6,2987.37631999999,1621.43005439697,0,0,0,144,0,0,0
1,4,7,19207.3631999998,12194.0203444745,18,0,0,212,0,0,0
1,4,8,0,2,0,0,0,0,0,0,0
1,5,1,3026.13759999999,1900.9021037737,0,0,0,137,0,0,0
1,5,2,3025.11295999999,1720.81459046978,0,0,0,139,0,0,0
1,5,3,3012.54079999999,812.644792067701,0,0,0,119,0,0,0
1,5,4,3007.33759999999,454.658991064487,0,0,0,143,0,0,0
1,5,5,2966.66879999999,1227.78757516359,0,0,0,107,0,0,0
1,5,6,3007.73151999999,988.265655785898,0,0,0,159,0,0,0
1,5,7,19180.1583359997,7148.63333682734,20,1,0,294,0,0,1
1,5,8,0,2,0,0,0,0,0,0,0
1,6,1,3053.750784,1038.04815958962,8,0,0,154,0,0,0
1,6,2,3053.081984,1510.02263259717,2,0,0,163,0,0,0
1,6,3,3026.09951999999,802.511341712893,0,0,0,81,0,0,0
1,6,4,3010.7232,1248.19617144128,0,0,0,45,0,0,0
1,6,5,2985.308736,1213.4695888939,0,0,0,122,0,0,0
1,6,6,3017.969664,1597.6041111484,0,0,0,98,0,0,0
1,6,7,19131.1500159996,5427.42146514729,134,0,0,165,0,0,0
1,6,8,0,2,0,0,0,0,0,0,0
1,7,1,3063.149184,1593.41151440136,9,0,0,92,0,0,0
1,7,2,3067.407104,2172.79329052069,30,0,0,112,0,0,0
1,7,3,3033.96352,1488.82550771548,0,0,0,80,0,0,0
1,7,4,3029.809984,1907.71476551563,2,0,0,122,0,0,0
1,7,5,2997.317056,1244.53008455711,11,0,0,107,0,0,0
1,7,6,3039.90260224,1223.79264307153,11,0,0,145,0,0,0
1,7,7,19106.8796927995,4778.71567538972,231,0,0,242,0,0,0
1,7,8,0,2,0,0,0,0,0,0,0
1,8,1,3075.825664,1047.46146561613,27,0,0,115,0,0,0
1,8,2,3085.866624,1908.62843634188,41,0,0,151,0,0,0
1,8,3,3053.82624,1082.12596514744,0,0,0,148,0,0,0
1,8,4,3037.345664,1188.12457592572,37,0,0,131,0,0,0
1,8,5,3010.13273600001,2060.8045204946,0,0,0,124,0,0,0
1,8,6,3055.935653888,1567.46543146296,0,0,0,122,0,0,0
1,8,7,19068.6969727994,3094.69268880845,176,0,0,196,0,0,0
1,8,8,0,2,0,0,0,0,0,0,0
1,9,1,3084.132864,761.468238352181,0,0,0,104,0,0,0
1,9,2,3107.358144,1112.36992306674,11,0,0,160,0,0,0
1,9,3,3064.08224,705.740248501985,0,0,0,108,0,0,0
1,9,4,3042.638976,1703.52743749022,0,0,0,118,0,0,0
1,9,5,3023.720896,1863.44002742221,15,0,0,162,0,0,0
1,9,6,3076.487269888,707.299126578677,0,0,0,156,0,0,0
1,9,7,19023.6931327994,9811.70612651096,50,0,0,169,0,0,0
1,9,8,0,2,0,0,0,0,0,0,0
1,10,1,3086.92028160001,1582.5579676607,0,0,0,76,0,0,0
1,10,2,3123.4185088,1451.76825964061,0,0,0,111,0,0,0
1,10,3,3059.9024,1005.54494864302,0,0,0,70,0,0,0
1,10,4,3061.09965824,701.692488885558,0,0,0,170,0,0,0
1,10,5,3042.45811200001,1500.645920881,0,0,0,185,0,0,0
1,10,6,3076.408869888,1107.35344827198,0,0,0,70,0,0,0
1,10,7,18984.0137727993,4268.8888525639,2,23,0,208,0,0,0
1,10,8,0,2,0,0,0,0,0,0,0
1,11,1,3083.70690560001,1498.58720743163,0,93,0,65,0,0,0
1,11,2,3124.14833664001,1753.21267610806,0,58,0,87,0,0,0
1,11,3,3050.4736,1266.08966744904,0,61,0,39,0,0,0
1,11,4,3054.34612224,1211.40850806778,0,29,0,41,0,0,0
1,11,5,3038.82355200001,1365.09489076653,0,82,0,68,0,0,0
1,11,6,3070.815973888,580.323289744703,0,51,0,59,0,0,0
1,11,7,18940.9548927992,9885.30821807599,0,193,0,233,0,0,0
1,11,8,0,2,0,0,0,0,0,0,0
1,12,1,3107.4662656,948.227163238649,0,0,0,149,0,0,0
1,12,2,3156.10361344,1314.08493387283,0,0,0,175,0,0,0
1,12,3,3069.7168,712.555634031408,0,0,0,126,0,0,0
1,12,4,3073.20116224,880.192761691287,0,0,0,121,0,0,0
1,12,5,3061.58969600001,1387.06619747203,0,0,0,136,0,0,0
1,12,6,3074.703973888,1376.96571620033,0,0,0,58,0,0,0
1,12,7,18933.1376767992,8888.15388050972,26,0,0,269,0,0,0
1,12,8,0,2,0,0,0,0,0,0,0
1,13,1,3118.9244416,603.423315916611,0,0,0,94,0,0,0
1,13,2,3176.70847744,1296.03127383578,0,0,0,131,0,0,0
1,13,3,3079.441856,990.758843541534,0,0,0,71,0,0,0
1,13,4,3083.19700224,1038.39533234181,0,0,0,88,0,0,0
1,13,5,3084.398912,2223.69272013434,0,0,0,138,0,0,0
1,13,6,3094.494245888,2134.88380057497,0,0,0,137,0,0,0
1,13,7,18909.7389567992,12503.2000841148,28,0,0,217,0,0,0
1,13,8,0,2,0,0,0,0,0,0,0
1,14,1,3122.02139136001,772.246686128479,0,0,0,60,0,0,0
1,14,2,3198.25778944001,1277.66016616725,0,0,0,129,0,0,0
1,14,3,3093.40896,422.968524426593,0,0,0,99,0,0,0
1,14,4,3099.35258624,1415.06055722996,0,0,0,103,0,0,0
1,14,5,3119.455168,2077.28329448644,0,0,0,200,0,0,0
1,14,6,3132.96451328001,1411.00855764745,0,0,0,201,0,0,0
1,14,7,18894.0380927991,10526.4424224902,32,0,0,226,0,0,0
1,14,8,0,2,0,0,0,0,0,0,0
1,15,1,3124.01787136,511.811685335144,0,0,0,77,0,0,0
1,15,2,3218.07435264001,940.170221170853,0,0,0,127,0,0,0
1,15,3,3093.97685504,1427.6917425821,0,0,0,42,0,0,0
1,15,4,3120.13549824,1640.857293559,0,0,0,141,0,0,0
1,15,5,3149.053312,1589.48799841977,1,0,0,187,0,0,0
1,15,6,3154.25143459841,1069.74020997125,0,0,0,141,0,0,0
1,15,7,18865.9838207991,6193.80785229002,62,0,0,205,0,0,0
1,15,8,0,2,0,0,0,0,0,0,0
1,16,1,3122.19681536001,1251.03362021468,0,0,0,51,0,0,0
1,16,2,3230.20366848001,2150.43699106447,0,0,0,94,0,0,0
1,16,3,3114.80253184,1441.11589017282,0,0,0,142,0,0,0
1,16,4,3143.97876224,611.00597847667,8,0,0,151,0,0,0
1,16,5,3173.5085568,423.621572657586,0,0,0,158,0,0,0
1,16,6,3168.85535139841,1057.6842441135,0,0,0,106,0,0,0
1,16,7,18852.774412799,3890.40011704888,238,0,0,237,0,0,0
1,16,8,0,2,0,0,0,0,0,0,0
1,17,1,3130.76699136001,1267.65639096353,7,0,0,115,0,0,0
1,17,2,3249.62408448001,1020.05494533784,50,0,0,145,0,0,0
1,17,3,3133.50357504001,1018.56111681218,4,0,0,138,0,0,0
1,17,4,3142.94957824,1426.14607011087,0,0,0,61,0,0,0
1,17,5,3165.7152768,647.299628655321,0,0,0,42,0,0,0
1,17,6,3180.06765058049,1914.72919398924,1,0,0,104,0,0,0
1,17,7,18845.267596799,6050.57416651239,139,0,0,194,0,0,0
1,17,8,0,2,0,0,0,0,0,0,0
1,18,1,3145.21845760001,1143.86223839101,0,0,0,126,0,0,0
1,18,2,3260.48480768001,1842.35594170861,0,0,0,102,0,0,0
1,18,3,3140.71496704001,845.958579836812,0,0,0,101,0,0,0
1,18,4,3153.89823744001,1315.72028971029,0,0,0,142,0,0,0
1,18,5,3165.25067520001,1160.39564267934,0,0,0,64,0,0,0
1,18,6,3211.36120578049,1232.96992402897,0,0,0,181,0,0,0
1,18,7,18844.8964607989,12071.4120998091,41,0,0,202,0,0,0
1,18,8,0,2,0,0,0,0,0,0,0
1,19,1,3152.29564160001,491.33492272596,0,0,0,114,0,0,0
1,19,2,3281.66362828801,1262.57559462574,0,0,0,184,0,0,0
1,19,3,3140.39368704001,410.113486980218,0,0,0,84,0,0,0
1,19,4,3163.82493440001,1579.4595263659,0,0,0,131,0,0,0
1,19,5,3168.94635520001,1616.20553331547,0,0,0,116,0,0,0
1,19,6,3225.85249794049,1339.59549396101,0,0,0,123,0,0,0
1,19,7,18841.6778086389,4597.29191158308,29,0,0,199,0,0,0
1,19,8,0,2,0,0,0,0,0,0,0
1,20,1,3148.70373120002,1251.40877014323,0,0,0,49,0,0,0
1,20,2,3298.82566348801,814.642605889553,0,0,0,126,0,0,0
1,20,3,3130.48809984001,1919.58775081151,0,0,0,41,0,0,0
1,20,4,3177.85240115201,925.145829026007,1,0,0,154,0,0,0
1,20,5,3190.22784256001,1076.85673819388,0,0,0,161,0,0,0
1,20,6,3241.11428149249,925.485232172863,0,0,0,133,0,0,0
1,20,7,18836.0749183988,6414.44161890057,85,0,0,170,0,0,0
1,20,8,0,2,0,0,0,0,0,0,0
1,21,1,3165.40984320001,1958.53269940833,0,0,0,125,0,0,0
1,21,2,3294.89747148801,604.996897561099,0,0,0,81,0,0,0
1,21,3,3149.65806540801,934.291254130963,0,0,0,191,0,0,0
1,21,4,3177.95151155201,1306.8215846271,0,0,0,92,0,0,0
1,21,5,3196.06218496001,1000.65603538203,0,0,0,107,0,0,0
1,21,6,3246.75203125249,907.339982695016,0,0,0,92,0,0,0
1,21,7,18832.6178559988,10676.8264895712,49,0,0,191,0,0,0
1,21,8,0,2,0,0,0,0,0,0,0
1,22,1,3182.63001600001,1806.09233146476,0,0,0,175,0,0,0
1,22,2,3282.65796505601,1880.69734173051,0,0,0,60,0,0,0
1,22,3,3144.39252940802,1337.51542479917,0,0,0,93,0,0,0
1,22,4,3175.80441139201,823.236882871715,0,0,0,130,0,0,0
1,22,5,3201.31557376001,1460.39999403579,0,0,0,100,0,0,0
1,22,6,3247.65800245249,1209.95764126907,0,0,0,90,0,0,0
1,22,7,18818.5697966069,5204.03244890231,0,35,0,210,0,0,0
1,22,8,0,2,0,0,0,0,0,0,0
1,23,1,3177.37381120002,1430.53987617019,0,105,0,75,0,0,0
1,23,2,3280.39447408642,1558.95680356115,0,96,0,92,0,0,0
1,23,3,3133.84851660802,1578.48499622538,0,57,0,76,0,0,0
1,23,4,3160.51121203201,836.181300608536,0,29,0,53,0,0,0
1,23,5,3195.36656896001,616.341091278687,0,75,0,71,0,0,0
1,23,6,3243.87459125249,1495.55885611932,0,62,0,58,0,0,0
1,23,7,18818.9511372788,11307.6674956035,0,265,0,254,0,0,0
1,23,8,0,2,0,0,0,0,0,0,0
1,24,1,3199.18075136002,805.286421882306,0,0,0,143,0,0,0
1,24,2,3303.27388784642,2179.23352386096,0,0,0,155,0,0,0
1,24,3,3155.36495104002,1215.33828836466,0,0,0,157,0,0,0
1,24,4,3163.56839987201,1470.3867909337,0,0,0,83,0,0,0
1,24,5,3196.59607296001,1355.43064467513,0,0,0,61,0,0,0
1,24,6,3270.92408936449,705.279530692087,0,0,0,149,0,0,0
1,24,7,18848.1307852788,9245.05194267192,24,1,0,235,0,0,0
1,24,8,0,2,0,0,0,0,0,0,0
1,25,1,3201.36714496002,835.093549380484,0,0,0,80,0,0,0
1,25,2,3335.61041041409,770.386471856056,1,0,0,184,0,0,0
1,25,3,3165.86042828802,722.42083911399,0,0,0,121,0,0,0
1,25,4,3178.90977843201,1465.73426067464,0,0,0,147,0,0,0
1,25,5,3218.22263040001,1388.60625852358,0,0,0,135,0,0,0
1,25,6,3281.29934696449,1386.34745281474,0,0,0,70,0,0,0
1,25,7,18875.8152012788,7222.5920003069,24,0,0,194,0,0,0
1,25,8,0,2,0,0,0,0,0,0,0
1,26,1,3208.36229171202,935.557424112049,0,0,0,83,0,0,0
1,26,2,3334.60132753409,1263.2661016889,0,0,0,77,0,0,0
1,26,3,3165.84423628802,909.871660830572,0,0,0,72,0,0,0
1,26,4,3200.11844403201,690.475825122397,0,0,0,146,0,0,0
1,26,5,3243.61961472001,1268.53227862088,0,0,0,138,0,0,0
1,26,6,3310.74064631809,1216.44205657335,0,0,0,138,0,0,0
1,26,7,18903.4812415988,4860.63925354383,68,0,0,178,0,0,0
1,26,8,0,2,0,0,0,0,0,0,0
1,27,1,3217.96377548802,1224.67918059316,0,0,0,93,0,0,0
1,27,2,3349.7280828621,998.529107642072,4,0,0,119,0,0,0
1,27,3,3170.66768291842,1005.93298086329,0,0,0,90,0,0,0
1,27,4,3202.37894400001,966.548869169467,0,0,0,69,0,0,0
1,27,5,3267.42891571201,2027.98155281881,0,0,0,126,0,0,0
1,27,6,3341.88828592129,699.477231366909,0,0,0,121,0,0,0
1,27,7,18940.9519098868,8355.5413707114,168,0,0,199,0,0,1
1,27,8,0,2,0,0,0,0,0,0,0
1,28,1,3226.98357452802,916.670576076001,0,0,0,122,0,0,0
1,28,2,3352.6104974541,1867.18198674311,0,0,0,99,0,0,0
1,28,3,3174.7052626125,1119.72942769457,0,0,0,100,0,0,0
1,28,4,3209.96922501121,1609.01234594778,0,0,0,96,0,0,0
1,28,5,3302.60177459201,1500.57755994837,0,0,0,196,0,0,0
1,28,6,3351.7204578509,1384.7195825336,0,0,0,69,0,0,0
1,28,7,18978.3244257268,5309.99269985802,56,0,0,197,0,0,0
1,28,8,0,2,0,0,0,0,0,0,0
1,29,1,3232.34018844674,1843.86836527626,2,0,0,89,0,0,0
1,29,2,3364.6820326605,671.514778437438,48,0,0,124,0,0,0
1,29,3,3186.43598719388,1051.937516806,0,0,0,111,0,0,0
1,29,4,3226.00741496833,1723.54820603109,35,0,0,115,0,0,0
1,29,5,3324.23358566401,583.513859144346,26,0,0,116,0,0,0
1,29,6,3378.22805797275,1777.71615266117,24,0,0,107,0,0,0
1,29,7,19042.9697071911,8628.07344594562,215,0,0,251,0,0,0
1,29,8,0,2,0,0,0,0,0,0,0
1,30,1,3259.87856463875,655.09393126412,0,0,0,184,0,0,0
1,30,2,3354.65330616731,1478.67274674928,0,0,0,67,0,0,0
1,30,3,3191.67729340828,824.559888357839,0,0,0,105,0,0,0
1,30,4,3249.35528126465,629.171920514321,0,0,0,172,0,0,0
1,30,5,3325.01243187201,600.541484425719,0,0,0,58,0,0,0
1,30,6,3417.0476056953,2053.13809856904,0,0,0,177,0,0,0
1,30,7,19077.756599991,12652.8172561638,39,0,0,183,0,0,0
1,30,8,0,2,0,0,0,0,0,0,0
1,31,1,3251.05092943875,547.016803445819,0,0,0,65,0,0,0
1,31,2,3357.43796045908,1097.60112683507,0,0,0,147,0,0,0
1,31,3,3189.19916896668,1480.33613001535,0,0,0,82,0,0,0
1,31,4,3243.11809470465,1400.17650677164,0,0,0,62,0,0,0
1,31,5,3324.55482572802,1063.00432425175,0,0,0,60,0,0,0
1,31,6,3454.11964260288,536.057412381664,0,0,0,205,0,0,0
1,31,7,19122.476756151,7588.55181605243,31,0,0,265,0,0,0
1,31,8,0,2,0,0,0,0,0,0,0
1,32,1,3243.29825165314,2136.78666822679,0,0,0,54,0,0,0
1,32,2,3361.49131341908,1173.52349792975,0,0,0,109,0,0,0
1,32,3,3206.7988182262,757.820336113997,0,0,0,148,0,0,0
1,32,4,3264.39439339521,1163.47510323619,0,0,0,140,0,0,0
1,32,5,3336.44212940802,1269.5862862722,0,0,0,106,0,0,0
1,32,6,3460.56463163328,1737.99038191837,0,0,0,53,0,0,0
1,32,7,19170.768055991,8070.03097346959,76,0,0,229,0,0,0
1,32,8,0,2,0,0,0,0,0,0,0
1,33,1,3264.49945171561,1300.93178851294,7,0,0,168,0,0,0
1,33,2,3372.0410845602,845.350632687284,0,0,0,117,0,0,0
1,33,3,3206.6584048886,1388.50260804701,0,0,0,75,0,0,0
1,33,4,3264.21456335587,1316.75735028693,0,0,0,116,0,0,0
1,33,5,3355.7058373837,1212.58080866782,0,0,0,126,0,0,0
1,33,6,3496.34405793728,1356.05098473839,0,0,0,173,0,0,0
1,33,7,19211.473605303,2494.90110410236,99,0,0,206,0,0,0
1,33,8,0,2,0,0,0,0,0,0,0
1,34,1,3241.9787707556,1241.06988752822,121,0,0,9,0,0,0
1,34,2,3353.3159408034,1100.81715551327,54,0,0,30,0,0,0
1,34,3,3192.0307210486,1703.78518855324,72,0,0,66,0,0,0
1,34,4,3257.94055631587,1517.33188442765,51,0,0,80,0,0,0
1,34,5,3349.07749604968,2012.57449123793,59,0,0,62,0,0,0
1,34,6,3499.74901716928,546.269547665913,53,0,0,82,0,0,0
1,34,7,19219.863992503,3569.00961305457,128,0,0,121,0,0,0
1,34,8,0,2,0,0,0,0,0,0,0
1,35,1,3265.85654337456,2370.36707182266,0,0,0,124,0,0,0
1,35,2,3373.65651032983,715.822378723166,0,0,0,110,0,0,0
1,35,3,3226.24896195873,1537.81588857228,0,0,0,170,0,0,0
1,35,4,3288.80195426551,1632.83604476383,0,0,0,151,0,0,0
1,35,5,3397.81308747368,1342.69687827102,1,0,0,198,0,0,0
1,35,6,3512.66445124654,1132.57600269746,0,0,0,54,0,0,0
1,35,7,19229.1344318196,4197.16495747377,54,0,0,182,0,0,0
1,35,8,0,2,0,0,0,0,0,0,0
1,36,1,3280.67553793968,1602.58443379544,10,0,0,166,0,0,0
1,36,2,3365.18681226135,801.631203914678,0,0,0,71,0,0,0
1,36,3,3234.66966559623,662.269555844726,0,0,0,153,0,0,0
1,36,4,3304.28377893111,577.068912946316,0,0,0,161,0,0,0
1,36,5,3407.21997662308,780.1156370771,0,0,0,134,0,0,0
1,36,6,3522.76296977454,1400.00945430805,0,0,0,113,0,0,0
1,36,7,19210.6861089524,9980.67175736595,37,0,0,181,0,0,0
1,36,8,0,2,0,0,0,0,0,0,0
1,37,1,3294.90523368983,1039.94520416414,0,0,0,160,0,0,0
1,37,2,3355.92722406295,1497.28777436607,0,0,0,80,0,0,0
1,37,3,3228.46486120041,1587.77143550136,0,0,0,66,0,0,0
1,37,4,3295.97109104543,475.866681849034,0,0,0,57,0,0,0
1,37,5,3409.02844733867,2002.24262348992,0,0,0,78,0,0,0
1,37,6,3543.90448786888,985.154354425937,0,0,0,140,0,0,0
1,37,7,19197.7773345524,7455.79041306432,5,18,0,212,0,0,0
1,37,8,0,2,0,0,0,0,0,0,0
1,38,1,3282.46330437143,1545.64965407338,0,63,0,40,0,0,0
1,38,2,3349.31991446833,2088.70630766012,0,71,0,78,0,0,0
1,38,3,3215.28615922633,1488.41973278287,0,82,0,76,0,0,0
1,38,4,3273.58187120543,1298.14985083973,0,41,0,6,0,0,0
1,38,5,3420.61474578778,1115.67960210978,0,97,0,103,0,0,0
1,38,6,3537.59395044808,1162.94159682726,0,43,0,55,0,0,0
1,38,7,19228.1920378816,5806.03203651456,0,361,0,384,0,0,0
1,38,8,0,2,0,0,0,0,0,0,0
1,39,1,3318.1230779833,1450.6746334111,0,0,0,154,0,0,0
1,39,2,3391.0352647606,848.486159417778,1,0,0,193,0,0,0
1,39,3,3242.99284525861,1124.52239767741,0,0,0,148,0,0,0
1,39,4,3306.91658183198,2540.61530096987,0,0,0,129,0,0,0
1,39,5,3449.39627199121,1294.51085664199,0,0,0,111,0,0,0
1,39,6,3576.26595696891,2237.38684033854,0,0,0,116,0,0,0
1,39,7,19278.1695365261,5825.59122258953,31,0,0,208,0,0,0
1,39,8,0,2,0,0,0,0,0,0,0
1,40,1,3340.91109194386,2126.61326855609,0,0,0,145,0,0,0
1,40,2,3397.28969233487,1207.82793016356,0,0,0,84,0,0,0
1,40,3,3261.14959166245,464.642417483388,0,0,0,112,0,0,0
1,40,4,3341.38308152657,2215.39022162733,2,0,0,184,0,0,0
1,40,5,3472.98474848913,1360.00400060473,0,0,0,129,0,0,0
1,40,6,3624.17296312571,1334.27276396725,0,0,0,207,0,0,1
1,40,7,19303.9633925261,2750.43028565164,24,0,0,183,0,0,0
1,40,8,0,2,0,0,0,0,0,0,0
1,41,1,3357.33733665426,1379.10541564413,46,0,0,138,0,0,0
1,41,2,3410.39640284239,1370.32712941914,1,0,0,119,0,0,0
1,41,3,3255.07760591653,1450.86915034366,0,0,0,46,0,0,0
1,41,4,3361.50547322193,1492.30696248913,50,0,0,141,0,0,0
1,41,5,3492.37758134519,1552.64916520722,3,0,0,131,0,0,0
1,41,6,3646.55449938171,848.220511979535,5,0,0,125,0,0,0
1,41,7,19314.6413885581,9908.47874381468,78,0,0,150,0,0,0
1,41,8,0,2,0,0,0,0,0,0,0
1,42,1,3381.67523654204,731.786587771973,0,0,0,137,0,0,0
1,42,2,3435.42203967362,681.777004882154,0,0,0,137,0,0,0
1,42,3,3281.25592431672,1005.10157791146,0,0,0,145,0,0,0
1,42,4,3395.22953560688,2000.90319860737,0,0,0,149,0,0,0
1,42,5,3537.93181145319,900.988951882164,0,0,0,155,0,0,0
1,42,6,3662.79560660506,632.667692535179,0,0,0,84,0,0,0
1,42,7,19352.2583178585,9964.84099609544,25,2,0,209,0,0,0
1,42,8,0,2,0,0,0,0,0,0,0
1,43,1,3382.08743125564,1251.59596715109,0,0,0,73,0,0,0
1,43,2,3435.40155162088,1305.00766607138,0,0,0,68,0,0,0
1,43,3,3285.97786827832,1319.74238449449,0,0,0,100,0,0,0
1,43,4,3431.88514299574,2207.79725473202,0,0,0,190,0,0,0
1,43,5,3549.17295741159,1829.96532882273,0,0,0,90,0,0,0
1,43,6,3670.90030751257,1500.33294200846,0,0,0,63,0,0,0
1,43,7,19378.7869377882,10384.1725710192,24,0,0,238,0,0,1
1,43,8,0,2,0,0,0,0,0,0,0
1,44,1,3410.19374133312,1339.99821354347,0,0,0,125,0,0,0
1,44,2,3465.38769928475,1245.49269728873,0,0,0,130,0,0,0
1,44,3,3317.96627339768,779.528200819783,0,0,0,131,0,0,0
1,44,4,3474.64973007914,1708.69469798595,1,0,0,161,0,0,0
1,44,5,3605.55810531949,754.813211418735,0,0,0,182,0,0,0
1,44,6,3711.97691943179,2138.30703742627,0,0,0,150,0,0,0
1,44,7,19418.1441625229,4046.21903251888,24,0,0,211,0,0,0
1,44,8,0,2,0,0,0,0,0,0,0
1,45,1,3421.16972614515,1299.9863376427,0,0,0,133,0,0,0
1,45,2,3479.52757823362,1042.90077041484,0,0,0,124,0,0,0
1,45,3,3318.68430114648,1026.33258949491,0,0,0,77,0,0,0
1,45,4,3504.78045497509,972.211397945753,0,0,0,170,0,0,0
1,45,5,3613.52523040979,1374.35096601924,0,0,0,75,0,0,0
1,45,6,3753.31623578359,1521.96204071162,5,0,0,192,0,0,0
1,45,7,19420.0782955415,8188.73275197957,59,0,0,155,0,0,0
1,45,8,0,2,0,0,0,0,0,0,0
1,46,1,3442.01116936665,966.557611451206,0,0,0,129,0,0,0
1,46,2,3490.67419848168,2157.78381309528,0,0,0,104,0,0,0
1,46,3,3330.22051428822,1146.77428557203,0,0,0,102,0,0,0
1,46,4,3519.53959968606,1748.62807262931,0,0,0,97,0,0,0
1,46,5,3639.92549508921,1935.0579603702,0,0,0,137,0,0,0
1,46,6,3797.69991445239,2002.57488433079,0,0,0,152,0,0,0
1,46,7,19448.295060367,6768.66796874812,31,0,0,204,0,0,0
1,46,8,0,2,0,0,0,0,0,0,0
1,47,1,3446.82418104056,1624.71036451161,0,0,0,96,0,0,0
1,47,2,3536.99532788379,767.363662090055,0,0,0,215,0,0,0
1,47,3,3348.43748262656,2528.01137111134,0,0,0,114,0,0,0
1,47,4,3558.23376489548,904.070556884636,0,0,0,174,0,0,0
1,47,5,3688.27848969566,1891.05504449271,0,0,0,193,0,0,0
1,47,6,3852.60326675191,1960.79544166197,0,0,0,200,0,0,0
1,47,7,19478.4693254038,13624.6839577281,36,0,0,229,0,0,1
1,47,8,0,2,0,0,0,0,0,0,0
1,48,1,3473.06956730923,1564.0658468716,0,0,0,162,0,0,0
1,48,2,3542.17087319898,751.364426968639,0,0,0,76,0,0,0
1,48,3,3384.1608003669,1545.43515380781,1,0,0,199,0,0,0
1,48,4,3563.78188627196,2214.83329541765,0,0,0,90,0,0,0
1,48,5,3733.47967316359,777.313325320232,0,0,0,189,0,0,0
1,48,6,3901.45552589068,1643.02160641068,0,0,0,194,0,0,0
1,48,7,19498.7481713558,10019.5139808312,33,0,0,194,0,0,0
1,48,8,0,2,0,0,0,0,0,0,0
1,49,1,3508.79559413475,694.98037405154,0,0,0,156,0,0,0
1,49,2,3548.35656668461,1466.63690877595,0,0,0,75,0,0,0
1,49,3,3414.48339617109,1451.45152629718,0,0,0,154,0,0,0
1,49,4,3614.71871490401,571.198866163068,4,0,0,180,0,0,0
1,49,5,3748.57324677413,1800.09062664505,0,0,0,77,0,0,0
1,49,6,3953.42840545473,942.245891232862,0,0,0,164,0,0,0
1,49,7,19542.1424308896,8960.10848274033,83,0,0,203,0,0,0
1,49,8,0,2,0,0,0,0,0,0,0
1,50,1,3503.83782420605,1948.15975968791,0,0,0,69,0,0,0
1,50,2,3567.90652183315,1081.636722977,0,0,0,146,0,0,0
1,50,3,3432.85409643861,1471.17580162708,0,0,0,145,0,0,0
1,50,4,3611.74210502399,961.629577806833,0,0,0,57,0,0,0
1,50,5,3787.01113565371,621.563314955458,0,0,0,180,0,0,0
1,50,6,3971.15436646592,1040.82107092872,0,0,0,94,0,0,0
1,50,7,19587.269104912,7754.46259797542,237,0,0,327,0,0,0
1,50,8,0,2,0,0,0,0,0,0,0
1,51,1,3509.14307231751,2096.93990618685,42,0,0,119,0,0,0
1,51,2,3568.52863761073,1678.9008791711,0,0,0,108,0,0,0
1,51,3,3442.54838275004,1207.42249724934,0,0,0,147,0,0,0
1,51,4,3611.13649128854,1537.38182772757,0,0,0,96,0,0,0
1,51,5,3788.01088302226,1819.00881990642,0,0,0,62,0,0,0
1,51,6,3989.7844634273,1390.02125792713,0,0,0,104,0,0,0
1,51,7,19635.3793731273,5377.9557058047,273,0,0,279,0,0,0
1,51,8,0,2,0,0,0,0,0,0,0
1,52,1,3525.06831870372,964.992644068397,72,0,0,108,0,0,0
1,52,2,3586.53688234254,1956.58262893217,25,0,0,132,0,0,0
1,52,3,3454.86005570088,917.50932925826,0,0,0,120,0,0,0
1,52,4,3628.91208474697,1230.77965046442,11,0,0,138,0,0,0
1,52,5,3817.8081404661,1510.99425685224,29,0,0,141,0,0,0
1,52,6,4018.41816128483,802.976593463666,9,0,0,126,0,0,0
1,52,7,19702.5304444558,6796.31562547221,216,0,0,235,0,0,0
1,52,8,0,2,0,0,0,0,0,0,0
1,53,1,3539.93203532622,1640.48331796381,0,0,0,96,0,0,0
1,53,2,3630.22997023043,1215.2710758982,4,0,0,162,0,0,0
1,53,3,3458.01264143124,1105.60004973851,0,0,0,91,0,0,0
1,53,4,3642.23609980129,940.493534506117,0,0,0,123,0,0,0
1,53,5,3865.6165882164,1154.63449931903,0,0,0,151,0,0,0
1,53,6,4048.60486838383,1472.76680360419,0,0,0,80,0,0,0
1,53,7,19769.3504779537,7794.57308512138,60,0,0,236,0,0,0
1,53,8,0,2,0,0,0,0,0,0,0
1,54,1,3560.69074994647,1235.51550112075,0,0,0,164,0,0,0
1,54,2,3635.0423055386,1440.55057749845,0,0,0,121,0,0,0
1,54,3,3463.58767597057,1917.82338290617,0,0,0,110,0,0,0
1,54,4,3634.13182351033,751.955738413696,0,0,0,94,0,0,0
1,54,5,3889.27771459978,1357.05229808116,0,0,0,115,0,0,0
1,54,6,4087.9564267071,616.133647577085,0,0,0,147,0,0,0
1,54,7,19810.408388323,5788.90081241707,0,74,0,184,0,0,0
1,54,8,0,2,0,0,0,0,0,0,0
1,55,1,3526.99540980952,534.897824116327,0,102,0,21,0,0,0
1,55,2,3619.2390544763,928.960686461568,0,68,0,76,0,0,0
1,55,3,3456.93468692461,1797.97710288902,0,84,0,107,0,0,0
1,55,4,3597.6868609337,1337.29729969597,0,46,0,29,0,0,0
1,55,5,3866.71820980597,1047.09074836207,0,82,0,53,0,0,0
1,55,6,4080.13547364777,1215.30433311163,0,25,0,36,0,0,0
1,55,7,19866.4533993121,8900.74809211911,0,303,0,275,0,0,0
1,55,8,0,2,0,0,0,0,0,0,0
1,56,1,3522.35292867816,1341.64847206789,0,0,0,53,0,0,0
1,56,2,3626.08448203171,1375.7625074035,0,0,0,92,0,0,0
1,56,3,3475.92804072896,1426.27152461049,0,0,0,179,0,0,0
1,56,4,3607.16581600806,1027.57400439062,0,0,0,133,0,0,0
1,56,5,3871.45466127528,1402.45940752607,0,0,0,104,0,0,0
1,56,6,4102.5829406797,1497.27806500147,0,0,0,121,0,0,0
1,56,7,19939.3834630358,6499.65540894141,25,0,0,308,0,0,0
1,56,8,0,2,0,0,0,0,0,0,0
1,57,1,3555.88380161984,2305.36437100087,0,0,0,134,0,0,0
1,57,2,3649.09091359227,881.992413908594,0,0,0,137,0,0,0
1,57,3,3508.68589299856,1058.14908927589,0,0,0,142,0,0,0
1,57,4,3628.78415633566,1026.09218027029,0,0,0,102,0,0,0
1,57,5,3907.20005600782,1483.0202526083,0,0,0,140,0,0,0
1,57,6,4161.97375728666,2394.96684941118,0,0,0,149,0,0,0
1,57,7,19987.0061747148,6597.60259286278,31,0,0,176,0,0,0
1,57,8,0,2,0,0,0,0,0,0,0
1,58,1,3589.36169594902,1006.96402990861,5,0,0,169,0,0,0
1,58,2,3645.09298075399,1735.92968380688,0,0,0,88,0,0,0
1,58,3,3508.79976692268,526.215492534304,0,0,0,105,0,0,0
1,58,4,3634.23404077755,1504.91726411347,0,0,0,102,0,0,0
1,58,5,3933.14561454565,1444.17899836263,0,0,0,148,0,0,0
1,58,6,4212.05103594686,2268.66090256928,3,0,0,187,0,0,0
1,58,7,20029.0948278883,10468.6519756712,40,0,0,183,0,0,0
1,58,8,0,2,0,0,0,0,0,0,0
1,59,1,3588.71958543111,1369.77597226773,0,0,0,100,0,0,0
1,59,2,3658.95571738764,1319.44059927403,0,0,0,173,0,0,0
1,59,3,3494.55255550508,1146.1603498688,0,0,0,52,0,0,0
1,59,4,3648.96770206083,1066.53542670682,0,0,0,150,0,0,0
1,59,5,3948.8661965594,1135.50909798408,0,0,0,144,0,0,0
1,59,6,4262.73847482156,2619.41808720653,0,0,0,223,0,0,0
1,59,7,20084.6331042944,6307.01719855941,28,0,0,320,0,0,0
1,59,8,0,2,0,0,0,0,0,0,0
1,60,1,3612.44237714921,2054.0968212374,0,0,0,136,0,0,0
1,60,2,3672.02030422852,1172.44148889161,0,0,0,131,0,0,0
1,60,3,3505.29798673335,411.918579438952,0,0,0,114,0,0,0
1,60,4,3658.76780582706,948.172638507624,0,0,0,106,0,0,0
1,60,5,3965.31866149965,2932.61828476193,0,0,0,113,0,0,0
1,60,6,4313.0384335279,3325.80798391501,15,0,0,166,0,0,0
1,60,7,20126.0136507366,9612.16512186552,75,0,0,173,0,0,0
1,60,8,0,2,0,0,0,0,0,0,0
1,61,1,3651.60338388809,461.42892897491,0,0,0,200,0,0,0
1,61,2,3672.57315560559,1861.93911777377,0,0,0,117,0,0,0
1,61,3,3492.3165593546,2065.53618743833,0,0,0,41,0,0,0
1,61,4,3690.17482654428,2425.09204782142,0,0,0,94,0,0,0
1,61,5,4029.31955831032,1776.12105064648,1,0,0,256,0,0,0
1,61,6,4368.95388266995,1717.6772221155,7,0,0,178,0,0,0
1,61,7,20179.958400543,7584.9026957185,37,0,0,221,0,0,0
1,61,8,0,2,0,0,0,0,0,0,0
1,62,1,3638.09188130817,1708.789933207,0,0,0,46,0,0,0
1,62,2,3690.22041199634,2110.83407153193,4,0,0,170,0,0,0
1,62,3,3521.04238903431,1726.74500718186,11,0,0,163,0,0,0
1,62,4,3727.23628126594,1105.73573261258,17,0,0,177,0,0,0
1,62,5,4058.08799839151,1304.16361935015,7,0,0,150,0,0,0
1,62,6,4418.90141846207,1013.59321237501,4,0,0,156,0,0,0
1,62,7,20227.4406593887,5563.77251891534,140,0,0,224,0,0,0
1,62,8,0,2,0,0,0,0,0,0,0
1,63,1,3624.21134844036,1464.58636295365,0,77,0,93,0,0,0
1,63,2,3671.90039184957,1443.40639440591,0,126,0,85,0,0,0
1,63,3,3515.39586942656,1531.92169475434,0,84,0,88,0,0,0
1,63,4,3710.66943868967,1211.28156961686,0,53,0,57,0,0,0
1,63,5,4040.98801848591,1152.08208128859,0,82,0,48,0,0,0
1,63,6,4417.89490580322,2899.21792769488,0,46,0,55,0,0,0
1,63,7,20243.618474867,10389.7845577362,0,244,0,187,0,0,4
1,63,8,0,2,0,0,0,0,0,0,0
1,64,1,3642.98997159124,1778.52985956795,0,0,0,146,0,0,0
1,64,2,3703.33000752322,715.541961906359,0,0,0,144,0,0,0
1,64,3,3548.30024206013,1621.08392737559,0,0,0,153,0,0,0
1,64,4,3731.68589274618,1878.86040844867,0,0,0,121,0,0,0
1,64,5,4062.43278903079,2278.51825878263,0,0,0,115,0,0,0
1,64,6,4498.76015265717,2962.48632141517,1,0,0,204,0,0,0
1,64,7,20310.695328143,9585.47640541958,20,2,0,240,0,0,0
1,64,8,0,2,0,0,0,0,0,0,0
1,65,1,3715.33909313684,727.750131108506,0,0,0,177,0,0,0
1,65,2,3724.80000469488,897.785397832452,0,0,0,71,0,0,0
1,65,3,3602.17091890362,537.829929787071,0,0,0,162,0,0,0
1,65,4,3812.28635406464,1266.46590059738,0,0,0,185,0,0,0
1,65,5,4158.35969924577,1104.94581667862,0,0,0,203,0,0,0
1,65,6,4627.19159864922,891.352769619652,0,0,0,268,0,0,2
1,65,7,20406.2373646892,9632.38333090813,24,0,0,222,0,0,0
1,65,8,0,2,0,0,0,0,0,0,0
1,66,1,3736.03222280501,1527.75778581182,0,0,0,72,0,0,0
1,66,2,3763.28342681197,2087.43043887873,0,0,0,89,0,0,0
1,66,3,3610.31765202154,1458.99312488357,0,0,0,53,0,0,0
1,66,4,3899.38812429242,1841.13621325447,0,0,0,126,0,0,0
1,66,5,4218.42820289397,1537.8854960117,0,0,0,110,0,0,0
1,66,6,4692.49768491557,909.782343757927,0,0,0,89,0,0,0
1,66,7,20512.1118489917,10944.0703580239,30,0,0,207,0,0,3
1,66,8,0,2,0,0,0,0,0,0,0
1,67,1,3756.62238054121,1249.27342299062,0,0,0,152,0,0,0
1,67,2,3806.7783708886,2149.75185163789,0,0,0,207,0,0,0
1,67,3,3624.75263107842,1449.20335853276,0,0,0,145,0,0,0
1,67,4,3939.30767280861,1001.04087173329,0,0,0,184,0,0,0
1,67,5,4248.47219443856,1013.92512892276,0,0,0,153,0,0,0
1,67,6,4714.30880727287,1281.88985863069,0,0,0,90,0,0,0
1,67,7,20556.3292785326,6080.27617810978,33,0,0,207,0,0,4
1,67,8,0,2,0,0,0,0,0,0,0
1,68,1,3795.01814383035,1957.60962968452,0,0,0,124,0,0,0
1,68,2,3851.30754042289,2305.66816645113,14,0,0,169,0,0,0
1,68,3,3664.12162893489,492.587270265902,0,0,0,144,0,0,0
1,68,4,3960.02258831084,1421.18737825997,0,0,0,100,0,0,0
1,68,5,4278.89564934726,1671.28798703082,0,0,0,101,0,0,0
1,68,6,4777.83200630005,2157.70374825325,0,0,0,128,0,0,0
1,68,7,20613.7610895336,10074.9281924954,143,0,0,172,0,0,0
1,68,8,0,2,0,0,0,0,0,0,0
1,69,1,3886.13502138975,1234.68019213176,0,0,0,195,0,0,0
1,69,2,3942.05858095674,2021.80511557422,0,0,0,230,0,0,0
1,69,3,3676.60450117893,1658.01706542561,0,0,0,49,0,0,0
1,69,4,4068.32465449602,1262.46642275087,0,0,0,142,0,0,0
1,69,5,4384.63957906028,1532.60358423217,0,0,0,167,0,0,0
1,69,6,4917.17663877119,1739.86851048773,1,0,0,184,0,0,0
1,69,7,20740.822433045,6169.32621478816,46,0,0,192,0,0,0
1,69,8,0,2,0,0,0,0,0,0,0
1,70,1,3912.95529785327,1202.63021243009,0,0,0,123,0,0,0
1,70,2,3980.13156139649,2177.09562367781,19,0,0,162,0,0,0
1,70,3,3721.97124412533,850.755945985747,6,0,0,153,0,0,0
1,70,4,4100.24644023648,2855.85650687984,0,0,0,126,0,0,0
1,70,5,4429.17134517027,1746.36213848732,0,0,0,153,0,0,0
1,70,6,4995.96728643968,1607.10741623909,12,0,0,147,0,0,0
1,70,7,20829.0751230264,10344.7295882679,186,0,0,226,0,0,0
1,70,8,0,2,0,0,0,0,0,0,0
1,71,1,3934.00099403769,1744.43679614173,0,0,0,120,0,0,0
1,71,2,4046.34147264939,2591.66199202337,0,0,0,217,0,0,0
1,71,3,3727.92173698997,1476.42574206899,0,0,0,85,0,0,0
1,71,4,4144.47212845316,1633.39048222905,5,0,0,180,0,0,0
1,71,5,4474.30302935774,951.601985368605,0,0,0,174,0,0,0
1,71,6,5059.43289703092,2386.13581474384,0,0,0,160,0,0,0
1,71,7,20872.9792075947,9771.80914226044,53,0,0,170,0,0,0
1,71,8,0,2,0,0,0,0,0,0,0
1,72,1,3984.30476408153,1148.87394880817,0,0,0,174,0,0,0
1,72,2,4084.70708897704,1550.09091323559,5,0,0,165,0,0,0
1,72,3,3756.32378292717,888.116691640351,0,0,0,147,0,0,0
1,72,4,4182.58344916424,1799.5379119682,0,0,0,163,0,0,0
1,72,5,4484.77848773211,471.009785993972,0,0,0,95,0,0,0
1,72,6,5114.89618868317,953.317899116142,2,0,0,187,0,0,0
1,72,7,20922.572169774,6067.45493550683,44,0,0,186,0,0,0
1,72,8,0,2,0,0,0,0,0,0,0
1,73,1,4020.98544667608,1765.74336012468,0,0,0,114,0,0,0
1,73,2,4134.12179393154,2176.38711164879,9,0,0,143,0,0,0
1,73,3,3770.87917643935,1238.31584618593,1,0,0,87,0,0,0
1,73,4,4221.20250538543,2052.7563122827,41,0,0,126,0,0,0
1,73,5,4489.26686955091,1182.58404323397,0,0,0,47,0,0,0
1,73,6,5166.35753746374,1167.92571224596,0,0,0,95,0,0,0
1,73,7,21000.198639936,6009.20111515957,201,2,0,200,0,0,1
1,73,8,0,2,0,0,0,0,0,0,0
1,74,1,4066.86510775564,250.014944340342,32,0,0,122,0,0,0
1,74,2,4185.83025543238,467.816720939748,40,0,0,149,0,0,0
1,74,3,3805.02660199459,1864.52812945458,0,0,0,123,0,0,0
1,74,4,4258.54313315822,1674.05900111494,37,0,0,142,0,0,0
1,74,5,4541.44805826965,2309.48818695027,0,0,0,118,0,0,0
1,74,6,5244.80698641259,1811.92489902666,0,0,0,116,0,0,0
1,74,7,21100.3068377146,5167.47890982665,224,0,0,220,0,0,0
1,74,8,0,2,0,0,0,0,0,0,0
1,75,1,4054.12290030437,1852.14157402736,0,0,0,25,0,0,0
1,75,2,4170.22556810972,2038.53100460309,0,0,0,46,0,0,0
1,75,3,3841.61012587714,1746.42998904777,23,0,0,145,0,0,0
1,75,4,4313.57012256964,2125.56111056248,7,0,0,154,0,0,0
1,75,5,4568.75712106489,1826.19754037075,47,0,0,146,0,0,0
1,75,6,5288.06108292834,2209.83839399455,30,0,0,127,0,0,0
1,75,7,21162.5421139752,9979.27228594573,178,0,0,196,0,0,0
1,75,8,0,2,0,0,0,0,0,0,0
1,76,1,4138.13229976141,1856.50825634183,0,0,0,185,0,0,0
1,76,2,4214.37045506331,1879.82515335426,2,0,0,169,0,0,0
1,76,3,3889.82156822531,1700.58763790207,0,0,0,174,0,0,0
1,76,4,4467.51115151654,2029.88067396228,1,0,0,194,0,0,0
1,76,5,4658.94864900503,1833.77914886092,0,0,0,182,0,0,0
1,76,6,5423.36309982436,1892.51841263851,2,0,0,184,0,0,0
1,76,7,21314.0191055382,11383.5055795643,42,0,0,277,0,0,0
1,76,8,0,2,0,0,0,0,0,0,0
1,77,1,4184.27845615915,1821.51204338131,0,0,0,185,0,0,0
1,77,2,4268.51423861405,1474.19206708277,0,0,0,183,0,0,0
1,77,3,3917.43414131081,604.257807948697,0,0,0,170,0,0,0
1,77,4,4462.41562972415,2660.51178674494,1,0,0,178,0,0,0
1,77,5,4716.53920247562,1020.62181518233,0,0,0,183,0,0,0
1,77,6,5516.59350879376,2531.27720057704,0,0,0,179,0,0,0
1,77,7,21384.3819682568,10329.0617398009,47,0,0,169,0,0,0
1,77,8,0,2,0,0,0,0,0,0,0
1,78,1,4228.53487533344,2080.15699595592,0,0,0,182,0,0,0
1,78,2,4295.3694716982,2160.86943903659,0,0,0,147,0,0,0
1,78,3,3896.61162886611,1817.45976153696,0,0,0,60,0,0,0
1,78,4,4531.29597495069,2352.69828423881,0,2,0,231,0,0,0
1,78,5,4718.83181159646,2224.24594644386,0,0,0,102,0,0,0
1,78,6,5583.19233704045,2550.42427625763,0,1,0,234,0,0,0
1,78,7,21432.8437874517,8233.470446451,0,55,0,207,0,0,0
1,78,8,0,2,0,0,0,0,0,0,0
1,79,1,4249.03278864068,382.61929870242,0,25,0,132,0,0,0
1,79,2,4326.68403823743,1440.99480139824,0,18,0,159,0,0,0
1,79,3,3934.97030917,2217.44950678658,0,11,0,148,0,0,0
1,79,4,4629.5104978124,1484.21655342502,0,20,0,173,0,0,0
1,79,5,4765.3606555916,1035.19490089705,0,22,0,154,0,0,0
1,79,6,5664.13562834649,2723.06578368981,0,30,0,165,0,0,0
1,79,7,21504.2787598624,6608.39584243517,0,190,0,211,0,0,1
1,79,8,0,2,0,0,0,0,0,0,0
1,80,1,4209.76782119375,1553.91558292144,0,0,0,38,0,0,0
1,80,2,4335.82425432279,1587.58282165339,0,0,0,144,0,0,0
1,80,3,3949.31320963962,1337.41294281491,4,0,0,168,0,0,0
1,80,4,4562.43744332767,1817.34873057958,0,0,0,148,0,0,0
1,80,5,4772.49141133833,1391.86814612649,0,0,0,103,0,0,0
1,80,6,5735.14084985208,2730.6000008443,5,0,0,194,0,0,0
1,80,7,21547.7809244966,8281.77687604361,35,0,0,187,0,0,0
1,80,8,0,2,0,0,0,0,0,0,0
1,81,1,4256.99850935554,1421.85768323912,0,0,0,155,0,0,0
1,81,2,4373.78119645928,1661.94580416155,0,0,0,158,0,0,0
1,81,3,3965.45700577558,1563.92440494911,0,0,0,133,0,0,0
1,81,4,4640.64995789127,2548.18748563216,0,0,0,181,0,0,0
1,81,5,4839.41194693225,1675.94022573673,0,0,0,139,0,0,0
1,81,6,5860.85309252394,3768.70614560309,2,0,0,222,0,0,0
1,81,7,21629.3476462106,10350.4431864367,29,0,0,189,0,0,1
1,81,8,0,2,0,0,0,0,0,0,0
1,82,1,4329.46452460518,2111.03406449322,0,0,0,142,0,0,0
1,82,2,4443.57829580549,2481.39688699916,0,0,0,166,0,0,0
1,82,3,4020.77551297337,1408.5429993848,0,0,0,156,0,0,0
1,82,4,4715.79725768458,2507.70789309709,0,5,0,176,0,0,0
1,82,5,4915.18348657398,2208.02463810127,0,0,0,167,0,0,0
1,82,6,6007.16095864239,2926.70834587102,0,11,0,200,0,0,0
1,82,7,21727.057698285,13931.9886157701,0,54,0,183,0,0,0
1,82,8,0,2,0,0,0,0,0,0,0
1,83,1,4336.75832866137,2170.48938322165,0,19,0,144,0,0,0
1,83,2,4449.63563159483,2171.14551462319,0,24,0,164,0,0,0
1,83,3,4002.82343901541,1353.41677162423,0,0,0,140,0,0,0
1,83,4,4742.7247488275,1711.37596087278,0,26,0,157,0,0,0
1,83,5,4928.75146284659,2351.77247396096,0,21,0,145,0,0,0
1,83,6,6054.29320349229,2265.30925072583,0,39,0,156,0,0,0
1,83,7,21805.9167277689,6993.07488788183,0,294,0,322,0,0,0
1,83,8,0,2,0,0,0,0,0,0,0
1,84,1,4419.87504132629,814.284403005005,0,0,0,217,0,0,0
1,84,2,4542.7379606006,1638.87161602247,0,0,0,201,0,0,1
1,84,3,4043.44575880114,1171.27585953639,0,0,0,135,0,0,0
1,84,4,4819.23291705448,1637.47456165763,0,0,0,171,0,0,0
1,84,5,5034.47568081824,3472.09863744835,4,0,0,184,0,0,0
1,84,6,6222.21251079401,2272.1962933213,2,0,0,193,0,0,0
1,84,7,21927.8004534322,10708.0185703633,43,0,0,191,0,0,0
1,84,8,0,2,0,0,0,0,0,0,0
1,85,1,4411.51482717354,2068.24278655613,0,0,0,81,0,0,0
1,85,2,4552.20955927803,1309.12588449353,0,0,0,163,0,0,0
1,85,3,4042.59800382749,918.224595559675,0,0,0,117,0,0,0
1,85,4,4839.77147290388,1852.94414527756,0,0,0,163,0,0,0
1,85,5,5087.34386523106,2218.3403753344,0,6,0,204,0,0,0
1,85,6,6319.4850773736,1781.42785673756,0,0,0,219,0,0,0
1,85,7,22019.2618100328,15927.6322897897,0,33,0,232,0,0,1
1,85,8,0,2,0,0,0,0,0,0,0
1,86,1,4422.15840485975,1864.47860347018,0,3,0,170,0,0,0
1,86,2,4530.75207407859,2470.07246257297,0,0,0,130,0,0,0
1,86,3,4026.06091797439,1622.15976250898,0,0,0,91,0,0,0
1,86,4,4853.19199851373,2652.17797736478,0,2,0,166,0,0,0
1,86,5,5153.92086533535,2720.92654916546,0,2,0,201,0,0,0
1,86,6,6369.90440472588,1114.53221181671,0,0,0,178,0,0,0
1,86,7,22058.7205039546,7994.6897352002,0,144,0,204,0,0,0
1,86,8,0,2,0,0,0,0,0,0,0
1,87,1,4423.70873409158,2315.84983780706,0,28,0,122,0,0,0
1,87,2,4542.14095911272,1783.59588185185,0,41,0,152,0,0,0
1,87,3,4020.1253980333,1751.89323750458,0,11,0,136,0,0,0
1,87,4,4884.02075547657,1642.30106615531,0,51,0,147,0,0,0
1,87,5,5223.79683011254,2583.41135829293,0,49,0,159,0,0,0
1,87,6,6396.97065230781,3458.16227049419,0,0,0,111,0,0,0
1,87,7,22185.0890996457,9173.8413754845,0,236,0,255,0,0,0
1,87,8,0,2,0,0,0,0,0,0,0
1,88,1,4586.19320834985,1658.0189143115,0,0,0,210,0,0,0
1,88,2,4641.33374880955,2495.92698295819,0,0,0,178,0,0,0
1,88,3,4104.53014128386,2012.31955188144,0,0,0,175,0,0,0
1,88,4,5061.77202312982,2184.37178675503,0,0,0,164,0,0,0
1,88,5,5450.75492602586,2244.12922813215,0,0,0,234,0,0,0
1,88,6,6664.74006272125,2609.80803590384,5,0,0,207,0,0,0
1,88,7,22430.2603138879,8023.68911580724,25,0,0,259,0,0,0
1,88,8,0,2,0,0,0,0,0,0,0
1,89,1,4659.38051073656,1549.91069964543,0,0,0,165,0,0,0
1,89,2,4733.76099184873,2335.2331236728,1,0,0,217,0,0,0
1,89,3,4184.88484827719,1386.84689761128,0,0,0,200,0,0,0
1,89,4,5185.48952345765,3273.25420542818,0,0,0,189,0,0,4
1,89,5,5532.79554067689,1233.57415888456,1,0,0,191,0,0,0
1,89,6,6833.91074352914,3359.53358513886,2,0,0,204,0,0,0
1,89,7,22561.364121539,10171.7922200536,22,0,0,222,0,0,2
1,89,8,0,2,0,0,0,0,0,0,0
1,90,1,4722.93592346799,1835.13098230908,0,0,0,154,0,0,0
1,90,2,4815.25413590476,317.864783300641,0,1,0,207,0,0,0
1,90,3,4202.69464220939,1291.81726900724,0,0,0,138,0,0,0
1,90,4,5254.15200534332,1887.15739060608,0,7,0,200,0,0,0
1,90,5,5577.47907913644,981.51484169792,0,0,0,123,0,0,0
1,90,6,7044.24689310667,2143.44818882662,0,5,0,229,0,0,0
1,90,7,22660.0348780687,4968.09836522274,0,46,0,232,0,0,0
1,90,8,0,2,0,0,0,0,0,0,0
1,91,1,4709.9817771028,1339.14719550124,0,131,0,52,0,0,0
1,91,2,4773.99410088333,2239.79509866411,0,8,0,23,0,0,0
1,91,3,4187.93948091927,2453.82296214703,0,71,0,58,0,0,0
1,91,4,5255.96776711655,3424.52701100366,0,92,0,96,0,0,0
1,91,5,5574.77048988385,1898.81379460489,0,44,0,54,0,0,0
1,91,6,7137.64013319388,3958.24631736896,0,93,0,121,0,0,0
1,91,7,22745.8927846223,10448.1743418505,0,254,0,242,0,0,0
1,91,8,0,2,0,0,0,0,0,0,0
1,92,1,4707.17183771434,1865.00505679395,0,0,0,133,0,0,0
1,92,2,4831.59043976162,2058.82183314662,1,0,0,172,0,0,0
1,92,3,4236.69763098632,2288.91220811864,0,0,0,217,0,0,0
1,92,4,5295.37750084549,2361.89675084854,4,0,0,205,0,0,0
1,92,5,5659.61532253325,1440.0637013703,0,0,0,189,0,0,0
1,92,6,7326.20539716023,3471.26060343943,2,1,0,259,0,0,0
1,92,7,22814.064139795,7170.42321004206,29,0,0,198,0,0,0
1,92,8,0,2,0,0,0,0,0,0,0
1,93,1,4787.02361425596,1792.17030222095,0,0,0,186,0,0,0
1,93,2,4949.00236236229,2465.96157790989,0,0,0,205,0,0,0
1,93,3,4332.84153950996,2038.55684807316,2,0,0,188,0,0,0
1,93,4,5429.13722684861,1977.27636113815,0,1,0,179,0,0,0
1,93,5,5759.77879664402,3473.12127730829,0,0,0,144,0,0,0
1,93,6,7594.00128748911,3929.28504481935,5,0,0,279,0,0,0
1,93,7,22914.7737280309,8693.1100128823,39,0,0,188,0,0,0
1,93,8,0,2,0,0,0,0,0,0,0
1,94,1,4904.34024982408,2123.56746706714,0,0,0,179,0,0,0
1,94,2,5116.7708728843,1339.36570722775,1,0,0,225,0,0,0
1,94,3,4416.31095320783,1261.46841211334,0,0,0,203,0,0,0
1,94,4,5555.96850548895,2181.48533451931,1,0,0,178,0,0,0
1,94,5,5901.73445671844,2770.6475920143,9,0,0,177,0,0,1
1,94,6,7897.44413981379,3540.38977835475,11,0,0,192,0,0,0
1,94,7,23075.00135337,8739.8057355444,37,0,0,227,0,0,0
1,94,8,0,2,0,0,0,0,0,0,0
1,95,1,5088.95165634576,3495.83053098719,0,0,0,192,0,0,0
1,95,2,5230.60276914322,1914.48797668668,0,0,0,133,0,0,0
1,95,3,4512.9302494718,2056.34438827954,0,0,0,126,0,0,0
1,95,4,5749.59926879211,2621.81226642064,1,0,0,199,0,0,0
1,95,5,6120.50018819574,4965.75361605474,4,0,0,202,0,0,0
1,95,6,8322.22034802221,4581.66897851459,9,0,0,196,0,0,0
1,95,7,23224.8906179153,14215.097152946,43,0,0,166,0,0,0
1,95,8,0,2,0,0,0,0,0,0,0
1,96,1,5127.21612478522,1733.16442698023,3,0,0,240,0,0,0
1,96,2,5231.54356124091,2198.32251357904,0,0,0,191,0,0,0
1,96,3,4565.10442327682,1067.38810338155,0,0,0,205,0,0,0
1,96,4,5802.72429886725,1812.34777195527,1,0,0,214,0,0,0
1,96,5,6165.26385618553,3989.53123389177,10,0,0,188,0,0,0
1,96,6,8447.72185297715,2838.08816255054,8,0,0,219,0,0,0
1,96,7,23265.5356504484,8996.96553377329,40,0,0,202,0,0,1
1,96,8,0,2,0,0,0,0,0,0,0
1,97,1,5119.66236197663,1556.03377808226,0,83,0,90,0,0,0
1,97,2,5238.31028651624,2160.69453644732,0,112,0,107,0,0,0
1,97,3,4564.98065494101,1474.71598487465,0,49,0,57,0,0,0
1,97,4,5823.68168110103,2420.58309423289,0,97,0,84,0,0,0
1,97,5,6245.23035093543,1821.07152972719,0,209,0,189,0,0,0
1,97,6,8637.28755949547,4391.59871166719,0,131,0,152,0,0,0
1,97,7,23330.3572633716,8574.66442810779,9,147,0,179,0,0,0
1,97,8,0,2,0,0,0,0,0,0,0
1,98,1,5213.59312644552,1702.66262086455,0,0,0,155,0,0,0
1,98,2,5393.58307308481,4454.2803309616,0,0,0,212,0,0,0
1,98,3,4617.5621454376,1897.12162001502,0,0,0,147,0,0,0
1,98,4,5979.36888757257,2011.55468912143,1,0,0,198,0,0,0
1,98,5,6377.17246085078,2181.43474456464,0,0,0,182,0,0,0
1,98,6,8838.4830288667,4509.47897092655,9,0,0,188,0,0,0
1,98,7,23431.1525531546,13923.7455101109,24,0,0,212,0,0,0
1,98,8,0,2,0,0,0,0,0,0,0
1,99,1,5264.01477198115,3310.6399008229,0,0,0,170,0,0,0
1,99,2,5537.66642487325,3164.34864338574,4,0,0,222,0,0,0
1,99,3,4704.40313476537,1675.51603284357,0,0,0,189,0,0,0
1,99,4,6036.1643655574,1428.51936906465,0,0,0,192,0,0,0
1,99,5,6520.17840146039,1288.86469310177,0,0,0,211,0,0,0
1,99,6,9063.71434473926,3224.08233711306,5,0,0,187,0,0,0
1,99,7,23534.7524238243,12548.3662494989,24,0,0,256,0,0,0
1,99,8,0,2,0,0,0,0,0,0,0
1,100,1,5404.17865643113,3041.80438418996,0,0,0,303,0,0,0
1,100,2,5638.43587004172,1070.54488647946,2,0,0,208,0,0,1
1,100,3,4784.81651546288,2078.1744608154,0,0,0,167,0,0,0
1,100,4,6096.98488513661,3254.41844665925,0,0,0,142,0,0,0
1,100,5,6627.01291611192,2254.38515239778,0,0,0,128,0,0,0
1,100,6,9375.21870714634,4665.13817212882,2,0,0,189,0,0,1
1,100,7,23624.8993802726,9215.87451437859,23,0,0,184,0,0,4
1,100,8,0,2,0,0,0,0,0,0,0
2,1,1,2880.952,747.883178922653,41,0,0,48,0,0,0
2,1,2,2872.928,905.464753537548,20,0,0,17,0,0,0
2,1,3,2876.88,473.12099685877,22,0,0,53,0,0,0
2,1,4,2873.312,1459.97754864868,19,0,0,41,0,0,0
2,1,5,2868.41888,940.503860458418,14,0,0,35,0,0,0
2,1,6,2870.144,1584.26044635196,14,0,0,22,0,0,0
2,1,7,19702.2108799999,7303.94978676128,27,0,0,34,0,0,0
2,1,8,0,6,2,0,0,5,0,0,0
2,2,1,2889.592,598.633412693082,0,0,0,74,0,0,0
2,2,2,2883.84,1242.3289749904,0,0,0,90,0,0,0
2,2,3,2880.28,1887.9611089528,0,0,0,47,0,0,0
2,2,4,2891.3904,821.524269183804,0,0,0,145,0,0,0
2,2,5,2877.52288,1495.46174168213,0,0,0,94,0,0,0
2,2,6,2891.2336,1424.4757650013,0,0,0,158,0,0,0
2,2,7,19680.1903999999,9984.40896116918,2,18,0,201,0,0,0
2,2,8,0,6,0,0,0,0,0,0,0
2,3,1,2895.544,1556.35032460615,0,0,0,59,0,0,0
2,3,2,2901.328,447.90614756045,0,0,0,124,0,0,0
2,3,3,2909.8,980.525835208548,0,0,0,180,0,0,0
2,3,4,2900.04608,1517.48405515351,0,0,0,82,0,0,0
2,3,5,2894.59648,1384.53621369502,0,0,0,149,0,0,0
2,3,6,2909.88799999999,1713.35667730885,0,0,0,142,0,0,0
2,3,7,19677.4767999999,9915.13217106945,29,1,0,286,0,0,0
2,3,8,0,6,0,0,0,0,0,0,0
2,4,1,2919.864,612.980549181239,0,0,0,155,0,0,0
2,4,2,2902.393216,1128.60953578017,0,0,0,44,0,0,0
2,4,3,2921.68159999999,850.535982991476,0,0,0,98,0,0,0
2,4,4,2921.06847999999,698.066018734053,0,0,0,151,0,0,0
2,4,5,2910.628416,1354.29648301134,0,0,0,138,0,0,0
2,4,6,2934.55199999999,1503.90239250116,0,0,0,171,0,0,0
2,4,7,19663.3687039999,10161.5956815122,32,0,0,234,0,0,0
2,4,8,0,6,0,0,0,0,0,0,0
2,5,1,2927.2576,1500.14914917055,0,0,0,61,0,0,0
2,5,2,2917.88845824,1226.7726872472,0,0,0,112,0,0,0
2,5,3,2930.7664,1144.87640347718,0,0,0,85,0,0,0
2,5,4,2922.62048,1254.48221428544,0,0,0,69,0,0,0
2,5,5,2928.7099392,630.886630794233,0,0,0,135,0,0,0
2,5,6,2961.32,778.685824150529,0,0,0,150,0,0,0
2,5,7,19634.0972927998,8093.20367808759,35,0,0,182,0,0,1
2,5,8,0,6,0,0,0,0,0,0,0
2,6,1,2949.0112,1265.98067485612,0,0,0,150,0,0,0
2,6,2,2931.24205824,644.394709859455,0,0,0,122,0,0,0
2,6,3,2942.58912,1650.42025497671,0,0,0,114,0,0,0
2,6,4,2935.79008,1056.32317574926,0,0,0,125,0,0,0
2,6,5,2932.88111104,1391.16378164768,0,0,0,63,0,0,0
2,6,6,2962.69568,1540.07125241306,0,0,0,77,0,0,0
2,6,7,19605.6137727997,5812.35742343926,101,0,0,220,0,0,0
2,6,8,0,6,0,0,0,0,0,0,0
2,7,1,2964.2912,997.966780442048,0,0,0,126,0,0,0
2,7,2,2932.94765824,865.383536760371,0,0,0,64,0,0,0
2,7,3,2960.29568,954.354824730684,0,0,0,165,0,0,0
2,7,4,2945.98688,1121.38181843807,0,0,0,105,0,0,0
2,7,5,2946.12431104,1155.07571433736,0,0,0,139,0,0,0
2,7,6,2979.4512,992.01527590674,0,0,0,153,0,0,0
2,7,7,19572.7328767997,7731.59088644697,157,0,0,167,0,0,0
2,7,8,0,6,0,0,0,0,0,0,0
2,8,1,2967.20448,1799.39764530812,0,0,0,99,0,0,0
2,8,2,2934.76045824,1539.63375211822,0,0,0,86,0,0,0
2,8,3,2963.1699328,893.005555829982,0,0,0,95,0,0,0
2,8,4,2954.378496,1185.60694966857,0,0,0,112,0,0,0
2,8,5,2951.48079104,1854.31473232197,0,0,0,115,0,0,0
2,8,6,2981.74848,2013.77114230818,0,0,0,99,0,0,0
2,8,7,19556.2766207997,5595.77861503009,62,0,0,174,0,0,0
2,8,8,0,6,0,0,0,0,0,0,0
2,9,1,2964.32704,1621.18232394911,118,0,0,61,0,0,0
2,9,2,2929.37965824,1140.23315129478,72,0,0,81,0,0,0
2,9,3,2958.01153280001,730.06590417112,41,0,0,48,0,0,0
2,9,4,2945.5133312,1439.64518677802,68,0,0,50,0,0,0
2,9,5,2950.10287104001,1289.53807788285,99,0,0,86,0,0,0
2,9,6,2986.060224,660.593229583371,94,0,0,107,0,0,0
2,9,7,19561.5708287996,6278.00697868608,273,0,0,284,0,0,0
2,9,8,0,6,0,0,0,0,0,0,0
2,10,1,2978.344896,1088.33204615192,0,2,0,156,0,0,0
2,10,2,2939.15853824001,1020.27920077255,0,0,0,114,0,0,0
2,10,3,2958.55981824001,1431.20534614086,0,0,0,73,0,0,0
2,10,4,2960.20695040001,940.121865670905,0,0,0,143,0,0,0
2,10,5,2962.51265024001,1863.71382192883,0,0,0,128,0,0,0
2,10,6,2991.595584,1011.51449209789,0,0,0,66,0,0,0
2,10,7,19510.2546047995,6846.73700277599,0,167,0,159,0,0,0
2,10,8,0,6,0,0,0,0,0,0,0
2,11,1,2982.49689600001,496.078186692093,0,0,0,108,0,0,0
2,11,2,2941.72045824001,1354.89602619126,0,0,0,102,0,0,0
2,11,3,2968.81562624001,1312.53411717233,0,0,0,143,0,0,0
2,11,4,2961.56496640001,1088.84164969892,0,0,0,94,0,0,0
2,11,5,2988.60506624001,964.586423977135,0,0,0,186,0,0,0
2,11,6,3004.9509248,1238.06502677385,0,0,0,101,0,0,0
2,11,7,19492.7958527994,8624.60648873501,29,0,0,191,0,0,0
2,11,8,0,6,0,0,0,0,0,0,0
2,12,1,2969.42297600001,1243.97368611956,0,0,0,49,0,0,0
2,12,2,2952.60351744001,1278.71788100495,0,0,0,135,0,0,0
2,12,3,2974.73562624001,1556.68513897206,0,0,0,131,0,0,0
2,12,4,2961.06095104001,1575.78935646244,0,0,0,108,0,0,0
2,12,5,2993.33735106561,1553.91869475796,0,0,0,96,0,0,0
2,12,6,3022.79898880001,1135.39606521831,0,0,0,123,0,0,0
2,12,7,19477.3723007993,11770.5954728122,0,36,0,190,0,0,0
2,12,8,0,6,0,0,0,0,0,0,0
2,13,1,2976.33683200001,1595.88497642295,0,0,0,124,0,0,0
2,13,2,2955.87359744001,1488.7119344519,0,0,0,127,0,0,0
2,13,3,2981.28777728001,629.671443078107,0,0,0,155,0,0,0
2,13,4,2968.76044800001,1075.28210598543,0,0,0,154,0,0,0
2,13,5,3004.65901506562,913.404917564678,0,0,0,155,0,0,0
2,13,6,3033.38694400001,1647.39295842088,0,0,0,113,0,0,0
2,13,7,19467.7211135993,9602.52676455479,0,176,0,239,0,0,0
2,13,8,0,6,0,0,0,0,0,0,0
2,14,1,2994.43137280001,1825.210764846,0,0,0,159,0,0,0
2,14,2,2964.38823424001,830.648182667763,0,0,0,148,0,0,0
2,14,3,2963.97436928002,1849.92666693436,0,0,0,62,0,0,0
2,14,4,2967.12053504001,1411.28406004493,0,0,0,107,0,0,0
2,14,5,3004.47879106562,948.974235749646,0,0,0,91,0,0,0
2,14,6,3062.51798016001,1235.59645628533,0,0,0,164,0,0,0
2,14,7,19481.6728985593,2457.59261348691,35,0,0,214,0,0,0
2,14,8,0,6,0,0,0,0,0,0,0
2,15,1,2998.32545280001,1183.65235642876,0,89,0,93,0,0,0
2,15,2,2940.95341824002,593.311418784606,0,35,0,48,0,0,0
2,15,3,2961.22234163202,1023.7309883764,0,77,0,107,0,0,0
2,15,4,2951.03729408001,713.380278670503,0,68,0,73,0,0,0
2,15,5,2990.08858306562,1016.75464898165,0,53,0,41,0,0,0
2,15,6,3058.53206016001,1460.76190972336,0,54,0,69,0,0,0
2,15,7,19465.7087385592,8975.32602853917,0,128,0,117,0,0,0
2,15,8,0,6,0,0,0,0,0,0,0
2,16,1,3016.53664000001,745.969314395219,0,0,0,118,0,0,0
2,16,2,2939.33293824002,1247.65239352158,0,0,0,59,0,0,0
2,16,3,2966.76063283202,904.676036810368,0,0,0,102,0,0,0
2,16,4,2953.19676928001,879.450957623627,0,0,0,71,0,0,0
2,16,5,3001.62019471362,797.433690937371,0,0,0,101,0,0,0
2,16,6,3085.24934656002,1133.46860103865,0,0,0,146,0,0,0
2,16,7,19482.1855641592,7082.85589134959,27,0,0,168,0,0,0
2,16,8,0,6,0,0,0,0,0,0,0
2,17,1,3020.39437004802,946.629160839833,0,0,0,74,0,0,0
2,17,2,2959.51169024002,1388.71682082309,0,0,0,124,0,0,0
2,17,3,2972.12325683202,1467.78089586317,0,0,0,90,0,0,0
2,17,4,2955.12984576001,1102.50275161769,0,0,0,87,0,0,0
2,17,5,3016.94837596162,1874.23780333649,0,0,0,79,0,0,0
2,17,6,3107.24707932162,1465.59715931643,0,0,0,113,0,0,0
2,17,7,19507.3976243192,11709.2218976256,25,0,0,198,0,0,0
2,17,8,0,6,0,0,0,0,0,0,0
2,18,1,3026.67008204802,946.606802075893,0,0,0,94,0,0,0
2,18,2,2972.65761024002,1065.65120015936,0,0,0,138,0,0,0
2,18,3,2986.73393203202,1425.09286807437,0,0,0,146,0,0,0
2,18,4,2956.35930572801,881.457110568978,0,0,0,110,0,0,0
2,18,5,3042.36520284162,937.557055434165,0,0,0,171,0,0,0
2,18,6,3128.90435932162,1832.55687424365,0,0,0,146,0,0,0
2,18,7,19517.7400243192,9839.99203073013,29,0,0,198,0,0,0
2,18,8,0,6,0,0,0,0,0,0,0
2,19,1,3031.92967884802,1363.34166773515,0,0,0,94,0,0,0
2,19,2,2980.22151424003,1289.82380050418,0,0,0,106,0,0,0
2,19,3,2998.03500083202,1573.8993851541,0,0,0,142,0,0,0
2,19,4,2961.04896972802,814.844091228318,0,0,0,88,0,0,0
2,19,5,3048.56725084162,2134.05139522168,0,0,0,93,0,0,0
2,19,6,3161.85513871362,931.88720663974,0,0,0,183,0,0,0
2,19,7,19543.8850483191,7933.98021476961,27,0,0,257,0,0,2
2,19,8,0,6,0,0,0,0,0,0,0
2,20,1,3046.40603084802,812.80133823062,0,0,0,136,0,0,0
2,20,2,2989.31463168002,781.744887399828,0,0,0,128,0,0,0
2,20,3,3011.87637043202,1101.66462825889,0,0,0,157,0,0,0
2,20,4,2960.79817369602,1037.61755575494,0,0,0,81,0,0,0
2,20,5,3065.21421404162,920.572860107687,14,0,0,151,0,0,0
2,20,6,3170.89194690562,1152.67834835225,0,0,0,93,0,0,0
2,20,7,19561.7805900791,10572.1867093509,132,0,0,224,0,0,0
2,20,8,0,6,0,0,0,0,0,0,0
2,21,1,3049.97934284802,1213.37178938762,0,0,0,81,0,0,0
2,21,2,2977.69842944002,1300.47935915498,0,0,0,78,0,0,0
2,21,3,3013.34340147202,794.111359011873,0,0,0,110,0,0,0
2,21,4,2963.13132072962,155.16925817151,0,0,0,103,0,0,0
2,21,5,3067.08374620162,1657.97075744707,0,0,0,92,0,0,0
2,21,6,3189.78490777603,2042.84291768115,0,0,0,115,0,0,0
2,21,7,19579.779374079,3947.27636840328,65,0,0,201,0,0,0
2,21,8,0,6,0,0,0,0,0,0,0
2,22,1,3033.99636889602,1150.83907855815,81,0,0,32,0,0,0
2,22,2,2968.73412864002,1294.8791793846,37,0,0,89,0,0,0
2,22,3,2997.88004147202,869.084925929482,24,0,0,53,0,0,0
2,22,4,2944.12927272962,521.033728722493,3,0,0,12,0,0,0
2,22,5,3063.13181468674,1976.81205765851,77,0,0,81,0,0,0
2,22,6,3212.05799116802,1535.59095267323,59,0,0,139,0,0,0
2,22,7,19587.3136588791,5942.96322844457,197,0,0,178,0,0,0
2,22,8,0,6,0,0,0,0,0,0,0
2,23,1,3039.52508569602,1606.05237114456,0,0,0,115,0,0,0
2,23,2,2973.11968716803,1327.48979332395,0,0,0,129,0,0,0
2,23,3,2987.77014067202,1389.77543924811,0,0,0,86,0,0,0
2,23,4,2934.78450780162,1733.96087907982,0,0,0,52,0,0,0
2,23,5,3091.78422188034,1014.02196413386,0,0,0,193,0,0,0
2,23,6,3242.40841472003,1353.59286036241,0,0,0,153,0,0,0
2,23,7,19587.874120191,11226.1942274958,49,0,0,182,0,0,0
2,23,8,0,6,0,0,0,0,0,0,0
2,24,1,3049.60757739522,1472.37692714392,0,0,0,160,0,0,0
2,24,2,2975.80743065603,866.012767610033,0,0,0,132,0,0,0
2,24,3,2998.84830310402,952.35555698494,0,0,0,138,0,0,0
2,24,4,2949.01418280962,1410.90769807624,0,0,0,173,0,0,0
2,24,5,3102.04621074434,1899.1488857511,0,0,0,101,0,0,0
2,24,6,3266.72778790915,1331.98887930812,0,0,0,135,0,0,0
2,24,7,19597.7050833909,8915.70611527107,0,40,0,234,0,0,0
2,24,8,0,6,0,0,0,0,0,0,0
2,25,1,3062.7050601677,1641.50781092721,0,0,0,147,0,0,0
2,25,2,2966.93168844803,1310.40591527854,0,0,0,86,0,0,0
2,25,3,2998.17198438402,1140.07522953747,0,0,0,95,0,0,0
2,25,4,2959.56749832194,1005.10595771592,0,0,0,141,0,0,0
2,25,5,3121.18784233475,1564.01724553273,0,9,0,158,0,0,0
2,25,6,3290.39328243715,1444.1537493135,0,0,0,133,0,0,0
2,25,7,19605.8036235253,3649.62534618592,0,196,0,201,0,0,0
2,25,8,0,6,0,0,0,0,0,0,0
2,26,1,3071.0289027277,1859.69248998644,0,0,0,164,0,0,0
2,26,2,2964.74030540802,1410.42927304224,0,0,0,131,0,0,0
2,26,3,2991.67139942402,457.920242594029,0,0,0,114,0,0,0
2,26,4,2957.10644490651,911.36778313074,0,0,0,100,0,0,0
2,26,5,3129.36192444009,766.295648772903,3,0,0,146,0,0,0
2,26,6,3312.06384627715,1157.5206575391,0,0,0,144,0,0,0
2,26,7,19629.4946233333,7894.86843737099,47,0,0,202,0,0,0
2,26,8,0,6,0,0,0,0,0,0,0
2,27,1,3089.0681110733,1104.48413825301,0,0,0,185,0,0,0
2,27,2,2968.51989504002,936.431197136584,0,0,0,141,0,0,0
2,27,3,2971.9959585997,1516.2555105057,0,0,0,45,0,0,0
2,27,4,2961.42525716892,955.380538780051,0,0,0,91,0,0,0
2,27,5,3132.33521231465,2222.19299561951,0,0,0,76,0,0,0
2,27,6,3337.94685570583,1542.31800497878,0,0,0,115,0,0,0
2,27,7,19664.8809766082,5707.42536298465,36,0,0,186,0,0,0
2,27,8,0,6,0,0,0,0,0,0,0
2,28,1,3069.63866963969,992.49254568652,0,57,0,53,0,0,0
2,28,2,2946.46834944002,2172.06654043896,0,34,0,59,0,0,0
2,28,3,2959.4990395597,934.780580836993,0,85,0,66,0,0,0
2,28,4,2944.04171284892,1058.29178080296,0,46,0,49,0,0,0
2,28,5,3138.19246159465,1259.11420033506,0,101,0,121,0,0,0
2,28,6,3347.04308649495,1364.26943048118,0,57,0,97,0,0,0
2,28,7,19678.8154559682,15761.0279423317,5,172,0,182,0,0,0
2,28,8,0,6,0,0,0,0,0,0,0
2,29,1,3066.46094216808,871.104388355286,0,0,0,99,0,0,0
2,29,2,2966.06210908162,1687.10589871741,0,0,0,203,0,0,0
2,29,3,2956.4911465677,932.166698238319,0,0,0,93,0,0,0
2,29,4,2954.25447045531,1063.43058776391,0,0,0,105,0,0,0
2,29,5,3157.67318095465,1444.04639853638,0,0,0,125,0,0,0
2,29,6,3375.27438505495,637.703138366449,0,0,0,136,0,0,0
2,29,7,19718.5752639682,9618.29026384183,27,1,0,238,0,0,0
2,29,8,0,6,0,0,0,0,0,0,0
2,30,1,3062.9174124667,1234.51010652626,0,0,0,87,0,0,0
2,30,2,2988.83845775362,1045.32322354359,0,0,0,168,0,0,0
2,30,3,2953.1791998157,1497.46110772652,0,0,0,93,0,0,0
2,30,4,2965.33971743131,1056.36131856624,0,0,0,106,0,0,0
2,30,5,3185.32659530058,1301.81666197634,0,0,0,144,0,0,0
2,30,6,3388.87966858366,1104.41283879185,0,0,0,63,0,0,0
2,30,7,19755.8102367426,7472.83689151265,38,0,0,182,0,0,2
2,30,8,0,6,0,0,0,0,0,0,0
2,31,1,3055.2339773563,1574.93355401901,75,0,0,48,0,0,0
2,31,2,2978.29733314562,748.512842917791,51,0,0,53,0,0,0
2,31,3,2947.5911919821,1337.4801313147,78,0,0,71,0,0,0
2,31,4,2966.07299246491,804.874722923386,48,0,0,57,0,0,0
2,31,5,3201.13423556938,1892.04449118775,48,0,0,82,0,0,0
2,31,6,3398.85815825026,1444.70142589945,65,0,0,45,0,0,0
2,31,7,19787.5808094402,5180.21188871016,154,5,0,140,0,0,12
2,31,8,0,6,0,0,0,0,0,0,0
2,32,1,3061.76624616654,1877.07562588714,27,0,0,114,0,0,0
2,32,2,2980.25905856513,966.520717667634,0,0,0,74,0,0,0
2,32,3,2954.8533640397,778.820665968047,11,0,0,116,0,0,0
2,32,4,2968.56448123291,1587.38228430681,0,0,0,80,0,0,0
2,32,5,3225.03055722826,509.969400153086,30,0,0,141,0,0,0
2,32,6,3427.80805351574,1202.39093311143,0,0,0,144,0,0,0
2,32,7,19804.2950622401,8133.14692516468,190,0,0,210,0,0,0
2,32,8,0,6,0,0,0,0,0,0,0
2,33,1,3092.39599337883,2376.33022136777,0,0,0,182,0,0,0
2,33,2,2986.87940460136,1206.98946290731,0,0,0,96,0,0,0
2,33,3,2958.15233671579,1293.93580507552,0,0,0,77,0,0,0
2,33,4,2998.99649233799,1198.86879537108,0,0,0,158,0,0,0
2,33,5,3233.03117617892,1278.43505283559,0,0,0,50,0,0,0
2,33,6,3461.04121386339,1645.06769033511,0,0,0,120,0,0,0
2,33,7,19827.7509757121,8701.06016683564,46,0,0,176,0,0,0
2,33,8,0,6,0,0,0,0,0,0,0
2,34,1,3115.50588625717,1316.15414570759,4,0,0,173,0,0,0
2,34,2,2999.72818443879,890.938033654994,0,0,0,120,0,0,0
2,34,3,2976.23920693659,1492.55481688038,0,0,0,129,0,0,0
2,34,4,3016.42531621767,1057.46920824589,0,0,0,119,0,0,0
2,34,5,3260.97966108265,1875.56912958264,0,0,0,127,0,0,0
2,34,6,3504.70369884935,1067.35014193675,0,0,0,164,0,0,0
2,34,7,19882.4989211472,6211.00509703266,40,0,0,294,0,0,1
2,34,8,0,6,0,0,0,0,0,0,0
2,35,1,3123.35016978925,912.069195503231,0,0,0,131,0,0,0
2,35,2,2991.55955847169,659.621505678269,0,0,0,89,0,0,0
2,35,3,2986.82623797659,1642.66914391484,0,0,0,148,0,0,0
2,35,4,3022.79731852167,1397.12295308707,0,0,0,105,0,0,0
2,35,5,3292.36799891049,1012.64071072637,8,0,0,156,0,0,0
2,35,6,3524.93930674214,1987.99144065977,0,0,0,106,0,0,0
2,35,7,19881.9592731472,11517.6186552827,117,0,0,157,0,0,0
2,35,8,0,6,0,0,0,0,0,0,0
2,36,1,3123.51645782509,1215.83695710959,0,0,0,91,0,0,0
2,36,2,2981.80386684929,1229.35100052944,0,0,0,65,0,0,0
2,36,3,3000.55558228379,967.543125837235,0,0,0,164,0,0,0
2,36,4,3034.37007018887,1285.25702110115,0,0,0,139,0,0,0
2,36,5,3303.13620213353,617.894221064881,0,0,0,101,0,0,0
2,36,6,3562.11683733542,1211.2167736942,0,0,0,184,0,0,0
2,36,7,19902.9801188175,13328.1834720711,39,0,0,219,0,0,0
2,36,8,0,6,0,0,0,0,0,0,0
2,37,1,3128.57776480339,1657.70516499855,0,0,0,121,0,0,0
2,37,2,2974.36909684737,1426.09043170131,0,0,0,122,0,0,0
2,37,3,2987.97454414235,1283.44733455997,0,0,0,96,0,0,0
2,37,4,3036.77040931719,814.50313346557,0,0,0,128,0,0,0
2,37,5,3299.62006169192,1082.51520134633,0,0,0,61,0,0,0
2,37,6,3575.71007824319,2412.56287137587,0,0,0,121,0,0,0
2,37,7,19912.6289334095,9752.79204907528,0,42,0,249,0,0,0
2,37,8,0,6,0,0,0,0,0,0,0
2,38,1,3140.05151985275,2113.84074571887,0,11,0,140,0,0,0
2,38,2,2973.15638808577,506.521519521387,0,6,0,129,0,0,0
2,38,3,2987.73589399963,1721.2884291828,0,2,0,123,0,0,0
2,38,4,3023.56782054279,842.163060585654,0,0,0,81,0,0,0
2,38,5,3314.17335244802,1229.56725131082,0,0,0,108,0,0,0
2,38,6,3595.22780909835,1867.05617349497,0,45,0,142,0,0,0
2,38,7,19935.8299076431,9996.8526442417,3,203,0,227,0,0,0
2,38,8,0,6,0,0,0,0,0,0,0
2,39,1,3160.64257428624,963.525399976848,0,0,0,207,0,0,0
2,39,2,2951.11206320719,1260.14170472572,0,0,0,50,0,0,0
2,39,3,3001.15821842843,1229.94347762143,0,0,0,172,0,0,0
2,39,4,3019.44077804013,515.938614246221,0,0,0,84,0,0,0
2,39,5,3327.13591117708,1002.75195745038,0,0,0,122,0,0,0
2,39,6,3640.30441138876,1126.50706712781,0,0,0,186,0,0,0
2,39,7,19986.2912529231,7886.75065359508,28,0,0,238,0,0,0
2,39,8,0,6,0,0,0,0,0,0,0
2,40,1,3166.07053035119,701.763617201522,0,0,0,96,0,0,0
2,40,2,2950.78172894413,1060.57827225199,0,0,0,126,0,0,0
2,40,3,3007.36720061236,1045.41436957851,0,0,0,122,0,0,0
2,40,4,3011.1157998928,1159.09295429306,0,0,0,51,0,0,0
2,40,5,3335.15213377331,805.180790622859,0,0,0,100,0,0,0
2,40,6,3665.39066687234,1297.43455661657,0,0,0,112,0,0,0
2,40,7,20049.0356482854,7654.79933966019,17,0,0,222,0,0,8
2,40,8,0,6,0,0,0,0,0,0,0
2,41,1,3170.14744521138,1186.70246646638,0,0,0,70,0,0,0
2,41,2,2958.82562181396,1171.97298551167,0,0,0,106,0,0,0
2,41,3,3007.46811870004,1541.38294315403,0,0,0,104,0,0,0
2,41,4,3023.79663235975,1574.32176653458,0,0,0,115,0,0,0
2,41,5,3345.18308219412,1173.70752390417,0,0,0,80,0,0,0
2,41,6,3705.50322370974,1166.16333606918,0,0,0,129,0,0,0
2,41,7,20107.7038945266,5762.96695068048,50,0,0,203,0,0,0
2,41,8,0,6,0,0,0,0,0,0,0
2,42,1,3159.0584174028,1198.03876279672,0,52,0,66,0,0,0
2,42,2,2940.97503179028,568.710198514469,0,52,0,65,0,0,0
2,42,3,2995.12516218061,2384.92138159746,0,71,0,83,0,0,0
2,42,4,3007.66769712006,1217.01755116539,0,84,0,73,0,0,0
2,42,5,3341.58982311731,1179.09251464159,0,56,0,61,0,0,0
2,42,6,3705.14037161484,1414.24865840946,0,54,0,62,0,0,0
2,42,7,20135.489512549,11525.2190624319,3,212,0,237,0,0,0
2,42,8,0,6,0,0,0,0,0,0,0
2,43,1,3170.4862690199,1617.23463209358,0,0,0,119,0,0,0
2,43,2,2934.7810708098,1135.45395655572,0,0,0,56,0,0,0
2,43,3,3019.87909947573,503.477051656546,0,0,0,229,0,0,0
2,43,4,3024.56745798534,2238.59290940793,0,0,0,121,0,0,0
2,43,5,3360.72501364121,2191.92555946051,0,0,0,117,0,0,0
2,43,6,3743.16863179481,1004.67397976883,0,0,0,141,0,0,0
2,43,7,20171.723880549,10737.886729704,33,0,0,202,0,0,0
2,43,8,0,6,0,0,0,0,0,0,0
2,44,1,3194.72277098216,893.399156645885,0,0,0,161,0,0,0
2,44,2,2937.2963999362,908.631509608774,0,0,0,113,0,0,0
2,44,3,3012.6651398203,1575.47633009348,0,0,0,50,0,0,0
2,44,4,3064.72688763107,1289.18022212121,0,0,0,218,0,0,0
2,44,5,3398.84845335371,1679.62588637079,0,0,0,205,0,0,0
2,44,6,3769.15043668697,2002.80019045096,0,0,0,100,0,0,0
2,44,7,20233.5800031668,5322.0143935329,22,0,0,253,0,0,6
2,44,8,0,6,0,0,0,0,0,0,0
2,45,1,3191.59647479626,1836.32657594973,0,0,0,89,0,0,0
2,45,2,2930.68367921428,1301.51685872227,0,0,0,90,0,0,0
2,45,3,3023.02256105243,1052.76785006826,0,0,0,157,0,0,0
2,45,4,3075.95775761021,823.577887769935,0,0,0,128,0,0,0
2,45,5,3429.73969361571,1962.87377499964,0,0,0,167,0,0,0
2,45,6,3819.91062264061,365.255902295647,0,0,0,198,0,0,0
2,45,7,20270.5084906113,10349.2136875338,32,0,0,199,0,0,0
2,45,8,0,6,0,0,0,0,0,0,0
2,46,1,3220.74913528544,902.280956851059,0,0,0,183,0,0,0
2,46,2,2945.13734425671,710.593406811357,0,0,0,130,0,0,0
2,46,3,3026.58935205675,1446.63855776431,0,0,0,105,0,0,0
2,46,4,3072.95136507914,1442.86303208767,0,0,0,82,0,0,0
2,46,5,3478.13035414883,1081.42424380352,0,0,0,195,0,0,0
2,46,6,3819.93912611564,2200.88553425195,0,0,0,36,0,0,0
2,46,7,20325.2112675219,10072.5457932287,30,0,0,220,0,0,0
2,46,8,0,6,0,0,0,0,0,0,0
2,47,1,3231.85639273184,1697.76882130217,0,0,0,90,0,0,0
2,47,2,2952.77100879574,1221.47168681123,0,0,0,71,0,0,0
2,47,3,3048.08640812486,1134.99495080532,0,0,0,144,0,0,0
2,47,4,3093.73222685978,992.354426338255,0,0,0,144,0,0,0
2,47,5,3499.4531718524,1365.12944778394,0,0,0,108,0,0,0
2,47,6,3881.57058212018,2372.93294344294,2,0,0,172,0,0,0
2,47,7,20399.803592937,5838.29920866685,28,0,0,254,0,0,0
2,47,8,0,6,0,0,0,0,0,0,0
2,48,1,3254.46595745803,1322.88490652849,1,0,0,166,0,0,0
2,48,2,2960.54060918224,977.907488572169,0,0,0,122,0,0,0
2,48,3,3052.42649115339,1272.03171139168,0,0,0,113,0,0,0
2,48,4,3098.34209915432,809.359695298922,0,0,0,99,0,0,0
2,48,5,3525.9021553215,1353.05371263452,0,0,0,136,0,0,0
2,48,6,3924.57352119993,1385.73916294412,29,0,0,156,0,0,0
2,48,7,20424.1119664205,13998.0837124151,143,0,0,183,0,0,0
2,48,8,0,6,0,0,0,0,0,0,0
2,49,1,3261.92126243302,1417.36141505427,0,0,0,132,0,0,0
2,49,2,2950.60117800101,1243.55929892945,0,0,0,97,0,0,0
2,49,3,3048.80742285126,1645.80789836956,0,0,0,127,0,0,0
2,49,4,3085.78066815119,1192.95879222446,0,0,0,80,0,0,0
2,49,5,3533.5986237489,1537.82933143558,0,0,0,135,0,0,0
2,49,6,3953.11169887683,1554.1347146201,0,0,0,138,0,0,0
2,49,7,20449.4107850829,6769.18339904074,35,1,0,228,0,0,0
2,49,8,0,6,0,0,0,0,0,0,0
2,50,1,3277.06916019891,993.299864990754,0,0,0,141,0,0,0
2,50,2,2955.1943913329,812.111257085972,0,0,0,124,0,0,0
2,50,3,3065.76695944801,958.857566532915,0,0,0,164,0,0,0
2,50,4,3083.54856625893,1757.57244815552,0,0,0,119,0,0,0
2,50,5,3555.43591771041,2511.85280723549,0,0,0,153,0,0,0
2,50,6,3991.36208287024,1336.03101448343,0,0,0,155,0,0,0
2,50,7,20480.6024231194,7832.82686042237,56,0,0,207,0,0,5
2,50,8,0,6,0,0,0,0,0,0,0
2,51,1,3283.16494868485,1168.75414940952,0,0,0,99,0,0,0
2,51,2,2953.30698990796,857.896990233077,0,0,0,81,0,0,0
2,51,3,3068.06463662946,656.565069225901,0,0,0,95,0,0,0
2,51,4,3114.76965622379,1662.68848974227,0,0,0,175,0,0,0
2,51,5,3591.27013827333,1280.11490641915,8,0,0,174,0,0,0
2,51,6,4042.07550749407,1691.06557380173,0,0,0,133,0,0,0
2,51,7,20518.0307332928,11552.4372496392,71,0,0,182,0,0,0
2,51,8,0,6,0,0,0,0,0,0,0
2,52,1,3286.3371177454,1427.6674910239,0,0,0,116,0,0,0
2,52,2,2941.16612752326,861.54638115152,0,0,0,85,0,0,0
2,52,3,3047.61577156917,772.613441435013,0,0,0,65,0,0,0
2,52,4,3130.91197557974,1428.3701206505,0,0,0,166,0,0,0
2,52,5,3602.44683188044,601.420181027808,0,0,0,128,0,0,0
2,52,6,4091.22495363534,1353.63261342535,0,0,0,169,0,0,0
2,52,7,20563.1145083393,1239.47812013991,0,42,0,251,0,0,0
2,52,8,0,6,0,0,0,0,0,0,0
2,53,1,3291.14873616307,1602.45947272337,0,17,0,120,0,0,0
2,53,2,2925.8432541129,793.86627391286,0,0,0,86,0,0,0
2,53,3,3034.23303840791,983.302031619383,0,0,0,77,0,0,0
2,53,4,3123.23034614342,2295.56689758801,0,7,0,133,0,0,0
2,53,5,3587.58495739642,1848.58612671898,0,0,0,60,0,0,0
2,53,6,4106.45769501134,2351.60120408123,0,3,0,131,0,0,0
2,53,7,20557.4986726093,6967.67212063276,0,3,0,120,0,0,0
2,53,8,0,6,0,0,0,0,0,0,0
2,54,1,3307.71034226157,1265.34585055536,0,0,0,154,0,0,0
2,54,2,2907.85516622449,1209.89571776585,0,0,0,79,0,0,0
2,54,3,3025.89122133246,770.899054507894,0,0,0,98,0,0,0
2,54,4,3127.94256231084,1365.13492016819,0,1,0,204,0,0,0
2,54,5,3593.18161081334,1349.12536455669,0,2,0,156,0,0,0
2,54,6,4155.08468540485,2243.61450254318,0,2,0,202,0,0,0
2,54,7,20560.611184896,6154.57087399251,0,40,0,175,0,0,0
2,54,8,0,6,0,0,0,0,0,0,0
2,55,1,3295.49002455996,521.534418704193,0,83,0,43,0,0,0
2,55,2,2890.65763902638,1015.49459704435,0,61,0,59,0,0,0
2,55,3,3004.39703891771,1039.73193866644,0,38,0,39,0,0,0
2,55,4,3110.36636482762,2083.72300743399,0,74,0,62,0,0,0
2,55,5,3574.52339267294,1232.54702718969,0,73,0,61,0,0,0
2,55,6,4173.9693281318,1512.08869422352,0,129,0,95,0,0,0
2,55,7,20618.7520767734,8585.6865645053,0,296,0,304,0,0,0
2,55,8,0,6,0,0,0,0,0,0,0
2,56,1,3292.61887695378,997.533871748164,0,0,0,52,0,0,0
2,56,2,2900.49323222341,1196.4990481806,0,0,0,101,0,0,0
2,56,3,3018.76660167688,556.154033134302,0,0,0,103,0,0,0
2,56,4,3139.2373168274,837.869308874334,0,0,0,208,0,0,0
2,56,5,3599.66613891311,455.907396512073,0,0,0,123,0,0,0
2,56,6,4221.46577710812,548.627044705896,0,0,0,151,0,0,0
2,56,7,20688.5695876201,11495.4996586935,29,0,0,220,0,0,0
2,56,8,0,6,0,0,0,0,0,0,0
2,57,1,3318.40447416285,1043.84200396861,0,0,0,99,0,0,0
2,57,2,2917.67370874418,530.025023642989,0,0,0,119,0,0,0
2,57,3,3010.31300065738,1677.52882900783,0,0,0,55,0,0,0
2,57,4,3147.40545003734,727.943436839848,0,0,0,83,0,0,0
2,57,5,3596.75720069659,1266.47368319427,0,0,0,45,0,0,0
2,57,6,4235.21209133486,1381.21705283743,0,0,0,54,0,0,0
2,57,7,20764.0341252369,11862.9465026697,30,0,0,193,0,0,0
2,57,8,0,6,0,0,0,0,0,0,0
2,58,1,3346.83363189549,1341.06834864012,0,0,0,104,0,0,0
2,58,2,2912.31244698334,876.327238885878,0,0,0,53,0,0,0
2,58,3,3053.02887469852,942.206087858382,0,0,0,167,0,0,0
2,58,4,3150.11610637197,1447.32183710528,0,0,0,72,0,0,0
2,58,5,3628.7770354674,1150.42950659834,0,0,0,126,0,0,0
2,58,6,4291.13758584331,1590.28966445424,0,0,0,138,0,0,0
2,58,7,20856.0938949888,5436.31936682083,29,0,0,225,0,0,0
2,58,8,0,6,0,0,0,0,0,0,0
2,59,1,3356.88557296233,1703.54941725316,0,0,0,134,0,0,0
2,59,2,2909.21343273515,1330.81189908926,0,0,0,87,0,0,0
2,59,3,3052.91603137325,1138.07393088728,0,0,0,94,0,0,0
2,59,4,3168.80631604063,1424.80496439985,0,0,0,144,0,0,0
2,59,5,3645.54356780372,2416.08293792446,0,0,0,115,0,0,0
2,59,6,4336.59273507783,2084.28143314685,0,0,0,159,0,0,0
2,59,7,20890.224252974,6736.08398037298,93,0,0,171,0,0,0
2,59,8,0,6,0,0,0,0,0,0,0
2,60,1,3393.89145663558,1872.04174513004,0,0,0,170,0,0,0
2,60,2,2922.38477247693,946.634607953069,0,0,0,133,0,0,0
2,60,3,3072.53833071822,1677.74698917385,0,0,0,113,0,0,0
2,60,4,3197.59933130552,1060.0132690942,0,0,0,142,0,0,0
2,60,5,3706.67895748093,1625.03454412364,8,0,0,180,0,0,0
2,60,6,4419.79910112692,1542.66196264633,1,0,0,192,0,0,0
2,60,7,20959.0255912396,1602.08581655394,59,0,0,213,0,0,0
2,60,8,0,6,0,0,0,0,0,0,0
2,61,1,3385.47752174837,1227.47486058859,122,0,0,53,0,0,0
2,61,2,2907.21586428467,1535.274088367,24,0,0,68,0,0,0
2,61,3,3060.31213052666,1754.77159922825,77,0,0,83,0,0,0
2,61,4,3190.05723082549,1169.78166333066,36,0,0,66,0,0,0
2,61,5,3700.08011873431,1278.67221895396,73,0,0,82,0,0,0
2,61,6,4428.89574171444,2365.94903880626,52,0,0,97,0,0,0
2,61,7,20967.0454752306,2317.79995192944,62,0,0,92,0,0,0
2,61,8,0,6,0,0,0,0,0,0,0
2,62,1,3392.1530940592,778.180466931586,8,0,0,110,0,0,0
2,62,2,2915.9365764457,1695.73138461627,3,0,0,149,0,0,0
2,62,3,3061.73197216166,1305.95093942349,20,0,0,145,0,0,0
2,62,4,3193.06219764888,810.063973511839,0,0,0,116,0,0,0
2,62,5,3715.02780676872,1776.60807111422,0,0,0,127,0,0,0
2,62,6,4456.11726328939,1858.39127872698,67,0,0,136,0,0,0
2,62,7,20945.787181528,5073.13274563359,53,0,0,152,0,0,0
2,62,8,0,6,0,0,0,0,0,0,0
2,63,1,3391.10381940263,1698.89755401335,0,0,0,77,0,0,0
2,63,2,2931.37823420271,1042.44874384338,0,0,0,169,0,0,0
2,63,3,3071.85902223405,1372.01829905841,0,0,0,130,0,0,0
2,63,4,3194.10386320355,1370.67738651884,0,0,0,81,0,0,0
2,63,5,3742.1225315647,1683.0939901201,0,0,0,177,0,0,0
2,63,6,4505.63704228676,2169.42886258971,0,0,0,173,0,0,0
2,63,7,20929.0187495637,10036.1754638539,31,0,0,178,0,0,0
2,63,8,0,6,0,0,0,0,0,0,0
2,64,1,3434.77692359326,1526.34669891553,0,0,0,169,0,0,0
2,64,2,2948.76477545614,1203.06511850283,0,0,0,104,0,0,0
2,64,3,3090.26585825803,1715.28343612248,0,0,0,137,0,0,0
2,64,4,3218.82253040344,1055.76546078452,0,0,0,137,0,0,0
2,64,5,3786.22144725567,1116.59463831125,0,0,0,168,0,0,0
2,64,6,4597.4894435337,1720.5555901777,0,0,0,202,0,0,0
2,64,7,20983.6432015894,7998.69690358152,1,21,0,282,0,0,0
2,64,8,0,6,0,0,0,0,0,0,0
2,65,1,3468.10790867513,697.720493917242,0,18,0,129,0,0,0
2,65,2,2963.49252424653,447.923720747304,0,0,0,120,0,0,0
2,65,3,3127.59099373931,1645.03813429838,0,11,0,157,0,0,0
2,65,4,3236.12473863487,1871.60139234859,0,1,0,104,0,0,0
2,65,5,3814.42991128607,644.558370373409,0,0,0,111,0,0,0
2,65,6,4674.94504086713,2423.75561374707,0,24,0,140,0,0,0
2,65,7,21009.9747599885,12443.4814723165,3,251,0,227,0,0,1
2,65,8,0,6,0,0,0,0,0,0,0
2,66,1,3458.51121918279,457.442405190867,0,0,0,69,0,0,0
2,66,2,2955.81169179416,2039.05189175106,0,0,0,44,0,0,0
2,66,3,3138.70803978337,1346.96008428816,0,0,0,164,0,0,0
2,66,4,3259.57318868008,560.977532715456,0,0,0,182,0,0,0
2,66,5,3817.50630795347,1147.0546341835,0,0,0,64,0,0,0
2,66,6,4750.74387735128,1643.59614350847,0,0,0,238,0,0,0
2,66,7,21047.896382365,13417.0914087611,22,2,0,235,0,0,0
2,66,8,0,6,0,0,0,0,0,0,0
2,67,1,3445.71644257353,1866.39598573889,0,0,0,45,0,0,0
2,67,2,2977.48725601588,1584.08347333825,0,0,0,203,0,0,0
2,67,3,3149.61103468761,482.290243497676,0,0,0,134,0,0,0
2,67,4,3244.14354728202,1371.11001100175,0,0,0,56,0,0,0
2,67,5,3817.52446258042,800.818894259431,0,0,0,114,0,0,0
2,67,6,4787.41377300098,1094.0941551224,0,0,0,164,0,0,0
2,67,7,21059.5249417045,14386.5693932164,13,6,0,199,0,0,0
2,67,8,0,6,0,0,0,0,0,0,0
2,68,1,3472.10335989379,929.602540087214,0,0,0,186,0,0,0
2,68,2,2992.870347301,850.185091427048,0,0,0,158,0,0,0
2,68,3,3131.26027484279,1164.24521753147,0,0,0,48,0,0,0
2,68,4,3252.43801714463,1061.08863327297,0,0,0,137,0,0,0
2,68,5,3810.08905231906,509.459774659596,0,0,0,80,0,0,0
2,68,6,4791.05788166953,1760.92421692897,0,0,0,109,0,0,0
2,68,7,21068.0226177467,12432.0148945768,53,0,0,173,0,0,0
2,68,8,0,6,0,0,0,0,0,0,0
2,69,1,3467.55788202095,1961.55299186693,0,0,0,92,0,0,0
2,69,2,2991.72040264105,434.201589153195,0,0,0,85,0,0,0
2,69,3,3136.17128117988,1332.52421099475,0,0,0,116,0,0,0
2,69,4,3239.61723939893,1471.71081862569,0,0,0,106,0,0,0
2,69,5,3789.21590918243,1363.12826080587,0,0,0,50,0,0,0
2,69,6,4827.08480576,1943.04818057436,0,0,0,174,0,0,0
2,69,7,21084.2242528248,7796.68147896061,56,0,0,217,0,0,0
2,69,8,0,6,0,0,0,0,0,0,0
2,70,1,3485.25143308844,1358.1545050255,38,0,0,126,0,0,0
2,70,2,2977.93217523486,1753.78984635127,0,0,0,43,0,0,0
2,70,3,3141.92673353683,2054.46745203179,0,0,0,133,0,0,0
2,70,4,3235.95641739022,1360.55770600498,6,0,0,136,0,0,0
2,70,5,3806.77829452832,1466.38204186713,3,0,0,130,0,0,0
2,70,6,4889.53824791018,2157.51038611915,11,0,0,173,0,0,0
2,70,7,21177.8922771811,5672.74342089088,271,0,0,291,0,0,0
2,70,8,0,6,0,0,0,0,0,0,0
2,71,1,3487.71097270539,1694.03353318189,0,66,0,69,0,0,0
2,71,2,2983.89465998581,1766.89962387985,0,86,0,89,0,0,0
2,71,3,3151.62406837389,621.99253752882,0,98,0,107,0,0,0
2,71,4,3234.56128100073,721.720137979013,0,70,0,66,0,0,0
2,71,5,3797.27778436388,2571.9233872199,0,84,0,62,0,0,0
2,71,6,4937.58501232621,3335.93779477727,0,100,0,115,0,0,0
2,71,7,21232.5766043699,9012.68936319941,5,223,0,193,0,0,0
2,71,8,0,6,0,0,0,0,0,0,0
2,72,1,3519.19652516613,2437.44779383278,0,0,0,169,0,0,0
2,72,2,3002.86494147069,1175.79806878251,0,0,0,176,0,0,0
2,72,3,3156.05091680142,1066.26750356252,0,0,0,62,0,0,0
2,72,4,3237.69225231001,1574.23390384388,0,0,0,72,0,0,0
2,72,5,3867.79811748137,1208.269834909,0,0,0,257,0,0,0
2,72,6,5063.45632347317,2837.81631853332,1,0,0,287,0,0,0
2,72,7,21295.6657612219,6098.63472269845,27,0,0,218,0,0,0
2,72,8,0,6,0,0,0,0,0,0,0
2,73,1,3578.84672294409,1321.56257021394,11,0,0,170,0,0,0
2,73,2,3024.74618899994,1504.21830650098,0,0,0,117,0,0,0
2,73,3,3181.58563136504,529.583406910362,0,0,0,106,0,0,0
2,73,4,3290.36168089007,1559.64835699795,0,0,0,157,0,0,0
2,73,5,3921.96100070839,1357.20097118744,0,0,0,120,0,0,0
2,73,6,5211.43579888753,1932.26018908085,10,0,0,215,0,0,0
2,73,7,21378.8115724187,12286.2594351835,62,0,0,192,0,0,0
2,73,8,0,6,0,0,0,0,0,0,0
2,74,1,3624.52353721213,2625.28722270757,0,0,0,132,0,0,0
2,74,2,3059.62764530255,1136.93957739452,0,0,0,150,0,0,0
2,74,3,3189.20862094194,1403.43846271145,0,0,0,52,0,0,0
2,74,4,3338.92533799725,1271.45536047558,0,0,0,155,0,0,0
2,74,5,3981.73413562095,1070.94662432813,0,0,0,135,0,0,0
2,74,6,5315.3928871672,1301.96585026479,0,0,0,171,0,0,0
2,74,7,21498.0440854412,5188.44370369131,40,0,0,190,0,0,0
2,74,8,0,6,0,0,0,0,0,0,0
2,75,1,3682.67530619899,1205.72857396472,69,0,0,130,0,0,0
2,75,2,3081.04176384033,782.519809665768,0,0,0,113,0,0,0
2,75,3,3234.77573347464,2644.72214834816,1,0,0,137,0,0,0
2,75,4,3375.00819833347,2817.27685388488,0,0,0,127,0,0,0
2,75,5,4033.18292484224,1598.91751989628,0,0,0,107,0,0,0
2,75,6,5425.29431451682,2855.78729637521,0,0,0,130,0,0,0
2,75,7,21596.8506020618,3220.92127069713,161,0,0,212,0,0,0
2,75,8,0,6,0,0,0,0,0,0,0
2,76,1,3702.74453210571,1225.8277264159,0,0,0,120,0,0,0
2,76,2,3085.52776285777,1389.0279035033,0,0,0,78,0,0,0
2,76,3,3265.21961783053,1545.90136237739,32,0,0,182,0,0,0
2,76,4,3398.09592158025,565.85701937508,58,0,0,136,0,0,0
2,76,5,4060.4295928172,321.888067832315,9,0,0,137,0,0,0
2,76,6,5485.03267129817,2773.18218534893,49,0,0,163,0,0,0
2,76,7,21645.6262075712,10984.5533250248,54,0,0,186,0,0,0
2,76,8,0,6,0,0,0,0,0,0,0
2,77,1,3724.73003514551,1983.31576731486,0,0,0,122,0,0,0
2,77,2,3104.70126126808,1749.92859220308,0,0,0,138,0,0,0
2,77,3,3301.29474389063,1025.76826905258,0,0,0,154,0,0,0
2,77,4,3395.95642162387,1706.76287715864,0,0,0,56,0,0,0
2,77,5,4062.32193929795,1304.45282712743,0,0,0,32,0,0,0
2,77,6,5587.08850725949,2677.48161973599,3,0,0,183,0,0,0
2,77,7,21720.9038554643,15112.6252556691,31,0,0,209,0,0,0
2,77,8,0,6,0,0,0,0,0,0,0
2,78,1,3763.62562046087,936.555354841797,0,0,0,198,0,0,0
2,78,2,3125.43348852139,1152.50250427746,0,0,0,174,0,0,0
2,78,3,3311.8150711925,1030.42631807782,0,0,0,102,0,0,0
2,78,4,3430.34851165741,1369.47259735977,0,0,0,170,0,0,0
2,78,5,4089.20620008612,2220.06877272124,0,0,0,130,0,0,0
2,78,6,5668.24273933316,3952.97790468691,1,0,0,188,0,0,0
2,78,7,21767.9969087982,11365.9808574157,26,1,0,249,0,0,0
2,78,8,0,6,0,0,0,0,0,0,0
2,79,1,3789.13392040047,2097.97951494833,0,0,0,93,0,0,0
2,79,2,3151.04406026701,1464.13769390641,0,0,0,115,0,0,0
2,79,3,3347.24705227226,1043.93675479675,0,0,0,103,0,0,0
2,79,4,3487.56427888592,1692.99498924416,0,0,0,136,0,0,0
2,79,5,4180.53875423553,2714.63095267523,2,0,0,182,0,0,0
2,79,6,5803.16129658257,2536.5235643809,17,0,0,181,0,0,0
2,79,7,21896.6597714019,10598.6419916936,75,0,0,188,0,0,0
2,79,8,0,6,0,0,0,0,0,0,0
2,80,1,3859.86619481692,2278.76008746171,5,0,0,168,0,0,0
2,80,2,3183.70724163377,1276.50694064841,0,0,0,146,0,0,0
2,80,3,3357.05897730129,1939.3017404547,0,0,0,104,0,0,0
2,80,4,3561.26959422408,1720.9963240456,0,0,0,169,0,0,0
2,80,5,4276.45788508409,2333.30810488802,10,0,0,197,0,0,0
2,80,6,5940.35581428428,3663.72618574684,10,0,0,175,0,0,2
2,80,7,22045.7489857755,4235.94635807028,120,0,0,197,0,0,0
2,80,8,0,6,0,0,0,0,0,0,0
2,81,1,3846.70877037524,1374.39854405164,184,0,0,43,0,0,0
2,81,2,3166.18722249233,1486.41390980999,66,0,0,61,0,0,0
2,81,3,3359.27704659492,1193.18789542775,96,0,0,97,0,0,0
2,81,4,3556.54171615349,867.708411498457,82,0,0,90,0,0,0
2,81,5,4301.46120345233,2268.02835901553,116,0,0,117,0,0,0
2,81,6,6023.93386403351,3010.93319767218,192,0,0,174,0,0,0
2,81,7,22101.6999213181,16655.9799016376,198,0,0,225,0,0,0
2,81,8,0,6,0,0,0,0,0,0,0
2,82,1,3863.66843557936,1689.29641810628,0,0,0,137,0,0,0
2,82,2,3185.69232292989,1482.40616137098,0,0,0,148,0,0,0
2,82,3,3356.67619407558,2118.32372477603,0,0,0,119,0,0,0
2,82,4,3558.89817403911,1497.18358924686,0,0,0,86,0,0,0
2,82,5,4352.96176941293,1832.00307321755,0,0,0,225,0,0,0
2,82,6,6104.42343316825,2279.16942962663,2,0,0,212,0,0,0
2,82,7,22062.0684791842,15424.4682234586,36,0,0,201,0,0,0
2,82,8,0,6,0,0,0,0,0,0,0
2,83,1,3892.06798713344,1293.13550489082,0,0,0,168,0,0,0
2,83,2,3208.63613273633,1217.48622479978,0,0,0,148,0,0,0
2,83,3,3382.91063352755,1152.32265016391,0,0,0,185,0,0,0
2,83,4,3584.99978066791,581.638258719777,0,0,0,149,0,0,0
2,83,5,4386.04305419764,2670.05999236985,0,0,0,179,0,0,0
2,83,6,6204.33855297066,3376.43138365276,0,0,0,196,0,0,0
2,83,7,22034.3821848805,6746.06538916728,34,0,0,203,0,0,0
2,83,8,0,6,0,0,0,0,0,0,0
2,84,1,3893.16215574787,2028.87956268583,0,58,0,71,0,0,0
2,84,2,3212.90822033069,1435.64354878485,0,55,0,66,0,0,0
2,84,3,3385.22118376649,1509.02530936406,0,58,0,57,0,0,0
2,84,4,3571.43897445258,1420.67501549807,0,31,0,27,0,0,0
2,84,5,4429.66325886278,1722.21076987152,0,132,0,135,0,0,0
2,84,6,6269.93421191849,3168.38352002648,0,157,0,180,0,0,0
2,84,7,22077.0330023685,8787.2313644633,0,288,0,281,0,0,4
2,84,8,0,6,0,0,0,0,0,0,0
2,85,1,3944.04913300016,1341.66616586192,0,0,0,176,0,0,0
2,85,2,3243.32483323925,960.22080444695,0,0,0,143,0,0,0
2,85,3,3427.19111892101,1870.58151356471,0,0,0,150,0,0,0
2,85,4,3611.53755765412,1589.06335900102,0,0,0,142,0,0,0
2,85,5,4519.27124573295,996.266966794285,0,0,0,172,0,0,0
2,85,6,6447.78904483386,1716.35922383455,1,1,0,222,0,0,0
2,85,7,22131.62408498,10437.8890242957,27,0,0,202,0,0,0
2,85,8,0,6,0,0,0,0,0,0,0
2,86,1,3996.82824621716,2258.69429304635,0,0,0,134,0,0,0
2,86,2,3270.18449885964,1620.46859425142,0,0,0,96,0,0,0
2,86,3,3499.25853675606,1587.26607757835,0,0,0,187,0,0,0
2,86,4,3669.2467287751,397.380628494256,0,0,0,158,0,0,0
2,86,5,4576.70221882346,1386.0027670714,0,0,0,99,0,0,0
2,86,6,6614.62435452549,1737.78097775794,0,0,0,171,0,0,0
2,86,7,22210.8501270406,12067.3403666824,25,0,0,224,0,0,0
2,86,8,0,6,0,0,0,0,0,0,0
2,87,1,4034.64800267645,1062.35803160679,0,0,0,181,0,0,1
2,87,2,3293.3347712812,1811.47943307652,0,0,0,162,0,0,0
2,87,3,3525.15181789916,1697.6284315199,0,0,0,158,0,0,0
2,87,4,3665.64404572929,1193.31508491829,0,0,0,39,0,0,0
2,87,5,4615.57167375448,2447.18291833814,0,0,0,138,0,0,0
2,87,6,6704.6177319235,3664.40511555582,0,0,0,173,0,0,0
2,87,7,22240.7267772475,11828.0409933403,25,0,0,275,0,0,1
2,87,8,0,6,0,0,0,0,0,0,0
2,88,1,4058.63283556862,1213.61004124358,0,0,0,106,0,0,0
2,88,2,3325.51157839254,1237.85553809206,0,0,0,181,0,0,0
2,88,3,3580.17300714454,1812.57364073464,0,0,0,169,0,0,0
2,88,4,3680.36758017259,1362.31876890712,0,0,0,119,0,0,0
2,88,5,4686.57960012222,3223.16103628961,0,0,0,223,0,0,0
2,88,6,6833.32817610135,2560.72064336353,2,0,0,276,0,0,1
2,88,7,22272.6865390487,14897.439574753,26,0,0,234,0,0,3
2,88,8,0,6,0,0,0,0,0,0,0
2,89,1,4090.39408625113,2680.5227091304,0,0,0,121,0,0,0
2,89,2,3346.47298468684,1112.58242919646,0,0,0,123,0,0,0
2,89,3,3626.62970437964,1185.26401597428,0,0,0,181,0,0,0
2,89,4,3715.60203659272,1664.79897987469,0,0,0,136,0,0,0
2,89,5,4736.98864676824,3105.01207650237,3,0,0,192,0,0,0
2,89,6,6971.33475990555,1576.19931275578,1,0,0,212,0,0,0
2,89,7,22281.5813858477,7179.11247489542,31,0,0,201,0,0,0
2,89,8,0,6,0,0,0,0,0,0,0
2,90,1,4150.04678812832,1596.56595862042,12,0,0,169,0,0,0
2,90,2,3362.40872043575,1118.2533667234,0,0,0,111,0,0,0
2,90,3,3650.79260943854,1406.5554947168,0,0,0,118,0,0,0
2,90,4,3757.64393581434,2039.46249759376,0,0,0,166,0,0,0
2,90,5,4847.62908886687,2426.77421901358,9,0,0,226,0,0,0
2,90,6,7056.17761313239,1804.05538887167,0,0,0,157,0,0,0
2,90,7,22313.9489312047,14318.3271877334,67,0,0,195,0,0,0
2,90,8,0,6,0,0,0,0,0,0,0
2,91,1,4192.29800356381,2207.70400771013,0,0,0,159,0,0,0
2,91,2,3382.71150277025,1546.58469374503,0,0,0,111,0,0,0
2,91,3,3682.10924517035,1552.41869422564,0,0,0,140,0,0,0
2,91,4,3834.97032030641,1944.58806706508,0,0,0,199,0,0,0
2,91,5,4908.99676023414,2431.1903977944,1,0,0,197,0,0,0
2,91,6,7170.28443680198,2980.49626501649,0,0,0,180,0,0,0
2,91,7,22353.8922836786,10687.6138927034,38,0,0,242,0,0,0
2,91,8,0,6,0,0,0,0,0,0,0
2,92,1,4275.11117526904,2683.40360362126,5,0,0,176,0,0,0
2,92,2,3418.43691631994,1668.88648169644,0,0,0,154,0,0,0
2,92,3,3746.29496368669,1202.37467188479,0,0,0,155,0,0,0
2,92,4,3905.65848467505,2574.45175768252,1,0,0,180,0,0,0
2,92,5,4990.36085977476,3057.81296269754,12,0,0,144,0,0,0
2,92,6,7324.35708662139,3926.01354652267,16,0,0,168,0,0,0
2,92,7,22400.7382622701,7005.64926634504,110,0,0,173,0,0,0
2,92,8,0,6,0,0,0,0,0,0,0
2,93,1,4335.57655959761,1456.66612244343,23,0,0,183,0,0,0
2,93,2,3454.86288323188,1504.53601377426,0,0,0,166,0,0,0
2,93,3,3769.32889064261,1431.29135246959,0,0,0,120,0,0,0
2,93,4,3942.87746038899,764.999373774713,20,0,0,183,0,0,0
2,93,5,5068.71804647538,1239.42604632076,40,0,0,157,0,0,0
2,93,6,7462.95736631508,2412.24904214553,61,0,0,166,0,0,0
2,93,7,22425.1128435851,6965.7315368196,144,0,0,166,0,0,0
2,93,8,0,6,0,0,0,0,0,0,0
2,94,1,4363.10706886668,1596.96056048456,10,0,0,128,0,0,0
2,94,2,3489.73751618297,1170.0666492498,1,0,0,148,0,0,0
2,94,3,3805.04053198514,2599.47938149342,0,0,0,143,0,0,0
2,94,4,3945.86392819384,2017.19712165664,0,0,0,76,0,0,0
2,94,5,5129.28196277042,1555.54940301077,0,0,0,123,0,0,0
2,94,6,7599.18336168689,4110.12239198854,47,0,0,159,0,0,0
2,94,7,22439.5432854691,4493.87663300312,183,2,0,158,0,0,34
2,94,8,0,6,0,0,0,0,0,0,0
2,95,1,4363.38897691677,1645.07743935807,12,0,0,134,0,0,0
2,95,2,3492.14968859231,2095.1345163408,0,0,0,117,0,0,0
2,95,3,3814.53816399627,765.156842366206,48,0,0,157,0,0,0
2,95,4,3940.81116005854,861.512157509747,29,0,0,143,0,0,0
2,95,5,5162.15972850056,2480.31764550305,0,0,0,155,0,0,0
2,95,6,7665.0669792014,3101.49280810053,115,0,0,181,0,0,0
2,95,7,22445.3041909205,7270.29309128958,130,0,0,188,0,0,0
2,95,8,0,6,0,0,0,0,0,0,0
2,96,1,4417.61000219975,1834.89035250143,0,0,0,164,0,0,0
2,96,2,3523.00534011761,1616.32392030512,0,2,0,174,0,0,0
2,96,3,3819.62747141246,1538.29894685334,0,0,0,76,0,0,0
2,96,4,3942.75640799878,1194.63889981086,0,0,0,86,0,0,0
2,96,5,5282.7592120229,3080.51183324388,0,0,0,234,0,0,0
2,96,6,7843.95459718059,2667.32665263563,0,5,0,233,0,0,0
2,96,7,22467.8640650002,11186.1298737839,0,41,0,157,0,0,0
2,96,8,0,6,0,0,0,0,0,0,0
2,97,1,4453.67845984736,1082.40209844999,0,6,0,154,0,0,0
2,97,2,3546.85167749697,1333.52486623008,0,0,0,161,0,0,0
2,97,3,3858.974538679,865.287324187443,0,0,0,153,0,0,0
2,97,4,3959.18606703546,1609.39649553187,0,0,0,119,0,0,0
2,97,5,5358.65299124699,2168.67782720926,0,31,0,152,0,0,0
2,97,6,7963.09449876288,4353.09516039545,0,21,0,153,0,0,0
2,97,7,22517.3661026544,7475.00258915057,0,188,0,194,0,0,0
2,97,8,0,6,0,0,0,0,0,0,0
2,98,1,4455.86390187024,1870.64395886303,0,0,0,108,0,0,0
2,98,2,3563.16679715605,1651.02179646906,0,0,0,133,0,0,0
2,98,3,3865.96562294664,1937.07369213345,0,0,0,86,0,0,0
2,98,4,3993.75679520899,1067.23932287542,0,0,0,160,0,0,0
2,98,5,5450.48528183188,1154.20453877553,1,0,0,195,0,0,0
2,98,6,8134.82555314443,3615.40708077053,16,0,0,199,0,0,0
2,98,7,22588.0881809829,10182.6848546629,36,0,0,206,0,0,0
2,98,8,0,6,0,0,0,0,0,0,0
2,99,1,4536.31735808152,1495.92489164623,0,0,0,187,0,0,0
2,99,2,3602.76563682455,2125.81919707429,0,0,0,165,0,0,0
2,99,3,3967.38270517477,1599.18004219901,0,0,0,193,0,0,0
2,99,4,4015.08858454817,741.922663017335,0,0,0,106,0,0,0
2,99,5,5568.33164560339,1657.0663024571,0,0,0,115,0,0,0
2,99,6,8448.99315294637,3918.1755414844,3,0,0,266,0,0,0
2,99,7,22685.9363081045,8012.89897075296,32,0,0,214,0,0,0
2,99,8,0,6,0,0,0,0,0,0,0
2,100,1,4599.44878961874,1865.14185148817,0,0,0,149,0,0,0
2,100,2,3655.3247011818,2249.9515127921,0,0,0,212,0,0,0
2,100,3,4019.76302416712,1459.38338478867,0,0,0,159,0,0,0
2,100,4,4025.34597371462,1646.09837221628,0,0,0,74,0,0,0
2,100,5,5680.97914749407,1705.03809192007,1,0,0,157,0,0,0
2,100,6,8685.75890010257,3303.61770828121,21,0,0,214,0,0,0
2,100,7,22767.174030747,15312.7207428933,73,0,0,191,0,0,0
2,100,8,0,6,0,0,0,0,0,0,0
3,1,1,2722.4256,560.441761128325,0,0,0,32,0,0,0
3,1,2,2739.752,1276.87757170868,0,0,0,92,0,0,0
3,1,3,2735.16,512.843258553861,0,0,0,55,0,0,0
3,1,4,2729.8336,1310.24745190836,0,0,0,25,0,0,0
3,1,5,2733.736,1632.41701921224,0,0,0,67,0,0,0
3,1,6,2742.112,873.085422469573,0,0,0,99,0,0,0
3,1,7,20754.0956799999,5566.66695423717,0,0,0,81,0,0,0
3,1,8,0,8,0,0,0,96,0,0,0
3,2,1,2718.52928,964.347613297888,0,0,0,56,0,0,0
3,2,2,2753.7552,1236.17278170097,0,0,0,127,0,0,0
3,2,3,2733.36,1249.92559166988,0,0,0,51,0,0,0
3,2,4,2742.0784,604.271023980685,0,0,0,131,0,0,0
3,2,5,2753.728,1078.37661710912,0,0,0,163,0,0,0
3,2,6,2747.656,1154.07940102956,0,0,0,87,0,0,0
3,2,7,20694.1036799998,3873.93681266146,18,0,0,200,0,0,0
3,2,8,0,8,0,0,0,0,0,0,0
3,3,1,2713.22528,946.506051861862,0,47,0,49,0,0,0
3,3,2,2750.7648,1186.73731038573,0,65,0,58,0,0,0
3,3,3,2732.768,1207.43731520226,0,71,0,53,0,0,0
3,3,4,2736.4608,585.688048688509,0,19,0,41,0,0,0
3,3,5,2748.9744,1274.63107253223,0,67,0,40,0,0,0
3,3,6,2748.6736,1458.8956862508,0,55,0,60,0,0,0
3,3,7,20630.7113599998,6047.55452443315,0,200,0,187,0,0,0
3,3,8,0,8,0,0,0,0,0,0,0
3,4,1,2726.02528,564.47236031098,0,0,0,94,0,0,0
3,4,2,2768.762944,1296.42934869237,0,0,0,118,0,0,0
3,4,3,2752.6,1371.43828963014,0,0,0,120,0,0,0
3,4,4,2744.4064,1147.40222424949,0,0,0,58,0,0,0
3,4,5,2770.4384,1302.03467859937,0,0,0,127,0,0,0
3,4,6,2773.85279999999,1029.43283832111,0,0,0,145,0,0,0
3,4,7,20604.8697599997,8716.34039487548,29,0,0,188,0,0,2
3,4,8,0,8,0,0,0,0,0,0,0
3,5,1,2728.6112,940.807668502529,0,0,0,56,0,0,0
3,5,2,2784.713344,1750.28633438706,0,0,0,129,0,0,0
3,5,3,2777.4624,1158.94346585865,0,0,0,137,0,0,0
3,5,4,2762.2768,1414.19543081443,0,0,0,114,0,0,0
3,5,5,2792.5264,1832.30601886033,0,0,0,130,0,0,0
3,5,6,2789.45279999999,1759.58235505247,0,0,0,102,0,0,0
3,5,7,20577.9974399997,9129.72184018152,30,0,0,226,0,0,0
3,5,8,0,8,0,0,0,0,0,0,0
3,6,1,2735.82816000001,1284.05507046642,0,0,0,94,0,0,0
3,6,2,2816.868544,1698.56149554981,0,0,0,175,0,0,0
3,6,3,2796.024,857.936147898313,0,0,0,115,0,0,0
3,6,4,2787.15808,879.167935966382,0,0,0,141,0,0,0
3,6,5,2828.7088,1303.67252953361,0,0,0,183,0,0,0
3,6,6,2821.97952,938.021226301868,0,0,0,175,0,0,0
3,6,7,20559.1478399996,11886.4726200442,26,0,0,234,0,0,0
3,6,8,0,8,0,0,0,0,0,0,0
3,7,1,2747.89696000001,1432.69793333552,0,0,0,128,0,0,0
3,7,2,2842.729024,1569.02670947328,0,0,0,169,0,0,0
3,7,3,2804.1184,944.848499802224,0,0,0,85,0,0,0
3,7,4,2798.86208,453.968964128744,0,0,0,87,0,0,0
3,7,5,2848.8864,1579.02944290606,0,0,0,130,0,0,0
3,7,6,2832.49791999999,1095.19182131176,0,0,0,93,0,0,0
3,7,7,20527.0259199995,9478.94055239227,29,0,0,198,0,0,0
3,7,8,0,8,0,0,0,0,0,0,0
3,8,1,2764.68128,1082.34022886358,0,0,0,143,0,0,0
3,8,2,2861.144128,1506.29294696242,0,0,0,156,0,0,0
3,8,3,2817.0344192,745.869747097569,0,0,0,94,0,0,0
3,8,4,2797.58048,879.290251601138,0,0,0,45,0,0,0
3,8,5,2872.3584,1545.6225993732,0,0,0,157,0,0,0
3,8,6,2848.20384,1635.85308331327,0,0,0,109,0,0,0
3,8,7,20503.6374399995,10461.9211913222,72,0,0,255,0,0,0
3,8,8,0,8,0,0,0,0,0,0,0
3,9,1,2767.93721600001,968.228616226213,0,0,0,108,0,0,0
3,9,2,2881.93420800001,396.194064895361,0,0,0,150,0,0,0
3,9,3,2821.5256192,1384.27835607737,0,0,0,74,0,0,0
3,9,4,2804.48448,1456.01668312065,0,0,0,87,0,0,0
3,9,5,2896.429056,1885.6999202607,0,0,0,154,0,0,0
3,9,6,2870.95552,697.899732783859,0,0,0,163,0,0,0
3,9,7,20470.1447039994,8880.27191148291,63,0,0,203,0,0,0
3,9,8,0,8,0,0,0,0,0,0,0
3,10,1,2770.61593600001,1050.54631236433,0,0,0,96,0,0,0
3,10,2,2875.76972800001,624.071376280942,0,0,0,39,0,0,0
3,10,3,2835.7917952,1340.12278134818,0,0,0,138,0,0,0
3,10,4,2822.35135999999,1074.46841199482,0,0,0,145,0,0,0
3,10,5,2918.1170432,1449.20754611641,12,0,0,157,0,0,0
3,10,6,2873.04992,616.852179003202,0,0,0,69,0,0,0
3,10,7,20444.5132031994,9312.35260417341,249,0,0,260,0,0,0
3,10,8,0,8,0,0,0,0,0,0,0
3,11,1,2770.45721600001,716.422378489329,0,0,0,105,0,0,0
3,11,2,2865.23347200001,1012.27573900886,0,0,0,62,0,0,0
3,11,3,2846.5156352,1576.54314493171,0,0,0,134,0,0,0
3,11,4,2829.79968,1469.48538877489,0,0,0,107,0,0,0
3,11,5,2934.7458432,663.295379793606,0,0,0,144,0,0,0
3,11,6,2873.29504,1466.35486546176,0,0,0,61,0,0,0
3,11,7,20415.7674879993,11706.8259351778,0,38,0,211,0,0,0
3,11,8,0,8,0,0,0,0,0,0,0
3,12,1,2766.09056000001,802.959002244863,0,0,0,71,0,0,0
3,12,2,2864.24321280001,1307.87223021504,0,0,0,101,0,0,0
3,12,3,2857.009472,987.44834083876,0,0,0,157,0,0,0
3,12,4,2838.57888,597.451239418686,0,1,0,145,0,0,0
3,12,5,2936.06893056,844.460226668673,0,0,0,66,0,0,0
3,12,6,2889.381632,1573.39732962669,0,0,0,146,0,0,0
3,12,7,20405.9696639993,10392.7363332257,2,294,0,294,0,0,3
3,12,8,0,8,0,0,0,0,0,0,0
3,13,1,2760.71488000001,1165.69995744245,0,0,0,80,0,0,0
3,13,2,2869.44371200001,1623.88186468281,0,0,0,130,0,0,0
3,13,3,2854.18380800001,1864.12656348665,0,0,0,98,0,0,0
3,13,4,2831.848,1173.66455702625,0,0,0,59,0,0,0
3,13,5,2938.86605056,1852.11542838191,0,0,0,84,0,0,0
3,13,6,2909.951168,1479.05645108094,0,0,0,157,0,0,0
3,13,7,20425.6280831993,8975.34826814141,26,0,0,239,0,0,0
3,13,8,0,8,0,0,0,0,0,0,0
3,14,1,2766.03174400001,713.429881693155,0,0,0,116,0,0,0
3,14,2,2878.19841280001,759.735430827552,0,0,0,162,0,0,0
3,14,3,2868.84894976001,1452.15799736952,0,0,0,182,0,0,0
3,14,4,2836.47776,963.715330960768,0,0,0,117,0,0,0
3,14,5,2958.28941056,2020.07472635264,0,0,0,185,0,0,0
3,14,6,2929.184448,816.973259230423,0,0,0,147,0,0,0
3,14,7,20429.8624511993,5831.77795833709,26,0,0,190,0,0,0
3,14,8,0,8,0,0,0,0,0,0,0
3,15,1,2754.58163200001,1068.87954272228,23,0,0,46,0,0,0
3,15,2,2868.18105548801,876.504311184672,9,0,0,66,0,0,0
3,15,3,2866.08701696001,1011.92060853462,42,0,0,99,0,0,0
3,15,4,2824.566592,806.946723595766,23,0,0,71,0,0,0
3,15,5,2966.66918656001,1667.75578147691,69,0,0,126,0,0,0
3,15,6,2933.02636800001,547.234985462859,26,0,0,53,0,0,0
3,15,7,20449.1981951993,6982.97982514374,286,0,0,268,0,0,0
3,15,8,0,8,0,0,0,0,0,0,0
3,16,1,2750.42168320001,1603.40200044302,0,0,0,106,0,0,0
3,16,2,2859.49375948802,1445.68690626622,0,0,0,87,0,0,0
3,16,3,2862.26528512001,2162.96134416373,0,0,0,101,0,0,0
3,16,4,2821.61568,1286.96981631729,0,0,0,80,0,0,0
3,16,5,2987.53214976001,641.991777740282,0,0,0,166,0,0,0
3,16,6,2931.52710400001,1417.68514587751,0,0,0,54,0,0,0
3,16,7,20445.8813311993,9880.37080542577,101,0,0,181,0,0,0
3,16,8,0,8,0,0,0,0,0,0,0
3,17,1,2763.54071296001,1309.1474105315,0,0,0,160,0,0,0
3,17,2,2865.72674263042,859.613337136834,0,0,0,144,0,0,0
3,17,3,2883.78543872002,861.623976455054,0,0,0,199,0,0,0
3,17,4,2825.4104192,1596.61552269767,0,0,0,128,0,0,0
3,17,5,2986.00680960001,1017.85732753366,0,0,0,64,0,0,0
3,17,6,2950.31115520001,746.881139618354,0,0,0,141,0,0,0
3,17,7,20453.5122534392,12675.1576778871,0,37,0,216,0,0,0
3,17,8,0,8,0,0,0,0,0,0,0
3,18,1,2771.26577152001,1071.19645507296,0,0,0,130,0,0,0
3,18,2,2860.25636311042,1218.80033501477,0,0,0,85,0,0,0
3,18,3,2871.56808355842,383.830028465061,0,0,0,86,0,0,0
3,18,4,2832.7680768,1223.81972514622,0,4,0,141,0,0,0
3,18,5,2992.69927526401,859.661679846694,0,0,0,101,0,0,0
3,18,6,2951.90492160001,1849.89960282556,0,0,0,74,0,0,0
3,18,7,20446.8856934391,15430.0891481691,3,182,0,161,0,0,0
3,18,8,0,8,0,0,0,0,0,0,0
3,19,1,2768.68916019201,1185.22607475145,0,0,0,107,0,0,0
3,19,2,2855.54991575042,1729.57036512958,0,0,0,121,0,0,0
3,19,3,2843.58769479682,1364.57640705991,0,0,0,38,0,0,0
3,19,4,2831.54496000001,718.870582600707,0,0,0,122,0,0,0
3,19,5,2991.05652326401,1657.7904969162,0,0,0,85,0,0,0
3,19,6,2980.51727360001,1196.55265616389,0,0,0,184,0,0,0
3,19,7,20470.1769599991,11553.449021292,29,0,0,226,0,0,0
3,19,8,0,8,0,0,0,0,0,0,0
3,20,1,2766.46250803202,944.831439315638,0,0,0,118,0,0,0
3,20,2,2860.65800151042,1437.51601292806,0,12,0,151,0,0,0
3,20,3,2844.15714887682,1152.81861763743,0,0,0,136,0,0,0
3,20,4,2820.36701184001,1697.03342412321,0,0,0,71,0,0,0
3,20,5,2997.04617113601,1391.37740544216,0,25,0,121,0,0,0
3,20,6,2995.50464921601,1297.29806061291,0,0,0,119,0,0,0
3,20,7,20485.1953919991,6571.94629029354,8,173,0,191,0,0,0
3,20,8,0,8,0,0,0,0,0,0,0
3,21,1,2765.96446208001,1884.82970681692,0,0,0,94,0,0,0
3,21,2,2864.38957373442,900.159080856621,0,0,0,143,0,0,0
3,21,3,2847.32677498882,1053.01657453247,0,0,0,115,0,0,0
3,21,4,2827.60013107201,796.199499369417,0,0,0,169,0,0,0
3,21,5,3015.30337341441,1815.33011228052,0,0,0,139,0,0,0
3,21,6,3017.71401625602,1058.6530521282,0,0,0,129,0,0,0
3,21,7,20521.291161599,9276.76497950838,24,0,0,202,0,0,0
3,21,8,0,8,0,0,0,0,0,0,0
3,22,1,2788.32116746241,1629.35301700362,0,0,0,185,0,0,0
3,22,2,2855.72639395842,1779.99599011735,0,0,0,90,0,0,0
3,22,3,2847.96186746882,739.744362533865,0,0,0,105,0,0,0
3,22,4,2820.28343859201,903.486455775168,0,0,0,79,0,0,0
3,22,5,3040.19011338241,838.362282257225,0,0,0,181,0,0,0
3,22,6,3035.32941465602,1542.0791548697,0,0,0,105,0,0,0
3,22,7,20555.235981311,8292.4534256987,25,0,0,190,0,0,0
3,22,8,0,8,0,0,0,0,0,0,0
3,23,1,2806.77234157569,1334.97200084086,0,0,0,162,0,0,0
3,23,2,2870.01594234882,1073.87414216778,0,0,0,174,0,0,0
3,23,3,2837.2351954125,1272.67517412005,0,0,0,73,0,0,0
3,23,4,2813.00170803201,1648.28233972623,0,0,0,90,0,0,0
3,23,5,3045.91028951041,1428.16617356656,0,0,0,83,0,0,0
3,23,6,3062.80734105601,879.210387130908,0,0,0,154,0,0,0
3,23,7,20581.7408179189,8188.94147423448,27,0,0,196,0,0,0
3,23,8,0,8,0,0,0,0,0,0,0
3,24,1,2819.95634725275,922.697854958121,0,0,0,133,0,0,0
3,24,2,2868.64613834754,1383.65433844965,0,0,0,107,0,0,0
3,24,3,2841.3748533494,1610.49789025549,0,0,0,127,0,0,0
3,24,4,2832.96322764801,1087.06601852323,0,0,0,164,0,0,0
3,24,5,3070.70355752961,981.463559200761,0,0,0,142,0,0,0
3,24,6,3076.02391961601,1045.99397805808,0,0,0,87,0,0,0
3,24,7,20618.3139588085,7961.40569252558,25,0,0,228,0,0,0
3,24,8,0,8,0,0,0,0,0,0,0
3,25,1,2805.46310176441,1345.20100125548,0,48,0,44,0,0,0
3,25,2,2855.45164933122,1690.62792075917,0,64,0,74,0,0,0
3,25,3,2828.84096522652,1071.43119431018,0,105,0,56,0,0,0
3,25,4,2816.61193379841,1328.62484553981,0,56,0,52,0,0,0
3,25,5,3059.99757709313,1221.12575422665,0,45,0,53,0,0,0
3,25,6,3070.38634393601,406.83128303244,0,63,0,41,0,0,0
3,25,7,20673.7140498626,6659.85664471906,2,310,0,311,0,0,0
3,25,8,0,8,0,0,0,0,0,0,0
3,26,1,2818.24225773241,825.038940023509,0,0,0,134,0,0,0
3,26,2,2878.95759752808,1625.72469430092,0,0,0,169,0,0,0
3,26,3,2841.95235177352,1055.1615889672,0,0,0,107,0,0,0
3,26,4,2834.48073676801,865.217762859763,0,0,0,132,0,0,0
3,26,5,3087.75640924161,1041.07582708573,0,0,0,122,0,0,0
3,26,6,3074.05611366401,869.264163529092,0,0,0,40,0,0,0
3,26,7,20725.9347403969,7883.81535866616,31,0,0,207,0,0,0
3,26,8,0,8,0,0,0,0,0,0,0
3,27,1,2827.12256339641,855.295466369076,0,0,0,82,0,0,0
3,27,2,2912.3389879501,1162.80166306589,0,0,0,162,0,0,0
3,27,3,2856.65965561875,1807.89615112606,0,0,0,105,0,0,0
3,27,4,2842.76458752001,1422.9793955603,0,0,0,86,0,0,0
3,27,5,3108.6294010192,784.431892738992,0,0,0,104,0,0,0
3,27,6,3095.39502233601,1167.72696766552,0,0,0,86,0,0,0
3,27,7,20782.4939033588,11256.4848307591,23,0,0,222,0,0,0
3,27,8,0,8,0,0,0,0,0,0,0
3,28,1,2827.67739424441,1625.24631491716,0,0,0,85,0,0,0
3,28,2,2916.1103798477,830.575046933614,0,0,0,116,0,0,0
3,28,3,2875.85094528633,1455.68815656033,0,0,0,180,0,0,0
3,28,4,2855.41875312642,1198.07573688346,0,0,0,142,0,0,0
3,28,5,3114.4793793872,762.996588806272,0,0,0,78,0,0,0
3,28,6,3115.56589260802,717.852283969711,0,0,0,116,0,0,0
3,28,7,20813.0760197108,10791.3024717106,28,0,0,207,0,0,0
3,28,8,0,8,0,0,0,0,0,0,0
3,29,1,2843.70372853433,1090.27302460051,0,0,0,162,0,0,0
3,29,2,2908.34648907778,754.499829001,0,0,0,83,0,0,0
3,29,3,2889.93491265145,1507.19513842456,0,0,0,145,0,0,0
3,29,4,2866.36866711553,1670.95677866874,0,0,0,119,0,0,0
3,29,5,3122.4767163728,626.058798942631,0,0,0,76,0,0,0
3,29,6,3123.78924236802,1782.9424443586,0,0,0,71,0,0,0
3,29,7,20868.61292208,5283.04385793405,21,0,0,342,0,0,1
3,29,8,0,8,0,0,0,0,0,0,0
3,30,1,2847.60659762873,1427.16163672247,0,0,0,109,0,0,0
3,30,2,2899.17283766601,1981.68779102866,0,0,0,75,0,0,0
3,30,3,2892.04652785273,485.753594911077,0,0,0,150,0,0,0
3,30,4,2880.61954967553,530.322353450933,0,0,0,167,0,0,0
3,30,5,3115.8179495823,1240.97656955591,0,0,0,62,0,0,0
3,30,6,3155.52891043842,830.726202906348,0,0,0,178,0,0,0
3,30,7,20884.0433220801,6346.30135911509,38,0,0,209,0,0,0
3,30,8,0,8,0,0,0,0,0,0,0
3,31,1,2853.53795266233,1253.26526230515,0,0,0,142,0,0,0
3,31,2,2915.36171764041,1540.35998365714,0,0,0,194,0,0,1
3,31,3,2878.41700589587,618.069489622035,0,0,0,48,0,0,0
3,31,4,2873.11587151873,1242.85112897458,0,0,0,53,0,0,0
3,31,5,3124.91075168538,1117.78955886684,0,0,0,124,0,0,0
3,31,6,3167.24956323842,928.372962122518,0,0,0,83,0,0,0
3,31,7,20909.78553264,5452.55330045841,26,0,0,247,0,0,5
3,31,8,0,8,0,0,0,0,0,0,0
3,32,1,2854.22706826527,1342.75256940446,0,0,0,125,0,0,0
3,32,2,2919.50615205316,1314.46025846662,0,0,0,154,0,0,0
3,32,3,2865.44640043027,1637.96583252243,0,0,0,61,0,0,0
3,32,4,2873.51605065729,1138.84639593576,0,0,0,124,0,0,0
3,32,5,3126.57963206119,959.554562980745,0,0,0,111,0,0,0
3,32,6,3175.94754263042,1331.59627565894,0,0,0,92,0,0,0
3,32,7,20908.9524856,8583.84351500974,88,0,0,165,0,0,0
3,32,8,0,8,0,0,0,0,0,0,0
3,33,1,2879.14269274375,878.497985110825,0,0,0,134,0,0,0
3,33,2,2937.77268833879,1715.39086209041,0,0,0,131,0,0,0
3,33,3,2887.51956230887,845.635027508868,0,0,0,163,0,0,0
3,33,4,2890.08106072884,1419.02379253895,0,0,0,113,0,0,0
3,33,5,3136.05983925735,963.391719018959,0,0,0,95,0,0,0
3,33,6,3205.45335879681,2422.96097569078,0,0,0,133,0,0,0
3,33,7,20939.469463903,5819.76086006512,51,0,0,182,0,0,0
3,33,8,0,8,0,0,0,0,0,0,0
3,34,1,2859.92956375303,2175.28540964343,0,36,0,51,0,0,0
3,34,2,2935.3852685705,754.381863892169,0,67,0,104,0,0,0
3,34,3,2871.48851200742,778.399312853844,0,28,0,56,0,0,0
3,34,4,2879.59777942324,1175.34065920235,0,69,0,72,0,0,0
3,34,5,3117.93067127066,1308.10664377997,0,58,0,38,0,0,0
3,34,6,3219.92628551682,1606.8811822288,0,112,0,130,0,0,0
3,34,7,20942.758776671,9719.7069233709,1,192,0,224,0,0,0
3,34,8,0,8,0,0,0,0,0,0,0
3,35,1,2888.12381970925,1937.17567892035,0,0,0,189,0,0,0
3,35,2,2934.83353228015,1196.52498591065,0,0,0,75,0,0,0
3,35,3,2872.34581404472,1477.52202645358,0,0,0,77,0,0,0
3,35,4,2895.72203959092,1213.3511796051,0,0,0,117,0,0,0
3,35,5,3140.35120441626,679.429833065061,0,0,0,130,0,0,0
3,35,6,3259.35823833089,1648.42564949555,0,0,0,160,0,0,0
3,35,7,20984.0584379829,9167.76266282673,26,0,0,210,0,0,0
3,35,8,0,8,0,0,0,0,0,0,0
3,36,1,2915.36279806854,1926.49374636209,0,0,0,169,0,0,2
3,36,2,2945.73779191768,1860.99268645032,0,0,0,119,0,0,0
3,36,3,2894.2748206595,1685.08990566481,0,0,0,147,0,0,0
3,36,4,2909.07287846896,759.07742513583,0,0,0,121,0,0,0
3,36,5,3148.77467121127,1795.00448323835,0,0,0,67,0,0,0
3,36,6,3303.50857873819,1581.7221595254,0,0,0,164,0,0,0
3,36,7,21056.2712196533,8548.24397422944,15,0,0,354,0,0,0
3,36,8,0,8,0,0,0,0,0,0,0
3,37,1,2949.80045569345,600.292483592782,0,0,0,191,0,0,0
3,37,2,2989.08292891551,1415.41584828032,0,0,0,186,0,0,0
3,37,3,2929.26541618881,1227.19316965616,0,0,0,168,0,0,0
3,37,4,2911.39725658096,729.523420594398,0,0,0,75,0,0,0
3,37,5,3201.81678930177,1385.45704966217,0,0,0,179,0,0,0
3,37,6,3348.36754810144,967.271726218739,0,0,0,158,0,0,0
3,37,7,21091.9182034863,8248.55910385082,56,0,0,188,0,0,0
3,37,8,0,8,0,0,0,0,0,0,0
3,38,1,2955.11626101955,812.174246312732,0,0,0,60,0,0,0
3,38,2,3015.83670055752,1352.58604590086,0,0,0,141,0,0,0
3,38,3,2950.93700529657,829.557562376034,0,0,0,122,0,0,0
3,38,4,2919.64055621862,1126.79721264298,0,0,0,72,0,0,0
3,38,5,3245.00236540459,550.793202345955,0,0,0,138,0,0,0
3,38,6,3379.19666531617,1744.21988281665,0,0,0,96,0,0,0
3,38,7,21154.8273464184,3026.05372460004,54,0,0,197,0,0,0
3,38,8,0,8,0,0,0,0,0,0,0
3,39,1,2955.57216107715,1076.99736368468,0,0,0,81,0,0,0
3,39,2,3024.84421639328,1582.32171704096,0,0,0,135,0,0,0
3,39,3,2946.0696022259,1965.5944165976,0,0,0,82,0,0,0
3,39,4,2925.38443236377,1222.25909509524,0,0,0,112,0,0,0
3,39,5,3251.58084428724,2039.10336708541,0,0,0,55,0,0,0
3,39,6,3422.50301539617,966.189809535888,0,0,0,174,0,0,0
3,39,7,21173.6462705323,6495.01135260391,29,0,0,187,0,0,0
3,39,8,0,8,0,0,0,0,0,0,0
3,40,1,2962.96332663675,1425.47974025573,0,0,0,107,0,0,0
3,40,2,3038.18448041939,1149.16892234339,0,0,0,158,0,0,0
3,40,3,2967.69938944563,1672.02754556851,0,0,0,196,0,0,0
3,40,4,2935.36467550848,834.440238010527,0,0,0,122,0,0,0
3,40,5,3288.97171574485,562.798945001463,0,0,0,202,0,0,0
3,40,6,3440.92813915425,1960.42642493348,0,0,0,96,0,0,0
3,40,7,21195.6051354282,10764.7406867745,30,0,0,204,0,0,0
3,40,8,0,8,0,0,0,0,0,0,0
3,41,1,2984.03912405916,822.701515231267,0,0,0,142,0,0,0
3,41,2,3043.62728192876,1603.66420155722,0,0,0,114,0,0,0
3,41,3,2986.56761128832,551.547330774936,0,0,0,167,0,0,0
3,41,4,2936.99686374425,958.141913145044,0,0,0,83,0,0,0
3,41,5,3289.22242973572,1432.53418716582,0,0,0,56,0,0,0
3,41,6,3493.99678436493,1580.04404134307,0,0,0,196,0,0,0
3,41,7,21228.9214465706,3953.52110160477,28,0,0,211,0,0,0
3,41,8,0,8,0,0,0,0,0,0,0
3,42,1,2982.95043540507,1217.25020067979,0,0,0,82,0,0,0
3,42,2,3064.69848587418,804.363419826781,0,0,0,160,0,0,0
3,42,3,2971.26186607202,1993.08736447197,0,0,0,55,0,0,0
3,42,4,2943.53568539837,966.093810347997,0,0,0,95,0,0,0
3,42,5,3306.36541246869,1548.6456911443,0,0,0,143,0,0,0
3,42,6,3535.52027624589,1124.36126564958,0,0,0,158,0,0,0
3,42,7,21244.8209073793,9979.31963762941,44,0,0,172,0,0,0
3,42,8,0,8,0,0,0,0,0,0,0
3,43,1,3007.8897687551,1120.69241123774,0,0,0,121,0,0,0
3,43,2,3071.49775088795,913.948934661935,0,0,0,80,0,0,0
3,43,3,3012.93834637813,1021.11720437804,0,0,0,198,0,0,0
3,43,4,2956.2104297246,1241.9886639777,0,0,0,96,0,0,0
3,43,5,3356.19944271019,1767.70789775506,0,0,0,154,0,0,0
3,43,6,3566.13060888417,1683.80547445795,0,0,0,112,0,0,0
3,43,7,21304.0335629928,9222.2233521244,0,46,0,197,0,0,0
3,43,8,0,8,0,0,0,0,0,0,0
3,44,1,2989.01084786702,1753.57559482985,0,82,0,30,0,0,0
3,44,2,3052.64898008071,923.321525829866,0,39,0,52,0,0,0
3,44,3,3013.94646101226,825.488747815859,0,54,0,48,0,0,0
3,44,4,2949.24231220151,1147.74348742063,0,68,0,56,0,0,0
3,44,5,3379.52175183284,1516.97974089866,0,75,0,101,0,0,0
3,44,6,3581.19859512088,1153.21716044384,0,90,0,78,0,0,0
3,44,7,21348.9740657824,13592.4311761891,7,219,0,189,0,0,1
3,44,8,0,8,0,0,0,0,0,0,0
3,45,1,3008.11425854437,1273.37226414591,0,0,0,175,0,0,0
3,45,2,3048.7091399478,1457.73562034689,0,0,0,92,0,0,0
3,45,3,3006.77601400862,1052.37438790216,0,0,0,82,0,0,0
3,45,4,2958.70312107344,815.212601264551,0,0,0,114,0,0,0
3,45,5,3409.31851539809,1643.93406853958,0,0,0,151,0,0,0
3,45,6,3611.131187638,1447.47004535547,0,0,0,115,0,0,0
3,45,7,21388.4897593504,3423.5864693271,17,6,0,223,0,0,0
3,45,8,0,8,0,0,0,0,0,0,0
3,46,1,3021.03305853589,1685.20639330873,10,0,0,114,0,0,0
3,46,2,3067.35778261404,1353.76844350632,21,0,0,118,0,0,0
3,46,3,3013.00639693382,1206.77687095548,0,0,0,105,0,0,0
3,46,4,2964.9731726187,939.659630818386,0,0,0,81,0,0,0
3,46,5,3440.20633463932,989.78651393753,33,0,0,121,0,0,0
3,46,6,3657.47066670258,1751.79177391743,14,0,0,126,0,0,0
3,46,7,21426.961970347,11938.5427279949,141,0,0,159,0,0,0
3,46,8,0,8,0,0,0,0,0,0,0
3,47,1,3042.03313926968,584.781160670489,0,0,0,168,0,0,0
3,47,2,3080.6297393301,553.201951679908,0,0,0,135,0,0,0
3,47,3,3015.56917402591,1328.72570149616,0,0,0,120,0,0,0
3,47,4,2966.84568207124,1722.66341911434,0,0,0,93,0,0,0
3,47,5,3452.04779883153,1175.57470570483,0,0,0,98,0,0,0
3,47,6,3704.65763994392,1253.00047684285,0,0,0,175,0,0,0
3,47,7,21466.8697827194,8851.53850232868,34,0,0,203,0,0,0
3,47,8,0,8,0,0,0,0,0,0,0
3,48,1,3045.75024084817,1546.30792606322,0,0,0,58,0,0,0
3,48,2,3074.84771558296,1165.68048598049,0,0,0,55,0,0,0
3,48,3,3035.50308859469,987.284429409344,0,0,0,132,0,0,0
3,48,4,2991.09917483316,732.780298426162,0,0,0,172,0,0,0
3,48,5,3480.96317280911,1059.39945670562,0,0,0,117,0,0,0
3,48,6,3736.57240864479,1101.40837629964,0,0,0,125,0,0,0
3,48,7,21536.6014877195,10043.870897462,63,0,0,201,0,0,0
3,48,8,0,8,0,0,0,0,0,0,0
3,49,1,3080.98336755751,1184.97748989151,0,0,0,154,0,0,0
3,49,2,3088.49815245054,627.965891230973,0,0,0,116,0,0,0
3,49,3,3048.92205274871,1045.12746522031,0,0,0,98,0,0,0
3,49,4,2993.18979690706,1296.36177976534,0,0,0,73,0,0,0
3,49,5,3501.30134242818,859.02676463384,0,0,0,105,0,0,0
3,49,6,3777.42640204709,1313.82712132314,0,0,0,110,0,0,0
3,49,7,21598.1435434958,11036.6070226403,47,0,0,205,0,0,0
3,49,8,0,8,0,0,0,0,0,0,0
3,50,1,3095.34150472964,946.274979897696,0,0,0,118,0,0,0
3,50,2,3072.4946986141,1078.505327671,0,0,0,62,0,0,0
3,50,3,3052.10086895121,2081.41888267756,0,0,0,104,0,0,0
3,50,4,3001.1853620652,1281.47003876028,0,0,0,129,0,0,0
3,50,5,3505.01782738555,1459.90392776817,0,0,0,85,0,0,0
3,50,6,3804.0830330532,764.145386913377,0,0,0,131,0,0,0
3,50,7,21638.6156405626,12506.4618733662,41,0,0,232,0,0,0
3,50,8,0,8,0,0,0,0,0,0,0
3,51,1,3097.54564425941,1058.71495833139,0,0,0,94,0,0,0
3,51,2,3082.32241581457,1479.86764128677,0,0,0,107,0,0,0
3,51,3,3060.96359698585,1557.55027576946,0,0,0,194,0,0,0
3,51,4,3000.27372923194,1143.62716055778,0,0,0,128,0,0,0
3,51,5,3530.97293224428,1154.54192754195,0,0,0,145,0,0,0
3,51,6,3813.19402530599,1264.05538430369,0,0,0,76,0,0,0
3,51,7,21680.2085678191,6882.45008749244,38,0,0,227,0,0,5
3,51,8,0,8,0,0,0,0,0,0,0
3,52,1,3110.07028542895,1572.16323279821,1,0,0,104,0,0,0
3,52,2,3110.0332281437,1524.53364189711,0,0,0,147,0,0,0
3,52,3,3084.80200465594,1223.85837940381,7,0,0,144,0,0,0
3,52,4,3002.98780077372,1354.44521193885,0,0,0,114,0,0,0
3,52,5,3550.56002595286,1765.46669710916,0,0,0,115,0,0,0
3,52,6,3850.72475958423,969.806298125417,0,0,0,126,0,0,0
3,52,7,21768.6225089778,8348.14614113159,225,0,0,328,0,0,0
3,52,8,0,8,0,0,0,0,0,0,0
3,53,1,3129.18789831452,899.279084157599,0,0,0,156,0,0,0
3,53,2,3114.55756315403,1135.82590446512,0,0,0,152,0,0,0
3,53,3,3077.91621814821,1233.66229886852,0,0,0,122,0,0,0
3,53,4,3002.20449117143,1184.29033034726,0,0,0,135,0,0,0
3,53,5,3574.42186786145,1510.28824298199,0,0,0,176,0,0,0
3,53,6,3867.93527124307,858.04756630945,0,0,0,96,0,0,0
3,53,7,21803.1598141495,12278.0528561694,0,38,0,192,0,0,0
3,53,8,0,8,0,0,0,0,0,0,0
3,54,1,3124.26391878392,1392.42104374946,0,0,0,89,0,0,0
3,54,2,3108.11149263098,1365.36411908275,0,0,0,113,0,0,0
3,54,3,3073.78179774617,921.94302598627,0,0,0,123,0,0,0
3,54,4,2986.96080095077,1600.46088630959,0,0,0,118,0,0,0
3,54,5,3588.76819482916,1208.88259816331,0,0,0,151,0,0,0
3,54,6,3883.41043752814,1540.02110630373,0,0,0,85,0,0,0
3,54,7,21840.1546418106,4242.59556358643,0,234,0,244,0,0,0
3,54,8,0,8,0,0,0,0,0,0,0
3,55,1,3155.12181545403,770.190985240816,0,0,0,139,0,0,0
3,55,2,3117.90636951661,1710.77338948352,0,0,0,136,0,0,0
3,55,3,3065.16468575564,835.583550734544,0,0,0,92,0,0,0
3,55,4,3015.32341258865,898.645485798477,0,0,0,160,0,0,0
3,55,5,3604.20546262405,2409.23404953296,0,0,0,120,0,0,0
3,55,6,3937.30595533801,1369.22652904573,0,0,0,154,0,0,0
3,55,7,21887.4400010597,12115.7363028295,54,0,0,162,0,0,0
3,55,8,0,8,0,0,0,0,0,0,0
3,56,1,3146.59930021137,1050.19457414005,0,0,0,77,0,0,0
3,56,2,3130.22865139121,1030.85408917357,0,0,0,171,0,0,0
3,56,3,3046.42558347368,831.434657836563,0,0,0,83,0,0,0
3,56,4,2997.43200292352,1469.20668864141,0,0,0,89,0,0,0
3,56,5,3638.38112338512,1623.33873187952,0,0,0,224,0,0,0
3,56,6,3956.26578762699,1766.96031471384,0,0,0,136,0,0,0
3,56,7,21939.1593470718,11758.1144196917,8,18,0,225,0,0,0
3,56,8,0,8,0,0,0,0,0,0,0
3,57,1,3130.72518044053,785.019263970368,0,62,0,43,0,0,0
3,57,2,3110.56270065012,1815.65838334037,0,43,0,60,0,0,0
3,57,3,3021.36128280333,1457.14206545832,0,41,0,42,0,0,0
3,57,4,2977.0664145578,931.491766873324,0,76,0,70,0,0,0
3,57,5,3620.20264078527,1798.49113534345,0,82,0,80,0,0,0
3,57,6,3969.29288719438,2145.63766539104,0,83,0,93,0,0,0
3,57,7,21978.6791199369,8915.47814018241,10,186,0,199,0,0,0
3,57,8,0,8,0,0,0,0,0,0,0
3,58,1,3133.94168191473,1055.70751858465,0,0,0,78,0,0,0
3,58,2,3143.9576240473,935.029202936533,0,0,0,181,0,0,0
3,58,3,3033.70567159423,2035.90677676118,0,0,0,145,0,0,0
3,58,4,2986.57673643856,782.819325612725,0,0,0,93,0,0,0
3,58,5,3670.25615591622,1561.72048227253,0,0,0,172,0,0,0
3,58,6,4055.09903645858,1439.19496081515,0,0,0,214,0,0,0
3,58,7,22058.4813013401,13408.7192534696,28,0,0,212,0,0,0
3,58,8,0,8,0,0,0,0,0,0,0
3,59,1,3138.66227634591,1395.88297546951,0,0,0,105,0,0,0
3,59,2,3132.26962166062,1283.21621469427,0,0,0,93,0,0,0
3,59,3,3045.86331106775,1221.96743232832,0,0,0,197,0,0,0
3,59,4,2977.15193753959,1931.03444549998,0,0,0,78,0,0,0
3,59,5,3696.35958539491,2518.60102585175,0,0,0,156,0,0,0
3,59,6,4094.89475850847,1505.63288166615,0,0,0,143,0,0,0
3,59,7,22094.9429877145,7032.56914084099,27,0,0,234,0,0,0
3,59,8,0,8,0,0,0,0,0,0,0
3,60,1,3125.600156604,1490.45495572955,82,0,0,57,0,0,0
3,60,2,3134.81953819627,1136.00544817255,49,0,0,79,0,0,0
3,60,3,3031.04297142,1114.5087080799,62,0,0,60,0,0,0
3,60,4,2972.44765785321,1810.02116916449,96,0,0,97,0,0,0
3,60,5,3722.86496490522,1553.02526802965,126,0,0,125,0,0,0
3,60,6,4119.22943501838,1698.75463604509,68,0,0,82,0,0,0
3,60,7,22191.9953172406,7084.85137047948,358,0,0,344,0,0,0
3,60,8,0,8,0,0,0,0,0,0,0
3,61,1,3130.07490019067,712.603114133293,29,0,0,111,0,0,0
3,61,2,3144.07178960183,535.13640429286,0,0,0,113,0,0,0
3,61,3,3032.24763222036,1639.92644391286,0,0,0,111,0,0,0
3,61,4,2996.01904661358,480.907734584439,33,0,0,138,0,0,0
3,61,5,3757.58854951248,1842.17863298439,14,0,0,137,0,0,0
3,61,6,4167.53901847694,2221.01350953265,29,0,0,132,0,0,0
3,61,7,22237.9644778376,5894.71383214693,281,0,0,301,0,0,18
3,61,8,0,8,0,0,0,0,0,0,0
3,62,1,3136.9268710079,1093.94716169805,0,0,0,71,0,0,0
3,62,2,3149.56143473713,1519.16197943435,0,0,0,53,0,0,0
3,62,3,3085.45383146132,856.751504022087,8,0,0,143,0,0,0
3,62,4,2998.74568706546,1368.15832892433,0,0,0,48,0,0,0
3,62,5,3835.55786910802,1903.49690235508,3,0,0,176,0,0,0
3,62,6,4251.70147136515,1424.43335902036,24,0,0,159,0,0,0
3,62,7,22291.7554263478,4513.32919336073,158,0,0,178,0,0,0
3,62,8,0,8,0,0,0,0,0,0,0
3,63,1,3110.00832806128,1699.34396860515,106,0,0,3,0,0,0
3,63,2,3139.95195707796,1460.09651427619,80,0,0,71,0,0,0
3,63,3,3066.5766376202,1080.44081272711,46,0,0,39,0,0,0
3,63,4,2986.06245940724,1044.38441720718,62,0,0,74,0,0,0
3,63,5,3845.30567142839,901.283274941126,99,0,0,91,0,0,0
3,63,6,4255.03102374762,1109.19919715094,83,0,0,59,0,0,0
3,63,7,22316.4592923951,10857.4367819718,218,0,0,233,0,0,0
3,63,8,0,8,0,0,0,0,0,0,0
3,64,1,3120.93643866975,1479.33195398146,0,0,0,169,0,0,0
3,64,2,3156.14263290046,1333.42540808388,0,0,0,146,0,0,0
3,64,3,3071.04637528307,1614.45481275926,0,0,0,108,0,0,0
3,64,4,2984.72599432162,1649.92565148251,0,0,0,104,0,0,0
3,64,5,3864.43288474465,1141.73690518877,0,0,0,90,0,0,0
3,64,6,4283.53508077492,1103.66689411941,0,0,0,110,0,0,0
3,64,7,22293.4791652476,3777.53029541398,38,0,0,200,0,0,0
3,64,8,0,8,0,0,0,0,0,0,0
3,65,1,3101.91336243382,959.741498256708,0,96,0,51,0,0,0
3,65,2,3145.3079296759,639.960356642636,0,71,0,62,0,0,0
3,65,3,3069.79673557871,858.538937942947,0,69,0,92,0,0,0
3,65,4,2984.09896079829,1022.6249883207,0,62,0,102,0,0,0
3,65,5,3862.44545178609,1113.27829587644,0,46,0,68,0,0,0
3,65,6,4287.51811219036,1758.17371390315,0,54,0,56,0,0,0
3,65,7,22258.780415367,10086.7173560958,1,162,0,175,0,0,0
3,65,8,0,8,0,0,0,0,0,0,0
3,66,1,3115.21724422354,1357.48773757098,0,0,0,95,0,0,0
3,66,2,3156.79923159554,1162.27113699417,0,0,0,63,0,0,0
3,66,3,3084.60345191796,1347.99559118621,0,0,0,85,0,0,0
3,66,4,3010.49001702523,818.810691184929,0,0,0,102,0,0,0
3,66,5,3894.59141821047,2031.21347226406,0,0,0,111,0,0,0
3,66,6,4353.78427298856,756.928798802147,0,0,0,175,0,0,0
3,66,7,22287.803510004,8889.7051417706,28,0,0,227,0,0,0
3,66,8,0,8,0,0,0,0,0,0,0
3,67,1,3142.90723519918,2046.85649470012,0,0,0,135,0,0,0
3,67,2,3180.69283801799,1146.85026234569,0,0,0,116,0,0,0
3,67,3,3112.91300270227,2046.79680319047,0,0,0,134,0,0,0
3,67,4,3031.72370698156,1079.19409240634,0,0,0,81,0,0,0
3,67,5,3971.08982589466,1770.33513737462,0,0,0,202,0,0,0
3,67,6,4378.59758603399,1547.12448023683,0,0,0,75,0,0,0
3,67,7,22334.558593414,8520.16290013919,29,0,0,247,0,0,0
3,67,8,0,8,0,0,0,0,0,0,0
3,68,1,3211.56294387907,1462.6854200848,1,0,0,167,0,0,0
3,68,2,3244.3739520448,2164.46178798051,0,0,0,114,0,0,0
3,68,3,3232.56023642172,896.965323351842,1,0,0,181,0,0,0
3,68,4,3065.76661356627,1759.2341386293,0,0,0,107,0,0,0
3,68,5,4095.73977871328,1277.29159105084,0,0,0,177,0,0,0
3,68,6,4497.87395662433,984.218004602435,0,0,0,154,0,0,0
3,68,7,22398.5974760154,7127.85969124003,33,0,0,198,0,0,0
3,68,8,0,8,0,0,0,0,0,0,0
3,69,1,3236.72888776068,1301.00992991339,0,0,0,146,0,0,0
3,69,2,3266.16420428543,1718.53594311327,11,0,0,148,0,0,0
3,69,3,3245.26958230511,1790.97831814508,0,0,0,89,0,0,0
3,69,4,3098.57621973225,1814.35003984081,0,0,0,175,0,0,0
3,69,5,4125.56708843326,998.136194219661,0,0,0,127,0,0,0
3,69,6,4527.59602999057,1552.44793912163,0,0,0,98,0,0,0
3,69,7,22386.786034254,7781.83834829286,91,0,0,164,0,0,1
3,69,8,0,8,0,0,0,0,0,0,0
3,70,1,3258.56209339499,948.048172599266,0,0,0,130,0,0,0
3,70,2,3329.16175629299,1848.49369009735,0,0,0,171,0,0,0
3,70,3,3357.764082657,977.562382960985,0,0,0,179,0,0,0
3,70,4,3146.06177368046,1159.06498507651,0,0,0,180,0,0,0
3,70,5,4157.43680739322,1889.56489625016,0,0,0,99,0,0,0
3,70,6,4595.12434058216,2032.03177002291,0,0,0,155,0,0,0
3,70,7,22413.1240494019,7562.03673481943,72,0,0,187,0,0,0
3,70,8,0,8,0,0,0,0,0,0,0
3,71,1,3302.9800595901,1277.06904101602,0,0,0,94,0,0,0
3,71,2,3426.52820276467,1043.14017998494,0,0,0,184,0,0,0
3,71,3,3444.13299039284,1341.52890969087,0,0,0,97,0,0,0
3,71,4,3189.10123256509,1356.02418311651,0,0,0,115,0,0,0
3,71,5,4301.03502913348,2321.45319018917,1,0,0,181,0,0,0
3,71,6,4745.75196189106,882.243674316735,0,0,0,202,0,0,0
3,71,7,22512.9343466586,8701.83517439038,127,0,0,197,0,0,0
3,71,8,0,8,0,0,0,0,0,0,0
3,72,1,3322.20809637303,1563.33890029825,0,0,0,127,0,0,0
3,72,2,3439.51429076292,2188.65695753262,0,0,0,104,0,0,0
3,72,3,3479.91162789815,1148.27288689489,0,0,0,134,0,0,0
3,72,4,3225.28858298775,695.963996338511,0,0,0,135,0,0,0
3,72,5,4395.672768854,2113.89512550898,7,0,0,179,0,0,0
3,72,6,4770.82778738256,1936.16937873848,0,0,0,88,0,0,0
3,72,7,22547.6777343592,9128.42076889767,98,0,0,175,0,0,0
3,72,8,0,8,0,0,0,0,0,0,0
3,73,1,3369.44503902382,2014.98971720618,0,0,0,156,0,0,0
3,73,2,3501.42011442291,1157.50979559061,4,0,0,185,0,0,0
3,73,3,3548.0502940387,1301.86891648196,0,0,0,114,0,0,0
3,73,4,3235.55321445537,1078.74204427236,0,0,0,69,0,0,0
3,73,5,4469.48389737936,1373.40576605915,8,0,0,152,0,0,0
3,73,6,4876.53246924631,529.970732932751,2,0,0,176,0,0,0
3,73,7,22625.680038206,10179.8349172753,98,0,0,176,0,0,1
3,73,8,0,8,0,0,0,0,0,0,0
3,74,1,3402.9883281056,2139.25567807824,1,0,0,182,0,0,0
3,74,2,3506.69277855295,1346.41233421941,0,0,0,115,0,0,0
3,74,3,3567.1380567122,1162.71574157659,0,0,0,130,0,0,0
3,74,4,3242.99616666722,1030.30210449887,0,0,0,107,0,0,0
3,74,5,4484.89289012258,1860.82205293731,0,0,0,137,0,0,0
3,74,6,4892.74527267672,764.782022220976,0,0,0,52,0,0,0
3,74,7,22685.607975484,9678.69167703146,77,0,0,243,0,0,0
3,74,8,0,8,0,0,0,0,0,0,0
3,75,1,3456.37380768292,1573.91411683486,0,0,0,204,0,0,0
3,75,2,3539.88395222,416.213183489893,0,0,0,134,0,0,0
3,75,3,3625.62776653869,1448.03523627012,0,0,0,116,0,0,0
3,75,4,3251.15062347108,1430.3352550848,0,0,0,103,0,0,0
3,75,5,4566.48405657747,2148.77177821376,0,0,0,174,0,0,0
3,75,6,4948.27001964583,2412.80648257523,0,0,0,76,0,0,0
3,75,7,22816.2242501915,12055.9546322483,0,35,0,347,0,0,0
3,75,8,0,8,0,0,0,0,0,0,0
3,76,1,3485.92475667572,1382.4948014432,0,1,0,154,0,0,0
3,76,2,3511.06174453659,993.820925707774,0,0,0,41,0,0,0
3,76,3,3640.01503197197,1902.7015977639,0,0,0,144,0,0,0
3,76,4,3286.68355893301,1085.54916604673,0,0,0,141,0,0,0
3,76,5,4647.75637660287,1918.94847422418,0,13,0,169,0,0,0
3,76,6,5016.53218646402,2074.67249543085,0,22,0,168,0,0,0
3,76,7,22905.0096970387,7296.27419919883,2,240,0,240,0,0,0
3,76,8,0,8,0,0,0,0,0,0,0
3,77,1,3549.39493956936,1535.42022991756,0,0,0,138,0,0,0
3,77,2,3564.17748667321,1575.60223504575,0,0,0,99,0,0,0
3,77,3,3752.25217688707,1072.12170479143,0,0,0,190,0,0,0
3,77,4,3330.10807654899,1459.18072140998,0,0,0,108,0,0,0
3,77,5,4854.11811599807,2516.65841228883,0,0,0,191,0,0,0
3,77,6,5218.36770927646,1296.1337912547,0,0,0,207,0,0,0
3,77,7,23078.3807583255,12875.6195791659,33,0,0,197,0,0,0
3,77,8,0,8,0,0,0,0,0,0,0
3,78,1,3585.29488498163,1208.97886208333,0,0,0,153,0,0,0
3,78,2,3573.14665342716,858.704634107322,0,0,0,157,0,0,0
3,78,3,3762.06434952645,1343.74236717724,0,0,0,107,0,0,0
3,78,4,3359.20336555369,1659.67399038395,0,0,0,145,0,0,0
3,78,5,4946.50868755838,2611.74703250143,0,0,0,213,0,0,0
3,78,6,5292.46832878462,2089.94093503927,0,0,0,129,0,0,0
3,78,7,23149.9087632695,12268.4951086994,25,0,0,198,0,0,1
3,78,8,0,8,0,0,0,0,0,0,0
3,79,1,3619.16737541495,1434.00347178407,0,0,0,120,0,0,0
3,79,2,3581.74620310913,1712.28366550616,0,0,0,85,0,0,0
3,79,3,3848.60440099549,1275.26495639546,0,0,0,134,0,0,0
3,79,4,3411.4683660645,899.792801176106,0,0,0,165,0,0,0
3,79,5,5084.47975422812,1713.78737146147,0,6,0,196,0,0,0
3,79,6,5415.53482943981,2257.41051519592,0,3,0,171,0,0,0
3,79,7,23260.7734544653,11447.2774599818,0,96,0,209,0,0,0
3,79,8,0,8,0,0,0,0,0,0,0
3,80,1,3620.1139375068,1662.73946941606,0,0,0,143,0,0,0
3,80,2,3593.02317103824,1952.94343751748,0,0,0,171,0,0,0
3,80,3,3848.54278231666,1608.30310688519,0,0,0,127,0,0,0
3,80,4,3401.42379799387,1055.70512450856,0,0,0,89,0,0,0
3,80,5,5111.75536126178,1921.88798047148,0,0,0,169,0,0,0
3,80,6,5483.1220488775,2177.39439738802,0,0,0,225,0,0,0
3,80,7,23317.9673115178,11123.6322512341,29,0,0,270,0,0,0
3,80,8,0,8,0,0,0,0,0,0,0
3,81,1,3647.38256548452,2189.79403324866,0,0,0,165,0,0,0
3,81,2,3610.53058516724,1065.1631291813,0,0,0,195,0,0,0
3,81,3,3926.79917469145,1256.32179343272,0,0,0,160,0,0,0
3,81,4,3397.60198535065,1550.35287927603,0,0,0,105,0,0,0
3,81,5,5151.06080523408,2184.9070264576,0,0,0,187,0,0,0
3,81,6,5587.95309233452,2980.04648156027,0,0,0,212,0,0,0
3,81,7,23364.1524958476,11719.0898714458,0,63,0,190,0,0,0
3,81,8,0,8,0,0,0,0,0,0,0
3,82,1,3692.76109150909,1446.12082508089,0,0,0,177,0,0,0
3,82,2,3621.87498652414,1697.6379539901,0,0,0,106,0,0,0
3,82,3,3936.97832505143,1942.64467140998,0,0,0,125,0,0,0
3,82,4,3431.4763660476,1831.95926326351,0,0,0,155,0,0,0
3,82,5,5248.14202515806,2137.86248819049,0,0,0,212,0,0,0
3,82,6,5696.18441050954,3905.55790138506,2,0,0,196,0,0,0
3,82,7,23488.6928325856,7026.22166993889,20,2,0,311,0,0,0
3,82,8,0,8,0,0,0,0,0,0,0
3,83,1,3667.89285398091,1379.35958989555,0,61,0,83,0,0,0
3,83,2,3587.9788026126,1531.9887146128,0,98,0,71,0,0,0
3,83,3,3935.19380938263,1688.40093701867,0,92,0,102,0,0,0
3,83,4,3418.10120222479,1040.91347811255,0,101,0,82,0,0,0
3,83,5,5244.6160592572,2678.67956501895,0,96,0,117,0,0,0
3,83,6,5747.20441730768,2561.04591900654,0,153,0,189,0,0,0
3,83,7,23514.1686976211,13248.1146939451,4,242,0,224,0,0,1
3,83,8,0,8,0,0,0,0,0,0,0
3,84,1,3686.22883025356,1304.64775006452,0,0,0,137,0,0,0
3,84,2,3598.513324179,1247.38964039796,0,0,0,153,0,0,0
3,84,3,3971.28975864478,2240.28028021335,0,0,0,168,0,0,0
3,84,4,3436.12926562625,2131.84942395924,0,0,0,104,0,0,0
3,84,5,5304.48037929153,2787.79597642435,1,0,0,203,0,0,0
3,84,6,5844.6830111248,3658.37019998463,0,0,0,194,0,0,0
3,84,7,23552.3470616021,11413.8458459099,29,0,0,195,0,0,0
3,84,8,0,8,0,0,0,0,0,0,0
3,85,1,3739.13241750069,1246.17011520212,0,0,0,130,0,0,0
3,85,2,3640.08208998247,1380.8665050172,0,0,0,124,0,0,0
3,85,3,4058.97314394401,1504.24971716063,0,0,0,224,0,0,0
3,85,4,3518.86124201549,2493.82531677245,0,0,0,204,0,0,0
3,85,5,5467.69018584174,3142.11030584166,0,0,0,179,0,0,6
3,85,6,6008.7138872897,2392.77957291853,4,0,0,193,0,0,0
3,85,7,23688.2827379952,12795.9343161599,22,0,0,214,0,0,2
3,85,8,0,8,0,0,0,0,0,0,0
3,86,1,3764.86369151883,1281.42143589688,0,0,0,124,0,0,0
3,86,2,3664.11621771277,1896.97237055839,0,0,0,138,0,0,0
3,86,3,4094.32816389693,1577.11356987341,0,0,0,150,0,0,0
3,86,4,3585.06589700932,1525.32430504612,0,0,0,203,0,0,1
3,86,5,5580.51211566347,2765.22128849256,1,0,0,232,0,0,0
3,86,6,6113.82726557059,2566.78524058931,0,0,0,231,0,0,0
3,86,7,23781.4368589677,11789.0857100037,21,1,0,216,0,0,0
3,86,8,0,8,0,0,0,0,0,0,0
3,87,1,3783.40132894616,1365.46519378269,0,0,0,128,0,0,0
3,87,2,3692.26074297785,636.768104778899,0,0,0,189,0,0,0
3,87,3,4124.95442918721,1372.32975794022,0,0,0,157,0,0,0
3,87,4,3607.45825814232,1127.77046980025,0,0,0,152,0,0,0
3,87,5,5679.61166514342,1694.2014471256,3,0,0,197,0,0,0
3,87,6,6224.90457908275,1138.98095892006,1,0,0,196,0,0,0
3,87,7,23837.4141891468,7065.3020102979,35,0,0,214,0,0,0
3,87,8,0,8,0,0,0,0,0,0,0
3,88,1,3836.6973225534,1311.8796363488,0,0,0,136,0,0,0
3,88,2,3686.59383874214,1811.08217227717,0,0,0,63,0,0,0
3,88,3,4171.27492274715,1791.77797312846,0,0,0,137,0,0,0
3,88,4,3626.68099365036,1644.80065320443,0,0,0,112,0,0,0
3,88,5,5837.32056466197,2313.96175428303,0,0,0,169,0,0,0
3,88,6,6285.26830292977,2397.00120331317,0,0,0,113,0,0,0
3,88,7,23911.4991455206,6636.70117328121,69,0,0,182,0,0,0
3,88,8,0,8,0,0,0,0,0,0,0
3,89,1,3830.12259690008,2308.70139710129,87,0,0,35,0,0,0
3,89,2,3686.89793092455,2024.2432445609,61,0,0,114,0,0,0
3,89,3,4173.88625767459,1083.64384599327,89,0,0,81,0,0,0
3,89,4,3654.72891899791,1778.19852187657,53,0,0,106,0,0,0
3,89,5,5861.64188556835,1192.06699433903,111,0,0,109,0,0,0
3,89,6,6334.83428556121,3684.9552765542,107,0,0,122,0,0,0
3,89,7,23972.4318679216,12100.7558001747,235,2,0,236,0,0,0
3,89,8,0,8,0,0,0,0,0,0,0
3,90,1,3867.06372770485,1700.20006174287,1,0,0,210,0,0,0
3,90,2,3736.51124589922,2232.02059172064,0,0,0,202,0,0,0
3,90,3,4195.01583214987,727.741509749278,0,0,0,108,0,0,0
3,90,4,3690.25121179707,1233.38930852417,0,0,0,176,0,0,0
3,90,5,5921.54764977127,1968.63145030585,0,0,0,119,0,0,0
3,90,6,6421.17852359064,1552.71414197568,6,0,0,242,0,0,0
3,90,7,23958.1343464455,5587.07545529165,50,0,0,193,0,0,0
3,90,8,0,8,0,0,0,0,0,0,0
3,91,1,3892.17960268878,1534.75650482632,13,0,0,132,0,0,0
3,91,2,3778.30378521271,1039.47165606837,25,0,0,149,0,0,0
3,91,3,4204.17520986842,1880.75183037033,0,0,0,72,0,0,0
3,91,4,3723.20218049902,1417.71523963474,0,0,0,123,0,0,0
3,91,5,5987.96941881986,2238.44402347272,8,0,0,173,0,0,0
3,91,6,6509.17810783357,3832.16078279985,0,0,0,155,0,0,0
3,91,7,23967.5206477174,10213.0589219994,124,0,0,194,0,0,1
3,91,8,0,8,0,0,0,0,0,0,0
3,92,1,3988.47769403266,1404.17421115851,0,0,0,153,0,0,0
3,92,2,3826.77564353967,1679.83705875709,0,0,0,103,0,0,0
3,92,3,4372.71413206217,1348.6783651862,0,0,0,182,0,0,0
3,92,4,3814.99875417976,1363.34370481538,0,0,0,141,0,0,0
3,92,5,6252.48322059207,1634.77654701187,2,0,0,189,0,0,0
3,92,6,6743.62893984891,1471.08094768204,10,0,0,197,0,0,0
3,92,7,24117.1451502211,11729.2450698694,44,0,0,249,0,0,0
3,92,8,0,8,0,0,0,0,0,0,0
3,93,1,4006.78956966877,1033.57708834989,0,0,0,140,0,0,0
3,93,2,3870.85404430208,798.055470384252,0,0,0,167,0,0,0
3,93,3,4396.41534425454,784.211162558335,0,0,0,134,0,0,0
3,93,4,3838.88634522364,1004.68722094896,0,0,0,136,0,0,0
3,93,5,6298.72778725983,2718.21050289991,0,0,0,163,0,0,0
3,93,6,6817.09869687768,2742.78087558913,0,0,0,147,0,0,0
3,93,7,24151.8259059029,10962.9228014395,44,0,0,226,0,0,0
3,93,8,0,8,0,0,0,0,0,0,0
3,94,1,4037.45632644369,429.137019793173,0,0,0,103,0,0,0
3,94,2,3892.68599656602,1627.05016666972,0,0,0,79,0,0,0
3,94,3,4421.29057559011,1716.476511669,0,0,0,78,0,0,0
3,94,4,3879.39547160476,1661.5818844293,0,0,0,100,0,0,0
3,94,5,6424.01643620688,4489.7264240657,2,0,0,236,0,0,0
3,94,6,6956.692837241,3334.54193416761,0,0,0,262,0,0,0
3,94,7,24221.2754826365,10313.65527184,59,0,0,241,0,0,0
3,94,8,0,8,0,0,0,0,0,0,0
3,95,1,4043.96588308147,2185.16182886239,0,0,0,42,0,0,0
3,95,2,3976.61128619735,2421.83677603029,0,0,0,162,0,0,0
3,95,3,4511.85412418995,1623.90452143203,0,0,0,171,0,0,0
3,95,4,4015.27786993063,1629.99197642014,0,0,0,166,0,0,0
3,95,5,6736.85626381253,2699.58569448351,36,0,0,178,0,0,0
3,95,6,7175.11828699386,1328.52235720824,23,0,0,162,0,0,0
3,95,7,24338.712728576,10123.7027900802,116,0,0,189,0,0,0
3,95,8,0,8,0,0,0,0,0,0,0
3,96,1,4148.79543023908,1362.23835483964,0,0,0,218,0,0,0
3,96,2,4062.98697713212,2159.60626615306,7,0,0,204,0,0,0
3,96,3,4578.55716776381,751.397638650306,0,0,0,162,0,0,0
3,96,4,4089.72167037139,1717.61284495708,0,0,0,159,0,0,0
3,96,5,6902.81519379955,2242.04383559886,16,0,0,183,0,0,0
3,96,6,7321.02781273628,2521.05196133347,0,0,0,132,0,0,0
3,96,7,24340.1098057141,4938.65967302848,160,0,0,148,0,0,0
3,96,8,0,8,0,0,0,0,0,0,0
3,97,1,4143.53534924791,1116.53592318968,0,82,0,54,0,0,0
3,97,2,4059.98726833516,2129.53811353408,0,107,0,108,0,0,0
3,97,3,4550.5220319547,1352.01503753506,0,41,0,34,0,0,0
3,97,4,4098.41020536209,1511.23670457212,0,91,0,80,0,0,0
3,97,5,6935.13679458528,3354.13159025234,0,116,0,108,0,0,0
3,97,6,7360.24012616707,3115.06251762374,0,135,0,117,0,0,0
3,97,7,24362.0357326629,9585.96132505882,0,241,0,252,0,0,0
3,97,8,0,8,0,0,0,0,0,0,0
3,98,1,4177.52365596916,2066.32427420689,0,0,0,111,0,0,0
3,98,2,4135.6823920195,1127.31477141189,0,0,0,212,0,0,0
3,98,3,4585.85732673108,2459.82497173258,0,0,0,135,0,0,0
3,98,4,4147.54550445366,705.759251483894,0,0,0,151,0,0,0
3,98,5,7079.14180245101,1883.99693273008,5,0,0,195,0,0,0
3,98,6,7521.88156593614,4088.75227343648,1,0,0,181,0,0,0
3,98,7,24447.6836388258,12440.7654461954,31,0,0,199,0,0,0
3,98,8,0,8,0,0,0,0,0,0,0
3,99,1,4236.56127422574,853.000930650878,0,0,0,206,0,0,0
3,99,2,4164.9618667714,834.757238823749,0,0,0,112,0,0,0
3,99,3,4687.35972931455,1889.27794408412,0,0,0,245,0,0,0
3,99,4,4161.87301897367,1477.41216696033,0,0,0,70,0,0,0
3,99,5,7202.64678102686,2997.38384721983,0,0,0,185,0,0,0
3,99,6,7710.08527047768,3668.5992548552,2,0,0,286,0,0,1
3,99,7,24547.4273498811,11822.1682722275,25,0,0,199,0,0,0
3,99,8,0,8,0,0,0,0,0,0,0
3,100,1,4251.39902890762,1370.29677161085,0,0,0,85,0,0,0
3,100,2,4173.77884734441,1264.45380426323,0,0,0,83,0,0,0
3,100,3,4747.38188013768,1940.31459513359,0,0,0,188,0,0,0
3,100,4,4213.56221288689,1737.82261079991,0,0,0,147,0,0,0
3,100,5,7332.11600037638,3825.31236501192,2,0,0,210,0,0,0
3,100,6,7948.21868474354,2524.06675126361,0,0,0,324,0,0,0
3,100,7,24591.8474479814,6050.58326557113,23,0,0,217,0,0,4
3,100,8,0,8,0,0,0,0,0,0,0
4,1,1,2863.51072,1397.6921921925,0,40,0,38,0,0,0
4,1,2,2852.336,1061.59991352844,0,42,0,42,0,0,0
4,1,3,2843.6816,1208.61096150628,0,7,0,9,0,0,0
4,1,4,2849.2816,668.40310891401,0,22,0,15,0,0,0
4,1,5,2846.8896,1017.34134159544,0,7,0,11,0,0,0
4,1,6,2855.744,1454.24849401167,0,34,0,53,0,0,0
4,1,7,19865.1996799999,10745.7885581581,0,28,0,34,0,0,0
4,1,8,0,2,0,34,0,32,0,0,0
4,2,1,2882.48672,1760.39362129542,0,0,0,139,0,0,0
4,2,2,2865.28,844.438797977674,0,0,0,106,0,0,0
4,2,3,2856.9776,350.224156731724,0,0,0,120,0,0,0
4,2,4,2849.8416,1382.54545028635,0,0,0,66,0,0,0
4,2,5,2854.5696,958.06252329162,0,0,0,101,0,0,0
4,2,6,2875.552,1167.0654816627,0,0,0,145,0,0,0
4,2,7,19819.4812799998,6882.45747774907,14,8,0,237,0,0,0
4,2,8,0,2,0,0,0,0,0,0,0
4,3,1,2908.91423999999,1194.84763058654,0,0,0,176,0,0,0
4,3,2,2875.56,250.286146809358,0,0,0,84,0,0,0
4,3,3,2854.3472,455.272628453792,0,0,0,35,0,0,0
4,3,4,2862.4816,1401.98626582088,0,0,0,138,0,0,0
4,3,5,2861.2736,1550.70477388476,0,0,0,95,0,0,0
4,3,6,2887.95199999999,1308.93964742203,0,0,0,116,0,0,0
4,3,7,19767.6764799997,12443.0517158208,78,0,0,189,0,0,0
4,3,8,0,2,0,0,0,0,0,0,0
4,4,1,2920.99423999999,1468.39077827038,0,0,0,119,0,0,0
4,4,2,2870.8896,888.137275682079,0,0,0,25,0,0,0
4,4,3,2849.1088,472.382147619817,0,0,0,45,0,0,0
4,4,4,2877.65888,1448.7282071585,0,0,0,140,0,0,0
4,4,5,2876.8896,1091.66606033238,0,0,0,155,0,0,0
4,4,6,2901.39167999999,1056.72720752272,0,0,0,130,0,0,0
4,4,7,19722.9103999997,11602.2967492969,43,0,0,194,0,0,0
4,4,8,0,2,0,0,0,0,0,0,0
4,5,1,2934.52511999999,1427.65672431466,0,0,0,146,0,0,0
4,5,2,2874.0912,846.838560333224,0,0,0,88,0,0,0
4,5,3,2841.69248,916.113759003046,0,0,0,47,0,0,0
4,5,4,2887.91616,1125.59432959402,0,0,0,144,0,0,0
4,5,5,2883.0736,882.118251917161,0,0,0,109,0,0,0
4,5,6,2907.30687999999,1383.10725768355,0,0,0,105,0,0,0
4,5,7,19678.9907199997,9069.03771728544,0,58,0,249,0,0,0
4,5,8,0,2,0,0,0,0,0,0,0
4,6,1,2921.60511999999,1258.11984448729,0,119,0,23,0,0,0
4,6,2,2866.85472,1046.66838638631,0,41,0,43,0,0,0
4,6,3,2830.89568,1511.71257753297,0,42,0,49,0,0,0
4,6,4,2879.83904,776.084601160601,0,57,0,55,0,0,0
4,6,5,2873.416,1636.090762014,0,49,0,39,0,0,0
4,6,6,2904.87007999999,913.371190691106,0,71,0,67,0,0,0
4,6,7,19633.3999999996,8128.43677879239,7,174,0,198,0,0,1
4,6,8,0,2,0,0,0,0,0,0,0
4,7,1,2937.73919999999,1029.48724091457,0,0,0,125,0,0,0
4,7,2,2879.18112,1766.87705012677,0,0,0,104,0,0,0
4,7,3,2851.01568,1643.12122630301,0,0,0,151,0,0,0
4,7,4,2882.39264,659.881873767764,0,0,0,77,0,0,0
4,7,5,2899.08736,1380.29483376451,0,0,0,163,0,0,0
4,7,6,2917.04582399999,496.720575548951,0,0,0,91,0,0,0
4,7,7,19620.1295999996,9619.83946356431,27,0,0,207,0,0,0
4,7,8,0,2,0,0,0,0,0,0,0
4,8,1,2949.95871999999,2072.08514005006,0,0,0,102,0,0,0
4,8,2,2907.90144,1160.76695590491,0,0,0,176,0,0,0
4,8,3,2873.71808,780.812158483648,0,0,0,164,0,0,0
4,8,4,2883.85056,276.157637034317,0,0,0,65,0,0,0
4,8,5,2918.676736,1303.868377571,0,0,0,138,0,0,0
4,8,6,2918.49836799999,755.784792461632,0,0,0,49,0,0,0
4,8,7,19608.8665599995,5700.70896923494,23,0,0,200,0,0,0
4,8,8,0,2,0,0,0,0,0,0,0
4,9,1,2966.21011199999,1757.5686248467,36,0,0,134,0,0,0
4,9,2,2920.11296,598.458829411296,0,0,0,116,0,0,0
4,9,3,2878.40128,520.935482350879,0,0,0,78,0,0,0
4,9,4,2876.21856,1182.25910679694,0,0,0,27,0,0,0
4,9,5,2932.217536,897.422301124114,0,0,0,130,0,0,0
4,9,6,2924.53196799999,656.294694495195,0,0,0,75,0,0,0
4,9,7,19604.0806399995,4281.77927094986,162,0,0,244,0,0,0
4,9,8,0,2,0,0,0,0,0,0,0
4,10,1,2989.080256,1736.84889520856,11,0,0,147,0,0,0
4,10,2,2917.535616,1462.395271138,0,0,0,59,0,0,0
4,10,3,2875.007424,1015.01140689322,0,0,0,52,0,0,0
4,10,4,2890.7192192,1127.55153350923,0,0,0,118,0,0,0
4,10,5,2934.4590592,760.774325340819,0,0,0,89,0,0,0
4,10,6,2924.390848,800.370267818307,0,0,0,65,0,0,0
4,10,7,19599.4226559994,5164.7090566139,106,0,0,193,0,0,0
4,10,8,0,2,0,0,0,0,0,0,0
4,11,1,3005.721536,694.67231146574,5,0,0,146,0,0,0
4,11,2,2928.5739392,936.922018316009,0,0,0,146,0,0,0
4,11,3,2879.238848,669.259760605669,0,0,0,101,0,0,0
4,11,4,2890.5428992,1657.74939378314,0,0,0,112,0,0,0
4,11,5,2932.4190592,1358.5262880633,0,0,0,76,0,0,0
4,11,6,2926.635648,1013.17636415904,0,0,0,80,0,0,0
4,11,7,19592.1330559994,10395.5202497799,55,0,0,217,0,0,2
4,11,8,0,2,0,0,0,0,0,0,0
4,12,1,3006.999296,1110.17848157637,0,0,0,69,0,0,0
4,12,2,2929.43777280001,1054.39667070066,0,0,0,93,0,0,0
4,12,3,2873.9854592,748.357773601725,0,0,0,66,0,0,0
4,12,4,2903.2598784,1084.59927514477,0,0,0,165,0,0,0
4,12,5,2945.3176192,616.258418961219,0,0,0,135,0,0,0
4,12,6,2932.670848,880.986716674605,0,0,0,101,0,0,0
4,12,7,19580.5755519994,10318.6353435791,43,0,0,203,0,0,0
4,12,8,0,2,0,0,0,0,0,0,0
4,13,1,3013.502976,1961.28363753434,0,0,0,111,0,0,0
4,13,2,2932.11730176001,888.086146894677,0,0,0,105,0,0,0
4,13,3,2866.1182592,1731.14035751934,0,0,0,74,0,0,0
4,13,4,2900.01533440001,908.195568124458,0,0,0,108,0,0,0
4,13,5,2938.929152,804.142483921794,0,0,0,61,0,0,0
4,13,6,2934.1051392,1102.26380326087,0,0,0,88,0,0,0
4,13,7,19564.8357119993,4960.46622250612,0,51,0,200,0,0,0
4,13,8,0,2,0,0,0,0,0,0,0
4,14,1,3026.63949056,1585.65223580349,0,27,0,135,0,0,0
4,14,2,2928.01970176001,1471.35615924589,0,0,0,88,0,0,0
4,14,3,2876.8003712,1156.50305244471,0,3,0,165,0,0,0
4,14,4,2892.83217920001,825.247456683,0,0,0,90,0,0,0
4,14,5,2931.998208,1403.05450552462,0,0,0,80,0,0,0
4,14,6,2940.357824,1113.81630458452,0,0,0,110,0,0,0
4,14,7,19548.2120959993,4635.12834835064,0,147,0,172,0,0,0
4,14,8,0,2,0,0,0,0,0,0,0
4,15,1,3046.06093056,1301.84387059074,0,0,0,158,0,0,0
4,15,2,2935.51013376001,1416.86833593842,0,0,0,147,0,0,0
4,15,3,2872.4172672,622.246580706237,0,0,0,115,0,0,0
4,15,4,2879.19947520001,1449.88672194281,0,0,0,82,0,0,0
4,15,5,2937.777728,1489.73216405863,0,0,0,140,0,0,0
4,15,6,2946.917504,1445.09329932526,0,0,0,111,0,0,0
4,15,7,19546.0664959992,6642.67698474113,24,0,0,179,0,0,0
4,15,8,0,2,0,0,0,0,0,0,0
4,16,1,3045.87399680001,1084.36892018947,0,48,0,82,0,0,0
4,16,2,2930.67467571201,1075.80475928206,0,65,0,76,0,0,0
4,16,3,2849.738432,1542.02549148833,0,33,0,29,0,0,0
4,16,4,2868.54077440001,803.711696501239,0,71,0,73,0,0,0
4,16,5,2928.5404032,566.460103677672,0,57,0,91,0,0,0
4,16,6,2941.208192,1029.13003951191,0,71,0,73,0,0,0
4,16,7,19556.2456959992,4037.23974466645,5,241,0,214,0,0,0
4,16,8,0,2,0,0,0,0,0,0,0
4,17,1,3063.65511680001,900.874392144659,0,0,0,108,0,0,0
4,17,2,2938.49552691202,798.28386651906,0,0,0,107,0,0,0
4,17,3,2870.046592,1350.63450088244,0,0,0,154,0,0,0
4,17,4,2871.23863347201,339.630295236831,0,0,0,80,0,0,0
4,17,5,2929.4307712,796.030623678586,0,0,0,56,0,0,0
4,17,6,2959.55064576,1113.7989350729,0,0,0,102,0,0,0
4,17,7,19591.8085247991,7867.72313946286,55,0,0,160,0,0,0
4,17,8,0,2,0,0,0,0,0,0,0
4,18,1,3072.07687680001,1205.2529228615,0,0,0,90,0,0,0
4,18,2,2936.17967411202,731.020401370125,0,0,0,79,0,0,0
4,18,3,2880.54886656001,1233.70054406001,0,0,0,135,0,0,0
4,18,4,2859.19626547201,1152.85351129636,0,0,0,33,0,0,0
4,18,5,2930.19968000001,694.583901617862,0,0,0,79,0,0,0
4,18,6,2975.94040576,1779.42184967788,0,0,0,111,0,0,0
4,18,7,19626.4549887992,7704.55412294606,36,0,0,196,0,0,0
4,18,8,0,2,0,0,0,0,0,0,0
4,19,1,3082.32968140801,526.030615919248,0,0,0,120,0,0,0
4,19,2,2935.90066995202,939.905018879542,0,0,0,73,0,0,0
4,19,3,2889.02631987201,1016.84206920214,0,0,0,123,0,0,0
4,19,4,2866.35316531202,949.998625762565,0,0,0,115,0,0,0
4,19,5,2931.10453760001,1518.4873759936,0,0,0,69,0,0,0
4,19,6,3006.00865536,1247.06321534206,0,0,0,177,0,0,0
4,19,7,19695.1637247992,6079.93247936768,24,0,0,300,0,0,0
4,19,8,0,2,0,0,0,0,0,0,0
4,20,1,3079.59725260801,877.273154368631,0,0,0,52,0,0,0
4,20,2,2937.33466429442,1101.8666159913,0,0,0,93,0,0,0
4,20,3,2892.58853171201,1181.46694258444,0,0,0,101,0,0,0
4,20,4,2870.89852915714,1471.89257175958,0,0,0,94,0,0,0
4,20,5,2950.11167232001,1036.04216625078,0,0,0,151,0,0,0
4,20,6,3026.34343936001,1054.59847382286,0,0,0,124,0,0,0
4,20,7,19733.8161279991,8863.89115867241,126,0,0,179,0,0,3
4,20,8,0,2,0,0,0,0,0,0,0
4,21,1,3087.28397260801,1048.03398941253,0,0,0,87,0,0,0
4,21,2,2943.57867479042,1060.11476681549,0,0,0,110,0,0,0
4,21,3,2899.28917708801,919.395250768725,0,0,0,118,0,0,0
4,21,4,2887.79831232514,1706.17400267549,0,0,0,147,0,0,0
4,21,5,2959.93644144641,1916.29064811632,0,0,0,103,0,0,0
4,21,6,3043.89922560001,851.918690003733,0,0,0,105,0,0,0
4,21,7,19774.9550054391,12473.1468743932,54,0,0,179,0,0,5
4,21,8,0,2,0,0,0,0,0,0,0
4,22,1,3093.02834278402,1311.02166615709,0,0,0,104,0,0,0
4,22,2,2943.77764823042,1226.49365696788,0,0,0,106,0,0,0
4,22,3,2884.21106442241,662.597958563989,0,0,0,91,0,0,0
4,22,4,2902.51952832514,1788.29649518368,0,0,0,170,0,0,0
4,22,5,2981.17249392641,743.961528062416,0,0,0,191,0,0,0
4,22,6,3051.35316480001,1066.46953009891,0,0,0,85,0,0,0
4,22,7,19804.4533862391,11427.4965600506,38,0,0,215,0,0,0
4,22,8,0,2,0,0,0,0,0,0,0
4,23,1,3105.59230822402,1236.82337654143,0,0,0,131,0,0,0
4,23,2,2945.36827811843,1440.77127059034,0,0,0,122,0,0,0
4,23,3,2873.25079050242,1215.61515541042,0,0,0,66,0,0,0
4,23,4,2914.51738826754,1006.78662762898,0,0,0,178,0,0,0
4,23,5,2979.43977441281,1190.99635969369,0,0,0,74,0,0,0
4,23,6,3065.87312640001,1175.93513347306,0,0,0,106,0,0,0
4,23,7,19826.3261670391,7354.54584720432,39,0,0,166,0,0,3
4,23,8,0,2,0,0,0,0,0,0,0
4,24,1,3116.59915622402,1616.43559106402,0,0,0,123,0,0,0
4,24,2,2948.63104675843,1477.14439163405,0,0,0,144,0,0,0
4,24,3,2874.66394122242,1193.80777671574,0,0,0,121,0,0,0
4,24,4,2908.88617725954,1171.54230370705,0,0,0,100,0,0,0
4,24,5,2985.09502689281,1439.06802875267,0,0,0,119,0,0,0
4,24,6,3078.23591680001,1543.18618955764,0,0,0,117,0,0,0
4,24,7,19855.1049676791,4702.3189164448,142,0,0,205,0,0,1
4,24,8,0,2,0,0,0,0,0,0,0
4,25,1,3127.98779095042,1365.76021869177,15,0,0,124,0,0,0
4,25,2,2950.82786674691,1047.60805211735,4,0,0,137,0,0,0
4,25,3,2874.79527270402,551.365486597086,0,0,0,119,0,0,0
4,25,4,2915.86533712366,851.051718556543,0,0,0,117,0,0,0
4,25,5,2998.83917047809,1877.89331553187,3,0,0,133,0,0,0
4,25,6,3107.35956520961,647.824635517813,0,0,0,154,0,0,0
4,25,7,19878.733780479,6667.55507018965,132,0,0,140,0,0,0
4,25,8,0,2,0,0,0,0,0,0,0
4,26,1,3129.40430755842,1551.92014616295,0,0,0,136,0,0,0
4,26,2,2940.2422410445,1066.96654100387,0,0,0,104,0,0,0
4,26,3,2852.67417446402,1235.17621823262,0,0,0,55,0,0,0
4,26,4,2902.80564355566,1346.89320843354,0,0,0,85,0,0,0
4,26,5,3016.03076741121,1280.44296035035,0,0,0,187,0,0,0
4,26,6,3103.18432552961,996.891363616801,0,0,0,64,0,0,0
4,26,7,19935.792672767,14200.5181946142,0,25,0,339,0,0,0
4,26,8,0,2,0,0,0,0,0,0,0
4,27,1,3138.00739235843,1536.48302661849,0,0,0,155,0,0,0
4,27,2,2936.20405647362,293.677838237013,0,0,0,106,0,0,0
4,27,3,2849.02207846402,1330.95859697881,0,0,0,123,0,0,0
4,27,4,2907.21733753326,852.715084880566,0,0,0,134,0,0,0
4,27,5,3014.93303173121,972.22013541791,0,0,0,128,0,0,0
4,27,6,3114.27224504321,910.844602005996,0,0,0,99,0,0,0
4,27,7,19962.649878527,7186.97413684272,0,106,0,207,0,0,0
4,27,8,0,2,0,0,0,0,0,0,0
4,28,1,3135.85856471043,1005.16144667788,0,16,0,121,0,0,0
4,28,2,2904.72186224724,822.502815850431,0,0,0,29,0,0,0
4,28,3,2852.51276990875,1110.00133607708,0,0,0,133,0,0,0
4,28,4,2894.75185613294,988.408923366581,0,0,0,85,0,0,0
4,28,5,3013.89197770671,1653.1223254613,0,0,0,97,0,0,0
4,28,6,3124.49192120321,741.155366215685,0,0,0,91,0,0,0
4,28,7,20012.9205620726,8280.0936375848,0,217,0,229,0,0,0
4,28,8,0,2,0,0,0,0,0,0,0
4,29,1,3140.98269143042,1389.44158701605,0,0,0,100,0,0,0
4,29,2,2892.90794055764,1561.23041206466,0,0,0,82,0,0,0
4,29,3,2839.18464643073,1413.40025069241,0,0,0,111,0,0,0
4,29,4,2892.45603326446,902.347044124126,0,0,0,98,0,0,0
4,29,5,3024.70306559903,1088.15590686588,0,14,0,140,0,0,0
4,29,6,3130.94004664321,1673.71257219709,0,0,0,74,0,0,0
4,29,7,20073.1713855273,4315.88517769994,2,179,0,208,0,0,11
4,29,8,0,2,0,0,0,0,0,0,0
4,30,1,3110.20667207682,1830.92600530548,0,134,0,4,0,0,0
4,30,2,2870.27538800724,1048.42873343463,0,74,0,82,0,0,0
4,30,3,2813.28115403163,1177.20481573063,0,87,0,54,0,0,0
4,30,4,2868.88538685934,952.483029185712,0,43,0,47,0,0,0
4,30,5,3009.98888550303,1230.92168087345,0,60,0,48,0,0,0
4,30,6,3133.93475717121,1351.82933220237,0,79,0,88,0,0,0
4,30,7,20110.4358719273,8610.00260479544,0,199,0,232,0,0,0
4,30,8,0,2,0,0,0,0,0,0,0
4,31,1,3147.82521655298,1666.59630874127,0,0,0,183,0,0,0
4,31,2,2882.08904312916,657.151418146327,0,0,0,104,0,0,0
4,31,3,2822.47441477633,1662.3074260654,0,0,0,117,0,0,0
4,31,4,2874.22828392532,984.537526367191,0,0,0,95,0,0,0
4,31,5,3032.59381561656,903.315719779443,0,0,0,123,0,0,0
4,31,6,3172.71003842561,1470.50464854668,0,0,0,135,0,0,0
4,31,7,20174.1093674793,9997.89246787296,29,0,0,227,0,0,0
4,31,8,0,2,0,0,0,0,0,0,0
4,32,1,3170.63547037698,515.829102623679,0,0,0,166,0,0,0
4,32,2,2876.97007318714,1389.99673722397,0,0,0,65,0,0,0
4,32,3,2831.78809116673,995.375668776426,0,0,0,166,0,0,0
4,32,4,2873.59823532116,1405.41589135452,0,0,0,98,0,0,0
4,32,5,3039.98802233656,720.630898204454,0,0,0,90,0,0,0
4,32,6,3202.40522870785,918.654221846726,0,0,0,147,0,0,0
4,32,7,20222.2731639593,4992.27733569864,23,0,0,228,0,0,3
4,32,8,0,2,0,0,0,0,0,0,0
4,33,1,3168.54701791644,1905.41376918212,0,0,0,51,0,0,0
4,33,2,2888.73580499453,826.89553464201,0,0,0,138,0,0,0
4,33,3,2835.27881243362,932.336141010533,0,0,0,99,0,0,0
4,33,4,2887.77095483149,818.856931388762,0,0,0,140,0,0,0
4,33,5,3038.6713665772,1129.76465892541,0,0,0,72,0,0,0
4,33,6,3221.34485356544,1663.28833250304,0,0,0,91,0,0,0
4,33,7,20275.0902468392,11430.6616179936,31,0,0,206,0,0,3
4,33,8,0,2,0,0,0,0,0,0,0
4,34,1,3200.05583184284,1016.32401848688,0,0,0,190,0,0,0
4,34,2,2885.28959740004,1192.37940276284,0,0,0,82,0,0,0
4,34,3,2832.05953785759,954.980268608225,0,0,0,93,0,0,0
4,34,4,2889.70688948325,1093.46269025744,0,0,0,81,0,0,0
4,34,5,3043.85604091315,1481.37712480188,0,0,0,112,0,0,0
4,34,6,3252.48039114753,573.552831208458,0,0,0,166,0,0,0
4,34,7,20335.5113038632,12290.362538206,28,0,0,261,0,0,0
4,34,8,0,2,0,0,0,0,0,0,0
4,35,1,3203.41272490396,1031.61758452433,0,0,0,101,0,0,0
4,35,2,2887.54862536803,1930.49746190224,0,0,0,119,0,0,0
4,35,3,2822.39443029919,1368.66294011532,0,0,0,95,0,0,0
4,35,4,2887.47636670564,1411.93845550951,0,0,0,109,0,0,0
4,35,5,3056.29785837389,681.606632234518,0,0,0,148,0,0,0
4,35,6,3254.14505236481,572.797624731062,0,0,0,57,0,0,0
4,35,7,20373.3297763112,4341.09672028352,26,0,0,233,0,0,0
4,35,8,0,2,0,0,0,0,0,0,0
4,36,1,3216.87900626619,1826.27763801755,0,0,0,103,0,0,0
4,36,2,2921.92444536214,1325.14445573747,0,0,0,193,0,0,0
4,36,3,2831.82613200881,715.144501169403,0,0,0,136,0,0,0
4,36,4,2897.18315316038,1455.33218722081,0,0,0,141,0,0,0
4,36,5,3054.77386510157,1665.79202209196,0,0,0,68,0,0,0
4,36,6,3260.10108229633,1652.17737059055,0,0,0,57,0,0,0
4,36,7,20412.0909134632,4384.428048607,59,0,0,173,0,0,0
4,36,8,0,2,0,0,0,0,0,0,0
4,37,1,3219.02695573179,1350.21188221567,29,0,0,121,0,0,0
4,37,2,2921.9106849935,1742.01651760958,0,0,0,132,0,0,0
4,37,3,2821.68137707914,797.06742744343,0,0,0,71,0,0,0
4,37,4,2895.22054384945,1298.41483598723,3,0,0,139,0,0,0
4,37,5,3056.54717882598,1444.27079719846,12,0,0,141,0,0,0
4,37,6,3283.72249280513,1720.89352057349,0,0,0,165,0,0,0
4,37,7,20425.5561422632,8054.56800104111,132,0,0,161,0,0,0
4,37,8,0,2,0,0,0,0,0,0,0
4,38,1,3225.75436900027,484.998292657894,0,0,0,135,0,0,0
4,38,2,2937.11589182146,1404.41007883907,0,0,0,174,0,0,0
4,38,3,2808.62243398026,1122.11338680602,0,0,0,79,0,0,0
4,38,4,2888.59250628298,1552.64703666518,0,0,0,129,0,0,0
4,38,5,3065.30038481126,633.418787864692,0,0,0,144,0,0,0
4,38,6,3311.64375939073,1032.51566157319,0,0,0,172,0,0,0
4,38,7,20458.0986805031,6046.11357007277,42,0,0,216,0,0,0
4,38,8,0,2,0,0,0,0,0,0,0
4,39,1,3203.67532943034,501.697743898564,0,32,0,16,0,0,0
4,39,2,2920.30167915202,1042.28504268035,0,82,0,58,0,0,0
4,39,3,2788.74726574474,1310.2476436187,0,60,0,52,0,0,0
4,39,4,2872.93520540239,597.241145392146,0,82,0,73,0,0,0
4,39,5,3045.52636347237,1221.3535730627,0,33,0,30,0,0,0
4,39,6,3299.81968975873,948.501236982137,0,57,0,46,0,0,0
4,39,7,20492.0718517031,2131.90113408462,0,297,0,290,0,0,0
4,39,8,0,2,0,0,0,0,0,0,0
4,40,1,3195.94659473082,1717.8500444874,26,0,0,24,0,0,0
4,40,2,2910.36235092674,1492.15268130168,53,0,0,51,0,0,0
4,40,3,2783.20876945802,1559.68320521696,58,0,0,73,0,0,0
4,40,4,2861.13506880079,1603.42616405952,17,0,0,42,0,0,0
4,40,5,3043.28254495589,1650.4136075065,48,0,0,74,0,0,0
4,40,6,3300.37571971073,1101.40161923849,46,0,0,48,0,0,0
4,40,7,20505.4765151015,4982.0311443,97,0,0,116,0,0,0
4,40,8,0,2,0,0,0,0,0,0,0
4,41,1,3215.70142706157,1488.06696793418,0,0,0,171,0,0,0
4,41,2,2926.77188866754,603.180532215552,0,0,0,149,0,0,0
4,41,3,2800.37951399003,993.909755536612,0,0,0,155,0,0,0
4,41,4,2876.67147197007,894.800812334583,0,0,0,160,0,0,0
4,41,5,3066.10205574645,1061.37131434178,0,0,0,165,0,0,0
4,41,6,3316.55907600795,2008.44512102849,0,0,0,110,0,0,0
4,41,7,20517.3190239015,10644.3730621625,26,0,0,183,0,0,0
4,41,8,0,2,0,0,0,0,0,0,0
4,42,1,3233.53132181765,1274.83345331764,0,0,0,148,0,0,0
4,42,2,2922.5274957059,939.467358633124,0,0,0,60,0,0,0
4,42,3,2807.77871107982,1257.31105230147,0,0,0,99,0,0,0
4,42,4,2874.42994071651,1357.70216257108,0,0,0,89,0,0,0
4,42,5,3068.43703098377,1438.57070205159,0,0,0,106,0,0,0
4,42,6,3360.38451085313,1945.61726318942,0,0,0,200,0,0,0
4,42,7,20539.2969368358,10115.7595737598,24,1,0,198,0,0,1
4,42,8,0,2,0,0,0,0,0,0,0
4,43,1,3255.00458805918,1109.50932996113,0,0,0,127,0,0,0
4,43,2,2922.39722932025,931.138693126504,0,0,0,93,0,0,0
4,43,3,2820.47948865094,376.51875570435,0,0,0,125,0,0,0
4,43,4,2891.49642351986,1446.25189999962,0,0,0,135,0,0,0
4,43,5,3086.72427786437,876.581710776502,0,0,0,143,0,0,0
4,43,6,3407.1273657213,1546.96874603053,0,0,0,190,0,0,0
4,43,7,20562.5108441279,9919.20825088019,27,0,0,192,0,0,0
4,43,8,0,2,0,0,0,0,0,0,0
4,44,1,3258.21491595836,1901.65366208588,0,0,0,110,0,0,0
4,44,2,2915.35845125536,875.947775499352,0,0,0,93,0,0,0
4,44,3,2810.71471658484,1321.2706065462,0,0,0,37,0,0,0
4,44,4,2900.08435464766,1583.92380043971,0,0,0,144,0,0,0
4,44,5,3082.15386542277,1779.41313090223,0,0,0,87,0,0,0
4,44,6,3429.8051932324,1386.20365850447,0,0,0,154,0,0,0
4,44,7,20589.8349311167,8120.62203337749,27,0,0,298,0,0,0
4,44,8,0,2,0,0,0,0,0,0,0
4,45,1,3256.7714302214,1136.62263837058,0,83,0,107,0,0,0
4,45,2,2895.93233150242,583.113801294699,0,48,0,39,0,0,0
4,45,3,2805.59297341719,1592.03763561098,0,61,0,71,0,0,0
4,45,4,2899.60071682393,613.557655595523,0,80,0,78,0,0,0
4,45,5,3084.43686835193,1036.5663611164,0,82,0,95,0,0,0
4,45,6,3436.54960675554,1295.11737270862,0,55,0,83,0,0,0
4,45,7,20611.4046282943,5182.15587616845,3,283,0,253,0,0,3
4,45,8,0,2,0,0,0,0,0,0,0
4,46,1,3272.47052336805,786.877869904665,0,0,0,113,0,0,0
4,46,2,2895.72339696316,1771.14113833331,0,0,0,58,0,0,0
4,46,3,2831.52959632815,1246.82908810465,0,0,0,159,0,0,0
4,46,4,2905.17874544985,1260.14303519169,0,0,0,61,0,0,0
4,46,5,3109.65240991335,1795.58978229681,0,0,0,103,0,0,0
4,46,6,3473.98163701319,1551.84875377834,0,0,0,129,0,0,0
4,46,7,20660.6153454783,5249.44675675992,34,0,0,185,0,0,0
4,46,8,0,2,0,0,0,0,0,0,0
4,47,1,3279.00638162338,950.6546339129,0,0,0,78,0,0,0
4,47,2,2929.89283318151,894.789007460151,1,0,0,165,0,0,0
4,47,3,2850.55368486974,614.094022999228,0,0,0,124,0,0,0
4,47,4,2934.23197944254,709.614778622553,0,0,0,126,0,0,0
4,47,5,3161.43807935375,1227.450063333,0,0,0,179,0,0,0
4,47,6,3525.21723835267,363.536458303663,0,0,0,155,0,0,0
4,47,7,20723.9103878335,10114.0752598252,39,0,0,206,0,0,0
4,47,8,0,2,0,0,0,0,0,0,0
4,48,1,3287.54565997986,1435.96289065218,0,0,0,95,0,0,0
4,48,2,2940.07100841014,1447.67266804416,0,0,0,89,0,0,0
4,48,3,2849.46769598857,1014.38587678713,0,0,0,61,0,0,0
4,48,4,2939.02377598127,799.841924640064,0,0,0,70,0,0,0
4,48,5,3187.63975723919,2013.02929332701,0,0,0,122,0,0,0
4,48,6,3529.43580457449,1435.12358005092,0,0,0,36,0,0,0
4,48,7,20771.1203560639,11076.8438452972,31,0,0,202,0,0,0
4,48,8,0,2,0,0,0,0,0,0,0
4,49,1,3304.85779486783,1575.4653750081,0,0,0,143,0,0,0
4,49,2,2958.98696337895,694.663173229667,0,0,0,144,0,0,0
4,49,3,2853.58105643401,1181.58227299443,0,0,0,101,0,0,0
4,49,4,2945.10935359196,951.999525430449,0,0,0,79,0,0,0
4,49,5,3228.4725087487,1177.11477614297,0,0,0,198,0,0,0
4,49,6,3563.32228862241,1059.21646904264,0,0,0,143,0,0,0
4,49,7,20822.4743501195,5672.21315038932,37,0,0,212,0,0,0
4,49,8,0,2,0,0,0,0,0,0,0
4,50,1,3331.39867512419,966.205369015081,0,0,0,156,0,0,0
4,50,2,2955.55234192648,1842.3509074963,0,0,0,69,0,0,0
4,50,3,2857.50863212164,1071.27920128125,0,0,0,118,0,0,0
4,50,4,2953.58483032673,1144.67276811604,0,0,0,95,0,0,0
4,50,5,3240.49853780879,1754.62943772434,0,0,0,117,0,0,0
4,50,6,3584.14866792246,1821.00537162523,0,0,0,105,0,0,0
4,50,7,20860.8794552715,12443.1076388729,233,0,0,193,0,0,0
4,50,8,0,2,0,0,0,0,0,0,0
4,51,1,3337.51896472876,1177.52022972887,0,0,0,96,0,0,0
4,51,2,2977.49381535717,1379.30129217667,0,0,0,184,0,0,0
4,51,3,2863.13978690385,679.820490287629,0,0,0,107,0,0,0
4,51,4,2965.97287459864,865.831067830071,0,0,0,114,0,0,0
4,51,5,3270.91070738478,1194.808303784,0,0,0,174,0,0,0
4,51,6,3626.16572871994,1710.19712165995,0,0,0,182,0,0,0
4,51,7,20909.4237839959,9314.30462466482,40,0,0,224,0,0,0
4,51,8,0,2,0,0,0,0,0,0,0
4,52,1,3348.4299064224,1137.16304321165,0,0,0,117,0,0,0
4,52,2,3000.17856865724,823.991952705547,0,0,0,137,0,0,0
4,52,3,2864.66907753215,1126.11961687984,0,0,0,67,0,0,0
4,52,4,2967.99357263707,862.415174216423,0,0,0,86,0,0,0
4,52,5,3287.66570483348,1523.25988171287,0,0,0,119,0,0,0
4,52,6,3674.80987134274,1982.31069616707,0,0,0,171,0,0,0
4,52,7,20972.4820040279,9072.69375977166,114,0,0,197,0,0,0
4,52,8,0,2,0,0,0,0,0,0,0
4,53,1,3362.93826933004,844.039093744968,0,0,0,113,0,0,0
4,53,2,2992.93348665807,1680.28724438261,0,0,0,82,0,0,0
4,53,3,2864.95489739663,924.836997269315,0,0,0,112,0,0,0
4,53,4,2970.1061172122,1511.11269168723,0,0,0,86,0,0,0
4,53,5,3304.62792939075,1379.37355264426,0,0,0,152,0,0,0
4,53,6,3717.90299693645,1467.95363017302,4,0,0,174,0,0,0
4,53,7,21060.0196753179,7029.99019323184,103,0,0,294,0,0,0
4,53,8,0,2,0,0,0,0,0,0,0
4,54,1,3368.8709341275,1647.88001435775,0,0,0,84,0,0,0
4,54,2,3011.71962152476,1077.13325497014,0,0,0,168,0,0,0
4,54,3,2858.58199885998,1138.18653769653,0,0,0,92,0,0,0
4,54,4,2977.28501278945,890.358207979176,3,0,0,141,0,0,0
4,54,5,3322.84129690911,833.429428244062,0,0,0,137,0,0,0
4,54,6,3756.97097014984,1780.1916523187,0,0,0,146,0,0,0
4,54,7,21121.0087959119,11503.8831793478,166,0,0,174,0,0,13
4,54,8,0,2,0,0,0,0,0,0,0
4,55,1,3389.95319425167,1586.68799175767,0,0,0,164,0,0,0
4,55,2,3008.54941315666,2004.67122704467,0,0,0,107,0,0,0
4,55,3,2856.87589539781,1475.55448804676,0,0,0,113,0,0,0
4,55,4,2970.65044796957,1236.12087443378,0,0,0,89,0,0,0
4,55,5,3322.01238714958,1401.50015031509,0,0,0,83,0,0,0
4,55,6,3796.44807130379,1776.83220462222,0,0,0,172,0,0,0
4,55,7,21175.8420398588,7944.47686333762,65,0,0,245,0,0,0
4,55,8,0,2,0,0,0,0,0,0,0
4,56,1,3412.6575506752,1433.14811547665,0,0,0,158,0,0,0
4,56,2,3023.27055116609,1251.83792874602,6,0,0,175,0,0,0
4,56,3,2864.49886499137,562.130894642567,0,0,0,147,0,0,0
4,56,4,2958.24150539446,1075.92328374236,0,0,0,123,0,0,0
4,56,5,3342.61881117194,1044.4545291694,0,0,0,140,0,0,0
4,56,6,3841.61652363902,1861.95885525558,0,0,0,174,0,0,0
4,56,7,21218.0439717331,7606.15865826236,158,0,0,170,0,0,0
4,56,8,0,2,0,0,0,0,0,0,0
4,57,1,3429.10718088719,640.559739483414,16,0,0,112,0,0,0
4,57,2,3016.81037778102,1175.75185321862,0,0,0,125,0,0,0
4,57,3,2847.15759160102,433.804121464941,0,0,0,56,0,0,0
4,57,4,2956.27610415725,895.987837058968,0,0,0,107,0,0,0
4,57,5,3349.36597490552,1028.00407911098,0,0,0,104,0,0,0
4,57,6,3885.47585477374,1639.10436848024,21,0,0,145,0,0,0
4,57,7,21301.4558859813,8925.00841116763,240,0,0,303,0,0,1
4,57,8,0,2,0,0,0,0,0,0,0
4,58,1,3421.89710006337,1086.21439664393,0,0,0,64,0,0,0
4,58,2,3014.37630733725,866.149032695758,0,0,0,117,0,0,0
4,58,3,2821.37882294364,1547.72687862742,0,0,0,43,0,0,0
4,58,4,2943.64740995238,865.672485299762,0,0,0,89,0,0,0
4,58,5,3352.67920890399,1128.01593652301,0,0,0,102,0,0,0
4,58,6,3932.16605678797,2347.35759226208,0,0,0,163,0,0,0
4,58,7,21365.2155102675,9475.24612288339,0,35,0,219,0,0,0
4,58,8,0,2,0,0,0,0,0,0,0
4,59,1,3403.84118609185,2145.94597854763,0,61,0,47,0,0,0
4,59,2,2987.69678749579,764.827875134102,0,56,0,30,0,0,0
4,59,3,2801.83548557446,1188.3430565055,0,72,0,82,0,0,0
4,59,4,2921.02227273004,666.744473431123,0,35,0,51,0,0,0
4,59,5,3344.68773121411,1100.32702543992,0,58,0,54,0,0,0
4,59,6,3952.09903731608,1039.98867930525,0,121,0,113,0,0,0
4,59,7,21454.9368424874,9017.1984406552,6,238,0,248,0,0,1
4,59,8,0,2,0,0,0,0,0,0,0
4,60,1,3435.21665495184,872.353572921294,0,0,0,212,0,0,0
4,60,2,2985.96659173838,2001.90339477137,0,0,0,76,0,0,0
4,60,3,2808.86513555193,665.894345199902,0,0,0,118,0,0,0
4,60,4,2916.8491579061,1022.57243708626,0,0,0,66,0,0,0
4,60,5,3360.20314835303,877.276508498615,0,0,0,110,0,0,0
4,60,6,3982.09552524593,1595.8798150669,0,0,0,103,0,0,0
4,60,7,21517.2838802857,12544.4575683469,26,0,0,264,0,0,0
4,60,8,0,2,0,0,0,0,0,0,0
4,61,1,3455.52453533054,989.104829295855,0,0,0,87,0,0,0
4,61,2,3026.37648247199,1740.5660863939,0,0,0,200,0,0,0
4,61,3,2804.10623163501,686.736594578487,0,0,0,66,0,0,0
4,61,4,2923.86985510339,1007.52139600561,0,0,0,102,0,0,0
4,61,5,3378.57986787507,1751.7851678412,0,0,0,87,0,0,0
4,61,6,4042.01596977272,1357.82602696657,0,0,0,159,0,0,0
4,61,7,21592.8940982705,5570.11980061404,25,0,0,208,0,0,0
4,61,8,0,2,0,0,0,0,0,0,0
4,62,1,3462.89721716863,924.514593605831,0,0,0,98,0,0,0
4,62,2,3049.29754175761,1182.56653927514,0,0,0,174,0,0,0
4,62,3,2791.88029965297,982.352878059442,0,0,0,68,0,0,0
4,62,4,2916.19701471456,1413.8970229761,0,0,0,100,0,0,0
4,62,5,3398.73270686939,809.596661509485,0,0,0,175,0,0,0
4,62,6,4065.65550937549,1249.24406199306,0,0,0,135,0,0,0
4,62,7,21631.651084695,8714.34647272997,26,0,0,209,0,0,0
4,62,8,0,2,0,0,0,0,0,0,0
4,63,1,3476.48862012702,2529.34386036811,0,0,0,92,0,0,0
4,63,2,3066.14850218452,1558.6441387084,0,0,0,118,0,0,0
4,63,3,2798.72390347064,842.431860832173,0,0,0,98,0,0,0
4,63,4,2933.37204851547,1256.25041776777,0,0,0,141,0,0,0
4,63,5,3404.59780339512,1945.50775892845,0,0,0,80,0,0,0
4,63,6,4102.02441544078,1626.79806848535,0,0,0,124,0,0,0
4,63,7,21717.1652766112,13738.6263081193,30,0,0,203,0,0,0
4,63,8,0,2,0,0,0,0,0,0,0
4,64,1,3500.42417579278,1363.515517109,0,0,0,209,0,0,0
4,64,2,3076.48655308252,1181.08404717176,0,0,0,155,0,0,0
4,64,3,2780.88838858976,1134.92262148899,0,0,0,84,0,0,0
4,64,4,2928.99399727192,916.734222228485,0,0,0,125,0,0,0
4,64,5,3420.2326419464,1485.12751418491,0,0,0,194,0,0,0
4,64,6,4125.9753389923,2403.50887182994,0,0,0,162,0,0,0
4,64,7,21749.4047090729,9607.15695547515,28,0,0,261,0,0,0
4,64,8,0,2,0,0,0,0,0,0,0
4,65,1,3495.81679722409,1156.84524116181,0,70,0,66,0,0,0
4,65,2,3067.00782345272,1142.41809429676,0,59,0,59,0,0,0
4,65,3,2772.91378711604,722.864980213539,0,57,0,56,0,0,0
4,65,4,2911.50981833926,1308.26732683353,0,50,0,41,0,0,0
4,65,5,3414.12227906171,1325.79436795965,0,69,0,79,0,0,0
4,65,6,4164.26297637692,1960.44223810112,0,120,0,120,0,0,0
4,65,7,21841.5936087538,11602.0563284863,5,265,0,301,0,0,0
4,65,8,0,2,0,0,0,0,0,0,0
4,66,1,3509.59962267375,1628.56412008867,0,0,0,115,0,0,0
4,66,2,3078.71321818633,1259.089057082,0,0,0,114,0,0,0
4,66,3,2767.14065343445,475.947313452869,0,0,0,72,0,0,0
4,66,4,2922.38130080279,666.873975494009,0,0,0,130,0,0,0
4,66,5,3430.32149815481,1908.09950464038,0,0,0,132,0,0,0
4,66,6,4212.99730635522,130.05436524595,0,0,0,196,0,0,0
4,66,7,21889.4764237298,10445.2970879395,28,0,0,257,0,0,0
4,66,8,0,2,0,0,0,0,0,0,0
4,67,1,3548.76643598305,716.026086266983,0,0,0,162,0,0,0
4,67,2,3106.17525949016,1812.8540806128,0,0,0,125,0,0,0
4,67,3,2763.57849503063,1278.25257768075,0,0,0,47,0,0,0
4,67,4,2923.92977776213,705.26060113087,0,0,0,66,0,0,0
4,67,5,3474.63427075818,1655.9249119663,0,0,0,178,0,0,0
4,67,6,4212.15526324451,879.751952770826,0,0,0,13,0,0,0
4,67,7,21966.843592925,11353.9952893778,29,0,0,198,0,0,1
4,67,8,0,2,0,0,0,0,0,0,0
4,68,1,3549.11037871182,601.914691117463,0,0,0,71,0,0,0
4,68,2,3155.01044789913,929.027163776874,0,0,0,181,0,0,0
4,68,3,2780.55041951164,868.141205004549,0,0,0,127,0,0,0
4,68,4,2921.716458202,1784.07637555014,0,0,0,70,0,0,0
4,68,5,3518.47206612387,1543.91714170888,0,0,0,161,0,0,0
4,68,6,4233.77813070346,1628.45520574717,0,0,0,87,0,0,0
4,68,7,22058.7158292903,6122.31410047301,26,0,0,253,0,0,0
4,68,8,0,2,0,0,0,0,0,0,0
4,69,1,3550.80581829721,1274.00757132628,0,0,0,60,0,0,0
4,69,2,3160.96655567652,1685.05526111615,0,0,0,92,0,0,0
4,69,3,2781.88180477904,1216.04701236039,0,0,0,86,0,0,0
4,69,4,2946.20545822742,1337.87544999799,0,0,0,178,0,0,0
4,69,5,3535.1023768008,857.783672702994,0,0,0,154,0,0,0
4,69,6,4272.6768993458,1653.18384890642,0,0,0,162,0,0,0
4,69,7,22086.5563287975,2825.04390192065,54,0,0,182,0,0,0
4,69,8,0,2,0,0,0,0,0,0,0
4,70,1,3568.37128126201,1791.56582222842,0,0,0,126,0,0,0
4,70,2,3162.02057127355,789.696490909763,13,0,0,129,0,0,0
4,70,3,2784.56604657176,1922.40636573283,0,0,0,121,0,0,0
4,70,4,2953.70990363023,1028.09812267214,0,0,0,133,0,0,0
4,70,5,3529.78738472672,1067.60146430432,0,0,0,85,0,0,0
4,70,6,4308.81463919968,3047.20116793476,2,0,0,157,0,0,0
4,70,7,22110.920796773,7109.7106077926,28,0,0,196,0,0,0
4,70,8,0,2,0,0,0,0,0,0,0
4,71,1,3597.90350640462,1369.47178426549,0,0,0,179,0,0,0
4,71,2,3161.21393151015,543.041879926177,0,0,0,78,0,0,0
4,71,3,2807.6794342566,1654.96579803973,0,0,0,180,0,0,0
4,71,4,2954.44979198213,1545.00487845484,0,0,0,102,0,0,0
4,71,5,3529.60821019193,960.228628779702,0,0,0,106,0,0,0
4,71,6,4349.75143133527,989.599034953224,7,0,0,170,0,0,0
4,71,7,22150.9685890786,7796.2336890095,28,0,0,218,0,0,0
4,71,8,0,2,0,0,0,0,0,0,0
4,72,1,3613.48655253692,964.151342961432,0,0,0,136,0,0,0
4,72,2,3154.97361019553,1268.09712682775,0,0,0,54,0,0,0
4,72,3,2824.05857979341,1033.03712598445,0,0,0,165,0,0,0
4,72,4,2973.19112386953,1539.29988593324,0,0,0,154,0,0,0
4,72,5,3529.33883647878,1048.50754481039,0,0,0,96,0,0,0
4,72,6,4369.46373821122,1287.29768281873,0,0,0,98,0,0,0
4,72,7,22179.0652756705,8630.68936925067,24,0,0,180,0,0,8
4,72,8,0,2,0,0,0,0,0,0,0
4,73,1,3640.78828574059,1533.21180873543,0,0,0,96,0,0,0
4,73,2,3183.71288648311,1795.45179839809,0,0,0,126,0,0,0
4,73,3,2830.58594511748,1288.33066454498,0,0,0,103,0,0,0
4,73,4,3009.52551456526,1127.32764116735,0,0,0,153,0,0,0
4,73,5,3557.85401933919,1925.05213312644,0,0,0,104,0,0,0
4,73,6,4426.16036077832,1565.29750579521,0,0,0,128,0,0,0
4,73,7,22272.6876339452,7853.72256542272,25,0,0,205,0,0,0
4,73,8,0,2,0,0,0,0,0,0,0
4,74,1,3644.4798135334,1257.0917083132,0,72,0,81,0,0,0
4,74,2,3194.76210470884,1079.86687232311,0,87,0,92,0,0,0
4,74,3,2821.77434363177,718.858540244551,0,63,0,65,0,0,0
4,74,4,2997.48962540646,1040.29257484477,0,70,0,42,0,0,0
4,74,5,3566.96550184983,1813.85988509533,0,97,0,95,0,0,0
4,74,6,4441.84514781366,1845.24308544043,0,78,0,78,0,0,0
4,74,7,22411.0862066172,10804.3023804772,0,415,0,370,0,0,0
4,74,8,0,2,0,0,0,0,0,0,0
4,75,1,3669.43049880865,2183.71099233105,0,0,0,125,0,0,0
4,75,2,3211.05867662587,1450.12269268773,0,0,0,107,0,0,0
4,75,3,2827.47165520332,650.275873778504,0,0,0,71,0,0,0
4,75,4,3011.05077528891,1373.31662534029,0,0,0,104,0,0,0
4,75,5,3607.1621380624,687.287034857154,0,0,0,176,0,0,0
4,75,6,4502.85010866285,2418.17375126268,0,0,0,184,0,0,0
4,75,7,22462.9112632827,6299.21034724746,28,0,0,233,0,0,0
4,75,8,0,2,0,0,0,0,0,0,0
4,76,1,3703.42723231592,1766.47779863866,30,0,0,135,0,0,0
4,76,2,3239.9425900058,724.19147297569,0,0,0,145,0,0,0
4,76,3,2839.28530569994,1190.358952444,0,0,0,65,0,0,0
4,76,4,3037.28956723294,825.991226860998,0,0,0,137,0,0,0
4,76,5,3613.6830460958,581.668218962672,0,0,0,68,0,0,0
4,76,6,4551.92999430478,1754.30720300111,38,0,0,139,0,0,0
4,76,7,22522.3570631629,5516.1312287093,150,0,0,188,0,0,3
4,76,8,0,2,0,0,0,0,0,0,0
4,77,1,3713.5917995891,2257.84002091452,72,0,0,83,0,0,0
4,77,2,3245.4958829703,1707.36285280817,0,0,0,72,0,0,0
4,77,3,2848.16817923326,776.159658833244,0,0,0,119,0,0,0
4,77,4,3046.98017212165,1642.12793552073,0,0,0,82,0,0,0
4,77,5,3614.63120250501,2005.19165348487,0,0,0,58,0,0,0
4,77,6,4596.11566073749,3144.27652392606,26,0,0,141,0,0,0
4,77,7,22578.5817512909,8152.1708972117,240,0,0,219,0,0,10
4,77,8,0,2,0,0,0,0,0,0,0
4,78,1,3776.58615907984,1964.09443878534,6,0,0,165,0,0,0
4,78,2,3294.95564972909,671.885181965702,0,0,0,170,0,0,0
4,78,3,2853.75304118572,822.418788695964,0,0,0,77,0,0,0
4,78,4,3083.50145587169,2081.91157640717,0,0,0,164,0,0,0
4,78,5,3693.05834668804,2016.15140266753,1,0,0,185,0,0,0
4,78,6,4721.8097844036,2722.48717383312,13,0,0,188,0,0,0
4,78,7,22660.6774984589,6789.54615555169,72,0,0,160,0,0,0
4,78,8,0,2,0,0,0,0,0,0,0
4,79,1,3820.93765894962,1263.8265206285,58,0,0,120,0,0,0
4,79,2,3307.66220000607,2377.9186193203,0,0,0,67,0,0,0
4,79,3,2857.49324072235,815.506756209199,0,0,0,82,0,0,0
4,79,4,3115.98717062674,1409.05033756992,49,0,0,144,0,0,0
4,79,5,3744.25913794455,1359.56938626937,52,0,0,134,0,0,0
4,79,6,4827.72596006715,706.227772988596,106,0,0,134,0,0,0
4,79,7,22835.3577369278,5054.91225004872,291,0,0,299,0,0,0
4,79,8,0,2,0,0,0,0,0,0,0
4,80,1,3861.54346025751,1253.7923482544,0,0,0,126,0,0,0
4,80,2,3342.88493837939,1244.66538445725,39,0,0,159,0,0,0
4,80,3,2851.01920043404,785.611828229425,0,0,0,81,0,0,0
4,80,4,3139.16167051062,1281.93016047583,0,0,0,140,0,0,0
4,80,5,3791.87808806058,1178.35513846031,0,0,0,135,0,0,0
4,80,6,4857.92572912242,1962.95441960257,0,0,0,70,0,0,0
4,80,7,22937.6973686043,7586.10339733658,160,0,0,185,0,0,0
4,80,8,0,2,0,0,0,0,0,0,0
4,81,1,3904.35117730422,990.678289750703,0,0,0,125,0,0,0
4,81,2,3368.43696174015,1178.03548376812,0,0,0,124,0,0,0
4,81,3,2862.80254095368,1173.32055003067,0,0,0,78,0,0,0
4,81,4,3172.85856089999,1002.57635616645,0,0,0,128,0,0,0
4,81,5,3828.27862752098,1701.53630023687,0,0,0,117,0,0,0
4,81,6,4953.46945914145,1372.39524172404,0,0,0,195,0,0,0
4,81,7,23068.4279925084,11355.67715989,61,0,0,195,0,0,0
4,81,8,0,2,0,0,0,0,0,0,0
4,82,1,3926.36968713264,2110.64912268564,0,0,0,99,0,0,0
4,82,2,3382.28612893956,1148.49430909842,0,0,0,117,0,0,0
4,82,3,2877.88239188321,1250.6776446125,0,0,0,117,0,0,0
4,82,4,3173.15987012199,998.424440409929,0,0,0,100,0,0,0
4,82,5,3869.41285017523,1081.36753929886,0,0,0,170,0,0,0
4,82,6,4997.61966187923,1099.33186491371,0,0,0,137,0,0,0
4,82,7,23146.8408935009,4453.19399321602,38,0,0,197,0,0,0
4,82,8,0,2,0,0,0,0,0,0,0
4,83,1,3938.54266918956,1443.56712943184,78,0,0,125,0,0,0
4,83,2,3367.94614288395,1570.5320717449,58,0,0,51,0,0,0
4,83,3,2867.92339101921,988.579533692671,39,0,0,82,0,0,0
4,83,4,3168.21861757756,1507.14225639032,28,0,0,69,0,0,0
4,83,5,3859.97786833796,2339.03014762752,41,0,0,63,0,0,0
4,83,6,5019.55060904751,2989.05195937662,18,0,0,90,0,0,0
4,83,7,23182.8592875556,10213.6220982673,163,2,0,165,0,0,4
4,83,8,0,2,0,0,0,0,0,0,0
4,84,1,3982.99312283027,2355.19664251647,0,0,0,144,0,0,0
4,84,2,3410.99126980248,1892.23147818675,0,0,0,157,0,0,0
4,84,3,2878.03747989956,761.641100428455,0,0,0,98,0,0,0
4,84,4,3199.11199467192,961.607661982675,0,0,0,150,0,0,0
4,84,5,3926.58589136612,1803.23557709562,2,0,0,187,0,0,0
4,84,6,5116.85075236343,1485.54944627064,5,0,0,198,0,0,0
4,84,7,23259.2193735707,11649.3547024364,43,0,0,206,0,0,0
4,84,8,0,2,0,0,0,0,0,0,0
4,85,1,4064.19889008183,1956.64423648237,1,0,0,202,0,0,0
4,85,2,3471.61314253597,1325.99111898087,0,0,0,189,0,0,0
4,85,3,2877.68274802641,1108.38137824527,0,0,0,76,0,0,0
4,85,4,3204.17078885978,1978.87849783237,0,0,0,96,0,0,0
4,85,5,3999.81683540753,1434.695124625,0,0,0,180,0,0,0
4,85,6,5189.40681540084,2232.8764470811,0,0,0,148,0,0,0
4,85,7,23351.652300327,11158.4963742066,35,0,0,243,0,0,0
4,85,8,0,2,0,0,0,0,0,0,0
4,86,1,4134.45668646657,2455.05156755617,0,0,0,178,0,0,2
4,86,2,3519.65460204782,1163.56636822671,0,0,0,132,0,0,0
4,86,3,2892.88525867355,1139.01649950801,0,0,0,110,0,0,0
4,86,4,3259.85731802251,641.934627668794,0,0,0,197,0,0,0
4,86,5,4068.26984113204,1614.41362008366,0,0,0,143,0,0,0
4,86,6,5322.04821401156,2939.92534397851,0,0,0,201,0,0,1
4,86,7,23466.4041126582,8101.596004059,29,0,0,229,0,0,12
4,86,8,0,2,0,0,0,0,0,0,0
4,87,1,4162.08393358827,1229.35828710021,0,120,0,125,0,0,0
4,87,2,3507.03283390224,1994.30855805369,0,63,0,53,0,0,0
4,87,3,2883.33140476832,1145.73616038599,0,50,0,63,0,0,0
4,87,4,3240.24758579546,1660.50563164097,0,26,0,38,0,0,0
4,87,5,4061.60070281022,1796.94546402629,0,77,0,84,0,0,0
4,87,6,5364.56072983618,2445.83920421734,0,161,0,132,0,0,0
4,87,7,23585.4847276599,10865.3957845,0,409,0,401,0,0,0
4,87,8,0,2,0,0,0,0,0,0,0
4,88,1,4190.62771757234,1596.81330247596,0,0,0,122,0,0,0
4,88,2,3546.84035232055,1197.41391604174,0,0,0,199,0,0,0
4,88,3,2888.73721984801,1124.87662838106,0,0,0,114,0,0,0
4,88,4,3262.50899031519,2333.88364453222,0,0,0,166,0,0,0
4,88,5,4116.11339729379,2278.22133084309,0,0,0,179,0,0,0
4,88,6,5432.55385926435,1227.42596679703,1,0,0,184,0,0,0
4,88,7,23635.4436697049,6389.7910688884,30,1,0,190,0,0,0
4,88,8,0,2,0,0,0,0,0,0,0
4,89,1,4245.29734021249,1759.53820967065,1,0,0,152,0,0,0
4,89,2,3575.98265105946,1686.033383554,0,0,0,119,0,0,0
4,89,3,2906.62284497319,1834.53767081647,0,0,0,112,0,0,0
4,89,4,3304.43707502351,2263.54779702167,12,0,0,164,0,0,0
4,89,5,4155.68033800872,1708.51722952578,13,0,0,160,0,0,0
4,89,6,5492.8685878535,2062.79099622526,0,0,0,122,0,0,0
4,89,7,23715.8720258021,8952.92377094049,89,0,0,182,0,0,0
4,89,8,0,2,0,0,0,0,0,0,0
4,90,1,4354.08981889743,2065.39271580918,0,0,0,175,0,0,0
4,90,2,3664.26075691987,660.906886874361,0,0,0,168,0,0,0
4,90,3,2978.24922264242,1200.75993566317,0,0,0,183,0,0,0
4,90,4,3395.35795233361,981.407781936986,4,0,0,171,0,0,0
4,90,5,4258.45046725712,1203.35664377427,0,0,0,170,0,0,0
4,90,6,5628.95195482561,2671.67509773921,1,0,0,182,0,0,0
4,90,7,23876.960408714,12314.4074657036,53,0,0,189,0,0,0
4,90,8,0,2,0,0,0,0,0,0,0
4,91,1,4418.34037840617,2256.71039741725,0,0,0,206,0,0,0
4,91,2,3666.27541251326,716.532795698882,0,0,0,66,0,0,0
4,91,3,2992.01867615648,815.4774765065,0,0,0,120,0,0,0
4,91,4,3421.35632126837,2193.31706605831,0,0,0,98,0,0,0
4,91,5,4270.57259181451,570.674534183902,0,0,0,120,0,0,0
4,91,6,5718.51246403364,1658.36532202355,1,0,0,210,0,0,0
4,91,7,23958.9492705924,5366.92213636252,39,0,0,209,0,0,0
4,91,8,0,2,0,0,0,0,0,0,0
4,92,1,4450.87135719551,2084.81092673362,59,0,0,137,0,0,0
4,92,2,3668.71606559785,2267.7065959736,0,0,0,71,0,0,0
4,92,3,2992.12199541662,922.595321988326,1,0,0,80,0,0,0
4,92,4,3438.94917827104,942.070504027516,67,0,0,118,0,0,0
4,92,5,4263.61828691699,2147.35124013236,0,0,0,57,0,0,0
4,92,6,5765.28222258076,2052.04654187561,29,0,0,121,0,0,0
4,92,7,24018.0437883703,11378.2734273364,214,0,0,211,0,0,0
4,92,8,0,2,0,0,0,0,0,0,0
4,93,1,4529.709045123,2466.63715941176,0,0,0,208,0,0,0
4,93,2,3727.41157189431,1897.68332055319,0,0,0,219,0,0,0
4,93,3,3004.99201661958,1275.91990331324,0,0,0,92,0,0,0
4,93,4,3453.08849222788,1438.17320757669,0,0,0,94,0,0,0
4,93,5,4343.36859678722,2705.79067367227,0,0,0,214,0,0,0
4,93,6,5875.73222039503,2025.25691054957,0,0,0,195,0,0,0
4,93,7,24070.3997344608,8728.0002356345,46,0,0,183,0,0,0
4,93,8,0,2,0,0,0,0,0,0,0
4,94,1,4649.79152806138,1729.82589304311,9,0,0,156,0,0,0
4,94,2,3819.24400105889,1537.44895678234,2,0,0,171,0,0,0
4,94,3,3048.61413775176,1778.14636323303,0,0,0,127,0,0,0
4,94,4,3558.27783856565,1327.94811531366,0,0,0,143,0,0,0
4,94,5,4450.99743518019,1136.90256165402,10,0,0,176,0,0,0
4,94,6,6027.42476919546,1589.67936503857,2,0,0,184,0,0,0
4,94,7,24256.3765557895,11620.1314058518,72,0,0,202,0,0,0
4,94,8,0,2,0,0,0,0,0,0,0
4,95,1,4754.24377177049,1862.26653164481,0,0,0,172,0,0,0
4,95,2,3885.06773621846,1055.35146235342,0,0,0,153,0,0,0
4,95,3,3104.74848360674,1184.87709400681,0,0,0,177,0,0,0
4,95,4,3615.85347838262,1441.24125607964,0,0,0,132,0,0,0
4,95,5,4504.53008943691,1291.6415437352,0,0,0,113,0,0,0
4,95,6,6161.57860835917,2607.17486226037,0,0,0,158,0,0,0
4,95,7,24386.9692379502,5010.01276406112,53,0,0,197,0,0,0
4,95,8,0,2,0,0,0,0,0,0,0
4,96,1,4783.90621176712,885.084661559823,48,0,0,114,0,0,0
4,96,2,3882.28278937551,1595.76094844588,0,0,0,105,0,0,0
4,96,3,3112.42754833035,1520.712187284,0,0,0,118,0,0,0
4,96,4,3629.25040539539,1516.39299047953,12,0,0,126,0,0,0
4,96,5,4526.95553734937,1717.43845761823,0,0,0,129,0,0,0
4,96,6,6218.70765368201,2353.30644861858,83,0,0,136,0,0,0
4,96,7,24444.0965409136,8628.25301554665,191,0,0,214,0,0,0
4,96,8,0,2,0,0,0,0,0,0,0
4,97,1,4814.47729568495,1451.41997311396,0,0,0,88,0,0,0
4,97,2,3943.47961382588,1527.11922575896,0,0,0,159,0,0,0
4,97,3,3132.0114711963,1195.08060683141,0,0,0,152,0,0,0
4,97,4,3676.44844222084,1688.61384248749,0,0,0,151,0,0,0
4,97,5,4635.79416586561,1868.6254110069,0,0,0,166,0,0,0
4,97,6,6384.9470170865,3035.58033597517,5,0,0,162,0,0,0
4,97,7,24553.8702062757,7265.20706091755,49,0,0,170,0,0,0
4,97,8,0,2,0,0,0,0,0,0,0
4,98,1,4854.17106504118,1363.94625794042,0,0,0,145,0,0,0
4,98,2,3969.0636862018,2031.66423792779,0,0,0,152,0,0,0
4,98,3,3124.18733678691,1684.85525977893,0,0,0,119,0,0,0
4,98,4,3705.1971316419,1548.31120623086,0,0,0,168,0,0,0
4,98,5,4703.24635764253,1755.63361086814,0,1,0,180,0,0,0
4,98,6,6522.84216984283,1849.11197481903,0,10,0,239,0,0,0
4,98,7,24612.8443253477,10650.3202281395,0,89,0,184,0,0,0
4,98,8,0,2,0,0,0,0,0,0,0
4,99,1,4959.66269699174,1674.41060104895,0,0,0,136,0,0,0
4,99,2,4071.00120229565,2050.31590056856,0,0,0,189,0,0,0
4,99,3,3175.08626541233,1291.40684177872,0,0,0,168,0,0,0
4,99,4,3816.01389448797,1881.31491752808,0,0,0,154,0,0,0
4,99,5,4851.96013214235,1914.83732907222,0,0,0,175,0,0,0
4,99,6,6740.75483663283,2786.87298150505,0,0,0,184,0,0,0
4,99,7,24805.0103166612,13995.6577385268,24,0,0,218,0,0,0
4,99,8,0,2,0,0,0,0,0,0,0
4,100,1,5010.98355482187,1220.875101723,0,0,0,167,0,0,0
4,100,2,4123.8154130521,2119.77329149278,0,1,0,185,0,0,0
4,100,3,3167.52420954848,1846.17589169965,0,0,0,129,0,0,0
4,100,4,3866.55579627736,1418.74180500688,0,0,0,188,0,0,0
4,100,5,4889.76566009283,1512.8887605623,0,0,0,187,0,0,0
4,100,6,6875.90543044395,2452.53582652332,0,4,0,194,0,0,0
4,100,7,24887.0102196467,4496.46721991902,0,67,0,200,0,0,0
4,100,8,0,2,0,0,0,0,0,0,0
5,1,1,2945.8896,1232.74506733109,0,0,0,21,0,0,0
5,1,2,2948.656,1596.83141581124,0,0,0,43,0,0,0
5,1,3,2955.16768,698.733026333213,0,0,0,99,0,0,0
5,1,4,2932.264,1397.33215401322,0,0,0,13,0,0,0
5,1,5,2944.8544,1284.53074018484,0,0,0,56,0,0,0
5,1,6,2954.67968,1201.25129988955,0,0,0,98,0,0,0
5,1,7,19262.4607999999,4792.0988293707,0,0,0,92,0,0,0
5,1,8,0,0,0,0,0,5,0,0,0
5,2,1,NA,NA,NA,NA,NA,NA,NA,NA,NA
5,2,2,NA,NA,NA,NA,NA,NA,NA,NA,NA
5,2,3,NA,NA,NA,NA,NA,NA,NA,NA,NA
5,2,4,NA,NA,NA,NA,NA,NA,NA,NA,NA
5,2,5,NA,NA,NA,NA,NA,NA,NA,NA,NA
5,2,6,NA,NA,NA,NA,NA,NA,NA,NA,NA
5,2,7,NA,NA,NA,NA,NA,NA,NA,NA,NA
5,2,8,NA,NA,NA,NA,NA,NA,NA,NA,NA
5,3,1,NA,NA,NA,NA,NA,NA,NA,NA,NA
5,3,2,NA,NA,NA,NA,NA,NA,NA,NA,NA
5,3,3,NA,NA,NA,NA,NA,NA,NA,NA,NA
5,3,4,NA,NA,NA,NA,NA,NA,NA,NA,NA
5,3,5,NA,NA,NA,NA,NA,NA,NA,NA,NA
5,3,6,NA,NA,NA,NA,NA,NA,NA,NA,NA
5,3,7,NA,NA,NA,NA,NA,NA,NA,NA,NA
5,3,8,NA,NA,NA,NA,NA,NA,NA,NA,NA
5,4,1,NA,NA,NA,NA,NA,NA,NA,NA,NA
5,4,2,NA,NA,NA,NA,NA,NA,NA,NA,NA
5,4,3,NA,NA,NA,NA,NA,NA,NA,NA,NA
5,4,4,NA,NA,NA,NA,NA,NA,NA,NA,NA
5,4,5,NA,NA,NA,NA,NA,NA,NA,NA,NA
5,4,6,NA,NA,NA,NA,NA,NA,NA,NA,NA
5,4,7,NA,NA,NA,NA,NA,NA,NA,NA,NA
5,4,8,NA,NA,NA,NA,NA,NA,NA,NA,NA
5,5,1,NA,NA,NA,NA,NA,NA,NA,NA,NA
5,5,2,NA,NA,NA,NA,NA,NA,NA,NA,NA
5,5,3,NA,NA,NA,NA,NA,NA,NA,NA,NA
5,5,4,NA,NA,NA,NA,NA,NA,NA,NA,NA
5,5,5,NA,NA,NA,NA,NA,NA,NA,NA,NA
5,5,6,NA,NA,NA,NA,NA,NA,NA,NA,NA
5,5,7,NA,NA,NA,NA,NA,NA,NA,NA,NA
5,5,8,NA,NA,NA,NA,NA,NA,NA,NA,NA
5,6,1,NA,NA,NA,NA,NA,NA,NA,NA,NA
5,6,2,NA,NA,NA,NA,NA,NA,NA,NA,NA
5,6,3,NA,NA,NA,NA,NA,NA,NA,NA,NA
5,6,4,NA,NA,NA,NA,NA,NA,NA,NA,NA
5,6,5,NA,NA,NA,NA,NA,NA,NA,NA,NA
5,6,6,NA,NA,NA,NA,NA,NA,NA,NA,NA
5,6,7,NA,NA,NA,NA,NA,NA,NA,NA,NA
5,6,8,NA,NA,NA,NA,NA,NA,NA,NA,NA
5,7,1,NA,NA,NA,NA,NA,NA,NA,NA,NA
5,7,2,NA,NA,NA,NA,NA,NA,NA,NA,NA
5,7,3,NA,NA,NA,NA,NA,NA,NA,NA,NA
5,7,4,NA,NA,NA,NA,NA,NA,NA,NA,NA
5,7,5,NA,NA,NA,NA,NA,NA,NA,NA,NA
5,7,6,NA,NA,NA,NA,NA,NA,NA,NA,NA
5,7,7,NA,NA,NA,NA,NA,NA,NA,NA,NA
5,7,8,NA,NA,NA,NA,NA,NA,NA,NA,NA
5,8,1,NA,NA,NA,NA,NA,NA,NA,NA,NA
5,8,2,NA,NA,NA,NA,NA,NA,NA,NA,NA
5,8,3,NA,NA,NA,NA,NA,NA,NA,NA,NA
5,8,4,NA,NA,NA,NA,NA,NA,NA,NA,NA
5,8,5,NA,NA,NA,NA,NA,NA,NA,NA,NA
5,8,6,NA,NA,NA,NA,NA,NA,NA,NA,NA
5,8,7,NA,NA,NA,NA,NA,NA,NA,NA,NA
5,8,8,NA,NA,NA,NA,NA,NA,NA,NA,NA
5,9,1,NA,NA,NA,NA,NA,NA,NA,NA,NA
5,9,2,NA,NA,NA,NA,NA,NA,NA,NA,NA
5,9,3,NA,NA,NA,NA,NA,NA,NA,NA,NA
5,9,4,NA,NA,NA,NA,NA,NA,NA,NA,NA
5,9,5,NA,NA,NA,NA,NA,NA,NA,NA,NA
5,9,6,NA,NA,NA,NA,NA,NA,NA,NA,NA
5,9,7,NA,NA,NA,NA,NA,NA,NA,NA,NA
5,9,8,NA,NA,NA,NA,NA,NA,NA,NA,NA
5,10,1,NA,NA,NA,NA,NA,NA,NA,NA,NA
5,10,2,NA,NA,NA,NA,NA,NA,NA,NA,NA
5,10,3,NA,NA,NA,NA,NA,NA,NA,NA,NA
5,10,4,NA,NA,NA,NA,NA,NA,NA,NA,NA
5,10,5,NA,NA,NA,NA,NA,NA,NA,NA,NA
5,10,6,NA,NA,NA,NA,NA,NA,NA,NA,NA
5,10,7,NA,NA,NA,NA,NA,NA,NA,NA,NA
5,10,8,NA,NA,NA,NA,NA,NA,NA,NA,NA
5,11,1,NA,NA,NA,NA,NA,NA,NA,NA,NA
5,11,2,NA,NA,NA,NA,NA,NA,NA,NA,NA
5,11,3,NA,NA,NA,NA,NA,NA,NA,NA,NA
5,11,4,NA,NA,NA,NA,NA,NA,NA,NA,NA
5,11,5,NA,NA,NA,NA,NA,NA,NA,NA,NA
5,11,6,NA,NA,NA,NA,NA,NA,NA,NA,NA
5,11,7,NA,NA,NA,NA,NA,NA,NA,NA,NA
5,11,8,NA,NA,NA,NA,NA,NA,NA,NA,NA
5,12,1,NA,NA,NA,NA,NA,NA,NA,NA,NA
5,12,2,NA,NA,NA,NA,NA,NA,NA,NA,NA
5,12,3,NA,NA,NA,NA,NA,NA,NA,NA,NA
5,12,4,NA,NA,NA,NA,NA,NA,NA,NA,NA
5,12,5,NA,NA,NA,NA,NA,NA,NA,NA,NA
5,12,6,NA,NA,NA,NA,NA,NA,NA,NA,NA
5,12,7,NA,NA,NA,NA,NA,NA,NA,NA,NA
5,12,8,NA,NA,NA,NA,NA,NA,NA,NA,NA
5,13,1,NA,NA,NA,NA,NA,NA,NA,NA,NA
5,13,2,NA,NA,NA,NA,NA,NA,NA,NA,NA
5,13,3,NA,NA,NA,NA,NA,NA,NA,NA,NA
5,13,4,NA,NA,NA,NA,NA,NA,NA,NA,NA
5,13,5,NA,NA,NA,NA,NA,NA,NA,NA,NA
5,13,6,NA,NA,NA,NA,NA,NA,NA,NA,NA
5,13,7,NA,NA,NA,NA,NA,NA,NA,NA,NA
5,13,8,NA,NA,NA,NA,NA,NA,NA,NA,NA
5,14,1,NA,NA,NA,NA,NA,NA,NA,NA,NA
5,14,2,NA,NA,NA,NA,NA,NA,NA,NA,NA
5,14,3,NA,NA,NA,NA,NA,NA,NA,NA,NA
5,14,4,NA,NA,NA,NA,NA,NA,NA,NA,NA
5,14,5,NA,NA,NA,NA,NA,NA,NA,NA,NA
5,14,6,NA,NA,NA,NA,NA,NA,NA,NA,NA
5,14,7,NA,NA,NA,NA,NA,NA,NA,NA,NA
5,14,8,NA,NA,NA,NA,NA,NA,NA,NA,NA
5,15,1,NA,NA,NA,NA,NA,NA,NA,NA,NA
5,15,2,NA,NA,NA,NA,NA,NA,NA,NA,NA
5,15,3,NA,NA,NA,NA,NA,NA,NA,NA,NA
5,15,4,NA,NA,NA,NA,NA,NA,NA,NA,NA
5,15,5,NA,NA,NA,NA,NA,NA,NA,NA,NA
5,15,6,NA,NA,NA,NA,NA,NA,NA,NA,NA
5,15,7,NA,NA,NA,NA,NA,NA,NA,NA,NA
5,15,8,NA,NA,NA,NA,NA,NA,NA,NA,NA
5,16,1,NA,NA,NA,NA,NA,NA,NA,NA,NA
5,16,2,NA,NA,NA,NA,NA,NA,NA,NA,NA
5,16,3,NA,NA,NA,NA,NA,NA,NA,NA,NA
5,16,4,NA,NA,NA,NA,NA,NA,NA,NA,NA
5,16,5,NA,NA,NA,NA,NA,NA,NA,NA,NA
5,16,6,NA,NA,NA,NA,NA,NA,NA,NA,NA
5,16,7,NA,NA,NA,NA,NA,NA,NA,NA,NA
5,16,8,NA,NA,NA,NA,NA,NA,NA,NA,NA
5,17,1,NA,NA,NA,NA,NA,NA,NA,NA,NA
5,17,2,NA,NA,NA,NA,NA,NA,NA,NA,NA
5,17,3,NA,NA,NA,NA,NA,NA,NA,NA,NA
5,17,4,NA,NA,NA,NA,NA,NA,NA,NA,NA
5,17,5,NA,NA,NA,NA,NA,NA,NA,NA,NA
5,17,6,NA,NA,NA,NA,NA,NA,NA,NA,NA
5,17,7,NA,NA,NA,NA,NA,NA,NA,NA,NA
5,17,8,NA,NA,NA,NA,NA,NA,NA,NA,NA
5,18,1,NA,NA,NA,NA,NA,NA,NA,NA,NA
5,18,2,NA,NA,NA,NA,NA,NA,NA,NA,NA
5,18,3,NA,NA,NA,NA,NA,NA,NA,NA,NA
5,18,4,NA,NA,NA,NA,NA,NA,NA,NA,NA
5,18,5,NA,NA,NA,NA,NA,NA,NA,NA,NA
5,18,6,NA,NA,NA,NA,NA,NA,NA,NA,NA
5,18,7,NA,NA,NA,NA,NA,NA,NA,NA,NA
5,18,8,NA,NA,NA,NA,NA,NA,NA,NA,NA
5,19,1,NA,NA,NA,NA,NA,NA,NA,NA,NA
5,19,2,NA,NA,NA,NA,NA,NA,NA,NA,NA
5,19,3,NA,NA,NA,NA,NA,NA,NA,NA,NA
5,19,4,NA,NA,NA,NA,NA,NA,NA,NA,NA
5,19,5,NA,NA,NA,NA,NA,NA,NA,NA,NA
5,19,6,NA,NA,NA,NA,NA,NA,NA,NA,NA
5,19,7,NA,NA,NA,NA,NA,NA,NA,NA,NA
5,19,8,NA,NA,NA,NA,NA,NA,NA,NA,NA
5,20,1,NA,NA,NA,NA,NA,NA,NA,NA,NA
5,20,2,NA,NA,NA,NA,NA,NA,NA,NA,NA
5,20,3,NA,NA,NA,NA,NA,NA,NA,NA,NA
5,20,4,NA,NA,NA,NA,NA,NA,NA,NA,NA
5,20,5,NA,NA,NA,NA,NA,NA,NA,NA,NA
5,20,6,NA,NA,NA,NA,NA,NA,NA,NA,NA
5,20,7,NA,NA,NA,NA,NA,NA,NA,NA,NA
5,20,8,NA,NA,NA,NA,NA,NA,NA,NA,NA
5,21,1,NA,NA,NA,NA,NA,NA,NA,NA,NA
5,21,2,NA,NA,NA,NA,NA,NA,NA,NA,NA
5,21,3,NA,NA,NA,NA,NA,NA,NA,NA,NA
5,21,4,NA,NA,NA,NA,NA,NA,NA,NA,NA
5,21,5,NA,NA,NA,NA,NA,NA,NA,NA,NA
5,21,6,NA,NA,NA,NA,NA,NA,NA,NA,NA
5,21,7,NA,NA,NA,NA,NA,NA,NA,NA,NA
5,21,8,NA,NA,NA,NA,NA,NA,NA,NA,NA
5,22,1,NA,NA,NA,NA,NA,NA,NA,NA,NA
5,22,2,NA,NA,NA,NA,NA,NA,NA,NA,NA
5,22,3,NA,NA,NA,NA,NA,NA,NA,NA,NA
5,22,4,NA,NA,NA,NA,NA,NA,NA,NA,NA
5,22,5,NA,NA,NA,NA,NA,NA,NA,NA,NA
5,22,6,NA,NA,NA,NA,NA,NA,NA,NA,NA
5,22,7,NA,NA,NA,NA,NA,NA,NA,NA,NA
5,22,8,NA,NA,NA,NA,NA,NA,NA,NA,NA
5,23,1,NA,NA,NA,NA,NA,NA,NA,NA,NA
5,23,2,NA,NA,NA,NA,NA,NA,NA,NA,NA
5,23,3,NA,NA,NA,NA,NA,NA,NA,NA,NA
5,23,4,NA,NA,NA,NA,NA,NA,NA,NA,NA
5,23,5,NA,NA,NA,NA,NA,NA,NA,NA,NA
5,23,6,NA,NA,NA,NA,NA,NA,NA,NA,NA
5,23,7,NA,NA,NA,NA,NA,NA,NA,NA,NA
5,23,8,NA,NA,NA,NA,NA,NA,NA,NA,NA
5,24,1,NA,NA,NA,NA,NA,NA,NA,NA,NA
5,24,2,NA,NA,NA,NA,NA,NA,NA,NA,NA
5,24,3,NA,NA,NA,NA,NA,NA,NA,NA,NA
5,24,4,NA,NA,NA,NA,NA,NA,NA,NA,NA
5,24,5,NA,NA,NA,NA,NA,NA,NA,NA,NA
5,24,6,NA,NA,NA,NA,NA,NA,NA,NA,NA
5,24,7,NA,NA,NA,NA,NA,NA,NA,NA,NA
5,24,8,NA,NA,NA,NA,NA,NA,NA,NA,NA
5,25,1,NA,NA,NA,NA,NA,NA,NA,NA,NA
5,25,2,NA,NA,NA,NA,NA,NA,NA,NA,NA
5,25,3,NA,NA,NA,NA,NA,NA,NA,NA,NA
5,25,4,NA,NA,NA,NA,NA,NA,NA,NA,NA
5,25,5,NA,NA,NA,NA,NA,NA,NA,NA,NA
5,25,6,NA,NA,NA,NA,NA,NA,NA,NA,NA
5,25,7,NA,NA,NA,NA,NA,NA,NA,NA,NA
5,25,8,NA,NA,NA,NA,NA,NA,NA,NA,NA
5,26,1,NA,NA,NA,NA,NA,NA,NA,NA,NA
5,26,2,NA,NA,NA,NA,NA,NA,NA,NA,NA
5,26,3,NA,NA,NA,NA,NA,NA,NA,NA,NA
5,26,4,NA,NA,NA,NA,NA,NA,NA,NA,NA
5,26,5,NA,NA,NA,NA,NA,NA,NA,NA,NA
5,26,6,NA,NA,NA,NA,NA,NA,NA,NA,NA
5,26,7,NA,NA,NA,NA,NA,NA,NA,NA,NA
5,26,8,NA,NA,NA,NA,NA,NA,NA,NA,NA
5,27,1,NA,NA,NA,NA,NA,NA,NA,NA,NA
5,27,2,NA,NA,NA,NA,NA,NA,NA,NA,NA
5,27,3,NA,NA,NA,NA,NA,NA,NA,NA,NA
5,27,4,NA,NA,NA,NA,NA,NA,NA,NA,NA
5,27,5,NA,NA,NA,NA,NA,NA,NA,NA,NA
5,27,6,NA,NA,NA,NA,NA,NA,NA,NA,NA
5,27,7,NA,NA,NA,NA,NA,NA,NA,NA,NA
5,27,8,NA,NA,NA,NA,NA,NA,NA,NA,NA
5,28,1,NA,NA,NA,NA,NA,NA,NA,NA,NA
5,28,2,NA,NA,NA,NA,NA,NA,NA,NA,NA
5,28,3,NA,NA,NA,NA,NA,NA,NA,NA,NA
5,28,4,NA,NA,NA,NA,NA,NA,NA,NA,NA
5,28,5,NA,NA,NA,NA,NA,NA,NA,NA,NA
5,28,6,NA,NA,NA,NA,NA,NA,NA,NA,NA
5,28,7,NA,NA,NA,NA,NA,NA,NA,NA,NA
5,28,8,NA,NA,NA,NA,NA,NA,NA,NA,NA
5,29,1,NA,NA,NA,NA,NA,NA,NA,NA,NA
5,29,2,NA,NA,NA,NA,NA,NA,NA,NA,NA
5,29,3,NA,NA,NA,NA,NA,NA,NA,NA,NA
5,29,4,NA,NA,NA,NA,NA,NA,NA,NA,NA
5,29,5,NA,NA,NA,NA,NA,NA,NA,NA,NA
5,29,6,NA,NA,NA,NA,NA,NA,NA,NA,NA
5,29,7,NA,NA,NA,NA,NA,NA,NA,NA,NA
5,29,8,NA,NA,NA,NA,NA,NA,NA,NA,NA
5,30,1,NA,NA,NA,NA,NA,NA,NA,NA,NA
5,30,2,NA,NA,NA,NA,NA,NA,NA,NA,NA
5,30,3,NA,NA,NA,NA,NA,NA,NA,NA,NA
5,30,4,NA,NA,NA,NA,NA,NA,NA,NA,NA
5,30,5,NA,NA,NA,NA,NA,NA,NA,NA,NA
5,30,6,NA,NA,NA,NA,NA,NA,NA,NA,NA
5,30,7,NA,NA,NA,NA,NA,NA,NA,NA,NA
5,30,8,NA,NA,NA,NA,NA,NA,NA,NA,NA
5,31,1,NA,NA,NA,NA,NA,NA,NA,NA,NA
5,31,2,NA,NA,NA,NA,NA,NA,NA,NA,NA
5,31,3,NA,NA,NA,NA,NA,NA,NA,NA,NA
5,31,4,NA,NA,NA,NA,NA,NA,NA,NA,NA
5,31,5,NA,NA,NA,NA,NA,NA,NA,NA,NA
5,31,6,NA,NA,NA,NA,NA,NA,NA,NA,NA
5,31,7,NA,NA,NA,NA,NA,NA,NA,NA,NA
5,31,8,NA,NA,NA,NA,NA,NA,NA,NA,NA
5,32,1,NA,NA,NA,NA,NA,NA,NA,NA,NA
5,32,2,NA,NA,NA,NA,NA,NA,NA,NA,NA
5,32,3,NA,NA,NA,NA,NA,NA,NA,NA,NA
5,32,4,NA,NA,NA,NA,NA,NA,NA,NA,NA
5,32,5,NA,NA,NA,NA,NA,NA,NA,NA,NA
5,32,6,NA,NA,NA,NA,NA,NA,NA,NA,NA
5,32,7,NA,NA,NA,NA,NA,NA,NA,NA,NA
5,32,8,NA,NA,NA,NA,NA,NA,NA,NA,NA
5,33,1,NA,NA,NA,NA,NA,NA,NA,NA,NA
5,33,2,NA,NA,NA,NA,NA,NA,NA,NA,NA
5,33,3,NA,NA,NA,NA,NA,NA,NA,NA,NA
5,33,4,NA,NA,NA,NA,NA,NA,NA,NA,NA
5,33,5,NA,NA,NA,NA,NA,NA,NA,NA,NA
5,33,6,NA,NA,NA,NA,NA,NA,NA,NA,NA
5,33,7,NA,NA,NA,NA,NA,NA,NA,NA,NA
5,33,8,NA,NA,NA,NA,NA,NA,NA,NA,NA
5,34,1,NA,NA,NA,NA,NA,NA,NA,NA,NA
5,34,2,NA,NA,NA,NA,NA,NA,NA,NA,NA
5,34,3,NA,NA,NA,NA,NA,NA,NA,NA,NA
5,34,4,NA,NA,NA,NA,NA,NA,NA,NA,NA
5,34,5,NA,NA,NA,NA,NA,NA,NA,NA,NA
5,34,6,NA,NA,NA,NA,NA,NA,NA,NA,NA
5,34,7,NA,NA,NA,NA,NA,NA,NA,NA,NA
5,34,8,NA,NA,NA,NA,NA,NA,NA,NA,NA
5,35,1,NA,NA,NA,NA,NA,NA,NA,NA,NA
5,35,2,NA,NA,NA,NA,NA,NA,NA,NA,NA
5,35,3,NA,NA,NA,NA,NA,NA,NA,NA,NA
5,35,4,NA,NA,NA,NA,NA,NA,NA,NA,NA
5,35,5,NA,NA,NA,NA,NA,NA,NA,NA,NA
5,35,6,NA,NA,NA,NA,NA,NA,NA,NA,NA
5,35,7,NA,NA,NA,NA,NA,NA,NA,NA,NA
5,35,8,NA,NA,NA,NA,NA,NA,NA,NA,NA
5,36,1,NA,NA,NA,NA,NA,NA,NA,NA,NA
5,36,2,NA,NA,NA,NA,NA,NA,NA,NA,NA
5,36,3,NA,NA,NA,NA,NA,NA,NA,NA,NA
5,36,4,NA,NA,NA,NA,NA,NA,NA,NA,NA
5,36,5,NA,NA,NA,NA,NA,NA,NA,NA,NA
5,36,6,NA,NA,NA,NA,NA,NA,NA,NA,NA
5,36,7,NA,NA,NA,NA,NA,NA,NA,NA,NA
5,36,8,NA,NA,NA,NA,NA,NA,NA,NA,NA
5,37,1,NA,NA,NA,NA,NA,NA,NA,NA,NA
5,37,2,NA,NA,NA,NA,NA,NA,NA,NA,NA
5,37,3,NA,NA,NA,NA,NA,NA,NA,NA,NA
5,37,4,NA,NA,NA,NA,NA,NA,NA,NA,NA
5,37,5,NA,NA,NA,NA,NA,NA,NA,NA,NA
5,37,6,NA,NA,NA,NA,NA,NA,NA,NA,NA
5,37,7,NA,NA,NA,NA,NA,NA,NA,NA,NA
5,37,8,NA,NA,NA,NA,NA,NA,NA,NA,NA
5,38,1,NA,NA,NA,NA,NA,NA,NA,NA,NA
5,38,2,NA,NA,NA,NA,NA,NA,NA,NA,NA
5,38,3,NA,NA,NA,NA,NA,NA,NA,NA,NA
5,38,4,NA,NA,NA,NA,NA,NA,NA,NA,NA
5,38,5,NA,NA,NA,NA,NA,NA,NA,NA,NA
5,38,6,NA,NA,NA,NA,NA,NA,NA,NA,NA
5,38,7,NA,NA,NA,NA,NA,NA,NA,NA,NA
5,38,8,NA,NA,NA,NA,NA,NA,NA,NA,NA
5,39,1,NA,NA,NA,NA,NA,NA,NA,NA,NA
5,39,2,NA,NA,NA,NA,NA,NA,NA,NA,NA
5,39,3,NA,NA,NA,NA,NA,NA,NA,NA,NA
5,39,4,NA,NA,NA,NA,NA,NA,NA,NA,NA
5,39,5,NA,NA,NA,NA,NA,NA,NA,NA,NA
5,39,6,NA,NA,NA,NA,NA,NA,NA,NA,NA
5,39,7,NA,NA,NA,NA,NA,NA,NA,NA,NA
5,39,8,NA,NA,NA,NA,NA,NA,NA,NA,NA
5,40,1,NA,NA,NA,NA,NA,NA,NA,NA,NA
5,40,2,NA,NA,NA,NA,NA,NA,NA,NA,NA
5,40,3,NA,NA,NA,NA,NA,NA,NA,NA,NA
5,40,4,NA,NA,NA,NA,NA,NA,NA,NA,NA
5,40,5,NA,NA,NA,NA,NA,NA,NA,NA,NA
5,40,6,NA,NA,NA,NA,NA,NA,NA,NA,NA
5,40,7,NA,NA,NA,NA,NA,NA,NA,NA,NA
5,40,8,NA,NA,NA,NA,NA,NA,NA,NA,NA
5,41,1,NA,NA,NA,NA,NA,NA,NA,NA,NA
5,41,2,NA,NA,NA,NA,NA,NA,NA,NA,NA
5,41,3,NA,NA,NA,NA,NA,NA,NA,NA,NA
5,41,4,NA,NA,NA,NA,NA,NA,NA,NA,NA
5,41,5,NA,NA,NA,NA,NA,NA,NA,NA,NA
5,41,6,NA,NA,NA,NA,NA,NA,NA,NA,NA
5,41,7,NA,NA,NA,NA,NA,NA,NA,NA,NA
5,41,8,NA,NA,NA,NA,NA,NA,NA,NA,NA
5,42,1,NA,NA,NA,NA,NA,NA,NA,NA,NA
5,42,2,NA,NA,NA,NA,NA,NA,NA,NA,NA
5,42,3,NA,NA,NA,NA,NA,NA,NA,NA,NA
5,42,4,NA,NA,NA,NA,NA,NA,NA,NA,NA
5,42,5,NA,NA,NA,NA,NA,NA,NA,NA,NA
5,42,6,NA,NA,NA,NA,NA,NA,NA,NA,NA
5,42,7,NA,NA,NA,NA,NA,NA,NA,NA,NA
5,42,8,NA,NA,NA,NA,NA,NA,NA,NA,NA
5,43,1,NA,NA,NA,NA,NA,NA,NA,NA,NA
5,43,2,NA,NA,NA,NA,NA,NA,NA,NA,NA
5,43,3,NA,NA,NA,NA,NA,NA,NA,NA,NA
5,43,4,NA,NA,NA,NA,NA,NA,NA,NA,NA
5,43,5,NA,NA,NA,NA,NA,NA,NA,NA,NA
5,43,6,NA,NA,NA,NA,NA,NA,NA,NA,NA
5,43,7,NA,NA,NA,NA,NA,NA,NA,NA,NA
5,43,8,NA,NA,NA,NA,NA,NA,NA,NA,NA
5,44,1,NA,NA,NA,NA,NA,NA,NA,NA,NA
5,44,2,NA,NA,NA,NA,NA,NA,NA,NA,NA
5,44,3,NA,NA,NA,NA,NA,NA,NA,NA,NA
5,44,4,NA,NA,NA,NA,NA,NA,NA,NA,NA
5,44,5,NA,NA,NA,NA,NA,NA,NA,NA,NA
5,44,6,NA,NA,NA,NA,NA,NA,NA,NA,NA
5,44,7,NA,NA,NA,NA,NA,NA,NA,NA,NA
5,44,8,NA,NA,NA,NA,NA,NA,NA,NA,NA
5,45,1,NA,NA,NA,NA,NA,NA,NA,NA,NA
5,45,2,NA,NA,NA,NA,NA,NA,NA,NA,NA
5,45,3,NA,NA,NA,NA,NA,NA,NA,NA,NA
5,45,4,NA,NA,NA,NA,NA,NA,NA,NA,NA
5,45,5,NA,NA,NA,NA,NA,NA,NA,NA,NA
5,45,6,NA,NA,NA,NA,NA,NA,NA,NA,NA
5,45,7,NA,NA,NA,NA,NA,NA,NA,NA,NA
5,45,8,NA,NA,NA,NA,NA,NA,NA,NA,NA
5,46,1,NA,NA,NA,NA,NA,NA,NA,NA,NA
5,46,2,NA,NA,NA,NA,NA,NA,NA,NA,NA
5,46,3,NA,NA,NA,NA,NA,NA,NA,NA,NA
5,46,4,NA,NA,NA,NA,NA,NA,NA,NA,NA
5,46,5,NA,NA,NA,NA,NA,NA,NA,NA,NA
5,46,6,NA,NA,NA,NA,NA,NA,NA,NA,NA
5,46,7,NA,NA,NA,NA,NA,NA,NA,NA,NA
5,46,8,NA,NA,NA,NA,NA,NA,NA,NA,NA
5,47,1,NA,NA,NA,NA,NA,NA,NA,NA,NA
5,47,2,NA,NA,NA,NA,NA,NA,NA,NA,NA
5,47,3,NA,NA,NA,NA,NA,NA,NA,NA,NA
5,47,4,NA,NA,NA,NA,NA,NA,NA,NA,NA
5,47,5,NA,NA,NA,NA,NA,NA,NA,NA,NA
5,47,6,NA,NA,NA,NA,NA,NA,NA,NA,NA
5,47,7,NA,NA,NA,NA,NA,NA,NA,NA,NA
5,47,8,NA,NA,NA,NA,NA,NA,NA,NA,NA
5,48,1,NA,NA,NA,NA,NA,NA,NA,NA,NA
5,48,2,NA,NA,NA,NA,NA,NA,NA,NA,NA
5,48,3,NA,NA,NA,NA,NA,NA,NA,NA,NA
5,48,4,NA,NA,NA,NA,NA,NA,NA,NA,NA
5,48,5,NA,NA,NA,NA,NA,NA,NA,NA,NA
5,48,6,NA,NA,NA,NA,NA,NA,NA,NA,NA
5,48,7,NA,NA,NA,NA,NA,NA,NA,NA,NA
5,48,8,NA,NA,NA,NA,NA,NA,NA,NA,NA
5,49,1,NA,NA,NA,NA,NA,NA,NA,NA,NA
5,49,2,NA,NA,NA,NA,NA,NA,NA,NA,NA
5,49,3,NA,NA,NA,NA,NA,NA,NA,NA,NA
5,49,4,NA,NA,NA,NA,NA,NA,NA,NA,NA
5,49,5,NA,NA,NA,NA,NA,NA,NA,NA,NA
5,49,6,NA,NA,NA,NA,NA,NA,NA,NA,NA
5,49,7,NA,NA,NA,NA,NA,NA,NA,NA,NA
5,49,8,NA,NA,NA,NA,NA,NA,NA,NA,NA
5,50,1,NA,NA,NA,NA,NA,NA,NA,NA,NA
5,50,2,NA,NA,NA,NA,NA,NA,NA,NA,NA
5,50,3,NA,NA,NA,NA,NA,NA,NA,NA,NA
5,50,4,NA,NA,NA,NA,NA,NA,NA,NA,NA
5,50,5,NA,NA,NA,NA,NA,NA,NA,NA,NA
5,50,6,NA,NA,NA,NA,NA,NA,NA,NA,NA
5,50,7,NA,NA,NA,NA,NA,NA,NA,NA,NA
5,50,8,NA,NA,NA,NA,NA,NA,NA,NA,NA
5,51,1,NA,NA,NA,NA,NA,NA,NA,NA,NA
5,51,2,NA,NA,NA,NA,NA,NA,NA,NA,NA
5,51,3,NA,NA,NA,NA,NA,NA,NA,NA,NA
5,51,4,NA,NA,NA,NA,NA,NA,NA,NA,NA
5,51,5,NA,NA,NA,NA,NA,NA,NA,NA,NA
5,51,6,NA,NA,NA,NA,NA,NA,NA,NA,NA
5,51,7,NA,NA,NA,NA,NA,NA,NA,NA,NA
5,51,8,NA,NA,NA,NA,NA,NA,NA,NA,NA
5,52,1,NA,NA,NA,NA,NA,NA,NA,NA,NA
5,52,2,NA,NA,NA,NA,NA,NA,NA,NA,NA
5,52,3,NA,NA,NA,NA,NA,NA,NA,NA,NA
5,52,4,NA,NA,NA,NA,NA,NA,NA,NA,NA
5,52,5,NA,NA,NA,NA,NA,NA,NA,NA,NA
5,52,6,NA,NA,NA,NA,NA,NA,NA,NA,NA
5,52,7,NA,NA,NA,NA,NA,NA,NA,NA,NA
5,52,8,NA,NA,NA,NA,NA,NA,NA,NA,NA
5,53,1,NA,NA,NA,NA,NA,NA,NA,NA,NA
5,53,2,NA,NA,NA,NA,NA,NA,NA,NA,NA
5,53,3,NA,NA,NA,NA,NA,NA,NA,NA,NA
5,53,4,NA,NA,NA,NA,NA,NA,NA,NA,NA
5,53,5,NA,NA,NA,NA,NA,NA,NA,NA,NA
5,53,6,NA,NA,NA,NA,NA,NA,NA,NA,NA
5,53,7,NA,NA,NA,NA,NA,NA,NA,NA,NA
5,53,8,NA,NA,NA,NA,NA,NA,NA,NA,NA
5,54,1,NA,NA,NA,NA,NA,NA,NA,NA,NA
5,54,2,NA,NA,NA,NA,NA,NA,NA,NA,NA
5,54,3,NA,NA,NA,NA,NA,NA,NA,NA,NA
5,54,4,NA,NA,NA,NA,NA,NA,NA,NA,NA
5,54,5,NA,NA,NA,NA,NA,NA,NA,NA,NA
5,54,6,NA,NA,NA,NA,NA,NA,NA,NA,NA
5,54,7,NA,NA,NA,NA,NA,NA,NA,NA,NA
5,54,8,NA,NA,NA,NA,NA,NA,NA,NA,NA
5,55,1,NA,NA,NA,NA,NA,NA,NA,NA,NA
5,55,2,NA,NA,NA,NA,NA,NA,NA,NA,NA
5,55,3,NA,NA,NA,NA,NA,NA,NA,NA,NA
5,55,4,NA,NA,NA,NA,NA,NA,NA,NA,NA
5,55,5,NA,NA,NA,NA,NA,NA,NA,NA,NA
5,55,6,NA,NA,NA,NA,NA,NA,NA,NA,NA
5,55,7,NA,NA,NA,NA,NA,NA,NA,NA,NA
5,55,8,NA,NA,NA,NA,NA,NA,NA,NA,NA
5,56,1,NA,NA,NA,NA,NA,NA,NA,NA,NA
5,56,2,NA,NA,NA,NA,NA,NA,NA,NA,NA
5,56,3,NA,NA,NA,NA,NA,NA,NA,NA,NA
5,56,4,NA,NA,NA,NA,NA,NA,NA,NA,NA
5,56,5,NA,NA,NA,NA,NA,NA,NA,NA,NA
5,56,6,NA,NA,NA,NA,NA,NA,NA,NA,NA
5,56,7,NA,NA,NA,NA,NA,NA,NA,NA,NA
5,56,8,NA,NA,NA,NA,NA,NA,NA,NA,NA
5,57,1,NA,NA,NA,NA,NA,NA,NA,NA,NA
5,57,2,NA,NA,NA,NA,NA,NA,NA,NA,NA
5,57,3,NA,NA,NA,NA,NA,NA,NA,NA,NA
5,57,4,NA,NA,NA,NA,NA,NA,NA,NA,NA
5,57,5,NA,NA,NA,NA,NA,NA,NA,NA,NA
5,57,6,NA,NA,NA,NA,NA,NA,NA,NA,NA
5,57,7,NA,NA,NA,NA,NA,NA,NA,NA,NA
5,57,8,NA,NA,NA,NA,NA,NA,NA,NA,NA
5,58,1,NA,NA,NA,NA,NA,NA,NA,NA,NA
5,58,2,NA,NA,NA,NA,NA,NA,NA,NA,NA
5,58,3,NA,NA,NA,NA,NA,NA,NA,NA,NA
5,58,4,NA,NA,NA,NA,NA,NA,NA,NA,NA
5,58,5,NA,NA,NA,NA,NA,NA,NA,NA,NA
5,58,6,NA,NA,NA,NA,NA,NA,NA,NA,NA
5,58,7,NA,NA,NA,NA,NA,NA,NA,NA,NA
5,58,8,NA,NA,NA,NA,NA,NA,NA,NA,NA
5,59,1,NA,NA,NA,NA,NA,NA,NA,NA,NA
5,59,2,NA,NA,NA,NA,NA,NA,NA,NA,NA
5,59,3,NA,NA,NA,NA,NA,NA,NA,NA,NA
5,59,4,NA,NA,NA,NA,NA,NA,NA,NA,NA
5,59,5,NA,NA,NA,NA,NA,NA,NA,NA,NA
5,59,6,NA,NA,NA,NA,NA,NA,NA,NA,NA
5,59,7,NA,NA,NA,NA,NA,NA,NA,NA,NA
5,59,8,NA,NA,NA,NA,NA,NA,NA,NA,NA
5,60,1,NA,NA,NA,NA,NA,NA,NA,NA,NA
5,60,2,NA,NA,NA,NA,NA,NA,NA,NA,NA
5,60,3,NA,NA,NA,NA,NA,NA,NA,NA,NA
5,60,4,NA,NA,NA,NA,NA,NA,NA,NA,NA
5,60,5,NA,NA,NA,NA,NA,NA,NA,NA,NA
5,60,6,NA,NA,NA,NA,NA,NA,NA,NA,NA
5,60,7,NA,NA,NA,NA,NA,NA,NA,NA,NA
5,60,8,NA,NA,NA,NA,NA,NA,NA,NA,NA
5,61,1,NA,NA,NA,NA,NA,NA,NA,NA,NA
5,61,2,NA,NA,NA,NA,NA,NA,NA,NA,NA
5,61,3,NA,NA,NA,NA,NA,NA,NA,NA,NA
5,61,4,NA,NA,NA,NA,NA,NA,NA,NA,NA
5,61,5,NA,NA,NA,NA,NA,NA,NA,NA,NA
5,61,6,NA,NA,NA,NA,NA,NA,NA,NA,NA
5,61,7,NA,NA,NA,NA,NA,NA,NA,NA,NA
5,61,8,NA,NA,NA,NA,NA,NA,NA,NA,NA
5,62,1,NA,NA,NA,NA,NA,NA,NA,NA,NA
5,62,2,NA,NA,NA,NA,NA,NA,NA,NA,NA
5,62,3,NA,NA,NA,NA,NA,NA,NA,NA,NA
5,62,4,NA,NA,NA,NA,NA,NA,NA,NA,NA
5,62,5,NA,NA,NA,NA,NA,NA,NA,NA,NA
5,62,6,NA,NA,NA,NA,NA,NA,NA,NA,NA
5,62,7,NA,NA,NA,NA,NA,NA,NA,NA,NA
5,62,8,NA,NA,NA,NA,NA,NA,NA,NA,NA
5,63,1,NA,NA,NA,NA,NA,NA,NA,NA,NA
5,63,2,NA,NA,NA,NA,NA,NA,NA,NA,NA
5,63,3,NA,NA,NA,NA,NA,NA,NA,NA,NA
5,63,4,NA,NA,NA,NA,NA,NA,NA,NA,NA
5,63,5,NA,NA,NA,NA,NA,NA,NA,NA,NA
5,63,6,NA,NA,NA,NA,NA,NA,NA,NA,NA
5,63,7,NA,NA,NA,NA,NA,NA,NA,NA,NA
5,63,8,NA,NA,NA,NA,NA,NA,NA,NA,NA
5,64,1,NA,NA,NA,NA,NA,NA,NA,NA,NA
5,64,2,NA,NA,NA,NA,NA,NA,NA,NA,NA
5,64,3,NA,NA,NA,NA,NA,NA,NA,NA,NA
5,64,4,NA,NA,NA,NA,NA,NA,NA,NA,NA
5,64,5,NA,NA,NA,NA,NA,NA,NA,NA,NA
5,64,6,NA,NA,NA,NA,NA,NA,NA,NA,NA
5,64,7,NA,NA,NA,NA,NA,NA,NA,NA,NA
5,64,8,NA,NA,NA,NA,NA,NA,NA,NA,NA
5,65,1,NA,NA,NA,NA,NA,NA,NA,NA,NA
5,65,2,NA,NA,NA,NA,NA,NA,NA,NA,NA
5,65,3,NA,NA,NA,NA,NA,NA,NA,NA,NA
5,65,4,NA,NA,NA,NA,NA,NA,NA,NA,NA
5,65,5,NA,NA,NA,NA,NA,NA,NA,NA,NA
5,65,6,NA,NA,NA,NA,NA,NA,NA,NA,NA
5,65,7,NA,NA,NA,NA,NA,NA,NA,NA,NA
5,65,8,NA,NA,NA,NA,NA,NA,NA,NA,NA
5,66,1,NA,NA,NA,NA,NA,NA,NA,NA,NA
5,66,2,NA,NA,NA,NA,NA,NA,NA,NA,NA
5,66,3,NA,NA,NA,NA,NA,NA,NA,NA,NA
5,66,4,NA,NA,NA,NA,NA,NA,NA,NA,NA
5,66,5,NA,NA,NA,NA,NA,NA,NA,NA,NA
5,66,6,NA,NA,NA,NA,NA,NA,NA,NA,NA
5,66,7,NA,NA,NA,NA,NA,NA,NA,NA,NA
5,66,8,NA,NA,NA,NA,NA,NA,NA,NA,NA
5,67,1,NA,NA,NA,NA,NA,NA,NA,NA,NA
5,67,2,NA,NA,NA,NA,NA,NA,NA,NA,NA
5,67,3,NA,NA,NA,NA,NA,NA,NA,NA,NA
5,67,4,NA,NA,NA,NA,NA,NA,NA,NA,NA
5,67,5,NA,NA,NA,NA,NA,NA,NA,NA,NA
5,67,6,NA,NA,NA,NA,NA,NA,NA,NA,NA
5,67,7,NA,NA,NA,NA,NA,NA,NA,NA,NA
5,67,8,NA,NA,NA,NA,NA,NA,NA,NA,NA
5,68,1,NA,NA,NA,NA,NA,NA,NA,NA,NA
5,68,2,NA,NA,NA,NA,NA,NA,NA,NA,NA
5,68,3,NA,NA,NA,NA,NA,NA,NA,NA,NA
5,68,4,NA,NA,NA,NA,NA,NA,NA,NA,NA
5,68,5,NA,NA,NA,NA,NA,NA,NA,NA,NA
5,68,6,NA,NA,NA,NA,NA,NA,NA,NA,NA
5,68,7,NA,NA,NA,NA,NA,NA,NA,NA,NA
5,68,8,NA,NA,NA,NA,NA,NA,NA,NA,NA
5,69,1,NA,NA,NA,NA,NA,NA,NA,NA,NA
5,69,2,NA,NA,NA,NA,NA,NA,NA,NA,NA
5,69,3,NA,NA,NA,NA,NA,NA,NA,NA,NA
5,69,4,NA,NA,NA,NA,NA,NA,NA,NA,NA
5,69,5,NA,NA,NA,NA,NA,NA,NA,NA,NA
5,69,6,NA,NA,NA,NA,NA,NA,NA,NA,NA
5,69,7,NA,NA,NA,NA,NA,NA,NA,NA,NA
5,69,8,NA,NA,NA,NA,NA,NA,NA,NA,NA
5,70,1,NA,NA,NA,NA,NA,NA,NA,NA,NA
5,70,2,NA,NA,NA,NA,NA,NA,NA,NA,NA
5,70,3,NA,NA,NA,NA,NA,NA,NA,NA,NA
5,70,4,NA,NA,NA,NA,NA,NA,NA,NA,NA
5,70,5,NA,NA,NA,NA,NA,NA,NA,NA,NA
5,70,6,NA,NA,NA,NA,NA,NA,NA,NA,NA
5,70,7,NA,NA,NA,NA,NA,NA,NA,NA,NA
5,70,8,NA,NA,NA,NA,NA,NA,NA,NA,NA
5,71,1,NA,NA,NA,NA,NA,NA,NA,NA,NA
5,71,2,NA,NA,NA,NA,NA,NA,NA,NA,NA
5,71,3,NA,NA,NA,NA,NA,NA,NA,NA,NA
5,71,4,NA,NA,NA,NA,NA,NA,NA,NA,NA
5,71,5,NA,NA,NA,NA,NA,NA,NA,NA,NA
5,71,6,NA,NA,NA,NA,NA,NA,NA,NA,NA
5,71,7,NA,NA,NA,NA,NA,NA,NA,NA,NA
5,71,8,NA,NA,NA,NA,NA,NA,NA,NA,NA
5,72,1,NA,NA,NA,NA,NA,NA,NA,NA,NA
5,72,2,NA,NA,NA,NA,NA,NA,NA,NA,NA
5,72,3,NA,NA,NA,NA,NA,NA,NA,NA,NA
5,72,4,NA,NA,NA,NA,NA,NA,NA,NA,NA
5,72,5,NA,NA,NA,NA,NA,NA,NA,NA,NA
5,72,6,NA,NA,NA,NA,NA,NA,NA,NA,NA
5,72,7,NA,NA,NA,NA,NA,NA,NA,NA,NA
5,72,8,NA,NA,NA,NA,NA,NA,NA,NA,NA
5,73,1,NA,NA,NA,NA,NA,NA,NA,NA,NA
5,73,2,NA,NA,NA,NA,NA,NA,NA,NA,NA
5,73,3,NA,NA,NA,NA,NA,NA,NA,NA,NA
5,73,4,NA,NA,NA,NA,NA,NA,NA,NA,NA
5,73,5,NA,NA,NA,NA,NA,NA,NA,NA,NA
5,73,6,NA,NA,NA,NA,NA,NA,NA,NA,NA
5,73,7,NA,NA,NA,NA,NA,NA,NA,NA,NA
5,73,8,NA,NA,NA,NA,NA,NA,NA,NA,NA
5,74,1,NA,NA,NA,NA,NA,NA,NA,NA,NA
5,74,2,NA,NA,NA,NA,NA,NA,NA,NA,NA
5,74,3,NA,NA,NA,NA,NA,NA,NA,NA,NA
5,74,4,NA,NA,NA,NA,NA,NA,NA,NA,NA
5,74,5,NA,NA,NA,NA,NA,NA,NA,NA,NA
5,74,6,NA,NA,NA,NA,NA,NA,NA,NA,NA
5,74,7,NA,NA,NA,NA,NA,NA,NA,NA,NA
5,74,8,NA,NA,NA,NA,NA,NA,NA,NA,NA
5,75,1,NA,NA,NA,NA,NA,NA,NA,NA,NA
5,75,2,NA,NA,NA,NA,NA,NA,NA,NA,NA
5,75,3,NA,NA,NA,NA,NA,NA,NA,NA,NA
5,75,4,NA,NA,NA,NA,NA,NA,NA,NA,NA
5,75,5,NA,NA,NA,NA,NA,NA,NA,NA,NA
5,75,6,NA,NA,NA,NA,NA,NA,NA,NA,NA
5,75,7,NA,NA,NA,NA,NA,NA,NA,NA,NA
5,75,8,NA,NA,NA,NA,NA,NA,NA,NA,NA
5,76,1,NA,NA,NA,NA,NA,NA,NA,NA,NA
5,76,2,NA,NA,NA,NA,NA,NA,NA,NA,NA
5,76,3,NA,NA,NA,NA,NA,NA,NA,NA,NA
5,76,4,NA,NA,NA,NA,NA,NA,NA,NA,NA
5,76,5,NA,NA,NA,NA,NA,NA,NA,NA,NA
5,76,6,NA,NA,NA,NA,NA,NA,NA,NA,NA
5,76,7,NA,NA,NA,NA,NA,NA,NA,NA,NA
5,76,8,NA,NA,NA,NA,NA,NA,NA,NA,NA
5,77,1,NA,NA,NA,NA,NA,NA,NA,NA,NA
5,77,2,NA,NA,NA,NA,NA,NA,NA,NA,NA
5,77,3,NA,NA,NA,NA,NA,NA,NA,NA,NA
5,77,4,NA,NA,NA,NA,NA,NA,NA,NA,NA
5,77,5,NA,NA,NA,NA,NA,NA,NA,NA,NA
5,77,6,NA,NA,NA,NA,NA,NA,NA,NA,NA
5,77,7,NA,NA,NA,NA,NA,NA,NA,NA,NA
5,77,8,NA,NA,NA,NA,NA,NA,NA,NA,NA
5,78,1,NA,NA,NA,NA,NA,NA,NA,NA,NA
5,78,2,NA,NA,NA,NA,NA,NA,NA,NA,NA
5,78,3,NA,NA,NA,NA,NA,NA,NA,NA,NA
5,78,4,NA,NA,NA,NA,NA,NA,NA,NA,NA
5,78,5,NA,NA,NA,NA,NA,NA,NA,NA,NA
5,78,6,NA,NA,NA,NA,NA,NA,NA,NA,NA
5,78,7,NA,NA,NA,NA,NA,NA,NA,NA,NA
5,78,8,NA,NA,NA,NA,NA,NA,NA,NA,NA
5,79,1,NA,NA,NA,NA,NA,NA,NA,NA,NA
5,79,2,NA,NA,NA,NA,NA,NA,NA,NA,NA
5,79,3,NA,NA,NA,NA,NA,NA,NA,NA,NA
5,79,4,NA,NA,NA,NA,NA,NA,NA,NA,NA
5,79,5,NA,NA,NA,NA,NA,NA,NA,NA,NA
5,79,6,NA,NA,NA,NA,NA,NA,NA,NA,NA
5,79,7,NA,NA,NA,NA,NA,NA,NA,NA,NA
5,79,8,NA,NA,NA,NA,NA,NA,NA,NA,NA
5,80,1,NA,NA,NA,NA,NA,NA,NA,NA,NA
5,80,2,NA,NA,NA,NA,NA,NA,NA,NA,NA
5,80,3,NA,NA,NA,NA,NA,NA,NA,NA,NA
5,80,4,NA,NA,NA,NA,NA,NA,NA,NA,NA
5,80,5,NA,NA,NA,NA,NA,NA,NA,NA,NA
5,80,6,NA,NA,NA,NA,NA,NA,NA,NA,NA
5,80,7,NA,NA,NA,NA,NA,NA,NA,NA,NA
5,80,8,NA,NA,NA,NA,NA,NA,NA,NA,NA
5,81,1,NA,NA,NA,NA,NA,NA,NA,NA,NA
5,81,2,NA,NA,NA,NA,NA,NA,NA,NA,NA
5,81,3,NA,NA,NA,NA,NA,NA,NA,NA,NA
5,81,4,NA,NA,NA,NA,NA,NA,NA,NA,NA
5,81,5,NA,NA,NA,NA,NA,NA,NA,NA,NA
5,81,6,NA,NA,NA,NA,NA,NA,NA,NA,NA
5,81,7,NA,NA,NA,NA,NA,NA,NA,NA,NA
5,81,8,NA,NA,NA,NA,NA,NA,NA,NA,NA
5,82,1,NA,NA,NA,NA,NA,NA,NA,NA,NA
5,82,2,NA,NA,NA,NA,NA,NA,NA,NA,NA
5,82,3,NA,NA,NA,NA,NA,NA,NA,NA,NA
5,82,4,NA,NA,NA,NA,NA,NA,NA,NA,NA
5,82,5,NA,NA,NA,NA,NA,NA,NA,NA,NA
5,82,6,NA,NA,NA,NA,NA,NA,NA,NA,NA
5,82,7,NA,NA,NA,NA,NA,NA,NA,NA,NA
5,82,8,NA,NA,NA,NA,NA,NA,NA,NA,NA
5,83,1,NA,NA,NA,NA,NA,NA,NA,NA,NA
5,83,2,NA,NA,NA,NA,NA,NA,NA,NA,NA
5,83,3,NA,NA,NA,NA,NA,NA,NA,NA,NA
5,83,4,NA,NA,NA,NA,NA,NA,NA,NA,NA
5,83,5,NA,NA,NA,NA,NA,NA,NA,NA,NA
5,83,6,NA,NA,NA,NA,NA,NA,NA,NA,NA
5,83,7,NA,NA,NA,NA,NA,NA,NA,NA,NA
5,83,8,NA,NA,NA,NA,NA,NA,NA,NA,NA
5,84,1,NA,NA,NA,NA,NA,NA,NA,NA,NA
5,84,2,NA,NA,NA,NA,NA,NA,NA,NA,NA
5,84,3,NA,NA,NA,NA,NA,NA,NA,NA,NA
5,84,4,NA,NA,NA,NA,NA,NA,NA,NA,NA
5,84,5,NA,NA,NA,NA,NA,NA,NA,NA,NA
5,84,6,NA,NA,NA,NA,NA,NA,NA,NA,NA
5,84,7,NA,NA,NA,NA,NA,NA,NA,NA,NA
5,84,8,NA,NA,NA,NA,NA,NA,NA,NA,NA
5,85,1,NA,NA,NA,NA,NA,NA,NA,NA,NA
5,85,2,NA,NA,NA,NA,NA,NA,NA,NA,NA
5,85,3,NA,NA,NA,NA,NA,NA,NA,NA,NA
5,85,4,NA,NA,NA,NA,NA,NA,NA,NA,NA
5,85,5,NA,NA,NA,NA,NA,NA,NA,NA,NA
5,85,6,NA,NA,NA,NA,NA,NA,NA,NA,NA
5,85,7,NA,NA,NA,NA,NA,NA,NA,NA,NA
5,85,8,NA,NA,NA,NA,NA,NA,NA,NA,NA
5,86,1,NA,NA,NA,NA,NA,NA,NA,NA,NA
5,86,2,NA,NA,NA,NA,NA,NA,NA,NA,NA
5,86,3,NA,NA,NA,NA,NA,NA,NA,NA,NA
5,86,4,NA,NA,NA,NA,NA,NA,NA,NA,NA
5,86,5,NA,NA,NA,NA,NA,NA,NA,NA,NA
5,86,6,NA,NA,NA,NA,NA,NA,NA,NA,NA
5,86,7,NA,NA,NA,NA,NA,NA,NA,NA,NA
5,86,8,NA,NA,NA,NA,NA,NA,NA,NA,NA
5,87,1,NA,NA,NA,NA,NA,NA,NA,NA,NA
5,87,2,NA,NA,NA,NA,NA,NA,NA,NA,NA
5,87,3,NA,NA,NA,NA,NA,NA,NA,NA,NA
5,87,4,NA,NA,NA,NA,NA,NA,NA,NA,NA
5,87,5,NA,NA,NA,NA,NA,NA,NA,NA,NA
5,87,6,NA,NA,NA,NA,NA,NA,NA,NA,NA
5,87,7,NA,NA,NA,NA,NA,NA,NA,NA,NA
5,87,8,NA,NA,NA,NA,NA,NA,NA,NA,NA
5,88,1,NA,NA,NA,NA,NA,NA,NA,NA,NA
5,88,2,NA,NA,NA,NA,NA,NA,NA,NA,NA
5,88,3,NA,NA,NA,NA,NA,NA,NA,NA,NA
5,88,4,NA,NA,NA,NA,NA,NA,NA,NA,NA
5,88,5,NA,NA,NA,NA,NA,NA,NA,NA,NA
5,88,6,NA,NA,NA,NA,NA,NA,NA,NA,NA
5,88,7,NA,NA,NA,NA,NA,NA,NA,NA,NA
5,88,8,NA,NA,NA,NA,NA,NA,NA,NA,NA
5,89,1,NA,NA,NA,NA,NA,NA,NA,NA,NA
5,89,2,NA,NA,NA,NA,NA,NA,NA,NA,NA
5,89,3,NA,NA,NA,NA,NA,NA,NA,NA,NA
5,89,4,NA,NA,NA,NA,NA,NA,NA,NA,NA
5,89,5,NA,NA,NA,NA,NA,NA,NA,NA,NA
5,89,6,NA,NA,NA,NA,NA,NA,NA,NA,NA
5,89,7,NA,NA,NA,NA,NA,NA,NA,NA,NA
5,89,8,NA,NA,NA,NA,NA,NA,NA,NA,NA
5,90,1,NA,NA,NA,NA,NA,NA,NA,NA,NA
5,90,2,NA,NA,NA,NA,NA,NA,NA,NA,NA
5,90,3,NA,NA,NA,NA,NA,NA,NA,NA,NA
5,90,4,NA,NA,NA,NA,NA,NA,NA,NA,NA
5,90,5,NA,NA,NA,NA,NA,NA,NA,NA,NA
5,90,6,NA,NA,NA,NA,NA,NA,NA,NA,NA
5,90,7,NA,NA,NA,NA,NA,NA,NA,NA,NA
5,90,8,NA,NA,NA,NA,NA,NA,NA,NA,NA
5,91,1,NA,NA,NA,NA,NA,NA,NA,NA,NA
5,91,2,NA,NA,NA,NA,NA,NA,NA,NA,NA
5,91,3,NA,NA,NA,NA,NA,NA,NA,NA,NA
5,91,4,NA,NA,NA,NA,NA,NA,NA,NA,NA
5,91,5,NA,NA,NA,NA,NA,NA,NA,NA,NA
5,91,6,NA,NA,NA,NA,NA,NA,NA,NA,NA
5,91,7,NA,NA,NA,NA,NA,NA,NA,NA,NA
5,91,8,NA,NA,NA,NA,NA,NA,NA,NA,NA
5,92,1,NA,NA,NA,NA,NA,NA,NA,NA,NA
5,92,2,NA,NA,NA,NA,NA,NA,NA,NA,NA
5,92,3,NA,NA,NA,NA,NA,NA,NA,NA,NA
5,92,4,NA,NA,NA,NA,NA,NA,NA,NA,NA
5,92,5,NA,NA,NA,NA,NA,NA,NA,NA,NA
5,92,6,NA,NA,NA,NA,NA,NA,NA,NA,NA
5,92,7,NA,NA,NA,NA,NA,NA,NA,NA,NA
5,92,8,NA,NA,NA,NA,NA,NA,NA,NA,NA
5,93,1,NA,NA,NA,NA,NA,NA,NA,NA,NA
5,93,2,NA,NA,NA,NA,NA,NA,NA,NA,NA
5,93,3,NA,NA,NA,NA,NA,NA,NA,NA,NA
5,93,4,NA,NA,NA,NA,NA,NA,NA,NA,NA
5,93,5,NA,NA,NA,NA,NA,NA,NA,NA,NA
5,93,6,NA,NA,NA,NA,NA,NA,NA,NA,NA
5,93,7,NA,NA,NA,NA,NA,NA,NA,NA,NA
5,93,8,NA,NA,NA,NA,NA,NA,NA,NA,NA
5,94,1,NA,NA,NA,NA,NA,NA,NA,NA,NA
5,94,2,NA,NA,NA,NA,NA,NA,NA,NA,NA
5,94,3,NA,NA,NA,NA,NA,NA,NA,NA,NA
5,94,4,NA,NA,NA,NA,NA,NA,NA,NA,NA
5,94,5,NA,NA,NA,NA,NA,NA,NA,NA,NA
5,94,6,NA,NA,NA,NA,NA,NA,NA,NA,NA
5,94,7,NA,NA,NA,NA,NA,NA,NA,NA,NA
5,94,8,NA,NA,NA,NA,NA,NA,NA,NA,NA
5,95,1,NA,NA,NA,NA,NA,NA,NA,NA,NA
5,95,2,NA,NA,NA,NA,NA,NA,NA,NA,NA
5,95,3,NA,NA,NA,NA,NA,NA,NA,NA,NA
5,95,4,NA,NA,NA,NA,NA,NA,NA,NA,NA
5,95,5,NA,NA,NA,NA,NA,NA,NA,NA,NA
5,95,6,NA,NA,NA,NA,NA,NA,NA,NA,NA
5,95,7,NA,NA,NA,NA,NA,NA,NA,NA,NA
5,95,8,NA,NA,NA,NA,NA,NA,NA,NA,NA
5,96,1,NA,NA,NA,NA,NA,NA,NA,NA,NA
5,96,2,NA,NA,NA,NA,NA,NA,NA,NA,NA
5,96,3,NA,NA,NA,NA,NA,NA,NA,NA,NA
5,96,4,NA,NA,NA,NA,NA,NA,NA,NA,NA
5,96,5,NA,NA,NA,NA,NA,NA,NA,NA,NA
5,96,6,NA,NA,NA,NA,NA,NA,NA,NA,NA
5,96,7,NA,NA,NA,NA,NA,NA,NA,NA,NA
5,96,8,NA,NA,NA,NA,NA,NA,NA,NA,NA
5,97,1,NA,NA,NA,NA,NA,NA,NA,NA,NA
5,97,2,NA,NA,NA,NA,NA,NA,NA,NA,NA
5,97,3,NA,NA,NA,NA,NA,NA,NA,NA,NA
5,97,4,NA,NA,NA,NA,NA,NA,NA,NA,NA
5,97,5,NA,NA,NA,NA,NA,NA,NA,NA,NA
5,97,6,NA,NA,NA,NA,NA,NA,NA,NA,NA
5,97,7,NA,NA,NA,NA,NA,NA,NA,NA,NA
5,97,8,NA,NA,NA,NA,NA,NA,NA,NA,NA
5,98,1,NA,NA,NA,NA,NA,NA,NA,NA,NA
5,98,2,NA,NA,NA,NA,NA,NA,NA,NA,NA
5,98,3,NA,NA,NA,NA,NA,NA,NA,NA,NA
5,98,4,NA,NA,NA,NA,NA,NA,NA,NA,NA
5,98,5,NA,NA,NA,NA,NA,NA,NA,NA,NA
5,98,6,NA,NA,NA,NA,NA,NA,NA,NA,NA
5,98,7,NA,NA,NA,NA,NA,NA,NA,NA,NA
5,98,8,NA,NA,NA,NA,NA,NA,NA,NA,NA
5,99,1,NA,NA,NA,NA,NA,NA,NA,NA,NA
5,99,2,NA,NA,NA,NA,NA,NA,NA,NA,NA
5,99,3,NA,NA,NA,NA,NA,NA,NA,NA,NA
5,99,4,NA,NA,NA,NA,NA,NA,NA,NA,NA
5,99,5,NA,NA,NA,NA,NA,NA,NA,NA,NA
5,99,6,NA,NA,NA,NA,NA,NA,NA,NA,NA
5,99,7,NA,NA,NA,NA,NA,NA,NA,NA,NA
5,99,8,NA,NA,NA,NA,NA,NA,NA,NA,NA
5,100,1,NA,NA,NA,NA,NA,NA,NA,NA,NA
5,100,2,NA,NA,NA,NA,NA,NA,NA,NA,NA
5,100,3,NA,NA,NA,NA,NA,NA,NA,NA,NA
5,100,4,NA,NA,NA,NA,NA,NA,NA,NA,NA
5,100,5,NA,NA,NA,NA,NA,NA,NA,NA,NA
5,100,6,NA,NA,NA,NA,NA,NA,NA,NA,NA
5,100,7,NA,NA,NA,NA,NA,NA,NA,NA,NA
5,100,8,NA,NA,NA,NA,NA,NA,NA,NA,NA
6,1,1,2928.328,934.216949323677,0,0,0,99,0,0,0
6,1,2,2918.416,907.467771072617,0,0,0,3,0,0,0
6,1,3,2925.952,1605.70904313487,0,0,0,22,0,0,0
6,1,4,2936.664,1157.6202395127,0,0,0,99,0,0,0
6,1,5,2928.0224,1088.23352660183,0,0,0,63,0,0,0
6,1,6,2915.86368,1076.13744087832,0,0,0,23,0,0,0
6,1,7,19388.5519999999,5735.40164387997,0,0,0,86,0,0,0
6,1,8,0,4,0,0,0,96,0,0,0
6,2,1,2929.8544,992.015654132506,0,0,0,93,0,0,0
6,2,2,2922.368,1428.38423709451,0,0,0,90,0,0,0
6,2,3,2942.23168,916.201348373459,0,0,0,160,0,0,0
6,2,4,2944.6896,1707.67661208219,0,0,0,115,0,0,0
6,2,5,2933.904,1182.72595327876,0,0,0,108,0,0,0
6,2,6,2924.37568,1104.91380114963,0,0,0,107,0,0,0
6,2,7,19347.9871999999,4710.96040610825,16,1,0,225,0,0,0
6,2,8,0,4,0,0,0,0,0,0,0
6,3,1,2923.30368,818.750630140161,0,51,0,48,0,0,0
6,3,2,2916.896,509.596064173454,0,74,0,68,0,0,0
6,3,3,2938.92608,1380.04725652095,0,41,0,50,0,0,0
6,3,4,2943.67712,1006.41593947352,0,91,0,79,0,0,0
6,3,5,2926.448,829.93322878573,0,66,0,52,0,0,0
6,3,6,2921.78336,2094.832675423,0,68,0,42,0,0,0
6,3,7,19294.0252799998,6243.80596601299,2,195,0,192,0,0,0
6,3,8,0,4,0,0,0,0,0,0,0
6,4,1,2930.32608,1127.76887386624,0,0,0,81,0,0,0
6,4,2,2919.8032,1646.91879394782,0,0,0,50,0,0,0
6,4,3,2963.27168,1318.12241680158,0,0,0,138,0,0,0
6,4,4,2960.76832,1098.2222328478,0,0,0,100,0,0,0
6,4,5,2939.264,1096.07771750577,0,0,0,82,0,0,0
6,4,6,2959.22527999999,779.848026279673,0,0,0,209,0,0,0
6,4,7,19285.0680959999,6711.42322407677,23,0,0,251,0,0,0
6,4,8,0,4,0,0,0,0,0,0,0
6,5,1,2941.68448,780.26389313883,0,0,0,112,0,0,0
6,5,2,2943.8336,1166.43662566941,0,0,0,164,0,0,0
6,5,3,2984.90207999999,1225.09234448972,0,0,0,131,0,0,0
6,5,4,2978.10592,1778.56232830029,0,0,0,109,0,0,0
6,5,5,2956.51199999999,2047.93724581273,0,0,0,109,0,0,0
6,5,6,2968.87481599999,1169.34943171226,0,0,0,77,0,0,0
6,5,7,19263.6664959998,5086.57957495639,24,0,0,223,0,0,0
6,5,8,0,4,0,0,0,0,0,0,0
6,6,1,2946.104,2029.97120564844,0,0,0,78,0,0,0
6,6,2,2957.334144,1640.56957497156,0,0,0,116,0,0,0
6,6,3,3003.87839999999,1006.44398357724,0,0,0,122,0,0,0
6,6,4,3009.23871999999,1660.83601067519,0,0,0,177,0,0,0
6,6,5,2982.09759999999,604.564018190595,15,0,0,155,0,0,0
6,6,6,2988.29881599999,1157.62133593425,0,0,0,116,0,0,0
6,6,7,19249.9098111998,3827.7578644587,69,0,0,281,0,0,0
6,6,8,0,4,0,0,0,0,0,0,0
6,7,1,2965.568,1208.04509267525,39,0,0,148,0,0,0
6,7,2,2972.494144,1070.57422320224,19,0,0,137,0,0,0
6,7,3,3014.37279999999,780.938600018804,0,0,0,100,0,0,0
6,7,4,3025.33734399999,1014.99506866873,35,0,0,117,0,0,0
6,7,5,2988.31359999999,322.060564388835,0,0,0,60,0,0,0
6,7,6,3008.02705919999,1535.93890156062,0,0,0,115,0,0,0
6,7,7,19221.6966911997,7600.87676177362,136,0,0,192,0,0,0
6,7,8,0,4,0,0,0,0,0,0,0
6,8,1,2980.95584000001,947.183979299234,0,0,0,120,0,0,0
6,8,2,2983.368704,630.324646242559,0,0,0,107,0,0,0
6,8,3,3022.517184,1725.03238978193,0,0,0,78,0,0,0
6,8,4,3042.8002048,1065.88719228964,0,0,0,101,0,0,0
6,8,5,2989.4688,862.943514612463,0,0,0,32,0,0,0
6,8,6,3036.0159232,1735.08731430952,0,0,0,153,0,0,0
6,8,7,19206.6684671996,2920.90870978679,37,0,0,251,0,0,0
6,8,8,0,4,0,0,0,0,0,0,0
6,9,1,2985.131072,831.73641458638,2,0,0,92,0,0,0
6,9,2,2982.722304,1294.27700830785,0,0,0,63,0,0,0
6,9,3,3042.696576,724.156621712386,37,0,0,128,0,0,0
6,9,4,3055.08029696,1214.37471286016,3,0,0,102,0,0,0
6,9,5,3000.0976,1175.40665457441,1,0,0,85,0,0,0
6,9,6,3055.3356032,1085.16784994218,36,0,0,130,0,0,0
6,9,7,19157.5928345596,3368.86886787424,121,0,0,146,0,0,0
6,9,8,0,4,0,0,0,0,0,0,0
6,10,1,2986.5080832,1414.23507585451,0,0,0,83,0,0,0
6,10,2,2999.044224,1525.60435388861,0,0,0,129,0,0,0
6,10,3,3049.4486912,671.379673364382,0,0,0,72,0,0,0
6,10,4,3073.86295296,1277.4309971239,0,0,0,121,0,0,0
6,10,5,3015.37472,2197.49770768172,0,0,0,117,0,0,0
6,10,6,3070.6411392,1589.29395058745,0,0,0,108,0,0,0
6,10,7,19116.8404223995,7931.67285979263,48,0,0,159,0,0,0
6,10,8,0,4,0,0,0,0,0,0,0
6,11,1,2994.62912,1416.01363546525,0,0,0,141,0,0,0
6,11,2,3016.421568,1737.98967847231,0,0,0,152,0,0,0
6,11,3,3053.439808,1012.32128361928,0,0,0,67,0,0,0
6,11,4,3089.52848896,1328.54332245678,0,0,0,127,0,0,0
6,11,5,3047.090624,1315.87987907798,1,0,0,201,0,0,0
6,11,6,3089.8805248,1405.93219519005,0,0,0,158,0,0,0
6,11,7,19086.7489151994,5360.29116675106,30,0,0,235,0,0,0
6,11,8,0,4,0,0,0,0,0,0,0
6,12,1,2990.28933376001,1441.97102841156,0,71,0,70,0,0,0
6,12,2,3020.307008,877.304538563167,0,96,0,77,0,0,0
6,12,3,3049.34694144,1492.78249715617,0,53,0,48,0,0,0
6,12,4,3091.263085568,577.4589785576,0,68,0,64,0,0,0
6,12,5,3046.81344,1632.67257546215,0,68,0,63,0,0,0
6,12,6,3096.82548480001,1271.42656092419,0,53,0,87,0,0,0
6,12,7,19058.5329023993,6908.97919275444,0,262,0,259,0,0,0
6,12,8,0,4,0,0,0,0,0,0,0
6,13,1,3009.70297856001,1638.43755372176,0,0,0,144,0,0,0
6,13,2,3033.601728,1422.21716963569,0,0,0,87,0,0,0
6,13,3,3080.43526144,2462.74703218947,0,0,0,149,0,0,0
6,13,4,3102.268525568,1249.18361190918,0,0,0,57,0,0,0
6,13,5,3078.3541248,738.555021198235,0,0,0,163,0,0,0
6,13,6,3121.36398080001,2322.83450802241,0,0,0,127,0,0,0
6,13,7,19053.9046783993,7473.57635383009,37,0,0,184,0,0,0
6,13,8,0,4,0,0,0,0,0,0,0
6,14,1,3038.89017856001,1558.2402728754,0,0,0,163,0,0,0
6,14,2,3059.68806400001,943.75646375732,0,0,0,142,0,0,0
6,14,3,3124.45990144001,911.812902175305,2,0,0,200,0,0,0
6,14,4,3130.510189568,1459.8439040631,0,0,0,124,0,0,0
6,14,5,3093.9666048,2141.79573860056,0,0,0,73,0,0,0
6,14,6,3157.75191040001,762.295971228878,2,0,0,177,0,0,0
6,14,7,19045.1572997112,6220.40588076753,30,0,0,165,0,0,0
6,14,8,0,4,0,0,0,0,0,0,0
6,15,1,3071.75851520001,1254.55624030228,0,0,0,155,0,0,0
6,15,2,3078.47104000001,1129.13650572216,0,0,0,94,0,0,0
6,15,3,3146.61329664,448.12858946247,0,0,0,91,0,0,0
6,15,4,3167.550599168,1147.25289063278,0,0,0,145,0,0,0
6,15,5,3144.32385280001,1171.78245279659,0,0,0,214,0,0,0
6,15,6,3172.17216460801,1414.0949557887,0,0,0,76,0,0,0
6,15,7,19042.3346084855,10034.2961051126,69,0,0,168,0,0,0
6,15,8,0,4,0,0,0,0,0,0,0
6,16,1,3083.93457920001,1074.84325434646,0,0,0,125,0,0,0
6,16,2,3094.53952000001,747.750965549353,0,0,0,112,0,0,0
6,16,3,3151.59736064,1338.67794048192,0,0,0,44,0,0,0
6,16,4,3185.387859968,1398.81682877414,0,0,0,114,0,0,0
6,16,5,3166.8649856,1574.71080714633,0,0,0,117,0,0,0
6,16,6,3197.62048460801,717.313116413741,0,0,0,141,0,0,0
6,16,7,19029.1099684855,7665.79644892803,38,0,0,170,0,0,0
6,16,8,0,4,0,0,0,0,0,0,0
6,17,1,3093.54534400001,1419.00136494534,0,0,0,107,0,0,0
6,17,2,3101.48975360001,1233.34560607119,0,0,0,74,0,0,0
6,17,3,3172.05432064,1522.4652044178,0,0,0,133,0,0,0
6,17,4,3209.011923968,1260.46347670135,0,0,0,139,0,0,0
6,17,5,3194.15293952,2581.24139442508,0,0,0,157,0,0,0
6,17,6,3207.06758860801,1280.96731322829,0,0,0,71,0,0,0
6,17,7,19026.0438923255,11384.8031338777,201,0,0,210,0,0,0
6,17,8,0,4,0,0,0,0,0,0,0
6,18,1,3107.88702720001,1368.56573562521,0,0,0,141,0,0,0
6,18,2,3112.58332620801,1261.72673511014,0,0,0,123,0,0,0
6,18,3,3194.93726464,978.22696763444,0,0,0,152,0,0,0
6,18,4,3224.94856396801,1220.43100080369,0,0,0,126,0,0,0
6,18,5,3223.11684352,1461.65760767027,5,0,0,177,0,0,0
6,18,6,3225.80271820801,2300.3446393171,0,0,0,128,0,0,0
6,18,7,19036.9616523255,7109.64399691161,61,0,0,219,0,0,0
6,18,8,0,4,0,0,0,0,0,0,0
6,19,1,3124.25469440001,1000.6108024522,0,0,0,135,0,0,0
6,19,2,3129.88922572801,488.61304834523,0,0,0,126,0,0,0
6,19,3,3207.23658240001,1149.9983919731,0,0,0,97,0,0,0
6,19,4,3242.91155916801,1525.22435712249,0,0,0,122,0,0,0
6,19,5,3248.83192422401,476.442907550522,0,0,0,146,0,0,0
6,19,6,3250.79371724801,2023.80554692822,40,0,0,138,0,0,0
6,19,7,19044.9181323255,5816.32828210414,165,2,0,179,0,0,10
6,19,8,0,4,0,0,0,0,0,0,0
6,20,1,3132.21715200001,1693.03523671408,0,0,0,100,0,0,0
6,20,2,3123.28667750401,1111.74802720052,0,0,0,48,0,0,0
6,20,3,3215.08805376001,1082.49943671885,0,0,0,114,0,0,0
6,20,4,3258.19414732801,1805.2043714854,0,0,0,151,0,0,0
6,20,5,3247.01714022401,1691.43095248058,0,0,0,47,0,0,0
6,20,6,3274.68530124801,1411.46695448736,25,0,0,147,0,0,0
6,20,7,19054.1039371255,9250.12186809674,174,0,0,177,0,0,6
6,20,8,0,4,0,0,0,0,0,0,0
6,21,1,3161.15110144002,773.741677265285,0,0,0,169,0,0,0
6,21,2,3133.27824793601,1478.89064389004,0,0,0,111,0,0,0
6,21,3,3221.39757875201,2322.48310825518,0,0,0,108,0,0,0
6,21,4,3285.67217313793,1391.26934130731,0,0,0,180,0,0,0
6,21,5,3272.18348451841,1853.32352059836,0,0,0,167,0,0,0
6,21,6,3306.47069388801,1691.42184960659,0,0,0,141,0,0,0
6,21,7,19085.8978315254,3552.94138106606,58,0,0,189,0,0,0
6,21,8,0,4,0,0,0,0,0,0,0
6,22,1,3162.90437324802,1125.27257368298,0,0,0,77,0,0,0
6,22,2,3149.10992793602,1525.24122580412,2,0,0,143,0,0,0
6,22,3,3239.29289420801,1413.82198883004,34,0,0,166,0,0,0
6,22,4,3300.76925480552,1224.72826678377,0,0,0,139,0,0,0
6,22,5,3291.69298976769,877.461751188998,13,0,0,160,0,0,0
6,22,6,3331.39018946561,1311.20220231632,17,0,0,136,0,0,0
6,22,7,19103.7560715254,6432.29072780351,110,0,0,146,0,0,0
6,22,8,0,4,0,0,0,0,0,0,0
6,23,1,3181.49917224962,701.006556183877,0,0,0,112,0,0,0
6,23,2,3173.37583656962,684.338115517269,0,0,0,152,0,0,0
6,23,3,3261.19355236353,1525.82544557339,0,0,0,141,0,0,0
6,23,4,3321.62291250792,1456.72153760524,0,0,0,122,0,0,0
6,23,5,3304.15912235009,855.158288309235,0,0,0,87,0,0,0
6,23,6,3361.59344003073,1365.96136664955,0,0,0,131,0,0,0
6,23,7,19140.0506622146,5636.28646469807,41,0,0,190,0,0,0
6,23,8,0,4,0,0,0,0,0,0,0
6,24,1,3176.66022277122,1745.35696188835,0,0,0,70,0,0,0
6,24,2,3158.67213894043,725.612102055818,0,0,0,68,0,0,0
6,24,3,3264.84885389314,644.919407132039,0,0,0,152,0,0,0
6,24,4,3335.95311726102,1329.7445425331,0,0,0,145,0,0,0
6,24,5,3300.09567019009,660.763321008949,0,0,0,85,0,0,0
6,24,6,3381.92890970113,1086.90353354274,0,0,0,136,0,0,0
6,24,7,19167.2689150146,6450.15638376763,36,0,0,239,0,0,0
6,24,8,0,4,0,0,0,0,0,0,0
6,25,1,3204.87450660456,1350.9446520771,0,0,0,174,0,0,0
6,25,2,3154.99148300371,1059.26364607375,0,0,0,72,0,0,0
6,25,3,3262.40549916673,1533.96008043975,0,0,0,64,0,0,0
6,25,4,3354.90721415088,1488.65130341202,0,0,0,132,0,0,0
6,25,5,3303.54014431643,1451.0523378393,0,0,0,66,0,0,0
6,25,6,3406.68966692455,2786.80286627366,0,0,0,108,0,0,0
6,25,7,19204.7195092817,10341.2956956781,38,0,0,198,0,0,2
6,25,8,0,4,0,0,0,0,0,0,0
6,26,1,3207.00417789544,1246.14574804432,0,0,0,135,0,0,0
6,26,2,3150.24861090711,1452.25344286027,0,0,0,105,0,0,0
6,26,3,3259.44774659688,1502.04408013255,0,0,0,153,0,0,0
6,26,4,3361.05547706288,469.822014783267,0,0,0,148,0,0,0
6,26,5,3311.62833404315,834.800585642214,0,0,0,145,0,0,0
6,26,6,3431.29420119655,1858.54044873768,0,6,0,168,0,0,0
6,26,7,19219.5998932817,6058.58976712474,0,48,0,201,0,0,0
6,26,8,0,4,0,0,0,0,0,0,0
6,27,1,3209.64837023336,1470.36785584501,0,0,0,124,0,0,0
6,27,2,3158.05073644213,1371.97920297679,0,0,0,145,0,0,0
6,27,3,3261.00049985128,828.446279790941,0,8,0,131,0,0,0
6,27,4,3340.63476010928,1387.25984030851,0,0,0,46,0,0,0
6,27,5,3307.33846278555,930.921527412246,0,0,0,83,0,0,0
6,27,6,3452.00529903207,1528.41964213562,0,19,0,142,0,0,0
6,27,7,19242.3619105616,8136.65895475437,0,170,0,214,0,0,0
6,27,8,0,4,0,0,0,0,0,0,0
6,28,1,3228.36816629762,2075.96820304858,0,0,0,147,0,0,0
6,28,2,3159.53611342107,1923.72215545151,0,0,0,137,0,0,0
6,28,3,3252.0913318052,1275.22948822768,0,0,0,82,0,0,0
6,28,4,3353.42771009456,293.851145353424,0,0,0,138,0,0,0
6,28,5,3312.92272238675,1537.04962984039,0,0,0,93,0,0,0
6,28,6,3481.51568879207,1489.44673568037,0,0,0,152,0,0,0
6,28,7,19288.8140219216,9284.97931539606,27,0,0,207,0,0,0
6,28,8,0,4,0,0,0,0,0,0,0
6,29,1,3256.31883888642,1124.45395481355,0,0,0,200,0,0,0
6,29,2,3171.48460226843,1867.51506598213,0,0,0,192,0,0,0
6,29,3,3260.72516559996,1119.87450750245,0,0,0,127,0,0,0
6,29,4,3331.08557438896,1323.72129052095,0,0,0,29,0,0,0
6,29,5,3337.17089546405,1067.85673181153,0,0,0,153,0,0,0
6,29,6,3517.29651768526,1427.70062243358,0,0,0,148,0,0,0
6,29,7,19340.1942843216,4120.43002231725,21,0,0,232,0,0,0
6,29,8,0,4,0,0,0,0,0,0,0
6,30,1,3240.15747017198,1902.69777028862,0,63,0,49,0,0,0
6,30,2,3158.41543703204,1405.74438321494,0,99,0,87,0,0,0
6,30,3,3239.57466983958,648.262874240925,0,51,0,60,0,0,0
6,30,4,3315.18419337136,2253.30565008817,0,81,0,51,0,0,0
6,30,5,3325.50156239849,1121.02431358283,0,57,0,49,0,0,0
6,30,6,3522.42598055036,1821.17337163744,0,60,0,82,0,0,0
6,30,7,19373.1344711463,10021.7529490874,0,215,0,197,0,0,0
6,30,8,0,4,0,0,0,0,0,0,0
6,31,1,3269.3064398283,1432.87533390527,0,0,0,188,0,0,0
6,31,2,3169.31915735363,1071.34878268168,0,0,0,140,0,0,0
6,31,3,3231.33715099158,1692.76094672021,0,0,0,64,0,0,0
6,31,4,3339.98718171056,2114.23716454466,1,0,0,192,0,0,0
6,31,5,3336.73050885097,1229.11926421112,0,0,0,112,0,0,0
6,31,6,3564.65924109436,1940.16952025996,0,0,0,182,0,0,0
6,31,7,19410.4117089063,9219.85309121808,28,1,0,207,0,0,0
6,31,8,0,4,0,0,0,0,0,0,0
6,32,1,3285.49897373355,1170.64490174436,0,0,0,143,0,0,0
6,32,2,3182.97422991683,1872.35879208167,0,0,0,107,0,0,0
6,32,3,3243.8550558671,768.935093413222,0,0,0,169,0,0,0
6,32,4,3369.74882266646,1044.07789754981,0,0,0,207,0,0,0
6,32,5,3356.81229356354,1403.22203355564,0,0,0,122,0,0,0
6,32,6,3611.99930792167,1178.85101734268,0,0,0,194,0,0,0
6,32,7,19477.2317695783,11334.8813996358,15,0,0,336,0,0,5
6,32,8,0,4,0,0,0,0,0,0,0
6,33,1,3302.98265921604,1814.96507436431,0,0,0,117,0,0,0
6,33,2,3210.81689459079,789.304387372367,0,0,0,186,0,0,0
6,33,3,3242.7921546191,1559.34902167366,0,0,0,76,0,0,0
6,33,4,3381.52055522838,2022.80590302026,0,0,0,104,0,0,0
6,33,5,3380.02969696864,1328.59522136941,0,0,0,140,0,0,0
6,33,6,3641.93210248955,2161.06347931338,0,0,0,117,0,0,0
6,33,7,19514.5364126502,5251.71231420297,22,0,0,201,0,0,2
6,33,8,0,4,0,0,0,0,0,0,0
6,34,1,3336.54742163934,1734.39976687715,1,0,0,158,0,0,1
6,34,2,3206.93872629249,890.971966353099,0,0,0,78,0,0,0
6,34,3,3270.16390820088,937.384239353432,0,0,0,154,0,0,0
6,34,4,3439.02006700525,907.575494122765,0,0,0,202,0,0,0
6,34,5,3404.48488014288,752.335864678576,0,0,0,132,0,0,0
6,34,6,3706.9674635947,1545.09385792368,1,0,0,199,0,0,0
6,34,7,19574.3459039997,9285.37037124782,26,0,0,219,0,0,0
6,34,8,0,4,0,0,0,0,0,0,0
6,35,1,3362.63999832034,751.937174975119,0,0,0,173,0,0,0
6,35,2,3202.55435221858,965.782903742579,0,0,0,89,0,0,0
6,35,3,3279.10889738996,1789.36431433307,0,0,0,93,0,0,0
6,35,4,3444.49010136742,1355.16678465477,0,0,0,90,0,0,0
6,35,5,3407.96055302608,1742.8844984498,0,0,0,75,0,0,0
6,35,6,3748.48642405366,1782.26745375709,0,0,0,154,0,0,0
6,35,7,19609.4745583562,8713.19716569979,31,0,0,176,0,0,1
6,35,8,0,4,0,0,0,0,0,0,0
6,36,1,3376.01110393212,2043.13270043841,0,0,0,75,0,0,0
6,36,2,3212.72188446275,657.941838301269,0,0,0,96,0,0,0
6,36,3,3315.90969932233,1263.47038059325,0,0,0,178,0,0,0
6,36,4,3467.42769503255,798.003794046086,0,0,0,135,0,0,0
6,36,5,3456.99121051083,1216.24279495404,0,0,0,174,0,0,0
6,36,6,3809.2418220306,1454.44554732579,0,0,0,178,0,0,0
6,36,7,19653.0741820362,8076.44977532375,27,0,0,200,0,0,2
6,36,8,0,4,0,0,0,0,0,0,0
6,37,1,3393.38707942493,1727.39380912973,4,0,0,159,0,0,0
6,37,2,3210.34228553083,965.382046801584,0,0,0,65,0,0,0
6,37,3,3313.53713847221,785.758796372243,0,0,0,126,0,0,0
6,37,4,3463.17788542385,1166.05537843137,0,0,0,79,0,0,0
6,37,5,3470.75249012253,1538.90408196061,0,0,0,121,0,0,0
6,37,6,3838.91538416309,624.141600093439,0,0,0,145,0,0,0
6,37,7,19671.0772919242,5270.27720422919,62,0,0,181,0,0,0
6,37,8,0,4,0,0,0,0,0,0,0
6,38,1,3422.65406008723,1314.41498115716,12,0,0,142,0,0,0
6,38,2,3219.34037000035,1935.41059994544,0,0,0,96,0,0,0
6,38,3,3308.54968179702,1080.17251204617,0,0,0,78,0,0,0
6,38,4,3479.46239193421,2000.85111182069,0,0,0,116,0,0,0
6,38,5,3510.28207439232,2086.32789735425,5,0,0,141,0,0,0
6,38,6,3845.53763185438,672.146140626673,0,0,0,62,0,0,0
6,38,7,19707.368997433,5599.71916669173,143,0,0,182,0,0,1
6,38,8,0,4,0,0,0,0,0,0,0
6,39,1,3423.46905564563,956.328564243472,0,7,0,123,0,0,0
6,39,2,3217.99715823685,819.542757856549,0,52,0,131,0,0,0
6,39,3,3303.52092367861,1591.69435848589,0,0,0,108,0,0,0
6,39,4,3468.65981409065,1365.4922156328,0,63,0,124,0,0,0
6,39,5,3515.79454223338,1624.50859277724,0,78,0,115,0,0,0
6,39,6,3845.22775383715,1571.9855900426,0,0,0,67,0,0,0
6,39,7,19710.7962961465,5580.80089878108,6,177,0,145,0,0,0
6,39,8,0,4,0,0,0,0,0,0,0
6,40,1,3436.26235428528,468.063569875028,0,0,0,95,0,0,0
6,40,2,3208.96891931049,1451.61657199791,0,0,0,81,0,0,0
6,40,3,3329.66920457697,1251.74081519955,0,0,0,159,0,0,0
6,40,4,3497.23940693621,1745.12076873989,0,0,0,136,0,0,0
6,40,5,3541.88757697596,1841.91422087623,0,0,0,162,0,0,0
6,40,6,3883.03382890556,1713.09203254704,0,0,0,157,0,0,0
6,40,7,19748.2045177401,14006.752136313,30,0,0,177,0,0,0
6,40,8,0,4,0,0,0,0,0,0,0
6,41,1,3421.75698061386,1491.2035384959,0,0,0,46,0,0,0
6,41,2,3214.47721745219,2145.509832264,0,0,0,145,0,0,0
6,41,3,3332.61909587425,2068.12492778632,0,0,0,125,0,0,0
6,41,4,3515.06981432457,1348.70746761082,0,0,0,174,0,0,0
6,41,5,3570.02170727893,1958.70930351096,0,0,0,184,0,0,0
6,41,6,3915.46503693757,1939.91558930321,0,0,0,170,0,0,0
6,41,7,19776.4585252368,8865.81229175485,30,0,0,223,0,0,0
6,41,8,0,4,0,0,0,0,0,0,0
6,42,1,3444.71434927547,1855.00952410896,0,0,0,149,0,0,0
6,42,2,3242.94484873948,1335.40556811062,3,0,0,182,0,0,0
6,42,3,3368.37466478137,1704.69509476527,1,0,0,197,0,0,0
6,42,4,3530.87763120243,1701.43673347365,0,0,0,134,0,0,0
6,42,5,3617.43890505561,1644.44748115141,1,0,0,183,0,0,0
6,42,6,3976.88069949664,2282.21326850875,1,0,0,180,0,0,0
6,42,7,19826.3688664592,14020.6573902588,70,0,0,206,0,0,0
6,42,8,0,4,0,0,0,0,0,0,0
6,43,1,3460.80661153931,2187.66725757091,0,0,0,185,0,0,0
6,43,2,3244.36442387828,989.029042850903,0,0,0,133,0,0,0
6,43,3,3378.99965877325,1299.68965155924,0,0,0,170,0,0,0
6,43,4,3552.80518666005,1157.15418116102,0,0,0,170,0,0,0
6,43,5,3641.04054804232,1059.04007376752,0,0,0,164,0,0,0
6,43,6,4022.95984991251,1593.3238066112,0,0,0,228,0,0,0
6,43,7,19843.4829938192,10323.3339192014,43,0,0,184,0,0,0
6,43,8,0,4,0,0,0,0,0,0,0
6,44,1,3476.70153166073,2276.41832324466,12,0,0,169,0,0,0
6,44,2,3233.59606497547,1114.06923739906,0,0,0,98,0,0,0
6,44,3,3386.54095681818,1123.30589643649,0,0,0,129,0,0,0
6,44,4,3561.65780138486,1591.80805134802,0,0,0,115,0,0,0
6,44,5,3647.81994511398,1109.35469747018,0,0,0,105,0,0,0
6,44,6,4057.4220166109,2037.91710677371,0,0,0,159,0,0,0
6,44,7,19875.9225433616,11731.494675808,195,0,0,243,0,0,2
6,44,8,0,4,0,0,0,0,0,0,0
6,45,1,3486.0210515104,1132.25715874643,0,1,0,197,0,0,0
6,45,2,3223.9116377632,820.062591419246,0,0,0,111,0,0,0
6,45,3,3376.96359219154,1136.26349137143,0,0,0,112,0,0,0
6,45,4,3573.53616245545,1391.79816442531,0,0,0,159,0,0,0
6,45,5,3652.12091851588,1119.30394845331,0,0,0,110,0,0,0
6,45,6,4092.04650424379,1799.48577469884,0,0,0,200,0,0,0
6,45,7,19908.6408199901,7332.78853362082,1,34,0,261,0,0,0
6,45,8,0,4,0,0,0,0,0,0,0
6,46,1,3488.46450363937,1409.70092323227,0,0,0,113,0,0,0
6,46,2,3216.17508156897,1338.85623824855,0,0,0,82,0,0,0
6,46,3,3391.65255260884,1165.98913089559,0,0,0,113,0,0,0
6,46,4,3584.02186342841,1922.01557101435,0,0,0,139,0,0,0
6,46,5,3663.62885147575,1151.35110252482,0,0,0,111,0,0,0
6,46,6,4135.41189799346,2047.3435477469,0,14,0,145,0,0,0
6,46,7,19953.8910408208,5502.21266352678,0,183,0,218,0,0,0
6,46,8,0,4,0,0,0,0,0,0,0
6,47,1,3497.82805645744,1309.29338777052,0,0,0,140,0,0,0
6,47,2,3226.00571276438,970.388695524427,0,0,0,133,0,0,0
6,47,3,3400.10836144524,1569.80215805756,0,0,0,116,0,0,0
6,47,4,3610.40661086122,2527.94962194711,0,0,0,192,0,0,0
6,47,5,3681.19602393697,1605.34640041034,0,0,0,115,0,0,0
6,47,6,4204.48436856902,1896.10663774532,0,0,0,204,0,0,0
6,47,7,19999.2680516112,7752.35488399424,26,0,0,195,0,0,0
6,47,8,0,4,0,0,0,0,0,0,0
6,48,1,3521.3867541636,1541.38521529728,0,0,0,130,0,0,0
6,48,2,3236.59101142394,1103.87193562586,0,0,0,97,0,0,0
6,48,3,3429.68727821929,1294.44735051618,0,0,0,156,0,0,0
6,48,4,3669.73804476102,2136.95959746463,2,0,0,198,0,0,0
6,48,5,3706.49331996392,1587.03942797019,0,0,0,160,0,0,0
6,48,6,4271.24389234542,1292.59055373166,0,0,0,189,0,0,0
6,48,7,20071.1385738926,4320.28350269669,27,0,0,215,0,0,0
6,48,8,0,4,0,0,0,0,0,0,0
6,49,1,3533.50354093783,1610.73368249096,0,0,0,154,0,0,0
6,49,2,3228.06903177863,1594.17313624677,0,0,0,110,0,0,0
6,49,3,3431.77659710333,1896.43916427538,0,0,0,129,0,0,0
6,49,4,3678.37156840043,1379.88256604924,6,0,0,163,0,0,0
6,49,5,3726.36860405386,1168.8192699506,0,0,0,158,0,0,0
6,49,6,4291.27756515182,1369.86298913381,0,0,0,129,0,0,0
6,49,7,20104.0284119725,8736.56856674517,26,0,0,242,0,0,0
6,49,8,0,4,0,0,0,0,0,0,0
6,50,1,3595.14679524242,1123.92812879086,0,0,0,161,0,0,0
6,50,2,3262.21983827524,2054.9734218741,0,0,0,159,0,0,0
6,50,3,3478.92988328391,1074.82900859057,0,0,0,176,0,0,0
6,50,4,3717.2852303239,1280.76944257084,0,0,0,137,0,0,0
6,50,5,3754.25139008651,891.193002080421,0,0,0,116,0,0,0
6,50,6,4344.50420698929,2350.05660255017,0,0,0,136,0,0,0
6,50,7,20166.7876173893,13174.6443628027,0,39,0,178,0,0,0
6,50,8,0,4,0,0,0,0,0,0,0
6,51,1,3597.4953079498,1294.2898885665,0,0,0,112,0,0,0
6,51,2,3268.67882885801,772.469894338298,0,4,0,184,0,0,0
6,51,3,3464.44173483534,1423.08639041979,0,0,0,107,0,0,0
6,51,4,3712.09599024535,924.123184952753,0,0,0,128,0,0,0
6,51,5,3740.41522728684,438.39504403588,0,0,0,89,0,0,0
6,51,6,4376.26960109746,2333.92087835891,0,12,0,167,0,0,0
6,51,7,20194.8899510545,9988.71636033908,0,199,0,239,0,0,0
6,51,8,0,4,0,0,0,0,0,0,0
6,52,1,3602.47668759665,1861.67450244526,0,0,0,129,0,0,0
6,52,2,3259.4747399246,1479.18143027111,0,0,0,77,0,0,0
6,52,3,3463.60216083798,1678.90759213692,0,0,0,142,0,0,0
6,52,4,3699.05210753148,1445.54849843705,0,0,0,92,0,0,0
6,52,5,3718.45960502019,1765.47477829002,0,0,0,43,0,0,0
6,52,6,4424.88301572133,1508.28719648271,1,0,0,189,0,0,0
6,52,7,20243.8998696209,6737.49120967194,30,0,0,218,0,0,0
6,52,8,0,4,0,0,0,0,0,0,0
6,53,1,3642.64852174334,1063.66896925978,2,0,0,171,0,0,0
6,53,2,3281.14616434185,1416.28873199395,0,0,0,147,0,0,0
6,53,3,3507.76009341054,1422.61320424171,0,0,0,167,0,0,0
6,53,4,3717.56753470696,1334.76301684372,0,0,0,144,0,0,0
6,53,5,3764.51315494629,1798.02089907787,0,0,0,176,0,0,0
6,53,6,4481.71238903697,1469.91379773182,0,0,0,150,0,0,0
6,53,7,20347.0355658727,6062.71301330019,65,0,0,243,0,0,0
6,53,8,0,4,0,0,0,0,0,0,0
6,54,1,3646.69650802872,1466.08447181125,0,0,0,106,0,0,0
6,54,2,3277.37241841518,957.952837041174,4,0,0,135,0,0,0
6,54,3,3511.24946013413,1697.31146271759,0,0,0,141,0,0,0
6,54,4,3724.68205280081,2033.82418526268,0,0,0,133,0,0,0
6,54,5,3775.00509482625,1144.02056314242,33,0,0,127,0,0,0
6,54,6,4509.77412373887,1734.04292824813,2,0,0,143,0,0,0
6,54,7,20394.6403478708,4405.23718282321,225,0,0,244,0,0,0
6,54,8,0,4,0,0,0,0,0,0,0
6,55,1,3640.9249841292,1474.94232703898,0,69,0,77,0,0,0
6,55,2,3262.99321835594,2212.55636263089,0,34,0,61,0,0,0
6,55,3,3500.42086848426,1198.94901491463,0,82,0,87,0,0,0
6,55,4,3710.13851271033,1388.01639448018,0,101,0,102,0,0,0
6,55,5,3765.3973915575,1601.68594234132,0,68,0,46,0,0,0
6,55,6,4528.00687957968,3354.60210148334,0,91,0,82,0,0,0
6,55,7,20452.7197227612,6231.91502210745,0,220,0,206,0,0,0
6,55,8,0,4,0,0,0,0,0,0,0
6,56,1,3661.34022210424,1499.53082868811,0,0,0,147,0,0,0
6,56,2,3294.00308162444,2126.47526180862,1,0,0,196,0,0,0
6,56,3,3515.35533496318,548.905401307063,0,0,0,119,0,0,0
6,56,4,3731.12389685493,2264.73817599708,0,0,0,138,0,0,0
6,56,5,3813.90635364957,1265.78447867185,0,0,0,160,0,0,0
6,56,6,4606.37497801656,1750.75325785809,8,0,0,210,0,0,0
6,56,7,20510.1895227422,6957.85285936505,27,0,0,209,0,0,0
6,56,8,0,4,0,0,0,0,0,0,0
6,57,1,3704.86374878551,1646.51942861659,0,0,0,149,0,0,0
6,57,2,3344.84606784379,1148.59571959716,0,0,0,195,0,0,0
6,57,3,3513.27181588514,1360.10139930376,0,0,0,54,0,0,0
6,57,4,3816.07387912215,2047.31575688185,0,0,0,211,0,0,0
6,57,5,3861.69445569229,1712.56941575671,0,0,0,126,0,0,0
6,57,6,4703.25194660273,1637.12556579626,0,0,0,175,0,0,0
6,57,7,20600.6239564814,8082.79233405673,26,0,0,208,0,0,0
6,57,8,0,4,0,0,0,0,0,0,0
6,58,1,3729.71251448963,902.64950571539,0,0,0,164,0,0,0
6,58,2,3354.14589938085,994.398312704962,0,0,0,114,0,0,0
6,58,3,3532.14364823207,779.310922210074,0,0,0,136,0,0,0
6,58,4,3858.75542939757,1664.57267252751,1,0,0,177,0,0,0
6,58,5,3909.71721120606,509.077105492951,0,0,0,171,0,0,0
6,58,6,4768.84673450672,2445.0705214309,0,0,0,163,0,0,0
6,58,7,20668.3771842778,5004.79949006743,24,0,0,239,0,0,0
6,58,8,0,4,0,0,0,0,0,0,0
6,59,1,3746.30513156452,802.76557684809,0,0,0,90,0,0,0
6,59,2,3369.19009046365,1088.47025769203,0,0,0,99,0,0,0
6,59,3,3532.73452129753,1881.31782808549,0,0,0,77,0,0,0
6,59,4,3898.93209301474,1535.98814128672,0,0,0,166,0,0,0
6,59,5,3911.60621977813,1383.49862718533,0,0,0,50,0,0,0
6,59,6,4869.50848975914,1231.59713387172,2,0,0,215,0,0,5
6,59,7,20731.9430951227,9937.56939722277,40,0,0,178,0,0,0
6,59,8,0,4,0,0,0,0,0,0,0
6,60,1,3753.02528059068,807.270008413079,0,0,0,80,0,0,0
6,60,2,3371.04691954247,1612.75911412831,0,0,0,108,0,0,0
6,60,3,3553.71935819593,1378.62145197407,0,0,0,188,0,0,0
6,60,4,3920.56128514263,428.868720735942,0,0,0,153,0,0,0
6,60,5,3938.66255127546,2014.26901856987,0,0,0,138,0,0,0
6,60,6,4911.31451792848,2950.12755547474,0,0,0,123,0,0,0
6,60,7,20768.5700500672,7856.93316695247,32,1,0,199,0,0,1
6,60,8,0,4,0,0,0,0,0,0,0
6,61,1,3750.22639940659,1845.96691754649,0,0,0,80,0,0,0
6,61,2,3397.99844592645,1293.59500543329,0,0,0,161,0,0,0
6,61,3,3575.45142626078,834.3414106467,0,0,0,137,0,0,0
6,61,4,3899.51447708429,1463.63688916188,0,0,0,42,0,0,0
6,61,5,4003.22560900455,1674.55583716971,2,0,0,183,0,0,0
6,61,6,5012.78156890755,3056.83205682599,12,0,0,209,0,0,0
6,61,7,20850.9293017329,12177.2755851898,77,0,0,254,0,0,0
6,61,8,0,4,0,0,0,0,0,0,0
6,62,1,3773.69769133681,1315.26834829147,0,0,0,183,0,0,0
6,62,2,3393.26919620945,592.74713028748,0,0,0,129,0,0,0
6,62,3,3564.41525445433,1551.68496188421,0,0,0,83,0,0,0
6,62,4,3916.6903415092,1977.79978747669,0,0,0,146,0,0,0
6,62,5,4033.2448139503,1380.33627529502,0,0,0,167,0,0,0
6,62,6,5082.96551810878,885.386848185307,3,0,0,239,0,0,0
6,62,7,20888.3537568642,4510.94910097576,48,0,0,204,0,0,0
6,62,8,0,4,0,0,0,0,0,0,0
6,63,1,3818.57876793084,1488.0894358408,2,0,0,126,0,0,0
6,63,2,3383.65520383507,1157.2299043652,0,0,0,59,0,0,0
6,63,3,3595.84276107093,2411.64830576928,3,0,0,147,0,0,0
6,63,4,4007.16186914824,1879.98961891545,7,0,0,179,0,0,0
6,63,5,4082.96319922639,1096.18486773226,0,0,0,137,0,0,0
6,63,6,5138.3181260799,3157.04654848565,0,0,0,88,0,0,0
6,63,7,20974.3835489872,6146.49555101883,104,0,0,180,0,0,0
6,63,8,0,4,0,0,0,0,0,0,0
6,64,1,3843.03330893228,1120.38643540576,0,0,0,148,0,0,0
6,64,2,3399.9204281108,1086.43265619438,0,0,0,115,0,0,0
6,64,3,3619.64433039723,1528.91484973179,0,12,0,169,0,0,0
6,64,4,4034.49770094548,1830.34715006431,0,1,0,177,0,0,0
6,64,5,4101.35377565137,1366.69967116315,0,0,0,109,0,0,0
6,64,6,5232.59589138893,2180.19854589987,0,24,0,171,0,0,0
6,64,7,21047.7103331893,6748.70027726257,0,65,0,224,0,0,0
6,64,8,0,4,0,0,0,0,0,0,0
6,65,1,3866.14073553856,1072.08209255279,0,0,0,112,0,0,0
6,65,2,3411.03764231165,1549.35802432426,0,0,0,108,0,0,0
6,65,3,3666.61215198543,1978.284525389,0,0,0,152,0,0,0
6,65,4,4109.08518463639,1425.00465374567,0,0,0,183,0,0,0
6,65,5,4157.21289690463,1980.7361474933,0,0,0,136,0,0,0
6,65,6,5356.91194288823,2507.61212232928,2,0,0,177,0,0,0
6,65,7,21138.1326423294,13302.0742918605,30,0,0,182,0,0,0
6,65,8,0,4,0,0,0,0,0,0,0
6,66,1,3876.52625630942,1836.75174727322,0,0,0,107,0,0,0
6,66,2,3420.91804792389,1554.37912978534,0,0,0,154,0,0,0
6,66,3,3687.10097371278,1914.66914974897,0,0,0,188,0,0,0
6,66,4,4121.02473337701,1607.03860563669,0,0,0,142,0,0,0
6,66,5,4207.33060195985,2074.46358631198,0,0,0,198,0,0,0
6,66,6,5437.99758597367,1982.82839977012,1,0,0,201,0,0,0
6,66,7,21193.9039612774,12144.4778037436,26,1,0,211,0,0,0
6,66,8,0,4,0,0,0,0,0,0,0
6,67,1,3871.06378001646,1482.85772517321,0,11,0,150,0,0,0
6,67,2,3417.81191093052,1052.0884530487,0,0,0,155,0,0,0
6,67,3,3685.29324746866,946.033887994121,0,5,0,175,0,0,0
6,67,4,4127.03680028377,1616.30503018667,0,0,0,160,0,0,0
6,67,5,4223.70614259733,1514.66639052964,0,8,0,183,0,0,0
6,67,6,5465.87344020516,1761.78633893876,0,19,0,139,0,0,0
6,67,7,21206.550287447,9804.72875890139,6,198,0,157,0,0,0
6,67,8,0,4,0,0,0,0,0,0,0
6,68,1,3874.375978496,2439.8677335748,0,0,0,148,0,0,0
6,68,2,3415.87623736407,1500.9861768021,0,0,0,105,0,0,0
6,68,3,3669.87589680317,836.672249782702,0,0,0,94,0,0,0
6,68,4,4141.1039911937,1737.92958159604,0,0,0,161,0,0,0
6,68,5,4236.69822236739,2012.26273495596,0,0,0,151,0,0,0
6,68,6,5521.21848298378,2499.77551146239,0,0,0,176,0,0,0
6,68,7,21262.139211863,8857.04121178884,19,4,0,258,0,0,0
6,68,8,0,4,0,0,0,0,0,0,0
6,69,1,3943.02993923187,1201.58913578851,3,0,0,201,0,0,0
6,69,2,3449.40793603952,524.149947780416,0,0,0,150,0,0,0
6,69,3,3678.77190664021,2236.65442317073,0,0,0,83,0,0,0
6,69,4,4181.76366364032,1996.79156792728,0,0,0,172,0,0,0
6,69,5,4327.50487130428,1836.67624654271,1,0,0,187,0,0,0
6,69,6,5625.65850119725,863.687664067486,6,0,0,170,0,0,0
6,69,7,21338.7270628468,10299.1340635119,58,0,0,194,0,0,0
6,69,8,0,4,0,0,0,0,0,0,0
6,70,1,3947.21469088031,1312.1270507515,0,0,0,120,0,0,0
6,70,2,3433.32594104344,862.720517916485,0,0,0,52,0,0,0
6,70,3,3695.48392300994,1574.55911295282,2,0,0,176,0,0,0
6,70,4,4204.91669558322,1455.6943507315,0,0,0,193,0,0,0
6,70,5,4364.77751552866,1523.24721435046,0,0,0,183,0,0,0
6,70,6,5636.39342087702,1865.84866301863,0,0,0,86,0,0,0
6,70,7,21367.70781682,7662.96086546886,46,0,0,193,0,0,0
6,70,8,0,4,0,0,0,0,0,0,0
6,71,1,3955.16250492922,1898.00466983438,0,0,0,131,0,0,0
6,71,2,3427.32427105305,1181.72269852072,0,0,0,86,0,0,0
6,71,3,3713.64432013793,1483.14290442079,0,0,0,157,0,0,0
6,71,4,4228.55999203297,926.9857131477,0,0,0,145,0,0,0
6,71,5,4404.22062318807,1719.57800094133,0,7,0,139,0,0,0
6,71,6,5718.26774210408,1528.65842076285,0,28,0,136,0,0,0
6,71,7,21442.8422043831,5429.82119762978,0,249,0,281,0,0,0
6,71,8,0,4,0,0,0,0,0,0,0
6,72,1,4002.34790492043,1067.12339561179,0,0,0,187,0,0,0
6,72,2,3455.05790291805,1332.21652707936,0,0,0,118,0,0,0
6,72,3,3754.75453668862,1110.59249997533,0,0,0,148,0,0,0
6,72,4,4234.16652605785,2301.73059556621,0,0,0,92,0,0,0
6,72,5,4453.87800521066,2275.71901352519,0,0,0,168,0,0,0
6,72,6,5826.56802086762,2027.05648181328,0,0,0,152,0,0,0
6,72,7,21527.5371588142,12498.190428984,36,0,0,190,0,0,0
6,72,8,0,4,0,0,0,0,0,0,0
6,73,1,4006.1967749192,1801.69660620735,0,0,0,106,0,0,0
6,73,2,3458.42342162157,1029.65608013366,0,0,0,133,0,0,0
6,73,3,3757.87232706939,1351.65550258887,0,0,0,111,0,0,0
6,73,4,4276.08943513196,1519.48830785836,0,0,0,201,0,0,0
6,73,5,4499.49167304119,1713.80625194959,0,0,0,203,0,0,0
6,73,6,5926.15412403595,3002.00565931897,0,0,0,191,0,0,0
6,73,7,21585.7367181565,12476.7436355878,29,0,0,199,0,0,0
6,73,8,0,4,0,0,0,0,0,0,0
6,74,1,4038.14788136182,1935.28122847594,0,0,0,175,0,0,0
6,74,2,3445.98055744864,892.637398914059,0,0,0,102,0,0,0
6,74,3,3765.74597094998,1736.23410861188,0,0,0,135,0,0,0
6,74,4,4285.3704945144,2203.4314051339,0,0,0,151,0,0,0
6,74,5,4540.71863476281,2080.08076212289,0,0,0,171,0,0,0
6,74,6,6034.69526535952,1005.64783374195,2,0,0,216,0,0,0
6,74,7,21654.739295321,10105.8404635809,25,0,0,271,0,0,0
6,74,8,0,4,0,0,0,0,0,0,0
6,75,1,4070.50152654778,1027.21504710013,4,0,0,158,0,0,0
6,75,2,3431.62644277307,581.733442716537,0,0,0,89,0,0,0
6,75,3,3785.50680356421,689.081491974188,0,0,0,168,0,0,0
6,75,4,4334.51460186023,2677.27620435354,2,0,0,204,0,0,0
6,75,5,4598.45135036593,1766.142876464,2,0,0,186,0,0,0
6,75,6,6073.1233141607,2275.65205585314,0,0,0,100,0,0,0
6,75,7,21698.5718245654,8881.16361732773,102,0,0,185,0,0,0
6,75,8,0,4,0,0,0,0,0,0,0
6,76,1,4066.91270122713,1406.62199138491,0,0,0,102,0,0,0
6,76,2,3411.38238185404,1916.28116320107,0,0,0,58,0,0,0
6,76,3,3761.46605265007,1055.2796483788,0,0,0,68,0,0,0
6,76,4,4349.96295143869,1372.44612684085,0,5,0,180,0,0,0
6,76,5,4645.27909356596,1396.22733794714,0,0,0,176,0,0,0
6,76,6,6170.816714739,2589.97158006819,0,2,0,192,0,0,0
6,76,7,21745.4359169793,9722.53553575092,0,40,0,193,0,0,0
6,76,8,0,4,0,0,0,0,0,0,0
6,77,1,4084.91576142495,1514.52357073408,0,0,0,140,0,0,0
6,77,2,3444.12947340536,1265.00986990924,0,0,0,191,0,0,0
6,77,3,3760.22107086476,1918.32776945251,0,0,0,105,0,0,0
6,77,4,4364.87928081369,987.506310267372,0,0,0,137,0,0,0
6,77,5,4701.97730283047,2275.13724597633,0,0,0,139,0,0,0
6,77,6,6300.98436753793,5074.51895848073,1,0,0,173,0,0,0
6,77,7,21811.6412072364,6290.10714768734,29,0,0,203,0,0,0
6,77,8,0,4,0,0,0,0,0,0,0
6,78,1,4078.70994401893,1979.76387205843,0,66,0,85,0,0,0
6,78,2,3423.51732006124,1326.78725520464,0,70,0,56,0,0,0
6,78,3,3759.03296356366,1445.23366843227,0,83,0,108,0,0,0
6,78,4,4344.17885584181,2542.09629973821,0,60,0,38,0,0,0
6,78,5,4709.03512945701,2247.96936369223,0,114,0,113,0,0,0
6,78,6,6498.43757745986,1147.03034481836,0,241,0,266,0,0,0
6,78,7,21930.0483954344,13163.6982003551,0,304,0,323,0,0,0
6,78,8,0,4,0,0,0,0,0,0,0
6,79,1,4124.4244291428,1915.96764725986,0,0,0,197,0,0,0
6,79,2,3433.86721991795,1096.71586635451,0,0,0,132,0,0,0
6,79,3,3758.71325795861,2093.51741799486,0,0,0,144,0,0,0
6,79,4,4397.195469271,1837.29827362311,1,0,0,214,0,0,0
6,79,5,4757.90725217248,1702.20507305064,0,0,0,201,0,0,0
6,79,6,6558.58406300596,4134.0915040917,0,0,0,114,0,0,0
6,79,7,21976.8600670018,12017.2948416287,24,3,0,230,0,0,0
6,79,8,0,4,0,0,0,0,0,0,0
6,80,1,4187.74862896148,1500.20268955706,0,0,0,191,0,0,0
6,80,2,3445.01156546354,1938.73982226239,0,0,0,109,0,0,0
6,80,3,3830.45012427403,1559.38475611952,0,0,0,202,0,0,0
6,80,4,4477.51228514984,1798.74038580076,0,0,0,183,0,0,0
6,80,5,4845.04071017574,806.93205757682,0,0,0,170,0,0,0
6,80,6,6706.10249074916,1774.46650675905,10,0,0,182,0,0,0
6,80,7,22062.6821690435,6691.22680091459,45,0,0,210,0,0,0
6,80,8,0,4,0,0,0,0,0,0,0
6,81,1,4248.79316422838,2274.43664427515,1,0,0,147,0,0,0
6,81,2,3482.89750364732,1661.31139535152,15,0,0,159,0,0,0
6,81,3,3862.02884387298,921.989711962575,5,0,0,142,0,0,0
6,81,4,4521.8123898994,1731.36412205312,16,0,0,142,0,0,0
6,81,5,4912.52002081297,939.816171676557,0,0,0,80,0,0,0
6,81,6,6850.31173451728,2550.81047683389,18,0,0,136,0,0,0
6,81,7,22196.83446119,5735.88541668449,173,0,0,271,0,0,0
6,81,8,0,4,0,0,0,0,0,0,0
6,82,1,4269.7946971323,1138.97950688895,90,0,0,101,0,0,0
6,82,2,3501.05577863128,1846.67651451745,22,0,0,135,0,0,0
6,82,3,3874.34850657897,731.304571149893,0,0,0,92,0,0,0
6,82,4,4549.26607008362,2837.22576791347,36,0,0,122,0,0,0
6,82,5,4942.8528072889,1107.00567899763,0,0,0,93,0,0,0
6,82,6,6948.39928528505,2344.48075422254,72,0,0,154,0,0,0
6,82,7,22300.4376149557,10802.1109755841,226,0,0,257,0,0,0
6,82,8,0,4,0,0,0,0,0,0,0
6,83,1,4287.79448994005,1999.50485205034,0,0,0,113,0,0,0
6,83,2,3527.30456554488,657.440675431065,0,0,0,181,0,0,0
6,83,3,3862.6388889625,688.712593723601,0,0,0,73,0,0,0
6,83,4,4600.72774488596,635.517851336465,4,0,0,199,0,0,0
6,83,5,4977.44038259193,1719.16114084293,0,0,0,110,0,0,0
6,83,6,7086.16182026556,2790.45744503351,1,0,0,210,0,0,0
6,83,7,22372.6382484821,5981.3280979185,49,0,0,185,0,0,0
6,83,8,0,4,0,0,0,0,0,0,0
6,84,1,4310.629753686,1928.07050203403,23,0,0,153,0,0,0
6,84,2,3523.62696160203,712.814727362551,0,0,0,65,0,0,0
6,84,3,3855.58017243201,1978.90742800507,0,0,0,68,0,0,0
6,84,4,4584.40482045497,2026.25454677038,0,0,0,63,0,0,0
6,84,5,5051.36372675284,2379.36572089466,10,0,0,150,0,0,0
6,84,6,7160.68439978197,3910.76944851945,61,0,0,156,0,0,0
6,84,7,22430.0167762686,8211.0586999353,158,1,0,194,0,0,14
6,84,8,0,4,0,0,0,0,0,0,0
6,85,1,4379.8811038053,1602.82723933054,4,0,0,152,0,0,0
6,85,2,3507.57652808833,1217.23252054511,0,0,0,71,0,0,0
6,85,3,3909.39685330273,1605.95589729382,0,0,0,188,0,0,0
6,85,4,4643.83208134623,1600.85410471301,0,0,0,202,0,0,0
6,85,5,5171.57162043473,2283.42440607358,3,0,0,210,0,0,0
6,85,6,7395.05029272092,3811.49828883847,22,0,0,180,0,0,1
6,85,7,22539.0283367261,9704.6306102646,73,0,0,165,0,0,0
6,85,8,0,4,0,0,0,0,0,0,0
6,86,1,4389.14747255127,2377.44459272992,0,0,0,160,0,0,0
6,86,2,3506.02946441272,972.889042675651,0,0,0,121,0,0,0
6,86,3,3911.75257044793,718.966821526917,0,0,0,160,0,0,0
6,86,4,4654.0211352921,1341.85320428984,0,0,0,160,0,0,0
6,86,5,5211.71455640154,2875.87242558867,1,0,0,190,0,0,0
6,86,6,7508.92892709696,4192.65173096482,9,0,0,225,0,0,0
6,86,7,22599.8865594832,8732.14032275442,42,0,0,245,0,0,2
6,86,8,0,4,0,0,0,0,0,0,0
6,87,1,4461.95578307527,1413.44046604593,9,0,0,171,0,0,0
6,87,2,3508.8171207048,1478.11057042068,0,0,0,97,0,0,0
6,87,3,3911.48633384314,2229.46747504859,0,0,0,71,0,0,0
6,87,4,4689.90623560316,1909.21255810099,0,0,0,134,0,0,0
6,87,5,5343.82073120233,1172.58241947766,12,0,0,196,0,0,0
6,87,6,7706.84036635021,3269.42362515889,29,0,0,196,0,0,0
6,87,7,22705.0700586957,11899.8652778788,91,0,0,191,0,0,0
6,87,8,0,4,0,0,0,0,0,0,0
6,88,1,4491.95822771106,633.78234476311,0,0,0,141,0,0,0
6,88,2,3532.29525972837,2269.03539302134,0,0,0,147,0,0,0
6,88,3,3934.60063158701,1666.15851409766,1,0,0,204,0,0,0
6,88,4,4770.88252934477,1042.16931307748,0,0,0,175,0,0,0
6,88,5,5412.03428637629,2534.28657945099,0,0,0,117,0,0,0
6,88,6,7882.6240936517,1791.60602873544,5,0,0,228,0,0,0
6,88,7,22803.2177053879,5624.31298566356,54,0,0,215,0,0,0
6,88,8,0,4,0,0,0,0,0,0,0
6,89,1,4480.29873666522,2300.25676973968,0,0,0,63,0,0,0
6,89,2,3569.15928101146,1487.45523178865,53,0,0,146,0,0,0
6,89,3,3954.16438058933,1650.99062708857,15,0,0,144,0,0,0
6,89,4,4793.60378129112,1795.90921868002,0,0,0,104,0,0,0
6,89,5,5496.55995772505,2389.60865942642,64,0,0,156,0,0,0
6,89,6,8063.22085069095,3696.45593480746,18,0,0,152,0,0,0
6,89,7,22884.9672773406,10516.6437622842,164,1,0,193,0,0,8
6,89,8,0,4,0,0,0,0,0,0,0
6,90,1,4520.6042891859,2227.62644080108,0,0,0,230,0,0,0
6,90,2,3566.40682297328,1390.8175189386,0,0,0,148,0,0,0
6,90,3,3953.0526715614,1650.99770584927,0,0,0,165,0,0,0
6,90,4,4820.80326911351,1955.75429307874,0,0,0,179,0,0,0
6,90,5,5580.43741679837,3060.42991855765,0,0,0,225,0,0,0
6,90,6,8208.49036466875,2773.38616372522,0,7,0,211,0,0,0
6,90,7,22943.4105798825,8536.96334786456,0,38,0,226,0,0,0
6,90,8,0,4,0,0,0,0,0,0,0
6,91,1,4561.4144281426,2090.83818808759,0,0,0,190,0,0,0
6,91,2,3578.6164888636,754.827216649932,0,0,0,139,0,0,0
6,91,3,3956.02495454813,1015.82906402995,0,0,0,165,0,0,0
6,91,4,4889.34342889851,2311.73944690196,0,0,0,195,0,0,0
6,91,5,5701.97476619653,1937.28821595149,0,0,0,301,0,0,0
6,91,6,8372.76256021752,2054.8231535893,0,0,0,226,0,0,3
6,91,7,23056.4357244499,9428.61164792714,2,12,0,338,0,0,1
6,91,8,0,4,0,0,0,0,0,0,0
6,92,1,4644.02833650488,1643.91955048909,0,5,0,178,0,0,0
6,92,2,3577.80020641516,922.299252859766,0,0,0,75,0,0,0
6,92,3,3958.39277525644,2053.81913438903,0,0,0,101,0,0,0
6,92,4,4966.66441377588,1242.06286630441,0,11,0,162,0,0,0
6,92,5,5947.75949399033,1950.5285397913,0,1,0,185,0,0,0
6,92,6,8698.78118571867,2227.49484327591,0,6,0,167,0,0,0
6,92,7,23190.981327205,4615.96082364335,0,127,0,176,0,0,0
6,92,8,0,4,0,0,0,0,0,0,0
6,93,1,4681.62283918518,1682.22895268851,0,0,0,163,0,0,0
6,93,2,3568.33463755366,1358.81631975641,0,0,0,92,0,0,0
6,93,3,4016.0664396318,1749.83058719492,0,0,0,205,0,0,0
6,93,4,5015.27028415588,2828.61491895343,0,0,0,124,0,0,0
6,93,5,6036.97357847166,2074.13585271475,0,0,0,195,0,0,0
6,93,6,8847.90956160829,3518.54420414682,7,0,0,170,0,0,0
6,93,7,23292.2398678178,10397.5911926629,37,0,0,206,0,0,0
6,93,8,0,4,0,0,0,0,0,0,0
6,94,1,4764.27961308822,2407.20559413583,0,0,0,161,0,0,0
6,94,2,3597.36265897401,962.22452908775,0,0,0,135,0,0,0
6,94,3,4061.86803894844,1469.52689784759,0,0,0,174,0,0,0
6,94,4,5134.6794372542,2801.99236064054,1,1,0,195,0,0,0
6,94,5,6239.25207218722,2220.20261424415,0,0,0,207,0,0,0
6,94,6,9173.28253032383,4567.45847553722,6,0,0,200,0,0,0
6,94,7,23465.5963390121,11349.9932953017,31,0,0,233,0,0,0
6,94,8,0,4,0,0,0,0,0,0,0
6,95,1,4851.09920396502,1773.0363792332,0,0,0,240,0,0,0
6,95,2,3591.61362478912,1678.62007171802,0,0,0,96,0,0,0
6,95,3,4101.69550648499,2408.72116430804,0,0,0,146,0,0,0
6,95,4,5247.0665142857,3168.02033174863,2,0,0,198,0,0,1
6,95,5,6357.34348177555,3080.3004462749,1,0,0,187,0,0,0
6,95,6,9389.88537747455,2085.70631460966,6,0,0,206,0,0,0
6,95,7,23562.6042860042,4888.44457817947,25,0,0,222,0,0,2
6,95,8,0,4,0,0,0,0,0,0,0
6,96,1,4912.235579145,2154.13584673208,0,0,0,177,0,0,0
6,96,2,3650.75724771254,1364.33396009136,0,0,0,167,0,0,0
6,96,3,4159.58637900047,1292.06597506499,11,0,0,171,0,0,0
6,96,4,5303.67001252116,1585.61547325056,26,0,0,167,0,0,0
6,96,5,6559.04239833466,2583.68765227699,7,0,0,261,0,0,0
6,96,6,9734.74374109972,3220.79209690051,0,0,0,206,0,0,0
6,96,7,23674.0988986205,11500.986865812,49,0,0,209,0,0,0
6,96,8,0,4,0,0,0,0,0,0,0
6,97,1,4971.61710923679,1791.56006828676,0,1,0,183,0,0,0
6,97,2,3672.70926052188,1217.02454352466,0,0,0,136,0,0,0
6,97,3,4164.78003831936,1843.01929494402,0,0,0,129,0,0,0
6,97,4,5388.25545487273,2871.99427262775,0,0,0,158,0,0,0
6,97,5,6678.07763157893,4930.79566789909,0,2,0,201,0,0,0
6,97,6,9904.31772148296,5305.03361283533,0,5,0,202,0,0,0
6,97,7,23745.6167364363,7078.79712167719,0,42,0,223,0,0,0
6,97,8,0,4,0,0,0,0,0,0,0
6,98,1,5121.4975820139,3210.37523790385,0,0,0,179,0,0,0
6,98,2,3704.17727053206,1071.22618260332,0,0,0,121,0,0,0
6,98,3,4262.09905724134,725.487243529073,0,0,0,184,0,0,0
6,98,4,5615.166830687,2053.99037017098,1,0,0,270,0,0,0
6,98,5,6952.4877690284,3504.12938256484,18,0,0,190,0,0,0
6,98,6,10224.634327931,5852.18998765694,16,0,0,241,0,0,4
6,98,7,23899.4886072551,8521.94014311356,30,0,0,205,0,0,0
6,98,8,0,4,0,0,0,0,0,0,0
6,99,1,5166.38019637667,2303.16176274216,0,30,0,152,0,0,0
6,99,2,3714.17670185194,2081.99678785931,0,0,0,107,0,0,0
6,99,3,4262.64333168353,2112.32065269115,0,0,0,72,0,0,0
6,99,4,5684.16958786365,1822.14927412359,0,9,0,154,0,0,0
6,99,5,7033.0194259611,2213.76797675978,0,32,0,169,0,0,0
6,99,6,10358.9983243867,4626.83114297773,0,75,0,163,0,0,0
6,99,7,23957.7146841378,16132.2157754613,0,114,0,199,0,0,0
6,99,8,0,4,0,0,0,0,0,0,0
6,100,1,5186.66381271888,1762.98446931117,0,0,0,186,0,0,0
6,100,2,3731.3446289925,1628.5586105233,0,0,0,208,0,0,0
6,100,3,4267.8913169226,770.737446813639,0,0,0,189,0,0,0
6,100,4,5713.75911592381,2605.45004102254,0,0,0,182,0,0,0
6,100,5,7088.15637283472,2894.74005219886,0,0,0,207,0,0,0
6,100,6,10505.0561935396,8216.54345684384,5,0,0,205,0,0,0
6,100,7,24000.9615284696,10220.0889825073,30,0,0,224,0,0,0
6,100,8,0,4,0,0,0,0,0,0,0
7,1,1,2709.1392,1610.07239791685,50,0,0,46,0,0,0
7,1,2,2703.6464,1117.66919720567,49,0,0,48,0,0,0
7,1,3,2704.832,1093.68045958395,48,0,0,40,0,0,0
7,1,4,2702.504,986.992220414647,41,0,0,53,0,0,0
7,1,5,2706.152,1131.55485099408,46,0,0,48,0,0,0
7,1,6,2699.856,1241.33836027341,37,0,0,14,0,0,0
7,1,7,20903.3647999999,11006.2694911203,41,0,0,58,0,0,0
7,1,8,0,4,39,0,0,25,0,0,0
7,2,1,2735.6512,1713.05704106437,0,0,0,161,0,0,0
7,2,2,2721.2144,958.516149859567,0,0,0,111,0,0,0
7,2,3,2722.032,1000.11468851918,0,0,0,109,0,0,0
7,2,4,2717.384,1052.92892772371,0,0,0,98,0,0,0
7,2,5,2723.6816,626.244654655622,0,0,0,113,0,0,0
7,2,6,2716.1584,1348.26462670728,0,0,0,124,0,0,0
7,2,7,20869.3791999998,9949.73929532986,5,17,0,212,0,0,0
7,2,8,0,4,0,0,0,0,0,0,0
7,3,1,2762.1728,1486.25143997005,0,0,0,169,0,0,0
7,3,2,2735.2464,264.068158444797,0,0,0,95,0,0,0
7,3,3,2735.808,965.249638671028,0,0,0,100,0,0,0
7,3,4,2733.472,894.990079011214,0,0,0,105,0,0,0
7,3,5,2731.1296,772.926307700149,0,0,0,62,0,0,0
7,3,6,2736.1024,1284.76936093647,0,0,0,134,0,0,0
7,3,7,20831.8911999998,8231.85041662195,38,0,0,186,0,0,0
7,3,8,0,4,0,0,0,0,0,0,0
7,4,1,2785.712,1023.63089682041,0,0,0,148,0,0,0
7,4,2,2735.3744,705.754837939548,0,0,0,26,0,0,0
7,4,3,2751.9344,1069.10956473138,0,0,0,96,0,0,0
7,4,4,2743.7104,1222.31266299961,0,0,0,89,0,0,0
7,4,5,2741.9952,1317.55325800597,0,0,0,77,0,0,0
7,4,6,2757.344,1795.29454192185,0,0,0,128,0,0,0
7,4,7,20803.5567999997,6611.5288862762,154,0,0,215,0,0,0
7,4,8,0,4,0,0,0,0,0,0,0
7,5,1,2796.219136,1522.01898349274,0,0,0,102,0,0,0
7,5,2,2739.1984,286.707611196897,0,0,0,70,0,0,0
7,5,3,2767.664,1224.6590955529,0,0,0,106,0,0,0
7,5,4,2758.18399999999,1179.06023179058,0,0,0,122,0,0,0
7,5,5,2757.3872,582.799638701097,0,0,0,131,0,0,0
7,5,6,2783.9344,826.766665703414,1,0,0,177,0,0,0
7,5,7,20774.8956799996,7284.72825492283,200,0,0,212,0,0,0
7,5,8,0,4,0,0,0,0,0,0,0
7,6,1,2809.747456,1690.74985660496,0,0,0,152,0,0,0
7,6,2,2734.1888,1036.67759660572,0,0,0,28,0,0,0
7,6,3,2778.512,1229.92660819317,0,0,0,122,0,0,0
7,6,4,2769.54624,980.220675836299,0,0,0,117,0,0,0
7,6,5,2754.83808,969.228521787356,0,0,0,58,0,0,0
7,6,6,2790.15872,1053.6922074573,0,0,0,82,0,0,0
7,6,7,20754.6012799996,8690.46739638369,124,0,0,193,0,0,0
7,6,8,0,4,0,0,0,0,0,0,0
7,7,1,2837.33504000001,725.972821626,0,0,0,169,0,0,0
7,7,2,2739.16928,758.732897984007,0,0,0,103,0,0,0
7,7,3,2793.15808,573.740645639222,0,0,0,122,0,0,0
7,7,4,2774.365184,952.993885921724,0,0,0,98,0,0,0
7,7,5,2764.97984,461.745250259657,0,0,0,96,0,0,0
7,7,6,2805.1390848,1191.75828948737,0,0,0,105,0,0,0
7,7,7,20754.8277759994,11318.8686851798,56,0,0,214,0,0,2
7,7,8,0,4,0,0,0,0,0,0,0
7,8,1,2836.65504000001,1429.43706383413,0,0,0,72,0,0,0
7,8,2,2737.00928000001,1415.46125704927,0,0,0,75,0,0,0
7,8,3,2788.66528,1803.72174990875,0,0,0,57,0,0,0
7,8,4,2778.4836608,544.097255097342,0,0,0,95,0,0,0
7,8,5,2758.41152,1036.91759774983,0,0,0,46,0,0,0
7,8,6,2815.6860928,1051.42326774696,0,0,0,119,0,0,0
7,8,7,20758.8017919994,8994.17556509479,35,0,0,266,0,0,3
7,8,8,0,4,0,0,0,0,0,0,0
7,9,1,2850.61606400001,1100.91598768245,0,0,0,142,0,0,0
7,9,2,2748.81568000001,983.785798522803,0,0,0,141,0,0,0
7,9,3,2796.505664,791.292416219331,7,0,0,153,0,0,3
7,9,4,2765.4772608,1901.20031797887,0,0,0,54,0,0,0
7,9,5,2761.40192,1465.49586073235,0,0,0,103,0,0,0
7,9,6,2820.5603328,1944.28787245114,0,0,0,105,0,0,0
7,9,7,20754.6350719994,8731.49745276759,222,0,0,253,0,0,2
7,9,8,0,4,0,0,0,0,0,0,0
7,10,1,2857.28683520001,809.584066067055,0,0,0,110,0,0,0
7,10,2,2749.54393600001,1184.42571394088,0,0,0,98,0,0,0
7,10,3,2789.22374400001,1434.82261842487,0,0,0,79,0,0,0
7,10,4,2784.00668160001,891.92661815493,0,0,0,186,0,0,0
7,10,5,2772.97465600001,786.123697741938,0,0,0,146,0,0,0
7,10,6,2847.11194880001,1339.1319567486,0,0,0,194,0,0,0
7,10,7,20750.0350079993,5210.96725853668,0,41,0,184,0,0,0
7,10,8,0,4,0,0,0,0,0,0,0
7,11,1,2850.61546240001,806.472335132489,0,38,0,39,0,0,0
7,11,2,2731.64345600001,1086.95965554005,0,54,0,59,0,0,0
7,11,3,2782.63308800001,1115.56267360148,0,54,0,84,0,0,0
7,11,4,2768.40124160001,1280.4411405951,0,28,0,58,0,0,0
7,11,5,2756.04876800001,928.224377310378,0,29,0,46,0,0,0
7,11,6,2842.38465280001,210.816565644301,0,59,0,69,0,0,0
7,11,7,20749.2679039993,10532.0648601642,0,259,0,236,0,0,0
7,11,8,0,4,0,0,0,0,0,0,0
7,12,1,2851.46389760001,1466.60872185101,0,0,0,80,0,0,0
7,12,2,2737.27072000001,584.350295419971,0,0,0,108,0,0,0
7,12,3,2790.09292800001,905.108543779995,0,0,0,111,0,0,0
7,12,4,2776.90044160001,1350.57767233945,0,0,0,128,0,0,0
7,12,5,2754.03372800001,1201.38988280976,0,0,0,92,0,0,0
7,12,6,2835.91792640001,1104.15832522606,0,0,0,21,0,0,0
7,12,7,20788.0493951993,13322.4359226715,26,0,0,227,0,0,1
7,12,8,0,4,0,0,0,0,0,0,0
7,13,1,2864.25730560001,576.995579540922,0,0,0,146,0,0,0
7,13,2,2730.52428800001,1105.76711907255,0,0,0,58,0,0,0
7,13,3,2792.5965824,779.403617652063,0,0,0,90,0,0,0
7,13,4,2786.36060160001,729.567072668622,0,0,0,135,0,0,0
7,13,5,2757.79380480001,1399.81849921833,0,0,0,120,0,0,0
7,13,6,2846.83772416001,1125.65147150311,0,0,0,110,0,0,0
7,13,7,20825.9127551993,4633.64767821009,24,0,0,242,0,0,0
7,13,8,0,4,0,0,0,0,0,0,0
7,14,1,2863.17595904001,1412.56889198384,0,0,0,57,0,0,0
7,14,2,2734.12176640001,792.064643276246,0,0,0,110,0,0,0
7,14,3,2791.67321344001,802.948027333033,0,0,0,77,0,0,0
7,14,4,2779.36412160002,982.653760884982,0,0,0,72,0,0,0
7,14,5,2766.49300480001,1252.88767734629,0,0,0,139,0,0,0
7,14,6,2856.38081536001,1593.63528360557,0,0,0,112,0,0,0
7,14,7,20846.5274751993,6435.81498395422,66,0,0,163,0,0,1
7,14,8,0,4,0,0,0,0,0,0,0
7,15,1,2880.26679500801,789.402577707156,0,0,0,141,0,0,0
7,15,2,2736.59613440001,840.309852736167,0,0,0,79,0,0,0
7,15,3,2788.50494464001,1296.79482976356,0,0,0,80,0,0,0
7,15,4,2782.07178240002,1527.27523950464,0,0,0,98,0,0,0
7,15,5,2776.59490560001,1001.77254811059,0,0,0,125,0,0,0
7,15,6,2879.68930560001,1521.00041545112,0,0,0,159,0,0,0
7,15,7,20876.8719231993,5953.45931460847,37,0,0,212,0,0,0
7,15,8,0,4,0,0,0,0,0,0,0
7,16,1,2884.17556572162,976.009185621347,0,0,0,78,0,0,0
7,16,2,2738.34981120001,982.821016836601,0,0,0,84,0,0,0
7,16,3,2795.92780544001,943.611513671797,0,0,0,129,0,0,0
7,16,4,2793.69955840002,545.639481598463,0,0,0,152,0,0,0
7,16,5,2775.33892096001,561.786345585024,0,0,0,100,0,0,0
7,16,6,2900.96939520001,1403.22772623195,0,0,0,152,0,0,0
7,16,7,20898.2481151992,11750.123468639,44,0,0,196,0,0,0
7,16,8,0,4,0,0,0,0,0,0,0
7,17,1,2888.66365532162,1289.12146697415,0,0,0,97,0,0,0
7,17,2,2737.75480320001,1047.99129607609,0,0,0,98,0,0,0
7,17,3,2797.84785664001,567.715797063297,0,0,0,94,0,0,0
7,17,4,2776.69276160002,928.989360536366,0,0,0,54,0,0,0
7,17,5,2764.51889152001,523.518261858005,0,0,0,56,0,0,0
7,17,6,2919.04555776001,904.612222987302,0,0,0,140,0,0,0
7,17,7,20921.8876671992,10910.5319937756,35,0,0,219,0,0,0
7,17,8,0,4,0,0,0,0,0,0,0
7,18,1,2892.54814812162,575.419655711774,0,0,0,128,0,0,0
7,18,2,2738.40720640002,1161.53863911468,0,0,0,104,0,0,0
7,18,3,2784.32030464001,793.079515716711,0,0,0,56,0,0,0
7,18,4,2772.09051904002,1192.08312440252,0,0,0,92,0,0,0
7,18,5,2752.80407552001,996.182551760647,0,0,0,52,0,0,0
7,18,6,2923.32754176001,1111.30350809821,0,0,0,90,0,0,0
7,18,7,20933.3479679992,9108.61460145277,47,0,0,199,0,0,0
7,18,8,0,4,0,0,0,0,0,0,0
7,19,1,2888.48386088961,716.309878678711,0,0,0,57,0,0,0
7,19,2,2740.69431040002,851.38236609565,0,0,0,116,0,0,0
7,19,3,2778.49052928001,612.439365214481,0,0,0,79,0,0,0
7,19,4,2773.38296064002,1396.83859123867,0,0,0,119,0,0,0
7,19,5,2747.22812672001,429.791924160621,0,0,0,99,0,0,0
7,19,6,2935.04255744002,1209.17653664203,0,0,0,111,0,0,0
7,19,7,20944.1973759992,8506.6778445057,173,1,0,188,0,0,37
7,19,8,0,4,0,0,0,0,0,0,0
7,20,1,2882.80219944962,1634.43026566035,0,0,0,71,0,0,0
7,20,2,2731.56092364802,838.502015767306,0,0,0,85,0,0,0
7,20,3,2764.48284006401,1170.07476109757,0,0,0,61,0,0,0
7,20,4,2774.92192573442,548.26263501151,0,0,0,139,0,0,0
7,20,5,2729.71140608001,1109.24540857503,0,0,0,42,0,0,0
7,20,6,2948.27220428802,1529.54108340601,0,0,0,120,0,0,0
7,20,7,20958.3854054392,6652.81386282537,0,69,0,170,0,0,0
7,20,8,0,4,0,0,0,0,0,0,0
7,21,1,2888.50417448962,1331.04791147314,0,22,0,121,0,0,0
7,21,2,2720.85569484802,882.027595632798,0,0,0,83,0,0,0
7,21,3,2754.66388736001,794.494721688104,0,0,0,117,0,0,0
7,21,4,2754.00534282242,981.667546245284,0,0,0,54,0,0,0
7,21,5,2723.26590105602,1460.70513330043,0,0,0,110,0,0,0
7,21,6,2963.03654963202,1166.23903442622,0,0,0,152,0,0,0
7,21,7,20985.7572454392,13840.5245717924,0,201,0,276,0,0,0
7,21,8,0,4,0,0,0,0,0,0,0
7,22,1,2893.05594152962,1547.5474327376,0,0,0,133,0,0,0
7,22,2,2713.32377804802,1674.63347986638,0,0,0,88,0,0,0
7,22,3,2736.00050483201,1270.64137267539,0,0,0,79,0,0,0
7,22,4,2735.0912590029,1372.62720376733,0,0,0,98,0,0,0
7,22,5,2727.32433948674,629.294775337054,0,0,0,146,0,0,0
7,22,6,2965.49676861442,323.744947325824,0,0,0,116,0,0,0
7,22,7,21040.0602854392,5690.13901285332,25,1,0,317,0,0,0
7,22,8,0,4,0,0,0,0,0,0,0
7,23,1,2892.37175592962,1402.79602202406,0,71,0,83,0,0,0
7,23,2,2698.89379788802,1140.83590364499,0,92,0,75,0,0,0
7,23,3,2719.76056883201,773.834415437818,0,51,0,76,0,0,0
7,23,4,2712.8607514829,1117.55789460764,0,76,0,61,0,0,0
7,23,5,2702.98852575234,1142.94436100096,0,28,0,34,0,0,0
7,23,6,2947.94579630082,1337.77977827007,0,14,0,18,0,0,0
7,23,7,21072.5272934392,4554.47196476431,1,268,0,248,0,0,0
7,23,8,0,4,0,0,0,0,0,0,0
7,24,1,2913.62849134594,968.050891014495,0,0,0,140,0,0,0
7,24,2,2710.62187417602,774.695653673214,0,0,0,114,0,0,0
7,24,3,2717.90982963201,1013.00016936628,0,0,0,77,0,0,0
7,24,4,2709.1284302029,962.877141059873,0,0,0,111,0,0,0
7,24,5,2702.09201631234,1007.23614820281,0,0,0,114,0,0,0
7,24,6,2958.22337136642,1483.27200302834,0,0,0,133,0,0,0
7,24,7,21103.5493094392,15140.864582508,41,0,0,187,0,0,0
7,24,8,0,4,0,0,0,0,0,0,0
7,25,1,2922.95404910594,1770.94605588571,0,0,0,96,0,0,0
7,25,2,2710.80160153602,693.492136507224,0,0,0,77,0,0,0
7,25,3,2714.91493683201,949.865129352856,0,0,0,101,0,0,0
7,25,4,2705.70894956955,1757.5537972715,0,0,0,96,0,0,0
7,25,5,2698.36720095234,1220.62721674224,0,0,0,100,0,0,0
7,25,6,2974.96105021442,1042.1683034503,0,0,0,148,0,0,0
7,25,7,21138.5697894392,9224.62632611077,29,0,0,230,0,0,0
7,25,8,0,4,0,0,0,0,0,0,0
7,26,1,2956.65528503912,1410.81468683517,1,0,0,166,0,0,0
7,26,2,2708.48470476802,939.43332754636,0,0,0,69,0,0,0
7,26,3,2718.88901283841,1332.33624461446,0,0,0,94,0,0,0
7,26,4,2727.04389203642,1671.04575017353,0,0,0,175,0,0,0
7,26,5,2704.98051983771,1192.93514856479,0,0,0,122,0,0,0
7,26,6,2991.2230934733,1249.14786545877,0,0,0,104,0,0,0
7,26,7,21169.7153254392,4492.14280028094,118,0,0,165,0,0,0
7,26,8,0,4,0,0,0,0,0,0,0
7,27,1,2972.17844715112,652.748034751358,9,0,0,119,0,0,0
7,27,2,2708.42099968002,1421.1281628949,0,0,0,93,0,0,0
7,27,3,2725.65987993601,1189.07463087893,0,0,0,132,0,0,0
7,27,4,2741.55344158394,555.055326808929,2,0,0,162,0,0,0
7,27,5,2709.94978754971,760.284197232503,0,0,0,119,0,0,0
7,27,6,3006.3455391949,903.398928229913,0,0,0,124,0,0,0
7,27,7,21196.1329126391,4964.48368818037,116,0,0,182,0,0,0
7,27,8,0,4,0,0,0,0,0,0,0
7,28,1,2970.95361830422,1092.87901707763,0,0,0,65,0,0,0
7,28,2,2712.24806912002,1221.01936060709,0,0,0,142,0,0,0
7,28,3,2733.42045462529,1467.5804416681,0,0,0,118,0,0,0
7,28,4,2728.13623326394,926.949209619692,0,0,0,55,0,0,0
7,28,5,2703.40435814812,1447.76995262407,0,0,0,76,0,0,0
7,28,6,3008.9255421133,749.511609967609,0,0,0,90,0,0,0
7,28,7,21222.9808742391,7790.13585143614,108,0,0,172,0,0,0
7,28,8,0,4,0,0,0,0,0,0,0
7,29,1,2979.92467308054,1588.58335934051,0,0,0,109,0,0,0
7,29,2,2717.11856855042,941.447033536213,0,0,0,122,0,0,0
7,29,3,2737.96824772609,1035.51072583326,0,0,0,146,0,0,0
7,29,4,2731.46517571196,1469.06759698119,0,0,0,92,0,0,0
7,29,5,2714.50238298524,942.272439200069,0,0,0,144,0,0,0
7,29,6,3009.06104702978,1399.82039850046,0,0,0,74,0,0,0
7,29,7,21262.6368660471,10261.3538659442,42,0,0,220,0,0,0
7,29,8,0,4,0,0,0,0,0,0,0
7,30,1,3001.03047492225,626.374212489885,0,0,0,158,0,0,0
7,30,2,2711.67683553282,1501.46318807514,0,0,0,94,0,0,0
7,30,3,2730.58935431169,1736.86297839439,0,0,0,103,0,0,0
7,30,4,2733.8738131266,788.607883450155,0,0,0,146,0,0,0
7,30,5,2712.65879364405,1457.123314956,0,0,0,94,0,0,0
7,30,6,3024.83644720744,1617.05563146788,0,0,0,139,0,0,0
7,30,7,21285.194923519,7386.11514184581,0,46,0,167,0,0,0
7,30,8,0,4,0,0,0,0,0,0,0
7,31,1,3001.31291095071,1037.72478000979,0,1,0,61,0,0,0
7,31,2,2710.40141996034,1220.45249482455,0,28,0,116,0,0,0
7,31,3,2726.59202234369,955.435432801155,0,53,0,110,0,0,0
7,31,4,2722.14119568532,1087.94762810529,0,4,0,74,0,0,0
7,31,5,2711.20691678005,1108.08209077107,0,33,0,106,0,0,0
7,31,6,3031.11428255746,980.019064631301,0,33,0,122,0,0,0
7,31,7,21303.338900479,10242.5173029594,6,166,0,159,0,0,0
7,31,8,0,4,0,0,0,0,0,0,0
7,32,1,3006.63022807071,954.724804913761,0,0,0,103,0,0,0
7,32,2,2712.86252419074,1610.86580858284,0,0,0,122,0,0,0
7,32,3,2715.66308208641,840.438398887283,0,0,0,95,0,0,0
7,32,4,2715.34607514645,1584.61804251952,0,0,0,108,0,0,0
7,32,5,2713.08933905205,679.044964616719,0,0,0,110,0,0,0
7,32,6,3041.56652673337,969.726607107077,0,0,0,98,0,0,0
7,32,7,21342.6791756789,5450.63527238192,27,0,0,202,0,0,0
7,32,8,0,4,0,0,0,0,0,0,0
7,33,1,3013.58135007351,775.00926673421,0,0,0,95,0,0,0
7,33,2,2725.92611557378,784.60335846265,0,0,0,161,0,0,0
7,33,3,2713.53968953345,1213.11244399468,0,0,0,84,0,0,0
7,33,4,2733.76789975676,799.021747831642,0,0,0,158,0,0,0
7,33,5,2704.41128812218,1151.17726196196,0,0,0,67,0,0,0
7,33,6,3053.81756902098,1040.5866898912,0,0,0,96,0,0,0
7,33,7,21382.8746777589,8521.42453975852,76,0,0,180,0,0,0
7,33,8,0,4,0,0,0,0,0,0,0
7,34,1,3017.51260829076,1345.99719975337,0,0,0,77,0,0,0
7,34,2,2721.93764812801,1055.38840403265,0,0,0,78,0,0,0
7,34,3,2724.22873618433,556.05988120877,0,0,0,121,0,0,0
7,34,4,2730.0660913433,1210.46010676812,0,0,0,79,0,0,0
7,34,5,2716.98694370101,708.673561050212,0,0,0,115,0,0,0
7,34,6,3082.76721244633,1296.36276441994,0,0,0,104,0,0,0
7,34,7,21429.9365525698,11333.6793801663,40,0,0,187,0,0,0
7,34,8,0,4,0,0,0,0,0,0,0
7,35,1,3020.57262351764,855.122403691402,0,0,0,134,0,0,0
7,35,2,2718.33587539969,897.918263951514,0,0,0,105,0,0,0
7,35,3,2702.55251623527,1229.4750419299,0,0,0,55,0,0,0
7,35,4,2723.80302402298,1156.66650312873,0,0,0,121,0,0,0
7,35,5,2702.34135130933,1706.06748497014,0,0,0,70,0,0,0
7,35,6,3091.84363151833,770.829354297527,0,0,0,129,0,0,0
7,35,7,21440.4619188418,5757.75957253104,0,50,0,191,0,0,0
7,35,8,0,4,0,0,0,0,0,0,0
7,36,1,3001.53110031764,1087.24517736566,0,69,0,16,0,0,0
7,36,2,2697.37506660763,1097.29272512859,0,48,0,41,0,0,0
7,36,3,2682.01467784479,1108.52322277898,0,72,0,50,0,0,0
7,36,4,2702.85481702548,1016.38565891068,0,56,0,59,0,0,0
7,36,5,2687.92879237531,822.333718012866,0,99,0,71,0,0,0
7,36,6,3079.30235484633,1627.31760700145,0,44,0,33,0,0,0
7,36,7,21466.5801934017,7194.03419081935,0,279,0,269,0,0,1
7,36,8,0,4,0,0,0,0,0,0,0
7,37,1,3009.06471787924,1478.70434015629,0,0,0,108,0,0,0
7,37,2,2697.66915225192,911.721066931785,0,0,0,109,0,0,0
7,37,3,2686.54338860319,1221.85080579417,0,0,0,110,0,0,0
7,37,4,2705.52284289704,1460.29402249329,0,0,0,101,0,0,0
7,37,5,2690.27978259269,1182.378056567,0,0,0,82,0,0,0
7,37,6,3110.23605617932,790.721695865378,0,0,0,162,0,0,0
7,37,7,21498.3691797697,8836.69264878106,31,0,0,189,0,0,0
7,37,8,0,4,0,0,0,0,0,0,0
7,38,1,3029.56626972805,1519.48962619973,0,0,0,147,0,0,0
7,38,2,2695.784135671,1725.02431482609,0,0,0,91,0,0,0
7,38,3,2702.14378033316,1559.96764309897,0,0,0,122,0,0,0
7,38,4,2721.96698685236,926.884649163489,0,0,0,146,0,0,0
7,38,5,2705.44361544353,392.754287145172,0,0,0,118,0,0,0
7,38,6,3125.70827468044,1693.6774941259,0,0,0,79,0,0,0
7,38,7,21542.0513974465,8847.1228622788,27,0,0,196,0,0,0
7,38,8,0,4,0,0,0,0,0,0,0
7,39,1,3058.16950881703,1553.05768138196,0,0,0,151,0,0,0
7,39,2,2722.27857284958,625.951796182575,0,0,0,172,0,0,0
7,39,3,2725.25416437925,1742.50207113798,0,0,0,155,0,0,0
7,39,4,2732.74746214557,1677.58420262052,0,0,0,92,0,0,0
7,39,5,2697.66828677793,867.081543380672,0,0,0,39,0,0,0
7,39,6,3172.68024931868,1690.74854152945,0,0,0,169,0,0,0
7,39,7,21595.3990387085,13004.1602498011,27,0,0,201,0,0,1
7,39,8,0,4,0,0,0,0,0,0,0
7,40,1,3081.09235703207,649.82006930615,0,0,0,155,0,0,0
7,40,2,2716.26834793842,434.68805849209,0,0,0,62,0,0,0
7,40,3,2748.93866939778,464.203533656477,0,0,0,174,0,0,0
7,40,4,2755.31029156108,1104.03746391926,0,0,0,167,0,0,0
7,40,5,2703.07505844405,1452.71311212951,0,0,0,86,0,0,0
7,40,6,3206.66401396596,1606.33378411262,0,0,0,163,0,0,0
7,40,7,21627.4201950605,8011.92005962428,34,0,0,189,0,0,0
7,40,8,0,4,0,0,0,0,0,0,0
7,41,1,3086.71741304972,988.221055332516,0,0,0,64,0,0,0
7,41,2,2702.37967669413,1243.42271453591,0,0,0,43,0,0,0
7,41,3,2739.56549966415,910.475020467075,0,0,0,46,0,0,0
7,41,4,2768.54542730798,1395.62575373711,0,0,0,110,0,0,0
7,41,5,2722.6056560591,799.992110887973,0,0,0,145,0,0,0
7,41,6,3248.16650751048,1959.77084778894,0,0,0,160,0,0,0
7,41,7,21679.0125839429,5537.36842572525,84,0,0,237,0,0,0
7,41,8,0,4,0,0,0,0,0,0,0
7,42,1,3094.71988177386,1426.40608162624,2,0,0,96,0,0,0
7,42,2,2701.88758416819,830.801321593678,2,0,0,121,0,0,0
7,42,3,2730.87372741428,1107.09951136578,0,0,0,91,0,0,0
7,42,4,2766.6719152491,1568.84099825991,6,0,0,131,0,0,0
7,42,5,2723.12519001064,1512.48765863754,2,0,0,77,0,0,0
7,42,6,3263.48161784101,1514.50724641239,59,0,0,113,0,0,0
7,42,7,21712.1716162628,10361.3374138492,223,0,0,231,0,0,0
7,42,8,0,4,0,0,0,0,0,0,0
7,43,1,3092.05909891133,1544.6392015252,0,0,0,142,0,0,0
7,43,2,2686.14246484739,690.159833152098,0,0,0,83,0,0,0
7,43,3,2726.04856677581,787.854724595697,0,0,0,110,0,0,0
7,43,4,2774.9613170063,1422.76632119976,0,0,0,156,0,0,0
7,43,5,2726.45186484815,1463.54680831789,0,0,0,151,0,0,0
7,43,6,3289.54062139347,691.390604011288,0,0,0,151,0,0,0
7,43,7,21739.4872693828,6610.56214770076,42,0,0,213,0,0,0
7,43,8,0,4,0,0,0,0,0,0,0
7,44,1,3086.91970229513,1053.29435044742,0,71,0,83,0,0,0
7,44,2,2665.31624633091,1501.58878815544,0,30,0,39,0,0,0
7,44,3,2711.73996362466,1317.40572809129,0,36,0,42,0,0,0
7,44,4,2763.91204750618,1041.14734984099,0,70,0,72,0,0,0
7,44,5,2720.73580590466,768.243554509836,0,71,0,75,0,0,0
7,44,6,3280.45425414099,1747.77827582705,0,31,0,38,0,0,0
7,44,7,21761.7532078369,5627.25689644878,6,188,0,178,0,0,0
7,44,8,0,4,0,0,0,0,0,0,0
7,45,1,3106.02488058088,1891.6202827223,0,0,0,105,0,0,0
7,45,2,2687.77112458429,1434.49886164467,0,0,0,150,0,0,0
7,45,3,2726.37607525447,1128.01752662485,0,0,0,131,0,0,0
7,45,4,2779.43315830626,1205.77563138526,0,0,0,104,0,0,0
7,45,5,2730.76791117333,1958.26992336628,0,0,0,76,0,0,0
7,45,6,3326.12125063376,1053.32121497506,0,0,0,174,0,0,0
7,45,7,21811.9246245358,9068.02046578534,33,0,0,186,0,0,0
7,45,8,0,4,0,0,0,0,0,0,0
7,46,1,3146.42514140978,1129.54469362324,0,0,0,174,0,0,0
7,46,2,2699.94197853357,1023.42343744045,0,0,0,143,0,0,0
7,46,3,2737.03544431228,801.037586920326,0,0,0,112,0,0,0
7,46,4,2801.35383395437,1793.6084184763,0,0,0,120,0,0,0
7,46,5,2770.29687816927,1297.08143865705,0,0,0,194,0,0,0
7,46,6,3354.99895670982,1939.47807649859,0,0,0,105,0,0,0
7,46,7,21890.6449232604,7571.57555019955,26,0,0,288,0,0,0
7,46,8,0,4,0,0,0,0,0,0,0
7,47,1,3147.66472557485,1203.56629011504,0,0,0,112,0,0,0
7,47,2,2697.09814144009,1167.68733653488,0,0,0,102,0,0,0
7,47,3,2733.16716173027,985.543604667972,0,0,0,80,0,0,0
7,47,4,2814.31557560415,1263.59308806779,0,0,0,177,0,0,0
7,47,5,2782.17804804421,1613.54473886102,0,0,0,129,0,0,0
7,47,6,3388.85940297615,1488.37295297118,0,0,0,193,0,0,0
7,47,7,21924.607553814,8521.77355866496,24,0,0,221,0,0,0
7,47,8,0,4,0,0,0,0,0,0,0
7,48,1,3182.73439768911,636.191572724213,0,0,0,120,0,0,0
7,48,2,2711.75267048502,1638.77394134441,0,0,0,116,0,0,0
7,48,3,2754.72038869083,1474.91184123627,0,0,0,98,0,0,0
7,48,4,2851.11479880062,1035.49899978319,0,0,0,126,0,0,0
7,48,5,2826.63708867975,2034.28970113489,0,0,0,161,0,0,0
7,48,6,3460.91009062593,1595.79160836893,0,0,0,148,0,0,0
7,48,7,22035.6377434665,16037.0165648684,22,0,0,321,0,0,0
7,48,8,0,4,0,0,0,0,0,0,0
7,49,1,3175.3600743648,662.525771844876,0,0,0,63,0,0,0
7,49,2,2726.37340761664,882.60748550466,0,0,0,163,0,0,0
7,49,3,2767.41387727021,1821.88903569016,0,0,0,147,0,0,0
7,49,4,2844.89773864115,1007.40200357043,0,0,0,103,0,0,0
7,49,5,2849.64355291964,1147.45931916804,0,0,0,203,0,0,0
7,49,6,3491.46597333874,2009.14933867683,0,0,0,159,0,0,0
7,49,7,22064.9815751208,11292.8599920942,33,0,0,237,0,0,0
7,49,8,0,4,0,0,0,0,0,0,0
7,50,1,3173.73912339263,1339.21326088019,0,0,0,66,0,0,0
7,50,2,2722.16232217556,1356.53671991406,0,0,0,88,0,0,0
7,50,3,2789.94578618949,1014.6946136736,0,0,0,182,0,0,0
7,50,4,2843.03479075505,756.502418299524,0,0,0,100,0,0,0
7,50,5,2856.10771791654,1067.9266094845,0,0,0,114,0,0,0
7,50,6,3532.75231069979,1955.74139752352,0,0,0,200,0,0,0
7,50,7,22088.2665026088,8250.0760169132,116,0,0,190,0,0,0
7,50,8,0,4,0,0,0,0,0,0,0
7,51,1,3180.44540948246,1409.44441636077,0,0,0,133,0,0,0
7,51,2,2726.00617943961,970.581673019073,0,0,0,135,0,0,0
7,51,3,2785.11315652945,1204.41246743664,0,0,0,101,0,0,0
7,51,4,2832.61214041694,1730.21516065029,0,0,0,75,0,0,0
7,51,5,2859.3226369817,1467.18353378802,0,0,0,106,0,0,0
7,51,6,3573.89758492197,2005.53493919376,0,0,0,195,0,0,0
7,51,7,22128.2230098226,7598.19635243761,0,38,0,286,0,0,0
7,51,8,0,4,0,0,0,0,0,0,0
7,52,1,3161.87371049951,832.03444885216,0,102,0,38,0,0,0
7,52,2,2705.74620885995,968.633788411765,0,46,0,51,0,0,0
7,52,3,2771.71382296831,988.558009808621,0,38,0,82,0,0,0
7,52,4,2824.90572035799,1458.05604240459,0,86,0,87,0,0,0
7,52,5,2855.56362922869,1519.90977243167,0,73,0,73,0,0,0
7,52,6,3582.72299836064,1694.98039096162,0,112,0,88,0,0,0
7,52,7,22252.2136981184,7167.1412797787,0,359,0,400,0,0,0
7,52,8,0,4,0,0,0,0,0,0,0
7,53,1,3169.15316708549,1528.90248975065,0,0,0,83,0,0,0
7,53,2,2714.79735386204,1046.23117724202,0,0,0,96,0,0,0
7,53,3,2772.97304262829,1533.61704199264,0,0,0,98,0,0,0
7,53,4,2841.32078540747,973.350802481285,0,0,0,145,0,0,0
7,53,5,2877.72444174659,1046.47286150134,0,0,0,151,0,0,0
7,53,6,3630.82598609604,561.494274005009,0,0,0,169,0,0,0
7,53,7,22310.4692034281,8071.74976211559,30,0,0,220,0,0,0
7,53,8,0,4,0,0,0,0,0,0,0
7,54,1,3205.89613066116,1332.55221470508,0,0,0,152,0,0,0
7,54,2,2733.24328533155,1568.98395790005,0,0,0,104,0,0,0
7,54,3,2799.50479507449,847.128685143858,0,0,0,153,0,0,0
7,54,4,2857.59702120223,1086.97576735111,0,0,0,97,0,0,0
7,54,5,2896.11793476889,1943.75279683918,0,0,0,104,0,0,0
7,54,6,3649.66527399641,1950.70395920643,0,0,0,56,0,0,0
7,54,7,22389.1364320338,5428.89481369231,24,0,0,212,0,0,0
7,54,8,0,4,0,0,0,0,0,0,0
7,55,1,3238.30826493681,1549.17690516191,0,0,0,133,0,0,0
7,55,2,2752.21038948733,1474.85391741984,7,0,0,140,0,0,0
7,55,3,2805.89755926111,1380.72703875027,0,0,0,84,0,0,0
7,55,4,2869.58298941238,1392.38986039168,0,0,0,108,0,0,0
7,55,5,2927.80288606097,1754.01393776954,22,0,0,143,0,0,0
7,55,6,3696.00618985288,978.701749579633,23,0,0,141,0,0,0
7,55,7,22449.424719222,11760.0684752281,146,0,0,205,0,0,0
7,55,8,0,4,0,0,0,0,0,0,0
7,56,1,3265.45486943444,922.252972091587,0,0,0,154,0,0,0
7,56,2,2763.3204878222,1472.45709641577,0,0,0,147,0,0,0
7,56,3,2816.20885890373,955.499911747526,0,0,0,138,0,0,0
7,56,4,2882.44186174902,928.068638179005,0,0,0,139,0,0,0
7,56,5,2959.1031907477,364.337156530881,0,0,0,175,0,0,0
7,56,6,3728.43716317292,1897.90558291788,0,0,0,97,0,0,0
7,56,7,22507.8716893196,9606.86282664601,42,0,0,224,0,0,0
7,56,8,0,4,0,0,0,0,0,0,0
7,57,1,3275.9485731536,1088.88446174623,0,0,0,92,0,0,0
7,57,2,2783.73652048278,1258.05429138201,0,0,0,147,0,0,0
7,57,3,2821.99707651942,1323.70563528144,0,0,0,95,0,0,0
7,57,4,2878.95991526599,1066.25344832978,0,0,0,92,0,0,0
7,57,5,2956.75959344356,489.927513814992,0,0,0,36,0,0,0
7,57,6,3785.30777986279,1803.7158257041,0,0,0,181,0,0,1
7,57,7,22574.4991751229,10113.7980195873,49,0,0,232,0,0,0
7,57,8,0,4,0,0,0,0,0,0,0
7,58,1,3279.77742651796,1398.79669125701,0,0,0,108,0,0,0
7,58,2,2793.05666668704,977.097248484016,0,0,0,125,0,0,0
7,58,3,2827.67125240906,379.957897486161,0,0,0,132,0,0,0
7,58,4,2880.08132079282,449.04196470519,0,0,0,106,0,0,0
7,58,5,2949.69944885741,595.808363440083,0,0,0,48,0,0,0
7,58,6,3839.87824035317,1156.73001431794,0,0,0,178,0,0,0
7,58,7,22639.3934185214,11307.9297624399,51,0,0,271,0,0,5
7,58,8,0,4,0,0,0,0,0,0,0
7,59,1,3297.52163765578,1703.98393479966,0,0,0,139,0,0,0
7,59,2,2797.79854703296,888.694037893312,0,0,0,97,0,0,0
7,59,3,2812.50263591553,1203.81121748742,0,0,0,37,0,0,0
7,59,4,2866.86993494887,1320.63185950833,0,0,0,44,0,0,0
7,59,5,2947.05007886895,1487.45956382805,0,0,0,59,0,0,0
7,59,6,3873.25716384293,1126.04013244157,0,0,0,115,0,0,0
7,59,7,22697.0891656138,12231.8775783447,59,0,0,222,0,0,1
7,59,8,0,4,0,0,0,0,0,0,0
7,60,1,3317.765869159,1064.09785230858,0,0,0,165,0,0,1
7,60,2,2790.88248906746,503.234221403842,0,0,0,88,0,0,0
7,60,3,2809.42832352377,1103.54732822729,0,0,0,120,0,0,0
7,60,4,2870.01032431615,1253.37212109236,0,0,0,132,0,0,0
7,60,5,2968.59926516938,556.973257435222,0,0,0,148,0,0,0
7,60,6,3883.90680776337,2731.1330922728,0,0,0,112,0,0,0
7,60,7,22740.8163633303,11783.3924459102,54,0,0,232,0,0,0
7,60,8,0,4,0,0,0,0,0,0,0
7,61,1,3322.58413456466,857.724601258459,0,0,0,106,0,0,0
7,61,2,2779.23362237,1254.15403763963,0,0,0,50,0,0,0
7,61,3,2814.52215011723,606.607176748151,0,0,0,110,0,0,0
7,61,4,2876.55273376068,1533.92959217256,0,0,0,125,0,0,0
7,61,5,2960.66994602673,1091.03458654802,0,0,0,55,0,0,0
7,61,6,3944.72181347337,1024.88427283611,14,0,0,179,0,0,0
7,61,7,22774.9711453171,18011.1015030038,148,0,0,160,0,0,1
7,61,8,0,4,0,0,0,0,0,0,0
7,62,1,3314.53632530091,1046.67904059499,0,0,0,85,0,0,0
7,62,2,2774.25392672426,920.457260859131,0,0,0,125,0,0,0
7,62,3,2799.39875099134,1482.53318404671,0,0,0,60,0,0,0
7,62,4,2874.24050492198,777.981580223082,0,0,0,153,0,0,0
7,62,5,2966.80524598557,784.047477759936,0,0,0,109,0,0,0
7,62,6,3959.83541867119,1663.3629873567,0,0,0,102,0,0,0
7,62,7,22793.6581659062,7026.46100525903,55,0,0,209,0,0,0
7,62,8,0,4,0,0,0,0,0,0,0
7,63,1,3301.57029655121,1177.09305221761,0,63,0,41,0,0,0
7,63,2,2761.17165886799,841.764036784622,0,29,0,63,0,0,0
7,63,3,2781.87862917775,1013.32231016506,0,84,0,64,0,0,0
7,63,4,2856.38796426163,1156.94814313838,0,39,0,38,0,0,0
7,63,5,2943.82787913144,925.7677786033,0,46,0,32,0,0,0
7,63,6,3966.06253231776,598.194667824036,0,96,0,70,0,0,0
7,63,7,22844.2006293099,12112.3109885906,3,261,0,205,0,0,0
7,63,8,0,4,0,0,0,0,0,0,0
7,64,1,3302.06740722417,1143.30901981241,0,0,0,117,0,0,0
7,64,2,2756.32523921629,730.783986055076,0,0,0,84,0,0,0
7,64,3,2788.67524604527,1341.90313886601,0,0,0,101,0,0,0
7,64,4,2862.43255457315,902.692423989295,0,0,0,115,0,0,0
7,64,5,2951.31750283843,1015.20531462967,0,0,0,92,0,0,0
7,64,6,3969.68852338745,2230.53763922081,0,0,0,59,0,0,0
7,64,7,22881.8041832863,14477.9253771915,27,1,0,203,0,0,0
7,64,8,0,4,0,0,0,0,0,0,0
7,65,1,3315.05910076734,1611.52734465337,0,0,0,114,0,0,0
7,65,2,2751.00594522202,1067.17011306651,0,0,0,73,0,0,0
7,65,3,2801.56078785548,736.108820884501,0,0,0,134,0,0,0
7,65,4,2865.58924092526,1481.19798604549,0,0,0,90,0,0,0
7,65,5,2962.40885064282,1303.01065133019,0,0,0,101,0,0,0
7,65,6,4039.31696298308,2073.33265198111,0,0,0,223,0,0,0
7,65,7,22936.3135371679,14654.0795485673,25,0,0,230,0,0,0
7,65,8,0,4,0,0,0,0,0,0,0
7,66,1,3330.12984850368,1454.02543226663,0,0,0,161,0,0,0
7,66,2,2751.79174238789,1245.88329186425,0,0,0,106,0,0,0
7,66,3,2795.07085511713,1206.74296940307,0,0,0,73,0,0,0
7,66,4,2883.16002805399,814.761897612235,0,0,0,148,0,0,0
7,66,5,2974.87103601,866.434870176327,0,0,0,130,0,0,0
7,66,6,4094.98403112727,1662.15254716102,0,0,0,207,0,0,0
7,66,7,22964.5210301035,16301.938145218,24,0,0,196,0,0,0
7,66,8,0,4,0,0,0,0,0,0,0
7,67,1,3341.64163632245,1757.90058038197,0,0,0,145,0,0,0
7,67,2,2750.91801312944,1299.70298741224,0,0,0,124,0,0,0
7,67,3,2789.17202833161,1193.60110588475,0,0,0,120,0,0,0
7,67,4,2882.97538318565,981.033582250094,0,0,0,81,0,0,0
7,67,5,2983.2477519779,1032.99648172056,0,0,0,86,0,0,0
7,67,6,4133.91929263521,2275.13024521191,0,0,0,166,0,0,0
7,67,7,22998.9208151187,17008.6271832957,23,0,0,232,0,0,4
7,67,8,0,4,0,0,0,0,0,0,0
7,68,1,3363.97957086275,1644.62070192552,0,0,0,175,0,0,0
7,68,2,2749.90718799158,985.915094710225,0,0,0,129,0,0,0
7,68,3,2783.60754292199,788.232520823044,0,0,0,119,0,0,0
7,68,4,2880.67691100907,1274.83769849018,0,0,0,98,0,0,0
7,68,5,2989.074083806,1334.13599965123,0,0,0,103,0,0,0
7,68,6,4188.96430748123,2128.98370611485,0,0,0,206,0,0,2
7,68,7,23037.3444551088,8488.83268645847,28,0,0,211,0,0,0
7,68,8,0,4,0,0,0,0,0,0,0
7,69,1,3388.13714523414,1342.72797031389,0,0,0,164,0,0,0
7,69,2,2760.21784197134,1028.0600511349,0,0,0,98,0,0,0
7,69,3,2775.50240164758,1373.58135697055,0,0,0,78,0,0,0
7,69,4,2892.04879337251,519.384220233473,0,0,0,127,0,0,0
7,69,5,3006.2884683905,1499.12926375513,0,0,0,133,0,0,0
7,69,6,4255.23851196872,1957.72569606709,1,0,0,181,0,0,0
7,69,7,23092.2805389465,9624.9085380336,56,0,0,194,0,0,0
7,69,8,0,4,0,0,0,0,0,0,0
7,70,1,3434.4881079145,348.576597650566,0,0,0,134,0,0,0
7,70,2,2774.83214661083,1574.30511517863,0,0,0,102,0,0,0
7,70,3,2808.10115745278,1047.47673160639,0,0,0,137,0,0,0
7,70,4,2901.51941885118,1022.52331958065,0,0,0,51,0,0,0
7,70,5,3056.39086130776,620.242886635006,0,0,0,149,0,0,0
7,70,6,4372.74344007499,1242.79338182899,1,0,0,179,0,0,0
7,70,7,23172.3069594042,11875.437501974,55,0,0,178,0,0,0
7,70,8,0,4,0,0,0,0,0,0,0
7,71,1,3420.67237627331,1266.89091533019,0,0,0,34,0,0,0
7,71,2,2784.63868436567,681.552180995721,0,0,0,157,0,0,0
7,71,3,2793.21476545915,882.329651841209,0,0,0,104,0,0,0
7,71,4,2903.09854283671,1717.90368768577,0,0,0,102,0,0,0
7,71,5,3043.64255749593,576.313907163911,0,0,0,62,0,0,0
7,71,6,4411.00133589502,1586.51325682808,0,0,0,124,0,0,0
7,71,7,23203.8363109866,10459.3220587067,0,36,0,213,0,0,0
7,71,8,0,4,0,0,0,0,0,0,0
7,72,1,3413.75363975487,1285.82748469837,0,74,0,52,0,0,0
7,72,2,2760.46873057168,1625.11647079556,0,32,0,36,0,0,0
7,72,3,2770.67534047956,1196.65016175112,0,32,0,56,0,0,0
7,72,4,2884.82997913525,1074.63068837982,0,86,0,85,0,0,0
7,72,5,3022.5328117093,1818.42275501752,0,29,0,28,0,0,0
7,72,6,4427.59902989926,2043.68896841691,0,79,0,79,0,0,0
7,72,7,23298.9239820602,6762.7546137329,3,335,0,327,0,0,2
7,72,8,0,4,0,0,0,0,0,0,0
7,73,1,3469.82812466532,1039.13423687939,0,0,0,128,0,0,0
7,73,2,2801.83545812889,1232.41941450818,0,0,0,162,0,0,0
7,73,3,2802.92597521315,1555.14306002169,0,0,0,119,0,0,0
7,73,4,2925.91969985617,1543.19560043492,0,0,0,107,0,0,0
7,73,5,3098.35499497614,1585.20446931141,0,0,0,181,0,0,0
7,73,6,4585.61629128214,3509.57953683604,0,0,0,175,0,0,0
7,73,7,23449.8549314215,15636.5535396643,30,0,0,223,0,0,0
7,73,8,0,4,0,0,0,0,0,0,0
7,74,1,3480.10154726874,1623.56702866715,0,0,0,103,0,0,0
7,74,2,2801.65828123107,620.41864466101,0,0,0,123,0,0,0
7,74,3,2809.80549883792,941.737696485531,0,0,0,155,0,0,0
7,74,4,2947.23078353284,1137.05956386982,0,0,0,154,0,0,0
7,74,5,3120.4350109908,1475.21620428729,0,0,0,158,0,0,0
7,74,6,4644.75448597479,1533.55670245179,3,0,0,195,0,0,0
7,74,7,23496.3305600466,7399.12034744684,26,0,0,208,0,0,1
7,74,8,0,4,0,0,0,0,0,0,0
7,75,1,3486.49968144023,1433.25113995789,96,0,0,66,0,0,0
7,75,2,2789.31078050882,740.131195891858,39,0,0,23,0,0,0
7,75,3,2802.1025407876,1504.19096589929,46,0,0,48,0,0,0
7,75,4,2944.65300278353,786.617856587213,57,0,0,56,0,0,0
7,75,5,3126.77050602073,998.996520535154,73,0,0,74,0,0,0
7,75,6,4676.04723681908,3120.14085932188,72,0,0,81,0,0,0
7,75,7,23609.1498387422,9104.66342982776,348,0,0,329,0,0,11
7,75,8,0,4,0,0,0,0,0,0,0
7,76,1,3521.2366570037,1733.76165087076,0,0,0,143,0,0,0
7,76,2,2796.61738730834,1027.85852657945,0,0,0,74,0,0,0
7,76,3,2825.65687593836,958.570494378552,0,0,0,150,0,0,0
7,76,4,2954.27756163203,2119.5025346452,0,0,0,78,0,0,0
7,76,5,3156.28206459547,1316.02171491208,0,0,0,99,0,0,0
7,76,6,4777.96773189083,1721.98597126618,16,0,0,203,0,0,0
7,76,7,23665.2094676579,11706.8698012187,106,0,0,187,0,0,0
7,76,8,0,4,0,0,0,0,0,0,0
7,77,1,3571.05473192924,1818.53650092758,0,0,0,173,0,0,0
7,77,2,2808.79020058186,1285.84759867117,0,0,0,102,0,0,0
7,77,3,2846.47308437384,1893.71261415791,0,0,0,95,0,0,0
7,77,4,3016.84568926607,1425.08268455768,0,0,0,202,0,0,0
7,77,5,3200.35961953994,862.347048174484,0,0,0,131,0,0,0
7,77,6,4884.28376190681,2251.72432301045,0,0,0,172,0,0,0
7,77,7,23743.8435715765,15224.1444789679,55,0,0,195,0,0,0
7,77,8,0,4,0,0,0,0,0,0,0
7,78,1,3596.25701665529,1816.08840929279,0,0,0,181,0,0,0
7,78,2,2806.19849570679,1493.50324031091,0,0,0,128,0,0,0
7,78,3,2867.32371997625,1115.40992831309,0,0,0,189,0,0,0
7,78,4,3021.11203840123,1505.3197078674,0,0,0,142,0,0,0
7,78,5,3194.89559902471,873.86079486928,0,0,0,86,0,0,0
7,78,6,4972.54837691222,2330.48183606805,0,0,0,218,0,0,0
7,78,7,23779.3699989589,10644.0439996329,42,0,0,260,0,0,0
7,78,8,0,4,0,0,0,0,0,0,0
7,79,1,3640.92620228582,2218.19986271773,0,0,0,181,0,0,0
7,79,2,2818.61365232895,1439.70629812679,0,0,0,149,0,0,0
7,79,3,2869.26384419825,857.823538613075,0,0,0,111,0,0,0
7,79,4,3030.66163951465,676.416142513154,0,0,0,150,0,0,0
7,79,5,3205.87193756144,876.079662887285,0,0,0,87,0,0,0
7,79,6,5048.4401167035,2849.47564194527,0,12,0,160,0,0,0
7,79,7,23842.9496201905,4229.22772165305,0,142,0,211,0,0,0
7,79,8,0,4,0,0,0,0,0,0,0
7,80,1,3652.34223603205,1665.59855259602,11,0,0,169,0,0,0
7,80,2,2811.3892650102,1624.22249007662,0,0,0,143,0,0,0
7,80,3,2847.82254363137,806.736426320964,0,0,0,85,0,0,0
7,80,4,3017.31371997994,1386.91807683716,0,0,0,67,0,0,0
7,80,5,3206.77633513845,1629.83685961647,0,0,0,87,0,0,0
7,80,6,5093.53913847959,2986.34707659496,21,0,0,173,0,0,3
7,80,7,23870.599062058,8433.75002951348,43,0,0,216,0,0,0
7,80,8,0,4,0,0,0,0,0,0,0
7,81,1,3692.80187480404,1825.50479325008,0,0,0,166,0,0,0
7,81,2,2827.03127373464,1443.08785190026,0,0,0,162,0,0,0
7,81,3,2834.0099036091,682.809281149898,0,0,0,80,0,0,0
7,81,4,3033.43636182683,747.910925643773,0,0,0,138,0,0,0
7,81,5,3235.70313459798,1547.11928224118,0,0,0,162,0,0,0
7,81,6,5192.70834503339,1572.91578916744,2,0,0,244,0,0,0
7,81,7,23925.6607486391,8964.1188244414,35,0,0,176,0,0,0
7,81,8,0,4,0,0,0,0,0,0,0
7,82,1,3715.39779382061,1356.26358741372,0,1,0,162,0,0,0
7,82,2,2830.15106126791,1035.76852357241,0,0,0,144,0,0,0
7,82,3,2816.20495031535,1555.3067320473,0,0,0,68,0,0,0
7,82,4,3001.34248334078,1618.45351192288,0,0,0,74,0,0,0
7,82,5,3253.2528845666,881.240938297048,0,0,0,154,0,0,0
7,82,6,5225.66328106688,2253.21622736211,0,0,0,157,0,0,0
7,82,7,23946.8041730241,9598.56367691171,0,44,0,182,0,0,0
7,82,8,0,4,0,0,0,0,0,0,0
7,83,1,3694.50191466334,1525.79177645629,0,96,0,39,0,0,0
7,83,2,2804.93851731631,890.006931666848,0,52,0,51,0,0,0
7,83,3,2794.87958313932,648.684741316874,0,82,0,73,0,0,0
7,83,4,2983.71280439852,1404.86773127855,0,96,0,65,0,0,0
7,83,5,3241.61898296658,2240.5955215632,0,31,0,57,0,0,0
7,83,6,5250.83424936311,2297.73115368581,0,133,0,92,0,0,0
7,83,7,23969.504414587,12737.4432822875,8,186,0,163,0,0,1
7,83,8,0,4,0,0,0,0,0,0,0
7,84,1,3722.00925560811,1301.60204140123,0,0,0,152,0,0,0
7,84,2,2806.72481076339,1405.96395705463,0,0,0,89,0,0,0
7,84,3,2794.03535133656,1170.73230090433,0,0,0,64,0,0,0
7,84,4,3000.14861566155,1303.79376402496,0,0,0,140,0,0,0
7,84,5,3278.10137637276,1577.44067020956,0,0,0,205,0,0,0
7,84,6,5344.35135054104,2199.19055314376,0,0,0,182,0,0,0
7,84,7,24028.439519243,6105.28590877488,29,0,0,212,0,0,0
7,84,8,0,4,0,0,0,0,0,0,0
7,85,1,3721.91849225589,2298.70400814211,58,0,0,66,0,0,0
7,85,2,2803.49987371192,1367.73497164309,53,0,0,82,0,0,0
7,85,3,2787.48487788434,1262.44887329002,40,0,0,73,0,0,0
7,85,4,3003.34119184467,977.304256092843,32,0,0,95,0,0,0
7,85,5,3288.62462282033,842.217144961986,66,0,0,85,0,0,0
7,85,6,5378.48376237173,3012.84805311851,99,0,0,111,0,0,0
7,85,7,24100.119354039,10357.7812075614,252,1,0,223,0,0,2
7,85,8,0,4,0,0,0,0,0,0,0
7,86,1,3768.87686394044,1354.59233194752,0,0,0,224,0,0,0
7,86,2,2811.36336354354,1524.36801890935,0,0,0,136,0,0,0
7,86,3,2787.14681756482,1106.21562454628,0,0,0,126,0,0,0
7,86,4,3005.50587031336,550.968977222107,0,0,0,97,0,0,0
7,86,5,3288.84242081376,973.007817127968,0,0,0,84,0,0,0
7,86,6,5458.85859681437,2993.17737748083,6,0,0,198,0,0,0
7,86,7,24130.537452219,7155.77337302116,48,0,0,227,0,0,0
7,86,8,0,4,0,0,0,0,0,0,0
7,87,1,3793.0894182566,1677.72007474796,0,0,0,135,0,0,0
7,87,2,2837.29045137591,1513.34703440471,0,0,0,152,0,0,0
7,87,3,2793.7058431822,1656.85153855511,0,0,0,110,0,0,0
7,87,4,3007.46137158299,776.002845263208,0,0,0,55,0,0,0
7,87,5,3307.79353664598,1417.9523292531,0,0,0,97,0,0,0
7,87,6,5551.25129529738,2490.22370786835,13,0,0,199,0,0,0
7,87,7,24176.6686550767,8387.14651238294,74,0,0,167,0,0,0
7,87,8,0,4,0,0,0,0,0,0,0
7,88,1,3833.48600431573,1600.17824361165,0,0,0,167,0,0,0
7,88,2,2864.16102188797,1009.08576001213,0,0,0,151,0,0,0
7,88,3,2813.00853163347,896.248277961907,0,0,0,165,0,0,0
7,88,4,2996.23384781042,1100.58578212124,0,0,0,77,0,0,0
7,88,5,3341.11826322374,963.418942195495,0,0,0,141,0,0,0
7,88,6,5639.77411470191,2799.48703115589,5,0,0,180,0,0,0
7,88,7,24233.7340288708,9687.99193134308,53,0,0,190,0,0,0
7,88,8,0,4,0,0,0,0,0,0,0
7,89,1,3889.48351284579,1096.11638675871,0,0,0,160,0,0,0
7,89,2,2865.91382494313,602.957671865058,0,0,0,100,0,0,0
7,89,3,2806.39017384836,913.782824659015,0,0,0,89,0,0,0
7,89,4,3022.4464788507,987.940257910826,0,0,0,110,0,0,0
7,89,5,3359.1933040038,1760.79683575805,0,0,0,96,0,0,0
7,89,6,5762.73704818605,2510.80822425889,6,0,0,193,0,0,0
7,89,7,24324.388317512,7081.39635031114,53,0,0,195,0,0,0
7,89,8,0,4,0,0,0,0,0,0,0
7,90,1,3911.14051447526,2274.91560028463,0,0,0,109,0,0,0
7,90,2,2865.98954617298,1167.72637795652,0,0,0,60,0,0,0
7,90,3,2816.54029941131,1183.87684105582,0,0,0,91,0,0,0
7,90,4,3025.64192229539,831.056713265513,0,0,0,98,0,0,0
7,90,5,3399.90061103347,1621.25134559747,3,0,0,152,0,0,0
7,90,6,5858.72681250368,2904.94376051486,14,0,0,176,0,0,0
7,90,7,24397.8552380095,13876.5963705476,97,0,0,194,0,0,0
7,90,8,0,4,0,0,0,0,0,0,0
7,91,1,3931.35778804956,1723.06519174174,0,0,0,199,0,0,0
7,91,2,2867.05359821356,1463.68602197775,0,0,0,116,0,0,0
7,91,3,2807.89141114126,1668.94492328145,0,0,0,118,0,0,0
7,91,4,3014.24229823897,721.739389924573,0,0,0,83,0,0,0
7,91,5,3413.94356778974,1168.1448575349,0,0,0,162,0,0,0
7,91,6,5911.83110374538,1971.96111992882,3,0,0,188,0,0,0
7,91,7,24429.5741801953,11375.0848902323,41,0,0,275,0,0,0
7,91,8,0,4,0,0,0,0,0,0,0
7,92,1,3974.90573296053,1607.87974642498,0,0,0,172,0,0,0
7,92,2,2894.05406854553,687.191419625042,0,0,0,146,0,0,0
7,92,3,2833.07282646163,805.802743958692,0,0,0,166,0,0,0
7,92,4,3013.59862406313,1706.7046253383,0,0,0,72,0,0,0
7,92,5,3452.04861191982,842.601328097213,0,0,0,116,0,0,0
7,92,6,6032.27038813947,2810.31546852208,0,0,0,181,0,0,0
7,92,7,24517.4870735636,7969.74826558608,0,54,0,183,0,0,0
7,92,8,0,4,0,0,0,0,0,0,0
7,93,1,3959.84083471354,2123.74278900626,0,125,0,35,0,0,0
7,93,2,2870.73452837142,876.096932151996,0,37,0,31,0,0,0
7,93,3,2807.88828164484,1093.77830203103,0,44,0,36,0,0,0
7,93,4,3007.57309509894,1410.63206756854,0,81,0,89,0,0,0
7,93,5,3423.42605415663,958.593533338102,0,45,0,39,0,0,0
7,93,6,6062.04752117316,3975.48416021215,0,118,0,163,0,0,0
7,93,7,24623.5577550498,9486.40268827718,0,398,0,398,0,0,0
7,93,8,0,4,0,0,0,0,0,0,0
7,94,1,4005.36901234023,1875.47403232618,0,0,0,210,0,0,0
7,94,2,2867.84660315225,545.841309432755,0,0,0,87,0,0,0
7,94,3,2813.25379703344,924.37166956778,0,0,0,109,0,0,0
7,94,4,3017.36217406722,1859.33617307354,0,0,0,141,0,0,0
7,94,5,3441.68110729515,2336.678321681,0,0,0,95,0,0,0
7,94,6,6193.7904910619,3135.75556555432,5,0,0,276,0,0,0
7,94,7,24689.4242750012,9290.20519154946,29,0,0,246,0,0,0
7,94,8,0,4,0,0,0,0,0,0,0
7,95,1,4128.09777823839,1236.54231225918,0,0,0,187,0,0,0
7,95,2,2882.00231777845,726.509951051376,0,0,0,54,0,0,0
7,95,3,2845.61042269252,530.505747469927,0,0,0,92,0,0,0
7,95,4,3117.77646574993,1433.95781414735,0,0,0,182,0,0,0
7,95,5,3540.083910883,1097.5927662733,2,0,0,184,0,0,0
7,95,6,6532.96240808926,3974.18038256791,0,2,0,195,0,0,0
7,95,7,24916.70865328,11316.002542967,29,0,0,253,0,0,0
7,95,8,0,4,0,0,0,0,0,0,0
7,96,1,4150.26714363658,2038.04222022705,0,0,0,123,0,0,0
7,96,2,2871.35882977591,432.181702433801,0,0,0,72,0,0,0
7,96,3,2836.92677410516,1064.82413010218,0,0,0,53,0,0,0
7,96,4,3136.04637918302,2074.75570633811,0,0,0,143,0,0,0
7,96,5,3553.09200436848,1300.52626305295,0,0,0,109,0,0,0
7,96,6,6638.83025335719,2734.64194677771,6,0,0,168,0,0,0
7,96,7,24994.3613270912,5757.6534016694,25,1,0,206,0,0,0
7,96,8,0,4,0,0,0,0,0,0,0
7,97,1,4213.91974686242,1235.9020629451,0,0,0,203,0,0,0
7,97,2,2866.44880570384,957.222552029938,0,0,0,43,0,0,0
7,97,3,2849.02826462925,897.820746683268,0,0,0,106,0,0,0
7,97,4,3165.5901639333,1232.69307936796,0,0,0,207,0,0,0
7,97,5,3576.95286505391,1052.97609975159,0,0,0,130,0,0,0
7,97,6,6739.36413380271,1842.70468158418,7,0,0,198,0,0,0
7,97,7,25050.0013805086,5084.12957945339,40,0,0,185,0,0,0
7,97,8,0,4,0,0,0,0,0,0,0
7,98,1,4239.04694838391,1775.66424347754,8,0,0,113,0,0,0
7,98,2,2875.32459319543,1896.18185382261,2,0,0,93,0,0,0
7,98,3,2855.52156853105,1768.55945641422,1,0,0,88,0,0,0
7,98,4,3185.90306552224,1252.95667890049,0,0,0,123,0,0,0
7,98,5,3602.97130936833,1756.43820965671,0,0,0,105,0,0,0
7,98,6,6807.22369310032,2969.08803264665,37,0,0,136,0,0,0
7,98,7,25145.9632536934,16009.1553157456,194,0,0,256,0,0,0
7,98,8,0,4,0,0,0,0,0,0,0
7,99,1,4285.80249006089,2308.2980729346,0,0,0,177,0,0,0
7,99,2,2903.03623524088,1122.40186958175,0,0,0,189,0,0,0
7,99,3,2884.16316862119,642.827545733046,0,0,0,176,0,0,0
7,99,4,3195.9502722652,675.611261880482,0,0,0,125,0,0,0
7,99,5,3645.25332510509,2032.7104065343,0,0,0,175,0,0,0
7,99,6,6928.26668151844,2056.78121628429,2,0,0,192,0,0,0
7,99,7,25226.7469697113,4965.5410665239,33,0,0,230,0,0,0
7,99,8,0,4,0,0,0,0,0,0,0
7,100,1,4340.34133869524,1053.19648853886,15,0,0,169,0,0,0
7,100,2,2915.05014297881,536.963452189182,0,0,0,112,0,0,0
7,100,3,2886.80934808023,1200.98218300957,0,0,0,64,0,0,0
7,100,4,3192.99564123607,1169.24400293269,0,0,0,67,0,0,0
7,100,5,3676.39070470464,1940.05932174154,8,0,0,166,0,0,0
7,100,6,7022.34235845313,2531.31514922216,9,0,0,166,0,0,0
7,100,7,25285.6820769913,9235.60285660691,83,0,0,154,0,0,0
7,100,8,0,4,0,0,0,0,0,0,0
8,1,1,2747.55968,408.585941207508,0,0,0,99,0,0,0
8,1,2,2745.328,1123.7824544461,0,0,0,99,0,0,0
8,1,3,2738.3824,1218.16160327122,0,0,0,62,0,0,0
8,1,4,2746.76,1251.90674354093,0,0,0,85,0,0,0
8,1,5,2737.85152,950.398280479149,0,0,0,55,0,0,0
8,1,6,2745.7584,873.508304026728,0,0,0,99,0,0,0
8,1,7,20717.3839999999,15395.5542698815,0,0,0,72,0,0,0
8,1,8,0,9,0,0,0,97,0,0,0
8,2,1,2745.82528,1453.30855966258,0,0,0,40,0,0,0
8,2,2,2752.0352,756.11854496032,0,0,0,112,0,0,0
8,2,3,2751.6624,1698.31512283739,0,0,0,121,0,0,0
8,2,4,2758.8128,1698.11078169445,0,0,0,125,0,0,0
8,2,5,2745.69152,1079.5084930331,0,0,0,95,0,0,0
8,2,6,2747.9264,1515.86024885604,0,0,0,87,0,0,0
8,2,7,20680.5567999999,12785.587480944,14,11,0,256,0,0,0
8,2,8,0,9,0,0,0,0,0,0,0
8,3,1,2762.71968,847.570202255142,0,0,0,145,0,0,0
8,3,2,2754.91328,1057.21699053631,0,0,0,75,0,0,0
8,3,3,2773.1264,1172.6873817679,0,0,0,169,0,0,0
8,3,4,2779.44479999999,1472.69943209346,0,0,0,169,0,0,0
8,3,5,2756.77152,1954.43336274343,0,0,0,107,0,0,0
8,3,6,2764.6464,524.840460545805,0,0,0,151,0,0,0
8,3,7,20633.2687999998,11632.381496896,35,0,0,219,0,0,0
8,3,8,0,9,0,0,0,0,0,0,0
8,4,1,2769.33056,1011.84345344553,0,0,0,84,0,0,0
8,4,2,2763.744,840.417314136889,0,0,0,105,0,0,0
8,4,3,2783.4208,470.340713662231,0,0,0,117,0,0,0
8,4,4,2800.19072,1087.80667007135,0,0,0,147,0,0,0
8,4,5,2785.48512,1012.20651297646,0,0,0,193,0,0,0
8,4,6,2764.584,1631.92876535926,0,0,0,52,0,0,0
8,4,7,20581.4008959997,10695.2552858563,46,0,0,187,0,0,0
8,4,8,0,9,0,0,0,0,0,0,0
8,5,1,2774.34976,875.214152384151,0,0,0,101,0,0,0
8,5,2,2763.856,915.916980034879,0,0,0,84,0,0,0
8,5,3,2780.59872,1163.79523873065,0,0,0,47,0,0,0
8,5,4,2802.39552,1446.13802697201,0,0,0,108,0,0,0
8,5,5,2788.54912,1104.30535018489,0,0,0,101,0,0,0
8,5,6,2784.6256,1093.8918017621,0,0,0,163,0,0,0
8,5,7,20524.0840959996,3379.46749444327,0,57,0,204,0,0,0
8,5,8,0,9,0,0,0,0,0,0,0
8,6,1,2777.411584,573.854664802412,0,0,0,87,0,0,0
8,6,2,2766.0288,1205.65674837038,0,0,0,91,0,0,0
8,6,3,2789.04832,835.079935536993,0,0,0,116,0,0,0
8,6,4,2811.85824,1237.18695777781,0,0,0,144,0,0,0
8,6,5,2794.836224,1210.86877757816,0,0,0,110,0,0,0
8,6,6,2792.2768,1164.77036913052,0,0,0,109,0,0,0
8,6,7,20466.9042559995,7706.52831483262,0,77,0,153,0,0,0
8,6,8,0,9,0,0,0,0,0,0,0
8,7,1,2772.528384,966.904418577213,0,0,0,57,0,0,0
8,7,2,2773.845376,816.042570026716,0,0,0,120,0,0,0
8,7,3,2790.27776,784.772725997088,0,0,0,83,0,0,0
8,7,4,2819.68992,368.717702506188,0,0,0,123,0,0,0
8,7,5,2803.277184,1149.92158929869,0,0,0,121,0,0,0
8,7,6,2800.37759999999,833.587436380101,0,0,0,116,0,0,0
8,7,7,20432.3151359995,8771.75895500946,26,0,0,211,0,0,0
8,7,8,0,9,0,0,0,0,0,0,0
8,8,1,2773.568384,975.228802993716,0,0,0,96,0,0,0
8,8,2,2774.2065792,692.06087503295,0,0,0,81,0,0,0
8,8,3,2792.269184,1139.60175242227,0,0,0,78,0,0,0
8,8,4,2810.6583168,1092.03932853073,0,0,0,36,0,0,0
8,8,5,2810.065344,804.899137046598,0,0,0,114,0,0,0
8,8,6,2800.21184,695.988675178397,0,0,0,83,0,0,0
8,8,7,20400.8700159994,7485.11102712538,0,48,0,225,0,0,0
8,8,8,0,9,0,0,0,0,0,0,0
8,9,1,2777.379904,933.461952911366,0,0,0,97,0,0,0
8,9,2,2770.3243904,1041.90353247457,0,0,0,69,0,0,0
8,9,3,2797.4656128,1605.59838416076,0,0,0,113,0,0,0
8,9,4,2815.1106688,952.886220390479,0,0,0,109,0,0,0
8,9,5,2805.846144,1277.99903951971,0,0,0,80,0,0,0
8,9,6,2796.56576,958.783045335342,0,0,0,69,0,0,0
8,9,7,20363.0792959993,8237.16776551242,0,119,0,165,0,0,0
8,9,8,0,9,0,0,0,0,0,0,0
8,10,1,2778.8037888,457.386245111712,0,0,0,93,0,0,0
8,10,2,2772.77219840001,1342.93409720421,0,0,0,104,0,0,0
8,10,3,2815.04609280001,1430.95650898931,0,0,0,160,0,0,0
8,10,4,2817.36058880001,1508.4576117171,0,0,0,95,0,0,0
8,10,5,2813.47334400001,1881.25900540208,0,0,0,127,0,0,0
8,10,6,2801.63872,674.778715216986,0,0,0,95,0,0,0
8,10,7,20348.9375999992,10650.392048166,26,0,0,207,0,0,0
8,10,8,0,9,0,0,0,0,0,0,0
8,11,1,2770.5801088,1003.40785787798,0,0,0,45,0,0,0
8,11,2,2783.01501440001,1155.7310335299,0,0,0,134,0,0,0
8,11,3,2830.42098176001,1540.01631246776,0,0,0,143,0,0,0
8,11,4,2831.71768115201,950.894631525441,0,0,0,150,0,0,0
8,11,5,2839.93992960001,1316.16332018525,0,0,0,188,0,0,0
8,11,6,2798.438016,1422.42065393662,0,0,0,67,0,0,0
8,11,7,20342.2191359992,10581.0196141261,27,0,0,240,0,0,0
8,11,8,0,9,0,0,0,0,0,0,0
8,12,1,2770.28385536001,1053.25688761543,0,0,0,100,0,0,0
8,12,2,2789.28011520001,1178.93269069587,0,0,0,115,0,0,0
8,12,3,2843.45963980801,1609.12586292678,0,0,0,154,0,0,0
8,12,4,2833.89841715201,1765.26490999411,0,0,0,95,0,0,0
8,12,5,2847.97148160001,1260.60806197097,0,0,0,131,0,0,0
8,12,6,2813.67769600001,1280.1973171566,0,0,0,142,0,0,0
8,12,7,20324.1303807991,5854.83947356115,0,57,0,223,0,0,0
8,12,8,0,9,0,0,0,0,0,0,0
8,13,1,2768.75855616001,1308.78608532563,0,0,0,105,0,0,0
8,13,2,2794.18353920001,946.661296825985,0,0,0,117,0,0,0
8,13,3,2855.41705203713,750.223908491687,0,0,0,160,0,0,0
8,13,4,2843.24308531201,1684.01673370931,2,0,0,153,0,0,0
8,13,5,2859.92597760001,1918.23764544231,0,0,0,126,0,0,0
8,13,6,2821.63379200001,1393.63431626574,0,0,0,128,0,0,0
8,13,7,20303.3387007991,9433.21181001385,42,0,0,185,0,0,2
8,13,8,0,9,0,0,0,0,0,0,0
8,14,1,2782.22398720001,1849.62033586406,0,0,0,130,0,0,0
8,14,2,2793.74349824001,786.747800119284,0,0,0,94,0,0,0
8,14,3,2850.82897907713,1020.19942598947,0,0,0,75,0,0,0
8,14,4,2860.81936138241,1208.97704888994,0,0,0,168,0,0,0
8,14,5,2886.01160704001,938.883816582792,0,0,0,187,0,0,0
8,14,6,2839.49585664001,2143.90404788396,0,0,0,139,0,0,0
8,14,7,20308.256125439,12087.5836127916,0,34,0,229,0,0,0
8,14,8,0,9,0,0,0,0,0,0,0
8,15,1,2796.43953920001,1701.82189386871,0,10,0,150,0,0,0
8,15,2,2782.14123520001,2048.59747529918,0,0,0,78,0,0,0
8,15,3,2847.50251507713,741.854515065014,0,0,0,102,0,0,0
8,15,4,2860.81220618241,668.152907157925,0,0,0,120,0,0,0
8,15,5,2884.27642368001,1431.30843542557,0,0,0,93,0,0,0
8,15,6,2866.73320652801,1601.7678733363,0,3,0,201,0,0,0
8,15,7,20316.766397439,15431.6539402393,0,258,0,331,0,0,0
8,15,8,0,9,0,0,0,0,0,0,0
8,16,1,2811.09862400001,696.230777868827,0,0,0,170,0,0,0
8,16,2,2799.00645171201,1994.33302541482,0,0,0,196,0,0,0
8,16,3,2836.37394163713,1784.12312515478,0,0,0,74,0,0,0
8,16,4,2848.36897034242,1855.67987867657,0,0,0,66,0,0,0
8,16,5,2902.37734144001,417.246412655513,0,0,0,143,0,0,0
8,16,6,2886.46887372801,1229.84637912341,0,0,0,160,0,0,0
8,16,7,20344.936816639,6563.7080666552,29,0,0,227,0,0,0
8,16,8,0,9,0,0,0,0,0,0,0
8,17,1,2811.76292403201,743.987918135257,0,0,0,69,0,0,0
8,17,2,2810.71868418049,547.642468458916,27,0,0,142,0,0,0
8,17,3,2843.81618163713,929.831664557775,15,0,0,146,0,0,0
8,17,4,2860.07574538241,1421.59634830245,25,0,0,133,0,0,0
8,17,5,2898.53552640001,881.541145170294,0,0,0,41,0,0,0
8,17,6,2909.49267968001,1533.50581843386,0,0,0,122,0,0,0
8,17,7,20380.974205439,4270.88593040895,207,0,0,220,0,0,0
8,17,8,0,9,0,0,0,0,0,0,0
8,18,1,2806.58962483201,507.301947452677,0,0,0,74,0,0,0
8,18,2,2799.540896682,1159.17038590632,0,0,0,54,0,0,0
8,18,3,2830.72300019713,884.798785820459,3,0,0,89,0,0,0
8,18,4,2861.40759818242,663.251810967349,12,0,0,126,0,0,0
8,18,5,2897.10808320001,1364.13433140682,0,0,0,88,0,0,0
8,18,6,2928.21893888001,669.309942044561,7,0,0,144,0,0,0
8,18,7,20393.222461439,6735.21141175486,186,0,0,185,0,0,0
8,18,8,0,9,0,0,0,0,0,0,0
8,19,1,2794.24671539201,1355.24542669574,0,0,0,50,0,0,0
8,19,2,2801.6568174756,557.886103000497,0,0,0,115,0,0,0
8,19,3,2823.29530662914,826.796834034772,0,0,0,88,0,0,0
8,19,4,2848.49319178242,1055.57851369538,0,0,0,66,0,0,0
8,19,5,2914.95261194241,401.5656880023,0,0,0,136,0,0,0
8,19,6,2930.99488399361,1803.46400753854,0,0,0,66,0,0,0
8,19,7,20434.206970367,6903.63775350117,54,0,0,208,0,0,0
8,19,8,0,9,0,0,0,0,0,0,0
8,20,1,2796.36896675841,1257.45890311968,0,0,0,135,0,0,0
8,20,2,2780.2255163556,1287.84203516398,0,0,0,55,0,0,0
8,20,3,2811.70597926913,731.932513572063,0,0,0,82,0,0,0
8,20,4,2842.15466506242,1066.41304008361,0,0,0,105,0,0,0
8,20,5,2901.17205514241,1052.59268790464,0,0,0,40,0,0,0
8,20,6,2964.07804825601,1800.2082370095,0,0,0,178,0,0,0
8,20,7,20458.823059967,9902.08088507339,44,0,0,204,0,0,0
8,20,8,0,9,0,0,0,0,0,0,0
8,21,1,2795.10441891841,1697.10635860147,0,0,0,125,0,0,0
8,21,2,2775.10887001622,957.449507153368,0,0,0,128,0,0,0
8,21,3,2795.17253926914,1734.34668873638,0,0,0,73,0,0,0
8,21,4,2838.36640983042,994.04706446184,0,0,0,106,0,0,0
8,21,5,2897.65330186241,951.128505042652,0,0,0,105,0,0,0
8,21,6,2989.57800345601,542.715153773109,0,0,0,180,0,0,0
8,21,7,20475.353560575,7018.76066937139,41,0,0,223,0,0,0
8,21,8,0,9,0,0,0,0,0,0,0
8,22,1,2789.53213091841,533.340346979387,0,87,0,82,0,0,0
8,22,2,2752.37742108182,1132.46965130319,0,42,0,53,0,0,0
8,22,3,2782.03868198914,551.820110378263,0,100,0,73,0,0,0
8,22,4,2821.28745533442,1229.47290973101,0,58,0,41,0,0,0
8,22,5,2886.81697802241,785.282884697262,0,35,0,60,0,0,0
8,22,6,2979.38687385601,942.745490519504,0,26,0,28,0,0,0
8,22,7,20519.081701375,7421.2133212245,0,363,0,338,0,0,0
8,22,8,0,9,0,0,0,0,0,0,0
8,23,1,2783.65548451841,1023.36501508559,0,0,0,53,0,0,0
8,23,2,2761.50538031745,1561.99100542715,0,0,0,113,0,0,0
8,23,3,2774.64679411714,363.699594547044,0,0,0,55,0,0,0
8,23,4,2833.98411581442,894.482835548313,0,0,0,122,0,0,0
8,23,5,2889.34607626241,689.025850692992,0,0,0,78,0,0,0
8,23,6,2993.73532569601,1357.84975642075,0,0,0,94,0,0,0
8,23,7,20563.3468789749,5657.05942172038,24,0,0,227,0,0,0
8,23,8,0,9,0,0,0,0,0,0,0
8,24,1,2788.79899811841,1250.68581655403,0,0,0,102,0,0,0
8,24,2,2771.22687960434,867.09382463896,0,0,0,156,0,0,0
8,24,3,2762.76838525831,901.206453316951,0,0,0,36,0,0,0
8,24,4,2835.34127421442,1003.27782881852,0,0,0,89,0,0,0
8,24,5,2893.68424304641,1267.85224050042,0,0,0,68,0,0,0
8,24,6,3011.39249561602,1789.25934781278,0,0,0,135,0,0,0
8,24,7,20581.7964789749,6970.32926863357,77,0,0,163,0,0,0
8,24,8,0,9,0,0,0,0,0,0,0
8,25,1,2806.99941601281,1618.554894023,0,0,0,125,0,0,0
8,25,2,2773.92402156504,1069.39814884591,0,0,0,86,0,0,0
8,25,3,2770.23252093831,1252.90585871369,0,0,0,90,0,0,0
8,25,4,2839.07990026242,1421.12770496264,0,0,0,100,0,0,0
8,25,5,2914.75300620289,1032.10450259798,0,0,0,126,0,0,0
8,25,6,3058.77877268482,1338.07468905389,0,0,0,178,0,0,0
8,25,7,20650.5932646184,9366.44545646594,47,0,0,236,0,0,0
8,25,8,0,9,0,0,0,0,0,0,0
8,26,1,2821.13329377281,1187.50656760114,0,0,0,161,0,0,0
8,26,2,2775.72342057944,711.305629690773,0,0,0,106,0,0,0
8,26,3,2767.18561661831,1617.10571140471,0,0,0,125,0,0,0
8,26,4,2846.12824586242,940.696947465168,0,0,0,142,0,0,0
8,26,5,2920.8550887629,1336.95887930386,0,0,0,103,0,0,0
8,26,6,3077.00802836482,870.123421403981,0,0,0,133,0,0,0
8,26,7,20678.6701644584,6450.73852962636,39,0,0,186,0,0,0
8,26,8,0,9,0,0,0,0,0,0,0
8,27,1,2813.18477537281,1291.60204587036,83,0,0,35,0,0,0
8,27,2,2756.34101564376,1516.44660981631,48,0,0,23,0,0,0
8,27,3,2761.13774613383,1399.58234926261,90,0,0,71,0,0,0
8,27,4,2834.84940503041,1354.62261097257,53,0,0,41,0,0,0
8,27,5,2924.59426879489,974.183110380536,54,0,0,79,0,0,0
8,27,6,3076.57195847682,702.764766697335,46,0,0,41,0,0,0
8,27,7,20747.6408768459,7271.27496782096,276,0,0,305,0,0,11
8,27,8,0,9,0,0,0,0,0,0,0
8,28,1,2823.35825293313,1172.50457224851,0,0,0,129,0,0,0
8,28,2,2767.05451799512,1072.89446802782,0,0,0,151,0,0,0
8,28,3,2766.29118536583,1095.79014631423,0,0,0,139,0,0,0
8,28,4,2847.99040735233,1179.40306411463,0,0,0,135,0,0,0
8,28,5,2927.40812863489,913.074227405568,0,0,0,97,0,0,0
8,28,6,3079.00820807682,1325.11903413559,0,0,0,70,0,0,0
8,28,7,20744.5250010059,7396.59031589123,117,0,0,165,0,0,0
8,28,8,0,9,0,0,0,0,0,0,0
8,29,1,2836.76608612353,1079.02340017166,0,0,0,117,0,0,0
8,29,2,2780.89544658811,987.85631372103,0,0,0,107,0,0,0
8,29,3,2776.58398988371,1525.56828577904,0,0,0,109,0,0,0
8,29,4,2865.00831989352,1290.52270691131,0,0,0,117,0,0,0
8,29,5,2936.98963417089,990.941292892488,0,0,0,91,0,0,0
8,29,6,3108.9007688868,943.748452747661,0,0,0,132,0,0,0
8,29,7,20757.6480472666,3917.99915222335,102,0,0,172,0,0,0
8,29,8,0,9,0,0,0,0,0,0,0
8,30,1,2837.25772787714,1752.14777788192,0,0,0,107,0,0,0
8,30,2,2778.9839157849,1069.08197670874,0,0,0,98,0,0,0
8,30,3,2793.81165813843,912.022377584301,0,0,0,151,0,0,0
8,30,4,2871.88813987432,1380.6858274018,0,0,0,129,0,0,0
8,30,5,2942.5352267981,1103.97914994497,0,0,0,99,0,0,0
8,30,6,3114.13285395991,1119.15845223869,0,0,0,94,0,0,0
8,30,7,20752.6650456665,12519.5338592392,96,0,0,160,0,0,0
8,30,8,0,9,0,0,0,0,0,0,0
8,31,1,2852.28137336834,1068.01673049165,0,0,0,175,0,0,0
8,31,2,2779.701102136,628.602891527898,0,0,0,106,0,0,0
8,31,3,2784.78799994963,1453.46665849646,0,0,0,91,0,0,0
8,31,4,2880.73480468072,844.061456293803,0,0,0,138,0,0,0
8,31,5,2940.79896770561,1130.92105634348,0,0,0,110,0,0,0
8,31,6,3122.72111390231,867.453618013037,0,0,0,111,0,0,0
8,31,7,20752.2371032665,6016.08402893237,36,0,0,204,0,0,0
8,31,8,0,9,0,0,0,0,0,0,0
8,32,1,2842.4289950884,856.193638115428,0,57,0,49,0,0,0
8,32,2,2759.49846320608,1830.04811202261,0,33,0,29,0,0,0
8,32,3,2776.05814602549,784.336994082556,0,82,0,63,0,0,0
8,32,4,2866.47516589672,643.114041347734,0,38,0,46,0,0,0
8,32,5,2929.86532941416,949.656466663001,0,48,0,65,0,0,0
8,32,6,3117.2345500623,1441.02282774635,0,42,0,44,0,0,0
8,32,7,20747.2594853465,12999.5907335161,4,184,0,203,0,0,0
8,32,8,0,9,0,0,0,0,0,0,0
8,33,1,2844.49438086662,1091.89770656678,0,0,0,85,0,0,0
8,33,2,2781.57040391648,1756.66799059683,0,0,0,183,0,0,0
8,33,3,2774.66456714036,1105.44791350993,0,0,0,78,0,0,0
8,33,4,2865.54259271272,849.168084051531,0,0,0,64,0,0,0
8,33,5,2937.73158426216,674.387743848091,0,0,0,94,0,0,0
8,33,6,3141.6072113103,1133.57215020677,0,0,0,144,0,0,0
8,33,7,20767.8688293465,9876.41395900082,28,1,0,198,0,0,0
8,33,8,0,9,0,0,0,0,0,0,0
8,34,1,2857.1401194855,1749.02736286975,0,0,0,109,0,0,0
8,34,2,2810.25072718804,1380.4039665483,0,0,0,175,0,0,0
8,34,3,2784.6461715579,1010.01651890399,0,0,0,110,0,0,0
8,34,4,2873.2774965199,1510.32720612314,0,0,0,84,0,0,0
8,34,5,2939.81150594664,1198.72917612113,0,0,0,67,0,0,0
8,34,6,3159.7541358543,1110.32828383332,0,0,0,113,0,0,0
8,34,7,20790.2868091481,7331.27501799942,30,0,0,190,0,0,0
8,34,8,0,9,0,0,0,0,0,0,0
8,35,1,2888.65780510214,1020.27044014599,7,0,0,156,0,0,0
8,35,2,2838.25525170828,1112.75835419204,0,0,0,138,0,0,0
8,35,3,2793.43805825173,2081.6599954713,0,0,0,101,0,0,0
8,35,4,2903.48703755074,982.823200224132,0,0,0,151,0,0,0
8,35,5,2965.11514216449,812.452916070113,0,0,0,119,0,0,0
8,35,6,3189.94667636246,1491.79527759421,0,0,0,111,0,0,0
8,35,7,20832.4633210997,12602.3465803661,200,0,0,210,0,0,0
8,35,8,0,9,0,0,0,0,0,0,0
8,36,1,2888.67999755225,892.612744072978,0,0,0,102,0,0,0
8,36,2,2836.31716971495,710.929194558502,0,0,0,111,0,0,0
8,36,3,2815.89337198905,1482.71005951813,0,0,0,208,0,0,0
8,36,4,2902.97260558676,1068.52575916404,0,0,0,98,0,0,0
8,36,5,2964.70513145857,1378.42169595922,0,0,0,81,0,0,0
8,36,6,3212.75437898877,1701.27034479378,0,0,0,149,0,0,0
8,36,7,20856.3323130997,8826.57410505314,50,0,0,189,0,0,0
8,36,8,0,9,0,0,0,0,0,0,0
8,37,1,2891.92171791701,1282.65295519548,0,0,0,89,0,0,0
8,37,2,2823.26362386792,1051.70365334785,0,0,0,71,0,0,0
8,37,3,2823.9526875372,1192.16427205112,0,0,0,148,0,0,0
8,37,4,2904.64909914452,568.395632474663,0,0,0,106,0,0,0
8,37,5,2982.30906231195,452.402086738094,0,0,0,137,0,0,0
8,37,6,3242.49725914236,1115.36426234363,0,0,0,170,0,0,0
8,37,7,20881.7272331381,4512.82226266402,69,0,0,191,0,0,0
8,37,8,0,9,0,0,0,0,0,0,0
8,38,1,2900.34283344316,1117.82733405366,0,0,0,128,0,0,0
8,38,2,2823.45916644665,1024.5812762882,0,0,0,105,0,0,0
8,38,3,2827.02704283466,2144.80245003583,0,0,0,119,0,0,0
8,38,4,2893.03582255034,1032.15920202148,0,0,0,56,0,0,0
8,38,5,2970.26226440455,1255.90707061414,0,0,0,45,0,0,0
8,38,6,3258.87882257041,888.144051319189,0,0,0,111,0,0,0
8,38,7,20900.2198308981,6114.88867009526,117,0,0,155,0,0,1
8,38,8,0,9,0,0,0,0,0,0,0
8,39,1,2902.87688700242,1725.34158528791,0,0,0,111,0,0,0
8,39,2,2814.6569530018,1369.25441191242,0,0,0,102,0,0,0
8,39,3,2833.95862250928,772.960948027461,4,0,0,178,0,0,0
8,39,4,2890.34913404776,611.775371620584,0,0,0,103,0,0,0
8,39,5,2973.01762094138,1407.29519824018,0,0,0,125,0,0,0
8,39,6,3266.08403514001,1611.41458093798,0,0,0,88,0,0,0
8,39,7,20925.9619574901,8557.35653339699,52,0,0,214,0,0,0
8,39,8,0,9,0,0,0,0,0,0,0
8,40,1,2926.31872461138,1166.14712441676,0,0,0,172,0,0,0
8,40,2,2819.80498883077,954.982518332655,0,0,0,136,0,0,0
8,40,3,2827.73583589832,914.019445078576,0,0,0,77,0,0,0
8,40,4,2883.72862420416,1355.85420639495,0,0,0,61,0,0,0
8,40,5,2988.89916877489,1332.83309467897,0,0,0,140,0,0,0
8,40,6,3300.04045994641,1687.33553929066,0,0,0,161,0,0,0
8,40,7,20973.3034472565,5814.7781553591,36,0,0,208,0,0,0
8,40,8,0,9,0,0,0,0,0,0,0
8,41,1,2932.84662720997,1029.4167383493,0,0,0,116,0,0,0
8,41,2,2815.35154708587,1298.65537974165,0,0,0,95,0,0,0
8,41,3,2816.40203579258,472.823790792933,0,0,0,91,0,0,0
8,41,4,2885.82635727746,2085.60724422071,0,0,0,135,0,0,0
8,41,5,2995.9541383155,970.666067468042,0,0,0,133,0,0,0
8,41,6,3333.29898690394,1125.0166054252,0,0,0,168,0,0,0
8,41,7,20995.26145957,6016.47431072134,54,0,0,203,0,0,0
8,41,8,0,9,0,0,0,0,0,0,0
8,42,1,2935.8005588721,480.834571420984,0,0,0,102,0,0,0
8,42,2,2819.82621647693,772.114189519946,0,0,0,129,0,0,0
8,42,3,2795.27537934709,1516.20020399466,0,0,0,47,0,0,0
8,42,4,2901.53637189285,1453.43165163738,0,0,0,208,0,0,0
8,42,5,2995.09325754176,1056.8202315238,0,0,0,97,0,0,0
8,42,6,3346.0465521074,2362.04070701497,0,0,0,112,0,0,0
8,42,7,21009.4808675444,7169.67212619313,60,0,0,210,0,0,0
8,42,8,0,9,0,0,0,0,0,0,0
8,43,1,2929.25969923799,1432.74947775557,0,0,0,48,0,0,0
8,43,2,2811.08377985869,1542.11002819575,0,0,0,77,0,0,0
8,43,3,2805.70795036456,881.42699874252,0,0,0,151,0,0,0
8,43,4,2909.63909159879,1391.64821394017,0,0,0,145,0,0,0
8,43,5,2999.7247384311,1089.70193628675,0,0,0,105,0,0,0
8,43,6,3377.61865494034,1631.53634227203,0,5,0,178,0,0,0
8,43,7,21044.0928565363,8118.47623844386,0,61,0,235,0,0,0
8,43,8,0,9,0,0,0,0,0,0,0
8,44,1,2917.2443744785,716.787285544594,0,108,0,35,0,0,0
8,44,2,2802.39038976927,1227.1227572208,0,83,0,71,0,0,0
8,44,3,2782.56964049417,1560.04336601026,0,47,0,41,0,0,0
8,44,4,2884.21666529409,1046.56427684677,0,83,0,56,0,0,0
8,44,5,2989.08068679488,1099.15829997613,0,69,0,39,0,0,0
8,44,6,3383.73300821522,960.551631657717,0,87,0,76,0,0,0
8,44,7,21067.3995158643,9574.23559623947,7,191,0,176,0,0,0
8,44,8,0,9,0,0,0,0,0,0,0
8,45,1,2924.64727446698,883.351357700395,0,0,0,71,0,0,0
8,45,2,2811.76713580885,1303.38082360837,0,0,0,122,0,0,0
8,45,3,2794.66973068669,1546.35670469933,0,0,0,156,0,0,0
8,45,4,2881.39344935369,1355.23555412335,0,0,0,104,0,0,0
8,45,5,2999.7248704288,616.755402156828,0,0,0,109,0,0,0
8,45,6,3403.34397403052,1273.96365197581,0,0,0,96,0,0,0
8,45,7,21115.5489333363,6295.00472510902,27,0,0,246,0,0,0
8,45,8,0,9,0,0,0,0,0,0,0
8,46,1,2941.22841673382,1212.44016610363,0,0,0,88,0,0,0
8,46,2,2831.85567800699,944.36390147279,0,0,0,130,0,0,0
8,46,3,2814.95237799695,1766.15260530046,0,0,0,154,0,0,0
8,46,4,2901.78951598766,779.92257267542,0,0,0,135,0,0,0
8,46,5,2999.53746101589,956.041709881562,0,0,0,61,0,0,0
8,46,6,3444.97556071099,2709.65208826373,0,0,0,127,0,0,0
8,46,7,21166.5285118271,6268.46701697308,61,0,0,181,0,0,0
8,46,8,0,9,0,0,0,0,0,0,0
8,47,1,2966.79379560327,1297.82998997081,0,0,0,121,0,0,0
8,47,2,2836.09860557711,1687.5310574927,0,0,0,94,0,0,0
8,47,3,2849.30845526722,1448.78818466004,0,0,0,176,0,0,0
8,47,4,2906.85590166409,1265.94686566901,0,0,0,77,0,0,0
8,47,5,3015.60643622154,776.429926658404,0,0,0,95,0,0,0
8,47,6,3508.35668012608,1538.65282243022,4,0,0,232,0,0,0
8,47,7,21228.4499868991,6276.77378015532,51,0,0,191,0,0,0
8,47,8,0,9,0,0,0,0,0,0,0
8,48,1,2976.19804790811,1233.43167312561,0,0,0,129,0,0,0
8,48,2,2853.98791025223,915.480357404609,1,0,0,160,0,0,0
8,48,3,2851.34736742632,1192.271088536,0,0,0,144,0,0,0
8,48,4,2915.80716248355,853.928998405189,0,0,0,126,0,0,0
8,48,5,3014.99192154075,1120.67813615511,0,0,0,77,0,0,0
8,48,6,3538.19454840794,1660.44069630317,0,0,0,153,0,0,0
8,48,7,21268.2048924991,11659.325007581,74,0,0,201,0,0,1
8,48,8,0,9,0,0,0,0,0,0,0
8,49,1,2985.33479398123,1049.16217657668,0,0,0,123,0,0,0
8,49,2,2854.45377425639,968.498327571295,0,0,0,91,0,0,0
8,49,3,2850.40133602969,1509.73904441306,0,0,0,119,0,0,0
8,49,4,2911.74855188156,1765.2417611836,0,0,0,85,0,0,0
8,49,5,3019.06316555841,2070.90493878176,0,0,0,112,0,0,0
8,49,6,3565.94620510907,1453.72777079164,0,0,0,166,0,0,0
8,49,7,21313.9895813234,14348.3776451281,45,0,0,216,0,0,0
8,49,8,0,9,0,0,0,0,0,0,0
8,50,1,2990.22677132011,868.106987590613,0,0,0,104,0,0,0
8,50,2,2853.170318103,1670.54531758957,0,0,0,96,0,0,0
8,50,3,2857.5578881207,1097.21433399688,0,0,0,150,0,0,0
8,50,4,2924.33556237668,1111.29258648087,0,0,0,176,0,0,0
8,50,5,3038.55424223768,1544.97101577271,0,0,0,191,0,0,1
8,50,6,3594.91450340537,859.320536959168,0,0,0,145,0,0,0
8,50,7,21362.0860628082,8647.631874628,34,0,0,241,0,0,2
8,50,8,0,9,0,0,0,0,0,0,0
8,51,1,2989.99503843314,1003.45690619553,0,0,0,86,0,0,0
8,51,2,2872.55476231436,966.553809504256,0,0,0,167,0,0,0
8,51,3,2856.98071935097,807.432125018257,0,0,0,109,0,0,0
8,51,4,2933.69510914606,841.993634273391,0,0,0,111,0,0,0
8,51,5,3070.44421193577,1604.03530522691,0,0,0,154,0,0,0
8,51,6,3597.20403881145,1335.71906132335,0,0,0,85,0,0,0
8,51,7,21419.3897280626,8001.75172270095,120,0,0,252,0,0,0
8,51,8,0,9,0,0,0,0,0,0,0
8,52,1,2969.21635740945,1052.28895804187,97,0,0,3,0,0,0
8,52,2,2855.40995733233,1339.51426170608,50,0,0,46,0,0,0
8,52,3,2839.90955653899,2124.07250327101,44,0,0,36,0,0,0
8,52,4,2921.83845348869,1148.5981674912,42,0,0,42,0,0,0
8,52,5,3072.92561919284,2027.65062778055,85,0,0,75,0,0,0
8,52,6,3603.06440858809,1641.69910290881,73,0,0,60,0,0,0
8,52,7,21507.4278816062,7935.1617057839,412,0,0,388,0,0,0
8,52,8,0,9,0,0,0,0,0,0,0
8,53,1,2967.77936865804,1645.19408199685,0,0,0,105,0,0,0
8,53,2,2863.24232412334,756.252923187089,1,0,0,132,0,0,0
8,53,3,2845.7894582321,1311.7762047769,41,0,0,142,0,0,0
8,53,4,2919.52256356664,1157.31934760209,0,0,0,114,0,0,0
8,53,5,3100.07516590363,790.293943393301,31,0,0,150,0,0,0
8,53,6,3632.5985642322,1854.7666690196,16,0,0,136,0,0,0
8,53,7,21536.4012345007,6842.77711771873,220,2,0,187,0,0,11
8,53,8,0,9,0,0,0,0,0,0,0
8,54,1,2974.27891200903,1755.34093024165,14,0,0,132,0,0,0
8,54,2,2854.71562327406,1535.93749994962,0,0,0,75,0,0,0
8,54,3,2850.15148847322,1085.1488060091,0,0,0,131,0,0,0
8,54,4,2916.45509724973,1147.61636318775,0,0,0,115,0,0,0
8,54,5,3103.29941548425,1218.81419015405,0,0,0,79,0,0,0
8,54,6,3663.0491589327,918.761761624022,20,0,0,141,0,0,0
8,54,7,21570.5187085834,8162.37025863297,187,1,0,182,0,0,0
8,54,8,0,9,0,0,0,0,0,0,0
8,55,1,2992.97420348707,871.692416447308,0,0,0,175,0,0,0
8,55,2,2861.0392138845,1049.55820006111,0,0,0,153,0,0,0
8,55,3,2848.08900934572,1317.22230547141,0,0,0,108,0,0,0
8,55,4,2917.32732609729,1255.14939066358,0,0,0,114,0,0,0
8,55,5,3119.69464741143,1949.41259930078,0,0,0,121,0,0,0
8,55,6,3683.90467006917,1798.66641500433,0,0,0,91,0,0,0
8,55,7,21618.7932833495,6874.33765869582,72,0,0,191,0,0,0
8,55,8,0,9,0,0,0,0,0,0,0
8,56,1,2988.56084247945,1470.217625077,0,0,0,87,0,0,0
8,56,2,2859.19823459581,1266.01176213936,0,0,0,104,0,0,0
8,56,3,2858.65156479636,1401.61246114354,0,0,0,131,0,0,0
8,56,4,2921.15252387562,1147.99208555714,0,0,0,125,0,0,0
8,56,5,3153.60323267761,820.897038271337,0,9,0,167,0,0,0
8,56,6,3735.39709153674,1019.78919005459,0,9,0,153,0,0,0
8,56,7,21666.7901398161,6511.8392745168,0,174,0,175,0,0,0
8,56,8,0,9,0,0,0,0,0,0,0
8,57,1,3010.86031342031,1230.83554097754,0,0,0,147,0,0,0
8,57,2,2868.7336012311,1304.37392594366,0,0,0,126,0,0,0
8,57,3,2882.59587645067,1698.01830622199,0,0,0,140,0,0,0
8,57,4,2947.40170253893,796.674306528093,0,0,0,114,0,0,0
8,57,5,3168.64843192238,2090.51816322677,0,0,0,82,0,0,0
8,57,6,3781.227771484,1821.90991871865,0,0,0,101,0,0,0
8,57,7,21764.8435562611,9589.36548281462,25,0,0,235,0,0,0
8,57,8,0,9,0,0,0,0,0,0,0
8,58,1,3025.34530959578,1700.44474995188,0,0,0,123,0,0,0
8,58,2,2872.17809570177,1275.29444749814,0,0,0,130,0,0,0
8,58,3,2904.48198636738,1200.68129276301,0,0,0,169,0,0,0
8,58,4,2951.03259314984,2198.07568613654,0,0,0,79,0,0,0
8,58,5,3224.89450040571,1011.10782324186,0,0,0,208,0,0,0
8,58,6,3851.34354464567,1866.04893062917,0,0,0,179,0,0,0
8,58,7,21833.3392296446,13788.1821646648,0,42,0,166,0,0,0
8,58,8,0,9,0,0,0,0,0,0,0
8,59,1,3017.10333544004,998.225791724156,0,22,0,137,0,0,0
8,59,2,2871.08114849495,1143.81032155428,0,1,0,126,0,0,0
8,59,3,2891.69802594135,1031.22965490764,0,0,0,120,0,0,0
8,59,4,2956.0725774862,985.354728973516,0,49,0,146,0,0,0
8,59,5,3219.87215148698,1727.04408439998,0,0,0,101,0,0,0
8,59,6,3878.70591873348,1295.34577421496,0,22,0,153,0,0,0
8,59,7,21867.6896747456,8729.26710548962,8,275,0,212,0,0,0
8,59,8,0,9,0,0,0,0,0,0,0
8,60,1,3014.31391506741,1133.76432955028,0,0,0,99,0,0,0
8,60,2,2867.92592352092,1086.80791829069,0,0,0,114,0,0,0
8,60,3,2870.23336984429,969.514240015203,0,0,0,103,0,0,0
8,60,4,2939.35876136128,639.44294776405,0,0,0,98,0,0,0
8,60,5,3249.17129890401,1481.09093885924,0,0,0,172,0,0,0
8,60,6,3899.98820048962,2001.96382021121,0,0,0,129,0,0,0
8,60,7,21938.5360217524,6345.57725588821,0,279,0,281,0,0,5
8,60,8,0,9,0,0,0,0,0,0,0
8,61,1,2986.48223047943,1574.25897983558,0,108,0,5,0,0,0
8,61,2,2845.08717301166,806.550569932016,0,52,0,56,0,0,0
8,61,3,2844.14271783908,805.40047079244,0,57,0,39,0,0,0
8,61,4,2906.17886444114,759.818629910439,0,28,0,35,0,0,0
8,61,5,3239.80471166197,999.878514599715,0,66,0,82,0,0,0
8,61,6,3913.93130882117,1530.07822572843,0,89,0,111,0,0,0
8,61,7,22007.6406491492,8866.00824558869,0,270,0,285,0,0,5
8,61,8,0,9,0,0,0,0,0,0,0
8,62,1,3006.59256644775,956.754206958819,0,0,0,157,0,0,0
8,62,2,2840.165957594,961.935899667752,0,0,0,80,0,0,0
8,62,3,2837.70749475511,1151.36819167784,0,0,0,80,0,0,0
8,62,4,2904.65760302093,975.733272426597,0,0,0,75,0,0,0
8,62,5,3250.93647870795,1827.25206900279,0,0,0,99,0,0,0
8,62,6,3958.44762504454,2723.68555793852,0,0,0,153,0,0,0
8,62,7,22071.311945223,9777.42171483355,25,0,0,228,0,0,0
8,62,8,0,9,0,0,0,0,0,0,0
8,63,1,3016.43323537349,1419.22827154097,0,0,0,95,0,0,0
8,63,2,2843.61620182471,466.408628856126,0,0,0,96,0,0,0
8,63,3,2839.15093167595,649.039233572138,0,0,0,115,0,0,0
8,63,4,2908.87880370335,1087.82716493813,0,0,0,97,0,0,0
8,63,5,3282.6872701707,2059.8184210432,0,0,0,182,0,0,0
8,63,6,4032.76606474447,1990.90556763072,1,0,0,234,0,0,0
8,63,7,22130.5098617507,4909.58635911331,24,0,0,206,0,0,0
8,63,8,0,9,0,0,0,0,0,0,0
8,64,1,3029.65570133165,1592.02270233637,0,0,0,141,0,0,0
8,64,2,2831.92940801243,1206.07138712157,0,0,0,46,0,0,0
8,64,3,2829.91687404556,827.061007288656,0,0,0,64,0,0,0
8,64,4,2909.31220276152,864.639645724578,0,0,0,108,0,0,0
8,64,5,3317.55622181338,1485.0026194975,1,0,0,188,0,0,0
8,64,6,4107.2025118165,1390.32016086131,0,0,0,199,0,0,0
8,64,7,22166.0224987811,10031.4198559604,31,0,0,180,0,0,0
8,64,8,0,9,0,0,0,0,0,0,0
8,65,1,3058.28075386348,1009.97141694747,0,0,0,159,0,0,0
8,65,2,2842.31842238747,942.104541687378,0,0,0,120,0,0,0
8,65,3,2829.76880874455,1215.6165635153,0,0,0,82,0,0,0
8,65,4,2912.45549807515,1533.22576973434,0,0,0,86,0,0,0
8,65,5,3332.75916280735,1696.40574047169,0,0,0,148,0,0,0
8,65,6,4159.10097852667,1412.89335722254,0,0,0,139,0,0,0
8,65,7,22221.1172652648,12093.820078086,34,0,0,199,0,0,0
8,65,8,0,9,0,0,0,0,0,0,0
8,66,1,3061.223067265,998.297194143352,0,0,0,100,0,0,0
8,66,2,2851.31296369854,397.293713584077,0,0,0,94,0,0,0
8,66,3,2831.8201505504,1153.83761215166,0,0,0,121,0,0,0
8,66,4,2931.44649780843,909.246622576439,0,0,0,153,0,0,0
8,66,5,3373.03464459469,1438.57769308093,0,0,0,169,0,0,0
8,66,6,4193.51186214877,1872.3915248611,0,0,0,141,0,0,0
8,66,7,22280.4768954562,2902.80370484794,31,0,0,205,0,0,0
8,66,8,0,9,0,0,0,0,0,0,0
8,67,1,3046.41719245204,722.973625240713,58,0,0,41,0,0,0
8,67,2,2826.30778885098,554.54209689256,20,0,0,19,0,0,0
8,67,3,2812.92704542999,1527.11405550329,60,0,0,55,0,0,0
8,67,4,2909.87849640305,864.824968820093,59,0,0,31,0,0,0
8,67,5,3366.68939614296,667.110083169341,75,0,0,68,0,0,0
8,67,6,4197.43751433359,1307.03402978527,95,0,0,92,0,0,0
8,67,7,22283.8086954997,6383.23708389867,140,0,0,150,0,0,0
8,67,8,0,9,0,0,0,0,0,0,0
8,68,1,3038.61545599251,790.872410581961,0,0,0,72,0,0,0
8,68,2,2823.90143467656,1343.67599497688,0,0,0,55,0,0,0
8,68,3,2821.36050537448,1209.58028520413,0,0,0,152,0,0,0
8,68,4,2912.19797054059,1185.57245592148,0,0,0,86,0,0,0
8,68,5,3380.74090384394,2107.3012643996,0,0,0,66,0,0,0
8,68,6,4241.94040108871,1247.68999045339,0,0,0,130,0,0,0
8,68,7,22327.3526240981,6962.37203809488,31,0,0,211,0,0,0
8,68,8,0,9,0,0,0,0,0,0,0
8,69,1,3034.66037855207,513.903577375996,0,0,0,79,0,0,0
8,69,2,2825.96287024103,1115.12917396026,0,0,0,134,0,0,0
8,69,3,2819.47696767949,777.857440267467,0,0,0,120,0,0,0
8,69,4,2924.06692093022,2264.26953177536,0,0,0,118,0,0,0
8,69,5,3410.25660634703,1145.1084923201,0,29,0,132,0,0,0
8,69,6,4286.62043615136,3508.25270359398,0,0,0,124,0,0,0
8,69,7,22333.2140705492,6932.38489560544,0,180,0,209,0,0,0
8,69,8,0,9,0,0,0,0,0,0,0
8,70,1,3016.47836134718,1132.78880113505,0,0,0,51,0,0,0
8,70,2,2828.98686930229,775.403192202789,0,0,0,111,0,0,0
8,70,3,2807.57884066295,1343.99125346329,0,0,0,77,0,0,0
8,70,4,2947.45603793426,828.444653647922,2,0,0,185,0,0,0
8,70,5,3423.3116594915,1272.61365339801,0,0,0,114,0,0,0
8,70,6,4373.11334162128,2503.98561896033,7,0,0,220,0,0,0
8,70,7,22357.1964612636,5977.82415915221,31,0,0,195,0,0,0
8,70,8,0,9,0,0,0,0,0,0,0
8,71,1,3039.15817724519,1155.10160626966,0,0,0,113,0,0,0
8,71,2,2815.20463422625,1344.73656599186,0,0,0,77,0,0,0
8,71,3,2812.79531577015,1094.25135138149,0,0,0,134,0,0,0
8,71,4,2956.16438603503,1285.71964417942,0,0,0,82,0,0,0
8,71,5,3452.31055656153,983.151327241417,0,0,0,127,0,0,0
8,71,6,4486.02998854519,2304.76966845406,2,0,0,212,0,0,0
8,71,7,22405.6598006779,12755.0719455699,24,0,0,210,0,0,0
8,71,8,0,9,0,0,0,0,0,0,0
8,72,1,3048.29382138073,1676.61203286021,0,0,0,115,0,0,0
8,72,2,2819.27824936604,1137.48181903246,0,0,0,134,0,0,0
8,72,3,2817.87258365308,1491.48219856608,0,0,0,109,0,0,0
8,72,4,2975.27141573676,819.922208934674,0,0,0,128,0,0,0
8,72,5,3475.33485821062,1179.59572863972,0,0,0,98,0,0,0
8,72,6,4565.33414291583,2076.41165044726,0,0,0,208,0,0,0
8,72,7,22462.1425604586,12486.3695170422,8,15,0,237,0,0,0
8,72,8,0,9,0,0,0,0,0,0,0
8,73,1,3055.92672968815,672.762554157078,0,0,0,167,0,0,0
8,73,2,2810.2466708964,856.125787593083,0,0,0,113,0,0,0
8,73,3,2823.76576627462,909.584895322105,0,0,0,149,0,0,0
8,73,4,2962.75965497176,716.745533759287,0,0,0,81,0,0,0
8,73,5,3489.63828802147,468.760102239429,0,0,0,117,0,0,0
8,73,6,4626.10744960258,2429.6874680823,0,9,0,164,0,0,0
8,73,7,22508.3134781705,6210.85891960359,0,209,0,255,0,0,0
8,73,8,0,9,0,0,0,0,0,0,0
8,74,1,3054.42687155948,1250.41015771216,0,0,0,67,0,0,0
8,74,2,2812.51464835038,1216.64052029876,0,0,0,85,0,0,0
8,74,3,2818.15178759523,1460.8619463602,0,0,0,90,0,0,0
8,74,4,2951.2633830833,1042.2017330172,0,0,0,71,0,0,0
8,74,5,3489.32769917711,894.954349879991,0,0,0,46,0,0,0
8,74,6,4729.15825153652,2151.77948530871,0,2,0,198,0,0,0
8,74,7,22662.5181741855,14521.5990100747,0,18,0,298,0,0,0
8,74,8,0,9,0,0,0,0,0,0,0
8,75,1,3059.92673839162,1183.82593961029,0,0,0,125,0,0,0
8,75,2,2815.79536753321,1013.30159205925,0,0,0,121,0,0,0
8,75,3,2825.10141218746,1105.49413177009,0,0,0,146,0,0,0
8,75,4,2945.98948697421,1175.95535241788,0,0,0,104,0,0,0
8,75,5,3493.32901212982,1649.81243058257,0,0,0,89,0,0,0
8,75,6,4790.38125821397,2780.48936598128,0,1,0,196,0,0,0
8,75,7,22706.0069114623,13465.5775954684,0,73,0,207,0,0,0
8,75,8,0,9,0,0,0,0,0,0,0
8,76,1,3048.70107050551,1849.08239789753,0,16,0,99,0,0,0
8,76,2,2810.0280845678,1098.95254449063,0,0,0,101,0,0,0
8,76,3,2814.62812046969,1010.10494408046,0,12,0,96,0,0,0
8,76,4,2955.88066858694,1071.96400360373,0,22,0,91,0,0,0
8,76,5,3508.51194108318,1501.07195636181,0,49,0,106,0,0,0
8,76,6,4831.74768623568,2103.96669272944,0,129,0,123,0,0,0
8,76,7,22756.8397993216,15974.1858347523,8,210,0,171,0,0,3
8,76,8,0,9,0,0,0,0,0,0,0
8,77,1,3059.04266419171,1112.10957368711,0,0,0,184,0,0,0
8,77,2,2801.68522817782,1305.70222197949,0,0,0,109,0,0,0
8,77,3,2790.63848742476,874.814781667776,0,0,0,101,0,0,0
8,77,4,2946.70394370278,912.635191644063,0,0,0,107,0,0,0
8,77,5,3526.26352415318,1984.22173605358,0,0,0,150,0,0,0
8,77,6,4897.03311611316,1691.98225888489,0,0,0,205,0,0,0
8,77,7,22817.9052924652,13810.5846243902,26,1,0,307,0,0,0
8,77,8,0,9,0,0,0,0,0,0,0
8,78,1,3064.48613438966,814.1949521817,0,0,0,111,0,0,0
8,78,2,2810.05441457367,747.119623009026,0,0,0,130,0,0,0
8,78,3,2779.2254312397,1059.247916571,0,0,0,87,0,0,0
8,78,4,2947.36735854884,1014.3118029963,0,0,0,91,0,0,0
8,78,5,3570.36815585937,1835.6140487985,0,2,0,163,0,0,0
8,78,6,4980.09393827775,2269.24784808994,0,0,0,169,0,0,0
8,78,7,22909.6726378628,7555.17509881263,0,98,0,202,0,0,0
8,78,8,0,9,0,0,0,0,0,0,0
8,79,1,3051.15893524964,1302.6770215415,0,0,0,81,0,0,0
8,79,2,2783.66031792184,1163.91706918459,0,3,0,71,0,0,0
8,79,3,2753.1518258599,621.112227913023,0,3,0,102,0,0,0
8,79,4,2934.38405343899,976.487097736872,0,2,0,99,0,0,0
8,79,5,3574.46845179393,1553.10559503072,0,57,0,115,0,0,0
8,79,6,5039.7617539707,2040.6866035594,0,78,0,133,0,0,0
8,79,7,23047.2118942119,9965.14574992848,0,325,0,365,0,0,0
8,79,8,0,9,0,0,0,0,0,0,0
8,80,1,3061.02991472847,822.169857769783,0,0,0,130,0,0,0
8,80,2,2779.58573907426,1058.73720388655,0,0,0,116,0,0,0
8,80,3,2734.27471496704,797.062047705049,0,0,0,62,0,0,0
8,80,4,2930.97393801883,1522.36271848569,0,0,0,97,0,0,0
8,80,5,3594.12450087014,2050.05056281213,0,6,0,140,0,0,0
8,80,6,5113.2561899974,2403.23674499676,0,14,0,173,0,0,0
8,80,7,23128.8610894765,9129.9569246683,0,311,0,298,0,0,0
8,80,8,0,9,0,0,0,0,0,0,0
8,81,1,3059.05148107345,1058.17812703772,0,0,0,82,0,0,0
8,81,2,2785.85381841894,1114.09187492971,0,0,0,105,0,0,0
8,81,3,2729.74507770137,754.588651070862,0,0,0,79,0,0,0
8,81,4,2951.72050378383,959.316672469708,0,8,0,135,0,0,0
8,81,5,3650.6218861025,1135.90340590927,0,20,0,161,0,0,0
8,81,6,5213.31770797019,2505.33062595486,0,39,0,158,0,0,0
8,81,7,23283.4898420815,5003.06257767798,0,286,0,310,0,0,0
8,81,8,0,9,0,0,0,0,0,0,0
8,82,1,3050.11920054704,594.777719106394,0,0,0,105,0,0,0
8,82,2,2777.36624696948,1888.38235601868,0,0,0,111,0,0,0
8,82,3,2716.29157315313,1177.16850768995,0,0,0,75,0,0,0
8,82,4,2949.04512839429,1093.10579528518,0,0,0,95,0,0,0
8,82,5,3665.93974341507,1969.6491259941,0,0,0,113,0,0,0
8,82,6,5272.94318744894,1459.58191065792,0,21,0,163,0,0,0
8,82,7,23331.3013783222,10659.1536868892,0,85,0,151,0,0,0
8,82,8,0,9,0,0,0,0,0,0,0
8,83,1,3031.07318608654,1526.09960860637,0,0,0,59,0,0,0
8,83,2,2787.17522977199,1066.83593224876,0,4,0,154,0,0,0
8,83,3,2715.56821142622,782.596100875996,0,0,0,117,0,0,0
8,83,4,2951.28150901025,1229.3780115718,0,0,0,109,0,0,0
8,83,5,3727.98859539586,1762.85111296896,0,2,0,175,0,0,0
8,83,6,5368.85056873486,2233.88819165083,0,0,0,145,0,0,0
8,83,7,23443.7103691741,9179.50170692205,0,110,0,204,0,0,0
8,83,8,0,9,0,0,0,0,0,0,0
8,84,1,2999.13391181652,1017.81822901029,0,139,0,13,0,0,0
8,84,2,2767.8991644262,1529.82465504309,0,54,0,52,0,0,0
8,84,3,2684.36632224353,1215.89581656956,0,38,0,40,0,0,0
8,84,4,2936.3918365597,1256.18305609508,0,62,0,60,0,0,0
8,84,5,3738.8065426289,1630.75413644789,0,80,0,96,0,0,0
8,84,6,5406.4705204363,1149.3646402536,0,127,0,96,0,0,0
8,84,7,23662.5953800452,7582.41584631163,1,425,0,413,0,0,0
8,84,8,0,9,0,0,0,0,0,0,0
8,85,1,3013.69303236548,1327.10490400413,0,0,0,101,0,0,0
8,85,2,2797.4019293248,1426.93161232156,0,0,0,152,0,0,0
8,85,3,2696.47600600857,1273.27119046275,0,0,0,121,0,0,0
8,85,4,2968.63737342771,796.749627870712,0,0,0,125,0,0,0
8,85,5,3804.38709672026,2157.57196200278,0,0,0,163,0,0,0
8,85,6,5482.86155049251,2648.89536942111,0,0,0,114,0,0,0
8,85,7,23808.7970828838,11588.0901444584,24,0,0,265,0,0,0
8,85,8,0,9,0,0,0,0,0,0,0
8,86,1,3032.42737256087,1111.72494454204,0,0,0,132,0,0,0
8,86,2,2814.02661417623,909.483685492679,0,0,0,142,0,0,0
8,86,3,2705.64746048077,946.933831058871,0,0,0,127,0,0,0
8,86,4,2978.0206896282,1217.05491190321,0,0,0,79,0,0,0
8,86,5,3866.41628860083,1742.99474203455,0,0,0,195,0,0,0
8,86,6,5632.53939474764,2077.66535916995,0,0,0,264,0,0,0
8,86,7,23916.7705250667,13147.2605178173,26,0,0,216,0,0,0
8,86,8,0,9,0,0,0,0,0,0,0
8,87,1,3036.97152739069,618.699631304481,0,0,0,111,0,0,0
8,87,2,2807.37177186707,1249.144909296,0,0,0,90,0,0,0
8,87,3,2702.75143597744,768.776820787676,0,0,0,94,0,0,0
8,87,4,2986.68920997958,1308.26568555227,0,0,0,121,0,0,0
8,87,5,3902.52826725149,793.312145649595,0,0,0,174,0,0,0
8,87,6,5734.47475992256,2189.63786817811,0,0,0,207,0,0,0
8,87,7,23986.9219425246,5882.54830980069,21,1,0,260,0,0,0
8,87,8,0,9,0,0,0,0,0,0,0
8,88,1,3028.72790432923,890.872081086134,0,0,0,61,0,0,0
8,88,2,2828.77530710884,1669.63013867383,0,0,0,124,0,0,0
8,88,3,2699.94036807962,1248.63409770928,0,0,0,76,0,0,0
8,88,4,3009.94610191378,894.106184456059,0,0,0,130,0,0,0
8,88,5,3924.47377042604,1882.09621005519,0,0,0,79,0,0,0
8,88,6,5851.81531138563,1493.33830355231,29,0,0,158,0,0,0
8,88,7,24128.3090879539,9446.9409771962,167,0,0,237,0,0,0
8,88,8,0,9,0,0,0,0,0,0,0
8,89,1,3037.18619313081,1549.77647946342,0,0,0,89,0,0,0
8,89,2,2858.10029282818,1250.74632218418,0,0,0,166,0,0,0
8,89,3,2714.34652031747,1187.83317418536,0,0,0,124,0,0,0
8,89,4,3009.69103120984,1209.56533497191,0,0,0,89,0,0,0
8,89,5,3972.68972735326,2507.81550008089,0,0,0,179,0,0,0
8,89,6,5940.44031826694,1293.98358273053,0,0,0,149,0,0,0
8,89,7,24253.0796449994,13309.7368600931,43,0,0,256,0,0,0
8,89,8,0,9,0,0,0,0,0,0,0
8,90,1,3055.50695552955,1258.80382477878,0,0,0,154,0,0,0
8,90,2,2877.28161291452,422.846976236758,0,0,0,125,0,0,0
8,90,3,2715.71450564273,864.917776190805,0,0,0,118,0,0,0
8,90,4,3010.34398348912,883.094048625664,0,0,0,120,0,0,0
8,90,5,4021.87074556399,1830.34243446672,1,0,0,214,0,0,0
8,90,6,5994.63047870221,2728.68057264155,0,0,0,129,0,0,0
8,90,7,24316.7638702301,13835.3007384763,40,0,0,201,0,0,0
8,90,8,0,9,0,0,0,0,0,0,0
8,91,1,3068.60032005879,407.538630657125,0,0,0,125,0,0,0
8,91,2,2865.23126032267,1559.21568627041,0,0,0,42,0,0,0
8,91,3,2720.13688141275,1280.46366922262,0,0,0,86,0,0,0
8,91,4,2999.40813956694,1118.7903002744,0,0,0,88,0,0,0
8,91,5,4064.98607408547,1757.20133446558,0,0,0,182,0,0,0
8,91,6,6103.17653652165,3683.9940497359,3,0,0,184,0,0,0
8,91,7,24374.5276232878,13200.5151193838,41,0,0,213,0,0,0
8,91,8,0,9,0,0,0,0,0,0,0
8,92,1,3054.82862699378,394.16582327472,0,0,0,40,0,0,0
8,92,2,2915.23728612441,1626.76967246849,0,0,0,155,0,0,0
8,92,3,2735.61617703104,1302.51588867746,0,0,0,128,0,0,0
8,92,4,3011.20316541778,1705.01680335249,0,0,0,111,0,0,0
8,92,5,4151.20476263628,1965.46525556911,0,0,0,175,0,0,0
8,92,6,6257.62219454581,1495.69162308728,0,9,0,213,0,0,0
8,92,7,24538.5203920101,10571.8449842206,0,63,0,264,0,0,0
8,92,8,0,9,0,0,0,0,0,0,0
8,93,1,3025.71963082095,1442.87854402361,0,33,0,3,0,0,0
8,93,2,2909.8606870126,544.417626552067,0,73,0,82,0,0,0
8,93,3,2722.57768569649,1060.30307607511,0,39,0,87,0,0,0
8,93,4,3010.49126579618,1525.88366542392,0,45,0,121,0,0,0
8,93,5,4161.05057263536,2974.87075627964,0,65,0,125,0,0,0
8,93,6,6285.51212262488,3766.75269580457,0,52,0,92,0,0,0
8,93,7,24650.3008779774,14120.5461234018,4,295,0,282,0,0,2
8,93,8,0,9,0,0,0,0,0,0,0
8,94,1,3037.04252959699,1609.11985535183,0,0,0,144,0,0,0
8,94,2,2901.68894225621,1951.48347001861,0,0,0,54,0,0,0
8,94,3,2716.78085222575,819.885897972129,0,0,0,106,0,0,0
8,94,4,3021.27130814476,1222.51515880817,0,0,0,152,0,0,0
8,94,5,4171.19259304436,2054.79012805573,2,0,0,183,0,0,0
8,94,6,6422.30409552412,2367.83516594239,1,0,0,321,0,0,0
8,94,7,24711.7509528232,12596.6663251679,25,1,0,275,0,0,0
8,94,8,0,9,0,0,0,0,0,0,0
8,95,1,3072.68309015818,1525.66445294246,0,0,0,160,0,0,0
8,95,2,2961.68632542969,1312.98665512294,0,0,0,189,0,0,0
8,95,3,2724.20128513819,1098.03875236593,0,0,0,81,0,0,0
8,95,4,3037.94190509503,432.334031769799,0,0,0,122,0,0,0
8,95,5,4229.64043200486,1964.06217414903,0,0,0,193,0,0,0
8,95,6,6590.24838953446,4161.19900547904,0,0,0,232,0,0,0
8,95,7,24808.1377443086,15890.0535207998,20,0,0,247,0,0,1
8,95,8,0,9,0,0,0,0,0,0,0
8,96,1,3086.3443839375,1026.7208978888,0,0,0,152,0,0,0
8,96,2,2967.51349879965,1273.99396207918,0,0,0,131,0,0,0
8,96,3,2721.60777858854,1434.72937690304,0,0,0,109,0,0,0
8,96,4,3013.66107639586,1203.99193178927,0,0,0,43,0,0,0
8,96,5,4265.85205757391,1113.22175070256,0,0,0,195,0,0,0
8,96,6,6658.93427166956,2680.10679094352,3,0,0,222,0,0,1
8,96,7,24861.4574938745,6909.98179799198,25,0,0,297,0,0,0
8,96,8,0,9,0,0,0,0,0,0,0
8,97,1,3099.91124707986,731.54756747717,0,0,0,102,0,0,0
8,97,2,2959.91784625817,1400.54095394997,0,0,0,127,0,0,0
8,97,3,2742.85842880465,1224.76399726671,0,0,0,143,0,0,0
8,97,4,3020.58745751521,1262.63556550121,0,0,0,120,0,0,0
8,97,5,4289.3213495099,1509.4404504719,0,0,0,111,0,0,0
8,97,6,6773.13054476617,3702.43829108119,4,0,0,216,0,0,0
8,97,7,24969.1811673529,14504.2440106068,43,0,0,213,0,0,0
8,97,8,0,9,0,0,0,0,0,0,0
8,98,1,3108.69862427073,1652.80059308505,0,0,0,73,0,0,0
8,98,2,2972.50795122474,1279.18371443688,0,0,0,140,0,0,0
8,98,3,2755.07741361461,1282.07479835095,0,0,0,122,0,0,0
8,98,4,3039.61914893658,1106.92444379142,0,0,0,126,0,0,0
8,98,5,4343.30381320225,1493.92896265693,0,0,0,150,0,0,0
8,98,6,6917.71216592168,2373.708405531,3,0,0,222,0,0,0
8,98,7,25028.4771828106,8941.32709050017,36,0,0,197,0,0,0
8,98,8,0,9,0,0,0,0,0,0,0
8,99,1,3106.93608066083,1204.90802870364,0,86,0,79,0,0,0
8,99,2,2961.70633855463,541.294915916921,0,63,0,64,0,0,0
8,99,3,2729.64020827058,1029.52705035992,0,72,0,56,0,0,0
8,99,4,3025.66597770132,1485.85131635661,0,65,0,45,0,0,0
8,99,5,4333.1258514683,1255.28792845439,0,73,0,76,0,0,0
8,99,6,6968.62540935058,2116.16938321641,0,118,0,119,0,0,0
8,99,7,25061.9017906517,4408.922245346,8,154,0,170,0,0,0
8,99,8,0,9,0,0,0,0,0,0,0
8,100,1,3147.1129112098,1376.61446482876,0,0,0,120,0,0,0
8,100,2,2972.65986153834,1455.97056300129,0,0,0,54,0,0,0
8,100,3,2745.64823558196,1400.47827470028,0,0,0,102,0,0,0
8,100,4,3070.79218172616,842.967635227023,0,0,0,148,0,0,0
8,100,5,4385.29594231478,993.732032674582,0,0,0,125,0,0,0
8,100,6,7128.00340127541,3414.34879521666,6,0,0,163,0,0,0
8,100,7,25240.7316342699,11205.4960252191,21,0,0,269,0,0,0
8,100,8,0,9,0,0,0,0,0,0,0
9,1,1,2921.52,1533.69613487381,0,0,0,97,0,0,0
9,1,2,2926.832,1478.93922471313,0,0,0,94,0,0,0
9,1,3,2908.032,1283.6813647013,0,0,0,13,0,0,0
9,1,4,2925.616,845.374179142802,0,0,0,90,0,0,0
9,1,5,2910.8416,899.124887985544,0,0,0,30,0,0,0
9,1,6,2917.0976,274.55026899331,0,0,0,64,0,0,0
9,1,7,19462.5391999999,7581.14571041288,0,0,0,84,0,0,0
9,1,8,0,1,0,0,0,42,0,0,0
9,2,1,2937.94719999999,1241.93976469648,0,0,0,153,0,0,0
9,2,2,2945.216,966.190602113707,0,0,0,147,0,0,0
9,2,3,2922.5216,1430.46292603752,0,0,0,128,0,0,0
9,2,4,2929.688064,1785.94701475601,0,0,0,84,0,0,0
9,2,5,2914.5936,1264.65401671097,0,0,0,89,0,0,0
9,2,6,2907.3216,998.782618242363,0,0,0,27,0,0,0
9,2,7,19412.7855999999,8562.19204979192,19,2,0,191,0,0,0
9,2,8,0,1,0,0,0,0,0,0,0
9,3,1,2951.18687999999,791.251629360954,0,0,0,124,0,0,0
9,3,2,2952.1856,963.164515024986,0,0,0,96,0,0,0
9,3,3,2939.45888,928.310412614855,0,0,0,143,0,0,0
9,3,4,2951.10439679999,1798.87949964876,0,0,0,178,0,0,0
9,3,5,2925.616,983.228219561534,0,0,0,126,0,0,0
9,3,6,2914.5696,972.60100830979,0,0,0,99,0,0,0
9,3,7,19360.2975999998,10416.8701863465,33,0,0,195,0,0,0
9,3,8,0,1,0,0,0,0,0,0,0
9,4,1,2953.35487999999,1231.229887156,0,0,0,79,0,0,0
9,4,2,2959.11392,1513.23318275258,0,0,0,96,0,0,0
9,4,3,2941.88633599999,1548.85480573948,0,0,0,92,0,0,0
9,4,4,2973.49639679999,823.624180696354,0,0,0,179,0,0,0
9,4,5,2927.656,1667.29732715418,0,0,0,98,0,0,0
9,4,6,2919.52448,824.086255923042,0,0,0,97,0,0,0
9,4,7,19317.7961599998,6706.6755422448,25,0,0,218,0,0,0
9,4,8,0,1,0,0,0,0,0,0,0
9,5,1,2960.39808,1499.30567209898,0,0,0,123,0,0,0
9,5,2,2973.69792,1836.91090628811,0,0,0,151,0,0,0
9,5,3,2959.68633599999,1924.41804613848,0,0,0,154,0,0,0
9,5,4,2971.49479679999,1402.09487442441,0,0,0,82,0,0,0
9,5,5,2938.96288,1019.35404193759,0,0,0,166,0,0,0
9,5,6,2920.30848,1512.10734596534,0,0,0,82,0,0,0
9,5,7,19260.3561599997,11739.098251531,0,63,0,200,0,0,0
9,5,8,0,1,0,0,0,0,0,0,0
9,6,1,2973.768,840.420558572258,0,0,0,149,0,0,0
9,6,2,2987.72352,842.185940600326,0,11,0,145,0,0,0
9,6,3,2973.59423999999,1981.48804702303,0,7,0,165,0,0,0
9,6,4,2984.96948479999,1678.41301694994,0,0,0,140,0,0,0
9,6,5,2942.84575999999,1351.89997253628,0,0,0,101,0,0,0
9,6,6,2934.6464,1583.53603750269,0,0,0,151,0,0,0
9,6,7,19202.8387199996,10193.8903737001,6,157,0,160,0,0,0
9,6,8,0,1,0,0,0,0,0,0,0
9,7,1,2976.14432,792.089272508524,0,0,0,84,0,0,0
9,7,2,2989.5152,1072.78602021807,0,0,0,84,0,0,0
9,7,3,2999.31038719999,1012.7741995725,0,0,0,198,0,0,0
9,7,4,3008.93000960001,1425.94828333859,0,0,0,167,0,0,0
9,7,5,2955.59456,1315.37460172454,0,0,0,135,0,0,0
9,7,6,2956.558976,1370.61552077659,0,0,0,158,0,0,0
9,7,7,19197.3231999995,8808.59218019646,26,0,0,250,0,0,0
9,7,8,0,1,0,0,0,0,0,0,0
9,8,1,2975.908224,1119.83709417361,0,0,0,79,0,0,0
9,8,2,2991.28000000001,1515.98756696371,0,0,0,107,0,0,0
9,8,3,3001.99070719999,1846.53007967786,0,0,0,101,0,0,0
9,8,4,3021.7163136,1501.0735536386,0,0,0,142,0,0,0
9,8,5,2963.451264,1297.53857598524,0,0,0,131,0,0,0
9,8,6,2969.363456,2080.44981921599,0,0,0,137,0,0,0
9,8,7,19176.0755199995,7465.56301342716,26,0,0,214,0,0,2
9,8,8,0,1,0,0,0,0,0,0,0
9,9,1,2979.876224,1314.04213787865,0,0,0,111,0,0,0
9,9,2,3002.35776000001,1083.98125639129,0,0,0,151,0,0,0
9,9,3,3020.9625472,1338.1349337147,0,0,0,184,0,0,0
9,9,4,3035.33224960001,970.587668496668,0,0,0,150,0,0,0
9,9,5,2972.071744,1026.83372623725,0,0,0,129,0,0,0
9,9,6,2987.270656,1190.69659763409,4,0,0,175,0,0,0
9,9,7,19144.2163199994,9556.89684161504,71,0,0,172,0,0,0
9,9,8,0,1,0,0,0,0,0,0,0
9,10,1,2991.49434880001,1351.68837856635,0,0,0,131,0,0,0
9,10,2,3010.12889600001,686.167746575637,0,0,0,108,0,0,0
9,10,3,3025.5730432,797.215787826776,0,0,0,133,0,0,0
9,10,4,3041.84104960001,756.822782911985,0,0,0,97,0,0,0
9,10,5,2977.8035072,907.414997969855,0,0,0,102,0,0,0
9,10,6,2997.020032,1667.69976463359,0,0,0,119,0,0,0
9,10,7,19136.9318399994,7328.84319769249,0,33,0,270,0,0,0
9,10,8,0,1,0,0,0,0,0,0,0
9,11,1,3003.00980480001,1502.93590241623,0,0,0,135,0,0,0
9,11,2,3003.75328000001,1443.38696241874,0,0,0,68,0,0,0
9,11,3,3023.03358720001,1180.50945361548,0,0,0,79,0,0,0
9,11,4,3039.22338560001,1049.92472804832,0,0,0,75,0,0,0
9,11,5,2980.98355456,1153.04115636765,0,0,0,90,0,0,0
9,11,6,3013.21529600001,1306.82713125705,0,8,0,147,0,0,0
9,11,7,19127.0899199992,8868.18315233717,0,215,0,259,0,0,0
9,11,8,0,1,0,0,0,0,0,0,0
9,12,1,3021.29793280001,717.433619918131,0,0,0,150,0,0,0
9,12,2,3014.74483200001,1430.50249391546,0,0,0,144,0,0,0
9,12,3,3029.87368960001,828.731864894493,0,0,0,118,0,0,0
9,12,4,3049.80230656001,919.078631095336,0,0,0,104,0,0,0
9,12,5,2991.582556672,659.377019502228,0,0,0,115,0,0,0
9,12,6,3034.57785600001,2012.58002684912,0,0,0,130,0,0,0
9,12,7,19171.7443199992,7000.2779243032,23,0,0,318,0,0,0
9,12,8,0,1,0,0,0,0,0,0,0
9,13,1,3018.13273600002,1733.28601937345,0,0,0,71,0,0,0
9,13,2,3019.86649600001,1076.23040033359,0,0,0,143,0,0,0
9,13,3,3024.34095360001,1466.92770447903,0,0,0,82,0,0,0
9,13,4,3049.38222080001,1729.95863248008,0,0,0,91,0,0,0
9,13,5,2988.449897472,1691.04869118499,0,0,0,65,0,0,0
9,13,6,3063.24473600001,1297.81046010702,0,0,0,183,0,0,3
9,13,7,19185.5141759991,7622.08852049343,20,0,0,240,0,0,0
9,13,8,0,1,0,0,0,0,0,0,0
9,14,1,3039.14173184002,1458.81679135002,0,0,0,170,0,0,0
9,14,2,3017.26625280001,756.872769318225,0,0,0,107,0,0,0
9,14,3,3035.98636544001,1270.34069260668,0,0,0,146,0,0,0
9,14,4,3070.87454044162,1615.98473806929,0,0,0,172,0,0,0
9,14,5,3010.05782579201,1461.83626165595,0,0,0,169,0,0,0
9,14,6,3079.34274560001,734.089444361671,0,0,0,129,0,0,0
9,14,7,19202.3281919991,6693.48205504208,28,0,0,231,0,0,0
9,14,8,0,1,0,0,0,0,0,0,0
9,15,1,3048.17119232002,1396.55932100434,0,0,0,145,0,0,0
9,15,2,3009.25914624002,1592.54722657162,0,0,0,75,0,0,0
9,15,3,3032.93030912001,894.852957565303,0,0,0,127,0,0,0
9,15,4,3081.29716060162,1319.13739027737,0,0,0,161,0,0,0
9,15,5,3020.90273638401,505.21295939072,0,0,0,146,0,0,0
9,15,6,3076.77175040001,935.550741110742,0,0,0,73,0,0,0
9,15,7,19204.835635199,6176.04473488491,65,0,0,193,0,0,0
9,15,8,0,1,0,0,0,0,0,0,0
9,16,1,3055.48475648002,927.826496973605,0,0,0,139,0,0,0
9,16,2,3017.98563072001,954.773939823038,0,0,0,159,0,0,0
9,16,3,3027.22659020801,1354.48253112081,0,0,0,89,0,0,0
9,16,4,3080.87209318401,678.563372140938,0,0,0,131,0,0,0
9,16,5,3010.41096038401,1490.86774948409,0,0,0,50,0,0,0
9,16,6,3082.78423040002,677.292571536255,0,0,0,93,0,0,0
9,16,7,19204.586211839,10193.6378731943,0,144,0,181,0,0,0
9,16,8,0,1,0,0,0,0,0,0,0
9,17,1,3057.25389414402,650.871991736165,0,0,0,92,0,0,0
9,17,2,3020.13146419201,824.820296318706,0,0,0,95,0,0,0
9,17,3,3035.31228569601,1234.05576782214,0,0,0,135,0,0,0
9,17,4,3071.81095321601,1318.59930521114,0,0,0,67,0,0,0
9,17,5,3030.76727255041,807.020126234802,0,0,0,149,0,0,0
9,17,6,3088.30146304002,1405.26770889585,0,0,0,67,0,0,0
9,17,7,19239.586323967,11061.6105497457,27,0,0,203,0,0,0
9,17,8,0,1,0,0,0,0,0,0,0
9,18,1,3050.68890214402,1531.75253450784,0,0,0,65,0,0,0
9,18,2,3003.77819443202,920.400530849445,0,0,0,82,0,0,0
9,18,3,3032.73554329601,1735.01632494462,0,0,0,123,0,0,0
9,18,4,3068.37731737602,1353.36681054542,0,0,0,131,0,0,0
9,18,5,3025.96528599041,1634.35841557699,0,0,0,80,0,0,0
9,18,6,3104.81799424002,1466.5819765331,0,0,0,140,0,0,0
9,18,7,19279.637856767,13308.0778642233,18,0,0,323,0,0,3
9,18,8,0,1,0,0,0,0,0,0,0
9,19,1,3059.92581734402,885.937401080774,0,0,0,153,0,0,0
9,19,2,2996.3461247181,1129.84009574408,0,0,0,92,0,0,0
9,19,3,3039.43270717441,893.406870193102,0,0,0,173,0,0,0
9,19,4,3065.64764508161,1341.15148087331,0,0,0,135,0,0,0
9,19,5,3036.37275392001,1144.47520589871,0,0,0,163,0,0,0
9,19,6,3119.68826316801,1111.25491310662,0,0,0,146,0,0,0
9,19,7,19296.1307361271,9499.82568644384,23,0,0,233,0,0,0
9,19,8,0,1,0,0,0,0,0,0,0
9,20,1,3040.16366694402,1383.00109243594,0,60,0,28,0,0,0
9,20,2,2980.3041176781,665.036810461725,0,55,0,57,0,0,0
9,20,3,3018.28101857281,1243.99945529376,0,41,0,48,0,0,0
9,20,4,3046.17644312578,1203.25369882314,0,76,0,58,0,0,0
9,20,5,3025.43328186369,1741.92482011334,0,58,0,56,0,0,0
9,20,6,3115.07670220801,1355.10100326176,0,60,0,51,0,0,0
9,20,7,19358.374320127,5215.90161394378,0,522,0,427,0,0,0
9,20,8,0,1,0,0,0,0,0,0,0
9,21,1,3052.22940209154,1268.29779476672,0,0,0,138,0,0,0
9,21,2,2980.7621431501,2028.53505320303,0,0,0,66,0,0,0
9,21,3,3029.61161185281,1139.44153846747,0,0,0,124,0,0,0
9,21,4,3058.48394776578,751.439762515575,0,0,0,120,0,0,0
9,21,5,3052.44633530369,1218.0400096861,0,0,0,174,0,0,0
9,21,6,3141.66304460802,228.199130458641,0,0,0,135,0,0,0
9,21,7,19395.268738047,9826.10512133334,41,0,0,173,0,0,0
9,21,8,0,1,0,0,0,0,0,0,0
9,22,1,3060.48042033154,1053.04458069453,0,0,0,126,0,0,0
9,22,2,3011.79033466882,1103.95070559091,0,0,0,202,0,0,0
9,22,3,3038.66187071489,993.176220646061,0,0,0,113,0,0,0
9,22,4,3056.32461080578,1553.48263584479,0,0,0,75,0,0,0
9,22,5,3068.88716218369,948.989045980182,0,0,0,121,0,0,0
9,22,6,3139.95868364802,1821.90733281625,0,0,0,22,0,0,0
9,22,7,19472.8132970486,7562.56318119088,25,0,0,315,0,0,0
9,22,8,0,1,0,0,0,0,0,0,0
9,23,1,3071.21516388355,1297.76987345576,0,0,0,105,0,0,0
9,23,2,3023.32749332482,791.392394970673,0,0,0,110,0,0,0
9,23,3,3047.94779949057,788.107647026291,0,0,0,99,0,0,0
9,23,4,3077.73496086612,1737.63868118572,0,0,0,155,0,0,0
9,23,5,3082.28908474369,770.601102083154,0,0,0,94,0,0,0
9,23,6,3174.77244313602,1538.06044039541,2,0,0,165,0,0,0
9,23,7,19517.4888170485,10400.203341787,78,0,0,188,0,0,1
9,23,8,0,1,0,0,0,0,0,0,0
9,24,1,3082.42376497155,1408.79670811232,0,0,0,129,0,0,0
9,24,2,3021.25960589314,1134.2351350995,0,0,0,79,0,0,0
9,24,3,3039.47322953729,717.692327313139,0,0,0,78,0,0,0
9,24,4,3097.62473955412,1155.47672143913,0,0,0,167,0,0,0
9,24,5,3091.51342215169,652.386135843206,0,0,0,77,0,0,0
9,24,6,3200.39843481602,1325.16636569271,0,0,0,153,0,0,0
9,24,7,19570.3209912104,5246.52022540979,52,0,0,206,0,0,0
9,24,8,0,1,0,0,0,0,0,0,0
9,25,1,3099.71005693955,1745.23892990591,1,0,0,138,0,0,0
9,25,2,3026.52702656514,1828.3961469551,0,0,0,113,0,0,0
9,25,3,3031.54940110849,1202.56702112851,0,0,0,71,0,0,0
9,25,4,3104.81774131283,997.497765427722,0,0,0,115,0,0,0
9,25,5,3089.49789831169,1368.63530783244,0,0,0,65,0,0,0
9,25,6,3221.21755289602,1055.66824937133,0,0,0,132,0,0,0
9,25,7,19594.3193553704,9677.25152619855,156,0,0,161,0,0,9
9,25,8,0,1,0,0,0,0,0,0,0
9,26,1,3121.45357729795,2007.24542811557,0,0,0,171,0,0,0
9,26,2,3044.4957746381,1291.2952973141,0,0,0,182,0,0,0
9,26,3,3038.02190403994,1248.87282369829,0,0,0,120,0,0,0
9,26,4,3099.85388914509,1127.50409643441,0,0,0,99,0,0,0
9,26,5,3101.74559771035,676.837539108303,0,0,0,136,0,0,0
9,26,6,3240.48980787202,1253.21700538556,0,0,0,105,0,0,0
9,26,7,19634.8762321704,8097.52530260488,48,0,0,197,0,0,0
9,26,8,0,1,0,0,0,0,0,0,0
9,27,1,3144.71680161795,605.029236940686,1,0,0,191,0,0,0
9,27,2,3043.2830155981,1090.45808191774,0,0,0,129,0,0,0
9,27,3,3033.31191097754,527.090794923277,0,0,0,124,0,0,0
9,27,4,3096.08870002509,1486.80188271909,0,0,0,112,0,0,0
9,27,5,3089.41532289434,1377.10756669316,0,0,0,67,0,0,0
9,27,6,3256.35048960002,975.87278033452,0,0,0,125,0,0,0
9,27,7,19665.2258129704,9305.09026597388,89,0,0,184,0,0,0
9,27,8,0,1,0,0,0,0,0,0,0
9,28,1,3135.31394107394,651.741688332738,0,0,0,60,0,0,0
9,28,2,3040.48083397347,1585.75138221843,0,0,0,109,0,0,0
9,28,3,3017.01505667482,1416.00121820004,0,0,0,52,0,0,0
9,28,4,3097.08396136269,576.76488460901,0,0,0,148,0,0,0
9,28,5,3090.69868929435,665.495922958607,0,0,0,137,0,0,0
9,28,6,3260.36745318402,903.312418652418,0,0,0,97,0,0,0
9,28,7,19704.6033771304,6529.1295168257,55,0,0,210,0,0,0
9,28,8,0,1,0,0,0,0,0,0,0
9,29,1,3128.47213074435,2053.67718327906,0,0,0,65,0,0,0
9,29,2,3047.72914979637,1054.47969935441,0,0,0,158,0,0,0
9,29,3,3019.34422621389,805.518134256363,0,0,0,141,0,0,0
9,29,4,3080.28536414029,977.062465529729,0,0,0,57,0,0,0
9,29,5,3077.30251764123,1913.14824259007,0,0,0,66,0,0,0
9,29,6,3266.70272358402,965.650254882474,0,0,0,90,0,0,0
9,29,7,19738.2920811304,5707.95813042858,151,0,0,199,0,0,0
9,29,8,0,1,0,0,0,0,0,0,0
9,30,1,3142.90024835074,2222.85950425786,46,0,0,127,0,0,0
9,30,2,3049.18023570294,819.388130513108,0,0,0,105,0,0,0
9,30,3,3009.14330934477,856.994248314362,0,0,0,80,0,0,0
9,30,4,3079.74874805713,513.31183886578,1,0,0,96,0,0,0
9,30,5,3093.73619618203,1440.84771370319,16,0,0,163,0,0,0
9,30,6,3283.68770424834,1204.77284943158,0,0,0,96,0,0,0
9,30,7,19796.1502678824,11523.1459768506,203,0,0,220,0,0,0
9,30,8,0,1,0,0,0,0,0,0,0
9,31,1,3164.25256169474,1044.42887729437,1,0,0,203,0,0,0
9,31,2,3034.85564713846,2134.42343044055,0,0,0,81,0,0,0
9,31,3,2988.53782991766,874.818989649787,0,0,0,85,0,0,0
9,31,4,3059.81683291601,1579.65524487828,0,0,0,51,0,0,0
9,31,5,3094.01749574043,1391.43191172696,0,0,0,144,0,0,0
9,31,6,3292.76670241179,1317.56255811337,0,0,0,120,0,0,0
9,31,7,19858.4225336104,9463.00585083451,45,0,0,283,0,0,0
9,31,8,0,1,0,0,0,0,0,0,0
9,32,1,3167.52486643714,1333.346241365,0,0,0,104,0,0,0
9,32,2,3047.71194115865,703.091198579158,0,6,0,157,0,0,0
9,32,3,2983.04064899663,1003.58509676663,0,0,0,87,0,0,0
9,32,4,3072.46163954547,1195.47493173735,0,0,0,157,0,0,0
9,32,5,3104.95435932059,1171.1103620874,0,0,0,139,0,0,0
9,32,6,3319.69966670236,308.164163919738,0,0,0,131,0,0,0
9,32,7,19906.628991876,7549.09576039724,0,81,0,194,0,0,0
9,32,8,0,1,0,0,0,0,0,0,0
9,33,1,3190.5437225165,1182.6961202473,0,0,0,133,0,0,0
9,33,2,3039.12221650972,1459.82858841007,0,0,0,70,0,0,0
9,33,3,2984.20897101448,1541.31561542856,0,0,0,100,0,0,0
9,33,4,3085.16433861689,1103.05581644673,0,0,0,119,0,0,0
9,33,5,3119.22411676468,627.931100381119,0,0,0,117,0,0,0
9,33,6,3316.54539497883,1382.0364403492,0,0,0,30,0,0,0
9,33,7,19981.1511698011,5876.4427327227,31,0,0,206,0,0,0
9,33,8,0,1,0,0,0,0,0,0,0
9,34,1,3191.02086054299,1598.67888853111,0,0,0,118,0,0,0
9,34,2,3045.30487701532,556.944478595886,0,0,0,145,0,0,0
9,34,3,2978.41025049691,2151.78903078865,0,0,0,154,0,0,0
9,34,4,3075.36413197778,1309.1801952828,0,0,0,110,0,0,0
9,34,5,3101.88316233008,503.879192527773,0,0,0,62,0,0,0
9,34,6,3331.52038787483,834.331456344268,0,0,0,138,0,0,0
9,34,7,20006.6588664411,6162.3144584146,87,0,0,187,0,0,0
9,34,8,0,1,0,0,0,0,0,0,0
9,35,1,3202.08208687515,1544.17818403197,0,0,0,153,0,0,0
9,35,2,3034.15367641203,1018.02099669475,0,0,0,55,0,0,0
9,35,3,2983.62385838671,1314.76255032444,0,1,0,202,0,0,0
9,35,4,3077.61462393995,1382.51652902718,0,0,0,130,0,0,0
9,35,5,3091.60459797808,1060.06406634704,0,0,0,50,0,0,0
9,35,6,3335.20089475484,2039.24220850367,0,0,0,83,0,0,0
9,35,7,20035.153970953,9269.68991851084,0,51,0,180,0,0,0
9,35,8,0,1,0,0,0,0,0,0,0
9,36,1,3213.46587949385,1413.7204807419,0,0,0,154,0,0,0
9,36,2,3034.19553133987,1516.99372310754,0,0,0,101,0,0,0
9,36,3,2975.54619348024,862.974716087788,0,0,0,131,0,0,0
9,36,4,3079.31012235232,958.139189638267,0,0,0,138,0,0,0
9,36,5,3093.59819675337,1419.68811161638,0,0,0,106,0,0,0
9,36,6,3376.60884086048,1692.53604096681,0,0,0,203,0,0,0
9,36,7,20084.5805284954,6248.11601613287,24,0,0,227,0,0,0
9,36,8,0,1,0,0,0,0,0,0,0
9,37,1,3226.64478964205,1667.27167483559,0,0,0,141,0,0,0
9,37,2,3037.28273433938,1704.14684489679,0,0,0,151,0,0,0
9,37,3,2968.77346172904,1835.97875625057,0,0,0,86,0,0,0
9,37,4,3074.21216661062,1327.76110611945,0,0,0,95,0,0,0
9,37,5,3098.99741941859,819.125344207725,0,0,0,141,0,0,0
9,37,6,3405.85668246816,997.36544490549,0,0,0,169,0,0,0
9,37,7,20112.8371044954,9072.63650321562,66,0,0,180,0,0,0
9,37,8,0,1,0,0,0,0,0,0,0
9,38,1,3268.19599445408,2129.67374891692,0,0,0,166,0,0,0
9,38,2,3071.72805233499,1337.77760569658,0,0,0,170,0,0,0
9,38,3,2999.4656040135,1490.3093728248,0,0,0,183,0,0,0
9,38,4,3100.35765719248,1207.95241773341,0,0,0,132,0,0,0
9,38,5,3102.31119940686,1144.23680244803,0,0,0,81,0,0,0
9,38,6,3433.47285845542,1162.25983410969,0,0,0,99,0,0,0
9,38,7,20173.6124276068,9655.83379011427,0,44,0,186,0,0,0
9,38,8,0,1,0,0,0,0,0,0,0
9,39,1,3295.39383354233,1889.98114754869,0,0,0,195,0,0,0
9,39,2,3081.38633249233,784.026595839304,0,0,0,133,0,0,0
9,39,3,3006.2042496969,1721.09049855735,0,0,0,149,0,0,0
9,39,4,3113.44353342377,1607.91254332285,0,0,0,120,0,0,0
9,39,5,3105.66331233522,1223.03369022271,0,0,0,114,0,0,0
9,39,6,3458.24878823865,1530.04229690595,0,0,0,116,0,0,0
9,39,7,20214.83008065,4929.02346069961,29,0,0,182,0,0,0
9,39,8,0,1,0,0,0,0,0,0,0
9,40,1,3289.44245313842,1568.59256917787,0,96,0,92,0,0,0
9,40,2,3055.13932196289,907.837299596439,0,56,0,22,0,0,0
9,40,3,2994.83282303985,678.814375774757,0,89,0,83,0,0,0
9,40,4,3110.42515507416,1019.45599153124,0,72,0,88,0,0,0
9,40,5,3092.22532087026,1228.24320343022,0,63,0,59,0,0,0
9,40,6,3467.74937470358,1900.09587416877,0,78,0,75,0,0,0
9,40,7,20257.4633985379,7809.40276152073,0,235,0,257,0,0,0
9,40,8,0,1,0,0,0,0,0,0,0
9,41,1,3307.08101278165,1464.66620855909,0,0,0,156,0,0,0
9,41,2,3061.50907229589,1040.77255814717,0,0,0,90,0,0,0
9,41,3,2991.80215863076,1096.51224009281,0,0,0,67,0,0,0
9,41,4,3121.01597209667,699.048575133935,0,0,0,101,0,0,0
9,41,5,3113.64589745393,1472.14575573034,0,0,0,122,0,0,0
9,41,6,3516.38606417563,1573.20276389852,0,0,0,190,0,0,0
9,41,7,20318.2308056624,6098.49515042509,25,0,0,227,0,0,0
9,41,8,0,1,0,0,0,0,0,0,0
9,42,1,3341.92681168878,1526.14221353486,0,0,0,146,0,0,0
9,42,2,3083.85367040776,1368.93726641278,0,0,0,104,0,0,0
9,42,3,3013.21551114087,1685.90068863236,0,0,0,109,0,0,0
9,42,4,3127.66835029288,1462.18628794782,0,0,0,69,0,0,0
9,42,5,3145.69130656682,1900.49166967516,0,0,0,147,0,0,0
9,42,6,3563.12856653068,1161.53415934388,0,0,0,157,0,0,0
9,42,7,20376.8516542,3569.22573986006,23,0,0,188,0,0,8
9,42,8,0,1,0,0,0,0,0,0,0
9,43,1,3359.49081666114,1598.81345111701,0,0,0,152,0,0,0
9,43,2,3092.5437078155,1202.6449592047,0,0,0,136,0,0,0
9,43,3,3031.57766652553,1322.14699018672,0,0,0,168,0,0,0
9,43,4,3144.06834895991,1153.68921219581,0,0,0,146,0,0,0
9,43,5,3173.18349210865,1319.58606897163,0,0,0,189,0,0,0
9,43,6,3582.5280130341,1507.19023163302,0,0,0,116,0,0,0
9,43,7,20410.76015724,6349.36096488563,36,0,0,189,0,0,4
9,43,8,0,1,0,0,0,0,0,0,0
9,44,1,3400.14306170189,859.353000879005,0,0,0,159,0,0,0
9,44,2,3121.94865748629,1060.06993645738,0,0,0,120,0,0,0
9,44,3,3057.42992350967,803.645307321661,0,0,0,132,0,0,0
9,44,4,3164.41395870991,1491.80642759858,0,0,0,115,0,0,0
9,44,5,3204.07859485053,991.746864359269,0,0,0,131,0,0,0
9,44,6,3626.63065477876,1229.54422812452,0,0,0,150,0,0,0
9,44,7,20470.8826013437,9533.62022435058,42,0,0,187,0,0,0
9,44,8,0,1,0,0,0,0,0,0,0
9,45,1,3405.47141998368,1248.04628005013,0,0,0,85,0,0,0
9,45,2,3143.31904484871,1054.96640749312,0,0,0,106,0,0,0
9,45,3,3069.73094072342,1203.1045135581,0,0,0,80,0,0,0
9,45,4,3197.43564959503,1794.10650004,0,0,0,149,0,0,0
9,45,5,3229.78232167329,492.454357024916,0,0,0,99,0,0,0
9,45,6,3666.48973826886,659.1496089035,0,0,0,122,0,0,0
9,45,7,20571.825764186,8014.78691031627,30,0,0,281,0,0,0
9,45,8,0,1,0,0,0,0,0,0,0
9,46,1,3429.47090154723,1372.71851456244,0,0,0,124,0,0,0
9,46,2,3150.39344315783,654.369541906034,0,0,0,105,0,0,0
9,46,3,3078.42930513666,1042.08413446774,0,0,0,120,0,0,0
9,46,4,3226.34704489809,1100.18547149358,0,0,0,179,0,0,0
9,46,5,3230.76057237138,1125.43243232769,0,0,0,49,0,0,0
9,46,6,3673.23997253962,1239.93791558273,0,0,0,65,0,0,0
9,46,7,20607.3572841744,9894.72920773908,50,0,0,184,0,0,0
9,46,8,0,1,0,0,0,0,0,0,0
9,47,1,3445.17790981592,1861.31188119305,0,0,0,137,0,0,0
9,47,2,3144.68298431424,1902.5227686803,0,0,0,65,0,0,0
9,47,3,3078.05551179886,1113.30794847896,0,0,0,104,0,0,0
9,47,4,3232.5785105541,1941.27785336246,0,0,0,110,0,0,0
9,47,5,3245.27321969716,575.606134998482,0,0,0,112,0,0,0
9,47,6,3696.25090741373,1580.8067625318,0,0,0,123,0,0,0
9,47,7,20645.539278536,4644.73893411179,44,0,0,189,0,0,0
9,47,8,0,1,0,0,0,0,0,0,0
9,48,1,3459.59517240825,1132.66079147688,46,0,0,121,0,0,0
9,48,2,3155.45587248446,1295.87236184266,42,0,0,131,0,0,0
9,48,3,3085.70938425499,1627.92699949963,0,0,0,111,0,0,0
9,48,4,3251.75024469508,1019.74967625335,27,0,0,156,0,0,0
9,48,5,3244.30051313235,1587.51875694809,0,0,0,57,0,0,0
9,48,6,3714.02162453957,1991.84844750511,14,0,0,138,0,0,0
9,48,7,20679.4110144464,10051.247256313,167,0,0,230,0,0,0
9,48,8,0,1,0,0,0,0,0,0,0
9,49,1,3468.93775646382,1358.99504124874,0,0,0,113,0,0,0
9,49,2,3170.713857391,1405.1495586015,0,0,0,129,0,0,0
9,49,3,3102.41825037053,1775.57364016149,0,0,0,162,0,0,0
9,49,4,3247.19776209619,1653.33756328466,0,0,0,101,0,0,0
9,49,5,3249.87871337316,1670.12318631932,0,0,0,158,0,0,0
9,49,6,3755.67742961405,1533.85274690592,0,0,0,199,0,0,0
9,49,7,20710.8368385409,4926.37727190126,41,0,0,235,0,0,0
9,49,8,0,1,0,0,0,0,0,0,0
9,50,1,3511.83381123716,1849.4206819151,0,0,0,135,0,0,0
9,50,2,3216.16592347554,1354.6992189427,0,0,0,140,0,0,0
9,50,3,3147.62066048956,955.613618466893,3,0,0,170,0,0,0
9,50,4,3278.30532801961,1883.97613710713,9,0,0,144,0,0,0
9,50,5,3282.75630231036,1310.44509796862,12,0,0,139,0,0,0
9,50,6,3790.0970129423,1298.01516818095,5,0,0,141,0,0,0
9,50,7,20759.0614650732,8928.11444218935,137,0,0,176,0,0,0
9,50,8,0,1,0,0,0,0,0,0,0
9,51,1,3548.96700471666,1617.49422482596,0,0,0,178,0,0,0
9,51,2,3238.75017135443,1498.30273174032,0,0,0,135,0,0,0
9,51,3,3154.7530139907,1423.92778215439,0,0,0,95,0,0,0
9,51,4,3321.20337594927,1512.32209273005,0,0,0,187,0,0,0
9,51,5,3299.60503814015,1272.40293314648,0,0,0,131,0,0,0
9,51,6,3816.23644336171,2027.62714338438,0,0,0,129,0,0,0
9,51,7,20814.9255265317,11063.3872778093,42,0,0,203,0,0,0
9,51,8,0,1,0,0,0,0,0,0,0
9,52,1,3572.91005905565,634.561063967178,0,0,0,161,0,0,0
9,52,2,3265.90695218243,1501.81084126465,0,0,0,149,0,0,0
9,52,3,3164.18153513058,1963.94656228129,0,0,0,142,0,0,0
9,52,4,3340.95301629662,1724.34795744512,0,0,0,151,0,0,0
9,52,5,3315.49494144433,958.663183484024,0,0,0,127,0,0,0
9,52,6,3865.14128613914,1520.61186729402,0,0,0,191,0,0,0
9,52,7,20885.2604697768,10711.2843809562,37,0,0,262,0,0,0
9,52,8,0,1,0,0,0,0,0,0,0
9,53,1,3569.76103719605,1870.46430471739,0,0,0,63,0,0,0
9,53,2,3299.26728711352,1977.83119361585,0,0,0,150,0,0,0
9,53,3,3186.98524592382,521.197200387978,0,0,0,196,0,0,0
9,53,4,3359.48391647237,978.606840829739,0,0,0,172,0,0,0
9,53,5,3321.10700823753,1338.75081752298,0,0,0,95,0,0,0
9,53,6,3909.47688743204,603.400668432537,0,0,0,152,0,0,0
9,53,7,20946.6467722506,6016.13642790273,39,0,0,259,0,0,0
9,53,8,0,1,0,0,0,0,0,0,0
9,54,1,3592.59406342415,910.605741780465,16,0,0,148,0,0,0
9,54,2,3314.69069692,1812.42035339748,12,0,0,168,0,0,0
9,54,3,3164.54422706084,1376.06489951856,0,0,0,52,0,0,0
9,54,4,3353.64931812224,1165.24018060324,0,0,0,97,0,0,0
9,54,5,3332.94648804681,1860.93885390257,0,0,0,133,0,0,0
9,54,6,3905.39471038265,1324.6904158054,0,0,0,60,0,0,0
9,54,7,20976.3685745725,6926.841427859,172,0,0,187,0,0,0
9,54,8,0,1,0,0,0,0,0,0,0
9,55,1,3624.98247571547,1703.6761998465,0,0,0,91,0,0,0
9,55,2,3369.13295840252,1754.28016212186,6,0,0,144,0,0,0
9,55,3,3198.64748224184,1747.40683065454,0,0,0,137,0,0,0
9,55,4,3383.60318030172,1923.46027184958,0,0,0,116,0,0,0
9,55,5,3374.67849055881,1854.6439390345,3,0,0,167,0,0,0
9,55,6,3966.08433304844,2019.18807278156,0,0,0,132,0,0,0
9,55,7,21067.1610774606,11116.4766101087,83,0,0,226,0,0,0
9,55,8,0,1,0,0,0,0,0,0,0
9,56,1,3659.45233930182,397.070403722953,0,0,0,170,0,0,0
9,56,2,3400.31093416742,1836.06767724497,0,0,0,175,0,0,0
9,56,3,3222.55418938468,1015.16441796556,0,0,0,174,0,0,0
9,56,4,3426.92537239854,855.686950666062,0,0,0,188,0,0,0
9,56,5,3404.71137604344,1174.91898043549,0,0,0,176,0,0,0
9,56,6,4033.25670977031,3078.61463150498,0,0,0,198,0,0,0
9,56,7,21123.7338855066,10509.7090311761,0,42,0,195,0,0,0
9,56,8,0,1,0,0,0,0,0,0,0
9,57,1,3648.68300267596,964.716869474164,0,0,0,39,0,0,0
9,57,2,3433.39287166536,1106.49736281488,0,0,0,183,0,0,0
9,57,3,3207.96250220644,1263.90925935048,0,0,0,101,0,0,0
9,57,4,3427.64034009346,684.267166838979,0,0,0,85,0,0,0
9,57,5,3410.94252708497,1334.51581669411,0,0,0,117,0,0,0
9,57,6,4075.59059167568,1259.34912705033,0,18,0,190,0,0,0
9,57,7,21162.8035254937,10127.5879303646,0,131,0,208,0,0,0
9,57,8,0,1,0,0,0,0,0,0,0
9,58,1,3661.17085679359,1668.63099252034,0,0,0,96,0,0,0
9,58,2,3448.73981469029,1244.01055259767,0,0,0,110,0,0,0
9,58,3,3214.91118392925,1271.52135744224,0,0,0,126,0,0,0
9,58,4,3430.51607656248,1408.67883192419,0,0,0,68,0,0,0
9,58,5,3418.55118112025,683.058918398612,0,0,0,133,0,0,0
9,58,6,4120.76378856435,1676.75760447318,0,0,0,125,0,0,0
9,58,7,21246.620012067,8398.85431425165,33,0,0,194,0,0,0
9,58,8,0,1,0,0,0,0,0,0,0
9,59,1,3700.72427075875,718.524495698976,0,0,0,166,0,0,0
9,59,2,3457.60935985721,1280.44254443621,0,0,0,124,0,0,0
9,59,3,3218.83500654547,1262.39043672253,0,0,0,127,0,0,0
9,59,4,3450.66318972369,1521.22149651971,0,0,0,140,0,0,0
9,59,5,3414.61411506172,1314.17877078131,0,0,0,68,0,0,0
9,59,6,4165.55648452655,1796.76087162834,0,0,0,162,0,0,0
9,59,7,21311.2303728639,10586.7120503723,28,0,0,207,0,0,0
9,59,8,0,1,0,0,0,0,0,0,0
9,60,1,3697.97351124045,1557.98403799124,0,0,0,71,0,0,0
9,60,2,3485.40660901789,1026.68634798815,0,0,0,128,0,0,0
9,60,3,3235.70044060988,1215.34564452416,0,0,0,126,0,0,0
9,60,4,3471.96645618873,868.078961346665,0,0,0,152,0,0,0
9,60,5,3444.26386824124,1095.78751707056,0,0,0,131,0,0,0
9,60,6,4227.11111350777,2069.97607423762,0,0,0,179,0,0,0
9,60,7,21418.9493281222,11239.2508914921,29,0,0,234,0,0,0
9,60,8,0,1,0,0,0,0,0,0,0
9,61,1,3717.90276736229,2096.55111556815,0,0,0,155,0,0,0
9,61,2,3477.55119823036,557.928561619332,0,0,0,102,0,0,0
9,61,3,3228.0444544999,1206.81607850044,0,0,0,121,0,0,0
9,61,4,3460.21234935578,1228.54174712596,0,0,0,86,0,0,0
9,61,5,3454.84776493516,1677.99633052261,0,0,0,109,0,0,0
9,61,6,4279.34439973352,626.497203865905,0,0,0,187,0,0,2
9,61,7,21501.6815303358,6400.31213313404,26,0,0,336,0,0,2
9,61,8,0,1,0,0,0,0,0,0,0
9,62,1,3790.34425900498,1099.03344918886,7,0,0,173,0,0,0
9,62,2,3484.05124648461,1106.93635679202,0,0,0,55,0,0,0
9,62,3,3258.83747796925,1804.78750203865,0,0,0,120,0,0,0
9,62,4,3500.80113499104,1469.24717365371,0,0,0,122,0,0,0
9,62,5,3510.14072702522,1030.70613156071,4,0,0,147,0,0,0
9,62,6,4313.64437743801,2485.75593372807,0,0,0,62,0,0,0
9,62,7,21577.2804896317,8701.22338814868,94,0,0,156,0,0,0
9,62,8,0,1,0,0,0,0,0,0,0
9,63,1,3815.18406055652,908.931500220758,0,0,0,109,0,0,0
9,63,2,3491.09306211096,1219.10121713723,0,0,0,110,0,0,0
9,63,3,3287.3942710444,1438.29923125463,0,0,0,180,0,0,0
9,63,4,3515.66623145235,1593.35679060575,0,0,0,146,0,0,0
9,63,5,3526.30760785648,2410.40899639209,0,0,0,103,0,0,0
9,63,6,4380.62458436543,2092.45847971257,0,2,0,193,0,0,0
9,63,7,21638.7596729819,8430.31688312115,0,32,0,219,0,0,0
9,63,8,0,1,0,0,0,0,0,0,0
9,64,1,3839.46629641984,1752.60849521279,0,0,0,90,0,0,0
9,64,2,3516.4831490799,1543.33347544805,0,0,0,121,0,0,0
9,64,3,3312.46748221149,1274.34183543821,0,0,0,143,0,0,0
9,64,4,3559.88773908105,1973.44182005573,0,0,0,159,0,0,0
9,64,5,3595.48507335507,992.104116728059,1,0,0,213,0,0,0
9,64,6,4468.52159420348,1257.47412644023,0,0,0,200,0,0,0
9,64,7,21722.9987772576,11654.5332517864,37,0,0,218,0,0,0
9,64,8,0,1,0,0,0,0,0,0,0
9,65,1,3859.59894635991,1611.77907124705,0,0,0,175,0,0,0
9,65,2,3544.08303614824,1397.6984454617,0,0,0,154,0,0,0
9,65,3,3314.81108664549,1260.04682550172,0,0,0,127,0,0,0
9,65,4,3598.29337831973,792.107892508257,0,0,0,194,0,0,0
9,65,5,3609.99652449026,1544.04520199228,0,0,0,99,0,0,0
9,65,6,4508.97410896716,983.447507156973,0,0,0,125,0,0,0
9,65,7,21802.2989235271,13133.9201470997,0,36,0,229,0,0,0
9,65,8,0,1,0,0,0,0,0,0,0
9,66,1,3880.08042228944,1614.65903814792,0,0,0,161,0,0,0
9,66,2,3539.41683308307,1558.18593104699,0,0,0,139,0,0,0
9,66,3,3314.438716624,1509.55589391957,0,0,0,126,0,0,0
9,66,4,3580.98608525919,1201.45247119498,0,0,0,79,0,0,0
9,66,5,3609.71377958261,1289.00783266939,0,0,0,154,0,0,0
9,66,6,4528.2716512008,2089.74264166704,0,0,0,98,0,0,0
9,66,7,21810.6646208563,11686.8910348861,0,84,0,177,0,0,0
9,66,8,0,1,0,0,0,0,0,0,0
9,67,1,3904.72150333263,770.923068332008,0,0,0,161,0,0,0
9,67,2,3547.5138760119,1145.47819938857,0,0,0,155,0,0,0
9,67,3,3315.8917162199,1782.2612331406,0,0,0,150,0,0,0
9,67,4,3561.56964185432,1177.81616611959,0,0,0,120,0,0,0
9,67,5,3619.05983767763,1317.62724492069,0,0,0,128,0,0,0
9,67,6,4581.17335854012,1515.71302685512,0,0,0,208,0,0,0
9,67,7,21847.1819731332,8089.89403558581,30,0,0,243,0,0,0
9,67,8,0,1,0,0,0,0,0,0,0
9,68,1,3919.15562297215,1267.52233185128,0,0,0,77,0,0,0
9,68,2,3576.84197804694,1690.77569485818,0,0,0,114,0,0,0
9,68,3,3359.80904842812,1403.52804638238,0,0,0,178,0,0,0
9,68,4,3606.4098150463,1165.06850812084,0,0,0,117,0,0,0
9,68,5,3658.79740661754,1404.18535850544,0,0,0,131,0,0,0
9,68,6,4651.99542724663,2004.01822125173,0,0,0,151,0,0,0
9,68,7,21939.7759296768,9885.33811894167,66,0,0,217,0,0,0
9,68,8,0,1,0,0,0,0,0,0,0
9,69,1,3932.83811535929,2171.84056292714,0,0,0,126,0,0,0
9,69,2,3600.66043421869,1010.85574512411,0,0,0,169,0,0,0
9,69,3,3382.23346167228,896.924891462491,0,0,0,140,0,0,0
9,69,4,3602.8503211392,1356.01239144217,0,0,0,116,0,0,0
9,69,5,3679.79258298343,1110.4146707567,0,0,0,140,0,0,0
9,69,6,4722.9288350282,2109.40053024854,1,0,0,170,0,0,0
9,69,7,21995.3574114756,6998.25802323433,47,0,0,225,0,0,0
9,69,8,0,1,0,0,0,0,0,0,0
9,70,1,3939.60204993243,1511.34609075721,0,127,0,90,0,0,0
9,70,2,3570.13179595345,1445.27282199582,0,56,0,45,0,0,0
9,70,3,3352.45275419502,1199.25751416547,0,58,0,31,0,0,0
9,70,4,3592.03758349174,1460.73283105052,0,82,0,53,0,0,0
9,70,5,3676.2070119198,1800.26782503148,0,58,0,53,0,0,0
9,70,6,4746.7966367742,1580.14032322037,0,97,0,113,0,0,0
9,70,7,22107.7347974325,12976.9012825509,2,301,0,295,0,0,0
9,70,8,0,1,0,0,0,0,0,0,0
9,71,1,3961.93271916824,1320.56072924301,0,0,0,151,0,0,0
9,71,2,3588.57514402172,887.6662162894,0,0,0,144,0,0,0
9,71,3,3361.94427260707,1908.7383779412,0,0,0,119,0,0,0
9,71,4,3611.33449280843,2488.93271399704,0,0,0,146,0,0,0
9,71,5,3704.80268272756,1384.04522230018,0,0,0,177,0,0,0
9,71,6,4796.47042112816,1342.69462771537,0,0,0,158,0,0,0
9,71,7,22153.8908506825,14203.2318088033,28,0,0,206,0,0,0
9,71,8,0,1,0,0,0,0,0,0,0
9,72,1,3985.27523408184,1558.98955905012,0,0,0,132,0,0,0
9,72,2,3592.59708051954,1385.23677105122,0,0,0,88,0,0,0
9,72,3,3382.8861754581,1604.61173140275,0,0,0,190,0,0,0
9,72,4,3662.05913299642,1297.45493688268,0,0,0,242,0,0,0
9,72,5,3725.24607934102,1717.32492442505,0,0,0,138,0,0,0
9,72,6,4844.3370320117,762.393000179652,0,0,0,134,0,0,0
9,72,7,22236.337604155,14610.5911994984,16,1,0,406,0,0,0
9,72,8,0,1,0,0,0,0,0,0,0
9,73,1,4004.05243048717,2218.44434040229,0,0,0,155,0,0,0
9,73,2,3602.86133749697,1754.99975445257,0,0,0,138,0,0,0
9,73,3,3397.41965454037,2070.90659751909,0,0,0,160,0,0,0
9,73,4,3672.44763831578,1668.3572756397,0,0,0,129,0,0,0
9,73,5,3749.82809857818,1615.04762870144,0,0,0,171,0,0,0
9,73,6,4866.4569348412,1576.87566951029,0,0,0,76,0,0,0
9,73,7,22274.4435512902,8132.85491646404,24,1,0,200,0,0,3
9,73,8,0,1,0,0,0,0,0,0,0
9,74,1,4084.53463095223,2080.24971384146,1,0,0,199,0,0,0
9,74,2,3670.46665575948,1237.68919401362,0,0,0,175,0,0,0
9,74,3,3444.28652190117,1559.22769567586,2,0,0,168,0,0,0
9,74,4,3743.23880544648,2120.54802013864,0,0,0,166,0,0,0
9,74,5,3835.83999851084,2550.55145974343,0,0,0,161,0,0,0
9,74,6,4968.47582376826,1200.35942658851,0,0,0,157,0,0,0
9,74,7,22378.9724653025,9134.03307172861,35,0,0,184,0,0,5
9,74,8,0,1,0,0,0,0,0,0,0
9,75,1,4137.95587321432,1611.92904938282,0,0,0,203,0,0,0
9,75,2,3711.18229680194,1826.40282033222,0,0,0,123,0,0,0
9,75,3,3473.78966820714,764.840359950515,0,0,0,155,0,0,0
9,75,4,3800.78265842256,1838.69418815203,1,0,0,189,0,0,0
9,75,5,3893.78588257457,2261.54056563901,2,0,0,194,0,0,2
9,75,6,5035.43240229114,1244.46180586522,0,0,0,120,0,0,0
9,75,7,22446.6736075489,8182.29734212751,44,0,0,195,0,0,0
9,75,8,0,1,0,0,0,0,0,0,0
9,76,1,4198.10276172881,812.144754323447,0,0,0,161,0,0,0
9,76,2,3802.18090602365,1748.08173074801,0,0,0,182,0,0,0
9,76,3,3492.86307255854,1049.35785269816,0,0,0,76,0,0,0
9,76,4,3876.92938278586,941.629149867399,10,0,0,143,0,0,0
9,76,5,3966.62148866078,1439.20458525804,17,0,0,159,0,0,0
9,76,6,5106.3776711704,2794.13476539132,0,0,0,124,0,0,0
9,76,7,22567.7223764048,6041.40771699983,155,0,0,211,0,0,0
9,76,8,0,1,0,0,0,0,0,0,0
9,77,1,4223.49101912286,2205.94572122088,0,0,0,81,0,0,0
9,77,2,3858.48593820622,1449.07251827726,25,0,0,137,0,0,0
9,77,3,3526.11754413727,1960.7324111496,0,0,0,104,0,0,0
9,77,4,3908.25763295404,1394.60968618023,0,0,0,94,0,0,0
9,77,5,4060.12251730234,1927.10744793613,0,0,0,143,0,0,0
9,77,6,5234.96106076354,2870.22275390512,79,0,0,160,0,0,0
9,77,7,22728.0078407644,4792.33099378634,227,0,0,263,0,0,0
9,77,8,0,1,0,0,0,0,0,0,0
9,78,1,4233.44681322181,1426.43860787513,152,0,0,53,0,0,0
9,78,2,3862.66431338319,1516.34640199596,29,0,0,113,0,0,0
9,78,3,3543.12058911701,986.066219052189,68,0,0,121,0,0,0
9,78,4,3920.72413297442,1011.98828533258,52,0,0,82,0,0,0
9,78,5,4080.76754323529,1544.78093109772,77,0,0,108,0,0,0
9,78,6,5284.12205135357,2453.17559706744,136,0,0,137,0,0,0
9,78,7,22793.6059483516,15331.0959756655,222,0,0,235,0,0,0
9,78,8,0,1,0,0,0,0,0,0,0
9,79,1,4258.38358531627,1171.49949904489,0,0,0,142,0,0,0
9,79,2,3887.40178264231,1525.57020667181,0,0,0,151,0,0,0
9,79,3,3534.47268636835,1707.28799315131,0,0,0,98,0,0,0
9,79,4,3914.11862707259,616.629092311543,0,0,0,101,0,0,0
9,79,5,4099.28637426234,2860.93371269828,0,0,0,154,0,0,0
9,79,6,5364.71686388019,3344.4851990934,0,0,0,197,0,0,0
9,79,7,22811.017471169,8070.89412148245,35,0,0,205,0,0,0
9,79,8,0,1,0,0,0,0,0,0,0
9,80,1,4278.28203719875,1677.2074271442,0,0,0,117,0,0,0
9,80,2,3914.93729959852,1183.58428646597,0,0,0,152,0,0,0
9,80,3,3572.13885527744,1590.75539528217,0,0,0,170,0,0,0
9,80,4,3890.71603701433,2612.175753153,0,0,0,61,0,0,0
9,80,5,4174.40574450937,1633.18319673524,8,0,0,191,0,0,0
9,80,6,5478.2142373756,2740.00734933914,10,0,0,224,0,0,0
9,80,7,22895.4415090457,6293.78444638677,52,0,0,246,0,0,0
9,80,8,0,1,0,0,0,0,0,0,0
9,81,1,4340.17164476888,1961.57435287726,1,0,0,157,0,0,0
9,81,2,3936.7715123614,1927.86007418219,0,0,0,118,0,0,0
9,81,3,3611.48644764249,1673.7557100481,0,0,0,159,0,0,0
9,81,4,3938.84113912664,1434.98719379743,18,0,0,184,0,0,0
9,81,5,4219.05155738373,1336.30439116332,0,0,0,163,0,0,0
9,81,6,5538.30260075017,3026.57838373964,30,0,0,149,0,0,0
9,81,7,22924.0935852425,5913.77496310035,109,0,0,179,0,0,0
9,81,8,0,1,0,0,0,0,0,0,0
9,82,1,4325.86553556396,1720.08939726141,176,0,0,20,0,0,0
9,82,2,3952.75791528232,1718.06623076684,100,0,0,92,0,0,0
9,82,3,3609.48817507702,1722.59342731828,74,0,0,93,0,0,0
9,82,4,3947.89771075456,756.685263284525,54,0,0,89,0,0,0
9,82,5,4226.58130628831,2799.07250178125,63,0,0,70,0,0,0
9,82,6,5611.89235553183,2235.25846864304,155,0,0,147,0,0,0
9,82,7,22948.4603203879,16600.1442881983,202,2,0,166,0,0,17
9,82,8,0,1,0,0,0,0,0,0,0
9,83,1,4352.31550164683,1511.63484113374,0,0,0,172,0,0,0
9,83,2,3992.74015008728,669.161585230394,0,0,0,171,0,0,0
9,83,3,3635.77026908689,2175.87163716889,0,0,0,172,0,0,0
9,83,4,3948.60742889482,1173.85477151886,0,0,0,75,0,0,0
9,83,5,4268.243806194,1176.37096529677,1,0,0,245,0,0,0
9,83,6,5666.95978117684,1366.4682003024,0,0,0,219,0,0,0
9,83,7,22943.1356971281,12577.7454154229,44,0,0,263,0,0,0
9,83,8,0,1,0,0,0,0,0,0,0
9,84,1,4388.97128643683,1312.7247577249,0,0,0,151,0,0,0
9,84,2,4001.53553593237,1880.27874883213,0,0,0,66,0,0,0
9,84,3,3666.43422374392,1580.09119233879,1,0,0,199,0,0,0
9,84,4,3958.56345037091,1301.76932565023,0,0,0,117,0,0,0
9,84,5,4273.753174076,2800.51918602922,0,0,0,117,0,0,0
9,84,6,5706.58822778228,2369.57302622346,0,0,0,136,0,0,0
9,84,7,22933.732874724,14319.6888206481,99,0,0,209,0,0,0
9,84,8,0,1,0,0,0,0,0,0,0
9,85,1,4400.54355537485,1064.05272657537,0,0,0,131,0,0,0
9,85,2,4025.15638270981,1755.14877630691,0,0,0,184,0,0,0
9,85,3,3702.67405927577,1480.49477606907,0,0,0,158,0,0,0
9,85,4,4002.89061663006,1221.5408895192,0,0,0,130,0,0,0
9,85,5,4304.85848408076,2432.37166591359,5,0,0,185,0,0,0
9,85,6,5755.16973762741,4301.04953301258,0,0,0,190,0,0,3
9,85,7,22945.7342886369,13623.717261384,77,0,0,182,0,0,0
9,85,8,0,1,0,0,0,0,0,0,0
9,86,1,4405.79797443518,1668.19018074258,0,0,0,106,0,0,0
9,86,2,4047.07002778621,1540.66246611734,0,0,0,175,0,0,0
9,86,3,3722.84534667452,1092.33356791722,0,0,0,148,0,0,0
9,86,4,4019.2614394516,1316.58057047003,0,0,0,122,0,0,0
9,86,5,4317.0270843786,2561.17759933796,5,0,0,186,0,0,0
9,86,6,5825.7589104276,2522.04638350008,18,0,0,226,0,0,0
9,86,7,22947.3931351191,14909.3464193951,98,0,0,224,0,0,5
9,86,8,0,1,0,0,0,0,0,0,0
9,87,1,4427.15372787618,1755.6125801615,0,0,0,166,0,0,0
9,87,2,4054.07507326237,1845.44656546497,0,0,0,154,0,0,0
9,87,3,3730.60102579818,1982.36172425137,0,0,0,109,0,0,0
9,87,4,4040.36205906103,1795.38818553582,0,0,0,131,0,0,0
9,87,5,4356.23694167406,2429.47476457979,3,0,0,204,0,0,0
9,87,6,5868.05288219777,2213.09134134623,3,0,0,193,0,0,0
9,87,7,22965.0227825832,9698.41737959519,80,0,0,185,0,0,0
9,87,8,0,1,0,0,0,0,0,0,0
9,88,1,4426.58527810511,2028.28884946479,31,0,0,129,0,0,0
9,88,2,4059.62021806528,959.48379974306,22,0,0,151,0,0,0
9,88,3,3742.26323372977,1869.73668843441,35,0,0,145,0,0,0
9,88,4,4068.70560632732,1353.25510114385,21,0,0,148,0,0,0
9,88,5,4373.43701392764,1999.33295215917,67,0,0,142,0,0,0
9,88,6,5918.87436175595,2264.95231534407,40,0,0,161,0,0,0
9,88,7,22990.7583497048,13159.8221999969,272,2,0,305,0,0,10
9,88,8,0,1,0,0,0,0,0,0,0
9,89,1,4468.98173587434,1265.2493973043,1,0,0,186,0,0,0
9,89,2,4061.12052682869,1598.58112366495,0,0,0,95,0,0,0
9,89,3,3772.51243668115,1186.88709756918,0,0,0,186,0,0,0
9,89,4,4084.61194083832,1961.25668917617,0,0,0,135,0,0,0
9,89,5,4416.41767646778,838.176296502809,0,0,0,199,0,0,0
9,89,6,6006.53694422938,2068.55831398249,1,0,0,202,0,0,0
9,89,7,22997.5443729912,9208.02701187651,80,0,0,202,0,0,0
9,89,8,0,1,0,0,0,0,0,0,0
9,90,1,4483.75002763342,1481.17696303236,0,0,0,126,0,0,0
9,90,2,4070.42202500617,1870.23294972796,13,0,0,139,0,0,0
9,90,3,3776.8170878565,2379.78133655975,0,0,0,118,0,0,0
9,90,4,4101.70944027349,863.380634038262,11,0,0,178,0,0,0
9,90,5,4425.81502084257,1432.86107844882,0,0,0,83,0,0,0
9,90,6,6071.24491099272,2039.42131858072,38,0,0,146,0,0,0
9,90,7,23040.9517947686,3983.74485542973,283,1,0,325,0,0,8
9,90,8,0,1,0,0,0,0,0,0,0
9,91,1,4444.48330674472,1280.3997364301,147,0,0,1,0,0,0
9,91,2,4107.70078717846,832.889544938581,97,0,0,90,0,0,0
9,91,3,3797.852910633,864.313500502538,120,0,0,117,0,0,0
9,91,4,4105.14585845245,1138.9186109191,52,0,0,34,0,0,0
9,91,5,4449.2902919129,2444.26947094177,62,0,0,81,0,0,0
9,91,6,6113.18183679888,1286.47323229089,106,0,0,97,0,0,0
9,91,7,23114.6512926932,6280.72158387538,209,0,0,189,0,0,0
9,91,8,0,1,0,0,0,0,0,0,0
9,92,1,4485.03016436628,2896.9302171314,0,0,0,128,0,0,0
9,92,2,4116.78378770554,1927.85198520814,0,0,0,83,0,0,0
9,92,3,3781.04992172283,1978.72944791932,0,0,0,86,0,0,0
9,92,4,4123.45584825261,1886.90761455509,0,0,0,113,0,0,0
9,92,5,4541.80986884547,2035.86250654578,0,5,0,181,0,0,0
9,92,6,6213.20018453731,1645.58108154999,0,0,0,128,0,0,0
9,92,7,23155.4799535839,6656.39939158241,0,34,0,197,0,0,0
9,92,8,0,1,0,0,0,0,0,0,0
9,93,1,4503.04543906706,844.836870580838,4,0,0,200,0,0,0
9,93,2,4138.09392241234,1476.00062336784,0,0,0,181,0,0,0
9,93,3,3797.39715271025,1219.93901558313,0,0,0,181,0,0,0
9,93,4,4148.5402257801,831.066485689465,0,0,0,188,0,0,0
9,93,5,4581.81138160273,1332.07407203012,0,0,0,200,0,0,0
9,93,6,6297.82187054086,1312.70842767057,0,0,0,164,0,0,0
9,93,7,23121.8838359468,11229.0112368486,23,0,0,193,0,0,3
9,93,8,0,1,0,0,0,0,0,0,0
9,94,1,4510.41495913536,1872.77833454293,0,0,0,84,0,0,0
9,94,2,4192.97277727626,1450.67998648817,0,0,0,147,0,0,0
9,94,3,3838.97131083532,2273.41613639643,0,0,0,121,0,0,0
9,94,4,4157.55455244281,1656.91624394089,0,0,0,83,0,0,0
9,94,5,4640.77779557901,1626.44088710732,0,0,0,133,0,0,0
9,94,6,6380.69036414209,3470.71936673203,0,0,0,131,0,0,0
9,94,7,23244.4464867823,12819.9102341925,0,40,0,272,0,0,0
9,94,8,0,1,0,0,0,0,0,0,0
9,95,1,4573.80978821786,1213.70300058715,0,0,0,179,0,0,0
9,95,2,4243.82234213643,1088.68331323015,0,0,0,145,0,0,0
9,95,3,3931.63782993687,2197.12248436851,0,0,0,204,0,0,0
9,95,4,4221.92700229666,2113.7511807339,0,0,0,165,0,0,0
9,95,5,4755.5569558811,1034.92251487061,0,0,0,162,0,0,0
9,95,6,6537.73270352198,2886.59322969308,0,6,0,206,0,0,0
9,95,7,23348.7909096734,10951.3015623372,0,51,0,196,0,0,0
9,95,8,0,1,0,0,0,0,0,0,0
9,96,1,4585.85816145788,2452.992992432,0,0,0,121,0,0,0
9,96,2,4268.28077205376,1492.95076265969,0,0,0,108,0,0,0
9,96,3,3980.50107252247,831.549252789403,0,0,0,218,0,0,0
9,96,4,4260.58370956471,1388.81428907888,0,0,0,211,0,0,0
9,96,5,4759.13536051242,2529.07520008792,0,0,0,103,0,0,0
9,96,6,6659.53244091222,3221.48362399535,3,0,0,195,0,0,0
9,96,7,23355.9183402163,9753.82440959521,31,0,0,213,0,0,0
9,96,8,0,1,0,0,0,0,0,0,0
9,97,1,4626.01384569349,1408.39698455132,2,0,0,179,0,0,0
9,97,2,4317.90436555904,1263.70257855195,0,0,0,149,0,0,0
9,97,3,3981.17121694678,2059.82498063705,0,0,0,83,0,0,0
9,97,4,4328.57672597096,1586.94089177216,0,0,0,138,0,0,0
9,97,5,4875.93615453538,1086.45907855566,0,0,0,252,0,0,0
9,97,6,6792.79162748086,2586.19501444128,6,0,0,166,0,0,0
9,97,7,23434.8954106069,13068.3774865767,29,0,0,210,0,0,0
9,97,8,0,1,0,0,0,0,0,0,0
9,98,1,4632.82546240915,2002.41346158101,0,0,0,140,0,0,0
9,98,2,4314.31149177656,1381.08140226533,0,0,0,126,0,0,0
9,98,3,4007.3832109289,2187.98152237477,0,0,0,181,0,0,0
9,98,4,4354.16224464603,493.753009279294,0,0,0,158,0,0,0
9,98,5,4890.28338164968,2050.66081061673,0,0,0,108,0,0,0
9,98,6,6886.94330307982,3705.93192123053,0,0,0,239,0,0,0
9,98,7,23425.4262215986,13024.7389356353,0,49,0,190,0,0,1
9,98,8,0,1,0,0,0,0,0,0,0
9,99,1,4668.40592520037,1774.32550463012,0,0,0,190,0,0,0
9,99,2,4325.62470514624,2146.77181096526,0,0,0,138,0,0,0
9,99,3,4063.4002235972,2024.56500553989,0,0,0,215,0,0,0
9,99,4,4347.34988835351,1149.28665062444,0,0,0,49,0,0,0
9,99,5,4939.06958426868,2624.96265432652,0,0,0,205,0,0,0
9,99,6,6976.07183334315,4011.37593252195,5,0,0,184,0,0,0
9,99,7,23427.6892122996,5389.31466133703,29,0,0,197,0,0,0
9,99,8,0,1,0,0,0,0,0,0,0
9,100,1,4659.6187819136,2184.50261170349,0,97,0,80,0,0,0
9,100,2,4326.29735861659,1139.56334637033,0,118,0,96,0,0,0
9,100,3,4083.53746827488,1407.64213462971,0,81,0,121,0,0,0
9,100,4,4344.20438792407,1904.48187414279,0,53,0,61,0,0,0
9,100,5,4957.39060463469,2610.63641360458,0,144,0,118,0,0,0
9,100,6,7104.08346699929,3641.40950569535,0,205,0,196,0,0,0
9,100,7,23404.7738922576,12215.8314589842,3,165,0,172,0,0,0
9,100,8,0,1,0,0,0,0,0,0,0
10,1,1,2787.1136,1373.53205516862,0,39,0,58,0,0,0
10,1,2,2782.752,1835.90707512105,0,51,0,29,0,0,0
10,1,3,2783.0976,939.599963551543,0,27,0,19,0,0,0
10,1,4,2783.632,728.977884278243,0,24,0,32,0,0,0
10,1,5,2789.368,1092.94418198867,0,41,0,41,0,0,0
10,1,6,2785.8944,1255.99391341041,0,53,0,46,0,0,0
10,1,7,20342.1295999999,6046.00983976212,0,51,0,48,0,0,0
10,1,8,0,1,0,29,0,23,0,0,0
10,2,1,2804.2576,1197.95038208031,0,0,0,137,0,0,0
10,2,2,2811.4976,1220.24420789236,0,0,0,183,0,0,0
10,2,3,2794.1616,1240.00844035565,0,0,0,93,0,0,0
10,2,4,2793.68,1301.99526120359,0,0,0,72,0,0,0
10,2,5,2806.72,1426.96437391783,0,0,0,109,0,0,0
10,2,6,2804.1424,993.886554192549,0,0,0,125,0,0,0
10,2,7,20299.7071999998,3695.76055401426,24,0,0,220,0,0,0
10,2,8,0,1,0,0,0,0,0,0,0
10,3,1,2817.64512,1147.27447267031,0,0,0,119,0,0,0
10,3,2,2828.6752,810.80029264746,0,0,0,122,0,0,0
10,3,3,2811.92352,797.570147679131,0,0,0,124,0,0,0
10,3,4,2814.528,1431.16486797715,0,0,0,130,0,0,0
10,3,5,2828.79199999999,784.318316557721,0,0,0,142,0,0,0
10,3,6,2817.6704,1511.3721212437,0,0,0,99,0,0,0
10,3,7,20242.5391999997,7791.1474109756,107,0,0,143,0,0,0
10,3,8,0,1,0,0,0,0,0,0,0
10,4,1,2828.24102399999,796.806638267315,0,0,0,114,0,0,0
10,4,2,2835.2608,1137.24611391616,0,0,0,81,0,0,0
10,4,3,2818.97312,898.386446589655,0,0,0,79,0,0,0
10,4,4,2835.45439999999,1059.849543346,0,0,0,143,0,0,0
10,4,5,2836.61759999999,997.996849745308,0,0,0,78,0,0,0
10,4,6,2838.2784,1158.60595551856,0,0,0,151,0,0,0
10,4,7,20202.0316799997,12780.4943651624,31,0,0,232,0,0,3
10,4,8,0,1,0,0,0,0,0,0,0
10,5,1,2830.02662399999,859.754418388208,0,0,0,79,0,0,0
10,5,2,2848.328,1224.61466902355,0,0,0,113,0,0,0
10,5,3,2825.73472,1412.56387690682,0,0,0,89,0,0,0
10,5,4,2845.0448,861.319687841204,0,0,0,105,0,0,0
10,5,5,2845.42079999999,1665.53395954988,0,0,0,99,0,0,0
10,5,6,2850.0784,1255.18851829006,0,0,0,115,0,0,0
10,5,7,20142.0236799996,9956.18395487328,31,0,0,212,0,0,0
10,5,8,0,1,0,0,0,0,0,0,0
10,6,1,2833.87302399999,1055.21640291383,0,0,0,85,0,0,0
10,6,2,2857.45152,899.945556654033,0,0,0,122,0,0,0
10,6,3,2842.55072,511.56673401164,0,0,0,141,0,0,0
10,6,4,2850.89279999999,1110.48542829176,0,0,0,86,0,0,0
10,6,5,2863.87327999999,1498.92646376183,0,11,0,142,0,0,0
10,6,6,2862.0992,1064.92411202182,0,0,0,125,0,0,0
10,6,7,20091.4524799996,9601.76668994308,1,282,0,284,0,0,0
10,6,8,0,1,0,0,0,0,0,0,0
10,7,1,2839.58854399999,1028.31822995887,0,0,0,105,0,0,0
10,7,2,2863.55552,1356.36038915774,0,0,0,89,0,0,0
10,7,3,2839.52512,1096.20930017648,0,0,0,51,0,0,0
10,7,4,2859.23839999999,1573.13288234927,0,0,0,111,0,0,0
10,7,5,2884.72447999999,1078.00240352685,0,0,0,149,0,0,0
10,7,6,2870.4592,1509.75119993571,0,0,0,106,0,0,0
10,7,7,20070.9046399995,9341.38909953725,27,0,0,198,0,0,0
10,7,8,0,1,0,0,0,0,0,0,0
10,8,1,2845.793344,841.641448171143,0,0,0,102,0,0,0
10,8,2,2875.441344,1028.55210699467,0,0,0,135,0,0,0
10,8,3,2847.71872,1364.62129546604,0,0,0,109,0,0,0
10,8,4,2878.91359999999,1455.2829089632,0,0,0,157,0,0,0
10,8,5,2892.91327999999,769.493525044697,0,0,0,107,0,0,0
10,8,6,2890.43808,1592.87477323525,0,0,0,150,0,0,0
10,8,7,20046.6678399995,10794.2354227206,23,0,0,204,0,0,0
10,8,8,0,1,0,0,0,0,0,0,0
10,9,1,2846.313344,1874.93322373327,0,0,0,84,0,0,0
10,9,2,2879.361728,1785.15534971913,0,0,0,102,0,0,0
10,9,3,2861.895424,886.39794553866,0,0,0,136,0,0,0
10,9,4,2891.77759999999,1801.08477497679,0,0,0,145,0,0,0
10,9,5,2894.81625599999,687.686604688381,0,0,0,76,0,0,0
10,9,6,2911.682304,1153.9899452124,0,0,0,159,0,0,0
10,9,7,20024.3112959994,7082.69533903884,23,0,0,259,0,0,1
10,9,8,0,1,0,0,0,0,0,0,0
10,10,1,2854.408704,1841.73703200978,46,0,0,123,0,0,0
10,10,2,2896.963968,1848.402425794,18,0,0,153,0,0,0
10,10,3,2863.749824,643.058061975518,0,0,0,88,0,0,0
10,10,4,2909.00672,1389.03250882234,21,0,0,150,0,0,0
10,10,5,2892.640256,1543.38836203079,0,0,0,68,0,0,0
10,10,6,2928.403584,651.633562474354,0,0,0,115,0,0,0
10,10,7,20006.2812799993,6531.57729707309,222,1,0,262,0,0,15
10,10,8,0,1,0,0,0,0,0,0,0
10,11,1,2853.986624,1144.38815810152,0,102,0,82,0,0,0
10,11,2,2900.636672,628.983993652915,0,82,0,102,0,0,0
10,11,3,2851.451968,1518.65822986858,0,30,0,34,0,0,0
10,11,4,2900.97536,1320.16467569249,0,67,0,71,0,0,0
10,11,5,2886.493056,1029.80003598236,0,92,0,62,0,0,0
10,11,6,2918.456448,1578.61327100987,0,24,0,41,0,0,0
10,11,7,19966.7656447993,6569.16988008095,8,183,0,178,0,0,0
10,11,8,0,1,0,0,0,0,0,0,0
10,12,1,2873.30842880001,655.352442975524,0,0,0,114,0,0,0
10,12,2,2908.716032,807.001486955459,0,0,0,62,0,0,0
10,12,3,2875.62540800001,1437.548638285,0,0,0,151,0,0,0
10,12,4,2922.710336,748.641158970947,0,0,0,132,0,0,0
10,12,5,2898.132032,1426.2075069456,0,0,0,102,0,0,0
10,12,6,2948.770304,1195.93386086745,0,0,0,157,0,0,0
10,12,7,19972.1612159992,10245.5556337452,28,0,0,225,0,0,0
10,12,8,0,1,0,0,0,0,0,0,0
10,13,1,2878.22132480001,427.596676971655,0,0,0,65,0,0,0
10,13,2,2916.413952,1470.58060737053,0,0,0,80,0,0,0
10,13,3,2898.34316800001,1777.65671669378,0,0,0,143,0,0,0
10,13,4,2926.144896,1704.69071742716,0,0,0,74,0,0,0
10,13,5,2918.236608,1080.76179937014,0,0,0,142,0,0,0
10,13,6,2965.46310400001,1153.81645614262,0,0,0,119,0,0,0
10,13,7,19963.2850457591,6712.29316781745,27,0,0,177,0,0,0
10,13,8,0,1,0,0,0,0,0,0,0
10,14,1,2876.57268480001,1950.96958793219,0,0,0,42,0,0,0
10,14,2,2935.62689280001,1188.72301537159,0,0,0,147,0,0,0
10,14,3,2924.52595200001,830.442146216887,0,0,0,177,0,0,0
10,14,4,2949.488896,714.745116950223,0,0,0,170,0,0,0
10,14,5,2929.474752,1004.95323497843,0,0,0,108,0,0,0
10,14,6,2981.17171200001,853.323485670276,0,0,0,115,0,0,0
10,14,7,19951.9176857591,8090.7807761234,128,0,0,170,0,0,0
10,14,8,0,1,0,0,0,0,0,0,0
10,15,1,2906.10412800001,1452.0446233536,0,0,0,187,0,0,0
10,15,2,2958.57141760001,1009.00648761148,0,0,0,118,0,0,0
10,15,3,2931.25710080001,1425.42524977361,0,0,0,83,0,0,0
10,15,4,2954.52452864,711.095146518216,0,0,0,71,0,0,0
10,15,5,2942.44216320001,1080.9919894422,0,0,0,100,0,0,0
10,15,6,2996.864256,1348.53267778062,0,0,0,85,0,0,0
10,15,7,19959.272939519,10107.8655249417,67,0,0,177,0,0,0
10,15,8,0,1,0,0,0,0,0,0,0
10,16,1,2926.92876800001,1219.76447204632,0,0,0,145,0,0,0
10,16,2,2966.25799680001,1375.59656599268,0,0,0,100,0,0,0
10,16,3,2951.19497216001,993.238441105046,0,0,0,142,0,0,0
10,16,4,2956.78109184,1407.25074426457,0,0,0,71,0,0,0
10,16,5,2950.73205760001,1415.57338686788,0,0,0,108,0,0,0
10,16,6,3019.97945600001,1445.78663443736,0,0,0,134,0,0,0
10,16,7,19961.1992755189,4698.85933649473,46,0,0,202,0,0,0
10,16,8,0,1,0,0,0,0,0,0,0
10,17,1,2938.74010880001,1359.12984054919,0,0,0,121,0,0,0
10,17,2,2983.69648640001,1197.13798554617,0,0,0,137,0,0,0
10,17,3,2955.80937216001,815.546401572991,0,0,0,99,0,0,0
10,17,4,2970.03172864,871.064031098911,0,0,0,140,0,0,0
10,17,5,2964.02863360001,1006.61032707349,0,0,0,141,0,0,0
10,17,6,3033.49351680001,1412.22433087056,10,0,0,124,0,0,0
10,17,7,19952.9507635189,13112.5682061701,144,0,0,179,0,0,2
10,17,8,0,1,0,0,0,0,0,0,0
10,18,1,2950.47714560001,1230.68139147523,0,0,0,135,0,0,0
10,18,2,2989.09175296001,813.962718784485,0,0,0,119,0,0,0
10,18,3,2954.28308736001,1402.11613998213,0,0,0,81,0,0,0
10,18,4,2973.01679104,954.779687140403,0,0,0,87,0,0,0
10,18,5,2962.46108160001,1360.27391658901,0,0,0,100,0,0,0
10,18,6,3050.24812800001,789.975069203333,0,0,0,141,0,0,0
10,18,7,19960.4026035189,7280.72532031871,34,0,0,263,0,0,0
10,18,8,0,1,0,0,0,0,0,0,0
10,19,1,2957.93295360001,1072.93433644797,0,0,0,123,0,0,0
10,19,2,2982.24455680001,1022.55503783185,0,0,0,81,0,0,0
10,19,3,2964.29334016001,1327.96292044198,0,0,0,140,0,0,0
10,19,4,2973.6373694464,1356.59886996407,0,0,0,95,0,0,0
10,19,5,2969.97257420801,1213.7250825535,0,0,0,136,0,0,0
10,19,6,3052.58784000001,1699.32169719843,0,0,0,78,0,0,0
10,19,7,19954.8140574709,5462.35124958262,42,0,0,212,0,0,0
10,19,8,0,1,0,0,0,0,0,0,0
10,20,1,2948.69201152001,2248.95965374209,0,61,0,46,0,0,0
10,20,2,2970.06821376001,655.335111491928,0,51,0,51,0,0,0
10,20,3,2953.40858112001,977.835360810853,0,80,0,52,0,0,0
10,20,4,2968.52109424641,881.801526599533,0,71,0,64,0,0,0
10,20,5,2957.21456076801,1491.80511526339,0,63,0,58,0,0,0
10,20,6,3063.99613696001,1882.23161232897,0,71,0,98,0,0,0
10,20,7,19957.8137886708,4378.66545898193,0,278,0,268,0,0,0
10,20,8,0,1,0,0,0,0,0,0,0
10,21,1,2972.74935603201,1208.34584623562,6,0,0,183,0,0,0
10,21,2,2975.06919987201,787.31304863668,0,0,0,65,0,0,0
10,21,3,2968.68528179201,667.712397916891,0,0,0,97,0,0,0
10,21,4,2980.56964464641,763.607395812488,0,0,0,88,0,0,0
10,21,5,2983.22433996801,571.863251577723,0,0,0,149,0,0,0
10,21,6,3094.57034496001,880.420131797248,4,0,0,160,0,0,0
10,21,7,19988.4480419828,9925.53176620925,41,0,0,187,0,0,0
10,21,8,0,1,0,0,0,0,0,0,0
10,22,1,2990.02114355201,1357.2133726722,0,0,0,120,0,0,0
10,22,2,2981.97270067202,961.637345004106,0,0,0,78,0,0,0
10,22,3,2973.96476723201,1328.80767809463,0,0,0,66,0,0,0
10,22,4,2991.55665264641,1065.77748757143,0,0,0,76,0,0,0
10,22,5,2990.59874252801,1510.92153277845,0,0,0,57,0,0,0
10,22,6,3112.60752896001,2347.64212941437,0,0,0,88,0,0,0
10,22,7,20020.3653539828,10857.3346557158,30,0,0,194,0,0,0
10,22,8,0,1,0,0,0,0,0,0,0
10,23,1,3007.08412160001,614.12074909716,0,0,0,135,0,0,0
10,23,2,2993.29615667202,1449.16367014118,0,0,0,96,0,0,0
10,23,3,2991.91411804161,1818.71481531139,0,0,0,132,0,0,0
10,23,4,3004.86536560641,1654.28893988466,0,0,0,106,0,0,0
10,23,5,3017.61885132801,1042.9036666757,0,0,0,151,0,0,0
10,23,6,3153.02794496001,1629.86543468476,0,0,0,199,0,0,2
10,23,7,20053.2451619828,8742.04408875261,30,0,0,243,0,0,0
10,23,8,0,1,0,0,0,0,0,0,0
10,24,1,3009.87727616001,1135.45657016562,0,0,0,61,0,0,0
10,24,2,3016.77052467202,965.013434910305,2,0,0,138,0,0,0
10,24,3,3025.37769879553,855.681614455214,0,0,0,181,0,0,0
10,24,4,3028.59499120641,1788.52579027396,3,0,0,154,0,0,0
10,24,5,3035.08958412801,1622.97783023053,0,0,0,104,0,0,0
10,24,6,3187.22571776001,1842.93516017744,0,0,0,160,0,0,0
10,24,7,20094.5792672961,11568.6685279028,193,0,0,237,0,0,0
10,24,8,0,1,0,0,0,0,0,0,0
10,25,1,3022.01647616001,1459.80041373907,0,0,0,113,0,0,0
10,25,2,3020.65946163202,1227.51749023338,0,0,0,96,0,0,0
10,25,3,3032.40492695553,1155.60824639243,0,0,0,85,0,0,0
10,25,4,3052.64592240641,1988.76378433815,0,0,0,173,0,0,0
10,25,5,3054.44256768001,1025.31682172107,0,0,0,162,0,0,0
10,25,6,3217.16665600002,1287.78610858403,0,0,0,176,0,0,0
10,25,7,20129.8791712961,4652.71361616727,65,0,0,220,0,0,0
10,25,8,0,1,0,0,0,0,0,0,0
10,26,1,3041.56616140801,1077.0906444088,0,0,0,145,0,0,0
10,26,2,3031.69381683202,1140.83654728571,9,0,0,108,0,0,0
10,26,3,3045.84365729793,1175.33085664607,0,0,0,115,0,0,0
10,26,4,3076.56942192641,582.651452873707,18,0,0,169,0,0,0
10,26,5,3066.50523392001,1715.83584294557,0,0,0,102,0,0,0
10,26,6,3238.16872755202,1883.39511501147,2,0,0,125,0,0,0
10,26,7,20155.428513504,11512.2054996114,191,0,0,159,0,0,0
10,26,8,0,1,0,0,0,0,0,0,0
10,27,1,3053.74080716801,1335.08968211069,0,0,0,107,0,0,0
10,27,2,3041.80352563202,695.060652406531,0,0,0,114,0,0,0
10,27,3,3056.59604385793,1521.20468661387,0,0,0,117,0,0,0
10,27,4,3071.37363312641,738.862949625193,0,0,0,58,0,0,0
10,27,5,3089.11657062401,1293.70819872693,0,0,0,171,0,0,0
10,27,6,3280.35933440002,1551.65969909209,0,0,0,188,0,0,0
10,27,7,20194.260193504,9197.91414884183,38,0,0,201,0,0,0
10,27,8,0,1,0,0,0,0,0,0,0
10,28,1,3077.92471541762,1855.96530388699,0,0,0,133,0,0,0
10,28,2,3042.70426419202,1879.05502242812,0,0,0,69,0,0,0
10,28,3,3080.29262766082,1205.01490195947,0,0,0,150,0,0,0
10,28,4,3066.55160576001,1184.61712867082,0,0,0,73,0,0,0
10,28,5,3105.33624258561,954.340577014776,0,0,0,129,0,0,0
10,28,6,3320.82229258242,1119.81583589109,0,0,0,155,0,0,0
10,28,7,20245.133401824,8483.90652436619,84,0,0,200,0,0,0
10,28,8,0,1,0,0,0,0,0,0,0
10,29,1,3111.1021770957,1462.74018184833,2,0,0,170,0,0,0
10,29,2,3066.05989724162,1150.22273007864,1,0,0,182,0,0,0
10,29,3,3085.94286460929,2203.64649321042,0,0,0,120,0,0,0
10,29,4,3071.81172285441,371.215883766674,0,0,0,118,0,0,0
10,29,5,3105.86457395201,1365.73002776363,0,0,0,95,0,0,0
10,29,6,3341.12078858242,1403.9554905157,0,0,0,111,0,0,0
10,29,7,20280.547993869,8984.96573646676,114,0,0,176,0,0,1
10,29,8,0,1,0,0,0,0,0,0,0
10,30,1,3132.6362495181,1089.58836851226,0,0,0,146,0,0,0
10,30,2,3069.62463580162,1152.54975753921,0,0,0,115,0,0,0
10,30,3,3098.50849748584,1411.17478800651,12,0,0,151,0,0,0
10,30,4,3049.39222333441,800.478798300414,0,0,0,37,0,0,0
10,30,5,3116.81884354561,324.87027163439,0,0,0,136,0,0,0
10,30,6,3365.87078973442,1659.15049563795,0,0,0,140,0,0,0
10,30,7,20325.7778115407,5524.21785013585,126,0,0,211,0,0,0
10,30,8,0,1,0,0,0,0,0,0,0
10,31,1,3141.8821001421,1443.67430004596,0,0,0,108,0,0,0
10,31,2,3076.90600926824,1163.24025727069,0,0,0,115,0,0,0
10,31,3,3115.48256212584,1874.39364908909,0,0,0,141,0,0,0
10,31,4,3043.31616710657,1198.50030564886,0,0,0,80,0,0,0
10,31,5,3102.82487877633,557.189412441383,0,0,0,32,0,0,0
10,31,6,3393.94459648002,1329.72455776142,13,0,0,137,0,0,0
10,31,7,20380.8086283627,7806.78015551102,149,0,0,224,0,0,0
10,31,8,0,1,0,0,0,0,0,0,0
10,32,1,3162.7537862861,1725.13730052719,0,0,0,144,0,0,0
10,32,2,3081.78984316029,946.189413925483,0,0,0,116,0,0,0
10,32,3,3131.18717541992,1901.58627510438,2,0,0,166,0,0,0
10,32,4,3045.16288979354,782.455621680733,0,0,0,119,0,0,0
10,32,5,3092.82005317633,1136.24088510691,0,0,0,55,0,0,0
10,32,6,3415.16326604802,1572.56011266096,0,0,0,132,0,0,0
10,32,7,20423.8377458027,6756.74170267281,62,0,0,216,0,0,0
10,32,8,0,1,0,0,0,0,0,0,0
10,33,1,3170.68226937243,1132.82446624369,11,0,0,142,0,0,0
10,33,2,3086.01659290749,1405.34378457507,0,0,0,94,0,0,0
10,33,3,3138.62936278632,1399.56399727753,9,0,0,165,0,0,0
10,33,4,3036.79128720098,1575.97249292765,0,0,0,78,0,0,0
10,33,5,3093.05502738433,778.678796486801,0,0,0,113,0,0,0
10,33,6,3436.7348256973,1569.04435824078,5,0,0,142,0,0,0
10,33,7,20459.0344152427,7907.11672839894,169,0,0,218,0,0,0
10,33,8,0,1,0,0,0,0,0,0,0
10,34,1,3178.21091152283,1400.58974363161,0,0,0,113,0,0,0
10,34,2,3094.57266732157,759.376232652396,0,0,0,140,0,0,0
10,34,3,3147.5532405924,1207.45216552574,0,0,0,139,0,0,0
10,34,4,3047.72233860367,611.386816004529,0,0,0,157,0,0,0
10,34,5,3082.51293458433,1410.71858927297,0,0,0,77,0,0,0
10,34,6,3466.95511642114,1506.60597451084,0,0,0,156,0,0,0
10,34,7,20494.5639481707,4979.13161299103,98,0,0,178,0,0,1
10,34,8,0,1,0,0,0,0,0,0,0
10,35,1,3169.57073873078,1744.63605485301,0,69,0,71,0,0,0
10,35,2,3067.72095265916,857.687804189985,0,34,0,41,0,0,0
10,35,3,3113.4655949988,1883.30008497336,0,61,0,59,0,0,0
10,35,4,3016.45989887247,1500.21820593274,0,29,0,32,0,0,0
10,35,5,3068.86634905601,1094.01171787858,0,64,0,77,0,0,0
10,35,6,3472.29838405635,1039.66730552849,0,63,0,87,0,0,0
10,35,7,20531.7933850618,3552.82245365329,0,270,0,227,0,0,0
10,35,8,0,1,0,0,0,0,0,0,0
10,36,1,3187.34885163189,1374.28607757171,1,0,0,169,0,0,0
10,36,2,3063.21962128508,476.42045500566,0,0,0,85,0,0,0
10,36,3,3115.3992081572,1274.41195010514,10,0,0,150,0,0,0
10,36,4,3018.56584303887,658.325501115355,0,0,0,150,0,0,0
10,36,5,3078.77496225793,1324.73632722944,0,0,0,109,0,0,0
10,36,6,3487.13716281346,1987.36965395625,0,0,0,103,0,0,0
10,36,7,20567.1460353018,11958.8883078279,38,0,0,215,0,0,0
10,36,8,0,1,0,0,0,0,0,0,0
10,37,1,3200.51301403724,429.697622225531,0,0,0,137,0,0,0
10,37,2,3045.62170258556,1539.80524066752,0,0,0,47,0,0,0
10,37,3,3118.9272695315,1480.32117869506,0,0,0,127,0,0,0
10,37,4,3009.12770374927,1099.65401816365,0,0,0,65,0,0,0
10,37,5,3093.35651796993,764.077798517711,0,0,0,132,0,0,0
10,37,6,3534.79260078083,1691.03807089973,0,0,0,198,0,0,0
10,37,7,20607.0595066874,8260.28498004964,29,0,0,210,0,0,0
10,37,8,0,1,0,0,0,0,0,0,0
10,38,1,3193.09261884491,1515.52315680652,0,0,0,42,0,0,0
10,38,2,3067.4678704061,1123.59540283438,0,0,0,153,0,0,0
10,38,3,3150.50688816809,812.655945898212,0,0,0,148,0,0,0
10,38,4,3019.40992432862,1462.49790235437,0,0,0,109,0,0,0
10,38,5,3096.74291415041,1246.42106614024,0,0,0,76,0,0,0
10,38,6,3594.6125775307,800.62579607129,0,0,0,169,0,0,0
10,38,7,20647.963996057,6066.12385998062,58,0,0,169,0,0,0
10,38,8,0,1,0,0,0,0,0,0,0
10,39,1,3211.9507400814,1767.00740182365,1,0,0,149,0,0,0
10,39,2,3067.97357187765,1204.38651373886,0,0,0,112,0,0,0
10,39,3,3143.39556200515,1970.60548923984,0,0,0,81,0,0,0
10,39,4,3028.39438855288,1205.72622239829,0,0,0,146,0,0,0
10,39,5,3109.7270669476,435.95150838029,0,0,0,124,0,0,0
10,39,6,3601.45312800443,1219.62679196998,0,0,0,80,0,0,0
10,39,7,20682.1032662829,4731.79174069456,189,0,0,189,0,0,0
10,39,8,0,1,0,0,0,0,0,0,0
10,40,1,3221.44680676018,1398.27798817303,14,0,0,143,0,0,0
10,40,2,3071.74144244815,1376.42579494709,0,0,0,120,0,0,0
10,40,3,3150.59254188098,955.250405266002,1,0,0,187,0,0,5
10,40,4,3025.56021577234,1178.70740751479,0,0,0,120,0,0,0
10,40,5,3097.58048675432,1635.57543632416,0,0,0,43,0,0,0
10,40,6,3626.40168062323,1237.03834552851,0,0,0,121,0,0,0
10,40,7,20704.7128586029,7676.49824654245,134,0,0,151,0,0,0
10,40,8,0,1,0,0,0,0,0,0,0
10,41,1,3246.58935362773,1754.85585789766,0,0,0,139,0,0,0
10,41,2,3084.68829204779,1250.91095294135,0,0,0,137,0,0,0
10,41,3,3149.32499700991,875.712615656985,0,0,0,95,0,0,0
10,41,4,3034.69444528043,940.994360552256,0,0,0,117,0,0,0
10,41,5,3118.12295884211,1174.03724418254,0,0,0,163,0,0,0
10,41,6,3662.00504270015,2076.66086965717,0,0,0,123,0,0,0
10,41,7,20787.7752264869,9343.62162975187,41,0,0,309,0,0,0
10,41,8,0,1,0,0,0,0,0,0,0
10,42,1,3278.5631307436,1459.68911126011,0,0,0,175,0,0,0
10,42,2,3090.64723178099,1989.8533867681,0,0,0,125,0,0,0
10,42,3,3145.05267959366,815.595658981206,0,0,0,87,0,0,0
10,42,4,3026.9169336225,913.212408744552,0,0,0,94,0,0,0
10,42,5,3119.11941411538,976.194440422218,0,0,0,117,0,0,0
10,42,6,3729.0865123728,851.531680031026,0,0,0,203,0,0,0
10,42,7,20856.5089172475,6786.51555700911,0,38,0,228,0,0,0
10,42,8,0,1,0,0,0,0,0,0,0
10,43,1,3270.40974965432,1319.49241685025,0,96,0,49,0,0,0
10,43,2,3080.00155587269,1005.70029137904,0,102,0,96,0,0,0
10,43,3,3122.82646755968,2046.30007106602,0,47,0,34,0,0,0
10,43,4,3008.14502739493,687.16107044714,0,46,0,45,0,0,0
10,43,5,3100.13969711217,1133.15936027478,0,48,0,49,0,0,0
10,43,6,3729.97426165811,1574.60206076311,0,47,0,38,0,0,0
10,43,7,20969.2938207923,12686.1515386273,0,326,0,352,0,0,0
10,43,8,0,1,0,0,0,0,0,0,0
10,44,1,3284.1008004821,1020.29335822539,0,0,0,131,0,0,0
10,44,2,3080.89707897131,870.42306231551,0,0,0,100,0,0,0
10,44,3,3144.5158145858,1600.57732838948,0,0,0,204,0,0,0
10,44,4,2994.66603271799,1142.84379825557,0,0,0,68,0,0,0
10,44,5,3101.32090504346,809.39871011541,0,0,0,113,0,0,0
10,44,6,3756.89868676762,1327.48890130215,0,0,0,157,0,0,0
10,44,7,21015.9289946803,11937.1478193023,23,2,0,260,0,0,0
10,44,8,0,1,0,0,0,0,0,0,0
10,45,1,3298.37675072041,1096.45272891116,0,0,0,102,0,0,0
10,45,2,3085.29008220561,1480.25692958404,0,0,0,87,0,0,0
10,45,3,3157.20604292137,1317.69796625813,0,0,0,160,0,0,0
10,45,4,2991.41120156418,1293.04682086356,0,0,0,114,0,0,0
10,45,5,3101.56929039104,798.820627912049,0,0,0,80,0,0,0
10,45,6,3777.17930216372,1688.02749056378,0,0,0,132,0,0,0
10,45,7,21066.9093215063,5505.93392055176,20,0,0,274,0,0,1
10,45,8,0,1,0,0,0,0,0,0,0
10,46,1,3316.48142432497,858.649610716558,0,0,0,109,0,0,0
10,46,2,3101.82232283868,1406.44655467259,0,0,0,148,0,0,0
10,46,3,3165.76081514762,796.656282070857,0,0,0,131,0,0,0
10,46,4,2999.33199539811,1217.988351891,0,0,0,129,0,0,0
10,46,5,3101.58307586904,1872.25310162699,0,0,0,79,0,0,0
10,46,6,3807.50235652147,2507.91953457235,0,0,0,168,0,0,0
10,46,7,21102.7056975991,8430.01783894339,31,0,0,195,0,0,0
10,46,8,0,1,0,0,0,0,0,0,0
10,47,1,3331.62590781996,1738.91849941836,0,0,0,85,0,0,0
10,47,2,3123.08984416971,1715.72208869277,0,0,0,140,0,0,0
10,47,3,3168.07379578497,893.214366282983,0,0,0,79,0,0,0
10,47,4,3015.29103108821,1066.8178865053,0,0,0,121,0,0,0
10,47,5,3136.8629217323,1149.98215440619,0,0,0,187,0,0,0
10,47,6,3876.32890619093,1302.57112132572,2,0,0,186,0,0,0
10,47,7,21159.7115695182,11728.2861358583,28,0,0,211,0,0,0
10,47,8,0,1,0,0,0,0,0,0,0
10,48,1,3360.17778595085,1740.20710887573,0,0,0,173,0,0,0
10,48,2,3134.43895278939,1871.51796755956,0,0,0,171,0,0,0
10,48,3,3161.16843109731,701.159482513974,0,0,0,89,0,0,0
10,48,4,3012.8111658455,1483.92518795243,0,0,0,106,0,0,0
10,48,5,3140.65852187811,739.475885083755,0,0,0,114,0,0,0
10,48,6,3890.68405220336,2630.46285758123,0,0,0,130,0,0,0
10,48,7,21184.8399254606,7424.31234193974,32,0,0,205,0,0,0
10,48,8,0,1,0,0,0,0,0,0,0
10,49,1,3376.55503571296,1309.09021630855,10,0,0,151,0,0,0
10,49,2,3152.08850144209,1140.16685539808,15,0,0,155,0,0,0
10,49,3,3148.96058049782,1010.3114318165,0,0,0,70,0,0,0
10,49,4,3017.59978723673,659.917561459414,0,0,0,148,0,0,0
10,49,5,3139.82701976018,1544.86402960629,0,0,0,73,0,0,0
10,49,6,3923.653026396,1395.06932395433,46,0,0,166,0,0,0
10,49,7,21228.0588951055,3278.76758068819,247,0,0,223,0,0,0
10,49,8,0,1,0,0,0,0,0,0,0
10,50,1,3380.6408233156,1554.67904156613,13,0,0,109,0,0,0
10,50,2,3157.12071947795,936.835726393433,0,0,0,114,0,0,0
10,50,3,3140.42915367817,1234.95932957919,0,0,0,101,0,0,0
10,50,4,3004.28247148234,791.867840262232,1,0,0,64,0,0,0
10,50,5,3147.51914461604,1559.58504132958,24,0,0,115,0,0,0
10,50,6,3961.22599495266,915.373903981793,2,0,0,136,0,0,0
10,50,7,21257.0055860546,9793.59334224319,104,0,0,161,0,0,0
10,50,8,0,1,0,0,0,0,0,0,0
10,51,1,3393.39888031584,843.355519709853,0,0,0,155,0,0,0
10,51,2,3150.94924631092,400.788949305513,0,0,0,93,0,0,0
10,51,3,3143.85467874221,1652.89621489709,0,0,0,123,0,0,0
10,51,4,2999.06256684224,306.034123816438,0,0,0,79,0,0,0
10,51,5,3160.57062686646,1485.14027956232,0,0,0,155,0,0,0
10,51,6,3979.62122299422,1926.41700024684,0,0,0,91,0,0,0
10,51,7,21300.516057443,8301.87930947055,10,13,0,184,0,0,0
10,51,8,0,1,0,0,0,0,0,0,0
10,52,1,3373.20976595193,1466.29814492577,0,44,0,40,0,0,0
10,52,2,3115.75984584876,491.673669907698,0,24,0,16,0,0,0
10,52,3,3121.98515690885,806.000491116157,0,93,0,72,0,0,0
10,52,4,2972.26019134985,1331.72469742202,0,7,0,23,0,0,0
10,52,5,3152.51193852056,1788.52980068684,0,74,0,74,0,0,0
10,52,6,3986.64529005987,708.09199441705,0,108,0,84,0,0,0
10,52,7,21350.797502551,7905.31818030165,5,227,0,253,0,0,1
10,52,8,0,1,0,0,0,0,0,0,0
10,53,1,3386.64435230964,871.691786434429,0,0,0,146,0,0,0
10,53,2,3095.64797017842,1877.89791166818,0,0,0,49,0,0,0
10,53,3,3112.92417117736,1408.86947449621,0,0,0,80,0,0,0
10,53,4,2974.23950382845,1076.86805367554,0,0,0,133,0,0,0
10,53,5,3182.12963708546,1390.68789419961,0,0,0,178,0,0,0
10,53,6,4003.00872849456,1135.74442423706,0,0,0,70,0,0,0
10,53,7,21417.2309809767,10885.998510775,25,0,0,282,0,0,0
10,53,8,0,1,0,0,0,0,0,0,0
10,54,1,3389.81298161782,1119.36388914463,0,0,0,87,0,0,0
10,54,2,3115.1848863533,913.325124469053,0,0,0,183,0,0,0
10,54,3,3116.66133537741,1508.73308475177,0,0,0,140,0,0,0
10,54,4,2973.4217982293,411.849634374221,0,0,0,107,0,0,0
10,54,5,3204.78304223764,2133.35081925678,0,0,0,139,0,0,0
10,54,6,4036.01640442563,1512.79694845251,0,0,0,113,0,0,0
10,54,7,21467.7849935773,9807.29549665894,28,0,0,208,0,0,0
10,54,8,0,1,0,0,0,0,0,0,0
10,55,1,3394.9757170304,1904.66161769565,0,0,0,111,0,0,0
10,55,2,3109.58557487832,949.729369927683,0,0,0,91,0,0,0
10,55,3,3137.83295144026,1031.99460701246,0,0,0,150,0,0,0
10,55,4,2961.23407459306,1586.22885767603,0,0,0,41,0,0,0
10,55,5,3242.54139634584,1099.06878088245,0,0,0,211,0,0,0
10,55,6,4085.1974613632,3377.03169313464,0,0,0,151,0,0,0
10,55,7,21516.0998748194,7802.19520791186,24,0,0,186,0,0,0
10,55,8,0,1,0,0,0,0,0,0,0
10,56,1,3443.72434375013,1925.41284503449,0,0,0,181,0,0,0
10,56,2,3116.50647805442,1199.23539164189,0,0,0,94,0,0,0
10,56,3,3154.46613170944,348.965664890342,0,0,0,103,0,0,0
10,56,4,3000.60496715867,1521.08988518359,0,0,0,158,0,0,0
10,56,5,3264.96576154197,753.993429466653,0,0,0,109,0,0,0
10,56,6,4170.377077236,1037.06332862633,24,0,0,166,0,0,0
10,56,7,21582.1270349906,6860.34013885567,81,0,0,209,0,0,0
10,56,8,0,1,0,0,0,0,0,0,0
10,57,1,3471.02578441325,1555.77694881125,0,1,0,182,0,0,0
10,57,2,3117.44550232668,1784.97385144452,0,0,0,119,0,0,0
10,57,3,3131.88757936614,1626.58478055727,0,0,0,34,0,0,0
10,57,4,3008.70974519512,1658.5366505738,0,0,0,152,0,0,0
10,57,5,3265.58471673511,1706.62019209732,0,0,0,75,0,0,0
10,57,6,4191.76010962607,1944.84968998898,0,0,0,103,0,0,0
10,57,7,21612.34027017,6216.51405323121,0,52,0,197,0,0,0
10,57,8,0,1,0,0,0,0,0,0,0
10,58,1,3453.2245655832,1646.18238211045,0,102,0,53,0,0,0
10,58,2,3116.07241385007,943.185302824844,0,82,0,96,0,0,0
10,58,3,3121.48659373716,624.562881798294,0,79,0,83,0,0,0
10,58,4,3004.51030533803,1051.93599283703,0,86,0,79,0,0,0
10,58,5,3270.77557551215,638.879371157361,0,77,0,93,0,0,0
10,58,6,4194.77144626305,2119.01422908086,0,112,0,82,0,0,0
10,58,7,21694.7178777699,12024.2845197035,0,312,0,307,0,0,0
10,58,8,0,1,0,0,0,0,0,0,0
10,59,1,3475.48434312131,982.745711935215,0,0,0,164,0,0,0
10,59,2,3118.58242360415,1159.80218288083,0,0,0,94,0,0,0
10,59,3,3122.31722870113,1583.46869404313,0,0,0,62,0,0,0
10,59,4,3008.94695587846,1037.9808223596,0,0,0,105,0,0,0
10,59,5,3272.75338675106,1416.92331839751,0,0,0,63,0,0,0
10,59,6,4253.09103080074,2071.3853674013,0,0,0,211,0,0,0
10,59,7,21738.1454370196,8073.81146788896,25,0,0,210,0,0,2
10,59,8,0,1,0,0,0,0,0,0,0
10,60,1,3505.52490821122,738.0450221694,0,0,0,98,0,0,0
10,60,2,3143.3003284101,1636.80005578981,0,0,0,115,0,0,0
10,60,3,3161.07176703086,780.820530935926,0,0,0,158,0,0,0
10,60,4,3032.15958017552,548.973410062021,0,0,0,103,0,0,0
10,60,5,3315.11559471146,1563.85783080822,0,0,0,141,0,0,0
10,60,6,4376.31505502113,1229.04847042869,0,0,0,197,0,0,0
10,60,7,21835.3948792482,9877.73174183693,52,0,0,204,0,0,0
10,60,8,0,1,0,0,0,0,0,0,0
10,61,1,3513.96718777402,726.634626766625,0,0,0,73,0,0,0
10,61,2,3175.74838142122,1527.2147555227,0,0,0,163,0,0,0
10,61,3,3160.03590808485,1412.93565959366,0,0,0,78,0,0,0
10,61,4,3022.97760813679,1426.3450094746,0,0,0,54,0,0,0
10,61,5,3350.98698011228,1528.57338936356,0,0,0,156,0,0,0
10,61,6,4421.56709921616,1288.97127696491,0,0,0,122,0,0,0
10,61,7,21892.7407879961,12548.0124793225,42,0,0,195,0,0,0
10,61,8,0,1,0,0,0,0,0,0,0
10,62,1,3514.59466083767,633.632131210562,0,0,0,72,0,0,0
10,62,2,3194.21448222071,1635.29290386885,0,0,0,152,0,0,0
10,62,3,3172.21681202882,1141.10801841602,0,0,0,141,0,0,0
10,62,4,3038.66486972301,937.184180327593,0,0,0,142,0,0,0
10,62,5,3379.24435350834,1081.37030518336,0,0,0,152,0,0,0
10,62,6,4460.81243258247,1350.02255921771,0,0,0,128,0,0,0
10,62,7,21945.3957641189,8884.69022510257,34,0,0,252,0,0,3
10,62,8,0,1,0,0,0,0,0,0,0
10,63,1,3525.57048295383,794.123080132367,0,0,0,63,0,0,0
10,63,2,3219.10823854609,955.133599006511,36,0,0,120,0,0,0
10,63,3,3187.93283021721,1733.46839161081,0,0,0,114,0,0,0
10,63,4,3054.8711497311,1081.50745036713,1,0,0,92,0,0,0
10,63,5,3403.92794545324,694.920673654888,0,0,0,108,0,0,0
10,63,6,4503.77927061152,1933.36866646241,19,0,0,112,0,0,0
10,63,7,22010.7348037731,14616.4987925747,192,5,0,195,0,0,3
10,63,8,0,1,0,0,0,0,0,0,0
10,64,1,3530.47085989538,672.198019782573,0,0,0,79,0,0,0
10,64,2,3218.29177895143,1045.25666163006,0,0,0,95,0,0,0
10,64,3,3214.07344907941,1871.77225737385,0,0,0,169,0,0,0
10,64,4,3059.43650144084,1416.16490714711,0,0,0,108,0,0,0
10,64,5,3399.25861975724,1647.03018889277,0,0,0,69,0,0,0
10,64,6,4562.05491432492,1744.05821580922,0,0,0,193,0,0,0
10,64,7,22063.401781339,10577.1803588037,69,0,0,273,0,0,0
10,64,8,0,1,0,0,0,0,0,0,0
10,65,1,3516.62179454134,1296.1533933194,0,0,0,67,0,0,0
10,65,2,3220.53008708847,1796.67050827004,0,0,0,104,0,0,0
10,65,3,3228.50554368602,464.375882820438,14,0,0,145,0,0,0
10,65,4,3062.64797341176,972.311089161719,0,0,0,141,0,0,0
10,65,5,3418.42669576199,985.017243749869,0,0,0,164,0,0,0
10,65,6,4613.52066329977,2370.24338116766,0,0,0,173,0,0,0
10,65,7,22103.9964126298,9250.1752233501,263,0,0,276,0,0,0
10,65,8,0,1,0,0,0,0,0,0,0
10,66,1,3516.52222217873,1320.99069943526,38,0,0,84,0,0,0
10,66,2,3226.59702730876,1349.79755419426,53,0,0,116,0,0,0
10,66,3,3214.47006833798,1715.40901279693,0,0,0,46,0,0,0
10,66,4,3056.05820661076,607.94735132287,0,0,0,97,0,0,0
10,66,5,3415.09402981735,1405.57635908392,1,0,0,97,0,0,0
10,66,6,4637.51571467705,2297.93004703087,94,0,0,124,0,0,0
10,66,7,22192.1571276521,10546.0911061961,354,1,0,388,0,0,6
10,66,8,0,1,0,0,0,0,0,0,0
10,67,1,3537.7230031609,1404.87876433074,0,0,0,132,0,0,0
10,67,2,3238.07080374905,1097.08281049228,0,0,0,134,0,0,0
10,67,3,3227.66084077984,1405.78609975538,0,0,0,171,0,0,0
10,67,4,3045.08411203282,707.77938021712,0,0,0,60,0,0,0
10,67,5,3433.87079533847,1445.87270136095,0,0,0,140,0,0,0
10,67,6,4708.1253592342,1062.89525230895,9,0,0,181,0,0,0
10,67,7,22259.2365624941,11434.1983366795,163,0,0,244,0,0,2
10,67,8,0,1,0,0,0,0,0,0,0
10,68,1,3576.07893530181,981.397941906827,0,0,0,140,0,0,0
10,68,2,3247.91967920512,1505.68510530233,0,0,0,109,0,0,0
10,68,3,3243.55303838153,1403.57209567124,0,0,0,140,0,0,0
10,68,4,3034.71683567209,678.816774349621,0,0,0,70,0,0,0
10,68,5,3458.64072007659,1726.01252717138,0,0,0,144,0,0,0
10,68,6,4742.75145617707,1022.11183664519,0,0,0,106,0,0,0
10,68,7,22333.1944939938,7290.4930053062,84,0,0,229,0,0,0
10,68,8,0,1,0,0,0,0,0,0,0
10,69,1,3600.30763478907,1203.1510755706,0,0,0,98,0,0,0
10,69,2,3267.04856100253,853.833505166001,0,25,0,117,0,0,0
10,69,3,3281.85744948424,1700.57493372211,0,4,0,135,0,0,0
10,69,4,3039.40035377703,788.156736926847,0,1,0,66,0,0,0
10,69,5,3487.61263559404,1427.19752258796,0,24,0,141,0,0,0
10,69,6,4827.06726028125,1486.24351871745,0,0,0,102,0,0,0
10,69,7,22445.8069682783,5568.8001882586,5,208,0,216,0,0,0
10,69,8,0,1,0,0,0,0,0,0,0
10,70,1,3601.2282657536,2642.38164204777,0,0,0,120,0,0,0
10,70,2,3252.23323330337,968.357451254966,0,0,0,85,0,0,0
10,70,3,3281.69984971554,1899.48780281745,0,0,0,170,0,0,0
10,70,4,3025.77827992272,1200.97239080781,0,0,0,78,0,0,0
10,70,5,3499.26825421063,1501.76999103102,0,0,0,142,0,0,0
10,70,6,4858.88426971086,1298.01777367348,0,0,0,148,0,0,0
10,70,7,22483.4605577823,10484.0345545233,23,0,0,204,0,0,0
10,70,8,0,1,0,0,0,0,0,0,0
10,71,1,3668.59481995446,2449.16178134047,0,1,0,229,0,0,0
10,71,2,3257.07116235608,1010.01460334205,0,0,0,96,0,0,0
10,71,3,3307.79592147743,1076.81051202135,0,0,0,184,0,0,0
10,71,4,3035.2938602989,1309.77310874232,0,0,0,120,0,0,0
10,71,5,3526.44035964875,1210.68272713089,0,0,0,150,0,0,0
10,71,6,4926.41572505263,1639.96752585332,0,0,0,129,0,0,0
10,71,7,22570.2313362253,10843.5205815678,9,16,0,192,0,0,0
10,71,8,0,1,0,0,0,0,0,0,0
10,72,1,3671.75816586812,1756.14234176599,0,125,0,119,0,0,0
10,72,2,3237.77284336236,1600.66414769329,0,53,0,48,0,0,0
10,72,3,3294.78130381507,2058.65535523138,0,50,0,57,0,0,0
10,72,4,3003.83883627539,977.644619460566,0,63,0,67,0,0,0
10,72,5,3513.8017379934,802.455052919018,0,66,0,55,0,0,0
10,72,6,4948.41815261515,1277.76826025214,0,77,0,86,0,0,0
10,72,7,22656.3981669803,7871.46618801101,7,277,0,250,0,0,0
10,72,8,0,1,0,0,0,0,0,0,0
10,73,1,3713.2483727204,1382.7353984542,0,0,0,175,0,0,0
10,73,2,3260.02873960636,1536.60503820032,0,0,0,160,0,0,0
10,73,3,3320.48140030149,889.003163988032,0,0,0,205,0,0,0
10,73,4,3007.13930026662,1254.56857222172,0,0,0,97,0,0,0
10,73,5,3522.8590072206,1174.96536419957,0,0,0,80,0,0,0
10,73,6,4990.9908009588,1855.7302580331,0,0,0,127,0,0,0
10,73,7,22725.0101539416,5196.05986112358,28,0,0,222,0,0,0
10,73,8,0,1,0,0,0,0,0,0,0
10,74,1,3722.05017756257,1698.55836284097,0,0,0,138,0,0,0
10,74,2,3268.56573572683,1594.44709075633,0,0,0,153,0,0,0
10,74,3,3318.70384439984,2440.02148733513,0,0,0,88,0,0,0
10,74,4,3010.92654567816,897.150166881925,0,0,0,125,0,0,0
10,74,5,3534.56676756828,1478.72464585604,0,0,0,117,0,0,0
10,74,6,5047.55593431474,1811.08855232761,6,0,0,160,0,0,0
10,74,7,22749.1303229016,11235.7519879939,88,0,0,157,0,0,0
10,74,8,0,1,0,0,0,0,0,0,0
10,75,1,3742.19952728148,1898.91559440189,0,0,0,169,0,0,0
10,75,2,3297.04132500447,1427.69477089179,0,0,0,159,0,0,0
10,75,3,3354.89490007701,1423.6699024566,2,0,0,186,0,0,0
10,75,4,3015.40511232173,540.177875646661,0,0,0,89,0,0,0
10,75,5,3566.98897352016,1302.90088296645,0,0,0,147,0,0,0
10,75,6,5132.49361417071,1890.19186687288,0,0,0,181,0,0,0
10,75,7,22844.0871929782,9337.25198462477,39,0,0,195,0,0,0
10,75,8,0,1,0,0,0,0,0,0,0
10,76,1,3808.8499578923,2428.68802671381,0,0,0,189,0,0,0
10,76,2,3322.65181540188,1380.24480307898,0,0,0,142,0,0,0
10,76,3,3388.53431289216,1615.0331191963,0,0,0,142,0,0,0
10,76,4,3006.6197916709,1196.83849510862,0,0,0,54,0,0,0
10,76,5,3588.85263950421,2021.06214743961,0,0,0,130,0,0,0
10,76,6,5263.58304273728,2096.77126917099,0,0,0,170,0,0,0
10,76,7,22951.7429636057,11483.4001624793,50,0,0,173,0,0,0
10,76,8,0,1,0,0,0,0,0,0,0
10,77,1,3855.9019053957,1573.49346978147,2,0,0,199,0,0,0
10,77,2,3345.41540265106,1915.58768301608,0,0,0,138,0,0,0
10,77,3,3421.78227312526,992.364011116215,0,0,0,161,0,0,0
10,77,4,3011.97211935449,684.219261994742,0,0,0,119,0,0,0
10,77,5,3645.62697926094,1755.41566213685,0,0,0,202,0,0,0
10,77,6,5360.47610297217,2453.78377805149,0,0,0,196,0,0,0
10,77,7,23015.2470714587,10432.0983131888,57,0,0,181,0,0,0
10,77,8,0,1,0,0,0,0,0,0,0
10,78,1,3882.17958227717,2481.22797488355,0,0,0,157,0,0,0
10,78,2,3379.68887864572,937.051780547328,0,0,0,191,0,0,0
10,78,3,3417.99850056857,1490.01460940007,0,0,0,99,0,0,0
10,78,4,3004.13506734074,1336.18628173413,0,0,0,68,0,0,0
10,78,5,3680.9725695764,873.156469340217,0,0,0,175,0,0,0
10,78,6,5480.41355637585,3705.07591666824,0,0,0,227,0,0,5
10,78,7,23077.6793448141,12371.4593297889,58,0,0,195,0,0,0
10,78,8,0,1,0,0,0,0,0,0,0
10,79,1,3945.60036091737,1791.94886480923,0,1,0,211,0,0,0
10,79,2,3396.70559663596,790.124174125966,0,0,0,93,0,0,0
10,79,3,3447.50951375375,1045.92044594868,0,0,0,149,0,0,0
10,79,4,3009.03445813264,1189.05646489818,0,0,0,133,0,0,0
10,79,5,3697.5796742007,1124.43033343643,0,0,0,87,0,0,0
10,79,6,5627.87725621232,3075.83279604734,0,7,0,209,0,0,0
10,79,7,23157.6102377535,10054.437974955,0,46,0,208,0,0,0
10,79,8,0,1,0,0,0,0,0,0,0
10,80,1,3968.67573669649,2148.4679648497,0,49,0,115,0,0,0
10,80,2,3394.33687326784,1588.40068949808,0,0,0,79,0,0,0
10,80,3,3457.84975308215,959.49751167195,0,0,0,104,0,0,0
10,80,4,3029.70679364675,565.530311471372,0,2,0,116,0,0,0
10,80,5,3719.95274965901,1785.94980728995,0,1,0,111,0,0,0
10,80,6,5731.77715768094,595.806745426649,0,123,0,147,0,0,0
10,80,7,23280.0855910212,7356.39491232103,5,235,0,241,0,0,1
10,80,8,0,1,0,0,0,0,0,0,0
10,81,1,4067.33555535239,663.401917410168,0,0,0,214,0,0,0
10,81,2,3432.85570855499,1888.9849498349,0,0,0,158,0,0,0
10,81,3,3465.42388927146,1072.86612585419,0,0,0,95,0,0,0
10,81,4,3015.4325909757,714.435595058657,0,0,0,56,0,0,0
10,81,5,3790.66993594353,1195.87839271271,0,0,0,177,0,0,0
10,81,6,5782.28193912837,400.797340306502,0,0,0,59,0,0,0
10,81,7,23414.8858963469,17777.5341603548,26,0,0,198,0,0,0
10,81,8,0,1,0,0,0,0,0,0,0
10,82,1,4045.45036945863,1539.82444357257,0,0,0,66,0,0,0
10,82,2,3441.78270535871,1129.28033483236,0,0,0,188,0,0,0
10,82,3,3445.50474424469,1553.12112871022,0,0,0,107,0,0,0
10,82,4,2998.91062436611,1000.54030783977,0,0,0,71,0,0,0
10,82,5,3796.95562740387,1612.89710220201,0,0,0,119,0,0,0
10,82,6,5777.58506045623,2085.55247865334,0,0,0,40,0,0,0
10,82,7,23460.9392056523,15618.4732160166,16,7,0,239,0,0,0
10,82,8,0,1,0,0,0,0,0,0,0
10,83,1,4029.02502673527,2174.07542154354,0,65,0,88,0,0,0
10,83,2,3419.80957504512,1323.79625115878,0,50,0,62,0,0,0
10,83,3,3418.11179291227,1491.03563004023,0,87,0,68,0,0,0
10,83,4,2979.43277217532,522.757034645093,0,45,0,55,0,0,0
10,83,5,3796.16585266989,1928.30855313017,0,56,0,105,0,0,0
10,83,6,5801.01128066295,2911.04554630514,0,97,0,111,0,0,0
10,83,7,23516.1455554601,8002.47510949153,9,302,0,291,0,0,0
10,83,8,0,1,0,0,0,0,0,0,0
10,84,1,4085.67082474636,1360.92857159948,0,0,0,182,0,0,0
10,84,2,3446.65295494816,832.48656496229,0,0,0,132,0,0,0
10,84,3,3443.82655619416,2373.79938761707,0,0,0,149,0,0,0
10,84,4,2975.82358014041,1290.98172749606,0,0,0,52,0,0,0
10,84,5,3876.68435939482,2570.83886112968,0,0,0,192,0,0,0
10,84,6,5937.51213894607,3726.75320419083,4,0,0,187,0,0,0
10,84,7,23622.5568986655,15551.7656893624,27,0,0,200,0,0,0
10,84,8,0,1,0,0,0,0,0,0,0
10,85,1,4105.47153252491,2205.93238158898,0,0,0,136,0,0,0
10,85,2,3427.58679574181,1250.10735126771,0,0,0,83,0,0,0
10,85,3,3483.51743176582,1621.60977987992,0,0,0,206,0,0,0
10,85,4,2989.92853106652,1761.28169157265,0,0,0,129,0,0,0
10,85,5,3928.2810640168,2391.92957335172,0,0,0,222,0,0,0
10,85,6,6050.00324900256,1980.80373604906,3,0,0,211,0,0,0
10,85,7,23691.9612024357,14142.4062172115,29,0,0,264,0,0,0
10,85,8,0,1,0,0,0,0,0,0,0
10,86,1,4147.99658040731,1849.95645484813,0,0,0,220,0,0,0
10,86,2,3423.26956505358,1147.29248792582,0,0,0,125,0,0,0
10,86,3,3501.52590689947,1732.73983395304,0,0,0,162,0,0,0
10,86,4,3011.09032494266,1773.04492982839,0,0,0,176,0,0,0
10,86,5,3982.19964533951,1465.31195671459,0,0,0,194,0,0,0
10,86,6,6151.4910911297,2164.32094392795,0,0,0,198,0,0,0
10,86,7,23787.6949313406,12755.1934649468,20,0,0,372,0,0,2
10,86,8,0,1,0,0,0,0,0,0,0
10,87,1,4182.73285986864,1110.4301906859,0,0,0,184,0,0,0
10,87,2,3419.66524783271,1748.11389543947,0,0,0,114,0,0,0
10,87,3,3537.26215846384,1708.21010721196,0,0,0,173,0,0,0
10,87,4,3041.17747487971,947.473724592652,0,0,0,169,0,0,0
10,87,5,4020.79171570467,1005.42223453003,0,0,0,146,0,0,0
10,87,6,6250.30532045615,2358.15190915024,1,0,0,186,0,0,0
10,87,7,23853.0734441259,12922.8825272802,46,0,0,215,0,0,1
10,87,8,0,1,0,0,0,0,0,0,0
10,88,1,4190.39317932719,2213.19681956021,0,0,0,111,0,0,0
10,88,2,3450.91076634616,1095.24255297256,0,0,0,174,0,0,0
10,88,3,3562.94472006687,1901.99607796518,0,0,0,170,0,0,0
10,88,4,3045.71990868832,620.118241435958,0,0,0,94,0,0,0
10,88,5,4037.5115546143,700.736437183992,0,0,0,100,0,0,0
10,88,6,6346.39694338179,2115.84230087023,0,0,0,215,0,0,0
10,88,7,23924.7815392709,10158.6471705158,44,0,0,244,0,0,0
10,88,8,0,1,0,0,0,0,0,0,0
10,89,1,4221.49044079701,879.038182695344,0,7,0,151,0,0,0
10,89,2,3446.11118276428,814.283365413924,0,0,0,109,0,0,0
10,89,3,3591.41830172517,1553.94574068962,0,0,0,189,0,0,0
10,89,4,3031.44718803053,1137.95493290244,0,0,0,62,0,0,0
10,89,5,4039.570468096,1234.76858626459,0,0,0,70,0,0,0
10,89,6,6476.57641171843,1869.47942494413,0,0,0,211,0,0,0
10,89,7,23966.385400571,6449.18657183675,0,100,0,153,0,0,0
10,89,8,0,1,0,0,0,0,0,0,0
10,90,1,4238.48390764924,1599.50310358357,0,0,0,87,0,0,0
10,90,2,3439.45837658676,2018.1626373342,0,0,0,81,0,0,0
10,90,3,3600.35634814798,2058.5382222681,0,0,0,155,0,0,0
10,90,4,3035.0312830195,1186.40159369778,0,0,0,113,0,0,0
10,90,5,4061.59849684768,1996.06327971454,0,0,0,123,0,0,0
10,90,6,6586.51744723055,2279.54979590179,0,0,0,183,0,0,0
10,90,7,24047.5631975864,8305.16532351523,34,0,0,214,0,0,0
10,90,8,0,1,0,0,0,0,0,0,0
10,91,1,4313.5657006333,1413.78184470737,0,0,0,159,0,0,0
10,91,2,3495.94765606906,1079.97057252253,0,1,0,186,0,0,0
10,91,3,3684.75855575495,1892.25956527682,0,0,0,205,0,0,0
10,91,4,3070.19736463446,912.047742532288,0,0,0,118,0,0,0
10,91,5,4161.55714189358,1896.00923948179,0,0,0,199,0,0,0
10,91,6,6890.98122869493,4646.62634029538,0,0,0,225,0,0,0
10,91,7,24230.1528827482,6680.12763204182,0,38,0,269,0,0,0
10,91,8,0,1,0,0,0,0,0,0,0
10,92,1,4299.17377075524,2278.79498733478,0,94,0,47,0,0,0
10,92,2,3473.50793657918,1008.4001432564,0,47,0,60,0,0,0
10,92,3,3671.04762650308,1621.68266934024,0,96,0,93,0,0,0
10,92,4,3045.9768416715,1550.72552801962,0,45,0,46,0,0,0
10,92,5,4159.94077874674,1833.72604220298,0,102,0,87,0,0,0
10,92,6,7016.07055480508,1092.70014815773,0,236,0,228,0,0,0
10,92,7,24280.4955431924,11309.0684689946,4,220,0,197,0,0,1
10,92,8,0,1,0,0,0,0,0,0,0
10,93,1,4344.93582375887,1712.7867588086,0,0,0,216,0,0,0
10,93,2,3467.44338118099,1741.07190208675,0,0,0,100,0,0,0
10,93,3,3679.22252129241,1806.41033067696,0,0,0,162,0,0,0
10,93,4,3058.01342886629,1397.47417723806,0,0,0,155,0,0,0
10,93,5,4204.02270443951,2109.92869237843,0,0,0,183,0,0,0
10,93,6,7069.09378537147,2283.83728920244,0,0,0,109,0,0,0
10,93,7,24353.1276570243,8163.06548414519,27,0,0,264,0,0,0
10,93,8,0,1,0,0,0,0,0,0,0
10,94,1,4382.03250888949,1547.53281820411,0,0,0,171,0,0,0
10,94,2,3492.45381655093,999.004502164175,0,0,0,174,0,0,0
10,94,3,3713.61319259775,1248.96440140469,0,0,0,180,0,0,0
10,94,4,3078.61866054321,2113.6537244613,0,0,0,139,0,0,0
10,94,5,4278.0936477702,3069.27718134608,0,0,0,210,0,0,0
10,94,6,7174.44074821627,2163.97644375931,2,0,0,197,0,0,0
10,94,7,24430.232353045,10874.0981427114,39,0,0,209,0,0,0
10,94,8,0,1,0,0,0,0,0,0,0
10,95,1,4449.15322588667,1605.13348629766,0,0,0,154,0,0,0
10,95,2,3491.22082407463,566.307254641443,0,0,0,99,0,0,0
10,95,3,3741.45862112748,1774.9436973526,0,0,0,124,0,0,0
10,95,4,3116.3847498809,1796.88237609887,0,0,0,187,0,0,0
10,95,5,4401.52891839042,2130.95795617573,3,0,0,227,0,0,0
10,95,6,7377.76958198254,1266.24437464299,1,0,0,173,0,0,1
10,95,7,24550.9828028946,12214.5396396763,33,0,0,219,0,0,0
10,95,8,0,1,0,0,0,0,0,0,0
10,96,1,4510.46832005577,1908.14710873913,0,0,0,160,0,0,0
10,96,2,3468.29475523874,1776.05596951099,0,0,0,56,0,0,0
10,96,3,3785.23883273264,1373.07678807845,0,0,0,177,0,0,0
10,96,4,3144.16070088134,1171.29447074793,0,0,0,179,0,0,0
10,96,5,4461.3034274988,1535.15965546743,1,0,0,183,0,0,0
10,96,6,7453.06358687603,2597.51424742935,0,0,0,126,0,0,0
10,96,7,24657.6858342855,5898.8166732448,33,0,0,267,0,0,2
10,96,8,0,1,0,0,0,0,0,0,0
10,97,1,4556.49847442363,1944.34229269344,40,0,0,122,0,0,0
10,97,2,3518.59097633902,1597.65091642161,15,0,0,152,0,0,0
10,97,3,3840.19365413865,1086.77083461763,3,0,0,132,0,0,0
10,97,4,3179.72608909132,453.47722933382,0,0,0,117,0,0,0
10,97,5,4541.69394410667,3274.47668299899,5,0,0,145,0,0,0
10,97,6,7701.44641324858,1378.40557965576,64,0,0,150,0,0,0
10,97,7,24841.1312962644,11180.1090717963,206,0,0,238,0,0,0
10,97,8,0,1,0,0,0,0,0,0,0
10,98,1,4604.37240579694,1237.70608907918,0,0,0,194,0,0,0
10,98,2,3558.19504762722,1458.77773588106,0,0,0,159,0,0,0
10,98,3,3880.27154921529,1727.73549526783,0,0,0,108,0,0,0
10,98,4,3157.20877212166,714.440857791816,0,0,0,45,0,0,0
10,98,5,4629.94173214463,2581.87591379719,0,4,0,209,0,0,0
10,98,6,7845.88628185842,2640.0414768107,0,0,0,137,0,0,0
10,98,7,24933.5679219596,8320.22292763365,0,31,0,202,0,0,0
10,98,8,0,1,0,0,0,0,0,0,0
10,99,1,4589.91347556108,2045.60083857697,0,80,0,43,0,0,0
10,99,2,3554.91504193495,2203.67129827636,0,82,0,63,0,0,0
10,99,3,3873.51333929175,1560.94022907435,0,87,0,85,0,0,0
10,99,4,3137.44592198506,1065.35880683085,0,23,0,48,0,0,0
10,99,5,4656.32393310252,2424.9373594598,0,132,0,126,0,0,0
10,99,6,7911.69331656966,1542.57840590226,0,129,0,135,0,0,0
10,99,7,25003.2404268083,9838.65476734292,7,210,0,201,0,0,0
10,99,8,0,1,0,0,0,0,0,0,0
10,100,1,4618.83740680484,1485.89465040411,0,0,0,201,0,0,0
10,100,2,3587.23515936574,1830.25274050667,0,0,0,200,0,0,0
10,100,3,3869.75102869017,1788.55045826777,0,0,0,156,0,0,0
10,100,4,3152.94242205704,729.411241793308,0,0,0,106,0,0,0
10,100,5,4710.02292802948,2501.83963856709,2,0,0,177,0,0,0
10,100,6,7999.62204265793,3155.39734326995,0,0,0,154,0,0,0
10,100,7,25060.2810797246,9729.40389844533,29,0,0,201,0,0,0
10,100,8,0,1,0,0,0,0,0,0,0
11,1,1,2966.952,1565.36903623639,0,0,0,99,0,0,0
11,1,2,2965.8096,1853.64160239701,0,0,0,92,0,0,0
11,1,3,2945.8656,958.463022396111,0,0,0,14,0,0,0
11,1,4,2953.6816,1025.349511133,0,0,0,46,0,0,0
11,1,5,2956.9936,1822.53771392828,0,0,0,13,0,0,0
11,1,6,2960.8944,1488.93530747077,0,0,0,42,0,0,0
11,1,7,19174.3788799999,6353.55940146857,0,0,0,49,0,0,0
11,1,8,0,6,0,0,0,34,0,0,0
11,2,1,2983.34559999999,867.325565505292,0,0,0,156,0,0,0
11,2,2,2985.056,988.135094531821,0,0,0,183,0,0,0
11,2,3,2952.744,1966.77746551178,0,0,0,95,0,0,0
11,2,4,2963.6112,1025.64304207047,0,0,0,102,0,0,0
11,2,5,2981.2256,983.246642250148,0,0,0,182,0,0,0
11,2,6,2977.8064,1594.7720662216,0,0,0,148,0,0,0
11,2,7,19138.1465599999,8193.46293282886,18,0,0,224,0,0,0
11,2,8,0,6,0,0,0,0,0,0,0
11,3,1,2985.42367999999,780.872157563743,0,0,0,86,0,0,0
11,3,2,2989.36287999999,1000.48589421753,0,0,0,98,0,0,0
11,3,3,2978.09472,1023.40891427906,0,0,0,192,0,0,0
11,3,4,2968.5696,1287.44370512657,0,0,0,102,0,0,0
11,3,5,2988.9056,1142.75600358747,0,0,0,98,0,0,0
11,3,6,2997.4624,914.226734835357,0,0,0,159,0,0,0
11,3,7,19099.9478399998,10334.9237940699,14,3,0,216,0,0,0
11,3,8,0,6,0,0,0,0,0,0,0
11,4,1,2984.86175999999,953.532360748489,0,0,0,78,0,0,0
11,4,2,2992.18496,1483.12136944057,0,0,0,100,0,0,0
11,4,3,2985.39072,1584.65792437829,0,0,0,102,0,0,0
11,4,4,2981.55007999999,1271.41968337816,0,0,0,128,0,0,0
11,4,5,2998.30048,754.653255622589,0,0,0,114,0,0,0
11,4,6,3005.6576,847.367238543346,0,0,0,91,0,0,0
11,4,7,19058.7110399997,8408.39800075587,37,0,0,187,0,0,0
11,4,8,0,6,0,0,0,0,0,0,0
11,5,1,2987.65376,1737.77704042163,0,0,0,95,0,0,0
11,5,2,3004.223616,1178.78379772085,0,0,0,148,0,0,0
11,5,3,3003.89280000001,871.817059417499,0,1,0,149,0,0,0
11,5,4,2992.0256,937.591703933556,0,0,0,127,0,0,0
11,5,5,3004.280064,922.205736280569,0,0,0,75,0,0,0
11,5,6,3013.12992,988.765599835208,0,0,0,84,0,0,0
11,5,7,19015.3794559996,4402.20838020515,0,145,0,201,0,0,0
11,5,8,0,6,0,0,0,0,0,0,0
11,6,1,2998.69504,839.966594228319,6,0,0,143,0,0,0
11,6,2,3008.9264,1949.4785837766,0,0,0,117,0,0,0
11,6,3,3003.97664,963.685914201544,0,0,0,87,0,0,0
11,6,4,2998.11008,1781.3979897895,0,0,0,93,0,0,0
11,6,5,3005.393664,1421.27800418588,0,0,0,92,0,0,0
11,6,6,3022.46112,1606.69877164159,0,0,0,98,0,0,0
11,6,7,18983.8789759995,14305.2006138461,64,0,0,170,0,0,0
11,6,8,0,6,0,0,0,0,0,0,0
11,7,1,2994.7856,1094.83256892412,0,0,0,83,0,0,0
11,7,2,3024.6857728,1744.29227858595,0,0,0,179,0,0,0
11,7,3,3004.03392,1656.72995168916,0,0,0,96,0,0,0
11,7,4,3019.04288,963.320456604721,0,0,0,178,0,0,0
11,7,5,3018.377344,465.090814666581,0,0,0,142,0,0,0
11,7,6,3039.87232,1168.48636506114,0,0,0,160,0,0,0
11,7,7,18955.7448959995,8041.48521975716,31,0,0,204,0,0,0
11,7,8,0,6,0,0,0,0,0,0,0
11,8,1,2986.79168,1306.54606940223,0,58,0,51,0,0,0
11,8,2,3022.2470528,1237.08960960571,0,87,0,87,0,0,0
11,8,3,2996.85081600001,1226.77749098003,0,88,0,77,0,0,0
11,8,4,3012.30848,1103.46587929254,0,53,0,43,0,0,0
11,8,5,3004.913344,1547.30463335866,0,23,0,23,0,0,0
11,8,6,3038.34592000001,1625.53549233267,0,57,0,59,0,0,0
11,8,7,18955.4533119995,11662.8426540831,1,375,0,369,0,0,0
11,8,8,0,6,0,0,0,0,0,0,0
11,9,1,3005.808256,906.09729601425,0,0,0,130,0,0,0
11,9,2,3045.049024,1161.41606532282,0,0,0,123,0,0,0
11,9,3,3016.60115200001,1828.01925029033,0,0,0,122,0,0,0
11,9,4,3029.632576,1415.80611234257,0,0,0,110,0,0,0
11,9,5,3030.210624,1382.23155664099,0,0,0,154,0,0,0
11,9,6,3071.63392000001,653.360839384846,0,0,0,162,0,0,0
11,9,7,18992.7909119995,6970.02033008429,28,0,0,205,0,0,0
11,9,8,0,6,0,0,0,0,0,0,0
11,10,1,3019.315648,1235.25666075999,0,0,0,90,0,0,0
11,10,2,3065.123584,1688.27340318338,0,0,0,116,0,0,0
11,10,3,3054.56195840001,1015.10228488596,0,0,0,182,0,0,0
11,10,4,3056.2340992,623.846279674714,0,0,0,141,0,0,0
11,10,5,3059.195300352,1402.703790109,0,0,0,138,0,0,0
11,10,6,3082.22144000001,1336.88004462367,0,0,0,65,0,0,0
11,10,7,19030.2481919995,10898.5864475886,86,0,0,194,0,0,0
11,10,8,0,6,0,0,0,0,0,0,0
11,11,1,3039.351104,1740.1189859444,0,0,0,123,0,0,0
11,11,2,3092.01351680001,1526.36503993256,0,0,0,168,0,0,0
11,11,3,3068.61347840001,1320.60115462769,0,0,0,101,0,0,0
11,11,4,3062.2724992,1089.27330219236,0,0,0,62,0,0,0
11,11,5,3083.950116352,669.993236542793,0,0,0,140,0,0,0
11,11,6,3106.14790400001,1986.38160786604,0,0,0,133,0,0,0
11,11,7,19073.7957759994,10071.6446203186,44,0,0,208,0,0,0
11,11,8,0,6,0,0,0,0,0,0,0
11,12,1,3066.153344,821.016132553543,0,0,0,171,0,0,0
11,12,2,3116.13409280001,1160.79769888193,0,0,0,152,0,0,0
11,12,3,3085.72272384001,969.555973031926,0,0,0,132,0,0,0
11,12,4,3076.5262592,1666.36317599387,0,0,0,108,0,0,0
11,12,5,3088.778916352,501.647914311729,0,0,0,66,0,0,0
11,12,6,3144.15201280001,1573.74887765691,0,0,0,193,0,0,0
11,12,7,19113.8690559994,12788.924396402,40,0,0,203,0,0,0
11,12,8,0,6,0,0,0,0,0,0,0
11,13,1,3074.659584,845.199133616494,0,0,0,82,0,0,0
11,13,2,3125.58081280001,1442.05032602059,0,0,0,116,0,0,0
11,13,3,3090.89631488001,1124.9775659074,0,0,0,96,0,0,0
11,13,4,3102.3473792,1833.55508350639,0,0,0,166,0,0,0
11,13,5,3090.365156352,1317.794287368,0,0,0,50,0,0,0
11,13,6,3173.87937280001,1849.46876853918,0,0,0,157,0,0,0
11,13,7,19154.7605759995,8168.946890033,40,0,0,230,0,0,0
11,13,8,0,6,0,0,0,0,0,0,0
11,14,1,3082.94867200001,1849.22370516392,0,0,0,84,0,0,0
11,14,2,3147.19786240001,642.346446750391,0,0,0,144,0,0,0
11,14,3,3105.38924441601,2268.63909837448,0,0,0,112,0,0,0
11,14,4,3130.0681472,1115.62237885961,5,0,0,160,0,0,0
11,14,5,3112.271933952,745.796060844665,0,0,0,131,0,0,0
11,14,6,3212.37325056001,713.352395588641,1,0,0,181,0,0,0
11,14,7,19190.1873919995,9033.0719848566,157,0,0,167,0,0,0
11,14,8,0,6,0,0,0,0,0,0,0
11,15,1,3104.34684160001,870.559558410608,12,0,0,127,0,0,0
11,15,2,3148.57873920001,1294.56938230705,0,0,0,64,0,0,0
11,15,3,3143.77993973761,1456.94258430114,3,0,0,212,0,0,0
11,15,4,3143.77508352,1843.34288985327,0,0,0,111,0,0,0
11,15,5,3121.21648435201,803.617060677195,0,0,0,74,0,0,0
11,15,6,3223.69395456001,901.115028992763,0,0,0,71,0,0,0
11,15,7,19235.8920831994,8303.98544197638,146,0,0,211,0,0,0
11,15,8,0,6,0,0,0,0,0,0,0
11,16,1,3113.88060160001,991.168585316178,0,0,0,87,0,0,0
11,16,2,3169.50043392001,554.995596742176,4,0,0,124,0,0,0
11,16,3,3157.22322012161,1056.61428457728,18,0,0,122,0,0,0
11,16,4,3169.60214272001,1773.8777729774,21,0,0,157,0,0,0
11,16,5,3131.97141555201,1315.91098149142,0,0,0,80,0,0,0
11,16,6,3241.24454707201,1236.54597293593,0,0,0,90,0,0,0
11,16,7,19286.7741311994,9431.20546575153,273,2,0,213,0,0,5
11,16,8,0,6,0,0,0,0,0,0,0
11,17,1,3129.65159936001,1410.56613909856,0,0,0,99,0,0,0
11,17,2,3171.42895923201,2049.66219004454,0,0,0,55,0,0,0
11,17,3,3174.04962519041,1044.45344394181,0,0,0,105,0,0,0
11,17,4,3193.67858176001,546.790545227226,10,0,0,144,0,0,0
11,17,5,3161.93192499201,1185.76904676055,0,0,0,131,0,0,0
11,17,6,3271.52104304641,845.550051852024,0,0,0,123,0,0,0
11,17,7,19340.2681057274,8437.57028093006,187,0,0,190,0,0,15
11,17,8,0,6,0,0,0,0,0,0,0
11,18,1,3140.64827136001,342.038299172025,13,0,0,121,0,0,0
11,18,2,3182.75927040001,1306.14840594396,45,0,0,137,0,0,0
11,18,3,3177.76756070401,993.236110788715,0,0,0,104,0,0,0
11,18,4,3189.53111552001,1343.05572882161,0,0,0,54,0,0,0
11,18,5,3176.77737318401,1167.46837784394,1,0,0,117,0,0,0
11,18,6,3282.60065904641,1505.55120252286,0,0,0,84,0,0,0
11,18,7,19400.6479457275,6404.86873339478,311,0,0,327,0,0,6
11,18,8,0,6,0,0,0,0,0,0,0
11,19,1,3137.85583411201,1153.01195188206,0,0,0,34,0,0,0
11,19,2,3201.42644633601,1145.40152252305,3,0,0,127,0,0,0
11,19,3,3191.08635207681,972.45902746557,1,0,0,98,0,0,0
11,19,4,3200.60735232002,2155.81021909237,26,0,0,103,0,0,0
11,19,5,3192.78833305601,1349.99763257698,3,0,0,113,0,0,0
11,19,6,3311.5871998157,1672.62215409642,25,0,0,120,0,0,0
11,19,7,19449.4366663674,12319.5119019127,223,2,0,182,0,0,29
11,19,8,0,6,0,0,0,0,0,0,0
11,20,1,3146.73415731201,1398.26943062215,0,0,0,115,0,0,0
11,20,2,3209.97089433601,1414.97785388948,0,0,0,114,0,0,0
11,20,3,3189.51829268481,1222.82652992912,0,0,0,97,0,0,0
11,20,4,3235.75358208002,1308.09543767848,0,0,0,215,0,0,0
11,20,5,3211.00804300801,1404.82805302266,0,0,0,134,0,0,0
11,20,6,3347.2965225677,1746.98287514143,0,0,0,167,0,0,0
11,20,7,19483.3311815674,6121.61365494073,53,0,0,180,0,0,0
11,20,8,0,6,0,0,0,0,0,0,0
11,21,1,3159.56634931201,1124.44359684265,11,0,0,124,0,0,0
11,21,2,3220.99308953601,1363.72758758879,3,0,0,137,0,0,0
11,21,3,3194.33544212481,1374.84594040226,4,0,0,116,0,0,0
11,21,4,3242.91237283842,1413.71334645402,2,0,0,128,0,0,0
11,21,5,3229.29513420801,1348.52255238792,3,0,0,136,0,0,0
11,21,6,3370.2607184077,2551.50712610012,24,0,0,141,0,0,0
11,21,7,19528.4412615675,8637.34286038361,243,0,0,271,0,0,0
11,21,8,0,6,0,0,0,0,0,0,0
11,22,1,3179.26354595841,1191.14905967353,0,0,0,112,0,0,0
11,22,2,3246.96916652033,1095.5595501743,0,0,0,136,0,0,0
11,22,3,3222.13308491777,300.926385523908,0,0,0,137,0,0,0
11,22,4,3263.4046161101,1085.5281526583,0,0,0,141,0,0,0
11,22,5,3260.82678419457,1160.40662793331,0,0,0,134,0,0,0
11,22,6,3429.93108263323,2417.35485778754,9,0,0,190,0,0,0
11,22,7,19594.5994255355,12706.016231754,92,0,0,208,0,0,0
11,22,8,0,6,0,0,0,0,0,0,0
11,23,1,3188.04544675841,1674.69838902718,0,0,0,119,0,0,0
11,23,2,3248.24308140034,1188.36587594487,0,0,0,109,0,0,0
11,23,3,3205.72495120385,1104.77116462234,0,0,0,30,0,0,0
11,23,4,3269.2684671181,1489.35398716423,0,0,0,108,0,0,0
11,23,5,3273.74574186497,1187.32452413743,0,0,0,116,0,0,0
11,23,6,3482.64800315803,1224.48435082537,0,0,0,234,0,0,0
11,23,7,19639.4624117755,12010.2131027881,40,0,0,216,0,0,0
11,23,8,0,6,0,0,0,0,0,0,0
11,24,1,3212.39303331841,771.6615351078,0,0,0,167,0,0,0
11,24,2,3259.60037138434,1245.22560579774,0,0,0,118,0,0,0
11,24,3,3208.64956891137,1166.40458759371,0,0,0,110,0,0,0
11,24,4,3293.6470465741,1663.68605330872,0,0,0,148,0,0,0
11,24,5,3291.24496751003,1502.85103699487,0,0,0,118,0,0,0
11,24,6,3510.38735819163,859.909277853904,0,0,0,122,0,0,0
11,24,7,19682.7762165754,7221.00653510975,36,0,0,193,0,0,0
11,24,8,0,6,0,0,0,0,0,0,0
11,25,1,3202.57390499841,1930.96315974997,56,0,0,21,0,0,0
11,25,2,3252.79727437416,1433.82089393753,68,0,0,56,0,0,0
11,25,3,3201.05779470337,1410.987712155,64,0,0,52,0,0,0
11,25,4,3296.98142050716,1579.2148884926,85,0,0,81,0,0,0
11,25,5,3292.51073647003,1437.83840731722,82,0,0,68,0,0,0
11,25,6,3510.30441660499,1355.07910908351,58,0,0,27,0,0,0
11,25,7,19772.257564569,7224.80252661537,376,0,0,346,0,0,0
11,25,8,0,6,0,0,0,0,0,0,0
11,26,1,3192.80449904641,1283.75034821813,149,0,0,29,0,0,0
11,26,2,3253.03642781698,1286.08634936914,52,0,0,86,0,0,0
11,26,3,3208.12832065537,1137.95989713802,40,0,0,97,0,0,0
11,26,4,3308.83497365915,1627.7809562376,56,0,0,96,0,0,0
11,26,5,3300.90202489243,1445.83815841747,57,0,0,81,0,0,0
11,26,6,3536.14160392275,925.55879480148,35,0,0,97,0,0,0
11,26,7,19828.3299658746,9857.02875894626,299,0,0,285,0,0,6
11,26,8,0,6,0,0,0,0,0,0,0
11,27,1,3217.63018301441,815.918733097276,0,0,0,128,0,0,0
11,27,2,3276.77734168578,1476.6827191059,0,0,0,128,0,0,0
11,27,3,3221.91577872385,1501.66878772993,0,0,0,113,0,0,0
11,27,4,3349.9125676278,1689.66066333362,0,0,0,162,0,0,0
11,27,5,3332.58153567029,2033.21273247374,0,0,0,144,0,0,0
11,27,6,3560.45829173741,2159.58549627325,0,0,0,92,0,0,0
11,27,7,19864.3576779769,7360.52209872169,79,0,0,232,0,0,0
11,27,8,0,6,0,0,0,0,0,0,0
11,28,1,3202.08944660481,1142.96142465764,76,0,0,5,0,0,0
11,28,2,3281.72293656578,1501.94017686771,70,0,0,77,0,0,0
11,28,3,3225.34084187015,1278.288558561,82,0,0,68,0,0,0
11,28,4,3358.98991239579,1387.27976011017,74,0,0,94,0,0,0
11,28,5,3342.29412129589,1553.39110939245,111,0,0,92,0,0,0
11,28,6,3589.42721770375,1576.87162009207,109,0,0,106,0,0,0
11,28,7,19923.3572426745,6854.70285193311,295,0,0,314,0,0,32
11,28,8,0,6,0,0,0,0,0,0,0
11,29,1,3210.05079265281,1729.25036531814,0,0,0,114,0,0,0
11,29,2,3300.37562898434,1453.98842653109,6,0,0,138,0,0,0
11,29,3,3239.37786682165,2006.05625433635,0,0,0,127,0,0,0
11,29,4,3381.48145485498,1538.9673117799,0,0,0,138,0,0,0
11,29,5,3372.77779233589,1047.07779825754,1,0,0,153,0,0,0
11,29,6,3614.77745722247,840.683785508451,15,0,0,130,0,0,0
11,29,7,19921.7868860613,6990.46765101782,239,0,0,184,0,0,29
11,29,8,0,6,0,0,0,0,0,0,0
11,30,1,3218.98041978881,1017.62614308621,39,0,0,114,0,0,0
11,30,2,3315.35366903318,1477.33025697666,1,0,0,143,0,0,0
11,30,3,3258.5112988664,1794.7925547146,33,0,0,150,0,0,0
11,30,4,3403.24400717498,1821.393970909,7,0,0,143,0,0,0
11,30,5,3387.47912788789,1238.55844350452,0,0,0,104,0,0,0
11,30,6,3639.16153104549,1938.61991183117,0,0,0,84,0,0,0
11,30,7,19970.6516895367,13582.5300805048,268,0,0,294,0,0,0
11,30,8,0,6,0,0,0,0,0,0,0
11,31,1,3216.34011514881,685.781171131844,0,0,0,101,0,0,0
11,31,2,3336.10404810033,1223.69569576969,0,0,0,147,0,0,0
11,31,3,3278.29651456837,1550.84417004972,0,0,0,179,0,0,0
11,31,4,3432.01465198266,1701.94322198168,0,0,0,177,0,0,0
11,31,5,3407.07094668494,913.399970007728,0,0,0,123,0,0,0
11,31,6,3678.87030012069,2095.76850728129,0,0,0,193,0,0,0
11,31,7,19986.0096889643,9372.36009351709,50,0,0,213,0,0,0
11,31,8,0,6,0,0,0,0,0,0,0
11,32,1,3211.25989754881,1760.2054368837,0,0,0,68,0,0,0
11,32,2,3339.17002800432,1984.97938631151,0,0,0,122,0,0,0
11,32,3,3295.74861503645,1762.15225448891,0,0,0,155,0,0,0
11,32,4,3451.18093686868,1731.05456619472,0,0,0,170,0,0,0
11,32,5,3414.36817456334,1973.6613476853,0,0,0,91,0,0,0
11,32,6,3701.61207455909,2310.76444391308,22,0,0,148,0,0,0
11,32,7,20010.5447290093,8840.59159164717,249,0,0,262,0,0,0
11,32,8,0,6,0,0,0,0,0,0,0
11,33,1,3215.29600122881,1640.37525222551,10,0,0,156,0,0,0
11,33,2,3344.09549350602,1198.71979436242,32,0,0,134,0,0,0
11,33,3,3300.32041393719,1200.55646237188,14,0,0,147,0,0,0
11,33,4,3465.5947396514,1382.76020318838,8,0,0,156,0,0,0
11,33,5,3442.03829142734,781.112425832862,9,0,0,179,0,0,0
11,33,6,3726.82981035788,1013.59321631806,39,0,0,153,0,0,0
11,33,7,20076.8776924937,10183.4356213439,264,0,0,355,0,0,0
11,33,8,0,6,0,0,0,0,0,0,0
11,34,1,3219.60297246721,722.933890811343,0,0,0,164,0,0,0
11,34,2,3339.76005713935,1065.50077451736,0,0,0,119,0,0,0
11,34,3,3301.98085348919,1198.91597175429,0,0,0,120,0,0,0
11,34,4,3474.20901356014,1074.55849562564,0,0,0,138,0,0,0
11,34,5,3440.50920042989,1561.75464177582,0,0,0,78,0,0,0
11,34,6,3747.90579115788,903.882602026648,0,0,0,101,0,0,0
11,34,7,20113.0621646601,6338.87955860967,130,0,0,223,0,0,5
11,34,8,0,6,0,0,0,0,0,0,0
11,35,1,3203.43590643713,1484.89676463131,0,0,0,72,0,0,0
11,35,2,3337.18394736655,1215.45090384644,0,0,0,106,0,0,0
11,35,3,3301.76509914679,885.615465946743,0,0,0,119,0,0,0
11,35,4,3476.77824233556,1604.75024070554,0,0,0,107,0,0,0
11,35,5,3463.47521393477,1441.71143067966,3,0,0,148,0,0,0
11,35,6,3758.84164390668,1312.70156043122,0,0,0,90,0,0,0
11,35,7,20172.9084909321,8962.65977537211,170,0,0,225,0,0,0
11,35,8,0,6,0,0,0,0,0,0,0
11,36,1,3207.69397127169,995.785954779906,0,0,0,148,0,0,0
11,36,2,3328.75222235561,991.469664012171,0,0,0,121,0,0,0
11,36,3,3287.46748982282,783.184316374485,0,0,0,88,0,0,0
11,36,4,3484.16749422267,1993.09860009742,0,0,0,160,0,0,0
11,36,5,3472.78222429325,1487.84323113604,0,0,0,144,0,0,0
11,36,6,3782.99977493153,1617.78084961951,0,0,0,131,0,0,0
11,36,7,20200.840087732,6588.87781073737,69,0,0,167,0,0,0
11,36,8,0,6,0,0,0,0,0,0,0
11,37,1,3197.42043410842,1204.45411153463,0,0,0,99,0,0,0
11,37,2,3311.86327306747,1168.34256326389,0,0,0,99,0,0,0
11,37,3,3262.35572063241,1113.35791668658,0,0,0,78,0,0,0
11,37,4,3492.83750964513,1165.67043281745,5,0,0,171,0,0,2
11,37,5,3485.22348394759,1885.50226014862,0,0,0,148,0,0,0
11,37,6,3803.66410320319,1778.54021952273,0,0,0,161,0,0,0
11,37,7,20229.912522932,6081.43686070932,92,0,0,204,0,0,2
11,37,8,0,6,0,0,0,0,0,0,0
11,38,1,3180.34030633289,1608.78030026792,0,62,0,58,0,0,0
11,38,2,3287.53404477553,719.839952916236,0,65,0,51,0,0,0
11,38,3,3230.65047647651,1270.8995166562,0,51,0,60,0,0,0
11,38,4,3471.35956290931,1445.31785125019,0,61,0,55,0,0,0
11,38,5,3483.06667276961,1183.30942295559,0,87,0,101,0,0,0
11,38,6,3812.04246649729,1845.61802498849,0,93,0,84,0,0,0
11,38,7,20293.4213332744,13701.2465123404,0,288,0,320,0,0,0
11,38,8,0,6,0,0,0,0,0,0,0
11,39,1,3191.58004326729,1358.10923268313,0,0,0,160,0,0,0
11,39,2,3269.6769249406,1844.42808301319,0,0,0,71,0,0,0
11,39,3,3225.36087940285,1724.19801034561,0,0,0,127,0,0,0
11,39,4,3488.03750492654,1363.38356824814,0,0,0,144,0,0,0
11,39,5,3504.46340211361,1198.49962914642,0,0,0,118,0,0,0
11,39,6,3856.73244932583,1984.57922017706,0,0,0,184,0,0,0
11,39,7,20371.0921223126,6823.02264340098,24,1,0,390,0,0,0
11,39,8,0,6,0,0,0,0,0,0,0
11,40,1,3196.94562089289,1560.65087089342,0,0,0,135,0,0,0
11,40,2,3267.94155206032,1879.18471833458,9,0,0,154,0,0,0
11,40,3,3247.86485317161,657.476731590382,0,0,0,172,0,0,0
11,40,4,3501.02611746097,1840.29221059076,0,0,0,136,0,0,0
11,40,5,3524.89422051182,2132.65973985328,0,0,0,119,0,0,0
11,40,6,3898.41134029438,1131.9473772217,15,0,0,148,0,0,0
11,40,7,20418.1749408726,12641.4330721682,142,0,0,227,0,0,0
11,40,8,0,6,0,0,0,0,0,0,0
11,41,1,3208.77933610993,1076.67314010032,0,0,0,156,0,0,0
11,41,2,3281.40668848897,1147.32810643454,0,0,0,179,0,0,0
11,41,3,3235.54603638723,1040.87802868542,0,0,0,65,0,0,0
11,41,4,3529.1578077892,737.854050040086,0,0,0,184,0,0,0
11,41,5,3569.34241863128,1296.79183872763,0,0,0,208,0,0,0
11,41,6,3922.11554663038,1486.56892813375,0,0,0,113,0,0,0
11,41,7,20460.5240507555,14528.4181996586,48,0,0,181,0,0,0
11,41,8,0,6,0,0,0,0,0,0,0
11,42,1,3199.21299456804,1497.24394418918,0,0,0,107,0,0,0
11,42,2,3272.04590263942,1487.97032164786,0,0,0,114,0,0,0
11,42,3,3225.47577804308,992.083429166453,0,0,0,104,0,0,0
11,42,4,3519.61801344321,1286.33649154021,0,0,0,73,0,0,0
11,42,5,3587.27462421976,1331.19613816735,0,0,0,129,0,0,0
11,42,6,3954.05082969112,1078.35178064101,0,0,0,148,0,0,0
11,42,7,20500.3773217955,8772.70623347804,37,0,0,244,0,0,0
11,42,8,0,6,0,0,0,0,0,0,0
11,43,1,3217.36418281948,1563.12158883422,0,0,0,149,0,0,0
11,43,2,3286.91066269298,451.806792757107,0,0,0,148,0,0,0
11,43,3,3227.27633798754,1247.70193024969,0,0,0,99,0,0,0
11,43,4,3533.77779007948,1490.87801234768,0,0,0,128,0,0,0
11,43,5,3616.49694344664,1366.09262366833,0,0,0,133,0,0,0
11,43,6,3988.94774066802,1608.08471662629,0,0,0,107,0,0,0
11,43,7,20585.0708509801,3785.97007849945,100,0,0,222,0,0,9
11,43,8,0,6,0,0,0,0,0,0,0
11,44,1,3193.42855875413,1414.62039191845,131,0,0,25,0,0,0
11,44,2,3259.31870340722,1448.40326062394,16,0,0,29,0,0,0
11,44,3,3209.77458333937,2115.29409074304,58,0,0,66,0,0,0
11,44,4,3529.14228288767,1687.0176867605,83,0,0,66,0,0,0
11,44,5,3608.68698514904,1082.53941521247,73,0,0,63,0,0,0
11,44,6,4000.02921983602,1539.1404639537,90,0,0,70,0,0,0
11,44,7,20623.8291767402,10680.0741611968,154,0,0,224,0,0,0
11,44,8,0,6,0,0,0,0,0,0,0
11,45,1,3200.93716331608,969.845053561278,0,0,0,141,0,0,0
11,45,2,3263.61800305662,866.646437473299,0,0,0,144,0,0,0
11,45,3,3235.83680607414,1013.07939165274,0,0,0,211,0,0,0
11,45,4,3554.84905454503,1072.61825404358,0,0,0,168,0,0,0
11,45,5,3627.05432551281,452.241630349152,0,0,0,108,0,0,0
11,45,6,4042.81294065348,1993.94687199577,0,0,0,153,0,0,0
11,45,7,20665.3720191327,4620.07153985105,35,0,0,288,0,0,0
11,45,8,0,6,0,0,0,0,0,0,0
11,46,1,3191.77365724248,1047.81315211107,0,0,0,96,0,0,0
11,46,2,3250.11511977652,987.677041842007,0,0,0,86,0,0,0
11,46,3,3238.44750082435,1075.2622383543,0,0,0,101,0,0,0
11,46,4,3564.29456901031,1228.34625640585,0,0,0,107,0,0,0
11,46,5,3622.67809675121,1938.86867873115,0,0,0,45,0,0,0
11,46,6,4079.53598734019,1424.56076783852,3,0,0,182,0,0,0
11,46,7,20658.8996254046,12349.1265638776,67,0,0,159,0,0,0
11,46,8,0,6,0,0,0,0,0,0,0
11,47,1,3189.6525925805,1599.28228686993,0,0,0,104,0,0,0
11,47,2,3243.00021728162,1010.59529125565,0,0,0,98,0,0,0
11,47,3,3239.19226389934,1731.13616354226,0,0,0,107,0,0,0
11,47,4,3588.55653725279,1537.61370753167,0,0,0,122,0,0,0
11,47,5,3675.2627107736,1851.47945163376,0,0,0,193,0,0,0
11,47,6,4115.77200544656,1253.72358541348,0,0,0,142,0,0,0
11,47,7,20692.5560480504,8751.21100386437,15,9,0,242,0,0,0
11,47,8,0,6,0,0,0,0,0,0,0
11,48,1,3177.13926516193,2093.71945334244,0,83,0,76,0,0,0
11,48,2,3222.68654157034,1102.36156403549,0,48,0,53,0,0,0
11,48,3,3231.49318923478,1335.05531986304,0,86,0,87,0,0,0
11,48,4,3587.03947985212,1474.95482710684,0,68,0,85,0,0,0
11,48,5,3668.54430075216,1197.44887597206,0,97,0,88,0,0,0
11,48,6,4117.4220184872,1875.63486313091,0,69,0,56,0,0,0
11,48,7,20700.7372868343,8127.63201152523,7,181,0,188,0,0,1
11,48,8,0,6,0,0,0,0,0,0,0
11,49,1,3215.67402729499,1063.32752146447,0,0,0,209,0,0,0
11,49,2,3236.74436350076,938.1061732593,0,0,0,110,0,0,0
11,49,3,3256.32630582716,1274.2879032542,0,0,0,133,0,0,0
11,49,4,3625.97013344673,1764.91226992818,0,0,0,147,0,0,0
11,49,5,3698.96678604727,1787.64916146693,0,0,0,119,0,0,0
11,49,6,4193.41020745037,1454.28548760181,0,0,0,187,0,0,0
11,49,7,20764.5168532025,8898.61349622907,29,0,0,196,0,0,0
11,49,8,0,6,0,0,0,0,0,0,0
11,50,1,3217.14275128961,1043.66472417562,0,0,0,106,0,0,0
11,50,2,3237.22382312547,1661.47511804919,0,0,0,93,0,0,0
11,50,3,3273.60021688215,1057.47400892339,0,0,0,127,0,0,0
11,50,4,3662.63021079293,1422.60054621463,0,0,0,176,0,0,0
11,50,5,3745.96475382915,2784.57383257668,0,0,0,175,0,0,0
11,50,6,4234.88800013646,1761.94408620052,0,0,0,145,0,0,0
11,50,7,20811.1630568697,11845.5246317863,21,0,0,252,0,0,0
11,50,8,0,6,0,0,0,0,0,0,0
11,51,1,3226.43518536935,1878.7988722377,0,0,0,104,0,0,0
11,51,2,3270.21667708409,1563.27631759464,0,0,0,166,0,0,0
11,51,3,3296.30702601098,679.869656436155,0,0,0,105,0,0,0
11,51,4,3699.06641279826,2666.61294944284,0,0,0,142,0,0,0
11,51,5,3802.32668286214,1639.02101552118,2,0,0,203,0,0,0
11,51,6,4293.99497173013,2398.48094440085,0,0,0,176,0,0,0
11,51,7,20873.8008442754,8340.77996658997,25,1,0,212,0,0,0
11,51,8,0,6,0,0,0,0,0,0,0
11,52,1,3267.87352736439,852.143535520559,0,0,0,187,0,0,0
11,52,2,3305.31055028645,1017.09097533951,0,0,0,156,0,0,0
11,52,3,3300.30276211383,1207.48066698551,0,0,0,67,0,0,0
11,52,4,3765.31531183947,1061.90599220714,7,0,0,212,0,0,0
11,52,5,3855.01743648831,1720.17583801507,0,0,0,163,0,0,0
11,52,6,4390.4429957473,1567.26594183532,0,0,0,239,0,0,0
11,52,7,20925.2111711106,9811.15017325712,81,0,0,208,0,0,0
11,52,8,0,6,0,0,0,0,0,0,0
11,53,1,3281.98718440736,1066.25717293293,0,0,0,85,0,0,0
11,53,2,3324.06538714619,1551.65164883259,0,0,0,101,0,0,0
11,53,3,3343.13080811737,886.083704566167,0,0,0,120,0,0,0
11,53,4,3806.20990995257,2112.62299929982,0,0,0,106,0,0,0
11,53,5,3913.47388380987,1687.71399416881,0,0,0,172,0,0,0
11,53,6,4489.63813031722,2223.57952207003,0,0,0,156,0,0,0
11,53,7,21009.4286226732,9161.24972735543,53,0,0,207,0,0,0
11,53,8,0,6,0,0,0,0,0,0,0
11,54,1,3291.14763563529,1620.42246991388,0,0,0,106,0,0,0
11,54,2,3361.64158944443,1405.28357494727,0,0,0,155,0,0,0
11,54,3,3356.24564218158,992.630957984867,0,0,0,88,0,0,0
11,54,4,3863.4049854278,1323.24054324193,4,0,0,176,0,0,0
11,54,5,3957.42706615258,952.199669393752,0,0,0,162,0,0,1
11,54,6,4582.84433382861,2400.18800636016,2,0,0,203,0,0,0
11,54,7,21107.6381317562,12880.6129315333,87,0,0,232,0,0,0
11,54,8,0,6,0,0,0,0,0,0,0
11,55,1,3317.21577826065,1851.54456286532,0,0,0,162,0,0,0
11,55,2,3377.87545300535,800.181560438327,0,0,0,140,0,0,0
11,55,3,3369.19734968527,1726.28658766101,0,0,0,99,0,0,0
11,55,4,3905.89833126505,1274.59197807088,0,0,0,132,0,0,0
11,55,5,3980.16001411805,2515.76133676867,0,0,0,95,0,0,0
11,55,6,4657.65578775498,1678.93029327709,2,0,0,186,0,0,0
11,55,7,21176.6340552679,7237.47351360842,66,0,0,206,0,0,0
11,55,8,0,6,0,0,0,0,0,0,0
11,56,1,3350.73815268361,1124.93888132478,13,0,0,159,0,0,0
11,56,2,3374.57006467635,762.139552674224,0,0,0,80,0,0,0
11,56,3,3414.35062515379,2034.94985859622,1,0,0,170,0,0,0
11,56,4,3940.99979277661,1633.94419076043,0,0,0,127,0,0,0
11,56,5,4031.21026475238,2166.61967547535,47,0,0,157,0,0,0
11,56,6,4742.32143599084,2577.74102609164,0,0,0,167,0,0,0
11,56,7,21302.9494604297,9059.27629632143,232,0,0,258,0,0,0
11,56,8,0,6,0,0,0,0,0,0,0
11,57,1,3349.56655044209,1780.94641843801,0,0,0,112,0,0,0
11,57,2,3379.91719607363,1084.45754013411,0,0,0,76,0,0,0
11,57,3,3465.40534763469,1495.82138777065,2,0,0,183,0,0,0
11,57,4,3988.64338445341,802.410651919246,0,0,0,163,0,0,0
11,57,5,4083.42173729926,989.764259613786,5,0,0,177,0,0,0
11,57,6,4847.15362397611,1120.7528731879,9,0,0,186,0,0,0
11,57,7,21403.6243303305,10159.8535312941,87,0,0,210,0,0,0
11,57,8,0,6,0,0,0,0,0,0,0
11,58,1,3365.17211717563,2143.8180801389,0,0,0,178,0,0,0
11,58,2,3384.7904726218,2343.87454261093,0,0,0,108,0,0,0
11,58,3,3484.30450603419,950.499582711157,0,0,0,149,0,0,0
11,58,4,3986.64734718911,1801.6495788145,0,0,0,80,0,0,0
11,58,5,4101.29386582519,1449.42174543081,0,0,0,98,0,0,0
11,58,6,4881.37757945331,1610.10241741764,0,0,0,112,0,0,0
11,58,7,21484.1540949992,9845.46500748189,61,0,0,260,0,0,0
11,58,8,0,6,0,0,0,0,0,0,0
11,59,1,3407.4607509844,1370.45200073916,1,0,0,200,0,0,0
11,59,2,3430.02446249649,1526.98218485856,3,0,0,209,0,0,0
11,59,3,3498.21694331608,1210.94961042478,0,0,0,95,0,0,0
11,59,4,4047.27210458562,2067.25895802008,0,0,0,176,0,0,0
11,59,5,4141.95064219128,1251.66968260798,0,0,0,144,0,0,0
11,59,6,4985.66859772152,1335.24496873572,0,0,0,161,0,0,0
11,59,7,21575.8184828827,11399.5259256512,98,0,0,179,0,0,0
11,59,8,0,6,0,0,0,0,0,0,0
11,60,1,3416.39993093551,2328.48313635866,0,0,0,137,0,0,0
11,60,2,3446.72064076784,1021.20134367782,0,0,0,152,0,0,0
11,60,3,3500.27958257144,1517.30776469507,0,0,0,121,0,0,0
11,60,4,4083.66466113634,2497.22264819963,1,0,0,194,0,0,0
11,60,5,4174.54955686244,1629.85041320563,0,0,0,125,0,0,0
11,60,6,5025.82534798707,1345.44421274918,0,0,0,133,0,0,0
11,60,7,21603.0913586935,10116.4813977211,83,0,0,163,0,0,0
11,60,8,0,6,0,0,0,0,0,0,0
11,61,1,3462.60776673525,1686.42426351983,17,0,0,154,0,0,0
11,61,2,3474.16394388653,1335.15315431989,0,0,0,102,0,0,0
11,61,3,3553.04130321175,641.07120621162,0,0,0,151,0,0,0
11,61,4,4147.84718934553,1747.41116250177,16,0,0,176,0,0,0
11,61,5,4240.31872933399,1576.38071813948,0,0,0,162,0,0,0
11,61,6,5125.13895500797,2238.26514569761,0,0,0,134,0,0,0
11,61,7,21748.5608652624,8417.41777382316,174,0,0,211,0,0,0
11,61,8,0,6,0,0,0,0,0,0,0
11,62,1,3467.48949791505,1525.16877133899,34,0,0,121,0,0,0
11,62,2,3484.99315717409,1459.72331016183,0,0,0,133,0,0,0
11,62,3,3550.80551481599,2050.9954499093,0,0,0,64,0,0,0
11,62,4,4168.33746995387,1791.47185155665,21,0,0,145,0,0,0
11,62,5,4271.98283296036,1276.99367997147,16,0,0,135,0,0,0
11,62,6,5182.15101064371,2174.56522480776,51,0,0,152,0,0,0
11,62,7,21801.9619777291,4820.77560024503,205,4,0,158,0,0,8
11,62,8,0,6,0,0,0,0,0,0,0
11,63,1,3453.92082024809,991.955638167397,94,0,0,49,0,0,0
11,63,2,3465.45501769136,1099.39255105314,58,0,0,82,0,0,0
11,63,3,3547.0285278163,2184.21696730014,88,0,0,108,0,0,0
11,63,4,4167.91080359247,1464.19689435273,78,0,0,93,0,0,0
11,63,5,4274.35061612089,2413.72479421191,44,0,0,79,0,0,0
11,63,6,5207.56130932464,2048.76841927227,92,0,0,116,0,0,0
11,63,7,21840.4942822107,6368.18324079494,229,0,0,212,0,0,0
11,63,8,0,6,0,0,0,0,0,0,0
11,64,1,3445.2408163807,2440.91703762541,0,0,0,99,0,0,0
11,64,2,3468.56436766064,2392.13149400144,0,0,0,109,0,0,0
11,64,3,3574.66978565705,1726.38632540992,0,6,0,173,0,0,0
11,64,4,4199.45442218023,1700.49815048463,0,0,0,146,0,0,0
11,64,5,4321.19394785105,384.267144795365,0,9,0,181,0,0,0
11,64,6,5283.88874979994,2540.02711589425,0,2,0,187,0,0,0
11,64,7,21863.2844469125,10059.7814668178,0,61,0,234,0,0,0
11,64,8,0,6,0,0,0,0,0,0,0
11,65,1,3483.37694771003,1098.25487648676,0,0,0,236,0,0,0
11,65,2,3482.36369665579,1824.30900036882,0,1,0,191,0,0,0
11,65,3,3603.99440211759,1539.25957535162,0,0,0,172,0,0,0
11,65,4,4234.76715713057,2236.19063566722,0,0,0,169,0,0,0
11,65,5,4314.80049873868,1497.75923974536,0,0,0,38,0,0,0
11,65,6,5376.56473630173,1559.72518292559,0,0,0,246,0,0,0
11,65,7,21887.9580179142,7940.60793293919,24,1,0,210,0,0,0
11,65,8,0,6,0,0,0,0,0,0,0
11,66,1,3459.83781052969,1913.06682233211,0,58,0,51,0,0,0
11,66,2,3463.92690938,808.133635725,0,90,0,92,0,0,0
11,66,3,3608.66732015988,2359.59261947559,0,79,0,74,0,0,0
11,66,4,4251.0094424272,1129.30884043634,0,101,0,122,0,0,0
11,66,5,4318.39789892314,1618.54732201029,0,88,0,61,0,0,0
11,66,6,5399.27472838787,2928.15658699034,0,82,0,73,0,0,0
11,66,7,21920.5124021622,17233.7617562265,3,326,0,267,0,0,1
11,66,8,0,6,0,0,0,0,0,0,0
11,67,1,3486.06028580032,972.108207355154,0,0,0,191,0,0,0
11,67,2,3460.86966140207,2249.47959445581,0,0,0,80,0,0,0
11,67,3,3652.73142447211,2560.39828034446,0,0,0,218,0,0,0
11,67,4,4276.53752809811,1004.84960280991,0,0,0,112,0,0,0
11,67,5,4362.12818466274,782.782873603213,0,0,0,161,0,0,0
11,67,6,5479.3695861216,2038.87412341495,1,0,0,208,0,0,0
11,67,7,21956.6298237545,8224.39039685109,19,9,0,210,0,0,0
11,67,8,0,6,0,0,0,0,0,0,0
11,68,1,3513.58751113824,1296.48229981496,0,0,0,97,0,0,0
11,68,2,3543.63545521167,951.562276139514,2,0,0,214,0,0,0
11,68,3,3727.97137354194,1459.58733339597,19,0,0,170,0,0,0
11,68,4,4326.1656280471,2963.80226080713,0,0,0,100,0,0,0
11,68,5,4399.07431586118,2143.23503426861,0,0,0,78,0,0,0
11,68,6,5667.94174265803,1682.96122889462,0,0,0,203,0,0,0
11,68,7,22120.366850663,13533.1083278878,128,0,0,242,0,0,0
11,68,8,0,6,0,0,0,0,0,0,0
11,69,1,3533.21105584848,1610.6879663143,0,0,0,129,0,0,0
11,69,2,3551.31133043,2538.69983385683,0,0,0,95,0,0,0
11,69,3,3767.09577510064,1447.07361185437,0,0,0,145,0,0,0
11,69,4,4390.69374555003,634.385325587578,3,0,0,206,0,0,0
11,69,5,4465.43538445792,1150.51294312524,0,0,0,197,0,0,0
11,69,6,5748.72230887927,1314.87481212563,0,0,0,168,0,0,0
11,69,7,22191.8257979635,11196.7900470294,47,0,0,205,0,0,0
11,69,8,0,6,0,0,0,0,0,0,0
11,70,1,3566.29594011351,1741.15763897791,0,0,0,161,0,0,0
11,70,2,3590.4233605396,1398.35045352979,6,0,0,198,0,0,0
11,70,3,3806.82382873116,1790.66803528397,0,0,0,144,0,0,0
11,70,4,4405.08105260902,2114.95655354801,0,0,0,63,0,0,0
11,70,5,4503.93216440408,2828.72317823304,0,0,0,115,0,0,0
11,70,6,5801.2799749994,2765.94286735034,0,0,0,131,0,0,0
11,70,7,22255.1243768264,13142.0248063312,110,0,0,206,0,0,0
11,70,8,0,6,0,0,0,0,0,0,0
11,71,1,3615.91501279055,787.140722544529,0,0,0,174,0,0,0
11,71,2,3639.94288573162,273.033613008834,0,0,0,139,0,0,0
11,71,3,3857.26605295251,1163.03963883333,0,0,0,176,0,0,0
11,71,4,4483.38119543043,2231.9461811363,1,0,0,173,0,0,0
11,71,5,4601.0717525936,2770.00327757127,4,0,0,176,0,0,4
11,71,6,5944.2505392238,3530.6049285402,6,0,0,184,0,0,0
11,71,7,22353.0862558833,13026.2303601378,73,0,0,209,0,0,0
11,71,8,0,6,0,0,0,0,0,0,0
11,72,1,3617.93931568731,1783.22597548476,0,0,0,78,0,0,0
11,72,2,3630.00726643019,1000.22589866512,0,0,0,27,0,0,0
11,72,3,3877.23826291045,2157.14871660594,0,0,0,116,0,0,0
11,72,4,4533.20547935024,2494.13303083816,1,0,0,200,0,0,0
11,72,5,4675.91425484075,1774.96958273145,3,0,0,229,0,0,0
11,72,6,6064.54173166857,2725.87861165801,7,0,0,256,0,0,0
11,72,7,22403.1111992824,9525.09173144275,87,0,0,189,0,0,0
11,72,8,0,6,0,0,0,0,0,0,0
11,73,1,3678.83382684214,1508.85016872649,0,0,0,178,0,0,0
11,73,2,3651.89442507422,1534.06974423003,0,0,0,100,0,0,0
11,73,3,3929.27292686733,1409.04959204267,15,0,0,173,0,0,0
11,73,4,4614.30097667202,1855.03609996104,31,0,0,161,0,0,0
11,73,5,4756.87695567319,1071.23427822922,5,0,0,161,0,0,0
11,73,6,6201.83534461753,2906.25953624237,19,0,0,217,0,0,0
11,73,7,22498.6095974317,11708.8981244516,183,2,0,169,0,0,8
11,73,8,0,6,0,0,0,0,0,0,0
11,74,1,3737.38537147489,1866.10640386665,0,0,0,150,0,0,0
11,74,2,3716.27104389377,1336.92850802075,0,0,0,153,0,0,0
11,74,3,3979.11719767636,1061.32489903239,0,0,0,140,0,0,0
11,74,4,4726.5568563394,2162.03015245018,0,0,0,178,0,0,0
11,74,5,4826.5303401999,2791.03955473803,0,0,0,107,0,0,0
11,74,6,6401.30498994907,1527.57158477762,7,0,0,216,0,0,0
11,74,7,22613.4724580893,8390.25564117924,92,0,0,191,0,0,1
11,74,8,0,6,0,0,0,0,0,0,0
11,75,1,3813.76157168744,825.345545130301,9,0,0,158,0,0,0
11,75,2,3800.35906267634,1877.67907903395,0,0,0,133,0,0,0
11,75,3,4037.05110614032,1900.73190162656,0,0,0,106,0,0,0
11,75,4,4827.25828715109,1911.7659027398,20,0,0,153,0,0,0
11,75,5,4959.94663828513,3175.4416465321,26,0,0,196,0,0,0
11,75,6,6603.27692227457,2180.88681165139,0,0,0,152,0,0,0
11,75,7,22889.2823425854,6559.9981841245,185,0,0,264,0,0,0
11,75,8,0,6,0,0,0,0,0,0,0
11,76,1,3835.44564746545,1279.78666471804,0,0,0,82,0,0,0
11,76,2,3838.3676025028,617.879833724671,8,0,0,173,0,0,0
11,76,3,4084.41680506245,1515.06587018261,25,0,0,147,0,0,0
11,76,4,4874.01010112516,1272.01955495926,25,0,0,148,0,0,0
11,76,5,5017.95139174325,1949.84181844013,99,0,0,149,0,0,0
11,76,6,6686.9953348243,1992.17651469884,42,0,0,146,0,0,0
11,76,7,22946.8282572941,10841.5355226092,201,2,0,169,0,0,1
11,76,8,0,6,0,0,0,0,0,0,0
11,77,1,3865.45291541955,1743.83858395867,0,0,0,127,0,0,0
11,77,2,3841.90948914872,1155.29062643425,0,0,0,61,0,0,0
11,77,3,4125.12796605825,832.657455995651,0,0,0,151,0,0,0
11,77,4,4932.45070643805,2610.28491192499,0,0,0,127,0,0,0
11,77,5,5109.59595292412,2678.70778869836,0,0,0,189,0,0,0
11,77,6,6806.95123779052,1969.58186697772,1,0,0,183,0,0,0
11,77,7,23038.9408307129,7013.64961250419,57,0,0,204,0,0,0
11,77,8,0,6,0,0,0,0,0,0,0
11,78,1,3894.85327822221,1000.21547202363,15,0,0,145,0,0,0
11,78,2,3861.21823260803,1863.91420835059,0,0,0,115,0,0,0
11,78,3,4142.13149571835,2585.72804049921,0,0,0,83,0,0,0
11,78,4,4990.07580494148,2360.37769458722,45,0,0,175,0,0,0
11,78,5,5179.200130562,1710.35137483992,49,0,0,174,0,0,0
11,78,6,6894.04882384285,2893.66785326627,25,0,0,148,0,0,0
11,78,7,23108.2230701573,5841.17714508361,179,2,0,195,0,0,9
11,78,8,0,6,0,0,0,0,0,0,0
11,79,1,3911.27270544717,2367.69771340799,0,0,0,100,0,0,0
11,79,2,3895.51685649571,1597.26518069279,25,0,0,143,0,0,0
11,79,3,4194.72360802793,2280.52466460591,40,0,0,190,0,0,0
11,79,4,5047.64114405098,1793.67211648134,53,0,0,145,0,0,0
11,79,5,5258.97126690596,3214.21746958535,2,0,0,167,0,0,0
11,79,6,6977.11917068094,2762.86824038633,85,0,0,144,0,0,0
11,79,7,23184.2231975614,7518.5696637301,205,0,0,197,0,0,0
11,79,8,0,6,0,0,0,0,0,0,0
11,80,1,3975.0374593966,1955.34569381773,8,0,0,179,0,0,0
11,80,2,3944.08543045436,1753.76021364029,0,0,0,159,0,0,0
11,80,3,4278.60436800784,2343.90919865056,8,0,0,170,0,0,0
11,80,4,5140.7440516109,2344.09810837793,0,0,0,179,0,0,0
11,80,5,5351.25379762266,1765.08693317848,18,0,0,193,0,0,0
11,80,6,7111.23140617699,2751.26369761316,15,0,0,171,0,0,0
11,80,7,23250.3886779179,5193.85596548698,87,0,0,160,0,0,0
11,80,8,0,6,0,0,0,0,0,0,0
11,81,1,3986.21335494756,2400.61928541753,60,0,0,111,0,0,0
11,81,2,3961.30046375412,1222.45121506401,28,0,0,136,0,0,0
11,81,3,4306.13176364426,1365.37228076762,66,0,0,141,0,0,0
11,81,4,5191.7328024997,1941.02367608124,51,0,0,162,0,0,0
11,81,5,5399.54227045089,2258.7833114997,18,0,0,151,0,0,0
11,81,6,7178.36324225873,2994.04681994054,82,0,0,160,0,0,0
11,81,7,23293.2651619186,6965.18025870117,231,0,0,192,0,0,1
11,81,8,0,6,0,0,0,0,0,0,0
11,82,1,4052.22425191565,2152.47586951985,6,0,0,172,0,0,0
11,82,2,3998.40095013602,931.735376741638,0,0,0,122,0,0,0
11,82,3,4380.04193833663,2413.94031922268,0,0,0,136,0,0,0
11,82,4,5307.44239259998,2205.21333857202,0,0,0,194,0,0,0
11,82,5,5516.29727495703,2097.61751964628,3,0,0,192,0,0,0
11,82,6,7336.6494699001,2184.40219972042,8,0,0,217,0,0,0
11,82,7,23378.3392238238,11035.2654631759,48,0,0,199,0,0,0
11,82,8,0,6,0,0,0,0,0,0,0
11,83,1,4122.11800117673,2729.73465249684,0,0,0,192,0,0,1
11,83,2,4044.53228604889,1084.89288380877,0,0,0,93,0,0,0
11,83,3,4461.79779833924,1791.57138557988,1,0,0,194,0,0,0
11,83,4,5432.13643694967,1869.26540347525,0,0,0,217,0,0,0
11,83,5,5631.25928403834,2477.06932302053,1,0,0,188,0,0,0
11,83,6,7517.18615188996,1075.08519425848,1,0,0,189,0,0,0
11,83,7,23537.1674626983,15442.9772108969,41,0,0,205,0,0,0
11,83,8,0,6,0,0,0,0,0,0,0
11,84,1,4163.53564000969,1815.50427697586,1,0,0,207,0,0,0
11,84,2,4056.41591296615,1910.25228154817,0,0,0,108,0,0,0
11,84,3,4495.2097995093,1711.14858463032,0,0,0,179,0,0,0
11,84,4,5490.77751949401,1994.05173405081,0,0,0,186,0,0,0
11,84,5,5729.65227492209,3451.14793065335,0,0,0,227,0,0,0
11,84,6,7583.33906380806,2117.43777448786,0,0,0,107,0,0,0
11,84,7,23577.3530292459,9271.74443954926,34,0,0,222,0,0,0
11,84,8,0,6,0,0,0,0,0,0,0
11,85,1,4264.86037007978,2376.90344287387,0,0,0,179,0,0,0
11,85,2,4170.78241878604,1790.1441852197,0,0,0,190,0,0,0
11,85,3,4603.00163611581,1658.64630466116,0,0,0,171,0,0,0
11,85,4,5625.22849371203,710.168716441976,1,0,0,179,0,0,1
11,85,5,5909.12723620048,2617.87235128364,7,0,0,226,0,0,0
11,85,6,7818.72602706297,1340.24768373297,0,0,0,211,0,0,0
11,85,7,23803.315246705,14251.2395856963,42,0,0,233,0,0,1
11,85,8,0,6,0,0,0,0,0,0,0
11,86,1,4329.28670171448,1945.12959599384,0,0,0,237,0,0,0
11,86,2,4234.26460618217,1460.78592182764,0,0,0,179,0,0,0
11,86,3,4658.56916719443,2508.94965194296,0,0,0,165,0,0,0
11,86,4,5644.87658206145,1934.62320160609,0,0,0,71,0,0,0
11,86,5,6031.5921824559,3536.34127328983,0,0,0,222,0,0,0
11,86,6,7906.26091131175,3019.80970622439,0,0,0,134,0,0,0
11,86,7,23889.4042840278,9919.83058711192,36,0,0,245,0,0,0
11,86,8,0,6,0,0,0,0,0,0,0
11,87,1,4387.57192894707,2554.96181721148,6,0,0,177,0,0,0
11,87,2,4267.75842723333,690.302543303704,0,0,0,146,0,0,0
11,87,3,4721.86476042659,1287.92149795914,35,0,0,156,0,0,0
11,87,4,5740.02055938021,2049.40111624436,4,0,0,181,0,0,0
11,87,5,6135.31896713916,2908.77958074157,65,0,0,177,0,0,0
11,87,6,8016.1686022374,2910.27222843983,51,0,0,162,0,0,0
11,87,7,23975.2997897251,10918.9419052342,216,1,0,204,0,0,20
11,87,8,0,6,0,0,0,0,0,0,0
11,88,1,4443.4412075775,1478.88390765698,10,0,0,192,0,0,2
11,88,2,4268.6985778887,2648.49226924777,0,0,0,69,0,0,0
11,88,3,4769.55210987968,1562.22625638942,0,0,0,128,0,0,0
11,88,4,5825.95347388453,1738.69607828191,0,0,0,204,0,0,0
11,88,5,6233.34268451045,3303.92059683303,21,0,0,177,0,0,0
11,88,6,8154.54258863725,2970.3780790925,21,0,0,175,0,0,0
11,88,7,24045.7407729859,10172.8525805993,169,0,0,192,0,0,0
11,88,8,0,6,0,0,0,0,0,0,0
11,89,1,4424.90021464948,2632.7618867924,147,0,0,0,0,0,0
11,89,2,4295.68420365877,2536.91880052095,133,0,0,131,0,0,0
11,89,3,4786.01721090316,2595.02498284693,57,0,0,99,0,0,0
11,89,4,5849.91784391085,2560.8693591953,90,0,0,83,0,0,0
11,89,5,6296.84836657983,3095.60985268506,157,0,0,173,0,0,0
11,89,6,8261.30085458041,4432.12078029804,156,0,0,141,0,0,0
11,89,7,24182.1862039267,7674.01793850083,502,0,0,507,0,0,8
11,89,8,0,6,0,0,0,0,0,0,0
11,90,1,4417.94498699374,801.998566950684,232,0,0,8,0,0,0
11,90,2,4329.60552499588,1715.06096201912,106,0,0,137,0,0,0
11,90,3,4823.94908687516,1116.38441838062,124,0,0,123,0,0,0
11,90,4,5904.52993157815,1588.1522914639,109,0,0,136,0,0,0
11,90,5,6370.82798360555,2692.11140449127,134,0,0,162,0,0,0
11,90,6,8357.8195621171,3551.47897057655,209,0,0,177,0,0,2
11,90,7,24275.285354918,8910.48263727826,360,0,0,371,0,0,0
11,90,8,0,6,0,0,0,0,0,0,0
11,91,1,4435.51910425861,1748.34537012706,0,0,0,80,0,0,0
11,91,2,4412.46687614523,1460.79478697086,0,0,0,171,0,0,0
11,91,3,4875.72816076429,1619.82529496104,0,0,0,111,0,0,0
11,91,4,5971.84297322051,2151.56417912156,1,0,0,150,0,0,0
11,91,5,6465.38032065461,2453.60312694199,23,0,0,159,0,0,0
11,91,6,8488.3461882187,4299.53885491751,42,0,0,157,0,0,0
11,91,7,24368.3634899042,12890.1754064909,132,0,0,236,0,0,0
11,91,8,0,6,0,0,0,0,0,0,0
11,92,1,4528.11975367035,3176.89160691504,0,0,0,174,0,0,0
11,92,2,4469.17885510572,1649.23865212489,0,0,0,146,0,0,0
11,92,3,4955.13539148321,2407.87237819289,0,0,0,161,0,0,0
11,92,4,6141.96017295872,2703.76717609993,0,0,0,207,0,0,0
11,92,5,6599.08083315898,3717.90927979265,4,0,0,170,0,0,0
11,92,6,8704.90012290615,2200.07376791217,13,0,0,199,0,0,0
11,92,7,24509.4929130155,7200.70266867946,59,0,0,242,0,0,0
11,92,8,0,6,0,0,0,0,0,0,0
11,93,1,4572.84660483803,2192.17063836224,209,0,0,108,0,0,0
11,93,2,4503.69553192004,1951.8311407097,71,0,0,93,0,0,0
11,93,3,5048.55364392525,1711.22740552237,121,0,0,119,0,0,0
11,93,4,6245.47147179361,1982.31880560722,138,0,0,132,0,0,0
11,93,5,6733.29805584178,2887.65440517814,161,0,0,166,0,0,0
11,93,6,8865.97423203529,4044.49177414972,121,0,0,99,0,0,0
11,93,7,24850.0884418477,13898.4060550999,359,0,0,361,0,0,0
11,93,8,0,6,0,0,0,0,0,0,0
11,94,1,4609.52279155365,2550.23898567924,0,0,0,191,0,0,0
11,94,2,4560.0129736566,1682.9401931781,0,0,0,195,0,0,0
11,94,3,5099.06408533264,2248.86148042336,0,0,0,171,0,0,0
11,94,4,6321.11598120373,4400.82206672755,0,0,0,198,0,0,0
11,94,5,6824.40025233007,4505.29824688265,2,0,0,217,0,0,0
11,94,6,8989.91087113798,6614.93611444278,9,0,0,182,0,0,0
11,94,7,24896.2449238728,9191.5810614165,50,0,0,235,0,0,0
11,94,8,0,6,0,0,0,0,0,0,0
11,95,1,4694.2676809793,1815.57819701031,10,0,0,191,0,0,0
11,95,2,4630.86370680226,1140.55565276955,0,0,0,168,0,0,0
11,95,3,5185.73421951416,1397.5373206915,8,0,0,174,0,0,0
11,95,4,6451.61414284201,2505.85034513021,38,0,0,196,0,0,0
11,95,5,7008.69617003236,1859.35794911648,37,0,0,212,0,0,0
11,95,6,9203.08678942903,4715.69229873191,67,0,0,237,0,0,0
11,95,7,24978.8586814299,16408.947431032,116,0,0,186,0,0,0
11,95,8,0,6,0,0,0,0,0,0,0
11,96,1,4748.41026779885,2392.73739280428,0,0,0,174,0,0,0
11,96,2,4660.0148603861,637.117399595951,0,0,0,114,0,0,0
11,96,3,5222.77588251964,2874.90969229983,0,0,0,139,0,0,0
11,96,4,6515.59534528238,1907.91395534804,2,0,0,179,0,0,0
11,96,5,7076.71536876533,2995.53826495859,0,0,0,184,0,0,0
11,96,6,9413.25040511481,5421.05706016383,4,0,0,339,0,0,0
11,96,7,25037.2962786398,5620.25630366318,41,0,0,297,0,0,0
11,96,8,0,6,0,0,0,0,0,0,0
11,97,1,4791.25922041392,675.423280482833,161,0,0,78,0,0,0
11,97,2,4673.85703003986,1819.36798782901,34,0,0,29,0,0,0
11,97,3,5321.13285234735,2707.65502650868,143,0,0,144,0,0,0
11,97,4,6591.1562022022,1449.66693564992,104,0,0,86,0,0,0
11,97,5,7256.39808543064,2420.21468352404,139,0,0,160,0,0,0
11,97,6,9865.68412586015,6147.55199568181,269,0,0,273,0,0,0
11,97,7,25351.4990426782,3891.34077669983,270,0,0,252,0,0,14
11,97,8,0,6,0,0,0,0,0,0,0
11,98,1,4838.98947487778,2310.29197974201,0,0,0,67,0,0,0
11,98,2,4823.48292246162,2344.97702673805,9,0,0,158,0,0,0
11,98,3,5489.69327729992,1909.4440794537,46,0,0,150,0,0,0
11,98,4,6786.00604508378,3018.66557271073,0,0,0,144,0,0,0
11,98,5,7473.79637668599,2445.80088376349,34,0,0,152,0,0,0
11,98,6,10290.5098791297,7464.37592177943,153,0,0,200,0,0,6
11,98,7,25583.8563650003,9941.36880116285,88,0,0,159,0,0,0
11,98,8,0,6,0,0,0,0,0,0,0
11,99,1,4946.68222515046,2214.10508322453,0,0,0,231,0,0,0
11,99,2,4934.28836731716,2349.63078895687,4,0,0,175,0,0,0
11,99,3,5621.2347584432,2791.54607318023,0,0,0,190,0,0,0
11,99,4,6950.71835676554,2226.63876700772,8,0,0,195,0,0,0
11,99,5,7637.8485299228,2363.30999614184,5,0,0,173,0,0,0
11,99,6,10574.9263555794,3713.73868314554,42,0,0,175,0,0,0
11,99,7,25751.6393240303,10069.472163342,56,0,0,247,0,0,0
11,99,8,0,6,0,0,0,0,0,0,0
11,100,1,5121.39609334326,1391.04043894064,0,0,0,212,0,0,0
11,100,2,5132.15899559793,2084.72949912161,3,0,0,176,0,0,0
11,100,3,5864.99445279994,1896.73608838105,5,0,0,179,0,0,2
11,100,4,7321.83743769723,3179.82031991473,0,0,0,222,0,0,0
11,100,5,7968.32484369518,2896.85716980776,0,0,0,185,0,0,8
11,100,6,11228.5035059734,4579.60520017737,10,0,0,214,0,0,0
11,100,7,26133.8806312918,9174.11108296018,51,0,0,193,0,0,0
11,100,8,0,6,0,0,0,0,0,0,0
12,1,1,2878.024,1447.86808029171,37,0,0,29,0,0,0
12,1,2,2878.8256,920.510953842017,41,0,0,57,0,0,0
12,1,3,2880.0976,1535.18735076909,20,0,0,25,0,0,0
12,1,4,2884.152,371.370662228039,23,0,0,24,0,0,0
12,1,5,2884.552,1396.67592138077,34,0,0,29,0,0,0
12,1,6,2878.368,1040.15041455085,28,0,0,15,0,0,0
12,1,7,19640.9055999999,8214.87676158276,28,0,0,38,0,0,0
12,1,8,0,6,0,0,0,23,0,0,0
12,2,1,2895.1472,694.809701086694,0,0,0,144,0,0,0
12,2,2,2890.40928,942.732031587551,0,0,0,92,0,0,0
12,2,3,2904.24351999999,1314.1200878496,0,0,0,153,0,0,0
12,2,4,2885.264,1248.65168833725,0,0,0,37,0,0,0
12,2,5,2906.8944,1423.42041909949,0,0,0,139,0,0,0
12,2,6,2892.3616,820.152259702178,0,0,0,104,0,0,0
12,2,7,19605.6956799998,4062.68843186563,8,13,0,199,0,0,0
12,2,8,0,6,0,0,0,0,0,0,0
12,3,1,2897.3408,1214.36506455146,0,0,0,69,0,0,0
12,3,2,2898.92128,1086.03197910736,0,0,0,94,0,0,0
12,3,3,2921.35551999999,802.610274314928,13,0,0,114,0,0,0
12,3,4,2899.9136,1168.47010188881,9,0,0,113,0,0,0
12,3,5,2926.55039999999,855.46693636596,11,0,0,128,0,0,0
12,3,6,2900.0816,1553.04541630371,0,0,0,82,0,0,0
12,3,7,19565.4396799998,7569.82172949771,175,0,0,178,0,0,0
12,3,8,0,6,0,0,0,0,0,0,0
12,4,1,2904.895104,836.398905952035,0,0,0,121,0,0,0
12,4,2,2912.53888,1274.48520798956,0,0,0,108,0,0,0
12,4,3,2927.90784,715.866805430208,0,0,0,80,0,0,0
12,4,4,2916.0432,1038.87951715288,0,0,0,116,0,0,0
12,4,5,2937.35008,1021.10765582484,0,0,0,85,0,0,0
12,4,6,2924.90912000001,1499.09608036929,0,0,0,155,0,0,0
12,4,7,19543.8534399996,4030.95821910714,43,0,0,200,0,0,0
12,4,8,0,6,0,0,0,0,0,0,0
12,5,1,2905.38182400001,1150.24539232112,0,0,0,83,0,0,0
12,5,2,2924.40768,974.441375233833,0,0,0,127,0,0,0
12,5,3,2933.78976,1617.37326669518,0,0,0,71,0,0,0
12,5,4,2925.49792,633.205799498551,0,0,0,103,0,0,0
12,5,5,2949.24288,1346.38138567003,0,0,0,102,0,0,0
12,5,6,2947.03078400001,963.911321786319,3,0,0,144,0,0,0
12,5,7,19504.7693439995,4255.87091428597,112,0,0,185,0,0,0
12,5,8,0,6,0,0,0,0,0,0,0
12,6,1,2896.858624,768.062886458574,0,67,0,48,0,0,0
12,6,2,2913.0289152,1390.67319296607,0,48,0,49,0,0,0
12,6,3,2934.801024,1429.55652885686,0,80,0,81,0,0,0
12,6,4,2914.15872000001,897.721254294596,0,38,0,25,0,0,0
12,6,5,2946.47168,1196.31344475818,0,78,0,56,0,0,0
12,6,6,2948.80678400001,1409.21432287792,0,40,0,56,0,0,0
12,6,7,19472.8698239994,8208.15035943367,0,206,0,219,0,0,0
12,6,8,0,6,0,0,0,0,0,0,0
12,7,1,2899.474944,812.184481075774,0,0,0,76,0,0,0
12,7,2,2933.8225152,1114.36867264717,0,0,0,139,0,0,0
12,7,3,2956.348224,1430.23421196369,0,0,0,142,0,0,0
12,7,4,2927.83072,747.896001062579,0,0,0,89,0,0,0
12,7,5,2966.75168,1025.86449190193,0,0,0,119,0,0,0
12,7,6,2975.121984,888.470175312781,0,0,0,140,0,0,0
12,7,7,19469.3408639995,8855.0027740276,26,0,0,239,0,0,0
12,7,8,0,6,0,0,0,0,0,0,0
12,8,1,2907.31014400001,486.635748065846,0,0,0,81,0,0,0
12,8,2,2950.11403520001,1147.45227474143,0,0,0,111,0,0,0
12,8,3,2982.40748800001,1162.69458525723,0,0,0,143,0,0,0
12,8,4,2941.10720000001,1116.02144095511,0,0,0,74,0,0,0
12,8,5,2986.62816,1058.92534310802,0,0,0,102,0,0,0
12,8,6,2993.10188800001,1625.29455209312,0,0,0,88,0,0,0
12,8,7,19473.7800319993,6571.39090081644,22,0,0,246,0,0,0
12,8,8,0,6,0,0,0,0,0,0,0
12,9,1,2904.80044800001,1559.13187488011,0,0,0,48,0,0,0
12,9,2,2964.9332352,1216.52247001344,0,0,0,114,0,0,0
12,9,3,3000.76620800001,1327.50485877898,0,0,0,116,0,0,0
12,9,4,2958.2784,1058.35767313146,0,0,0,111,0,0,0
12,9,5,3002.49024,1065.23418753443,0,0,0,105,0,0,0
12,9,6,3024.20947200001,898.250828643352,0,0,0,162,0,0,0
12,9,7,19460.1880319993,6447.3071992748,59,0,0,191,0,0,0
12,9,8,0,6,0,0,0,0,0,0,0
12,10,1,2920.26311680001,1512.90350813712,8,0,0,129,0,0,0
12,10,2,2979.36683520001,1346.73920923327,0,0,0,121,0,0,0
12,10,3,3022.51066880001,1367.41454204079,0,0,0,132,0,0,0
12,10,4,2976.2256,941.10454174106,0,0,0,105,0,0,0
12,10,5,3020.293696,1378.58406832305,0,0,0,106,0,0,0
12,10,6,3039.76595200001,1333.62780579018,0,0,0,89,0,0,0
12,10,7,19457.4059519993,5954.17128873468,147,0,0,202,0,0,0
12,10,8,0,6,0,0,0,0,0,0,0
12,11,1,2911.74145280001,1550.44128573472,111,0,0,29,0,0,0
12,11,2,2984.68273920001,599.315796295981,53,0,0,76,0,0,0
12,11,3,3027.39866880001,1710.40589937402,46,0,0,86,0,0,0
12,11,4,2984.61312,1178.25455133872,21,0,0,71,0,0,0
12,11,5,3032.69728,929.129549730677,38,0,0,96,0,0,0
12,11,6,3050.65280256001,1661.98145137075,53,0,0,75,0,0,0
12,11,7,19459.7733119993,13913.9504572831,208,1,0,204,0,0,33
12,11,8,0,6,0,0,0,0,0,0,0
12,12,1,2938.42753280001,1357.01790499842,0,0,0,155,0,0,0
12,12,2,2989.42411520001,744.0274415798,0,0,0,59,0,0,0
12,12,3,3055.46420480001,1371.22597173282,0,0,0,171,0,0,0
12,12,4,2997.384,1389.23515294539,0,0,0,117,0,0,0
12,12,5,3045.6724608,1090.93866597403,0,0,0,92,0,0,0
12,12,6,3078.98048256,445.906925799689,0,0,0,166,0,0,0
12,12,7,19445.9435519993,7966.93251486949,42,0,0,193,0,0,0
12,12,8,0,6,0,0,0,0,0,0,0
12,13,1,2957.6516608,1449.67258851596,0,0,0,135,0,0,0
12,13,2,2999.03147520001,755.517159748291,0,0,0,74,0,0,0
12,13,3,3075.2530048,862.28443984031,0,0,0,137,0,0,0
12,13,4,3015.16352,794.683168518117,0,0,0,138,0,0,0
12,13,5,3058.6004608,1163.45769645477,0,0,0,109,0,0,0
12,13,6,3082.90560256001,1568.64653968029,0,0,0,44,0,0,0
12,13,7,19433.6731519993,7967.41670441606,61,0,0,179,0,0,0
12,13,8,0,6,0,0,0,0,0,0,0
12,14,1,2977.1859456,1349.39302352634,0,0,0,144,0,0,0
12,14,2,3007.66667520001,2185.87009559961,0,0,0,75,0,0,0
12,14,3,3083.48666880001,1186.49516490958,0,0,0,86,0,0,0
12,14,4,3020.699584,1023.93285750392,0,0,0,79,0,0,0
12,14,5,3072.5746688,1458.41844842602,0,0,0,116,0,0,0
12,14,6,3110.41888256,1075.82567468103,0,0,0,156,0,0,0
12,14,7,19436.3377279993,4713.28659446409,73,0,0,196,0,0,0
12,14,8,0,6,0,0,0,0,0,0,0
12,15,1,2983.22754560001,1403.50031523043,44,0,0,82,0,0,0
12,15,2,3029.49286400001,1382.32259412776,65,0,0,140,0,0,0
12,15,3,3096.66759680001,1149.41950409642,8,0,0,109,0,0,0
12,15,4,3031.3047808,1452.41144860496,1,0,0,101,0,0,0
12,15,5,3087.7328896,1779.08622865776,29,0,0,111,0,0,0
12,15,6,3122.44308736001,592.9450186474,17,0,0,87,0,0,0
12,15,7,19443.1060479992,10614.3133752567,214,0,0,201,0,0,1
12,15,8,0,6,0,0,0,0,0,0,0
12,16,1,3004.15388160001,893.699943357756,0,0,0,140,0,0,0
12,16,2,3050.72230400002,1067.4595608093,0,0,0,138,0,0,0
12,16,3,3107.6331776,1632.19064270551,0,0,0,114,0,0,0
12,16,4,3049.94195456001,1725.74086272021,0,0,0,145,0,0,0
12,16,5,3110.1690496,1452.25306527635,0,0,0,166,0,0,0
12,16,6,3122.08891136001,1776.50832602726,0,0,0,59,0,0,0
12,16,7,19442.6935679992,7598.18873358881,45,0,0,193,0,0,0
12,16,8,0,6,0,0,0,0,0,0,0
12,17,1,3019.92937216,1850.82968065283,0,0,0,89,0,0,0
12,17,2,3069.66709760001,803.729143249043,0,0,0,106,0,0,0
12,17,3,3136.403008512,1234.84880281391,0,0,0,163,0,0,0
12,17,4,3081.05652736001,565.098090084953,0,0,0,172,0,0,0
12,17,5,3139.51090995201,777.877317008431,0,0,0,145,0,0,0
12,17,6,3151.66974525441,2292.83798415091,7,0,0,160,0,0,0
12,17,7,19479.5656319992,8211.83599420266,184,0,0,317,0,0,0
12,17,8,0,6,0,0,0,0,0,0,0
12,18,1,3033.11292672001,1029.45252285257,13,0,0,143,0,0,0
12,18,2,3072.10029824002,1571.91218166717,0,0,0,80,0,0,0
12,18,3,3142.04559667201,1192.57780895723,0,0,0,123,0,0,0
12,18,4,3079.87841740801,1391.61875190097,0,0,0,56,0,0,0
12,18,5,3144.55474995201,1701.61480417866,0,0,0,77,0,0,0
12,18,6,3174.01156925441,1862.81331297134,28,0,0,138,0,0,0
12,18,7,19482.3367167991,8912.49525338717,186,0,0,188,0,0,2
12,18,8,0,6,0,0,0,0,0,0,0
12,19,1,3039.00887552001,1960.76869908307,0,0,0,102,0,0,0
12,19,2,3087.04411852801,1047.65371389488,0,0,0,157,0,0,0
12,19,3,3153.23799101441,574.214334193596,0,0,0,119,0,0,0
12,19,4,3090.93958604801,1299.43553585491,0,0,0,139,0,0,0
12,19,5,3173.05515571201,1109.86830075331,0,0,0,170,0,0,0
12,19,6,3207.32395581441,1452.05378836703,1,0,0,179,0,0,0
12,19,7,19514.3360025591,3041.48002847737,106,0,0,255,0,0,0
12,19,8,0,6,0,0,0,0,0,0,0
12,20,1,3026.97340672001,635.963839300912,150,0,0,46,0,0,0
12,20,2,3077.70687948802,1384.11372264102,41,0,0,63,0,0,0
12,20,3,3133.84943626241,906.114060961633,33,0,0,24,0,0,0
12,20,4,3079.89593804801,1119.97306979176,71,0,0,58,0,0,0
12,20,5,3169.41487155201,1693.19725407043,47,0,0,63,0,0,0
12,20,6,3215.87492413441,1354.11954675881,63,0,0,82,0,0,0
12,20,7,19520.1775513591,11049.2635547574,134,0,0,170,0,0,0
12,20,8,0,6,0,0,0,0,0,0,0
12,21,1,3023.40917248001,1405.05937462241,0,0,0,63,0,0,0
12,21,2,3088.41715148802,1220.31587247135,0,0,0,138,0,0,0
12,21,3,3128.11365949441,1888.59522634843,0,0,0,90,0,0,0
12,21,4,3080.35018700801,1482.76510132635,0,0,0,111,0,0,0
12,21,5,3188.97328435201,1454.04436133062,0,0,0,169,0,0,0
12,21,6,3232.77462128641,1274.41121251819,0,0,0,135,0,0,0
12,21,7,19492.496847359,7746.20447488663,33,0,0,187,0,0,0
12,21,8,0,6,0,0,0,0,0,0,0
12,22,1,3018.42187427841,746.041180153546,0,82,0,58,0,0,0
12,22,2,3079.88627148802,1803.98181854118,0,77,0,45,0,0,0
12,22,3,3124.65657149441,1455.63287275853,0,87,0,101,0,0,0
12,22,4,3078.43690137601,1628.11895723895,0,67,0,81,0,0,0
12,22,5,3191.23553034241,1400.30630098087,0,63,0,82,0,0,0
12,22,6,3232.06952548353,896.973222759862,0,64,0,63,0,0,0
12,22,7,19457.773199359,6219.70735262233,7,186,0,141,0,0,0
12,22,8,0,6,0,0,0,0,0,0,0
12,23,1,3031.20409251841,1603.09033784643,0,0,0,74,0,0,0
12,23,2,3120.71882752002,1159.95971869066,0,0,0,180,0,0,0
12,23,3,3154.84016435201,1051.90344381783,0,0,0,145,0,0,0
12,23,4,3105.82068213762,1543.11668126131,0,0,0,162,0,0,0
12,23,5,3226.14976114689,1296.95368832673,0,0,0,140,0,0,0
12,23,6,3254.89868899943,1354.98774332032,0,0,0,89,0,0,0
12,23,7,19471.6935859189,7072.81622335668,29,0,0,198,0,0,0
12,23,8,0,6,0,0,0,0,0,0,0
12,24,1,3056.81297776641,751.740622665711,0,0,0,160,0,0,0
12,24,2,3136.11095552002,745.406169569396,0,0,0,115,0,0,0
12,24,3,3164.59772211201,1408.2933948782,0,0,0,105,0,0,0
12,24,4,3128.02401013761,894.5282149078,0,0,0,154,0,0,0
12,24,5,3246.74266175489,1251.35483087001,0,0,0,129,0,0,0
12,24,6,3278.15514979943,1818.52680073809,0,0,0,135,0,0,0
12,24,7,19474.5476531189,5434.01048193974,21,2,0,201,0,0,0
12,24,8,0,6,0,0,0,0,0,0,0
12,25,1,3064.48216176641,675.290896244436,0,0,0,75,0,0,0
12,25,2,3139.39188992001,1796.67761462556,0,0,0,74,0,0,0
12,25,3,3183.19580426241,2240.84265058778,0,0,0,140,0,0,0
12,25,4,3137.69679360001,1362.01836806898,0,0,0,89,0,0,0
12,25,5,3265.19163455489,1992.12481426532,0,0,0,125,0,0,0
12,25,6,3308.53468464743,1044.84146467009,3,0,0,169,0,0,0
12,25,7,19468.6979020789,12766.9427901113,110,0,0,169,0,0,0
12,25,8,0,6,0,0,0,0,0,0,0
12,26,1,3065.34781040641,1035.38972186042,0,0,0,67,0,0,0
12,26,2,3159.90335283201,1877.07467725561,0,0,0,179,0,0,0
12,26,3,3215.19081482242,1109.19316857091,0,0,0,195,0,0,0
12,26,4,3154.96610560001,1551.66602565286,0,0,0,136,0,0,0
12,26,5,3301.04158271489,892.449346082843,0,0,0,190,0,0,0
12,26,6,3325.78933091943,1377.04759682444,0,0,0,104,0,0,0
12,26,7,19472.5466572789,6624.25677994368,38,0,0,206,0,0,0
12,26,8,0,6,0,0,0,0,0,0,0
12,27,1,3070.30860451841,1126.16752097447,0,0,0,103,0,0,0
12,27,2,3178.69074534402,2077.91129056214,3,0,0,162,0,0,0
12,27,3,3221.22888407041,1372.79479956901,0,0,0,110,0,0,0
12,27,4,3177.27419427227,2162.88788075025,0,0,0,155,0,0,0
12,27,5,3305.85719871489,1482.38950787109,0,0,0,89,0,0,0
12,27,6,3350.60726943335,1791.88740353356,0,0,0,137,0,0,0
12,27,7,19467.7319884789,10786.7044516473,62,0,0,160,0,0,0
12,27,8,0,6,0,0,0,0,0,0,0
12,28,1,3075.25525155842,598.529330568821,0,0,0,112,0,0,0
12,28,2,3208.29714688002,934.867919891838,0,0,0,207,0,0,0
12,28,3,3233.82112995329,879.205264105237,0,0,0,137,0,0,0
12,28,4,3212.30710768027,1384.46239865702,0,0,0,216,0,0,0
12,28,5,3323.57601548289,1809.49533324018,0,0,0,148,0,0,0
12,28,6,3386.52690028135,946.602846301554,0,0,0,179,0,0,0
12,28,7,19486.4881736693,7021.08965755681,42,0,0,221,0,0,0
12,28,8,0,6,0,0,0,0,0,0,0
12,29,1,3070.06725601282,1133.82053834269,0,0,0,59,0,0,0
12,29,2,3209.52598988802,1060.72527486876,0,0,0,93,0,0,0
12,29,3,3234.0267050189,1141.06446952211,0,0,0,87,0,0,0
12,29,4,3229.70385453467,1528.23775000982,0,0,0,138,0,0,0
12,29,5,3342.83759413249,1509.27419272863,1,0,0,170,0,0,0
12,29,6,3401.07490073806,446.616498862007,0,0,0,94,0,0,0
12,29,7,19488.0527816692,9167.58765084702,73,0,0,185,0,0,0
12,29,8,0,6,0,0,0,0,0,0,0
12,30,1,3067.71062753282,1212.45581833105,0,0,0,113,0,0,0
12,30,2,3209.42740787202,850.228984237627,0,0,0,106,0,0,0
12,30,3,3239.2333016269,317.99101245002,0,0,0,114,0,0,0
12,30,4,3240.48410165659,1026.20637167338,0,0,0,152,0,0,0
12,30,5,3356.66295236609,924.392616110022,0,0,0,150,0,0,0
12,30,6,3396.35525913806,1032.53627635242,0,0,0,44,0,0,0
12,30,7,19507.1987400692,9249.60826013173,51,0,0,231,0,0,0
12,30,8,0,6,0,0,0,0,0,0,0
12,31,1,3071.86105534875,944.663496724639,0,0,0,121,0,0,0
12,31,2,3204.68622899202,1408.29740307408,0,0,0,85,0,0,0
12,31,3,3222.5970392269,1310.51316067281,0,0,0,31,0,0,0
12,31,4,3244.86202976667,1483.22621098544,0,0,0,102,0,0,0
12,31,5,3355.20098031208,1209.49045329795,0,0,0,92,0,0,0
12,31,6,3409.3819174781,1280.92719079474,0,0,0,103,0,0,0
12,31,7,19519.2265437171,9484.50264866395,0,53,0,193,0,0,0
12,31,8,0,6,0,0,0,0,0,0,0
12,32,1,3053.55991230875,1668.14443800823,0,69,0,25,0,0,0
12,32,2,3191.78039603202,1324.47028894042,0,58,0,82,0,0,0
12,32,3,3204.88913774594,1796.27728776429,0,69,0,62,0,0,0
12,32,4,3234.78421944322,937.136231092601,0,71,0,77,0,0,0
12,32,5,3346.20043902568,1580.96831482213,0,49,0,71,0,0,0
12,32,6,3403.7023609725,1536.59829216671,0,63,0,65,0,0,0
12,32,7,19530.5158779891,9978.74364237579,7,195,0,194,0,0,2
12,32,8,0,6,0,0,0,0,0,0,0
12,33,1,3068.55638458042,902.290390114152,0,0,0,166,0,0,0
12,33,2,3204.83057971201,1625.81478602905,0,0,0,132,0,0,0
12,33,3,3222.56577814939,886.096423900954,0,0,0,179,0,0,0
12,33,4,3239.54970828802,649.612788172404,0,0,0,93,0,0,0
12,33,5,3370.9022709883,1647.58347248557,0,0,0,158,0,0,0
12,33,6,3429.96763329251,1663.49643936106,0,0,0,153,0,0,0
12,33,7,19568.8302941171,3931.37980533955,27,0,0,244,0,0,0
12,33,8,0,6,0,0,0,0,0,0,0
12,34,1,3070.36752365242,669.576651538328,0,0,0,90,0,0,0
12,34,2,3216.20346786203,1311.61021310958,7,0,0,142,0,0,0
12,34,3,3223.20987742619,933.406973058936,0,0,0,88,0,0,0
12,34,4,3235.98297436162,1495.81949242679,0,0,0,64,0,0,0
12,34,5,3397.89286421628,499.679485703372,0,0,0,164,0,0,0
12,34,6,3460.96520385251,1963.30889076428,0,0,0,166,0,0,0
12,34,7,19592.3104958451,7186.15220731323,78,0,0,174,0,0,0
12,34,8,0,6,0,0,0,0,0,0,0
12,35,1,3063.2820012409,450.043146772387,0,0,0,66,0,0,0
12,35,2,3224.73121296795,859.163955530198,0,0,0,131,0,0,0
12,35,3,3224.12634596149,740.178823501998,0,0,0,93,0,0,0
12,35,4,3256.39753685485,1106.60916065784,0,0,0,149,0,0,0
12,35,5,3396.23650038908,2172.94863102792,0,0,0,49,0,0,0
12,35,6,3501.76413852616,1783.58701917476,0,0,0,190,0,0,0
12,35,7,19629.5337001971,9868.72158943668,33,0,0,207,0,0,0
12,35,8,0,6,0,0,0,0,0,0,0
12,36,1,3053.6361709945,1392.82079005716,0,0,0,45,0,0,0
12,36,2,3224.56534133147,1794.75039212911,0,0,0,85,0,0,0
12,36,3,3218.79139392309,1873.52959944264,0,0,0,74,0,0,0
12,36,4,3262.26173194733,1356.8153737251,0,0,0,110,0,0,0
12,36,5,3432.2785819771,1677.61770297701,0,0,0,217,0,0,0
12,36,6,3543.21889745864,633.397300341405,0,0,0,178,0,0,0
12,36,7,19679.2011034611,6173.52219698239,24,0,0,263,0,0,1
12,36,8,0,6,0,0,0,0,0,0,0
12,37,1,3054.29714136762,544.419944541081,41,0,0,90,0,0,0
12,37,2,3222.05394622875,1185.68661720321,61,0,0,106,0,0,0
12,37,3,3221.66842311477,1390.83897778933,59,0,0,116,0,0,0
12,37,4,3269.2405149131,1791.89055899183,7,0,0,127,0,0,0
12,37,5,3447.20719635252,1154.90833537888,23,0,0,140,0,0,0
12,37,6,3546.99506181064,1677.72948917127,0,0,0,63,0,0,0
12,37,7,19707.607355493,8351.11093072987,190,2,0,203,0,0,5
12,37,8,0,6,0,0,0,0,0,0,0
12,38,1,3045.91318112684,1372.83655748923,0,0,0,54,0,0,0
12,38,2,3244.95645876307,797.036494555622,0,0,0,118,0,0,0
12,38,3,3239.78334446471,1368.56779105487,0,0,0,139,0,0,0
12,38,4,3299.36402247682,1442.83388172939,0,0,0,179,0,0,0
12,38,5,3458.26295118464,531.689577840839,0,0,0,115,0,0,0
12,38,6,3585.82472909768,736.838004434834,0,0,0,167,0,0,0
12,38,7,19727.4593452428,10210.5893183221,0,39,0,177,0,0,0
12,38,8,0,6,0,0,0,0,0,0,0
12,39,1,3041.49642899884,824.533581504601,0,44,0,88,0,0,0
12,39,2,3230.98618290259,718.518658956738,0,17,0,61,0,0,0
12,39,3,3234.41204093421,893.403498089492,0,38,0,95,0,0,0
12,39,4,3286.85642884893,1225.09578533433,0,54,0,84,0,0,0
12,39,5,3441.45065069184,1316.01022302594,0,4,0,48,0,0,0
12,39,6,3581.13168653256,1548.02086970469,0,16,0,56,0,0,0
12,39,7,19745.7588059531,4136.64333876261,7,212,0,249,0,0,0
12,39,8,0,6,0,0,0,0,0,0,0
12,40,1,3039.2295059425,888.562690128389,0,0,0,82,0,0,0
12,40,2,3226.74001125459,722.15541864375,0,0,0,71,0,0,0
12,40,3,3239.40573583853,1225.9903128358,0,0,0,89,0,0,0
12,40,4,3290.6116542646,1906.26781138764,0,0,0,122,0,0,0
12,40,5,3453.94668070599,1128.92888974924,0,0,0,131,0,0,0
12,40,6,3602.22448466479,1653.26384970417,0,0,0,154,0,0,0
12,40,7,19772.8885078411,7802.76672341318,56,0,0,161,0,0,0
12,40,8,0,6,0,0,0,0,0,0,0
12,41,1,3044.14326222538,1434.12434063969,0,0,0,88,0,0,0
12,41,2,3220.34829827769,746.869398568757,0,0,0,72,0,0,0
12,41,3,3242.77533278308,862.567004953475,0,0,0,122,0,0,0
12,41,4,3319.86182877857,1722.05901191248,0,0,0,189,0,0,0
12,41,5,3464.63100474259,1938.65173753013,0,0,0,112,0,0,0
12,41,6,3641.41911844849,1384.78053660531,0,0,0,165,0,0,0
12,41,7,19822.3389266315,6050.75243968247,27,0,0,234,0,0,0
12,41,8,0,6,0,0,0,0,0,0,0
12,42,1,3050.31436248778,1756.55201521451,0,0,0,143,0,0,0
12,42,2,3209.43616211453,898.81602632023,0,0,0,74,0,0,0
12,42,3,3234.83307972708,1177.16441134733,0,0,0,86,0,0,0
12,42,4,3331.19643372376,1735.39186912895,0,0,0,172,0,0,0
12,42,5,3485.18524612311,1100.75067518323,0,0,0,193,0,0,0
12,42,6,3663.1504128454,1233.09791516175,0,0,0,138,0,0,0
12,42,7,19830.6096695691,8702.56643749874,44,0,0,175,0,0,0
12,42,8,0,6,0,0,0,0,0,0,0
12,43,1,3073.37668122724,1885.60555225401,0,0,0,175,0,0,0
12,43,2,3206.05800288273,813.207133079783,0,0,0,89,0,0,0
12,43,3,3242.04735807918,735.533720661384,0,0,0,117,0,0,0
12,43,4,3346.63259097535,2256.36295953219,0,0,0,171,0,0,0
12,43,5,3491.61477871808,1069.89436005616,0,0,0,110,0,0,0
12,43,6,3680.58047820823,2338.33835286865,0,0,0,123,0,0,0
12,43,7,19889.5981423273,5942.88645434759,0,35,0,319,0,0,0
12,43,8,0,6,0,0,0,0,0,0,0
12,44,1,3058.05994063972,1118.46789298066,0,122,0,66,0,0,0
12,44,2,3186.10576787784,338.089549245332,0,47,0,34,0,0,0
12,44,3,3219.95479042544,667.794196247405,0,20,0,53,0,0,0
12,44,4,3338.56070727251,1150.91885435127,0,112,0,113,0,0,0
12,44,5,3479.08497279118,1465.03622269113,0,48,0,58,0,0,0
12,44,6,3688.80637670423,1203.2922711685,0,121,0,112,0,0,0
12,44,7,19916.4170423977,7287.29892245114,0,273,0,275,0,0,0
12,44,8,0,6,0,0,0,0,0,0,0
12,45,1,3073.67731947882,927.942050115001,0,0,0,111,0,0,0
12,45,2,3177.25779032802,1346.30644756809,0,0,0,33,0,0,0
12,45,3,3221.19662828673,1647.01041269899,0,0,0,66,0,0,0
12,45,4,3355.85417834296,545.481461703393,0,0,0,115,0,0,0
12,45,5,3512.08004417353,749.65087536584,0,0,0,146,0,0,0
12,45,6,3724.28753258315,1829.27588768414,0,0,0,120,0,0,0
12,45,7,19985.2541568157,11288.5671591698,31,0,0,241,0,0,0
12,45,8,0,6,0,0,0,0,0,0,0
12,46,1,3082.07899063043,1885.34462980204,0,0,0,92,0,0,0
12,46,2,3188.08025959138,1056.55835824477,0,0,0,134,0,0,0
12,46,3,3238.47375549323,636.340605645367,0,0,0,164,0,0,0
12,46,4,3346.87763607659,1113.27777211728,0,0,0,54,0,0,0
12,46,5,3517.41110583112,1270.63228985174,0,0,0,74,0,0,0
12,46,6,3763.81372163833,1516.727537458,0,0,0,180,0,0,0
12,46,7,20031.7571507357,11745.0372635047,24,0,0,234,0,0,2
12,46,8,0,6,0,0,0,0,0,0,0
12,47,1,3103.16515451733,1831.08893856289,0,0,0,186,0,0,0
12,47,2,3188.1350439805,1878.12862880659,0,0,0,105,0,0,0
12,47,3,3224.65378973063,1334.64509647745,0,0,0,63,0,0,0
12,47,4,3349.88734696839,1701.69795788442,0,0,0,111,0,0,0
12,47,5,3530.74769702728,1882.75249360955,0,0,0,127,0,0,0
12,47,6,3795.57856044793,2874.95320045255,0,0,0,151,0,0,0
12,47,7,20099.0775793583,12185.6045499974,27,0,0,350,0,0,0
12,47,8,0,6,0,0,0,0,0,0,0
12,48,1,3129.34733712626,1379.04702013737,0,0,0,177,0,0,0
12,48,2,3212.91685929206,905.474282600822,0,0,0,184,0,0,0
12,48,3,3225.10313443596,1351.96233739003,0,0,0,133,0,0,0
12,48,4,3368.23596899112,1911.50450759435,0,0,0,170,0,0,0
12,48,5,3568.47439970909,1386.9851074453,0,0,0,187,0,0,0
12,48,6,3843.60912137649,2049.2104861855,2,0,0,207,0,0,0
12,48,7,20139.9119179858,5911.11634219679,29,0,0,209,0,0,0
12,48,8,0,6,0,0,0,0,0,0,0
12,49,1,3145.64858631836,1156.3780028057,0,0,0,137,0,0,0
12,49,2,3218.2665175892,1367.02411225468,0,0,0,90,0,0,0
12,49,3,3232.19764046908,2333.42854164921,0,0,0,135,0,0,0
12,49,4,3399.93055494945,1502.41152192939,1,0,0,187,0,0,0
12,49,5,3593.92168311625,1179.50440083224,0,0,0,138,0,0,0
12,49,6,3890.20752611916,954.309367245286,10,0,0,169,0,0,0
12,49,7,20173.6235997266,5697.19577532794,125,0,0,151,0,0,0
12,49,8,0,6,0,0,0,0,0,0,0
12,50,1,3118.38646630846,1172.33000425687,112,0,0,3,0,0,0
12,50,2,3213.1226713996,1343.65074509793,66,0,0,70,0,0,0
12,50,3,3240.31304134183,1667.44999678694,107,0,0,126,0,0,0
12,50,4,3393.15365890619,595.928981043357,63,0,0,87,0,0,0
12,50,5,3583.42589659976,2247.05252535593,60,0,0,57,0,0,0
12,50,6,3887.11412768946,1853.22253748366,56,0,0,39,0,0,0
12,50,7,20223.4557944095,7571.10620676945,200,2,0,216,0,0,5
12,50,8,0,6,0,0,0,0,0,0,0
12,51,1,3134.10638671641,958.073679816398,0,0,0,117,0,0,0
12,51,2,3246.88176020886,1150.93184075697,0,0,0,134,0,0,0
12,51,3,3274.35235831093,1468.28566335325,0,2,0,156,0,0,0
12,51,4,3388.3124632587,757.421216190786,0,0,0,59,0,0,0
12,51,5,3632.07439931606,1456.51047688324,0,14,0,163,0,0,0
12,51,6,3954.58552589249,1757.90793746022,0,0,0,175,0,0,0
12,51,7,20255.5974640831,8275.75365891921,0,120,0,234,0,0,0
12,51,8,0,6,0,0,0,0,0,0,0
12,52,1,3140.47474622226,2021.84371017057,0,2,0,93,0,0,0
12,52,2,3256.24370610773,1364.30085067524,0,0,0,115,0,0,0
12,52,3,3296.04021158685,1401.59897156868,0,14,0,126,0,0,0
12,52,4,3391.95211498237,1639.92713205484,0,0,0,75,0,0,0
12,52,5,3655.21989208678,2692.18778080762,0,6,0,137,0,0,0
12,52,6,3986.75979370081,955.087136035839,0,24,0,142,0,0,0
12,52,7,20270.9406667558,13759.2843556943,5,153,0,186,0,0,0
12,52,8,0,6,0,0,0,0,0,0,0
12,53,1,3157.76252148702,716.346262870033,0,0,0,201,0,0,0
12,53,2,3261.71918727506,1695.05617404569,0,0,0,136,0,0,0
12,53,3,3296.24496593594,1585.36495686644,0,0,0,140,0,0,0
12,53,4,3410.8771381705,660.405128178183,0,0,0,163,0,0,0
12,53,5,3691.67196265848,1688.28888844915,0,0,0,247,0,0,0
12,53,6,3992.71436247837,1118.68577504431,0,0,0,95,0,0,0
12,53,7,20292.0243746393,11092.7412217765,24,2,0,262,0,0,0
12,53,8,0,6,0,0,0,0,0,0,0
12,54,1,3136.40922957176,500.888426258105,0,48,0,23,0,0,0
12,54,2,3259.86047638255,1789.91898033973,0,73,0,96,0,0,0
12,54,3,3281.66630304347,1346.8060004805,0,97,0,61,0,0,0
12,54,4,3394.88644660276,2240.69561175114,0,40,0,26,0,0,0
12,54,5,3684.93198852051,660.887247897104,0,81,0,87,0,0,0
12,54,6,3986.26146060676,1841.53320131014,0,65,0,46,0,0,0
12,54,7,20306.6678752447,8846.64610900071,9,207,0,195,0,0,0
12,54,8,0,6,0,0,0,0,0,0,0
12,55,1,3132.46607962611,1328.75066678739,0,0,0,50,0,0,0
12,55,2,3295.87202273955,1424.95843812924,0,0,0,178,0,0,0
12,55,3,3306.32817874528,1184.57679440941,0,0,0,134,0,0,0
12,55,4,3440.81950026408,606.278337644884,0,0,0,207,0,0,0
12,55,5,3699.41525991336,1533.14421578821,0,0,0,66,0,0,0
12,55,6,4046.3180173085,373.218839494975,0,0,0,184,0,0,0
12,55,7,20353.8570200288,7740.5189199501,27,0,0,194,0,0,0
12,55,8,0,6,0,0,0,0,0,0,0
12,56,1,3152.98482096055,982.095274141629,0,0,0,132,0,0,0
12,56,2,3323.71085130813,921.448517412509,0,0,0,142,0,0,0
12,56,3,3320.22014302185,965.335512185969,0,0,0,118,0,0,0
12,56,4,3445.21095852057,1804.00318180229,0,0,0,60,0,0,0
12,56,5,3741.59750402312,1666.05003481107,0,0,0,153,0,0,0
12,56,6,4055.30586808098,1255.38715830369,0,0,0,37,0,0,0
12,56,7,20400.5883818208,6977.37844984445,24,0,0,198,0,0,0
12,56,8,0,6,0,0,0,0,0,0,0
12,57,1,3162.29463239143,1361.6127506755,0,0,0,98,0,0,0
12,57,2,3341.43692855013,633.532328099139,0,0,0,92,0,0,0
12,57,3,3339.13759472092,1823.67305989662,0,0,0,96,0,0,0
12,57,4,3503.62159294892,1600.13283050452,0,0,0,176,0,0,0
12,57,5,3812.3322413265,1509.02764387666,0,0,0,165,0,0,0
12,57,6,4110.26978627126,1449.20240517788,0,0,0,125,0,0,0
12,57,7,20457.3661254019,6482.42266222415,47,0,0,199,0,0,0
12,57,8,0,6,0,0,0,0,0,0,0
12,58,1,3182.99770674585,1296.79762199562,0,0,0,136,0,0,0
12,58,2,3337.78143475923,1329.37920507454,0,0,0,63,0,0,0
12,58,3,3369.62783968,1371.4114686978,0,0,0,182,0,0,0
12,58,4,3537.54169795775,443.153619062831,0,0,0,156,0,0,0
12,58,5,3859.1125818152,2526.47237558504,0,0,0,150,0,0,0
12,58,6,4167.33263310738,2104.10775048918,0,0,0,144,0,0,0
12,58,7,20498.2142820412,8582.58603621419,91,0,0,190,0,0,0
12,58,8,0,6,0,0,0,0,0,0,0
12,59,1,3197.31779467324,806.507004940544,0,0,0,129,0,0,0
12,59,2,3346.4467072583,856.77500794812,0,0,0,132,0,0,0
12,59,3,3383.10627061404,2057.61671543462,0,0,0,137,0,0,0
12,59,4,3529.31521873324,1157.75381049657,0,0,0,44,0,0,0
12,59,5,3907.24714238021,1226.94182338403,6,0,0,187,0,0,0
12,59,6,4236.45049194038,573.979632878716,0,0,0,210,0,0,0
12,59,7,20548.3257726881,8065.93437965101,61,0,0,200,0,0,0
12,59,8,0,6,0,0,0,0,0,0,0
12,60,1,3194.77725775236,766.934711139764,0,0,0,80,0,0,0
12,60,2,3339.90819808582,1269.90766325183,0,0,0,85,0,0,0
12,60,3,3408.33305423625,1887.69674950774,1,0,0,196,0,0,0
12,60,4,3539.15150878104,955.118570281095,0,0,0,115,0,0,0
12,60,5,3935.67390153566,2109.3981519898,0,0,0,122,0,0,0
12,60,6,4245.70010474421,969.949306515973,0,0,0,57,0,0,0
12,60,7,20583.9444879674,5138.29516265039,86,0,0,177,0,0,0
12,60,8,0,6,0,0,0,0,0,0,0
12,61,1,3171.92431560374,1248.3208790258,0,48,0,28,0,0,0
12,61,2,3329.378807356,1811.79762118374,0,57,0,69,0,0,0
12,61,3,3403.55911535636,1006.08657500528,0,96,0,92,0,0,0
12,61,4,3525.02461540576,1789.36138660317,0,41,0,54,0,0,0
12,61,5,3954.79933293553,642.928282558018,0,92,0,118,0,0,0
12,61,6,4238.12777400245,706.766307163092,0,59,0,37,0,0,0
12,61,7,20626.3829058726,3555.80776172245,1,257,0,220,0,0,0
12,61,8,0,6,0,0,0,0,0,0,0
12,62,1,3189.66513127585,855.137486532983,0,0,0,124,0,0,0
12,62,2,3361.91819592833,979.538296303588,0,0,0,180,0,0,0
12,62,3,3413.28718615592,946.652459504079,0,0,0,100,0,0,0
12,62,4,3555.0492689278,1940.79825478867,3,0,0,166,0,0,0
12,62,5,3965.32301884651,2478.30402260417,0,0,0,64,0,0,0
12,62,6,4264.26679623084,1514.84632839079,0,0,0,70,0,0,0
12,62,7,20658.7512012311,11016.7259321035,47,0,0,157,0,0,0
12,62,8,0,6,0,0,0,0,0,0,0
12,63,1,3191.96003944523,1155.91428725955,0,0,0,85,0,0,0
12,63,2,3374.51504975051,1152.00481454213,0,0,0,97,0,0,0
12,63,3,3407.55614185364,1223.62130106329,0,0,0,94,0,0,0
12,63,4,3593.26560516246,1806.71680673426,0,0,0,194,0,0,0
12,63,5,4048.53132566732,1623.9560814597,0,0,0,241,0,0,0
12,63,6,4312.35750975775,1680.42114568177,0,0,0,151,0,0,0
12,63,7,20703.8978787043,7757.9551953512,31,0,0,185,0,0,0
12,63,8,0,6,0,0,0,0,0,0,0
12,64,1,3222.2263494266,1262.67707099543,0,0,0,115,0,0,0
12,64,2,3400.91321514798,1768.10949480754,0,0,0,115,0,0,0
12,64,3,3443.87639339133,1693.69895536075,0,0,0,122,0,0,0
12,64,4,3655.51941786533,570.206973254233,0,0,0,180,0,0,0
12,64,5,4127.18633819619,1512.56399306713,0,0,0,162,0,0,0
12,64,6,4400.93622793168,1367.91205079098,0,0,0,168,0,0,0
12,64,7,20782.4196000983,11619.5471510371,74,0,0,192,0,0,0
12,64,8,0,6,0,0,0,0,0,0,0
12,65,1,3229.61096808044,2017.112922197,0,0,0,126,0,0,0
12,65,2,3441.65524641027,961.232402587601,0,0,0,176,0,0,0
12,65,3,3467.22483744069,1492.06730970717,0,0,0,169,0,0,0
12,65,4,3650.2777575003,1385.4238936411,0,0,0,57,0,0,0
12,65,5,4179.76533390264,1797.05516313535,0,0,0,151,0,0,0
12,65,6,4453.1758082891,1778.03788279201,0,0,0,136,0,0,0
12,65,7,20853.0889454224,6667.23442469306,41,0,0,230,0,0,0
12,65,8,0,6,0,0,0,0,0,0,0
12,66,1,3247.75079231037,839.290309480781,24,0,0,132,0,0,0
12,66,2,3443.69474833214,979.298722842325,0,0,0,96,0,0,0
12,66,3,3496.38668355183,1978.09603455354,0,0,0,149,0,0,0
12,66,4,3699.39751772184,1736.34934860016,0,0,0,138,0,0,0
12,66,5,4240.48739262084,1344.24880628635,9,0,0,151,0,0,0
12,66,6,4545.78451831129,1185.54861848774,0,0,0,175,0,0,0
12,66,7,20938.8090089764,5002.33059815458,161,0,0,198,0,0,0
12,66,8,0,6,0,0,0,0,0,0,0
12,67,1,3251.56769248803,1668.22877885391,0,0,0,83,0,0,0
12,67,2,3440.49879880571,1344.89575688082,0,0,0,97,0,0,0
12,67,3,3514.29748781297,1160.89281422548,35,0,0,138,0,0,0
12,67,4,3739.10399606996,1136.41830511915,13,0,0,151,0,0,0
12,67,5,4275.63846117416,1105.01158270775,2,0,0,131,0,0,0
12,67,6,4596.28101961162,1309.99879932791,0,0,0,118,0,0,0
12,67,7,21016.8560734026,9314.54731464594,183,0,0,188,0,0,0
12,67,8,0,6,0,0,0,0,0,0,0
12,68,1,3279.46520120554,1824.8865839047,0,0,0,166,0,0,0
12,68,2,3468.70980959542,1258.44588510011,0,0,0,134,0,0,0
12,68,3,3535.11200183845,1598.17805013245,0,0,0,116,0,0,0
12,68,4,3781.24231688467,1814.99311737776,0,0,0,113,0,0,0
12,68,5,4339.86663381933,853.514423361282,0,0,0,110,0,0,0
12,68,6,4688.77822775081,2425.7521569392,0,0,0,130,0,0,0
12,68,7,21111.635435194,12638.6259105097,0,45,0,186,0,0,0
12,68,8,0,6,0,0,0,0,0,0,0
12,69,1,3279.27874834059,1775.18279071679,0,7,0,152,0,0,0
12,69,2,3457.85415033719,2223.87130235072,0,0,0,125,0,0,0
12,69,3,3527.1758221137,631.785173758636,0,0,0,159,0,0,0
12,69,4,3771.57666453282,991.850454370431,0,4,0,163,0,0,0
12,69,5,4335.63408460495,1501.49838785737,0,0,0,85,0,0,0
12,69,6,4719.19845865532,2264.31206540053,0,23,0,147,0,0,0
12,69,7,21163.4987813331,11989.2984080092,0,246,0,303,0,0,0
12,69,8,0,6,0,0,0,0,0,0,0
12,70,1,3277.72560813647,871.188813142038,0,29,0,136,0,0,0
12,70,2,3456.32517770822,1335.83974882244,0,56,0,143,0,0,0
12,70,3,3484.25765033549,1539.79619365775,0,0,0,63,0,0,0
12,70,4,3757.30913106023,2890.19076892266,0,0,0,99,0,0,0
12,70,5,4352.84178825319,1759.1430445068,0,6,0,141,0,0,0
12,70,6,4757.48489773036,1829.72777250019,0,51,0,155,0,0,0
12,70,7,21220.82492791,15344.764451952,4,241,0,259,0,0,8
12,70,8,0,6,0,0,0,0,0,0,0
12,71,1,3269.0425464456,1777.0053302617,0,0,0,87,0,0,0
12,71,2,3451.62510360392,1956.67573962933,0,0,0,133,0,0,0
12,71,3,3477.25372317898,1021.64348417288,0,0,0,153,0,0,0
12,71,4,3787.48091494004,1581.53989594338,0,0,0,245,0,0,0
12,71,5,4368.36928291034,1923.6510804345,0,0,0,175,0,0,0
12,71,6,4805.35535390125,1906.21572733004,0,0,0,182,0,0,0
12,71,7,21270.7895634073,6816.09051008795,26,1,0,246,0,0,0
12,71,8,0,6,0,0,0,0,0,0,0
12,72,1,3274.2872847466,1785.45660273364,0,83,0,94,0,0,0
12,72,2,3451.48623912156,1492.06070490308,0,94,0,101,0,0,0
12,72,3,3451.78518635589,1692.4401652814,0,41,0,61,0,0,0
12,72,4,3792.99425102391,1912.69927043411,0,68,0,90,0,0,0
12,72,5,4381.77372083868,1289.93612482764,0,82,0,110,0,0,0
12,72,6,4832.48239891907,2563.38309801248,0,95,0,95,0,0,0
12,72,7,21377.2097116836,11995.5960779799,1,295,0,232,0,0,5
12,72,8,0,6,0,0,0,0,0,0,0
12,73,1,3293.68689487827,872.810315185776,0,0,0,178,0,0,0
12,73,2,3459.10867670646,1356.57339089526,0,0,0,149,0,0,0
12,73,3,3459.92409439572,1108.7534359648,0,0,0,169,0,0,0
12,73,4,3809.42319895811,1885.70159400053,0,0,0,188,0,0,0
12,73,5,4402.56017998383,1631.33431872964,0,0,0,128,0,0,0
12,73,6,4892.90120555015,2231.39279081405,1,0,0,184,0,0,0
12,73,7,21432.4740221899,8865.02814189569,25,1,0,264,0,0,0
12,73,8,0,6,0,0,0,0,0,0,0
12,74,1,3299.39121167166,1405.99681395912,0,0,0,87,0,0,0
12,74,2,3474.98946842656,1475.77252637857,0,0,0,135,0,0,0
12,74,3,3468.66236174008,1227.99276291499,0,0,0,110,0,0,0
12,74,4,3847.58756980631,1371.79469119745,0,0,0,176,0,0,0
12,74,5,4467.46149637767,1625.75552625483,0,0,0,163,0,0,0
12,74,6,4976.58451669523,1968.79487607555,0,0,0,202,0,0,1
12,74,7,21538.4456295318,14189.8387302861,21,0,0,281,0,0,6
12,74,8,0,6,0,0,0,0,0,0,0
12,75,1,3307.60782429533,1009.55207707553,0,0,0,140,0,0,0
12,75,2,3483.37602707609,2310.92185297822,0,0,0,147,0,0,0
12,75,3,3470.16568621507,1322.39961552653,0,0,0,122,0,0,0
12,75,4,3862.33361310621,1349.68596570135,0,0,0,137,0,0,0
12,75,5,4495.71961621554,2198.12443662278,0,0,0,162,0,0,0
12,75,6,5058.60687983227,1942.51079508355,0,0,0,196,0,0,0
12,75,7,21590.377631924,9985.40857183432,29,0,0,242,0,0,0
12,75,8,0,6,0,0,0,0,0,0,0
12,76,1,3311.25196449067,998.399577184918,0,0,0,100,0,0,0
12,76,2,3505.02180439157,867.044311173635,11,0,0,178,0,0,0
12,76,3,3489.66396925745,1574.92545800952,0,0,0,132,0,0,0
12,76,4,3895.20404357064,1041.52641025405,0,0,0,134,0,0,0
12,76,5,4547.70590789402,1619.29698439539,6,0,0,188,0,0,0
12,76,6,5131.16166869206,2663.89269563192,4,0,0,173,0,0,0
12,76,7,21651.0669121202,9808.35551616383,168,0,0,184,0,0,0
12,76,8,0,6,0,0,0,0,0,0,0
12,77,1,3309.35335650463,589.832136554516,0,0,0,99,0,0,0
12,77,2,3511.35772207487,1405.84534599004,0,0,0,86,0,0,0
12,77,3,3505.18193166824,825.649946607315,0,0,0,157,0,0,0
12,77,4,3897.81457584957,2018.58196395409,0,0,0,104,0,0,0
12,77,5,4593.24391950296,1802.51526684396,2,0,0,149,0,0,0
12,77,6,5196.01793579696,932.765147863422,20,0,0,171,0,0,0
12,77,7,21715.8383782277,7892.65859231487,158,0,0,214,0,0,4
12,77,8,0,6,0,0,0,0,0,0,0
12,78,1,3304.42720288545,1266.06792452153,0,0,0,58,0,0,0
12,78,2,3536.31927670618,810.59097433339,0,0,0,140,0,0,0
12,78,3,3496.75432705525,639.398733421775,0,0,0,82,0,0,0
12,78,4,4007.88430263487,1065.75528805575,0,0,0,201,0,0,0
12,78,5,4709.46545834621,2080.23101966404,0,0,0,171,0,0,0
12,78,6,5266.22224467787,1639.34542906434,0,0,0,93,0,0,0
12,78,7,21835.1745195085,14430.6355747192,0,44,0,205,0,0,0
12,78,8,0,6,0,0,0,0,0,0,0
12,79,1,3305.16368696384,1441.6831600326,0,0,0,126,0,0,0
12,79,2,3518.00601855236,1389.54031692682,0,0,0,81,0,0,0
12,79,3,3459.49605585238,1052.22202990708,0,0,0,63,0,0,0
12,79,4,3992.20541163475,1516.19142563946,0,0,0,106,0,0,0
12,79,5,4727.01313901515,2894.14998774905,0,2,0,192,0,0,0
12,79,6,5296.37684607846,1809.44961365267,0,0,0,163,0,0,0
12,79,7,21863.9130640223,7912.60022280947,0,147,0,169,0,0,2
12,79,8,0,6,0,0,0,0,0,0,0
12,80,1,3276.00123147786,1445.74931683632,0,141,0,3,0,0,0
12,80,2,3488.50646685056,1238.919794587,0,89,0,49,0,0,0
12,80,3,3420.36056569811,1332.14312988268,0,50,0,55,0,0,0
12,80,4,3974.07591580884,978.673478653229,0,67,0,84,0,0,0
12,80,5,4735.5245908805,1989.97647529825,0,132,0,157,0,0,0
12,80,6,5310.56827042582,1611.84397676689,0,100,0,80,0,0,0
12,80,7,21913.2861857321,7092.34714718983,3,249,0,222,0,0,1
12,80,8,0,6,0,0,0,0,0,0,0
12,81,1,3293.29466413832,1410.3819174209,0,0,0,144,0,0,0
12,81,2,3503.62718425503,2096.40952583535,0,0,0,123,0,0,0
12,81,3,3435.93855641387,744.745111782073,0,0,0,133,0,0,0
12,81,4,3996.81900384996,2109.83621825198,0,0,0,97,0,0,0
12,81,5,4816.2136038606,1858.6053816397,0,0,0,179,0,0,0
12,81,6,5395.61906748475,3398.86382438322,0,0,0,161,0,0,0
12,81,7,21990.5793203991,7688.40450827791,27,0,0,211,0,0,0
12,81,8,0,6,0,0,0,0,0,0,0
12,82,1,3341.07519511668,1414.14795678731,0,0,0,141,0,0,0
12,82,2,3581.68313515932,1602.37510071412,0,0,0,201,0,0,0
12,82,3,3434.69652357554,2282.39594446338,0,0,0,74,0,0,0
12,82,4,4150.39300537439,1612.33730320516,0,0,0,194,0,0,0
12,82,5,4996.62762372113,1654.7419593807,0,0,0,185,0,0,0
12,82,6,5644.54451479999,883.384343968139,5,0,0,241,0,0,0
12,82,7,22162.4790408184,8494.88086994768,27,0,0,239,0,0,1
12,82,8,0,6,0,0,0,0,0,0,0
12,83,1,3384.73779477697,675.914424387019,0,0,0,141,0,0,0
12,83,2,3654.84364601052,1486.00956787482,0,0,0,160,0,0,0
12,83,3,3497.5104779052,1272.80669890826,0,0,0,221,0,0,0
12,83,4,4214.61441933794,2163.32905607154,0,0,0,161,0,0,0
12,83,5,5103.37345841016,1851.49100147208,0,0,0,165,0,0,0
12,83,6,5768.36361418954,1987.69864191054,0,0,0,88,0,0,0
12,83,7,22322.6921776046,5880.99614122629,32,0,0,221,0,0,0
12,83,8,0,6,0,0,0,0,0,0,0
12,84,1,3376.47997780754,1132.23057017689,0,0,0,67,0,0,0
12,84,2,3673.08912423882,1537.71304281852,0,0,0,148,0,0,0
12,84,3,3513.01101008999,1457.79935633033,0,0,0,127,0,0,0
12,84,4,4274.03947467948,1805.14324745311,2,0,0,188,0,0,0
12,84,5,5178.95122429949,2599.15525452153,0,0,0,185,0,0,0
12,84,6,5831.24952346591,1819.15285114325,3,0,0,166,0,0,2
12,84,7,22385.7160254146,11720.6521896646,40,0,0,199,0,0,0
12,84,8,0,6,0,0,0,0,0,0,0
12,85,1,3391.99462909417,1365.06631259992,0,0,0,113,0,0,0
12,85,2,3679.05524994926,900.281731025669,0,0,0,153,0,0,0
12,85,3,3513.52110745326,1867.70295160256,0,0,0,145,0,0,0
12,85,4,4304.74714671437,992.962563047117,0,0,0,176,0,0,0
12,85,5,5273.68905262168,2093.06808889057,1,0,0,204,0,0,1
12,85,6,5901.45779336943,1722.31382316667,0,0,0,176,0,0,0
12,85,7,22462.2503369535,6275.734421118,30,0,0,302,0,0,0
12,85,8,0,6,0,0,0,0,0,0,0
12,86,1,3392.3652468223,1428.39028643759,0,58,0,78,0,0,0
12,86,2,3650.21393312783,1396.6837691048,0,48,0,42,0,0,0
12,86,3,3511.45470973052,1465.74662818562,0,85,0,101,0,0,0
12,86,4,4294.63997016789,2599.36724597734,0,41,0,58,0,0,0
12,86,5,5308.1713489927,1448.40857350697,0,114,0,95,0,0,0
12,86,6,5946.35246917481,3445.95599342368,0,89,0,83,0,0,0
12,86,7,22537.7599270528,5772.43532341389,3,243,0,219,0,0,0
12,86,8,0,6,0,0,0,0,0,0,0
12,87,1,3422.92106106482,1738.2273133029,0,0,0,142,0,0,0
12,87,2,3684.10997917413,1260.22024808512,0,0,0,139,0,0,0
12,87,3,3542.15516044812,1104.20494209207,0,0,0,146,0,0,0
12,87,4,4341.83595688625,2619.51183258096,7,0,0,164,0,0,0
12,87,5,5378.81021074286,3528.77083525046,0,0,0,144,0,0,0
12,87,6,6129.21519736786,1349.79836960586,5,0,0,266,0,0,0
12,87,7,22682.4113252179,5359.69592134166,25,0,0,243,0,0,0
12,87,8,0,6,0,0,0,0,0,0,0
12,88,1,3441.44836308545,671.735085516661,0,0,0,173,0,0,0
12,88,2,3715.78661539089,921.150864418294,0,0,0,126,0,0,0
12,88,3,3544.04612991971,899.205727409913,0,0,0,110,0,0,0
12,88,4,4400.29492631725,1724.63531466179,6,0,0,196,0,0,0
12,88,5,5462.2407611583,3919.73593577615,14,0,0,183,0,0,3
12,88,6,6204.38629599824,2109.73350998246,0,0,0,134,0,0,0
12,88,7,22747.6259434004,8389.10507472196,30,0,0,247,0,0,0
12,88,8,0,6,0,0,0,0,0,0,0
12,89,1,3475.59585615225,1701.37796374408,0,0,0,67,0,0,0
12,89,2,3783.3497738074,1416.0787985244,0,0,0,92,0,0,0
12,89,3,3590.52358265454,867.696960535342,0,0,0,89,0,0,0
12,89,4,4519.13210117124,1810.98686925689,0,0,0,172,0,0,0
12,89,5,5694.76279125946,2957.3338991162,7,0,0,212,0,0,1
12,89,6,6485.03148733767,2382.57311574034,0,0,0,199,0,0,0
12,89,7,22941.7430632795,9798.23309401312,30,0,0,193,0,0,0
12,89,8,0,6,0,0,0,0,0,0,0
12,90,1,3513.36137722952,1972.13976153973,0,0,0,170,0,0,0
12,90,2,3804.67720853904,1734.66036173176,0,0,0,141,0,0,0
12,90,3,3591.61362298363,1425.64240068102,0,0,0,86,0,0,0
12,90,4,4595.38488447708,2914.53563605235,0,0,0,181,0,0,0
12,90,5,5854.09176609303,1091.77893630198,0,0,0,285,0,0,0
12,90,6,6619.53945046029,2119.92703109407,0,0,0,207,0,0,0
12,90,7,23057.2699042933,6761.28846602237,28,0,0,222,0,0,0
12,90,8,0,6,0,0,0,0,0,0,0
12,91,1,3575.43048919158,2068.42052741113,4,0,0,184,0,0,0
12,91,2,3878.61743687867,1128.25217855541,6,0,0,156,0,0,0
12,91,3,3641.249976806,711.263121276857,0,0,0,142,0,0,0
12,91,4,4714.07120058601,1938.18125497293,39,0,0,178,0,0,0
12,91,5,5978.12999948464,4247.54134265822,0,0,0,109,0,0,0
12,91,6,6774.23975980196,1226.57134933023,19,0,0,156,0,0,0
12,91,7,23211.7864902705,4646.03934440107,158,0,0,207,0,0,0
12,91,8,0,6,0,0,0,0,0,0,0
12,92,1,3581.85363288311,2136.05254163479,41,0,0,145,0,0,0
12,92,2,3886.56163570598,2324.78727822379,0,0,0,112,0,0,0
12,92,3,3651.75076581174,1506.64591913975,0,0,0,71,0,0,0
12,92,4,4751.5267486155,1624.85072670389,31,0,0,146,0,0,0
12,92,5,6086.75142353071,2682.52561698368,151,0,0,198,0,0,0
12,92,6,6873.18812841838,1676.8544162534,1,0,0,121,0,0,0
12,92,7,23302.3915732751,12348.1497333791,174,0,0,203,0,0,0
12,92,8,0,6,0,0,0,0,0,0,0
12,93,1,3605.60800592894,1750.2869754415,0,1,0,182,0,0,0
12,93,2,3941.50566461569,2736.79475295794,0,0,0,216,0,0,0
12,93,3,3677.25839727288,1514.44601963997,0,0,0,150,0,0,0
12,93,4,4794.35558608876,2374.86916938188,0,0,0,162,0,0,0
12,93,5,6265.07438179456,2690.35289900485,0,3,0,187,0,0,0
12,93,6,7015.05235183123,2865.80939233442,0,0,0,167,0,0,0
12,93,7,23353.8067586445,15989.8840145176,0,45,0,186,0,0,0
12,93,8,0,6,0,0,0,0,0,0,0
12,94,1,3622.05812814918,1523.9736590929,0,0,0,175,0,0,0
12,94,2,3959.55706145839,1446.22297476563,0,6,0,220,0,0,0
12,94,3,3669.02977545673,751.934466376759,0,0,0,151,0,0,0
12,94,4,4840.72437698184,2671.51191121991,0,7,0,181,0,0,0
12,94,5,6306.08410282777,3333.21431700681,0,12,0,170,0,0,0
12,94,6,7073.08802159741,4711.08657519155,0,15,0,160,0,0,0
12,94,7,23369.0680068177,9262.6848150187,0,180,0,182,0,0,0
12,94,8,0,6,0,0,0,0,0,0,0
12,95,1,3625.07696920612,1408.83189158801,0,0,0,152,0,0,0
12,95,2,3976.48263653179,1058.35543203344,0,0,0,144,0,0,0
12,95,3,3657.27974587767,1413.26090998388,0,0,0,75,0,0,0
12,95,4,4941.26358238345,1427.69701064926,1,0,0,199,0,0,1
12,95,5,6455.96759042946,2270.83820925376,4,0,0,228,0,0,0
12,95,6,7228.67779292634,3498.83886700703,10,0,0,205,0,0,1
12,95,7,23532.584135721,7210.79346342513,29,0,0,251,0,0,0
12,95,8,0,6,0,0,0,0,0,0,0
12,96,1,3616.6213349713,1550.07407876329,0,77,0,63,0,0,0
12,96,2,3954.46057618677,1142.31049144662,0,52,0,53,0,0,0
12,96,3,3622.61748411221,1975.52735773128,0,75,0,66,0,0,0
12,96,4,5000.01414636625,1468.94407691805,0,68,0,74,0,0,0
12,96,5,6568.78384333778,2412.99925434614,0,118,0,109,0,0,0
12,96,6,7542.86468503885,2151.18070973429,0,155,0,194,0,0,0
12,96,7,23854.0138048537,6227.15345622592,0,333,0,375,0,0,0
12,96,8,0,6,0,0,0,0,0,0,0
12,97,1,3627.55069844185,1520.13109369208,0,0,0,153,0,0,0
12,97,2,3950.24554993444,1206.7295970105,0,0,0,114,0,0,0
12,97,3,3664.23972554101,1050.95687819172,0,0,0,196,0,0,0
12,97,4,5033.23387471446,3701.64649792381,0,0,0,146,0,0,0
12,97,5,6751.27490046937,2203.08304038109,0,0,0,230,0,0,0
12,97,6,7687.83425889973,3095.12376419148,0,0,0,212,0,0,0
12,97,7,23934.5204112158,9427.30961870092,34,0,0,196,0,0,0
12,97,8,0,6,0,0,0,0,0,0,0
12,98,1,3663.19140275117,1372.96136599663,0,0,0,152,0,0,0
12,98,2,3981.81409378894,1880.85376304461,0,0,0,120,0,0,0
12,98,3,3699.87481511505,2165.35595388584,0,0,0,105,0,0,0
12,98,4,5176.50982876582,3288.79772917443,2,0,0,305,0,0,0
12,98,5,6986.15077742704,2463.90220386486,0,0,0,198,0,0,0
12,98,6,7961.56238630053,3360.44465893687,1,0,0,257,0,0,0
12,98,7,24054.4006480571,4510.77586049957,26,0,0,230,0,0,0
12,98,8,0,6,0,0,0,0,0,0,0
12,99,1,3672.35245577372,1020.57548304616,0,0,0,137,0,0,0
12,99,2,3981.98519701655,742.836744026686,11,0,0,143,0,0,0
12,99,3,3708.52593421138,1323.52725079197,11,0,0,174,0,0,0
12,99,4,5257.22401901242,2393.31500152345,41,0,0,173,0,0,0
12,99,5,7181.38805911588,1300.48603175554,22,0,0,159,0,0,0
12,99,6,8066.27047563029,3035.04155418462,41,0,0,178,0,0,0
12,99,7,24095.8822326058,7210.57037106793,76,0,0,159,0,0,0
12,99,8,0,6,0,0,0,0,0,0,0
12,100,1,3666.83661517651,1921.36656109014,0,0,0,102,0,0,0
12,100,2,3971.55763104093,2015.21020991256,0,0,0,74,0,0,0
12,100,3,3728.76471964378,1938.66807253121,0,0,0,132,0,0,0
12,100,4,5327.61711413603,2852.27187193929,2,0,0,198,0,0,0
12,100,5,7275.10179199287,2139.41727314021,0,0,0,130,0,0,0
12,100,6,8233.35681047457,3920.09815565229,4,0,0,239,0,0,0
12,100,7,24220.0334116313,11938.1093615951,31,0,0,277,0,0,0
12,100,8,0,6,0,0,0,0,0,0,0
13,1,1,2958.656,1670.76248502379,0,0,0,99,0,0,0
13,1,2,2960.592,863.284138280424,0,0,0,60,0,0,0
13,1,3,2960.528,1891.20047345098,0,0,0,62,0,0,0
13,1,4,2948.096,1406.29628761464,0,0,0,17,0,0,0
13,1,5,2941.2096,587.710894432784,0,0,0,1,0,0,0
13,1,6,2952.9936,720.75909161584,0,0,0,42,0,0,0
13,1,7,19204.1388799999,10902.4210535324,0,0,0,96,0,0,0
13,1,8,0,0,0,0,0,47,0,0,0
13,2,1,NA,NA,NA,NA,NA,NA,NA,NA,NA
13,2,2,NA,NA,NA,NA,NA,NA,NA,NA,NA
13,2,3,NA,NA,NA,NA,NA,NA,NA,NA,NA
13,2,4,NA,NA,NA,NA,NA,NA,NA,NA,NA
13,2,5,NA,NA,NA,NA,NA,NA,NA,NA,NA
13,2,6,NA,NA,NA,NA,NA,NA,NA,NA,NA
13,2,7,NA,NA,NA,NA,NA,NA,NA,NA,NA
13,2,8,NA,NA,NA,NA,NA,NA,NA,NA,NA
13,3,1,NA,NA,NA,NA,NA,NA,NA,NA,NA
13,3,2,NA,NA,NA,NA,NA,NA,NA,NA,NA
13,3,3,NA,NA,NA,NA,NA,NA,NA,NA,NA
13,3,4,NA,NA,NA,NA,NA,NA,NA,NA,NA
13,3,5,NA,NA,NA,NA,NA,NA,NA,NA,NA
13,3,6,NA,NA,NA,NA,NA,NA,NA,NA,NA
13,3,7,NA,NA,NA,NA,NA,NA,NA,NA,NA
13,3,8,NA,NA,NA,NA,NA,NA,NA,NA,NA
13,4,1,NA,NA,NA,NA,NA,NA,NA,NA,NA
13,4,2,NA,NA,NA,NA,NA,NA,NA,NA,NA
13,4,3,NA,NA,NA,NA,NA,NA,NA,NA,NA
13,4,4,NA,NA,NA,NA,NA,NA,NA,NA,NA
13,4,5,NA,NA,NA,NA,NA,NA,NA,NA,NA
13,4,6,NA,NA,NA,NA,NA,NA,NA,NA,NA
13,4,7,NA,NA,NA,NA,NA,NA,NA,NA,NA
13,4,8,NA,NA,NA,NA,NA,NA,NA,NA,NA
13,5,1,NA,NA,NA,NA,NA,NA,NA,NA,NA
13,5,2,NA,NA,NA,NA,NA,NA,NA,NA,NA
13,5,3,NA,NA,NA,NA,NA,NA,NA,NA,NA
13,5,4,NA,NA,NA,NA,NA,NA,NA,NA,NA
13,5,5,NA,NA,NA,NA,NA,NA,NA,NA,NA
13,5,6,NA,NA,NA,NA,NA,NA,NA,NA,NA
13,5,7,NA,NA,NA,NA,NA,NA,NA,NA,NA
13,5,8,NA,NA,NA,NA,NA,NA,NA,NA,NA
13,6,1,NA,NA,NA,NA,NA,NA,NA,NA,NA
13,6,2,NA,NA,NA,NA,NA,NA,NA,NA,NA
13,6,3,NA,NA,NA,NA,NA,NA,NA,NA,NA
13,6,4,NA,NA,NA,NA,NA,NA,NA,NA,NA
13,6,5,NA,NA,NA,NA,NA,NA,NA,NA,NA
13,6,6,NA,NA,NA,NA,NA,NA,NA,NA,NA
13,6,7,NA,NA,NA,NA,NA,NA,NA,NA,NA
13,6,8,NA,NA,NA,NA,NA,NA,NA,NA,NA
13,7,1,NA,NA,NA,NA,NA,NA,NA,NA,NA
13,7,2,NA,NA,NA,NA,NA,NA,NA,NA,NA
13,7,3,NA,NA,NA,NA,NA,NA,NA,NA,NA
13,7,4,NA,NA,NA,NA,NA,NA,NA,NA,NA
13,7,5,NA,NA,NA,NA,NA,NA,NA,NA,NA
13,7,6,NA,NA,NA,NA,NA,NA,NA,NA,NA
13,7,7,NA,NA,NA,NA,NA,NA,NA,NA,NA
13,7,8,NA,NA,NA,NA,NA,NA,NA,NA,NA
13,8,1,NA,NA,NA,NA,NA,NA,NA,NA,NA
13,8,2,NA,NA,NA,NA,NA,NA,NA,NA,NA
13,8,3,NA,NA,NA,NA,NA,NA,NA,NA,NA
13,8,4,NA,NA,NA,NA,NA,NA,NA,NA,NA
13,8,5,NA,NA,NA,NA,NA,NA,NA,NA,NA
13,8,6,NA,NA,NA,NA,NA,NA,NA,NA,NA
13,8,7,NA,NA,NA,NA,NA,NA,NA,NA,NA
13,8,8,NA,NA,NA,NA,NA,NA,NA,NA,NA
13,9,1,NA,NA,NA,NA,NA,NA,NA,NA,NA
13,9,2,NA,NA,NA,NA,NA,NA,NA,NA,NA
13,9,3,NA,NA,NA,NA,NA,NA,NA,NA,NA
13,9,4,NA,NA,NA,NA,NA,NA,NA,NA,NA
13,9,5,NA,NA,NA,NA,NA,NA,NA,NA,NA
13,9,6,NA,NA,NA,NA,NA,NA,NA,NA,NA
13,9,7,NA,NA,NA,NA,NA,NA,NA,NA,NA
13,9,8,NA,NA,NA,NA,NA,NA,NA,NA,NA
13,10,1,NA,NA,NA,NA,NA,NA,NA,NA,NA
13,10,2,NA,NA,NA,NA,NA,NA,NA,NA,NA
13,10,3,NA,NA,NA,NA,NA,NA,NA,NA,NA
13,10,4,NA,NA,NA,NA,NA,NA,NA,NA,NA
13,10,5,NA,NA,NA,NA,NA,NA,NA,NA,NA
13,10,6,NA,NA,NA,NA,NA,NA,NA,NA,NA
13,10,7,NA,NA,NA,NA,NA,NA,NA,NA,NA
13,10,8,NA,NA,NA,NA,NA,NA,NA,NA,NA
13,11,1,NA,NA,NA,NA,NA,NA,NA,NA,NA
13,11,2,NA,NA,NA,NA,NA,NA,NA,NA,NA
13,11,3,NA,NA,NA,NA,NA,NA,NA,NA,NA
13,11,4,NA,NA,NA,NA,NA,NA,NA,NA,NA
13,11,5,NA,NA,NA,NA,NA,NA,NA,NA,NA
13,11,6,NA,NA,NA,NA,NA,NA,NA,NA,NA
13,11,7,NA,NA,NA,NA,NA,NA,NA,NA,NA
13,11,8,NA,NA,NA,NA,NA,NA,NA,NA,NA
13,12,1,NA,NA,NA,NA,NA,NA,NA,NA,NA
13,12,2,NA,NA,NA,NA,NA,NA,NA,NA,NA
13,12,3,NA,NA,NA,NA,NA,NA,NA,NA,NA
13,12,4,NA,NA,NA,NA,NA,NA,NA,NA,NA
13,12,5,NA,NA,NA,NA,NA,NA,NA,NA,NA
13,12,6,NA,NA,NA,NA,NA,NA,NA,NA,NA
13,12,7,NA,NA,NA,NA,NA,NA,NA,NA,NA
13,12,8,NA,NA,NA,NA,NA,NA,NA,NA,NA
13,13,1,NA,NA,NA,NA,NA,NA,NA,NA,NA
13,13,2,NA,NA,NA,NA,NA,NA,NA,NA,NA
13,13,3,NA,NA,NA,NA,NA,NA,NA,NA,NA
13,13,4,NA,NA,NA,NA,NA,NA,NA,NA,NA
13,13,5,NA,NA,NA,NA,NA,NA,NA,NA,NA
13,13,6,NA,NA,NA,NA,NA,NA,NA,NA,NA
13,13,7,NA,NA,NA,NA,NA,NA,NA,NA,NA
13,13,8,NA,NA,NA,NA,NA,NA,NA,NA,NA
13,14,1,NA,NA,NA,NA,NA,NA,NA,NA,NA
13,14,2,NA,NA,NA,NA,NA,NA,NA,NA,NA
13,14,3,NA,NA,NA,NA,NA,NA,NA,NA,NA
13,14,4,NA,NA,NA,NA,NA,NA,NA,NA,NA
13,14,5,NA,NA,NA,NA,NA,NA,NA,NA,NA
13,14,6,NA,NA,NA,NA,NA,NA,NA,NA,NA
13,14,7,NA,NA,NA,NA,NA,NA,NA,NA,NA
13,14,8,NA,NA,NA,NA,NA,NA,NA,NA,NA
13,15,1,NA,NA,NA,NA,NA,NA,NA,NA,NA
13,15,2,NA,NA,NA,NA,NA,NA,NA,NA,NA
13,15,3,NA,NA,NA,NA,NA,NA,NA,NA,NA
13,15,4,NA,NA,NA,NA,NA,NA,NA,NA,NA
13,15,5,NA,NA,NA,NA,NA,NA,NA,NA,NA
13,15,6,NA,NA,NA,NA,NA,NA,NA,NA,NA
13,15,7,NA,NA,NA,NA,NA,NA,NA,NA,NA
13,15,8,NA,NA,NA,NA,NA,NA,NA,NA,NA
13,16,1,NA,NA,NA,NA,NA,NA,NA,NA,NA
13,16,2,NA,NA,NA,NA,NA,NA,NA,NA,NA
13,16,3,NA,NA,NA,NA,NA,NA,NA,NA,NA
13,16,4,NA,NA,NA,NA,NA,NA,NA,NA,NA
13,16,5,NA,NA,NA,NA,NA,NA,NA,NA,NA
13,16,6,NA,NA,NA,NA,NA,NA,NA,NA,NA
13,16,7,NA,NA,NA,NA,NA,NA,NA,NA,NA
13,16,8,NA,NA,NA,NA,NA,NA,NA,NA,NA
13,17,1,NA,NA,NA,NA,NA,NA,NA,NA,NA
13,17,2,NA,NA,NA,NA,NA,NA,NA,NA,NA
13,17,3,NA,NA,NA,NA,NA,NA,NA,NA,NA
13,17,4,NA,NA,NA,NA,NA,NA,NA,NA,NA
13,17,5,NA,NA,NA,NA,NA,NA,NA,NA,NA
13,17,6,NA,NA,NA,NA,NA,NA,NA,NA,NA
13,17,7,NA,NA,NA,NA,NA,NA,NA,NA,NA
13,17,8,NA,NA,NA,NA,NA,NA,NA,NA,NA
13,18,1,NA,NA,NA,NA,NA,NA,NA,NA,NA
13,18,2,NA,NA,NA,NA,NA,NA,NA,NA,NA
13,18,3,NA,NA,NA,NA,NA,NA,NA,NA,NA
13,18,4,NA,NA,NA,NA,NA,NA,NA,NA,NA
13,18,5,NA,NA,NA,NA,NA,NA,NA,NA,NA
13,18,6,NA,NA,NA,NA,NA,NA,NA,NA,NA
13,18,7,NA,NA,NA,NA,NA,NA,NA,NA,NA
13,18,8,NA,NA,NA,NA,NA,NA,NA,NA,NA
13,19,1,NA,NA,NA,NA,NA,NA,NA,NA,NA
13,19,2,NA,NA,NA,NA,NA,NA,NA,NA,NA
13,19,3,NA,NA,NA,NA,NA,NA,NA,NA,NA
13,19,4,NA,NA,NA,NA,NA,NA,NA,NA,NA
13,19,5,NA,NA,NA,NA,NA,NA,NA,NA,NA
13,19,6,NA,NA,NA,NA,NA,NA,NA,NA,NA
13,19,7,NA,NA,NA,NA,NA,NA,NA,NA,NA
13,19,8,NA,NA,NA,NA,NA,NA,NA,NA,NA
13,20,1,NA,NA,NA,NA,NA,NA,NA,NA,NA
13,20,2,NA,NA,NA,NA,NA,NA,NA,NA,NA
13,20,3,NA,NA,NA,NA,NA,NA,NA,NA,NA
13,20,4,NA,NA,NA,NA,NA,NA,NA,NA,NA
13,20,5,NA,NA,NA,NA,NA,NA,NA,NA,NA
13,20,6,NA,NA,NA,NA,NA,NA,NA,NA,NA
13,20,7,NA,NA,NA,NA,NA,NA,NA,NA,NA
13,20,8,NA,NA,NA,NA,NA,NA,NA,NA,NA
13,21,1,NA,NA,NA,NA,NA,NA,NA,NA,NA
13,21,2,NA,NA,NA,NA,NA,NA,NA,NA,NA
13,21,3,NA,NA,NA,NA,NA,NA,NA,NA,NA
13,21,4,NA,NA,NA,NA,NA,NA,NA,NA,NA
13,21,5,NA,NA,NA,NA,NA,NA,NA,NA,NA
13,21,6,NA,NA,NA,NA,NA,NA,NA,NA,NA
13,21,7,NA,NA,NA,NA,NA,NA,NA,NA,NA
13,21,8,NA,NA,NA,NA,NA,NA,NA,NA,NA
13,22,1,NA,NA,NA,NA,NA,NA,NA,NA,NA
13,22,2,NA,NA,NA,NA,NA,NA,NA,NA,NA
13,22,3,NA,NA,NA,NA,NA,NA,NA,NA,NA
13,22,4,NA,NA,NA,NA,NA,NA,NA,NA,NA
13,22,5,NA,NA,NA,NA,NA,NA,NA,NA,NA
13,22,6,NA,NA,NA,NA,NA,NA,NA,NA,NA
13,22,7,NA,NA,NA,NA,NA,NA,NA,NA,NA
13,22,8,NA,NA,NA,NA,NA,NA,NA,NA,NA
13,23,1,NA,NA,NA,NA,NA,NA,NA,NA,NA
13,23,2,NA,NA,NA,NA,NA,NA,NA,NA,NA
13,23,3,NA,NA,NA,NA,NA,NA,NA,NA,NA
13,23,4,NA,NA,NA,NA,NA,NA,NA,NA,NA
13,23,5,NA,NA,NA,NA,NA,NA,NA,NA,NA
13,23,6,NA,NA,NA,NA,NA,NA,NA,NA,NA
13,23,7,NA,NA,NA,NA,NA,NA,NA,NA,NA
13,23,8,NA,NA,NA,NA,NA,NA,NA,NA,NA
13,24,1,NA,NA,NA,NA,NA,NA,NA,NA,NA
13,24,2,NA,NA,NA,NA,NA,NA,NA,NA,NA
13,24,3,NA,NA,NA,NA,NA,NA,NA,NA,NA
13,24,4,NA,NA,NA,NA,NA,NA,NA,NA,NA
13,24,5,NA,NA,NA,NA,NA,NA,NA,NA,NA
13,24,6,NA,NA,NA,NA,NA,NA,NA,NA,NA
13,24,7,NA,NA,NA,NA,NA,NA,NA,NA,NA
13,24,8,NA,NA,NA,NA,NA,NA,NA,NA,NA
13,25,1,NA,NA,NA,NA,NA,NA,NA,NA,NA
13,25,2,NA,NA,NA,NA,NA,NA,NA,NA,NA
13,25,3,NA,NA,NA,NA,NA,NA,NA,NA,NA
13,25,4,NA,NA,NA,NA,NA,NA,NA,NA,NA
13,25,5,NA,NA,NA,NA,NA,NA,NA,NA,NA
13,25,6,NA,NA,NA,NA,NA,NA,NA,NA,NA
13,25,7,NA,NA,NA,NA,NA,NA,NA,NA,NA
13,25,8,NA,NA,NA,NA,NA,NA,NA,NA,NA
13,26,1,NA,NA,NA,NA,NA,NA,NA,NA,NA
13,26,2,NA,NA,NA,NA,NA,NA,NA,NA,NA
13,26,3,NA,NA,NA,NA,NA,NA,NA,NA,NA
13,26,4,NA,NA,NA,NA,NA,NA,NA,NA,NA
13,26,5,NA,NA,NA,NA,NA,NA,NA,NA,NA
13,26,6,NA,NA,NA,NA,NA,NA,NA,NA,NA
13,26,7,NA,NA,NA,NA,NA,NA,NA,NA,NA
13,26,8,NA,NA,NA,NA,NA,NA,NA,NA,NA
13,27,1,NA,NA,NA,NA,NA,NA,NA,NA,NA
13,27,2,NA,NA,NA,NA,NA,NA,NA,NA,NA
13,27,3,NA,NA,NA,NA,NA,NA,NA,NA,NA
13,27,4,NA,NA,NA,NA,NA,NA,NA,NA,NA
13,27,5,NA,NA,NA,NA,NA,NA,NA,NA,NA
13,27,6,NA,NA,NA,NA,NA,NA,NA,NA,NA
13,27,7,NA,NA,NA,NA,NA,NA,NA,NA,NA
13,27,8,NA,NA,NA,NA,NA,NA,NA,NA,NA
13,28,1,NA,NA,NA,NA,NA,NA,NA,NA,NA
13,28,2,NA,NA,NA,NA,NA,NA,NA,NA,NA
13,28,3,NA,NA,NA,NA,NA,NA,NA,NA,NA
13,28,4,NA,NA,NA,NA,NA,NA,NA,NA,NA
13,28,5,NA,NA,NA,NA,NA,NA,NA,NA,NA
13,28,6,NA,NA,NA,NA,NA,NA,NA,NA,NA
13,28,7,NA,NA,NA,NA,NA,NA,NA,NA,NA
13,28,8,NA,NA,NA,NA,NA,NA,NA,NA,NA
13,29,1,NA,NA,NA,NA,NA,NA,NA,NA,NA
13,29,2,NA,NA,NA,NA,NA,NA,NA,NA,NA
13,29,3,NA,NA,NA,NA,NA,NA,NA,NA,NA
13,29,4,NA,NA,NA,NA,NA,NA,NA,NA,NA
13,29,5,NA,NA,NA,NA,NA,NA,NA,NA,NA
13,29,6,NA,NA,NA,NA,NA,NA,NA,NA,NA
13,29,7,NA,NA,NA,NA,NA,NA,NA,NA,NA
13,29,8,NA,NA,NA,NA,NA,NA,NA,NA,NA
13,30,1,NA,NA,NA,NA,NA,NA,NA,NA,NA
13,30,2,NA,NA,NA,NA,NA,NA,NA,NA,NA
13,30,3,NA,NA,NA,NA,NA,NA,NA,NA,NA
13,30,4,NA,NA,NA,NA,NA,NA,NA,NA,NA
13,30,5,NA,NA,NA,NA,NA,NA,NA,NA,NA
13,30,6,NA,NA,NA,NA,NA,NA,NA,NA,NA
13,30,7,NA,NA,NA,NA,NA,NA,NA,NA,NA
13,30,8,NA,NA,NA,NA,NA,NA,NA,NA,NA
13,31,1,NA,NA,NA,NA,NA,NA,NA,NA,NA
13,31,2,NA,NA,NA,NA,NA,NA,NA,NA,NA
13,31,3,NA,NA,NA,NA,NA,NA,NA,NA,NA
13,31,4,NA,NA,NA,NA,NA,NA,NA,NA,NA
13,31,5,NA,NA,NA,NA,NA,NA,NA,NA,NA
13,31,6,NA,NA,NA,NA,NA,NA,NA,NA,NA
13,31,7,NA,NA,NA,NA,NA,NA,NA,NA,NA
13,31,8,NA,NA,NA,NA,NA,NA,NA,NA,NA
13,32,1,NA,NA,NA,NA,NA,NA,NA,NA,NA
13,32,2,NA,NA,NA,NA,NA,NA,NA,NA,NA
13,32,3,NA,NA,NA,NA,NA,NA,NA,NA,NA
13,32,4,NA,NA,NA,NA,NA,NA,NA,NA,NA
13,32,5,NA,NA,NA,NA,NA,NA,NA,NA,NA
13,32,6,NA,NA,NA,NA,NA,NA,NA,NA,NA
13,32,7,NA,NA,NA,NA,NA,NA,NA,NA,NA
13,32,8,NA,NA,NA,NA,NA,NA,NA,NA,NA
13,33,1,NA,NA,NA,NA,NA,NA,NA,NA,NA
13,33,2,NA,NA,NA,NA,NA,NA,NA,NA,NA
13,33,3,NA,NA,NA,NA,NA,NA,NA,NA,NA
13,33,4,NA,NA,NA,NA,NA,NA,NA,NA,NA
13,33,5,NA,NA,NA,NA,NA,NA,NA,NA,NA
13,33,6,NA,NA,NA,NA,NA,NA,NA,NA,NA
13,33,7,NA,NA,NA,NA,NA,NA,NA,NA,NA
13,33,8,NA,NA,NA,NA,NA,NA,NA,NA,NA
13,34,1,NA,NA,NA,NA,NA,NA,NA,NA,NA
13,34,2,NA,NA,NA,NA,NA,NA,NA,NA,NA
13,34,3,NA,NA,NA,NA,NA,NA,NA,NA,NA
13,34,4,NA,NA,NA,NA,NA,NA,NA,NA,NA
13,34,5,NA,NA,NA,NA,NA,NA,NA,NA,NA
13,34,6,NA,NA,NA,NA,NA,NA,NA,NA,NA
13,34,7,NA,NA,NA,NA,NA,NA,NA,NA,NA
13,34,8,NA,NA,NA,NA,NA,NA,NA,NA,NA
13,35,1,NA,NA,NA,NA,NA,NA,NA,NA,NA
13,35,2,NA,NA,NA,NA,NA,NA,NA,NA,NA
13,35,3,NA,NA,NA,NA,NA,NA,NA,NA,NA
13,35,4,NA,NA,NA,NA,NA,NA,NA,NA,NA
13,35,5,NA,NA,NA,NA,NA,NA,NA,NA,NA
13,35,6,NA,NA,NA,NA,NA,NA,NA,NA,NA
13,35,7,NA,NA,NA,NA,NA,NA,NA,NA,NA
13,35,8,NA,NA,NA,NA,NA,NA,NA,NA,NA
13,36,1,NA,NA,NA,NA,NA,NA,NA,NA,NA
13,36,2,NA,NA,NA,NA,NA,NA,NA,NA,NA
13,36,3,NA,NA,NA,NA,NA,NA,NA,NA,NA
13,36,4,NA,NA,NA,NA,NA,NA,NA,NA,NA
13,36,5,NA,NA,NA,NA,NA,NA,NA,NA,NA
13,36,6,NA,NA,NA,NA,NA,NA,NA,NA,NA
13,36,7,NA,NA,NA,NA,NA,NA,NA,NA,NA
13,36,8,NA,NA,NA,NA,NA,NA,NA,NA,NA
13,37,1,NA,NA,NA,NA,NA,NA,NA,NA,NA
13,37,2,NA,NA,NA,NA,NA,NA,NA,NA,NA
13,37,3,NA,NA,NA,NA,NA,NA,NA,NA,NA
13,37,4,NA,NA,NA,NA,NA,NA,NA,NA,NA
13,37,5,NA,NA,NA,NA,NA,NA,NA,NA,NA
13,37,6,NA,NA,NA,NA,NA,NA,NA,NA,NA
13,37,7,NA,NA,NA,NA,NA,NA,NA,NA,NA
13,37,8,NA,NA,NA,NA,NA,NA,NA,NA,NA
13,38,1,NA,NA,NA,NA,NA,NA,NA,NA,NA
13,38,2,NA,NA,NA,NA,NA,NA,NA,NA,NA
13,38,3,NA,NA,NA,NA,NA,NA,NA,NA,NA
13,38,4,NA,NA,NA,NA,NA,NA,NA,NA,NA
13,38,5,NA,NA,NA,NA,NA,NA,NA,NA,NA
13,38,6,NA,NA,NA,NA,NA,NA,NA,NA,NA
13,38,7,NA,NA,NA,NA,NA,NA,NA,NA,NA
13,38,8,NA,NA,NA,NA,NA,NA,NA,NA,NA
13,39,1,NA,NA,NA,NA,NA,NA,NA,NA,NA
13,39,2,NA,NA,NA,NA,NA,NA,NA,NA,NA
13,39,3,NA,NA,NA,NA,NA,NA,NA,NA,NA
13,39,4,NA,NA,NA,NA,NA,NA,NA,NA,NA
13,39,5,NA,NA,NA,NA,NA,NA,NA,NA,NA
13,39,6,NA,NA,NA,NA,NA,NA,NA,NA,NA
13,39,7,NA,NA,NA,NA,NA,NA,NA,NA,NA
13,39,8,NA,NA,NA,NA,NA,NA,NA,NA,NA
13,40,1,NA,NA,NA,NA,NA,NA,NA,NA,NA
13,40,2,NA,NA,NA,NA,NA,NA,NA,NA,NA
13,40,3,NA,NA,NA,NA,NA,NA,NA,NA,NA
13,40,4,NA,NA,NA,NA,NA,NA,NA,NA,NA
13,40,5,NA,NA,NA,NA,NA,NA,NA,NA,NA
13,40,6,NA,NA,NA,NA,NA,NA,NA,NA,NA
13,40,7,NA,NA,NA,NA,NA,NA,NA,NA,NA
13,40,8,NA,NA,NA,NA,NA,NA,NA,NA,NA
13,41,1,NA,NA,NA,NA,NA,NA,NA,NA,NA
13,41,2,NA,NA,NA,NA,NA,NA,NA,NA,NA
13,41,3,NA,NA,NA,NA,NA,NA,NA,NA,NA
13,41,4,NA,NA,NA,NA,NA,NA,NA,NA,NA
13,41,5,NA,NA,NA,NA,NA,NA,NA,NA,NA
13,41,6,NA,NA,NA,NA,NA,NA,NA,NA,NA
13,41,7,NA,NA,NA,NA,NA,NA,NA,NA,NA
13,41,8,NA,NA,NA,NA,NA,NA,NA,NA,NA
13,42,1,NA,NA,NA,NA,NA,NA,NA,NA,NA
13,42,2,NA,NA,NA,NA,NA,NA,NA,NA,NA
13,42,3,NA,NA,NA,NA,NA,NA,NA,NA,NA
13,42,4,NA,NA,NA,NA,NA,NA,NA,NA,NA
13,42,5,NA,NA,NA,NA,NA,NA,NA,NA,NA
13,42,6,NA,NA,NA,NA,NA,NA,NA,NA,NA
13,42,7,NA,NA,NA,NA,NA,NA,NA,NA,NA
13,42,8,NA,NA,NA,NA,NA,NA,NA,NA,NA
13,43,1,NA,NA,NA,NA,NA,NA,NA,NA,NA
13,43,2,NA,NA,NA,NA,NA,NA,NA,NA,NA
13,43,3,NA,NA,NA,NA,NA,NA,NA,NA,NA
13,43,4,NA,NA,NA,NA,NA,NA,NA,NA,NA
13,43,5,NA,NA,NA,NA,NA,NA,NA,NA,NA
13,43,6,NA,NA,NA,NA,NA,NA,NA,NA,NA
13,43,7,NA,NA,NA,NA,NA,NA,NA,NA,NA
13,43,8,NA,NA,NA,NA,NA,NA,NA,NA,NA
13,44,1,NA,NA,NA,NA,NA,NA,NA,NA,NA
13,44,2,NA,NA,NA,NA,NA,NA,NA,NA,NA
13,44,3,NA,NA,NA,NA,NA,NA,NA,NA,NA
13,44,4,NA,NA,NA,NA,NA,NA,NA,NA,NA
13,44,5,NA,NA,NA,NA,NA,NA,NA,NA,NA
13,44,6,NA,NA,NA,NA,NA,NA,NA,NA,NA
13,44,7,NA,NA,NA,NA,NA,NA,NA,NA,NA
13,44,8,NA,NA,NA,NA,NA,NA,NA,NA,NA
13,45,1,NA,NA,NA,NA,NA,NA,NA,NA,NA
13,45,2,NA,NA,NA,NA,NA,NA,NA,NA,NA
13,45,3,NA,NA,NA,NA,NA,NA,NA,NA,NA
13,45,4,NA,NA,NA,NA,NA,NA,NA,NA,NA
13,45,5,NA,NA,NA,NA,NA,NA,NA,NA,NA
13,45,6,NA,NA,NA,NA,NA,NA,NA,NA,NA
13,45,7,NA,NA,NA,NA,NA,NA,NA,NA,NA
13,45,8,NA,NA,NA,NA,NA,NA,NA,NA,NA
13,46,1,NA,NA,NA,NA,NA,NA,NA,NA,NA
13,46,2,NA,NA,NA,NA,NA,NA,NA,NA,NA
13,46,3,NA,NA,NA,NA,NA,NA,NA,NA,NA
13,46,4,NA,NA,NA,NA,NA,NA,NA,NA,NA
13,46,5,NA,NA,NA,NA,NA,NA,NA,NA,NA
13,46,6,NA,NA,NA,NA,NA,NA,NA,NA,NA
13,46,7,NA,NA,NA,NA,NA,NA,NA,NA,NA
13,46,8,NA,NA,NA,NA,NA,NA,NA,NA,NA
13,47,1,NA,NA,NA,NA,NA,NA,NA,NA,NA
13,47,2,NA,NA,NA,NA,NA,NA,NA,NA,NA
13,47,3,NA,NA,NA,NA,NA,NA,NA,NA,NA
13,47,4,NA,NA,NA,NA,NA,NA,NA,NA,NA
13,47,5,NA,NA,NA,NA,NA,NA,NA,NA,NA
13,47,6,NA,NA,NA,NA,NA,NA,NA,NA,NA
13,47,7,NA,NA,NA,NA,NA,NA,NA,NA,NA
13,47,8,NA,NA,NA,NA,NA,NA,NA,NA,NA
13,48,1,NA,NA,NA,NA,NA,NA,NA,NA,NA
13,48,2,NA,NA,NA,NA,NA,NA,NA,NA,NA
13,48,3,NA,NA,NA,NA,NA,NA,NA,NA,NA
13,48,4,NA,NA,NA,NA,NA,NA,NA,NA,NA
13,48,5,NA,NA,NA,NA,NA,NA,NA,NA,NA
13,48,6,NA,NA,NA,NA,NA,NA,NA,NA,NA
13,48,7,NA,NA,NA,NA,NA,NA,NA,NA,NA
13,48,8,NA,NA,NA,NA,NA,NA,NA,NA,NA
13,49,1,NA,NA,NA,NA,NA,NA,NA,NA,NA
13,49,2,NA,NA,NA,NA,NA,NA,NA,NA,NA
13,49,3,NA,NA,NA,NA,NA,NA,NA,NA,NA
13,49,4,NA,NA,NA,NA,NA,NA,NA,NA,NA
13,49,5,NA,NA,NA,NA,NA,NA,NA,NA,NA
13,49,6,NA,NA,NA,NA,NA,NA,NA,NA,NA
13,49,7,NA,NA,NA,NA,NA,NA,NA,NA,NA
13,49,8,NA,NA,NA,NA,NA,NA,NA,NA,NA
13,50,1,NA,NA,NA,NA,NA,NA,NA,NA,NA
13,50,2,NA,NA,NA,NA,NA,NA,NA,NA,NA
13,50,3,NA,NA,NA,NA,NA,NA,NA,NA,NA
13,50,4,NA,NA,NA,NA,NA,NA,NA,NA,NA
13,50,5,NA,NA,NA,NA,NA,NA,NA,NA,NA
13,50,6,NA,NA,NA,NA,NA,NA,NA,NA,NA
13,50,7,NA,NA,NA,NA,NA,NA,NA,NA,NA
13,50,8,NA,NA,NA,NA,NA,NA,NA,NA,NA
13,51,1,NA,NA,NA,NA,NA,NA,NA,NA,NA
13,51,2,NA,NA,NA,NA,NA,NA,NA,NA,NA
13,51,3,NA,NA,NA,NA,NA,NA,NA,NA,NA
13,51,4,NA,NA,NA,NA,NA,NA,NA,NA,NA
13,51,5,NA,NA,NA,NA,NA,NA,NA,NA,NA
13,51,6,NA,NA,NA,NA,NA,NA,NA,NA,NA
13,51,7,NA,NA,NA,NA,NA,NA,NA,NA,NA
13,51,8,NA,NA,NA,NA,NA,NA,NA,NA,NA
13,52,1,NA,NA,NA,NA,NA,NA,NA,NA,NA
13,52,2,NA,NA,NA,NA,NA,NA,NA,NA,NA
13,52,3,NA,NA,NA,NA,NA,NA,NA,NA,NA
13,52,4,NA,NA,NA,NA,NA,NA,NA,NA,NA
13,52,5,NA,NA,NA,NA,NA,NA,NA,NA,NA
13,52,6,NA,NA,NA,NA,NA,NA,NA,NA,NA
13,52,7,NA,NA,NA,NA,NA,NA,NA,NA,NA
13,52,8,NA,NA,NA,NA,NA,NA,NA,NA,NA
13,53,1,NA,NA,NA,NA,NA,NA,NA,NA,NA
13,53,2,NA,NA,NA,NA,NA,NA,NA,NA,NA
13,53,3,NA,NA,NA,NA,NA,NA,NA,NA,NA
13,53,4,NA,NA,NA,NA,NA,NA,NA,NA,NA
13,53,5,NA,NA,NA,NA,NA,NA,NA,NA,NA
13,53,6,NA,NA,NA,NA,NA,NA,NA,NA,NA
13,53,7,NA,NA,NA,NA,NA,NA,NA,NA,NA
13,53,8,NA,NA,NA,NA,NA,NA,NA,NA,NA
13,54,1,NA,NA,NA,NA,NA,NA,NA,NA,NA
13,54,2,NA,NA,NA,NA,NA,NA,NA,NA,NA
13,54,3,NA,NA,NA,NA,NA,NA,NA,NA,NA
13,54,4,NA,NA,NA,NA,NA,NA,NA,NA,NA
13,54,5,NA,NA,NA,NA,NA,NA,NA,NA,NA
13,54,6,NA,NA,NA,NA,NA,NA,NA,NA,NA
13,54,7,NA,NA,NA,NA,NA,NA,NA,NA,NA
13,54,8,NA,NA,NA,NA,NA,NA,NA,NA,NA
13,55,1,NA,NA,NA,NA,NA,NA,NA,NA,NA
13,55,2,NA,NA,NA,NA,NA,NA,NA,NA,NA
13,55,3,NA,NA,NA,NA,NA,NA,NA,NA,NA
13,55,4,NA,NA,NA,NA,NA,NA,NA,NA,NA
13,55,5,NA,NA,NA,NA,NA,NA,NA,NA,NA
13,55,6,NA,NA,NA,NA,NA,NA,NA,NA,NA
13,55,7,NA,NA,NA,NA,NA,NA,NA,NA,NA
13,55,8,NA,NA,NA,NA,NA,NA,NA,NA,NA
13,56,1,NA,NA,NA,NA,NA,NA,NA,NA,NA
13,56,2,NA,NA,NA,NA,NA,NA,NA,NA,NA
13,56,3,NA,NA,NA,NA,NA,NA,NA,NA,NA
13,56,4,NA,NA,NA,NA,NA,NA,NA,NA,NA
13,56,5,NA,NA,NA,NA,NA,NA,NA,NA,NA
13,56,6,NA,NA,NA,NA,NA,NA,NA,NA,NA
13,56,7,NA,NA,NA,NA,NA,NA,NA,NA,NA
13,56,8,NA,NA,NA,NA,NA,NA,NA,NA,NA
13,57,1,NA,NA,NA,NA,NA,NA,NA,NA,NA
13,57,2,NA,NA,NA,NA,NA,NA,NA,NA,NA
13,57,3,NA,NA,NA,NA,NA,NA,NA,NA,NA
13,57,4,NA,NA,NA,NA,NA,NA,NA,NA,NA
13,57,5,NA,NA,NA,NA,NA,NA,NA,NA,NA
13,57,6,NA,NA,NA,NA,NA,NA,NA,NA,NA
13,57,7,NA,NA,NA,NA,NA,NA,NA,NA,NA
13,57,8,NA,NA,NA,NA,NA,NA,NA,NA,NA
13,58,1,NA,NA,NA,NA,NA,NA,NA,NA,NA
13,58,2,NA,NA,NA,NA,NA,NA,NA,NA,NA
13,58,3,NA,NA,NA,NA,NA,NA,NA,NA,NA
13,58,4,NA,NA,NA,NA,NA,NA,NA,NA,NA
13,58,5,NA,NA,NA,NA,NA,NA,NA,NA,NA
13,58,6,NA,NA,NA,NA,NA,NA,NA,NA,NA
13,58,7,NA,NA,NA,NA,NA,NA,NA,NA,NA
13,58,8,NA,NA,NA,NA,NA,NA,NA,NA,NA
13,59,1,NA,NA,NA,NA,NA,NA,NA,NA,NA
13,59,2,NA,NA,NA,NA,NA,NA,NA,NA,NA
13,59,3,NA,NA,NA,NA,NA,NA,NA,NA,NA
13,59,4,NA,NA,NA,NA,NA,NA,NA,NA,NA
13,59,5,NA,NA,NA,NA,NA,NA,NA,NA,NA
13,59,6,NA,NA,NA,NA,NA,NA,NA,NA,NA
13,59,7,NA,NA,NA,NA,NA,NA,NA,NA,NA
13,59,8,NA,NA,NA,NA,NA,NA,NA,NA,NA
13,60,1,NA,NA,NA,NA,NA,NA,NA,NA,NA
13,60,2,NA,NA,NA,NA,NA,NA,NA,NA,NA
13,60,3,NA,NA,NA,NA,NA,NA,NA,NA,NA
13,60,4,NA,NA,NA,NA,NA,NA,NA,NA,NA
13,60,5,NA,NA,NA,NA,NA,NA,NA,NA,NA
13,60,6,NA,NA,NA,NA,NA,NA,NA,NA,NA
13,60,7,NA,NA,NA,NA,NA,NA,NA,NA,NA
13,60,8,NA,NA,NA,NA,NA,NA,NA,NA,NA
13,61,1,NA,NA,NA,NA,NA,NA,NA,NA,NA
13,61,2,NA,NA,NA,NA,NA,NA,NA,NA,NA
13,61,3,NA,NA,NA,NA,NA,NA,NA,NA,NA
13,61,4,NA,NA,NA,NA,NA,NA,NA,NA,NA
13,61,5,NA,NA,NA,NA,NA,NA,NA,NA,NA
13,61,6,NA,NA,NA,NA,NA,NA,NA,NA,NA
13,61,7,NA,NA,NA,NA,NA,NA,NA,NA,NA
13,61,8,NA,NA,NA,NA,NA,NA,NA,NA,NA
13,62,1,NA,NA,NA,NA,NA,NA,NA,NA,NA
13,62,2,NA,NA,NA,NA,NA,NA,NA,NA,NA
13,62,3,NA,NA,NA,NA,NA,NA,NA,NA,NA
13,62,4,NA,NA,NA,NA,NA,NA,NA,NA,NA
13,62,5,NA,NA,NA,NA,NA,NA,NA,NA,NA
13,62,6,NA,NA,NA,NA,NA,NA,NA,NA,NA
13,62,7,NA,NA,NA,NA,NA,NA,NA,NA,NA
13,62,8,NA,NA,NA,NA,NA,NA,NA,NA,NA
13,63,1,NA,NA,NA,NA,NA,NA,NA,NA,NA
13,63,2,NA,NA,NA,NA,NA,NA,NA,NA,NA
13,63,3,NA,NA,NA,NA,NA,NA,NA,NA,NA
13,63,4,NA,NA,NA,NA,NA,NA,NA,NA,NA
13,63,5,NA,NA,NA,NA,NA,NA,NA,NA,NA
13,63,6,NA,NA,NA,NA,NA,NA,NA,NA,NA
13,63,7,NA,NA,NA,NA,NA,NA,NA,NA,NA
13,63,8,NA,NA,NA,NA,NA,NA,NA,NA,NA
13,64,1,NA,NA,NA,NA,NA,NA,NA,NA,NA
13,64,2,NA,NA,NA,NA,NA,NA,NA,NA,NA
13,64,3,NA,NA,NA,NA,NA,NA,NA,NA,NA
13,64,4,NA,NA,NA,NA,NA,NA,NA,NA,NA
13,64,5,NA,NA,NA,NA,NA,NA,NA,NA,NA
13,64,6,NA,NA,NA,NA,NA,NA,NA,NA,NA
13,64,7,NA,NA,NA,NA,NA,NA,NA,NA,NA
13,64,8,NA,NA,NA,NA,NA,NA,NA,NA,NA
13,65,1,NA,NA,NA,NA,NA,NA,NA,NA,NA
13,65,2,NA,NA,NA,NA,NA,NA,NA,NA,NA
13,65,3,NA,NA,NA,NA,NA,NA,NA,NA,NA
13,65,4,NA,NA,NA,NA,NA,NA,NA,NA,NA
13,65,5,NA,NA,NA,NA,NA,NA,NA,NA,NA
13,65,6,NA,NA,NA,NA,NA,NA,NA,NA,NA
13,65,7,NA,NA,NA,NA,NA,NA,NA,NA,NA
13,65,8,NA,NA,NA,NA,NA,NA,NA,NA,NA
13,66,1,NA,NA,NA,NA,NA,NA,NA,NA,NA
13,66,2,NA,NA,NA,NA,NA,NA,NA,NA,NA
13,66,3,NA,NA,NA,NA,NA,NA,NA,NA,NA
13,66,4,NA,NA,NA,NA,NA,NA,NA,NA,NA
13,66,5,NA,NA,NA,NA,NA,NA,NA,NA,NA
13,66,6,NA,NA,NA,NA,NA,NA,NA,NA,NA
13,66,7,NA,NA,NA,NA,NA,NA,NA,NA,NA
13,66,8,NA,NA,NA,NA,NA,NA,NA,NA,NA
13,67,1,NA,NA,NA,NA,NA,NA,NA,NA,NA
13,67,2,NA,NA,NA,NA,NA,NA,NA,NA,NA
13,67,3,NA,NA,NA,NA,NA,NA,NA,NA,NA
13,67,4,NA,NA,NA,NA,NA,NA,NA,NA,NA
13,67,5,NA,NA,NA,NA,NA,NA,NA,NA,NA
13,67,6,NA,NA,NA,NA,NA,NA,NA,NA,NA
13,67,7,NA,NA,NA,NA,NA,NA,NA,NA,NA
13,67,8,NA,NA,NA,NA,NA,NA,NA,NA,NA
13,68,1,NA,NA,NA,NA,NA,NA,NA,NA,NA
13,68,2,NA,NA,NA,NA,NA,NA,NA,NA,NA
13,68,3,NA,NA,NA,NA,NA,NA,NA,NA,NA
13,68,4,NA,NA,NA,NA,NA,NA,NA,NA,NA
13,68,5,NA,NA,NA,NA,NA,NA,NA,NA,NA
13,68,6,NA,NA,NA,NA,NA,NA,NA,NA,NA
13,68,7,NA,NA,NA,NA,NA,NA,NA,NA,NA
13,68,8,NA,NA,NA,NA,NA,NA,NA,NA,NA
13,69,1,NA,NA,NA,NA,NA,NA,NA,NA,NA
13,69,2,NA,NA,NA,NA,NA,NA,NA,NA,NA
13,69,3,NA,NA,NA,NA,NA,NA,NA,NA,NA
13,69,4,NA,NA,NA,NA,NA,NA,NA,NA,NA
13,69,5,NA,NA,NA,NA,NA,NA,NA,NA,NA
13,69,6,NA,NA,NA,NA,NA,NA,NA,NA,NA
13,69,7,NA,NA,NA,NA,NA,NA,NA,NA,NA
13,69,8,NA,NA,NA,NA,NA,NA,NA,NA,NA
13,70,1,NA,NA,NA,NA,NA,NA,NA,NA,NA
13,70,2,NA,NA,NA,NA,NA,NA,NA,NA,NA
13,70,3,NA,NA,NA,NA,NA,NA,NA,NA,NA
13,70,4,NA,NA,NA,NA,NA,NA,NA,NA,NA
13,70,5,NA,NA,NA,NA,NA,NA,NA,NA,NA
13,70,6,NA,NA,NA,NA,NA,NA,NA,NA,NA
13,70,7,NA,NA,NA,NA,NA,NA,NA,NA,NA
13,70,8,NA,NA,NA,NA,NA,NA,NA,NA,NA
13,71,1,NA,NA,NA,NA,NA,NA,NA,NA,NA
13,71,2,NA,NA,NA,NA,NA,NA,NA,NA,NA
13,71,3,NA,NA,NA,NA,NA,NA,NA,NA,NA
13,71,4,NA,NA,NA,NA,NA,NA,NA,NA,NA
13,71,5,NA,NA,NA,NA,NA,NA,NA,NA,NA
13,71,6,NA,NA,NA,NA,NA,NA,NA,NA,NA
13,71,7,NA,NA,NA,NA,NA,NA,NA,NA,NA
13,71,8,NA,NA,NA,NA,NA,NA,NA,NA,NA
13,72,1,NA,NA,NA,NA,NA,NA,NA,NA,NA
13,72,2,NA,NA,NA,NA,NA,NA,NA,NA,NA
13,72,3,NA,NA,NA,NA,NA,NA,NA,NA,NA
13,72,4,NA,NA,NA,NA,NA,NA,NA,NA,NA
13,72,5,NA,NA,NA,NA,NA,NA,NA,NA,NA
13,72,6,NA,NA,NA,NA,NA,NA,NA,NA,NA
13,72,7,NA,NA,NA,NA,NA,NA,NA,NA,NA
13,72,8,NA,NA,NA,NA,NA,NA,NA,NA,NA
13,73,1,NA,NA,NA,NA,NA,NA,NA,NA,NA
13,73,2,NA,NA,NA,NA,NA,NA,NA,NA,NA
13,73,3,NA,NA,NA,NA,NA,NA,NA,NA,NA
13,73,4,NA,NA,NA,NA,NA,NA,NA,NA,NA
13,73,5,NA,NA,NA,NA,NA,NA,NA,NA,NA
13,73,6,NA,NA,NA,NA,NA,NA,NA,NA,NA
13,73,7,NA,NA,NA,NA,NA,NA,NA,NA,NA
13,73,8,NA,NA,NA,NA,NA,NA,NA,NA,NA
13,74,1,NA,NA,NA,NA,NA,NA,NA,NA,NA
13,74,2,NA,NA,NA,NA,NA,NA,NA,NA,NA
13,74,3,NA,NA,NA,NA,NA,NA,NA,NA,NA
13,74,4,NA,NA,NA,NA,NA,NA,NA,NA,NA
13,74,5,NA,NA,NA,NA,NA,NA,NA,NA,NA
13,74,6,NA,NA,NA,NA,NA,NA,NA,NA,NA
13,74,7,NA,NA,NA,NA,NA,NA,NA,NA,NA
13,74,8,NA,NA,NA,NA,NA,NA,NA,NA,NA
13,75,1,NA,NA,NA,NA,NA,NA,NA,NA,NA
13,75,2,NA,NA,NA,NA,NA,NA,NA,NA,NA
13,75,3,NA,NA,NA,NA,NA,NA,NA,NA,NA
13,75,4,NA,NA,NA,NA,NA,NA,NA,NA,NA
13,75,5,NA,NA,NA,NA,NA,NA,NA,NA,NA
13,75,6,NA,NA,NA,NA,NA,NA,NA,NA,NA
13,75,7,NA,NA,NA,NA,NA,NA,NA,NA,NA
13,75,8,NA,NA,NA,NA,NA,NA,NA,NA,NA
13,76,1,NA,NA,NA,NA,NA,NA,NA,NA,NA
13,76,2,NA,NA,NA,NA,NA,NA,NA,NA,NA
13,76,3,NA,NA,NA,NA,NA,NA,NA,NA,NA
13,76,4,NA,NA,NA,NA,NA,NA,NA,NA,NA
13,76,5,NA,NA,NA,NA,NA,NA,NA,NA,NA
13,76,6,NA,NA,NA,NA,NA,NA,NA,NA,NA
13,76,7,NA,NA,NA,NA,NA,NA,NA,NA,NA
13,76,8,NA,NA,NA,NA,NA,NA,NA,NA,NA
13,77,1,NA,NA,NA,NA,NA,NA,NA,NA,NA
13,77,2,NA,NA,NA,NA,NA,NA,NA,NA,NA
13,77,3,NA,NA,NA,NA,NA,NA,NA,NA,NA
13,77,4,NA,NA,NA,NA,NA,NA,NA,NA,NA
13,77,5,NA,NA,NA,NA,NA,NA,NA,NA,NA
13,77,6,NA,NA,NA,NA,NA,NA,NA,NA,NA
13,77,7,NA,NA,NA,NA,NA,NA,NA,NA,NA
13,77,8,NA,NA,NA,NA,NA,NA,NA,NA,NA
13,78,1,NA,NA,NA,NA,NA,NA,NA,NA,NA
13,78,2,NA,NA,NA,NA,NA,NA,NA,NA,NA
13,78,3,NA,NA,NA,NA,NA,NA,NA,NA,NA
13,78,4,NA,NA,NA,NA,NA,NA,NA,NA,NA
13,78,5,NA,NA,NA,NA,NA,NA,NA,NA,NA
13,78,6,NA,NA,NA,NA,NA,NA,NA,NA,NA
13,78,7,NA,NA,NA,NA,NA,NA,NA,NA,NA
13,78,8,NA,NA,NA,NA,NA,NA,NA,NA,NA
13,79,1,NA,NA,NA,NA,NA,NA,NA,NA,NA
13,79,2,NA,NA,NA,NA,NA,NA,NA,NA,NA
13,79,3,NA,NA,NA,NA,NA,NA,NA,NA,NA
13,79,4,NA,NA,NA,NA,NA,NA,NA,NA,NA
13,79,5,NA,NA,NA,NA,NA,NA,NA,NA,NA
13,79,6,NA,NA,NA,NA,NA,NA,NA,NA,NA
13,79,7,NA,NA,NA,NA,NA,NA,NA,NA,NA
13,79,8,NA,NA,NA,NA,NA,NA,NA,NA,NA
13,80,1,NA,NA,NA,NA,NA,NA,NA,NA,NA
13,80,2,NA,NA,NA,NA,NA,NA,NA,NA,NA
13,80,3,NA,NA,NA,NA,NA,NA,NA,NA,NA
13,80,4,NA,NA,NA,NA,NA,NA,NA,NA,NA
13,80,5,NA,NA,NA,NA,NA,NA,NA,NA,NA
13,80,6,NA,NA,NA,NA,NA,NA,NA,NA,NA
13,80,7,NA,NA,NA,NA,NA,NA,NA,NA,NA
13,80,8,NA,NA,NA,NA,NA,NA,NA,NA,NA
13,81,1,NA,NA,NA,NA,NA,NA,NA,NA,NA
13,81,2,NA,NA,NA,NA,NA,NA,NA,NA,NA
13,81,3,NA,NA,NA,NA,NA,NA,NA,NA,NA
13,81,4,NA,NA,NA,NA,NA,NA,NA,NA,NA
13,81,5,NA,NA,NA,NA,NA,NA,NA,NA,NA
13,81,6,NA,NA,NA,NA,NA,NA,NA,NA,NA
13,81,7,NA,NA,NA,NA,NA,NA,NA,NA,NA
13,81,8,NA,NA,NA,NA,NA,NA,NA,NA,NA
13,82,1,NA,NA,NA,NA,NA,NA,NA,NA,NA
13,82,2,NA,NA,NA,NA,NA,NA,NA,NA,NA
13,82,3,NA,NA,NA,NA,NA,NA,NA,NA,NA
13,82,4,NA,NA,NA,NA,NA,NA,NA,NA,NA
13,82,5,NA,NA,NA,NA,NA,NA,NA,NA,NA
13,82,6,NA,NA,NA,NA,NA,NA,NA,NA,NA
13,82,7,NA,NA,NA,NA,NA,NA,NA,NA,NA
13,82,8,NA,NA,NA,NA,NA,NA,NA,NA,NA
13,83,1,NA,NA,NA,NA,NA,NA,NA,NA,NA
13,83,2,NA,NA,NA,NA,NA,NA,NA,NA,NA
13,83,3,NA,NA,NA,NA,NA,NA,NA,NA,NA
13,83,4,NA,NA,NA,NA,NA,NA,NA,NA,NA
13,83,5,NA,NA,NA,NA,NA,NA,NA,NA,NA
13,83,6,NA,NA,NA,NA,NA,NA,NA,NA,NA
13,83,7,NA,NA,NA,NA,NA,NA,NA,NA,NA
13,83,8,NA,NA,NA,NA,NA,NA,NA,NA,NA
13,84,1,NA,NA,NA,NA,NA,NA,NA,NA,NA
13,84,2,NA,NA,NA,NA,NA,NA,NA,NA,NA
13,84,3,NA,NA,NA,NA,NA,NA,NA,NA,NA
13,84,4,NA,NA,NA,NA,NA,NA,NA,NA,NA
13,84,5,NA,NA,NA,NA,NA,NA,NA,NA,NA
13,84,6,NA,NA,NA,NA,NA,NA,NA,NA,NA
13,84,7,NA,NA,NA,NA,NA,NA,NA,NA,NA
13,84,8,NA,NA,NA,NA,NA,NA,NA,NA,NA
13,85,1,NA,NA,NA,NA,NA,NA,NA,NA,NA
13,85,2,NA,NA,NA,NA,NA,NA,NA,NA,NA
13,85,3,NA,NA,NA,NA,NA,NA,NA,NA,NA
13,85,4,NA,NA,NA,NA,NA,NA,NA,NA,NA
13,85,5,NA,NA,NA,NA,NA,NA,NA,NA,NA
13,85,6,NA,NA,NA,NA,NA,NA,NA,NA,NA
13,85,7,NA,NA,NA,NA,NA,NA,NA,NA,NA
13,85,8,NA,NA,NA,NA,NA,NA,NA,NA,NA
13,86,1,NA,NA,NA,NA,NA,NA,NA,NA,NA
13,86,2,NA,NA,NA,NA,NA,NA,NA,NA,NA
13,86,3,NA,NA,NA,NA,NA,NA,NA,NA,NA
13,86,4,NA,NA,NA,NA,NA,NA,NA,NA,NA
13,86,5,NA,NA,NA,NA,NA,NA,NA,NA,NA
13,86,6,NA,NA,NA,NA,NA,NA,NA,NA,NA
13,86,7,NA,NA,NA,NA,NA,NA,NA,NA,NA
13,86,8,NA,NA,NA,NA,NA,NA,NA,NA,NA
13,87,1,NA,NA,NA,NA,NA,NA,NA,NA,NA
13,87,2,NA,NA,NA,NA,NA,NA,NA,NA,NA
13,87,3,NA,NA,NA,NA,NA,NA,NA,NA,NA
13,87,4,NA,NA,NA,NA,NA,NA,NA,NA,NA
13,87,5,NA,NA,NA,NA,NA,NA,NA,NA,NA
13,87,6,NA,NA,NA,NA,NA,NA,NA,NA,NA
13,87,7,NA,NA,NA,NA,NA,NA,NA,NA,NA
13,87,8,NA,NA,NA,NA,NA,NA,NA,NA,NA
13,88,1,NA,NA,NA,NA,NA,NA,NA,NA,NA
13,88,2,NA,NA,NA,NA,NA,NA,NA,NA,NA
13,88,3,NA,NA,NA,NA,NA,NA,NA,NA,NA
13,88,4,NA,NA,NA,NA,NA,NA,NA,NA,NA
13,88,5,NA,NA,NA,NA,NA,NA,NA,NA,NA
13,88,6,NA,NA,NA,NA,NA,NA,NA,NA,NA
13,88,7,NA,NA,NA,NA,NA,NA,NA,NA,NA
13,88,8,NA,NA,NA,NA,NA,NA,NA,NA,NA
13,89,1,NA,NA,NA,NA,NA,NA,NA,NA,NA
13,89,2,NA,NA,NA,NA,NA,NA,NA,NA,NA
13,89,3,NA,NA,NA,NA,NA,NA,NA,NA,NA
13,89,4,NA,NA,NA,NA,NA,NA,NA,NA,NA
13,89,5,NA,NA,NA,NA,NA,NA,NA,NA,NA
13,89,6,NA,NA,NA,NA,NA,NA,NA,NA,NA
13,89,7,NA,NA,NA,NA,NA,NA,NA,NA,NA
13,89,8,NA,NA,NA,NA,NA,NA,NA,NA,NA
13,90,1,NA,NA,NA,NA,NA,NA,NA,NA,NA
13,90,2,NA,NA,NA,NA,NA,NA,NA,NA,NA
13,90,3,NA,NA,NA,NA,NA,NA,NA,NA,NA
13,90,4,NA,NA,NA,NA,NA,NA,NA,NA,NA
13,90,5,NA,NA,NA,NA,NA,NA,NA,NA,NA
13,90,6,NA,NA,NA,NA,NA,NA,NA,NA,NA
13,90,7,NA,NA,NA,NA,NA,NA,NA,NA,NA
13,90,8,NA,NA,NA,NA,NA,NA,NA,NA,NA
13,91,1,NA,NA,NA,NA,NA,NA,NA,NA,NA
13,91,2,NA,NA,NA,NA,NA,NA,NA,NA,NA
13,91,3,NA,NA,NA,NA,NA,NA,NA,NA,NA
13,91,4,NA,NA,NA,NA,NA,NA,NA,NA,NA
13,91,5,NA,NA,NA,NA,NA,NA,NA,NA,NA
13,91,6,NA,NA,NA,NA,NA,NA,NA,NA,NA
13,91,7,NA,NA,NA,NA,NA,NA,NA,NA,NA
13,91,8,NA,NA,NA,NA,NA,NA,NA,NA,NA
13,92,1,NA,NA,NA,NA,NA,NA,NA,NA,NA
13,92,2,NA,NA,NA,NA,NA,NA,NA,NA,NA
13,92,3,NA,NA,NA,NA,NA,NA,NA,NA,NA
13,92,4,NA,NA,NA,NA,NA,NA,NA,NA,NA
13,92,5,NA,NA,NA,NA,NA,NA,NA,NA,NA
13,92,6,NA,NA,NA,NA,NA,NA,NA,NA,NA
13,92,7,NA,NA,NA,NA,NA,NA,NA,NA,NA
13,92,8,NA,NA,NA,NA,NA,NA,NA,NA,NA
13,93,1,NA,NA,NA,NA,NA,NA,NA,NA,NA
13,93,2,NA,NA,NA,NA,NA,NA,NA,NA,NA
13,93,3,NA,NA,NA,NA,NA,NA,NA,NA,NA
13,93,4,NA,NA,NA,NA,NA,NA,NA,NA,NA
13,93,5,NA,NA,NA,NA,NA,NA,NA,NA,NA
13,93,6,NA,NA,NA,NA,NA,NA,NA,NA,NA
13,93,7,NA,NA,NA,NA,NA,NA,NA,NA,NA
13,93,8,NA,NA,NA,NA,NA,NA,NA,NA,NA
13,94,1,NA,NA,NA,NA,NA,NA,NA,NA,NA
13,94,2,NA,NA,NA,NA,NA,NA,NA,NA,NA
13,94,3,NA,NA,NA,NA,NA,NA,NA,NA,NA
13,94,4,NA,NA,NA,NA,NA,NA,NA,NA,NA
13,94,5,NA,NA,NA,NA,NA,NA,NA,NA,NA
13,94,6,NA,NA,NA,NA,NA,NA,NA,NA,NA
13,94,7,NA,NA,NA,NA,NA,NA,NA,NA,NA
13,94,8,NA,NA,NA,NA,NA,NA,NA,NA,NA
13,95,1,NA,NA,NA,NA,NA,NA,NA,NA,NA
13,95,2,NA,NA,NA,NA,NA,NA,NA,NA,NA
13,95,3,NA,NA,NA,NA,NA,NA,NA,NA,NA
13,95,4,NA,NA,NA,NA,NA,NA,NA,NA,NA
13,95,5,NA,NA,NA,NA,NA,NA,NA,NA,NA
13,95,6,NA,NA,NA,NA,NA,NA,NA,NA,NA
13,95,7,NA,NA,NA,NA,NA,NA,NA,NA,NA
13,95,8,NA,NA,NA,NA,NA,NA,NA,NA,NA
13,96,1,NA,NA,NA,NA,NA,NA,NA,NA,NA
13,96,2,NA,NA,NA,NA,NA,NA,NA,NA,NA
13,96,3,NA,NA,NA,NA,NA,NA,NA,NA,NA
13,96,4,NA,NA,NA,NA,NA,NA,NA,NA,NA
13,96,5,NA,NA,NA,NA,NA,NA,NA,NA,NA
13,96,6,NA,NA,NA,NA,NA,NA,NA,NA,NA
13,96,7,NA,NA,NA,NA,NA,NA,NA,NA,NA
13,96,8,NA,NA,NA,NA,NA,NA,NA,NA,NA
13,97,1,NA,NA,NA,NA,NA,NA,NA,NA,NA
13,97,2,NA,NA,NA,NA,NA,NA,NA,NA,NA
13,97,3,NA,NA,NA,NA,NA,NA,NA,NA,NA
13,97,4,NA,NA,NA,NA,NA,NA,NA,NA,NA
13,97,5,NA,NA,NA,NA,NA,NA,NA,NA,NA
13,97,6,NA,NA,NA,NA,NA,NA,NA,NA,NA
13,97,7,NA,NA,NA,NA,NA,NA,NA,NA,NA
13,97,8,NA,NA,NA,NA,NA,NA,NA,NA,NA
13,98,1,NA,NA,NA,NA,NA,NA,NA,NA,NA
13,98,2,NA,NA,NA,NA,NA,NA,NA,NA,NA
13,98,3,NA,NA,NA,NA,NA,NA,NA,NA,NA
13,98,4,NA,NA,NA,NA,NA,NA,NA,NA,NA
13,98,5,NA,NA,NA,NA,NA,NA,NA,NA,NA
13,98,6,NA,NA,NA,NA,NA,NA,NA,NA,NA
13,98,7,NA,NA,NA,NA,NA,NA,NA,NA,NA
13,98,8,NA,NA,NA,NA,NA,NA,NA,NA,NA
13,99,1,NA,NA,NA,NA,NA,NA,NA,NA,NA
13,99,2,NA,NA,NA,NA,NA,NA,NA,NA,NA
13,99,3,NA,NA,NA,NA,NA,NA,NA,NA,NA
13,99,4,NA,NA,NA,NA,NA,NA,NA,NA,NA
13,99,5,NA,NA,NA,NA,NA,NA,NA,NA,NA
13,99,6,NA,NA,NA,NA,NA,NA,NA,NA,NA
13,99,7,NA,NA,NA,NA,NA,NA,NA,NA,NA
13,99,8,NA,NA,NA,NA,NA,NA,NA,NA,NA
13,100,1,NA,NA,NA,NA,NA,NA,NA,NA,NA
13,100,2,NA,NA,NA,NA,NA,NA,NA,NA,NA
13,100,3,NA,NA,NA,NA,NA,NA,NA,NA,NA
13,100,4,NA,NA,NA,NA,NA,NA,NA,NA,NA
13,100,5,NA,NA,NA,NA,NA,NA,NA,NA,NA
13,100,6,NA,NA,NA,NA,NA,NA,NA,NA,NA
13,100,7,NA,NA,NA,NA,NA,NA,NA,NA,NA
13,100,8,NA,NA,NA,NA,NA,NA,NA,NA,NA
14,1,1,2797.102144,1516.92756508287,0,0,0,77,0,0,0
14,1,2,2792.6064,1254.18412649736,0,0,0,86,0,0,0
14,1,3,2788.216,1053.0015796887,0,0,0,96,0,0,0
14,1,4,2790.0656,1054.84654791805,0,0,0,62,0,0,0
14,1,5,2791.4,1546.05991957934,0,0,0,50,0,0,0
14,1,6,2795.152,1162.3041464384,0,0,0,82,0,0,0
14,1,7,20349.1119999999,15886.3874172832,0,0,0,43,0,0,0
14,1,8,0,6,0,0,0,96,0,0,0
14,2,1,2812.829824,1587.2451212548,0,0,0,151,0,0,0
14,2,2,2801.8256,1828.9015945159,0,0,0,125,0,0,0
14,2,3,2795.352,762.58905736597,0,0,0,105,0,0,0
14,2,4,2795.7312,1392.48569066824,0,0,0,105,0,0,0
14,2,5,2807.0304,1214.69344674497,0,0,0,154,0,0,0
14,2,6,2807.952,1362.08714693783,0,0,0,116,0,0,0
14,2,7,20299.5439999998,11471.7471429994,17,11,0,202,0,0,0
14,2,8,0,6,0,0,0,0,0,0,0
14,3,1,2831.017024,1868.38951617523,0,0,0,158,0,0,0
14,3,2,2823.6448,1323.49378669017,0,0,0,179,0,0,0
14,3,3,2792.9216,895.528776547484,0,0,0,76,0,0,0
14,3,4,2806.3088,901.682288221342,0,0,0,139,0,0,0
14,3,5,2819.7904,1077.30303628691,0,0,0,121,0,0,0
14,3,6,2822.208,1606.29764654212,0,0,0,136,0,0,0
14,3,7,20258.4755199998,9483.43292907368,34,0,0,252,0,0,0
14,3,8,0,6,0,0,0,0,0,0,0
14,4,1,2845.913024,1574.98829290834,0,21,0,153,0,0,0
14,4,2,2834.568,800.615501395231,0,0,0,132,0,0,0
14,4,3,2795.024,614.55900284372,0,0,0,89,0,0,0
14,4,4,2807.5152,1109.62761066803,0,0,0,90,0,0,0
14,4,5,2827.48352,1367.91075629378,0,0,0,107,0,0,0
14,4,6,2833.4976,1062.91709152916,0,19,0,129,0,0,0
14,4,7,20214.3880959997,5849.03631218184,7,192,0,215,0,0,0
14,4,8,0,6,0,0,0,0,0,0,0
14,5,1,2858.245824,1233.88024401743,0,0,0,157,0,0,0
14,5,2,2832.4768,554.804179004266,0,0,0,80,0,0,0
14,5,3,2790.277696,1063.50650435657,0,0,0,61,0,0,0
14,5,4,2813.7968,724.600675278925,0,0,0,110,0,0,0
14,5,5,2839.60832,737.458355544414,0,0,0,136,0,0,0
14,5,6,2839.1536,984.858256378984,0,0,0,106,0,0,0
14,5,7,20190.5269759997,9904.19615292396,28,0,0,192,0,0,0
14,5,8,0,6,0,0,0,0,0,0,0
14,6,1,2865.78144,1069.50929324939,0,0,0,123,0,0,0
14,6,2,2826.63552000001,1739.32718301132,0,0,0,55,0,0,0
14,6,3,2790.4846592,671.327481918467,0,0,0,106,0,0,0
14,6,4,2813.78528,560.03065556713,0,0,0,72,0,0,0
14,6,5,2839.37184,1155.93719699986,0,0,0,73,0,0,0
14,6,6,2843.3744,1031.10469369522,0,0,0,98,0,0,0
14,6,7,20192.9528191996,10582.5700171585,21,0,0,289,0,0,0
14,6,8,0,6,0,0,0,0,0,0,0
14,7,1,2870.092416,1238.0558850387,0,0,0,106,0,0,0
14,7,2,2847.88128000001,1566.89553352444,0,0,0,173,0,0,0
14,7,3,2786.88623104,1199.12376324303,0,0,0,67,0,0,0
14,7,4,2807.604224,1172.10055027167,0,0,0,56,0,0,0
14,7,5,2847.41248,1114.1471074595,0,0,0,115,0,0,0
14,7,6,2848.00166400001,1889.90482784004,0,0,0,103,0,0,0
14,7,7,20174.2369791995,12690.0944722771,23,0,0,198,0,0,4
14,7,8,0,6,0,0,0,0,0,0,0
14,8,1,2874.887296,1563.54332508413,0,0,0,123,0,0,0
14,8,2,2861.05076480001,882.639000707,0,0,0,156,0,0,0
14,8,3,2792.46671104001,1154.93389533465,0,0,0,119,0,0,0
14,8,4,2810.706944,1905.95259826746,0,0,0,117,0,0,0
14,8,5,2849.74688,1289.23059929789,0,0,0,111,0,0,0
14,8,6,2869.1687808,913.318335836324,0,0,0,188,0,0,0
14,8,7,20147.7483391995,5007.95768718836,0,48,0,221,0,0,0
14,8,8,0,6,0,0,0,0,0,0,0
14,9,1,2869.6651392,595.311679340275,0,82,0,66,0,0,0
14,9,2,2855.08308480001,358.648456350318,0,20,0,66,0,0,0
14,9,3,2781.87528704001,1376.70942099568,0,41,0,70,0,0,0
14,9,4,2810.212032,1539.76141314653,0,72,0,111,0,0,0
14,9,5,2843.122304,519.125112888329,0,58,0,65,0,0,0
14,9,6,2858.54932480001,1011.40134181608,0,41,0,46,0,0,0
14,9,7,20129.6971391995,7657.44208475481,0,221,0,257,0,0,0
14,9,8,0,6,0,0,0,0,0,0,0
14,10,1,2868.6377984,1414.74146157344,0,0,0,59,0,0,0
14,10,2,2850.47630080001,1759.13492866623,0,0,0,35,0,0,0
14,10,3,2793.06152704001,551.958754512219,0,0,0,137,0,0,0
14,10,4,2831.803712,620.444266767368,0,0,0,153,0,0,0
14,10,5,2842.966016,534.295673409765,0,0,0,51,0,0,0
14,10,6,2869.62458880001,1377.1832254117,0,0,0,101,0,0,0
14,10,7,20136.0315391995,9771.47823034519,26,0,0,192,0,0,0
14,10,8,0,6,0,0,0,0,0,0,0
14,11,1,2889.3878016,1369.05454127725,0,0,0,141,0,0,0
14,11,2,2885.82378496001,1160.39088036305,0,0,0,175,0,0,0
14,11,3,2794.16971724801,1092.15297677522,0,0,0,55,0,0,0
14,11,4,2833.8605952,1025.1306571022,0,0,0,62,0,0,0
14,11,5,2842.8536832,1630.26245755027,0,0,0,53,0,0,0
14,11,6,2900.21302835201,1549.83256366023,0,0,0,137,0,0,0
14,11,7,20153.9635583994,10525.1535923163,25,0,0,205,0,0,0
14,11,8,0,6,0,0,0,0,0,0,0
14,12,1,2906.90711296001,1242.23525761053,0,0,0,136,0,0,0
14,12,2,2907.78920243201,769.138821828259,0,0,0,116,0,0,0
14,12,3,2806.33205493761,501.86640251711,0,0,0,109,0,0,0
14,12,4,2846.7005952,2003.25570116651,0,0,0,102,0,0,0
14,12,5,2864.22426880001,915.733857433176,0,0,0,163,0,0,0
14,12,6,2931.14742538241,1148.56376267046,0,0,0,154,0,0,0
14,12,7,20174.2415462393,5380.63514490131,26,0,0,212,0,0,0
14,12,8,0,6,0,0,0,0,0,0,0
14,13,1,2919.82795776001,883.755306699811,0,0,0,124,0,0,0
14,13,2,2907.82726963201,629.421488562984,0,0,0,76,0,0,0
14,13,3,2804.11983093761,1103.46233854464,0,0,0,50,0,0,0
14,13,4,2871.92299520001,760.581982690845,0,0,0,200,0,0,0
14,13,5,2865.43171072001,749.31144720232,0,0,0,91,0,0,0
14,13,6,2946.80459018241,856.659891796834,0,0,0,114,0,0,0
14,13,7,20174.1891302393,4507.98827025218,38,0,0,194,0,0,0
14,13,8,0,6,0,0,0,0,0,0,0
14,14,1,2908.32744960001,620.332744589067,62,0,0,26,0,0,0
14,14,2,2898.82474035201,522.564863471528,34,0,0,28,0,0,0
14,14,3,2797.12783093762,1121.26274220673,62,0,0,48,0,0,0
14,14,4,2862.70673920001,891.949571367425,48,0,0,28,0,0,0
14,14,5,2859.75881472001,963.687506843212,31,0,0,43,0,0,0
14,14,6,2945.52656138241,961.24068335542,39,0,0,46,0,0,0
14,14,7,20182.6074470392,9020.63440963145,227,0,0,223,0,0,0
14,14,8,0,6,0,0,0,0,0,0,0
14,15,1,2906.75310080001,1279.09732114102,0,0,0,62,0,0,0
14,15,2,2896.15027466241,573.285505339576,0,0,0,52,0,0,0
14,15,3,2804.30550773762,1481.77724572151,0,0,0,112,0,0,0
14,15,4,2863.95467520001,1645.50890170153,0,0,0,89,0,0,0
14,15,5,2861.29993216001,1761.31009134679,0,0,0,96,0,0,0
14,15,6,2952.70108938241,707.074596481763,0,0,0,96,0,0,0
14,15,7,20161.2100198391,5740.74397520481,44,0,0,180,0,0,0
14,15,8,0,6,0,0,0,0,0,0,0
14,16,1,2922.96876800002,856.05612131907,0,0,0,127,0,0,0
14,16,2,2886.57011466241,1128.10850024505,0,0,0,57,0,0,0
14,16,3,2825.77918453761,1327.91792785312,0,0,0,148,0,0,0
14,16,4,2883.36340480001,1396.22983064186,0,0,0,162,0,0,0
14,16,5,2885.79192064001,786.630084324376,0,0,0,176,0,0,0
14,16,6,2949.70051338241,583.969482204759,0,0,0,70,0,0,0
14,16,7,20146.986943999,6777.61101130261,90,0,0,198,0,0,0
14,16,8,0,6,0,0,0,0,0,0,0
14,17,1,2922.31351705602,1452.96480046897,0,0,0,85,0,0,0
14,17,2,2893.54652426241,1717.12948890562,0,0,0,112,0,0,0
14,17,3,2837.30043893762,994.410136426869,0,0,0,132,0,0,0
14,17,4,2896.98558720001,1468.88396186495,0,0,0,139,0,0,0
14,17,5,2879.39363532801,1666.95173875833,0,0,0,78,0,0,0
14,17,6,2951.83107186689,341.441572355,0,0,0,58,0,0,0
14,17,7,20118.5977599989,8460.87595116076,56,0,0,178,0,0,0
14,17,8,0,6,0,0,0,0,0,0,0
14,18,1,2946.66455961602,1622.16878942738,0,0,0,145,0,0,0
14,18,2,2913.75043850241,909.950435244234,0,0,0,171,0,0,0
14,18,3,2843.89882357762,539.066729113629,0,0,0,99,0,0,0
14,18,4,2913.03352268801,1287.42098423741,0,0,0,146,0,0,0
14,18,5,2908.96955545601,1255.05481270438,0,0,0,166,0,0,0
14,18,6,2939.04129906689,759.354966587972,0,0,0,34,0,0,0
14,18,7,20102.1476505589,5460.46207828039,0,46,0,180,0,0,0
14,18,8,0,6,0,0,0,0,0,0,0
14,19,1,2937.14248345602,1103.22815825456,0,96,0,66,0,0,0
14,19,2,2896.70496317441,1162.69018275484,0,44,0,46,0,0,0
14,19,3,2824.38128742401,963.046138852638,0,34,0,19,0,0,0
14,19,4,2904.44419328002,1916.64828207446,0,59,0,69,0,0,0
14,19,5,2897.02529689601,1586.44647110119,0,73,0,52,0,0,0
14,19,6,2928.07378290689,1212.43030138148,0,41,0,34,0,0,0
14,19,7,20084.0809907188,3415.23017949285,0,207,0,217,0,0,9
14,19,8,0,6,0,0,0,0,0,0,0
14,20,1,2945.61739161602,1561.24558028214,0,0,0,110,0,0,0
14,20,2,2908.13781882881,1133.46371961083,0,0,0,116,0,0,0
14,20,3,2829.66172211201,1596.64049255753,0,0,0,96,0,0,0
14,20,4,2929.52808960001,1210.75072344802,0,0,0,188,0,0,0
14,20,5,2920.37495705601,837.337312084456,0,0,0,158,0,0,0
14,20,6,2942.24824690689,1131.38478270236,0,0,0,121,0,0,0
14,20,7,20086.6778931188,12254.3793749853,33,0,0,192,0,0,0
14,20,8,0,6,0,0,0,0,0,0,0
14,21,1,2964.69935042562,846.192989271369,0,0,0,156,0,0,0
14,21,2,2914.20274954241,1059.49053164815,0,0,0,113,0,0,0
14,21,3,2847.28675932161,1214.45343356168,0,0,0,159,0,0,0
14,21,4,2943.10458931202,900.545657179467,0,0,0,121,0,0,0
14,21,5,2925.65704038401,1640.32538288193,0,0,0,83,0,0,0
14,21,6,2955.78505330689,660.812369691582,0,0,0,113,0,0,0
14,21,7,20097.9600639988,7423.73448743958,30,0,0,255,0,0,0
14,21,8,0,6,0,0,0,0,0,0,0
14,22,1,2964.51799633922,1544.08513850843,0,0,0,84,0,0,0
14,22,2,2920.03969415169,1370.44797619894,0,0,0,105,0,0,0
14,22,3,2858.45103605761,895.669844331476,0,0,0,121,0,0,0
14,22,4,2947.34625075202,1700.1250407766,0,0,0,90,0,0,0
14,22,5,2951.16670525441,942.395972260478,0,0,0,164,0,0,0
14,22,6,2960.13939314689,1529.85142913702,0,0,0,66,0,0,0
14,22,7,20099.9655807988,5787.09028124102,98,0,0,210,0,0,0
14,22,8,0,6,0,0,0,0,0,0,0
14,23,1,2973.89831249922,1652.24902043627,11,0,0,129,0,0,0
14,23,2,2929.43616339969,699.091692162382,0,0,0,137,0,0,0
14,23,3,2859.05162485761,872.411205101612,0,0,0,89,0,0,0
14,23,4,2960.41995509761,1562.83452308772,13,0,0,140,0,0,0
14,23,5,2955.50138224641,1494.60859703204,0,0,0,94,0,0,0
14,23,6,2974.93194610689,1673.16070199502,9,0,0,130,0,0,0
14,23,7,20114.9708415987,4247.71333355591,155,0,0,221,0,0,0
14,23,8,0,6,0,0,0,0,0,0,0
14,24,1,2976.48243077122,894.176780039557,24,0,0,112,0,0,0
14,24,2,2923.15974432769,647.645484690156,0,0,0,69,0,0,0
14,24,3,2858.95634165761,719.657234923805,0,0,0,87,0,0,0
14,24,4,2971.50131712001,880.464048345051,3,0,0,147,0,0,0
14,24,5,2973.48063088641,897.87761720383,6,0,0,136,0,0,0
14,24,6,3000.44605810689,1777.24860557991,1,0,0,165,0,0,0
14,24,7,20119.7614591987,5196.07430714249,119,0,0,162,0,0,0
14,24,8,0,6,0,0,0,0,0,0,0
14,25,1,2984.09391400962,1233.59038131809,0,0,0,89,0,0,0
14,25,2,2914.57193760769,1414.15140737806,0,0,0,64,0,0,0
14,25,3,2855.28054689793,1286.55554650588,0,0,0,71,0,0,0
14,25,4,2974.70653315074,714.594680983561,0,0,0,88,0,0,0
14,25,5,2991.18920194049,1646.26451866014,0,0,0,89,0,0,0
14,25,6,3033.5000950989,1768.41336561257,0,0,0,177,0,0,0
14,25,7,20150.586882661,8309.74995641115,54,0,0,193,0,0,0
14,25,8,0,6,0,0,0,0,0,0,0
14,26,1,2985.10778603522,910.547126253811,0,0,0,123,0,0,0
14,26,2,2916.97082959464,1383.19386663957,0,0,0,141,0,0,0
14,26,3,2853.38091118593,1546.438702258,0,0,0,128,0,0,0
14,26,4,2971.00627587073,1133.48876352411,0,0,0,71,0,0,0
14,26,5,3007.52024283137,1104.59811409943,0,0,0,164,0,0,0
14,26,6,3060.4925093069,2183.46648933848,0,0,0,176,0,0,0
14,26,7,20149.191749221,8433.59121091677,39,0,0,183,0,0,0
14,26,8,0,6,0,0,0,0,0,0,0
14,27,1,2989.96987176962,1209.21205644639,0,0,0,91,0,0,0
14,27,2,2923.94298469992,1012.30705140414,0,0,0,138,0,0,0
14,27,3,2866.11412641793,1541.94277921892,0,0,0,154,0,0,0
14,27,4,2970.24324790274,958.148481896552,0,0,0,113,0,0,0
14,27,5,3015.26676955137,1537.69527763215,0,0,0,110,0,0,0
14,27,6,3100.06755271067,1585.92052856113,0,0,0,212,0,0,0
14,27,7,20148.4982873074,11045.3916145275,0,47,0,187,0,0,0
14,27,8,0,6,0,0,0,0,0,0,0
14,28,1,2968.65852958722,992.530972016754,0,92,0,28,0,0,0
14,28,2,2907.52963979265,930.761971857651,0,57,0,44,0,0,0
14,28,3,2856.48075241064,1319.95827360591,0,82,0,72,0,0,0
14,28,4,2949.54403960834,1439.18756970195,0,51,0,44,0,0,0
14,28,5,3013.71965434594,1148.90978408043,0,77,0,76,0,0,0
14,28,6,3102.47316167067,844.822386025913,0,74,0,84,0,0,0
14,28,7,20208.7184925313,6895.98568153799,0,529,0,513,0,0,0
14,28,8,0,6,0,0,0,0,0,0,0
14,29,1,2980.49128325122,1056.99384967006,0,0,0,99,0,0,0
14,29,2,2916.63571587073,1335.17403986953,0,0,0,93,0,0,0
14,29,3,2868.98874469992,1487.41937254425,0,0,0,131,0,0,0
14,29,4,2971.71070248961,670.027855706188,0,0,0,143,0,0,0
14,29,5,3030.29167190754,1211.82797101694,0,0,0,114,0,0,0
14,29,6,3124.90714823067,1429.62703478137,0,0,0,84,0,0,0
14,29,7,20248.1057355393,4206.94316231512,34,0,0,184,0,0,0
14,29,8,0,6,0,0,0,0,0,0,0
14,30,1,2987.64234731522,1159.7567968879,0,0,0,105,0,0,0
14,30,2,2926.69728387073,1129.00036092247,0,0,0,133,0,0,0
14,30,3,2882.15188735592,1234.97959436412,0,0,0,148,0,0,0
14,30,4,2971.80769964033,854.353265001854,0,0,0,67,0,0,0
14,30,5,3049.58033937532,1016.21823155621,0,0,0,121,0,0,0
14,30,6,3147.41804282268,1054.21869878059,1,0,0,139,0,0,0
14,30,7,20273.5770315393,8174.96452036715,69,0,0,169,0,0,0
14,30,8,0,6,0,0,0,0,0,0,0
14,31,1,2994.31955947522,1351.81981276882,0,0,0,115,0,0,0
14,31,2,2929.50622502913,1733.50915301994,0,0,0,112,0,0,0
14,31,3,2891.29895585384,743.743825702325,0,0,0,123,0,0,0
14,31,4,2976.70887299073,1312.35751201859,0,0,0,85,0,0,0
14,31,5,3057.55450852787,1305.55563862621,0,0,0,101,0,0,0
14,31,6,3162.99350522267,2111.09557052688,0,0,0,105,0,0,0
14,31,7,20325.3935256193,12447.1336565713,28,0,0,292,0,0,0
14,31,8,0,6,0,0,0,0,0,0,0
14,32,1,3006.71676381828,1753.9794226986,0,0,0,135,0,0,0
14,32,2,2948.63281823418,1166.76278251639,0,0,0,173,0,0,0
14,32,3,2891.40754735106,1339.77570155258,0,0,0,74,0,0,0
14,32,4,2989.57638426625,1403.2192583592,0,0,0,131,0,0,0
14,32,5,3070.70884324787,750.974026505328,0,0,0,130,0,0,0
14,32,6,3201.92090106267,1829.78810696131,0,0,0,187,0,0,0
14,32,7,20367.0679704193,11306.6358772102,29,0,0,243,0,0,0
14,32,8,0,6,0,0,0,0,0,0,0
14,33,1,3030.81460154602,956.604145021665,0,0,0,175,0,0,0
14,33,2,2955.85972201146,579.229602209219,0,0,0,116,0,0,0
14,33,3,2896.11706451314,955.600165569405,0,0,0,133,0,0,0
14,33,4,3007.33487321089,2167.83184189611,0,0,0,140,0,0,0
14,33,5,3077.89411863987,1717.48226752434,0,0,0,75,0,0,0
14,33,6,3234.79347501467,924.952329663162,0,0,0,182,0,0,0
14,33,7,20407.4697121409,9840.20304055546,29,0,0,215,0,0,0
14,33,8,0,6,0,0,0,0,0,0,0
14,34,1,3036.03742169732,957.262787513606,0,0,0,95,0,0,0
14,34,2,2948.25376625133,2156.91868942282,0,0,0,57,0,0,0
14,34,3,2896.84422612338,1565.93732355885,0,0,0,95,0,0,0
14,34,4,3026.99144644609,1851.62486634853,7,0,0,160,0,0,0
14,34,5,3114.75840010745,752.275668248267,0,0,0,171,0,0,0
14,34,6,3251.1835722064,1610.39149787427,0,0,0,92,0,0,0
14,34,7,20435.1489405569,11640.4485029375,107,0,0,180,0,0,1
14,34,8,0,6,0,0,0,0,0,0,0
14,35,1,3035.31920448132,1440.10316810864,0,0,0,95,0,0,0
14,35,2,2967.65617697998,1172.92495398523,0,0,0,203,0,0,0
14,35,3,2907.21698252981,364.900479614811,0,0,0,156,0,0,0
14,35,4,3048.94339909224,708.08652706017,0,0,0,185,0,0,0
14,35,5,3112.82733220345,1312.19498412125,0,0,0,75,0,0,0
14,35,6,3281.15426583841,1316.56697795572,0,0,0,161,0,0,0
14,35,7,20456.4196897409,7186.04525644686,64,0,0,203,0,0,0
14,35,8,0,6,0,0,0,0,0,0,0
14,36,1,3053.73261588223,1927.21848203347,12,0,0,122,0,0,0
14,36,2,2986.23778968618,903.266020019893,0,0,0,117,0,0,0
14,36,3,2895.36419948316,1092.28620186232,0,0,0,36,0,0,0
14,36,4,3047.39847267452,1296.15303412549,1,0,0,69,0,0,0
14,36,5,3135.55672016107,833.905963328873,0,0,0,131,0,0,0
14,36,6,3318.25697484327,1858.75119165818,0,0,0,131,0,0,0
14,36,7,20540.2006163891,7028.67552639191,225,0,0,313,0,0,0
14,36,8,0,6,0,0,0,0,0,0,0
14,37,1,3055.94304739398,1023.93867254767,59,0,0,110,0,0,0
14,37,2,2973.42657505937,1341.72700166954,0,0,0,90,0,0,0
14,37,3,2888.08366955906,959.049429017945,0,0,0,109,0,0,0
14,37,4,3045.23270448252,762.725164454159,1,0,0,128,0,0,0
14,37,5,3128.29687039211,1370.7613559624,0,0,0,83,0,0,0
14,37,6,3340.26399176231,1743.07372521255,24,0,0,152,0,0,0
14,37,7,20596.7803472307,9207.00856871931,286,0,0,300,0,0,2
14,37,8,0,6,0,0,0,0,0,0,0
14,38,1,3075.08237596464,721.000915840511,0,0,0,102,0,0,0
14,38,2,2998.00347649214,855.477166605163,0,0,0,134,0,0,0
14,38,3,2882.61618786731,613.045942522928,0,0,0,95,0,0,0
14,38,4,3035.31009195689,519.416380685624,0,0,0,76,0,0,0
14,38,5,3152.68654869431,1019.6034256458,0,0,0,137,0,0,0
14,38,6,3398.78401539583,1042.18358968847,0,0,0,174,0,0,0
14,38,7,20653.9182026982,5336.61932726992,76,0,0,167,0,0,0
14,38,8,0,6,0,0,0,0,0,0,0
14,39,1,3068.25135756612,598.254036693225,0,28,0,44,0,0,0
14,39,2,2977.0758219029,1758.3230765983,0,42,0,43,0,0,0
14,39,3,2846.68418115634,1006.6940398876,0,35,0,26,0,0,0
14,39,4,3010.9223770987,1252.57233879658,0,17,0,34,0,0,0
14,39,5,3143.70181642044,946.688799375893,0,47,0,54,0,0,0
14,39,6,3398.34944525823,698.459536371147,0,53,0,51,0,0,0
14,39,7,20722.2870270592,4567.20698688817,1,237,0,237,0,0,0
14,39,8,0,6,0,0,0,0,0,0,0
14,40,1,3054.65852260553,886.270296144676,0,0,0,59,0,0,0
14,40,2,2987.04501090895,1104.15241995775,0,0,0,175,0,0,0
14,40,3,2839.14419298354,1456.34843977252,0,0,0,100,0,0,0
14,40,4,3005.15897230785,1456.78723840484,0,0,0,125,0,0,0
14,40,5,3149.99208627291,782.056118128576,0,0,0,94,0,0,0
14,40,6,3411.00448069529,1922.80756778807,0,0,0,69,0,0,0
14,40,7,20756.5709638272,8039.71936127748,30,0,0,164,0,0,0
14,40,8,0,6,0,0,0,0,0,0,0
14,41,1,3048.44374371325,1479.1188827605,0,0,0,88,0,0,0
14,41,2,2984.36182782117,1122.86192366794,0,0,0,110,0,0,0
14,41,3,2830.29204061848,894.940438241219,0,0,0,145,0,0,0
14,41,4,3004.24259931585,1915.17946829484,0,0,0,145,0,0,0
14,41,5,3148.58266034881,1573.80975604655,0,0,0,78,0,0,0
14,41,6,3449.74368044052,935.361969939544,0,0,0,192,0,0,0
14,41,7,20793.8783630975,5368.1217278949,28,0,0,205,0,0,0
14,41,8,0,6,0,0,0,0,0,0,0
14,42,1,3055.99608346117,900.884010861993,0,0,0,147,0,0,0
14,42,2,2973.71817997498,613.74520153221,0,0,0,112,0,0,0
14,42,3,2815.90926777025,1702.6701526407,0,0,0,89,0,0,0
14,42,4,3010.69006388673,806.591152750102,13,0,0,151,0,0,0
14,42,5,3159.36496582869,883.1946425808,0,0,0,157,0,0,0
14,42,6,3461.46737687572,1221.66731330172,0,0,0,93,0,0,0
14,42,7,20807.8910916019,5189.1467106869,125,0,0,146,0,0,0
14,42,8,0,6,0,0,0,0,0,0,0
14,43,1,3037.65671837962,1831.57245261984,0,47,0,43,0,0,0
14,43,2,2937.03534774428,631.21439629949,0,32,0,29,0,0,0
14,43,3,2793.69356096111,1071.52802434927,0,103,0,67,0,0,0
14,43,4,2986.3381768585,1950.49006733319,0,44,0,36,0,0,0
14,43,5,3142.54693152162,1418.35342844971,0,40,0,48,0,0,0
14,43,6,3455.95014566932,663.74918366951,0,68,0,54,0,0,0
14,43,7,20836.4393356723,3595.00239760818,5,184,0,195,0,0,0
14,43,8,0,6,0,0,0,0,0,0,0
14,44,1,3048.6665295294,1077.6104925139,0,0,0,182,0,0,0
14,44,2,2928.5086489206,678.518463844883,0,0,0,63,0,0,0
14,44,3,2788.98257787077,1049.84296394347,0,0,0,107,0,0,0
14,44,4,3000.19832064981,834.499065244673,7,0,0,160,0,0,0
14,44,5,3158.0866593561,1145.28470484121,0,0,0,141,0,0,0
14,44,6,3456.39907443732,1340.22610891814,0,0,0,66,0,0,0
14,44,7,20871.1272254079,11302.6354780789,34,0,0,196,0,0,0
14,44,8,0,6,0,0,0,0,0,0,0
14,45,1,3046.72728396399,1772.97877043009,0,0,0,107,0,0,0
14,45,2,2912.86259280028,927.309824771607,0,0,0,67,0,0,0
14,45,3,2785.56037609328,1146.42327303239,0,0,0,104,0,0,0
14,45,4,2993.5910124683,1319.67659044194,0,0,0,83,0,0,0
14,45,5,3166.52235964896,1983.80338835735,0,0,0,114,0,0,0
14,45,6,3482.65354929171,1561.56629944475,0,0,0,134,0,0,0
14,45,7,20918.1006183408,12923.8564983167,31,0,0,238,0,0,0
14,45,8,0,6,0,0,0,0,0,0,0
14,46,1,3056.60380019694,991.703603236582,0,0,0,177,0,0,0
14,46,2,2898.08432610337,1598.84942134874,0,0,0,92,0,0,0
14,46,3,2782.43355459915,1101.08024063493,0,0,0,114,0,0,0
14,46,4,2994.33820273932,1393.24558631929,0,0,0,131,0,0,0
14,46,5,3186.61088620928,489.606752947916,0,0,0,198,0,0,0
14,46,6,3505.10907359739,1112.65310081658,0,0,0,156,0,0,0
14,46,7,20950.3199207573,5853.52923851804,30,0,0,211,0,0,0
14,46,8,0,6,0,0,0,0,0,0,0
14,47,1,3047.00703771384,1219.33813833116,0,0,0,99,0,0,0
14,47,2,2908.30425852607,1765.4296541288,0,0,0,159,0,0,0
14,47,3,2772.36105506305,482.219673773881,0,0,0,110,0,0,0
14,47,4,3001.17076679702,654.260745379021,0,0,0,139,0,0,0
14,47,5,3179.72370170244,1175.99075735977,0,0,0,48,0,0,0
14,47,6,3524.70397807099,1399.11663587957,0,0,0,111,0,0,0
14,47,7,20984.8235505813,5384.71093338532,0,48,0,229,0,0,0
14,47,8,0,6,0,0,0,0,0,0,0
14,48,1,3033.77651954181,946.272589519064,0,66,0,55,0,0,0
14,48,2,2906.49676160999,1298.75828841151,0,79,0,97,0,0,0
14,48,3,2747.74771508327,1578.32727115955,0,28,0,20,0,0,0
14,48,4,2976.39226410186,1400.21742968834,0,41,0,24,0,0,0
14,48,5,3179.72942819746,1308.61247117057,0,52,0,65,0,0,0
14,48,6,3535.99936944635,2002.37416648909,0,68,0,71,0,0,0
14,48,7,21057.5411633547,12584.314137527,0,291,0,247,0,0,0
14,48,8,0,6,0,0,0,0,0,0,0
14,49,1,3037.12389942381,463.080347026348,0,0,0,94,0,0,0
14,49,2,2914.3977111538,1095.56391818628,0,0,0,129,0,0,0
14,49,3,2754.12557056469,431.737102940197,0,0,0,157,0,0,0
14,49,4,2984.70912671583,1468.91036273314,0,0,0,140,0,0,0
14,49,5,3195.95640323765,1271.8295979439,0,0,0,130,0,0,0
14,49,6,3579.22364695035,734.544951566645,0,0,0,200,0,0,0
14,49,7,21097.5788542347,7609.58533544707,24,2,0,231,0,0,0
14,49,8,0,6,0,0,0,0,0,0,0
14,50,1,3029.26054053383,1377.70932324364,0,0,0,46,0,0,0
14,50,2,2918.46290509617,1208.65036046262,0,0,0,109,0,0,0
14,50,3,2739.77399770503,661.562740561026,0,0,0,43,0,0,0
14,50,4,3004.39911544999,1266.56641290131,0,0,0,146,0,0,0
14,50,5,3221.05103793026,1619.19506918382,0,0,0,127,0,0,0
14,50,6,3599.34148714266,1029.46624296571,0,0,0,73,0,0,0
14,50,7,21139.0180279895,6699.19507454365,66,0,0,188,0,0,0
14,50,8,0,6,0,0,0,0,0,0,0
14,51,1,3041.87864268935,823.870668128298,4,0,0,128,0,0,0
14,51,2,2915.77238242204,1359.98580788357,0,0,0,120,0,0,0
14,51,3,2738.56021464455,1015.01484156268,0,0,0,66,0,0,0
14,51,4,3024.72942427092,1554.21565816702,0,0,0,126,0,0,0
14,51,5,3256.10011044402,1083.27638762835,2,0,0,156,0,0,0
14,51,6,3624.63793230413,1168.04455216216,0,0,0,102,0,0,0
14,51,7,21180.0964950861,8400.51990667241,147,2,0,172,0,0,4
14,51,8,0,6,0,0,0,0,0,0,0
14,52,1,3032.60148678726,824.532267855219,0,0,0,82,0,0,0
14,52,2,2913.94627882441,978.158580519545,0,0,0,135,0,0,0
14,52,3,2734.55457121523,1643.12259169279,0,0,0,101,0,0,0
14,52,4,3042.70619124951,1646.3697231857,0,0,0,155,0,0,0
14,52,5,3274.08099481743,1664.31422383387,0,0,0,108,0,0,0
14,52,6,3648.8921543036,1320.85430874731,0,0,0,116,0,0,0
14,52,7,21218.2451480462,3477.64903768798,59,0,0,194,0,0,1
14,52,8,0,6,0,0,0,0,0,0,0
14,53,1,3007.75216898137,1358.57419080684,74,0,0,8,0,0,0
14,53,2,2889.86684055111,879.348870392304,49,0,0,48,0,0,0
14,53,3,2724.35990409201,1720.07603102837,82,0,0,82,0,0,0
14,53,4,3050.19228274306,1236.18476071083,68,0,0,96,0,0,0
14,53,5,3274.5627245489,1208.38463096819,84,0,0,82,0,0,0
14,53,6,3655.67865537445,1943.71114585365,60,0,0,72,0,0,0
14,53,7,21250.6301084763,7147.38050435129,160,0,0,187,0,0,0
14,53,8,0,6,0,0,0,0,0,0,0
14,54,1,3019.81166735567,1160.98811199546,0,0,0,135,0,0,0
14,54,2,2887.48156884642,1592.57826464658,0,0,0,87,0,0,0
14,54,3,2747.22360656352,438.123269061607,0,0,0,172,0,0,0
14,54,4,3068.09519114169,1915.04516324217,0,0,0,123,0,0,0
14,54,5,3309.07819950925,1937.28487589904,0,0,0,120,0,0,0
14,54,6,3699.16183467753,1827.69909338105,0,0,0,189,0,0,0
14,54,7,21255.0870900981,6237.70877469337,39,0,0,180,0,0,0
14,54,8,0,6,0,0,0,0,0,0,0
14,55,1,2997.11411990997,984.535094385323,0,75,0,41,0,0,0
14,55,2,2881.97947223049,426.303920983398,0,76,0,83,0,0,0
14,55,3,2725.24111674898,782.829926261249,0,27,0,16,0,0,0
14,55,4,3076.08547642777,1201.05328517413,0,98,0,93,0,0,0
14,55,5,3317.54921443862,1506.70920704686,0,96,0,97,0,0,0
14,55,6,3699.78136122916,2198.96502228685,0,114,0,68,0,0,0
14,55,7,21320.6843568438,5301.06800951054,0,311,0,312,0,0,0
14,55,8,0,6,0,0,0,0,0,0,0
14,56,1,3005.84614888315,1185.44276989199,0,0,0,98,0,0,0
14,56,2,2878.72308019276,784.980990663081,0,0,0,42,0,0,0
14,56,3,2726.45530595771,983.557806376495,0,0,0,78,0,0,0
14,56,4,3096.59397849672,1159.90147139417,0,0,0,120,0,0,0
14,56,5,3361.62265417317,1851.52285352668,0,0,0,150,0,0,0
14,56,6,3766.43641903693,1104.84968071464,0,0,0,219,0,0,0
14,56,7,21370.2632683746,4696.40173284772,27,0,0,193,0,0,0
14,56,8,0,6,0,0,0,0,0,0,0
14,57,1,3015.01337275841,1060.98523275833,0,0,0,118,0,0,0
14,57,2,2881.97059413286,1035.88959782267,0,0,0,78,0,0,0
14,57,3,2738.68163118691,1275.8679929317,0,0,0,98,0,0,0
14,57,4,3120.50765963062,595.964471611465,0,0,0,115,0,0,0
14,57,5,3413.83130372092,1893.53267260935,0,0,0,183,0,0,0
14,57,6,3799.54750571576,1547.75507444118,0,0,0,110,0,0,0
14,57,7,21439.1543203902,9586.42377071469,29,0,0,274,0,0,0
14,57,8,0,6,0,0,0,0,0,0,0
14,58,1,3025.13412995476,1886.36659313698,0,0,0,106,0,0,0
14,58,2,2879.11907591347,1804.50372284458,0,0,0,103,0,0,0
14,58,3,2749.88046610989,1192.634810842,0,0,0,127,0,0,0
14,58,4,3124.31444659488,1596.18510849516,0,0,0,59,0,0,0
14,58,5,3448.6588177447,1790.09723449717,0,0,0,189,0,0,0
14,58,6,3845.75181560495,1252.58927834606,0,0,0,154,0,0,0
14,58,7,21483.6629462734,11790.1391594672,34,0,0,225,0,0,0
14,58,8,0,6,0,0,0,0,0,0,0
14,59,1,3056.00069051457,901.279932689158,0,0,0,186,0,0,0
14,59,2,2902.56513088653,899.488155185779,0,0,0,180,0,0,0
14,59,3,2767.35247799483,1758.3706606898,0,0,0,119,0,0,0
14,59,4,3158.17262388787,1397.463067926,0,0,0,159,0,0,0
14,59,5,3497.03078884658,1075.50535769068,0,0,0,178,0,0,0
14,59,6,3889.23030013017,1884.03746500416,0,0,0,125,0,0,0
14,59,7,21537.5832316367,8833.53129409413,38,0,0,182,0,0,0
14,59,8,0,6,0,0,0,0,0,0,0
14,60,1,3052.66969922966,462.784047031853,0,0,0,90,0,0,0
14,60,2,2903.60520702545,1010.67995977163,0,0,0,89,0,0,0
14,60,3,2785.79452524089,1214.3493066175,0,0,0,175,0,0,0
14,60,4,3176.05008228236,1290.3377389724,0,0,0,139,0,0,0
14,60,5,3513.45937890632,1154.44275712083,0,0,0,107,0,0,0
14,60,6,3952.24932923112,2102.40279332634,0,0,0,186,0,0,0
14,60,7,21587.9993980349,8529.78057824342,147,0,0,229,0,0,0
14,60,8,0,6,0,0,0,0,0,0,0
14,61,1,3039.9042188218,1529.30250864451,0,0,0,46,0,0,0
14,61,2,2902.55084404647,1629.2065847754,0,0,0,101,0,0,0
14,61,3,2792.53690393922,805.20569004071,0,0,0,121,0,0,0
14,61,4,3199.75666697217,1049.64888356534,0,0,0,129,0,0,0
14,61,5,3527.61878379012,1490.02631866281,0,0,0,115,0,0,0
14,61,6,3993.5423653688,1565.78553091226,14,0,0,163,0,0,0
14,61,7,21623.5533152128,11306.1335215588,192,0,0,204,0,0,33
14,61,8,0,6,0,0,0,0,0,0,0
14,62,1,3058.71948492387,1624.82455707798,0,0,0,152,0,0,0
14,62,2,2924.69550515594,1642.61198156936,0,0,0,162,0,0,0
14,62,3,2796.59466210383,1824.3033234615,0,0,0,80,0,0,0
14,62,4,3206.68757038754,1396.2399893866,0,0,0,104,0,0,0
14,62,5,3558.32070565274,911.717158455429,0,0,0,149,0,0,0
14,62,6,4041.50945586642,1434.71696702484,0,0,0,156,0,0,0
14,62,7,21669.1633664963,7437.39704770713,72,0,0,195,0,0,0
14,62,8,0,6,0,0,0,0,0,0,0
14,63,1,3085.91040028371,1189.29933141367,19,0,0,122,0,0,0
14,63,2,2960.73048319719,2188.36511192457,2,0,0,159,0,0,0
14,63,3,2819.0607640788,988.610871046843,19,0,0,142,0,0,0
14,63,4,3245.19574016593,960.564031584507,0,0,0,138,0,0,0
14,63,5,3582.24541666152,1586.07136145695,0,0,0,91,0,0,0
14,63,6,4115.87460542358,1792.20643249472,0,0,0,143,0,0,0
14,63,7,21803.9247626983,4303.20691048732,208,0,0,306,0,0,0
14,63,8,0,6,0,0,0,0,0,0,0
14,64,1,3059.97783459329,1176.25451053609,116,0,0,2,0,0,0
14,64,2,2953.92417776912,554.693905498524,126,0,0,92,0,0,0
14,64,3,2800.78330429678,1393.83819321315,50,0,0,48,0,0,0
14,64,4,3237.87576945183,544.099429653859,51,0,0,45,0,0,0
14,64,5,3587.02809351022,1573.54257981848,85,0,0,73,0,0,0
14,64,6,4129.83626610664,828.976692092887,96,0,0,83,0,0,0
14,64,7,21876.9586877998,7099.4273962219,194,0,0,236,0,0,0
14,64,8,0,6,0,0,0,0,0,0,0
14,65,1,3091.65421800209,2336.83482539704,0,0,0,117,0,0,0
14,65,2,2959.19089423226,1626.18625154047,0,0,0,55,0,0,0
14,65,3,2823.83477808745,842.119842753028,0,0,0,139,0,0,0
14,65,4,3239.21076370754,1074.8885908095,0,0,0,54,0,0,0
14,65,5,3649.1144991757,1478.15143112626,0,0,0,157,0,0,0
14,65,6,4173.03462501342,2102.71946417413,0,0,0,82,0,0,0
14,65,7,21929.0743396139,4403.71907800075,49,0,0,214,0,0,0
14,65,8,0,6,0,0,0,0,0,0,0
14,66,1,3105.45573566586,1283.3238318903,136,0,0,97,0,0,0
14,66,2,2959.57848317597,1411.40282582364,73,0,0,89,0,0,0
14,66,3,2819.3668454694,900.284673846331,41,0,0,43,0,0,0
14,66,4,3238.31758217726,482.025953253282,71,0,0,36,0,0,0
14,66,5,3664.00751880333,2764.19896756371,61,0,0,86,0,0,0
14,66,6,4200.6424689278,1808.76209752805,88,0,0,122,0,0,0
14,66,7,21947.7429967306,9931.07673707312,204,0,0,236,0,0,0
14,66,8,0,6,0,0,0,0,0,0,0
14,67,1,3131.59174163992,1838.80565495195,0,0,0,128,0,0,0
14,67,2,2995.86395917598,808.971331073857,0,0,0,141,0,0,0
14,67,3,2830.58250855843,1088.2095791622,0,0,0,90,0,0,0
14,67,4,3241.92406372947,985.674472241731,0,0,0,48,0,0,0
14,67,5,3717.91131379211,2033.93803457947,4,0,0,191,0,0,0
14,67,6,4254.2552331382,1568.8601788459,0,0,0,180,0,0,0
14,67,7,21920.4188735407,12668.0649037565,36,0,0,217,0,0,0
14,67,8,0,6,0,0,0,0,0,0,0
14,68,1,3163.89806698549,942.449031289035,0,0,0,183,0,0,0
14,68,2,2999.11884946916,1108.50637938194,0,0,0,80,0,0,0
14,68,3,2843.36181235131,726.685555469896,0,0,0,108,0,0,0
14,68,4,3249.77496335082,1744.73513559355,0,0,0,98,0,0,0
14,68,5,3778.67732047255,3242.20837921029,0,0,0,195,0,0,0
14,68,6,4295.63943356087,2004.86666179171,0,0,0,156,0,0,0
14,68,7,21885.8748079933,10877.1560438729,0,53,0,203,0,0,0
14,68,8,0,6,0,0,0,0,0,0,0
14,69,1,3169.09339779637,1652.75174595754,0,0,0,94,0,0,0
14,69,2,3004.67161344465,1501.43836387087,0,0,0,110,0,0,0
14,69,3,2842.35494576865,1167.68302310309,0,0,0,72,0,0,0
14,69,4,3270.91446328929,1398.61647014033,0,16,0,128,0,0,0
14,69,5,3818.39191064833,1810.55500890637,0,54,0,172,0,0,0
14,69,6,4355.42612479014,1068.53443419531,0,10,0,172,0,0,0
14,69,7,21867.6481850461,10934.9839796696,3,188,0,209,0,0,0
14,69,8,0,6,0,0,0,0,0,0,0
14,70,1,3216.59044336026,1032.30779295593,0,0,0,165,0,0,0
14,70,2,3036.33532811793,1073.29002536525,0,0,0,150,0,0,0
14,70,3,2860.30696218436,1298.79923283827,0,0,0,116,0,0,0
14,70,4,3311.34606148574,1861.78305306678,0,0,0,139,0,0,0
14,70,5,3880.914245538,2047.3182938065,0,0,0,181,0,0,0
14,70,6,4402.67933307733,1201.52687661747,0,0,0,106,0,0,0
14,70,7,21906.3244660737,8460.62856522224,29,0,0,197,0,0,0
14,70,8,0,6,0,0,0,0,0,0,0
14,71,1,3229.5787345977,685.286007718224,0,0,0,103,0,0,0
14,71,2,3045.14873072192,1063.65232054161,0,0,0,107,0,0,0
14,71,3,2882.61543587521,1372.62409237995,0,0,0,129,0,0,0
14,71,4,3353.18615468188,2006.60307697164,0,0,0,186,0,0,0
14,71,5,3931.45184423481,2344.65098259251,0,0,0,158,0,0,5
14,71,6,4444.85130618456,2332.36097623922,0,0,0,120,0,0,0
14,71,7,21915.5640743272,6113.52018595062,29,0,0,232,0,0,0
14,71,8,0,6,0,0,0,0,0,0,0
14,72,1,3210.61444721391,1394.82104896873,0,28,0,40,0,0,0
14,72,2,3034.15882149304,1560.68560860117,0,58,0,48,0,0,0
14,72,3,2881.26820486898,1717.0550174585,0,77,0,60,0,0,0
14,72,4,3369.6461856605,1739.69211591954,0,108,0,92,0,0,0
14,72,5,3961.3067689034,2273.5176592645,0,115,0,119,0,0,0
14,72,6,4478.53308921094,843.982920561933,0,107,0,126,0,0,0
14,72,7,21965.039450954,4091.86879703998,1,258,0,254,0,0,0
14,72,8,0,6,0,0,0,0,0,0,0
14,73,1,3244.39379142863,1126.41409347348,0,0,0,139,0,0,0
14,73,2,3072.22816845609,1138.16146332958,0,0,0,156,0,0,0
14,73,3,2929.82002781349,1445.32414734386,0,0,0,171,0,0,0
14,73,4,3431.04725412272,1087.92032918068,2,0,0,163,0,0,0
14,73,5,4063.15038699241,2287.43674297669,13,0,0,163,0,0,0
14,73,6,4521.17209630532,2218.68426534049,0,0,0,84,0,0,0
14,73,7,22066.4695784892,8420.349383509,44,0,0,205,0,0,0
14,73,8,0,6,0,0,0,0,0,0,0
14,74,1,3259.39352151282,1561.69200759637,0,0,0,112,0,0,0
14,74,2,3096.16407376118,1807.82982436302,0,0,0,113,0,0,0
14,74,3,2969.27850080046,1180.46816987463,0,0,0,144,0,0,0
14,74,4,3474.98273764396,1122.64732205916,0,0,0,108,0,0,0
14,74,5,4155.68987830369,2454.28720365555,0,0,0,206,0,0,0
14,74,6,4610.6256062368,1717.13884284707,0,0,0,216,0,0,0
14,74,7,22132.6085549993,9126.53258899094,21,0,0,288,0,0,0
14,74,8,0,6,0,0,0,0,0,0,0
14,75,1,3287.75860553061,2043.62849833178,0,0,0,156,0,0,0
14,75,2,3142.347666186,1452.78854880877,0,0,0,180,0,0,0
14,75,3,2988.23902439397,1379.59218791856,0,0,0,118,0,0,0
14,75,4,3514.41700565913,1684.44577119372,0,0,0,112,0,0,0
14,75,5,4227.73997945324,2388.09436524231,2,0,0,175,0,0,0
14,75,6,4693.5174574895,2867.52408006574,0,0,0,171,0,0,0
14,75,7,22168.429896468,6328.56501093064,27,0,0,170,0,0,0
14,75,8,0,6,0,0,0,0,0,0,0
14,76,1,3343.99232999915,1557.09085784293,14,0,0,153,0,0,0
14,76,2,3198.40930690975,1450.7060290675,0,0,0,145,0,0,0
14,76,3,3036.75290425834,1303.51226588907,0,0,0,137,0,0,0
14,76,4,3587.55586540643,1388.04369638096,0,0,0,166,0,0,0
14,76,5,4355.77359852343,2024.7841322764,25,0,0,148,0,0,0
14,76,6,4775.07625286027,873.581423703848,36,0,0,155,0,0,0
14,76,7,22254.7316201412,12386.7754602456,125,0,0,181,0,0,0
14,76,8,0,6,0,0,0,0,0,0,0
14,77,1,3375.9834504118,1686.42913406131,0,0,0,155,0,0,0
14,77,2,3223.31522548298,1481.95883290065,0,0,0,145,0,0,0
14,77,3,3065.52530807317,1396.53394951339,0,0,0,130,0,0,0
14,77,4,3617.44396684252,923.31557138799,0,0,0,138,0,0,0
14,77,5,4418.83929934578,2116.12939822095,0,0,0,201,0,0,0
14,77,6,4805.91076663301,2385.83991521685,0,0,0,87,0,0,0
14,77,7,22280.7545405341,5172.87401224544,39,0,0,215,0,0,0
14,77,8,0,6,0,0,0,0,0,0,0
14,78,1,3397.88649806693,1727.72355149458,24,0,0,125,0,0,0
14,78,2,3241.85716013507,1102.48175703485,7,0,0,135,0,0,0
14,78,3,3098.9606374063,1390.57704291321,0,0,0,139,0,0,0
14,78,4,3641.9213139576,1727.20032078569,0,0,0,92,0,0,0
14,78,5,4462.27692262427,2399.14901608548,43,0,0,134,0,0,0
14,78,6,4865.32745260789,1370.96086940923,49,0,0,150,0,0,0
14,78,7,22304.6284105003,13030.0437824055,176,0,0,200,0,0,0
14,78,8,0,6,0,0,0,0,0,0,0
14,79,1,3418.27079261174,1797.71997675718,0,0,0,172,0,0,0
14,79,2,3245.229887657,814.810628734584,0,0,0,110,0,0,0
14,79,3,3112.67351929967,1540.91037981766,0,0,0,139,0,0,0
14,79,4,3678.4317217346,1399.81022211082,0,0,0,172,0,0,0
14,79,5,4539.49217467406,1758.07877988881,0,0,0,229,0,0,0
14,79,6,4907.17894740602,2575.17319236573,0,0,0,137,0,0,0
14,79,7,22323.6362253112,10125.66570185,38,0,0,214,0,0,0
14,79,8,0,6,0,0,0,0,0,0,0
14,80,1,3450.74399745433,1264.64345542472,0,0,0,179,0,0,0
14,80,2,3250.32149648875,1807.68795718242,0,0,0,81,0,0,0
14,80,3,3148.78939557102,809.226965768641,0,0,0,154,0,0,0
14,80,4,3706.61922331178,965.871571226082,0,0,0,139,0,0,0
14,80,5,4607.62135560747,1582.24063754484,0,0,0,175,0,0,0
14,80,6,5049.25938212405,1981.55476338022,0,0,0,237,0,0,3
14,80,7,22372.479574585,12521.0143881204,57,0,0,200,0,0,0
14,80,8,0,6,0,0,0,0,0,0,0
14,81,1,3467.77884574567,902.768826916832,0,0,0,126,0,0,0
14,81,2,3285.04990157449,1169.33841671204,0,0,0,180,0,0,0
14,81,3,3160.07953212406,1643.34179059616,0,0,0,80,0,0,0
14,81,4,3719.28211757869,1502.69118626381,0,0,0,96,0,0,0
14,81,5,4654.8308351988,2168.41640612509,0,0,0,158,0,0,0
14,81,6,5137.03075871199,2786.16819695744,0,0,0,198,0,0,0
14,81,7,22401.2539500016,4725.67317901477,50,0,0,197,0,0,0
14,81,8,0,6,0,0,0,0,0,0,0
14,82,1,3453.61996956073,2164.20507409705,28,0,0,59,0,0,0
14,82,2,3283.1687524243,927.092877567045,34,0,0,79,0,0,0
14,82,3,3172.33156781932,897.8697211752,72,0,0,85,0,0,0
14,82,4,3726.93732868682,1074.4391724558,62,0,0,82,0,0,0
14,82,5,4702.0475519481,1926.93089874319,87,0,0,121,0,0,0
14,82,6,5181.85442858767,1825.00965197288,134,0,0,131,0,0,0
14,82,7,22420.0217164216,9133.7580858087,211,0,0,227,0,0,12
14,82,8,0,6,0,0,0,0,0,0,0
14,83,1,3493.65333554583,1538.91301946398,2,0,0,171,0,0,0
14,83,2,3290.54418736847,1949.71779687892,0,0,0,92,0,0,0
14,83,3,3184.24707248639,1005.44377648556,0,0,0,89,0,0,0
14,83,4,3756.64403813089,1294.4942853326,0,0,0,107,0,0,0
14,83,5,4798.51781709937,2278.27194389427,0,0,0,192,0,0,0
14,83,6,5280.82323448343,2192.27079776614,0,0,0,182,0,0,0
14,83,7,22429.3373600255,14244.9086249344,42,0,0,262,0,0,0
14,83,8,0,6,0,0,0,0,0,0,0
14,84,1,3509.5930821409,1994.04292646169,0,0,0,153,0,0,0
14,84,2,3322.54488884354,931.829901902916,0,0,0,194,0,0,0
14,84,3,3194.11718683108,1633.07873378433,0,0,0,100,0,0,0
14,84,4,3786.18750517086,1541.51041872314,0,0,0,129,0,0,0
14,84,5,4875.37427627701,1957.34547588799,0,1,0,197,0,0,0
14,84,6,5366.93873543793,1830.83480542143,0,0,0,219,0,0,0
14,84,7,22406.7590643103,11082.0921508402,0,38,0,209,0,0,0
14,84,8,0,6,0,0,0,0,0,0,0
14,85,1,3543.64501167424,2427.54170087469,0,2,0,170,0,0,0
14,85,2,3331.63284385839,1357.67347446358,0,0,0,93,0,0,0
14,85,3,3243.58912702221,841.445877270895,0,0,0,163,0,0,0
14,85,4,3831.67839393131,1639.25281035154,0,0,0,154,0,0,0
14,85,5,4968.74684406285,2778.61335896153,0,1,0,173,0,0,0
14,85,6,5504.91879348004,2094.89932293616,0,1,0,171,0,0,0
14,85,7,22426.3818167121,12615.028938513,0,81,0,205,0,0,0
14,85,8,0,6,0,0,0,0,0,0,0
14,86,1,3618.35458499596,1079.37367818605,0,0,0,231,0,0,0
14,86,2,3355.5443584418,1347.71942534372,0,0,0,135,0,0,0
14,86,3,3246.54389937485,1727.63664528166,0,0,0,84,0,0,0
14,86,4,3891.49922004617,1413.59161828228,0,0,0,163,0,0,0
14,86,5,5067.16538588886,2477.30033634168,2,0,0,185,0,0,0
14,86,6,5623.39031121769,1667.64353914255,0,0,0,209,0,0,0
14,86,7,22449.9687746939,12450.8344637813,32,0,0,202,0,0,0
14,86,8,0,6,0,0,0,0,0,0,0
14,87,1,3664.46894161402,1193.30103820781,0,0,0,107,0,0,0
14,87,2,3421.06179910484,1608.35950543417,0,0,0,134,0,0,0
14,87,3,3308.89883859808,1370.29780235208,0,0,0,172,0,0,0
14,87,4,3944.48204682079,1574.60045755256,0,0,0,141,0,0,0
14,87,5,5234.43155338273,2593.23000744306,0,2,0,210,0,0,0
14,87,6,5835.15228616958,2105.42553076433,0,0,0,166,0,0,0
14,87,7,22509.9222528269,6682.39204484842,0,70,0,185,0,0,0
14,87,8,0,6,0,0,0,0,0,0,0
14,88,1,3714.52597835342,1552.53251955429,0,0,0,119,0,0,0
14,88,2,3483.60009796005,1257.12787462641,0,0,0,160,0,0,0
14,88,3,3364.90538421801,934.49339109807,0,0,0,137,0,0,0
14,88,4,4013.18623067809,1546.66011893142,0,0,0,157,0,0,0
14,88,5,5408.3201778778,3433.39939012269,6,0,0,169,0,0,0
14,88,6,5972.71835920534,4059.81232930315,0,0,0,205,0,0,0
14,88,7,22636.2503820523,3419.09429855024,32,0,0,221,0,0,0
14,88,8,0,6,0,0,0,0,0,0,0
14,89,1,3705.8814331249,1338.34125203792,0,63,0,92,0,0,0
14,89,2,3469.5020445313,1343.32855129564,0,70,0,55,0,0,0
14,89,3,3352.79764806212,1036.95968932695,0,43,0,50,0,0,0
14,89,4,4012.71348254483,1430.91326743697,0,72,0,82,0,0,0
14,89,5,5433.33165641378,3186.9811486495,0,189,0,154,0,0,0
14,89,6,6033.57350917375,1194.93445824725,0,187,0,195,0,0,0
14,89,7,22604.2708006097,7008.92761489905,0,161,0,180,0,0,0
14,89,8,0,6,0,0,0,0,0,0,0
14,90,1,3726.33445055686,758.960534131693,0,0,0,133,0,0,0
14,90,2,3501.92340291774,851.292128864125,0,0,0,134,0,0,0
14,90,3,3375.60174626726,598.119748694391,0,0,0,103,0,0,0
14,90,4,4056.97671642041,1262.97777585866,0,0,0,143,0,0,0
14,90,5,5531.44806965799,1627.59342485594,5,0,0,216,0,0,0
14,90,6,6113.60377639067,1729.60923244904,0,0,0,119,0,0,0
14,90,7,22643.2671418664,10931.1677825105,28,0,0,210,0,0,0
14,90,8,0,6,0,0,0,0,0,0,0
14,91,1,3750.38378601032,1439.81765169982,0,0,0,75,0,0,0
14,91,2,3511.95296436876,1031.59597906196,0,0,0,85,0,0,0
14,91,3,3389.18733083025,973.882948821097,0,0,0,59,0,0,0
14,91,4,4112.76312933057,2522.55768658907,0,0,0,126,0,0,0
14,91,5,5646.87327898416,501.650501411185,0,0,0,162,0,0,0
14,91,6,6219.35888260634,2427.76137000514,0,0,0,172,0,0,0
14,91,7,22713.2506324746,14688.2286897584,17,1,0,211,0,0,6
14,91,8,0,6,0,0,0,0,0,0,0
14,92,1,3768.2674852777,1946.23124991993,0,0,0,143,0,0,0
14,92,2,3531.47103124078,2647.80036095792,0,0,0,103,0,0,0
14,92,3,3393.05251081875,2006.38247313751,0,0,0,97,0,0,0
14,92,4,4175.03256995284,1518.03665660695,0,0,0,219,0,0,0
14,92,5,5670.00657145037,2687.01727694803,0,0,0,50,0,0,0
14,92,6,6293.86142181555,2189.89209025424,1,0,0,186,0,0,0
14,92,7,22731.3765578259,12553.6973053392,25,0,0,240,0,0,0
14,92,8,0,6,0,0,0,0,0,0,0
14,93,1,3830.92189814362,1309.77883554638,0,0,0,191,0,0,0
14,93,2,3603.85466413872,1084.84678249312,1,0,0,211,0,0,0
14,93,3,3448.82701832753,1590.37977489522,0,0,0,196,0,0,0
14,93,4,4246.3194378313,2197.094051403,0,0,0,151,0,0,0
14,93,5,5820.2256577589,2541.66615707834,0,0,0,190,0,0,8
14,93,6,6411.74287267308,998.944654548863,1,0,0,176,0,0,0
14,93,7,22792.2466799839,15194.4757991287,36,0,0,179,0,0,0
14,93,8,0,6,0,0,0,0,0,0,0
14,94,1,3845.22785868714,2220.00079277796,0,0,0,130,0,0,0
14,94,2,3610.01304022495,1050.77877927572,0,0,0,108,0,0,0
14,94,3,3467.49101030517,1133.00597550296,0,0,0,159,0,0,0
14,94,4,4307.28843220158,2132.32045792441,0,0,0,212,0,0,0
14,94,5,5879.96843035582,2389.01582681466,2,0,0,188,0,0,0
14,94,6,6435.33264745522,3183.23655336251,0,0,0,99,0,0,0
14,94,7,22819.1489978048,6869.86401820707,40,0,0,245,0,0,0
14,94,8,0,6,0,0,0,0,0,0,0
14,95,1,3890.17876741136,1373.68851206798,72,0,0,121,0,0,0
14,95,2,3611.70827943747,1605.38611974806,2,0,0,102,0,0,0
14,95,3,3493.00498799748,1530.01333131727,0,0,0,113,0,0,0
14,95,4,4363.03498515402,3118.10332879615,50,0,0,143,0,0,0
14,95,5,5996.81676680611,3422.65627490975,79,0,0,128,0,0,0
14,95,6,6522.93642699794,2020.60750029294,123,0,0,146,0,0,0
14,95,7,22845.8298583764,14396.6025275766,181,3,0,170,0,0,21
14,95,8,0,6,0,0,0,0,0,0,0
14,96,1,3909.18569443056,1820.49325280801,0,0,0,137,0,0,0
14,96,2,3630.41466675344,1625.41811340151,0,0,0,160,0,0,0
14,96,3,3514.35862288383,1848.44597411402,0,0,0,153,0,0,0
14,96,4,4425.97205136555,2309.39983019362,2,0,0,250,0,0,0
14,96,5,6078.23207640078,2486.376209227,4,0,0,239,0,0,0
14,96,6,6589.98066051232,2373.1486518272,0,0,0,192,0,0,0
14,96,7,22844.4210762098,5837.97234226649,54,0,0,246,0,0,0
14,96,8,0,6,0,0,0,0,0,0,0
14,97,1,3961.27399674289,2444.70977460724,19,0,0,138,0,0,0
14,97,2,3688.69850200968,1665.08339336792,0,0,0,162,0,0,0
14,97,3,3533.70544991142,1327.89580288393,23,0,0,131,0,0,0
14,97,4,4499.88273181844,1669.35889791311,28,0,0,166,0,0,0
14,97,5,6160.16666304373,2520.84421285116,40,0,0,155,0,0,0
14,97,6,6699.68887537713,1297.05892618961,35,0,0,155,0,0,0
14,97,7,22872.8025043922,10098.122026896,165,0,0,182,0,0,7
14,97,8,0,6,0,0,0,0,0,0,0
14,98,1,4065.45823678161,1844.23925747782,5,0,0,163,0,0,0
14,98,2,3814.34501147404,388.890401803039,0,0,0,166,0,0,0
14,98,3,3606.6020535945,523.461816278112,0,0,0,132,0,0,0
14,98,4,4595.20540537215,2074.3703546374,0,0,0,166,0,0,0
14,98,5,6412.78214057675,2538.89849252501,4,0,0,187,0,0,0
14,98,6,6976.6831724895,2872.34039620256,0,0,0,129,0,0,0
14,98,7,22952.5352408477,13851.0270119019,51,0,0,183,0,0,0
14,98,8,0,6,0,0,0,0,0,0,0
14,99,1,4087.55185601427,2355.62791080804,0,0,0,168,0,0,0
14,99,2,3805.91129317419,1021.21609474637,0,0,0,38,0,0,0
14,99,3,3603.20773806521,1418.68493805844,0,0,0,52,0,0,0
14,99,4,4653.68139471273,2060.80754633813,0,0,0,182,0,0,0
14,99,5,6480.97121486601,2838.55224492737,2,0,0,173,0,0,0
14,99,6,7064.55668340918,3900.50517801838,3,0,0,180,0,0,0
14,99,7,22957.4639011516,7725.31350978995,38,0,0,204,0,0,0
14,99,8,0,6,0,0,0,0,0,0,0
14,100,1,4134.1455693276,1146.45561950384,6,0,0,203,0,0,0
14,100,2,3823.54060635037,1881.77457620554,0,0,0,102,0,0,0
14,100,3,3660.89393316447,1100.04178137957,0,0,0,141,0,0,0
14,100,4,4723.23598943657,1919.30695795227,9,0,0,161,0,0,0
14,100,5,6616.74173739806,2691.68068184801,18,0,0,197,0,0,0
14,100,6,7197.47464539393,3375.86678138897,43,0,0,183,0,0,0
14,100,7,22965.1012308279,10453.3325134594,122,0,0,185,0,0,0
14,100,8,0,6,0,0,0,0,0,0,0
15,1,1,2783.9216,1673.09317100014,0,0,0,9,0,0,0
15,1,2,2798.992,1268.00564352198,0,0,0,98,0,0,0
15,1,3,2784.936,1579.45012736428,0,0,0,29,0,0,0
15,1,4,2797.5696,334.716144068107,0,0,0,98,0,0,0
15,1,5,2799.328,1248.32203915541,0,0,0,90,0,0,0
15,1,6,2792.912,1535.69818011126,0,0,0,95,0,0,0
15,1,7,20348.7679999999,7889.09692770705,0,0,0,92,0,0,0
15,1,8,0,8,0,0,0,41,0,0,0
15,2,1,2808.3216,769.931361870192,0,0,0,167,0,0,0
15,2,2,2810.432,809.681017077979,0,0,0,126,0,0,0
15,2,3,2801.3392,626.449981768946,0,0,0,157,0,0,0
15,2,4,2788.6976,1197.37915161633,0,0,0,33,0,0,0
15,2,5,2810.7696,1496.30971334248,0,0,0,124,0,0,0
15,2,6,2812.9184,1107.42246160888,0,0,0,153,0,0,0
15,2,7,20292.2527999998,13006.4563718009,21,0,0,207,0,0,0
15,2,8,0,8,0,0,0,0,0,0,0
15,3,1,2809.4288,1484.40299427989,0,0,0,76,0,0,0
15,3,2,2816.072,1530.44991707409,0,0,0,80,0,0,0
15,3,3,2796.0112,2181.18605695548,0,0,0,62,0,0,0
15,3,4,2797.1792,1529.27758538233,0,0,0,119,0,0,0
15,3,5,2827.28768,1499.49639711925,0,0,0,149,0,0,0
15,3,6,2825.7856,750.62861674032,0,0,0,110,0,0,0
15,3,7,20235.5039999998,7235.31996430778,0,39,0,211,0,0,0
15,3,8,0,8,0,0,0,0,0,0,0
15,4,1,2827.88928,1103.33980530246,0,0,0,148,0,0,0
15,4,2,2831.3152,794.359793718439,0,0,0,153,0,0,0
15,4,3,2823.6016,918.975002399621,0,0,0,217,0,0,0
15,4,4,2810.43392,1227.05313743002,0,0,0,152,0,0,0
15,4,5,2844.24416,1390.5459897294,0,0,0,149,0,0,0
15,4,6,2831.46048,965.598238120072,0,0,0,75,0,0,0
15,4,7,20182.6815999997,13446.6485144384,33,0,0,200,0,0,0
15,4,8,0,8,0,0,0,0,0,0,0
15,5,1,2833.3398528,1136.84754445208,0,0,0,110,0,0,0
15,5,2,2828.48959999999,976.651371491521,0,0,0,79,0,0,0
15,5,3,2825.423936,762.052409928979,0,0,0,91,0,0,0
15,5,4,2815.36352,1068.18103049248,0,0,0,122,0,0,0
15,5,5,2853.21536,1035.39637544866,0,0,0,139,0,0,0
15,5,6,2838.86528,1409.58877084736,0,0,0,96,0,0,0
15,5,7,20128.4899199996,12125.8136109401,0,39,0,260,0,0,0
15,5,8,0,8,0,0,0,0,0,0,0
15,6,1,2818.0695168,598.803433804534,0,81,0,32,0,0,0
15,6,2,2823.2656,1746.31512238172,0,44,0,53,0,0,0
15,6,3,2818.465856,1205.74026011875,0,28,0,48,0,0,0
15,6,4,2806.81216,1245.93188176237,0,46,0,60,0,0,0
15,6,5,2844.121984,1049.96260225265,0,44,0,59,0,0,0
15,6,6,2834.35328,466.803225200188,0,82,0,58,0,0,0
15,6,7,20095.2419199995,12442.1627641233,6,324,0,329,0,0,0
15,6,8,0,8,0,0,0,0,0,0,0
15,7,1,2819.3223168,663.778435080425,0,0,0,59,0,0,0
15,7,2,2849.704256,1668.00453324556,0,0,0,174,0,0,0
15,7,3,2832.772416,1131.02082733607,0,0,0,120,0,0,0
15,7,4,2819.97408,753.404426925079,0,0,0,124,0,0,0
15,7,5,2856.011904,1210.6328303627,0,0,0,104,0,0,0
15,7,6,2838.3936,1326.70063277117,0,0,0,46,0,0,0
15,7,7,20125.4063999996,8609.88450823193,24,0,0,379,0,0,0
15,7,8,0,8,0,0,0,0,0,0,0
15,8,1,2822.8855168,1991.87618028064,0,0,0,66,0,0,0
15,8,2,2873.257216,1123.41815693825,0,0,0,166,0,0,0
15,8,3,2844.126336,1059.46567278802,0,0,0,113,0,0,0
15,8,4,2821.28128000001,1130.48459755783,0,0,0,75,0,0,0
15,8,5,2871.63500799999,797.291782585642,0,0,0,121,0,0,0
15,8,6,2860.87807999999,1115.47417660499,0,0,0,132,0,0,0
15,8,7,20116.9299199996,6626.33421377995,46,0,0,198,0,0,0
15,8,8,0,8,0,0,0,0,0,0,0
15,9,1,2841.0099968,1152.39815085917,32,0,0,138,0,0,0
15,9,2,2883.820672,1314.17067210568,0,0,0,112,0,0,0
15,9,3,2855.825856,1068.54070081256,0,0,0,105,0,0,0
15,9,4,2830.51168,1104.34836321795,0,0,0,113,0,0,0
15,9,5,2877.73644799999,1239.19527853239,0,0,0,79,0,0,0
15,9,6,2877.42751999999,1268.37676205993,0,0,0,111,0,0,0
15,9,7,20112.6294399995,9420.51319885577,192,1,0,201,0,0,11
15,9,8,0,8,0,0,0,0,0,0,0
15,10,1,2854.8083968,752.424339041919,0,0,0,115,0,0,0
15,10,2,2899.6072832,1586.74782709207,0,0,0,131,0,0,0
15,10,3,2865.06905600001,860.842431042315,0,0,0,106,0,0,0
15,10,4,2839.1637248,1540.89267349638,0,0,0,110,0,0,0
15,10,5,2894.120448,1420.44222951091,0,0,0,123,0,0,0
15,10,6,2894.92448,1157.47624267973,0,0,0,126,0,0,0
15,10,7,20154.6613247995,7015.38201805141,54,0,0,326,0,0,0
15,10,8,0,8,0,0,0,0,0,0,0
15,11,1,2855.1953408,946.323568085552,0,0,0,75,0,0,0
15,11,2,2918.791872,1760.1619292018,4,0,0,149,0,0,0
15,11,3,2869.24313600001,1164.95657251191,0,0,0,86,0,0,0
15,11,4,2853.63719680001,1151.58787469811,4,0,0,145,0,0,0
15,11,5,2910.54892799999,1794.08631375344,0,0,0,142,0,0,0
15,11,6,2911.31808,597.79416373267,0,0,0,115,0,0,0
15,11,7,20169.6469247995,6034.3776991598,228,0,0,218,0,0,0
15,11,8,0,8,0,0,0,0,0,0,0
15,12,1,2863.83353600001,1513.89159801509,0,0,0,94,0,0,0
15,12,2,2937.00979200001,797.991287351529,14,0,0,150,0,0,0
15,12,3,2882.29280000001,739.494667229072,0,0,0,116,0,0,0
15,12,4,2860.08934400001,1511.54813495104,0,0,0,115,0,0,0
15,12,5,2926.2025088,1452.85692098461,14,0,0,154,0,0,0
15,12,6,2914.111296,1519.51383263892,0,0,0,59,0,0,0
15,12,7,20202.8743167994,8600.85063840639,223,0,0,202,0,0,0
15,12,8,0,8,0,0,0,0,0,0,0
15,13,1,2878.90201600001,820.067797732046,0,0,0,151,0,0,0
15,13,2,2940.06394880001,746.624687057575,0,0,0,79,0,0,0
15,13,3,2882.23878400001,982.662550013806,0,0,0,73,0,0,0
15,13,4,2873.63290880001,694.872351261772,0,0,0,151,0,0,0
15,13,5,2939.4140288,890.300599550697,0,0,0,145,0,0,0
15,13,6,2935.484416,653.75741832266,0,0,0,151,0,0,0
15,13,7,20231.8202367995,9104.35120093445,61,0,0,192,0,0,0
15,13,8,0,8,0,0,0,0,0,0,0
15,14,1,2883.26649600001,1747.75190378495,0,0,0,82,0,0,0
15,14,2,2940.78849280001,1850.73555624097,0,0,0,74,0,0,0
15,14,3,2884.12229120001,1052.51046387585,0,0,0,98,0,0,0
15,14,4,2868.41473280001,1328.5573102331,0,0,0,69,0,0,0
15,14,5,2945.5423616,1283.3530249584,0,0,0,89,0,0,0
15,14,6,2937.891072,1645.90897232097,0,0,0,65,0,0,0
15,14,7,20277.9098367995,4972.42844912402,49,0,0,295,0,0,0
15,14,8,0,8,0,0,0,0,0,0,0
15,15,1,2883.90803200001,1697.20795794634,102,0,0,72,0,0,0
15,15,2,2947.80338739201,1283.8441283324,84,0,0,101,0,0,0
15,15,3,2878.89533184001,951.766316716102,49,0,0,56,0,0,0
15,15,4,2865.36044800001,1663.63074505223,63,0,0,69,0,0,0
15,15,5,2946.67947264,1006.21622074181,57,0,0,71,0,0,0
15,15,6,2943.654272,1454.44055891462,92,0,0,72,0,0,0
15,15,7,20304.2503935995,8198.73680286159,181,2,0,201,0,0,4
15,15,8,0,8,0,0,0,0,0,0,0
15,16,1,2909.00313600001,597.428060278663,0,0,0,168,0,0,0
15,16,2,2969.44628019202,867.168391200591,0,0,0,128,0,0,0
15,16,3,2886.14108160002,1528.40303752279,0,0,0,95,0,0,0
15,16,4,2886.544448,1132.65019301903,0,0,0,166,0,0,0
15,16,5,2957.92939264001,1039.06211718812,0,0,0,100,0,0,0
15,16,6,2971.001472,618.275155227074,0,0,0,145,0,0,0
15,16,7,20301.0112895995,9017.73811100854,48,0,0,195,0,0,0
15,16,8,0,8,0,0,0,0,0,0,0
15,17,1,2912.73146880001,357.713463648035,0,0,0,59,0,0,0
15,17,2,2983.91828275201,625.114219764594,0,0,0,86,0,0,0
15,17,3,2910.09603840001,1240.30449983932,0,0,0,152,0,0,0
15,17,4,2897.69518080001,1312.3741686699,0,0,0,113,0,0,0
15,17,5,2973.14542284801,1265.90639655186,0,0,0,103,0,0,0
15,17,6,2979.70471424,2018.60415579363,0,0,0,61,0,0,0
15,17,7,20313.0421785594,10126.9422709992,39,0,0,206,0,0,0
15,17,8,0,8,0,0,0,0,0,0,0
15,18,1,2912.39713280001,1201.71487175965,0,0,0,35,0,0,0
15,18,2,2988.77813811202,1257.15038541612,0,0,0,62,0,0,0
15,18,3,2923.93522944001,1778.51224753567,0,0,0,124,0,0,0
15,18,4,2914.44835840001,1984.4251413508,0,0,0,131,0,0,0
15,18,5,2991.56910540801,1779.42692670957,0,0,0,126,0,0,0
15,18,6,3020.511733248,1402.39150981753,0,0,0,201,0,0,0
15,18,7,20331.2122393594,11727.7988592059,37,0,0,244,0,0,0
15,18,8,0,8,0,0,0,0,0,0,0
15,19,1,2929.27241984001,1002.21465065997,0,0,0,120,0,0,0
15,19,2,3004.81961011202,1877.38893302847,0,0,0,125,0,0,0
15,19,3,2948.46324275201,1045.13342610197,0,0,0,177,0,0,0
15,19,4,2941.00958720001,1676.91010856676,0,0,0,190,0,0,0
15,19,5,3020.222939648,1237.31270859408,0,0,0,175,0,0,0
15,19,6,3044.565941248,1189.11271363273,0,0,0,140,0,0,0
15,19,7,20344.6783278073,2824.60278758887,35,0,0,207,0,0,0
15,19,8,0,8,0,0,0,0,0,0,0
15,20,1,2929.45764864001,1350.26690812008,59,0,0,41,0,0,0
15,20,2,3012.39159091201,1687.42597869561,87,0,0,100,0,0,0
15,20,3,2946.31437875201,1453.86727525473,56,0,0,48,0,0,0
15,20,4,2943.83787520001,1607.20431678454,88,0,0,79,0,0,0
15,20,5,3018.97359564801,1618.74336907562,57,0,0,66,0,0,0
15,20,6,3048.124853248,666.482963373128,61,0,0,57,0,0,0
15,20,7,20338.8564270073,5005.20230060797,164,0,0,118,0,0,0
15,20,8,0,8,0,0,0,0,0,0,0
15,21,1,2952.34252800002,695.389242575347,0,0,0,135,0,0,0
15,21,2,3048.49420595202,1770.34610525681,0,0,0,168,0,0,0
15,21,3,2975.81015869442,1271.44051190754,0,0,0,145,0,0,0
15,21,4,2974.98556416001,1336.06731682849,0,0,0,160,0,0,0
15,21,5,3052.48789749761,939.352837623756,0,0,0,161,0,0,0
15,21,6,3055.004072448,1604.20327266066,0,0,0,66,0,0,0
15,21,7,20336.3553710072,11153.973161865,37,0,0,210,0,0,0
15,21,8,0,8,0,0,0,0,0,0,0
15,22,1,2959.78067200002,802.211311173884,0,0,0,69,0,0,0
15,22,2,3081.17594419202,1389.22278867202,0,0,0,177,0,0,0
15,22,3,2999.49740349442,862.949734131348,0,0,0,127,0,0,0
15,22,4,3001.73705216001,927.460685300932,0,0,0,133,0,0,0
15,22,5,3068.39775016961,742.845123184556,0,0,0,93,0,0,0
15,22,6,3089.650267648,1419.60284901071,0,0,0,160,0,0,0
15,22,7,20329.3484999671,8938.23746310064,33,0,0,195,0,0,0
15,22,8,0,8,0,0,0,0,0,0,0
15,23,1,2968.24179200002,1202.59917598552,0,0,0,80,0,0,0
15,23,2,3105.95937075202,1525.68790332341,0,0,0,138,0,0,0
15,23,3,3014.03332669442,1272.29999462662,0,0,0,86,0,0,0
15,23,4,3013.95982336001,1004.08544861124,0,0,0,92,0,0,0
15,23,5,3079.37215016961,2278.132054868,0,0,0,74,0,0,0
15,23,6,3117.76754892801,652.423621988481,0,0,0,141,0,0,0
15,23,7,20340.907693567,7792.92442208203,32,0,0,269,0,0,0
15,23,8,0,8,0,0,0,0,0,0,0
15,24,1,2986.08494336002,581.281492518798,0,0,0,120,0,0,0
15,24,2,3128.39547033602,1682.47646941377,12,0,0,129,0,0,0
15,24,3,3038.53458749442,855.339915000129,0,0,0,127,0,0,0
15,24,4,3027.71889971201,1876.54136973393,0,0,0,100,0,0,0
15,24,5,3110.67169320961,1518.18679968007,33,0,0,165,0,0,0
15,24,6,3126.49906892801,1191.49045288334,0,0,0,65,0,0,0
15,24,7,20368.9349656566,4385.42507633399,243,0,0,317,0,0,0
15,24,8,0,8,0,0,0,0,0,0,0
15,25,1,2985.49116672002,1142.47159391926,0,0,0,58,0,0,0
15,25,2,3156.98572800002,1223.07500097061,4,0,0,162,0,0,0
15,25,3,3047.13127229442,1013.54901537752,1,0,0,84,0,0,0
15,25,4,3055.91360512001,1249.70975949728,24,0,0,151,0,0,0
15,25,5,3134.89218342913,777.359183911629,21,0,0,120,0,0,0
15,25,6,3147.89101772801,1147.25697518657,0,0,0,119,0,0,0
15,25,7,20381.7301810165,4800.22978967586,154,0,0,182,0,0,1
15,25,8,0,8,0,0,0,0,0,0,0
15,26,1,2996.46464819202,497.76980885283,0,0,0,114,0,0,0
15,26,2,3169.53068032001,1001.03643952607,0,0,0,122,0,0,0
15,26,3,3057.50765629442,1645.26274022327,0,0,0,101,0,0,0
15,26,4,3072.11335424001,1686.59207245919,0,0,0,124,0,0,0
15,26,5,3146.63607383655,1098.98263497142,0,0,0,77,0,0,0
15,26,6,3169.12698572801,2114.21595088385,0,0,0,114,0,0,0
15,26,7,20395.3667844085,9886.4181976574,97,0,0,188,0,0,0
15,26,8,0,8,0,0,0,0,0,0,0
15,27,1,2992.89977139202,1853.88543914974,0,0,0,49,0,0,0
15,27,2,3181.03808018433,629.596498103529,0,0,0,100,0,0,0
15,27,3,3086.91456829442,1780.21111204185,0,0,0,164,0,0,0
15,27,4,3102.23900160001,689.407609783375,0,0,0,168,0,0,0
15,27,5,3165.68191063655,1061.72861027307,0,0,0,109,0,0,0
15,27,6,3216.15322931201,2209.30397535482,0,0,0,194,0,0,0
15,27,7,20433.2680605684,4475.60519235896,38,0,0,218,0,0,0
15,27,8,0,8,0,0,0,0,0,0,0
15,28,1,3015.69700659202,888.359840719964,7,0,0,165,0,0,0
15,28,2,3178.68649797633,788.220947686586,0,0,0,62,0,0,0
15,28,3,3105.84506429442,1240.26948250777,13,0,0,140,0,0,0
15,28,4,3104.97889536001,697.324063221119,0,0,0,68,0,0,0
15,28,5,3181.63901783655,766.984058978706,0,0,0,106,0,0,0
15,28,6,3252.22095872001,1365.72547443575,14,0,0,180,0,0,0
15,28,7,20457.3391773684,4940.58168213841,92,0,0,189,0,0,0
15,28,8,0,8,0,0,0,0,0,0,0
15,29,1,3024.44088883202,1480.32685930776,0,0,0,88,0,0,0
15,29,2,3187.00318072834,852.617094499784,0,0,0,78,0,0,0
15,29,3,3123.11481958402,1096.24098582048,0,0,0,124,0,0,0
15,29,4,3111.28353792001,899.063926560518,0,0,0,69,0,0,0
15,29,5,3191.88428119655,889.688101986441,0,0,0,76,0,0,0
15,29,6,3278.91775434753,620.983441897203,0,0,0,136,0,0,0
15,29,7,20481.8202726388,5492.08103225984,90,0,0,177,0,0,0
15,29,8,0,8,0,0,0,0,0,0,0
15,30,1,3052.04499404802,566.453765161106,0,0,0,148,0,0,0
15,30,2,3194.80136620034,1350.51621184634,0,0,0,85,0,0,0
15,30,3,3139.63259033602,1081.86220451449,0,0,0,109,0,0,0
15,30,4,3117.22264064001,1660.89776429825,0,0,0,89,0,0,0
15,30,5,3205.73612170856,1028.39623040763,0,0,0,88,0,0,0
15,30,6,3290.33326743553,1421.84253290263,0,0,0,62,0,0,0
15,30,7,20521.4543052788,7186.69712090242,58,0,0,224,0,0,0
15,30,8,0,8,0,0,0,0,0,0,0
15,31,1,3053.99441868803,791.197933222875,0,0,0,56,0,0,0
15,31,2,3218.35399903234,1555.89675274059,0,0,0,135,0,0,0
15,31,3,3150.91704532994,1504.85260916007,0,0,0,108,0,0,0
15,31,4,3141.18189352962,2070.46072618394,1,0,0,155,0,0,0
15,31,5,3221.83100554856,1616.52223651682,0,0,0,102,0,0,0
15,31,6,3318.28713285224,1203.71194914184,0,0,0,142,0,0,0
15,31,7,20546.0888652787,10697.9819537447,50,0,0,191,0,0,0
15,31,8,0,8,0,0,0,0,0,0,0
15,32,1,3061.54567628803,1266.49501200722,0,0,0,79,0,0,0
15,32,2,3244.26729234434,1463.74783586136,0,0,0,155,0,0,0
15,32,3,3175.20270620264,1262.22248490471,0,0,0,150,0,0,0
15,32,4,3174.17338920962,974.70747049984,0,0,0,194,0,0,0
15,32,5,3249.39820170856,1403.66886962276,0,0,0,161,0,0,0
15,32,6,3342.54001989224,1140.28166680686,0,0,0,120,0,0,0
15,32,7,20585.2187084787,12864.9869858015,39,0,0,247,0,0,0
15,32,8,0,8,0,0,0,0,0,0,0
15,33,1,3079.69555466242,1743.0791081161,0,0,0,126,0,0,0
15,33,2,3260.62521362434,1975.56812244707,0,0,0,146,0,0,0
15,33,3,3190.37057349224,1555.89783634127,0,0,0,126,0,0,0
15,33,4,3184.20717760514,1634.21568125006,0,0,0,97,0,0,0
15,33,5,3272.19717412456,792.190644628029,0,0,0,140,0,0,0
15,33,6,3363.37715924584,921.091028124983,0,0,0,114,0,0,0
15,33,7,20621.3255884786,11758.3980582625,32,0,0,252,0,0,0
15,33,8,0,8,0,0,0,0,0,0,0
15,34,1,3111.41019197443,1121.02650772436,0,0,0,174,0,0,0
15,34,2,3300.36738405992,1293.74717822765,0,0,0,197,0,0,0
15,34,3,3217.16991237736,1335.81852466132,0,0,0,155,0,0,0
15,34,4,3216.09329078274,984.59397240539,0,0,0,163,0,0,0
15,34,5,3282.65779031656,828.207955435087,0,0,0,79,0,0,0
15,34,6,3379.16107220584,1827.85201445681,0,0,0,92,0,0,0
15,34,7,20663.6576614386,7466.69468930321,43,0,0,229,0,0,0
15,34,8,0,8,0,0,0,0,0,0,0
15,35,1,3129.11808317443,406.281704664009,0,0,0,112,0,0,0
15,35,2,3318.89543134824,1005.09269868613,0,0,0,129,0,0,0
15,35,3,3243.00034821736,1254.20028533922,0,0,0,133,0,0,0
15,35,4,3230.31158198274,1649.73163105033,0,0,0,98,0,0,0
15,35,5,3297.05545754216,936.495998275786,0,0,0,82,0,0,0
15,35,6,3420.22830630504,1414.26277360868,15,0,0,151,0,0,0
15,35,7,20717.5687761906,13405.0884415012,242,0,0,237,0,0,0
15,35,8,0,8,0,0,0,0,0,0,0
15,36,1,3126.98487482371,1376.40728866227,0,0,0,40,0,0,0
15,36,2,3326.77607695976,1534.56002542817,0,0,0,100,0,0,0
15,36,3,3259.67766632532,1535.81901115153,0,0,0,125,0,0,0
15,36,4,3254.77913763841,1497.70720029254,0,0,0,164,0,0,0
15,36,5,3302.55842135656,1166.47444686742,0,0,0,93,0,0,0
15,36,6,3447.13942421096,1887.65046418422,0,0,0,141,0,0,0
15,36,7,20758.8938961906,10623.0438471179,47,0,0,197,0,0,0
15,36,8,0,8,0,0,0,0,0,0,0
15,37,1,3146.18697914371,1434.63018038146,0,0,0,137,0,0,0
15,37,2,3356.10331305576,1363.41891476799,0,0,0,153,0,0,0
15,37,3,3286.65731708602,1652.87065675568,0,0,0,153,0,0,0
15,37,4,3276.59052288002,1297.6430669735,0,0,0,149,0,0,0
15,37,5,3315.70247399016,822.800660382779,0,0,0,116,0,0,0
15,37,6,3491.34645079656,2039.11451141321,0,0,0,183,0,0,0
15,37,7,20801.7663544305,13813.2046874264,107,0,0,196,0,0,0
15,37,8,0,8,0,0,0,0,0,0,0
15,38,1,3167.77565837724,1131.4353009781,0,0,0,143,0,0,0
15,38,2,3370.55422250191,1376.15458682542,0,0,0,136,0,0,0
15,38,3,3311.30486847162,657.241624355087,0,0,0,164,0,0,0
15,38,4,3290.7128110285,2429.0261132571,0,0,0,129,0,0,0
15,38,5,3318.99628457576,1475.1255391427,0,0,0,82,0,0,0
15,38,6,3528.93122761934,516.870365127826,1,0,0,182,0,0,0
15,38,7,20840.7390090225,6441.06953437953,59,0,0,204,0,0,0
15,38,8,0,8,0,0,0,0,0,0,0
15,39,1,3186.37340557724,893.030009993848,0,0,0,113,0,0,0
15,39,2,3399.64701125429,1638.21602946106,0,0,0,137,0,0,0
15,39,3,3314.04566496954,2057.66012441899,0,0,0,65,0,0,0
15,39,4,3309.26356928514,1189.61887885303,52,0,0,123,0,0,0
15,39,5,3342.68355036776,1666.86023924986,0,0,0,147,0,0,0
15,39,6,3534.91872867534,1971.87293100035,0,0,0,51,0,0,0
15,39,7,20914.2214761908,8712.68229834793,174,0,0,243,0,0,0
15,39,8,0,8,0,0,0,0,0,0,0
15,40,1,3199.96044045028,1257.45848686945,0,0,0,89,0,0,0
15,40,2,3438.25640759478,1146.83097978468,0,0,0,163,0,0,0
15,40,3,3368.81819175815,1440.46476346641,0,0,0,205,0,0,0
15,40,4,3337.64735008442,1232.27881490184,0,0,0,118,0,0,0
15,40,5,3383.09451656808,1333.58205832683,0,0,0,165,0,0,0
15,40,6,3599.09789192422,1359.62924665664,1,0,0,186,0,0,0
15,40,7,20982.0022776948,11767.5739760932,81,0,0,200,0,0,0
15,40,8,0,8,0,0,0,0,0,0,0
15,41,1,3221.19098616548,1941.90177740035,0,0,0,125,0,0,0
15,41,2,3455.1871778169,2243.29118921597,0,0,0,114,0,0,0
15,41,3,3386.59276852103,1147.19534212051,0,0,0,144,0,0,0
15,41,4,3354.60769107642,1335.51541730534,0,0,0,123,0,0,0
15,41,5,3398.60290840578,1731.2737066399,0,0,0,133,0,0,0
15,41,6,3629.12601800934,1546.24504810085,0,0,0,135,0,0,0
15,41,7,21041.250671876,4726.90824618678,43,0,0,223,0,0,0
15,41,8,0,8,0,0,0,0,0,0,0
15,42,1,3238.65046670609,1326.17046142178,90,0,0,95,0,0,0
15,42,2,3479.95702350399,1167.33895048101,92,0,0,123,0,0,0
15,42,3,3392.33383595231,1141.55155670828,37,0,0,74,0,0,0
15,42,4,3358.25101442745,1108.60345850387,55,0,0,73,0,0,0
15,42,5,3419.50647657596,1276.84251198368,50,0,0,118,0,0,0
15,42,6,3649.23794049172,1336.35240335037,56,0,0,93,0,0,0
15,42,7,21097.933823236,7463.26178873873,224,0,0,224,0,0,0
15,42,8,0,8,0,0,0,0,0,0,0
15,43,1,3271.88984821009,972.957854512493,0,0,0,132,0,0,0
15,43,2,3513.38625299433,1049.36681762358,0,0,0,116,0,0,0
15,43,3,3424.45634213087,757.003702788661,0,0,0,114,0,0,0
15,43,4,3378.61758636947,1753.59889980289,0,0,0,110,0,0,0
15,43,5,3457.6654433362,1659.12867928307,0,0,0,127,0,0,0
15,43,6,3695.90269006382,1548.80941922146,0,0,0,133,0,0,0
15,43,7,21150.8818534259,6844.40155769504,55,0,0,195,0,0,0
15,43,8,0,8,0,0,0,0,0,0,0
15,44,1,3291.30223807761,1932.87335460303,0,0,0,97,0,0,0
15,44,2,3542.1462319748,1568.31524997132,0,0,0,104,0,0,0
15,44,3,3430.93831519455,785.433968897432,0,0,0,75,0,0,0
15,44,4,3411.3844847175,1099.98035837536,0,0,0,171,0,0,0
15,44,5,3496.55392192922,2339.87063688357,0,0,0,165,0,0,0
15,44,6,3734.97413258921,1492.7512267297,0,0,0,154,0,0,0
15,44,7,21198.1426104178,10761.6753872422,70,0,0,232,0,0,1
15,44,8,0,8,0,0,0,0,0,0,0
15,45,1,3333.77863892241,2168.67007430417,0,0,0,191,0,0,0
15,45,2,3582.41501510977,1832.03520480504,0,0,0,156,0,0,0
15,45,3,3440.91599855818,1761.8128464636,0,0,0,78,0,0,0
15,45,4,3428.83122049038,2124.46114363733,0,0,0,109,0,0,0
15,45,5,3561.50453787936,2328.90743109989,0,0,0,233,0,0,0
15,45,6,3773.8170642768,2211.7232728712,0,0,0,149,0,0,0
15,45,7,21239.6754846578,13750.677121476,46,0,0,186,0,0,0
15,45,8,0,8,0,0,0,0,0,0,0
15,46,1,3372.39885149716,1520.73926878101,1,0,0,181,0,0,0
15,46,2,3620.50948587131,1594.83810047759,0,0,0,183,0,0,0
15,46,3,3477.717481166,801.532642153069,0,0,0,175,0,0,0
15,46,4,3456.77705618749,1103.38460261654,1,0,0,164,0,0,0
15,46,5,3601.64424015546,1156.42669338013,1,0,0,189,0,0,0
15,46,6,3831.90762379478,959.901958786503,0,0,0,221,0,0,0
15,46,7,21275.1495705458,10389.8906666255,37,0,0,197,0,0,0
15,46,8,0,8,0,0,0,0,0,0,0
15,47,1,3401.60865248378,688.49208148437,0,0,0,152,0,0,0
15,47,2,3654.89763640041,1012.20698149343,1,0,0,152,0,0,0
15,47,3,3487.80439538603,1570.46259989119,0,0,0,80,0,0,0
15,47,4,3476.33285803735,620.392775248511,0,0,0,110,0,0,0
15,47,5,3623.22913932986,1320.83942900526,0,0,0,115,0,0,0
15,47,6,3855.75490455766,2625.85328697467,0,0,0,95,0,0,0
15,47,7,21354.5738000217,8630.54222965059,195,0,0,278,0,0,0
15,47,8,0,8,0,0,0,0,0,0,0
15,48,1,3408.89930643684,1057.96384941141,0,0,0,68,0,0,0
15,48,2,3678.06341050262,1799.33987792767,0,0,0,101,0,0,0
15,48,3,3521.97020035519,1322.83492816511,9,0,0,143,0,0,0
15,48,4,3481.25091061463,2026.52486101047,0,0,0,62,0,0,0
15,48,5,3648.6934545826,1535.24676746822,0,0,0,132,0,0,0
15,48,6,3900.59027362323,925.4725456055,68,0,0,160,0,0,0
15,48,7,21450.4806737752,9752.35116181334,331,0,0,366,0,0,0
15,48,8,0,8,0,0,0,0,0,0,0
15,49,1,3427.54422507338,1675.60012012078,0,0,0,105,0,0,0
15,49,2,3718.9604285063,1027.13925755681,0,0,0,179,0,0,0
15,49,3,3546.91845967415,950.4440070011,0,0,0,132,0,0,0
15,49,4,3529.85711905956,1365.34541780503,2,0,0,186,0,0,0
15,49,5,3688.93450632972,1589.19450335422,0,0,0,153,0,0,0
15,49,6,3927.05252008572,1043.27939552978,0,0,0,92,0,0,0
15,49,7,21518.5567888421,6241.55924276947,109,0,0,235,0,0,2
15,49,8,0,8,0,0,0,0,0,0,0
15,50,1,3457.63166691146,272.681932448286,1,0,0,163,0,0,0
15,50,2,3724.46726390495,1405.24236561651,0,0,0,102,0,0,0
15,50,3,3557.03645210167,1430.55957449945,0,0,0,95,0,0,0
15,50,4,3552.34199751533,1437.97612035212,0,0,0,136,0,0,0
15,50,5,3722.36726758361,1786.83997712123,0,0,0,157,0,0,0
15,50,6,3950.08310642505,1659.49241133121,0,0,0,104,0,0,0
15,50,7,21555.6829406449,12115.3404675213,118,0,0,175,0,0,0
15,50,8,0,8,0,0,0,0,0,0,0
15,51,1,3453.59256223873,1513.04523578906,0,0,0,27,0,0,0
15,51,2,3757.7470072528,1391.56077627129,0,0,0,140,0,0,0
15,51,3,3591.93631536515,1584.58681217456,0,0,0,143,0,0,0
15,51,4,3587.98534953511,2532.41309469027,0,0,0,143,0,0,0
15,51,5,3778.29628925642,1695.27608833821,0,0,0,178,0,0,0
15,51,6,4004.47115839715,2163.58140633832,0,0,0,165,0,0,0
15,51,7,21628.9961609728,12687.8402967725,41,0,0,233,0,0,0
15,51,8,0,8,0,0,0,0,0,0,0
15,52,1,3488.5150866109,1917.38883430797,0,0,0,151,0,0,0
15,52,2,3788.29172783063,1560.73332623116,0,0,0,139,0,0,0
15,52,3,3618.90774528489,984.429280978302,0,0,0,158,0,0,0
15,52,4,3630.31019281426,2675.87996561187,1,0,0,190,0,0,0
15,52,5,3823.70131115804,1439.71510819094,0,0,0,169,0,0,0
15,52,6,4072.32112979048,1708.29468205248,0,0,0,216,0,0,0
15,52,7,21702.5236445327,14563.7104658787,32,0,0,220,0,0,0
15,52,8,0,8,0,0,0,0,0,0,0
15,53,1,3526.31618429102,875.351077129385,0,0,0,190,0,0,0
15,53,2,3813.52004137329,1918.70316342666,0,0,0,156,0,0,0
15,53,3,3634.72677235262,1080.73762235675,0,0,0,98,0,0,0
15,53,4,3677.69665757489,2315.71283142849,1,0,0,187,0,0,0
15,53,5,3861.62755721398,1782.83240002569,0,0,0,143,0,0,0
15,53,6,4121.46035852785,1916.08858141632,0,0,0,170,0,0,0
15,53,7,21755.9522557276,5552.05064267055,34,0,0,188,0,0,1
15,53,8,0,8,0,0,0,0,0,0,0
15,54,1,3520.44033484236,973.418320484984,66,0,0,21,0,0,0
15,54,2,3820.90037100221,1305.15918198295,88,0,0,103,0,0,0
15,54,3,3637.60469565604,1226.38177147547,51,0,0,57,0,0,0
15,54,4,3697.62300764822,1699.50091209138,117,0,0,114,0,0,0
15,54,5,3883.43721010808,2110.46631779409,82,0,0,96,0,0,0
15,54,6,4145.29111527307,1716.56901342647,97,0,0,94,0,0,0
15,54,7,21825.8933433118,10026.745831186,269,0,0,276,0,0,0
15,54,8,0,8,0,0,0,0,0,0,0
15,55,1,3547.39339654736,1333.47204921734,0,0,0,97,0,0,0
15,55,2,3871.42592226857,1331.66253568784,0,0,0,130,0,0,0
15,55,3,3677.96120589726,1780.92151796236,0,0,0,122,0,0,0
15,55,4,3768.15789829875,1086.97067320377,0,0,0,169,0,0,0
15,55,5,3962.34077061069,2575.43049658026,0,0,0,204,0,0,0
15,55,6,4223.14779383773,1819.18932054866,0,0,0,171,0,0,0
15,55,7,21879.0281060225,5685.01153047944,47,0,0,185,0,0,0
15,55,8,0,8,0,0,0,0,0,0,0
15,56,1,3585.69845977748,2090.7215922006,0,0,0,133,0,0,0
15,56,2,3928.79388735027,1495.09926378092,0,0,0,133,0,0,0
15,56,3,3723.54303628063,2976.06395592853,11,0,0,157,0,0,0
15,56,4,3802.82082651623,1043.25024037583,0,0,0,108,0,0,0
15,56,5,4021.2687705253,1257.43087259862,60,0,0,143,0,0,0
15,56,6,4285.76196854951,1502.38692257922,8,0,0,166,0,0,0
15,56,7,21927.3572745089,8549.3744561029,186,0,0,214,0,0,0
15,56,8,0,8,0,0,0,0,0,0,0
15,57,1,3639.49348574827,1345.2225035325,0,0,0,197,0,0,0
15,57,2,3983.94837985963,1750.91111653092,0,0,0,149,0,0,0
15,57,3,3813.61051956911,966.646293282926,4,0,0,240,0,0,0
15,57,4,3849.40581286018,1420.65375895125,0,0,0,104,0,0,0
15,57,5,4081.06019878058,1824.80180691386,0,0,0,125,0,0,0
15,57,6,4369.74656826984,1653.72999288801,0,0,0,150,0,0,0
15,57,7,21995.4456886271,11772.7181694449,53,0,0,172,0,0,0
15,57,8,0,8,0,0,0,0,0,0,0
15,58,1,3680.37154456346,1619.04675606376,0,0,0,134,0,0,0
15,58,2,4046.74617791127,938.161591837361,0,0,0,175,0,0,0
15,58,3,3845.52078819889,1740.06430397986,0,0,0,96,0,0,0
15,58,4,3908.77879500359,1076.06235556533,0,0,0,142,0,0,0
15,58,5,4161.85662531019,1426.46282882735,0,0,0,182,0,0,0
15,58,6,4439.9991757898,2237.15275445766,0,0,0,165,0,0,0
15,58,7,22058.2015651314,11923.6636684076,33,0,0,205,0,0,2
15,58,8,0,8,0,0,0,0,0,0,0
15,59,1,3732.33476397737,1533.34024368472,0,0,0,161,0,0,0
15,59,2,4083.96766597163,785.269444428762,0,0,0,93,0,0,0
15,59,3,3920.96981116666,1370.4531077282,0,0,0,174,0,0,0
15,59,4,3951.49329359659,1242.2577437027,0,0,0,107,0,0,0
15,59,5,4229.92341544409,1362.23400712204,0,0,0,142,0,0,0
15,59,6,4547.33298900835,2092.5040125123,0,0,0,197,0,0,2
15,59,7,22150.8703206222,13209.5840186996,35,0,0,217,0,0,0
15,59,8,0,8,0,0,0,0,0,0,0
15,60,1,3779.18396813668,1346.58334329278,0,0,0,153,0,0,0
15,60,2,4092.7938356628,1630.08549329571,0,0,0,78,0,0,0
15,60,3,3963.74773774276,641.644852744503,0,0,0,137,0,0,0
15,60,4,3997.67866927666,789.259951406958,0,0,0,124,0,0,0
15,60,5,4283.43460756385,1214.56769794728,0,0,0,136,0,0,0
15,60,6,4624.02575830228,2354.76114306492,0,0,0,189,0,0,0
15,60,7,22223.9051937116,10071.1028859013,32,0,0,239,0,0,0
15,60,8,0,8,0,0,0,0,0,0,0
15,61,1,3816.42810831974,1557.16612629027,0,0,0,134,0,0,0
15,61,2,4136.9273301668,1710.1448022059,4,0,0,152,0,0,0
15,61,3,3978.84311574504,1525.43120517377,0,0,0,64,0,0,0
15,61,4,4020.71589581316,1200.10828951109,0,0,0,78,0,0,0
15,61,5,4330.57148038826,1521.05169656618,0,0,0,121,0,0,0
15,61,6,4718.99090173089,2530.09228182945,14,0,0,201,0,0,0
15,61,7,22324.0067796537,4955.44561501175,289,0,0,309,0,0,1
15,61,8,0,8,0,0,0,0,0,0,0
15,62,1,3833.69481074336,1565.69975628253,22,0,0,116,0,0,0
15,62,2,4181.93364891134,1506.20675862355,7,0,0,158,0,0,0
15,62,3,4013.58636564403,2187.1039728367,8,0,0,138,0,0,0
15,62,4,4053.48473419811,2349.71667343075,0,0,0,120,0,0,0
15,62,5,4368.33920704712,1512.32812556485,7,0,0,138,0,0,0
15,62,6,4785.04976834205,1952.44584432719,44,0,0,173,0,0,0
15,62,7,22384.4283142959,10830.8790993299,163,0,0,200,0,0,1
15,62,8,0,8,0,0,0,0,0,0,0
15,63,1,3880.46999838129,1284.107108296,0,0,0,156,0,0,0
15,63,2,4230.62573108299,2423.0162127055,0,0,0,150,0,0,0
15,63,3,4085.77744879062,3089.9357433873,0,0,0,202,0,0,0
15,63,4,4129.01665413942,2063.07734735899,2,0,0,181,0,0,0
15,63,5,4439.43241053996,1866.96722919583,0,0,0,151,0,0,0
15,63,6,4875.96256790266,2387.24307173113,1,0,0,174,0,0,0
15,63,7,22456.099176586,14751.6874417003,42,0,0,183,0,0,0
15,63,8,0,8,0,0,0,0,0,0,0
15,64,1,3903.12254772657,1579.69171474547,0,0,0,128,0,0,0
15,64,2,4257.33580948289,2635.13728508441,1,0,0,181,0,0,0
15,64,3,4146.89901679832,1990.78724855221,0,0,0,270,0,0,0
15,64,4,4167.66536242074,1913.16373781702,0,0,0,206,0,0,0
15,64,5,4485.79152164012,2445.29177768918,0,0,0,175,0,0,0
15,64,6,4934.00644797875,1353.59083803696,1,0,0,174,0,0,0
15,64,7,22494.810643594,15840.262018006,35,0,0,206,0,0,0
15,64,8,0,8,0,0,0,0,0,0,0
15,65,1,3932.31790490893,1049.59032091367,0,0,0,157,0,0,0
15,65,2,4312.40077561469,841.15914972909,1,0,0,211,0,0,0
15,65,3,4192.17090984332,2168.10727833334,0,0,0,199,0,0,0
15,65,4,4205.54536579791,1923.95334000255,0,0,0,191,0,0,0
15,65,5,4557.69795573605,1373.29487477972,0,0,0,244,0,0,0
15,65,6,4966.83595136668,1540.86382282097,0,0,0,135,0,0,0
15,65,7,22547.1233521701,11324.1358045993,30,0,0,244,0,0,0
15,65,8,0,8,0,0,0,0,0,0,0
15,66,1,3952.71941229018,1444.14707318657,0,0,0,104,0,0,0
15,66,2,4319.07285348941,1617.41182269385,0,0,0,84,0,0,0
15,66,3,4229.29897404743,1897.09362084855,19,0,0,161,0,0,0
15,66,4,4242.40137765891,1742.55063541583,6,0,0,174,0,0,0
15,66,5,4596.57537489832,1898.64827673677,0,0,0,137,0,0,0
15,66,6,5021.60719655608,1688.88755441543,0,0,0,154,0,0,0
15,66,7,22622.5267775688,11549.667278177,271,0,0,345,0,0,0
15,66,8,0,8,0,0,0,0,0,0,0
15,67,1,4009.07273738794,1045.43862371069,0,0,0,144,0,0,0
15,67,2,4377.47977715492,2102.12321630857,0,0,0,161,0,0,0
15,67,3,4301.03422546505,1130.53156807687,6,0,0,164,0,0,0
15,67,4,4311.07613071538,1518.6581412286,1,0,0,168,0,0,0
15,67,5,4701.06595131928,1920.01511172495,0,0,0,188,0,0,0
15,67,6,5124.32681371529,1800.7034715212,0,0,0,168,0,0,0
15,67,7,22713.3646809037,10277.9790920991,233,0,0,211,0,0,26
15,67,8,0,8,0,0,0,0,0,0,0
15,68,1,4027.377633962,1605.59369546728,0,0,0,104,0,0,0
15,68,2,4413.96452842537,2311.70335365176,18,0,0,143,0,0,0
15,68,3,4321.91389345837,1398.98183551845,0,0,0,113,0,0,0
15,68,4,4355.69386558325,963.864140094549,0,0,0,151,0,0,0
15,68,5,4756.55079913648,3456.10431782905,9,0,0,158,0,0,0
15,68,6,5195.13808891761,2124.02231332849,6,0,0,153,0,0,4
15,68,7,22776.7403009977,13837.5842602373,178,1,0,193,0,0,28
15,68,8,0,8,0,0,0,0,0,0,0
15,69,1,4066.6695764893,1904.59149190379,0,0,0,160,0,0,0
15,69,2,4476.5632278759,2978.75173765119,0,0,0,231,0,0,0
15,69,3,4365.32055321646,2558.85280038546,0,0,0,139,0,0,0
15,69,4,4377.33202925502,1742.6688317965,0,0,0,96,0,0,0
15,69,5,4822.18563186473,2416.78414894309,9,0,0,204,0,0,0
15,69,6,5267.62094999595,1748.72089876705,2,0,0,177,0,0,0
15,69,7,22830.2879493049,10553.9329474608,77,0,0,210,0,0,0
15,69,8,0,8,0,0,0,0,0,0,0
15,70,1,4113.59731446233,2325.5722616944,9,0,0,152,0,0,0
15,70,2,4545.41111554472,889.609549077608,26,0,0,183,0,0,0
15,70,3,4423.49808853378,1599.96392740834,17,0,0,183,0,0,0
15,70,4,4447.56326178284,2258.66082248615,0,0,0,174,0,0,0
15,70,5,4898.45806661148,2716.03268493233,16,0,0,172,0,0,0
15,70,6,5362.75640719468,929.424268101683,0,0,0,173,0,0,0
15,70,7,22932.6986601691,13535.9110411402,190,0,0,257,0,0,0
15,70,8,0,8,0,0,0,0,0,0,0
15,71,1,4170.09029662754,1043.89366947642,0,0,0,209,0,0,0
15,71,2,4553.83293559549,1758.11442533723,0,0,0,88,0,0,0
15,71,3,4461.09238380667,2022.19273107775,0,0,0,159,0,0,0
15,71,4,4507.87858332883,2004.44949513315,0,0,0,201,0,0,0
15,71,5,4962.61462096282,2159.54261090415,5,0,0,186,0,0,0
15,71,6,5408.50879902679,921.567755547644,0,0,0,92,0,0,0
15,71,7,23004.2103878513,8196.57787064827,75,0,0,184,0,0,0
15,71,8,0,8,0,0,0,0,0,0,0
15,72,1,4211.18252270651,1751.90610846776,0,0,0,104,0,0,0
15,72,2,4630.93383076633,1226.29102361846,16,0,0,142,0,0,0
15,72,3,4536.19050897617,2349.02557343784,25,0,0,152,0,0,0
15,72,4,4610.8446559966,1558.08808072032,18,0,0,163,0,0,0
15,72,5,5075.76797163337,3070.42614101875,21,0,0,173,0,0,0
15,72,6,5477.68618122254,1543.56590747869,0,0,0,92,0,0,0
15,72,7,23165.7139663067,6553.89108716827,263,0,0,291,0,0,0
15,72,8,0,8,0,0,0,0,0,0,0
15,73,1,4250.21858592846,1388.97213186105,8,0,0,154,0,0,0
15,73,2,4668.2194851032,1708.85290100852,0,0,0,122,0,0,0
15,73,3,4601.80547404653,2445.32267388142,25,0,0,172,0,0,0
15,73,4,4670.32892433072,721.188727299663,0,0,0,155,0,0,0
15,73,5,5143.95296524201,2010.15201419506,59,0,0,165,0,0,0
15,73,6,5531.6657870501,2414.70572964179,11,0,0,127,0,0,0
15,73,7,23227.1969469594,11680.7387789397,181,0,0,161,0,0,9
15,73,8,0,8,0,0,0,0,0,0,0
15,74,1,4321.83874245157,1618.43897926172,0,0,0,138,0,0,0
15,74,2,4773.16814221249,1183.62554722479,0,0,0,170,0,0,0
15,74,3,4723.48335311164,1678.7101979839,3,0,0,185,0,0,0
15,74,4,4716.75862174471,2018.44296061232,0,0,0,72,0,0,0
15,74,5,5312.80818567845,1790.28199412215,0,0,0,201,0,0,0
15,74,6,5693.88931587827,3353.2399094758,2,0,0,192,0,0,0
15,74,7,23349.5480348172,8199.36970863869,50,0,0,213,0,0,0
15,74,8,0,8,0,0,0,0,0,0,0
15,75,1,4330.36898325584,1750.42452693053,111,0,0,50,0,0,0
15,75,2,4785.18188503983,1977.99652661592,52,0,0,66,0,0,0
15,75,3,4755.83338208356,1659.73738724725,83,0,0,84,0,0,0
15,75,4,4748.32991599279,2462.05991309545,101,0,0,100,0,0,0
15,75,5,5367.62480529375,2268.22114496743,92,0,0,87,0,0,0
15,75,6,5789.84523679289,1588.87731076668,168,0,0,167,0,0,0
15,75,7,23501.3338076284,8690.51052127864,327,2,0,310,0,0,12
15,75,8,0,8,0,0,0,0,0,0,0
15,76,1,4361.64243271742,2231.02969659456,11,0,0,147,0,0,0
15,76,2,4834.95330819574,589.699431750166,0,0,0,197,0,0,0
15,76,3,4801.52875616749,778.956153286829,1,0,0,163,0,0,0
15,76,4,4801.80117795602,848.005910700226,30,0,0,170,0,0,0
15,76,5,5429.4772868808,1769.50522718357,22,0,0,170,0,0,0
15,76,6,5853.16286342988,3118.72142509539,6,0,0,143,0,0,0
15,76,7,23550.2342640494,13207.9448160779,230,0,0,292,0,0,0
15,76,8,0,8,0,0,0,0,0,0,0
15,77,1,4415.93128937732,1963.84852692997,3,0,0,167,0,0,0
15,77,2,4860.10307518447,2832.48275987987,0,0,0,58,0,0,0
15,77,3,4836.39049862797,1153.99921243246,0,0,0,77,0,0,0
15,77,4,4833.23829669618,1195.73685137273,0,0,0,84,0,0,0
15,77,5,5548.96196937302,1360.22603383718,0,0,0,171,0,0,0
15,77,6,6007.53550215417,3274.77977326991,5,0,0,203,0,0,0
15,77,7,23636.0599122339,11978.9050028595,67,0,0,200,0,0,0
15,77,8,0,8,0,0,0,0,0,0,0
15,78,1,4507.54864519721,1346.2627976642,0,0,0,196,0,0,0
15,78,2,4968.8028174711,2496.27159378766,4,0,0,206,0,0,0
15,78,3,4896.76438056761,1283.8566855082,0,0,0,115,0,0,0
15,78,4,4900.39131818477,1249.53268497541,0,0,0,119,0,0,0
15,78,5,5654.50442187563,2114.90691197691,0,0,0,136,0,0,0
15,78,6,6203.56947666517,1587.05260609971,7,0,0,199,0,0,3
15,78,7,23752.6975097225,8627.29131453732,58,0,0,222,0,0,0
15,78,8,0,8,0,0,0,0,0,0,0
15,79,1,4548.8344407351,644.531750646281,11,0,0,113,0,0,0
15,79,2,5037.41204340436,750.72228226466,58,0,0,138,0,0,0
15,79,3,4965.31141788801,1824.36905170491,0,0,0,128,0,0,0
15,79,4,4970.37000280676,2662.48776806325,1,0,0,123,0,0,0
15,79,5,5775.44180605714,2405.65858488451,21,0,0,171,0,0,0
15,79,6,6324.96112186033,3280.34814988158,4,0,0,151,0,0,0
15,79,7,23953.7706385606,7853.90240504036,279,0,0,332,0,0,0
15,79,8,0,8,0,0,0,0,0,0,0
15,80,1,4566.11817350566,1641.21028978469,0,0,0,64,0,0,0
15,80,2,5061.10437887486,1022.19446387656,0,0,0,75,0,0,0
15,80,3,5078.58365855581,2878.54064666272,3,0,0,174,0,0,0
15,80,4,5076.95121719938,2942.78409528414,46,0,0,165,0,0,0
15,80,5,5907.76851427179,2672.13370152175,31,0,0,172,0,0,0
15,80,6,6437.29010088419,2910.32524370786,79,0,0,154,0,0,0
15,80,7,24091.8623086923,7456.40484091754,236,0,0,265,0,0,0
15,80,8,0,8,0,0,0,0,0,0,0
15,81,1,4631.15498323421,1351.94261821947,0,0,0,164,0,0,0
15,81,2,5109.00482541933,2016.20068665057,0,0,0,102,0,0,0
15,81,3,5166.79678112125,2286.27977759315,40,0,0,150,0,0,0
15,81,4,5183.81642037088,1524.14871798901,37,0,0,166,0,0,0
15,81,5,6030.31759181125,3576.10435952027,30,0,0,165,0,0,0
15,81,6,6610.53762188796,3011.43624365559,40,0,0,155,0,0,0
15,81,7,24209.5668950866,10617.1789794808,162,0,0,194,0,0,0
15,81,8,0,8,0,0,0,0,0,0,0
15,82,1,4684.35416461293,1738.34723593563,0,0,0,135,0,0,0
15,82,2,5219.71153418796,1964.21158804227,0,0,0,193,0,0,0
15,82,3,5254.30544746774,2537.26352269882,4,0,0,158,0,0,1
15,82,4,5294.31748265467,2719.17972642452,0,0,0,152,0,0,0
15,82,5,6177.38891294353,1953.40149937264,9,0,0,190,0,0,1
15,82,6,6761.29162695185,3917.09432100201,10,0,0,157,0,0,0
15,82,7,24422.4560306348,9893.58313895622,53,0,0,340,0,0,0
15,82,8,0,8,0,0,0,0,0,0,0
15,83,1,4739.73296526594,1682.36049254632,0,0,0,173,0,0,0
15,83,2,5299.03282874971,2400.14827708147,0,0,0,186,0,0,0
15,83,3,5383.57996037629,2383.81834945374,0,0,0,242,0,0,1
15,83,4,5401.7478682068,3222.20739389473,4,0,0,210,0,0,3
15,83,5,6280.78753993903,812.590603358692,0,0,0,194,0,0,0
15,83,6,6875.94806396677,3241.7674209162,15,0,0,177,0,0,1
15,83,7,24492.2078135211,9595.58862203022,58,0,0,179,0,0,0
15,83,8,0,8,0,0,0,0,0,0,0
15,84,1,4811.13137464679,1958.25661702293,0,0,0,168,0,0,0
15,84,2,5395.91987481804,2438.14969897636,6,0,0,194,0,0,0
15,84,3,5489.80020275645,1684.52860286533,5,0,0,200,0,0,0
15,84,4,5525.12466575363,2280.85589257003,22,0,0,169,0,0,0
15,84,5,6321.83695015909,3034.62316142809,0,0,0,81,0,0,0
15,84,6,7065.29394723134,3377.7547476043,12,0,0,242,0,0,0
15,84,7,24559.9927375781,9961.67326090597,117,0,0,187,0,0,0
15,84,8,0,8,0,0,0,0,0,0,0
15,85,1,4908.10361557788,2515.30161115353,6,0,0,144,0,0,0
15,85,2,5572.61876976673,1911.67714964401,5,0,0,201,0,0,0
15,85,3,5670.87101522876,1325.31885613337,0,0,0,168,0,0,0
15,85,4,5706.14257357517,1257.85872680523,8,0,0,160,0,0,0
15,85,5,6572.48736618741,3809.8458666713,12,0,0,189,0,0,1
15,85,6,7321.78862236287,3387.08532391476,17,0,0,195,0,0,0
15,85,7,24825.1931667705,4526.43044275722,87,0,0,287,0,0,0
15,85,8,0,8,0,0,0,0,0,0,0
15,86,1,4934.80685280859,1797.13859043257,110,0,0,97,0,0,0
15,86,2,5640.90784728315,2470.78836586403,35,0,0,142,0,0,0
15,86,3,5728.6180964679,3438.97757700338,6,0,0,123,0,0,0
15,86,4,5764.27798379906,1252.66251473017,1,0,0,124,0,0,0
15,86,5,6678.45792002729,2623.71231310899,142,0,0,170,0,0,12
15,86,6,7417.40515695845,3204.81109456621,133,0,0,152,0,0,0
15,86,7,24901.9370585952,6885.2794391609,166,0,0,218,0,0,2
15,86,8,0,8,0,0,0,0,0,0,0
15,87,1,5000.91375673205,1703.59588385575,0,0,0,173,0,0,0
15,87,2,5702.65393711694,1985.15552068477,8,0,0,176,0,0,0
15,87,3,5821.79803250046,2814.58855347934,17,0,0,202,0,0,0
15,87,4,5812.26375461273,1599.38875522025,0,0,0,125,0,0,0
15,87,5,6798.33947835391,4583.61250359988,9,0,0,184,0,0,0
15,87,6,7533.09411958577,2223.44565094928,16,0,0,182,0,0,0
15,87,7,24964.8986109333,9493.82399136924,63,0,0,174,0,0,0
15,87,8,0,8,0,0,0,0,0,0,0
15,88,1,5109.28223331433,1936.8440830346,0,0,0,170,0,0,0
15,88,2,5841.39647514966,1842.07879874643,1,0,0,182,0,0,0
15,88,3,5982.86227486485,4003.07164274489,3,0,0,221,0,0,0
15,88,4,5949.60733464935,4487.04535763269,0,0,0,159,0,0,0
15,88,5,7002.54676481148,2224.9525156016,16,0,0,195,0,0,0
15,88,6,7807.05794845133,3695.76875040491,1,0,0,195,0,0,0
15,88,7,25122.8012176263,6560.21196329207,44,0,0,223,0,0,0
15,88,8,0,8,0,0,0,0,0,0,0
15,89,1,5182.12187276746,2680.55664578831,8,0,0,155,0,0,0
15,89,2,5906.10623508541,3143.51664890724,4,0,0,162,0,0,0
15,89,3,6052.40665107153,2884.5308276141,52,0,0,161,0,0,0
15,89,4,6051.34366351567,1097.3420344488,54,0,0,200,0,0,0
15,89,5,7099.57714603837,1885.31721242804,11,0,0,171,0,0,0
15,89,6,7905.15931540245,2128.4516801834,41,0,0,175,0,0,0
15,89,7,25194.3799266452,7507.97609034894,85,0,0,265,0,0,0
15,89,8,0,8,0,0,0,0,0,0,0
15,90,1,5311.78129050885,1842.91071801183,12,0,0,183,0,0,0
15,90,2,6089.12588763426,2623.16409367492,12,0,0,226,0,0,0
15,90,3,6204.11287755096,2868.57016448564,16,0,0,175,0,0,0
15,90,4,6151.60647300862,2183.43696419882,0,0,0,109,0,0,0
15,90,5,7340.92946711274,2426.95563985064,0,0,0,188,0,0,0
15,90,6,8178.78516406059,4164.11540546398,6,0,0,167,0,0,0
15,90,7,25334.1989101563,10074.1451650788,78,0,0,206,0,0,0
15,90,8,0,8,0,0,0,0,0,0,0
15,91,1,5431.64880131029,4043.6075808464,0,0,0,183,0,0,0
15,91,2,6284.24179204394,3321.85817443715,0,0,0,262,0,0,0
15,91,3,6387.81240080592,3549.91458318787,4,0,0,220,0,0,0
15,91,4,6366.48878795644,2575.41073998177,0,0,0,212,0,0,0
15,91,5,7484.5619734834,4007.6194523276,4,0,0,173,0,0,0
15,91,6,8403.16288618526,4795.86589928891,13,0,0,200,0,0,0
15,91,7,25431.3725996373,9428.93432899299,49,0,0,218,0,0,0
15,91,8,0,8,0,0,0,0,0,0,0
15,92,1,5678.98197237087,1448.54128015693,9,0,0,275,0,0,1
15,92,2,6571.85286244807,2673.70946191062,6,0,0,243,0,0,0
15,92,3,6676.96048946081,3854.44647643798,6,0,0,262,0,0,0
15,92,4,6600.32987994886,2396.83613512003,4,0,0,193,0,0,0
15,92,5,7761.86098156691,4164.45767186972,15,0,0,182,0,0,0
15,92,6,8821.65548490424,2295.71677186099,14,0,0,272,0,0,0
15,92,7,25665.1153559489,13735.4609237185,54,0,0,183,0,0,4
15,92,8,0,8,0,0,0,0,0,0,0
15,93,1,5766.82634700479,3711.07754163151,0,0,0,144,0,0,0
15,93,2,6665.821374412,2633.45572606334,2,0,0,202,0,0,0
15,93,3,6856.47502389303,4089.89161254571,4,0,0,256,0,0,0
15,93,4,6776.03344978225,3363.35810658148,1,0,0,212,0,0,0
15,93,5,7945.8904032369,4204.95550308213,7,0,0,195,0,0,0
15,93,6,9045.4205214331,5689.50207707612,0,0,0,215,0,0,0
15,93,7,25794.5926406488,5910.8401292543,43,0,0,196,0,0,0
15,93,8,0,8,0,0,0,0,0,0,0
15,94,1,5843.73575616688,3606.95359731049,103,0,0,134,0,0,0
15,94,2,6760.37923188014,1956.37617979668,42,0,0,166,0,0,0
15,94,3,6935.17331539465,1630.56831244766,111,0,0,152,0,0,0
15,94,4,6891.06268518232,3959.32600124299,66,0,0,181,0,0,0
15,94,5,8043.98875238782,3616.22472113795,110,0,0,166,0,0,0
15,94,6,9211.27211905166,4905.36132632418,160,0,0,199,0,0,0
15,94,7,25859.8875928381,10668.9377888856,161,0,0,220,0,0,0
15,94,8,0,8,0,0,0,0,0,0,0
15,95,1,5996.71740266773,2310.13765575844,11,0,0,168,0,0,0
15,95,2,6918.16386192234,5007.00567726334,0,0,0,194,0,0,0
15,95,3,7141.05011444314,2566.75421288568,0,0,0,163,0,0,0
15,95,4,7126.93174690299,2452.04963330474,10,0,0,212,0,0,0
15,95,5,8336.74821024765,3884.05623040644,9,0,0,194,0,0,0
15,95,6,9572.04691397315,5632.40364149917,16,0,0,204,0,0,0
15,95,7,26015.0782553003,15712.8177997194,49,0,0,215,0,0,0
15,95,8,0,8,0,0,0,0,0,0,0
15,96,1,6090.18231365832,1981.74888511296,0,0,0,231,0,0,0
15,96,2,7034.17867249996,4082.57691386347,7,0,0,223,0,0,0
15,96,3,7275.51847869732,2869.31777459058,1,0,0,201,0,0,0
15,96,4,7228.57429261731,3820.91637028524,0,0,0,219,0,0,0
15,96,5,8465.04112824079,1509.41947738122,2,1,0,203,0,0,0
15,96,6,9769.55238480387,4555.69645069827,7,0,0,196,0,0,4
15,96,7,26046.0271174791,11612.2099691809,37,0,0,180,0,0,0
15,96,8,0,8,0,0,0,0,0,0,0
15,97,1,6242.34701487158,1877.87388257872,0,0,0,196,0,0,0
15,97,2,7218.71661347054,3394.6370109109,38,0,0,160,0,0,0
15,97,3,7448.38515996189,1854.46310000027,16,0,0,184,0,0,0
15,97,4,7437.89605546098,3989.79993390716,28,0,0,201,0,0,0
15,97,5,8638.28513122944,3510.10098668556,0,0,0,150,0,0,0
15,97,6,9994.46752677574,5109.2857020597,47,0,0,153,0,0,0
15,97,7,26182.9886160322,15833.3837318232,150,0,0,190,0,0,0
15,97,8,0,8,0,0,0,0,0,0,0
15,98,1,6307.50398758383,2028.75858727734,0,0,0,186,0,0,0
15,98,2,7312.16968099945,3312.36553737028,7,0,0,177,0,0,0
15,98,3,7567.89675939159,3336.01791144686,0,0,0,185,0,0,0
15,98,4,7521.56375977775,2231.49169960428,9,0,0,191,0,0,0
15,98,5,8774.87064159377,4285.30555565094,6,0,0,226,0,0,0
15,98,6,10127.8225569207,4562.79172170307,13,0,0,229,0,0,0
15,98,7,26233.7210965061,12011.147009703,65,0,0,248,0,0,0
15,98,8,0,8,0,0,0,0,0,0,0
15,99,1,6393.80556589059,3050.50782663358,0,0,0,202,0,0,0
15,99,2,7426.66191210775,3392.73158967351,18,0,0,186,0,0,0
15,99,3,7708.33359217924,2744.51598393622,16,0,0,187,0,0,0
15,99,4,7620.05062822972,1649.90207097332,4,0,0,189,0,0,0
15,99,5,8971.17624058165,4390.89269135876,30,0,0,191,0,0,0
15,99,6,10343.0784042375,3970.02811442262,31,0,0,189,0,0,4
15,99,7,26290.0479758181,16652.7417813684,120,0,0,253,0,0,0
15,99,8,0,8,0,0,0,0,0,0,0
15,100,1,6463.55261917805,2480.12191293236,7,0,0,159,0,0,0
15,100,2,7518.547060744,2860.37310723266,7,0,0,175,0,0,0
15,100,3,7832.65257064993,2863.45551182507,4,0,0,186,0,0,0
15,100,4,7707.13292442166,1288.68414798161,0,0,0,164,0,0,0
15,100,5,9126.40203614175,2274.49153594715,10,0,0,179,0,0,2
15,100,6,10474.0359354793,6952.54626157094,8,0,0,204,0,0,0
15,100,7,26337.8767060823,8141.09041146087,71,0,0,194,0,0,0
15,100,8,0,8,0,0,0,0,0,0,0
16,1,1,2770.088,1120.98898296372,0,0,0,57,0,0,0
16,1,2,2764.592,896.272945141275,0,0,0,26,0,0,0
16,1,3,2765.7184,1349.54807390483,0,0,0,30,0,0,0
16,1,4,2774.512,1046.07594053054,0,0,0,86,0,0,0
16,1,5,2765.68,910.145449619128,0,0,0,68,0,0,0
16,1,6,2773.952,798.356883362294,0,0,0,97,0,0,0
16,1,7,20506.2819199999,7135.89140948302,0,0,0,98,0,0,0
16,1,8,0,1,0,0,0,60,0,0,0
16,2,1,2783.112,1721.86824054557,0,0,0,112,0,0,0
16,2,2,2769.728,1598.46491774171,0,0,0,89,0,0,0
16,2,3,2784.8208,932.17929602792,0,0,0,134,0,0,0
16,2,4,2782.024,255.197897073763,0,0,0,104,0,0,0
16,2,5,2766.992,1005.60758877625,0,0,0,91,0,0,0
16,2,6,2778.912,1348.56528771162,0,0,0,79,0,0,0
16,2,7,20442.9219199998,8648.05290797886,14,6,0,211,0,0,0
16,2,8,0,1,0,0,0,0,0,0,0
16,3,1,2800.4704,1386.54913021555,0,16,0,136,0,0,0
16,3,2,2782.112,1023.74297915661,0,9,0,138,0,0,0
16,3,3,2792.5328,748.218240068074,0,0,0,93,0,0,0
16,3,4,2773.2256,1218.14822227454,0,0,0,25,0,0,0
16,3,5,2773.7456,340.370303245823,0,0,0,100,0,0,0
16,3,6,2792.3456,1439.7850540079,0,0,0,134,0,0,0
16,3,7,20386.5811199997,4712.44333320318,2,223,0,249,0,0,0
16,3,8,0,1,0,0,0,0,0,0,0
16,4,1,2817.2768,931.702378539695,0,0,0,138,0,0,0
16,4,2,2792.896,1112.6756500218,0,0,0,102,0,0,0
16,4,3,2793.2192,733.293002755897,0,0,0,74,0,0,0
16,4,4,2783.74592,1405.40179274363,0,0,0,121,0,0,0
16,4,5,2766.44159999999,1381.49331162418,0,0,0,34,0,0,0
16,4,6,2811.82848,1160.50304126598,0,0,0,143,0,0,0
16,4,7,20360.6156799996,4470.30733239459,33,0,0,196,0,0,0
16,4,8,0,1,0,0,0,0,0,0,0
16,5,1,2822.09632,919.151965336312,0,0,0,93,0,0,0
16,5,2,2801.0736,1341.34600887739,0,0,0,111,0,0,0
16,5,3,2792.74592,1610.39061454895,0,0,0,73,0,0,0
16,5,4,2792.48352,1640.53996248518,0,0,0,140,0,0,0
16,5,5,2778.47487999999,1320.69371534313,0,0,0,138,0,0,0
16,5,6,2823.02208,1629.53302752983,0,0,0,116,0,0,0
16,5,7,20320.9151999996,6228.1725180783,35,0,0,185,0,0,0
16,5,8,0,1,0,0,0,0,0,0,0
16,6,1,2831.47424,963.034989389826,0,0,0,91,0,0,0
16,6,2,2815.682304,515.60816036155,0,0,0,134,0,0,0
16,6,3,2812.76902400001,1377.05512235454,0,0,0,161,0,0,0
16,6,4,2812.04992000001,970.072121584741,0,0,0,164,0,0,0
16,6,5,2791.2112,826.152432302795,0,0,0,132,0,0,0
16,6,6,2848.48265984001,1439.54229553581,0,0,0,162,0,0,0
16,6,7,20297.3612799994,4153.97559179582,31,0,0,227,0,0,0
16,6,8,0,1,0,0,0,0,0,0,0
16,7,1,2826.785536,337.789420231341,0,43,0,53,0,0,0
16,7,2,2806.659584,166.458146634683,0,10,0,41,0,0,0
16,7,3,2807.91456000001,814.43296960664,0,61,0,76,0,0,0
16,7,4,2802.54720000001,1102.61748801124,0,53,0,44,0,0,0
16,7,5,2779.1936,1017.11126361221,0,44,0,38,0,0,0
16,7,6,2846.37507584001,1222.45800612269,0,84,0,59,0,0,0
16,7,7,20259.3656959994,10901.4445783117,0,198,0,217,0,0,0
16,7,8,0,1,0,0,0,0,0,0,0
16,8,1,2822.198336,1564.65950618255,0,0,0,33,0,0,0
16,8,2,2798.464128,1427.4830550609,0,0,0,16,0,0,0
16,8,3,2812.05504000001,1093.16497455549,0,0,0,81,0,0,0
16,8,4,2815.34361600001,957.081775798624,0,0,0,110,0,0,0
16,8,5,2791.19168,1511.1720867789,0,0,0,101,0,0,0
16,8,6,2864.81891584,730.349185283891,0,0,0,122,0,0,0
16,8,7,20252.0338559994,8970.69699885626,29,0,0,199,0,0,0
16,8,8,0,1,0,0,0,0,0,0,0
16,9,1,2840.677376,686.894958869906,0,0,0,156,0,0,0
16,9,2,2811.993728,1115.32083621799,0,0,0,142,0,0,0
16,9,3,2819.04864000001,1498.01616254819,0,0,0,109,0,0,0
16,9,4,2824.27488000001,1472.89966604828,0,0,0,95,0,0,0
16,9,5,2814.452096,590.600881574273,0,0,0,151,0,0,0
16,9,6,2873.16886784,1328.88709082701,0,0,0,73,0,0,0
16,9,7,20265.3588991994,12173.7635025618,16,0,0,297,0,0,6
16,9,8,0,1,0,0,0,0,0,0,0
16,10,1,2840.84544,703.492291430246,0,0,0,68,0,0,0
16,10,2,2817.496448,312.10449401365,0,0,0,111,0,0,0
16,10,3,2833.61824000001,1719.1043795061,0,0,0,149,0,0,0
16,10,4,2843.09120000001,836.806937547262,0,0,0,147,0,0,0
16,10,5,2817.223296,1453.36901451553,0,0,0,59,0,0,0
16,10,6,2894.50486784,461.71355414406,0,0,0,132,0,0,0
16,10,7,20256.3925119994,7030.11896540398,31,0,0,208,0,0,0
16,10,8,0,1,0,0,0,0,0,0,0
16,11,1,2838.85696,908.355422110235,0,0,0,70,0,0,0
16,11,2,2805.74702080001,1270.401603204,0,0,0,31,0,0,0
16,11,3,2854.51744000001,1033.34582157257,0,0,0,171,0,0,0
16,11,4,2847.48056320001,1441.43582104945,0,0,0,83,0,0,0
16,11,5,2838.03264,1527.4524758969,0,0,0,145,0,0,0
16,11,6,2892.89360384,939.524312813505,0,0,0,46,0,0,0
16,11,7,20241.3978239994,7841.52377462541,94,0,0,186,0,0,0
16,11,8,0,1,0,0,0,0,0,0,0
16,12,1,2842.33216,1134.89337577642,0,0,0,90,0,0,0
16,12,2,2811.52519680001,816.46597539368,0,0,0,127,0,0,0
16,12,3,2859.93696000001,1388.99658526537,0,0,0,103,0,0,0
16,12,4,2864.03179776001,1304.28610675322,0,0,0,144,0,0,0
16,12,5,2860.0849408,1399.20641064949,0,0,0,152,0,0,0
16,12,6,2903.94409984,1210.56286134869,0,0,0,93,0,0,0
16,12,7,20234.7354879993,11848.0309564601,73,0,0,214,0,0,0
16,12,8,0,1,0,0,0,0,0,0,0
16,13,1,2848.44550400001,1941.01579170223,0,0,0,113,0,0,0
16,13,2,2806.81767680001,618.148114889406,0,0,0,81,0,0,0
16,13,3,2872.19872000001,855.66119309058,0,0,0,138,0,0,0
16,13,4,2876.40498176001,970.810259974864,0,0,0,130,0,0,0
16,13,5,2873.59777280001,1856.01412545594,0,0,0,139,0,0,0
16,13,6,2921.44995584,877.379275143641,0,0,0,121,0,0,0
16,13,7,20227.5059967993,8257.09222596066,45,0,0,217,0,0,0
16,13,8,0,1,0,0,0,0,0,0,0
16,14,1,2868.99102720001,890.337745822603,8,0,0,165,0,0,0
16,14,2,2799.75032320001,941.047929897856,0,0,0,61,0,0,0
16,14,3,2876.13465600002,856.196774565597,0,0,0,85,0,0,0
16,14,4,2878.46361856001,1155.09846075258,0,0,0,97,0,0,0
16,14,5,2903.49536000001,1291.53242977427,1,0,0,182,0,0,0
16,14,6,2931.21201664001,1010.3552830911,0,0,0,87,0,0,0
16,14,7,20222.7664767992,5662.00167749633,168,0,0,217,0,0,0
16,14,8,0,1,0,0,0,0,0,0,0
16,15,1,2868.62539520001,790.851608298911,0,0,0,89,0,0,0
16,15,2,2801.09425664001,1046.84003320018,0,0,0,94,0,0,0
16,15,3,2873.30542080002,1135.49505053763,0,0,0,85,0,0,0
16,15,4,2882.12896256001,1143.59727596158,0,0,0,115,0,0,0
16,15,5,2913.71015680001,1217.78366014473,0,0,0,129,0,0,0
16,15,6,2940.41688064001,1671.66625759473,0,0,0,101,0,0,0
16,15,7,20214.6862847991,4313.25213261234,145,0,0,203,0,0,0
16,15,8,0,1,0,0,0,0,0,0,0
16,16,1,2855.29579520002,940.118358267901,0,32,0,47,0,0,0
16,16,2,2789.29170944002,1396.30562945535,0,46,0,58,0,0,0
16,16,3,2859.19475200002,910.538149956552,0,59,0,54,0,0,0
16,16,4,2863.39040256001,1022.90462848662,0,73,0,41,0,0,0
16,16,5,2908.42172160002,1322.23267246836,0,58,0,63,0,0,0
16,16,6,2941.00848640001,719.567191615906,0,93,0,74,0,0,0
16,16,7,20201.794444799,5532.9289414676,5,147,0,164,0,0,0
16,16,8,0,1,0,0,0,0,0,0,0
16,17,1,2858.59920640002,1474.99079680957,0,0,0,94,0,0,0
16,17,2,2805.91556096001,876.648724799794,0,0,0,139,0,0,0
16,17,3,2862.27521280002,989.266689351178,0,0,0,91,0,0,0
16,17,4,2870.18350336001,943.092343074312,0,0,0,102,0,0,0
16,17,5,2932.78760960002,907.842089187822,0,0,0,132,0,0,0
16,17,6,2947.92343040001,430.393802710166,0,0,0,71,0,0,0
16,17,7,20212.836812799,8146.53684565366,31,0,0,176,0,0,0
16,17,8,0,1,0,0,0,0,0,0,0
16,18,1,2878.28447744002,1506.74673322165,0,0,0,147,0,0,0
16,18,2,2811.49145669633,1181.50120861723,0,0,0,87,0,0,0
16,18,3,2873.2747258061,1392.49937602413,0,0,0,98,0,0,0
16,18,4,2879.35747072001,1176.25444005538,0,0,0,94,0,0,0
16,18,5,2948.29153996802,1552.21851614285,0,0,0,90,0,0,0
16,18,6,2953.97573120001,586.981544194106,0,0,0,43,0,0,0
16,18,7,20234.4039930869,6740.95479958567,30,0,0,193,0,0,0
16,18,8,0,1,0,0,0,0,0,0,0
16,19,1,2895.23109120002,1981.48874575096,0,0,0,150,0,0,0
16,19,2,2812.59789330433,886.104726929497,0,0,0,118,0,0,0
16,19,3,2885.2072570061,1251.18214785657,0,0,0,139,0,0,0
16,19,4,2888.62544844801,986.8927069256,0,0,0,117,0,0,0
16,19,5,2974.17163212802,1638.13117177889,0,0,0,155,0,0,0
16,19,6,2958.58571520001,1134.12895418884,0,0,0,58,0,0,0
16,19,7,20243.4681722869,10118.7673647256,40,0,0,191,0,0,0
16,19,8,0,1,0,0,0,0,0,0,0
16,20,1,2920.41009664002,911.095013884726,0,0,0,175,0,0,0
16,20,2,2811.02404564993,1791.81340728019,0,0,0,88,0,0,0
16,20,3,2896.4029280461,1684.7097706954,0,0,0,125,0,0,0
16,20,4,2897.03381196802,741.703525319367,0,0,0,98,0,0,0
16,20,5,3008.10165760002,2135.13149408759,0,0,0,163,0,0,0
16,20,6,2979.00101120001,1575.36708519173,0,0,0,113,0,0,0
16,20,7,20274.3615508468,3511.17621154565,36,0,0,242,0,0,0
16,20,8,0,1,0,0,0,0,0,0,0
16,21,1,2914.41763788802,1584.15355954013,41,0,0,46,0,0,0
16,21,2,2810.08411441154,1015.78790555437,79,0,0,92,0,0,0
16,21,3,2897.1373541581,718.298841475424,70,0,0,91,0,0,0
16,21,4,2890.75469004802,1392.38425716872,19,0,0,53,0,0,0
16,21,5,3023.35050434562,634.427445792191,93,0,0,111,0,0,0
16,21,6,2993.06785955841,1146.21700757777,51,0,0,101,0,0,0
16,21,7,20283.0753807347,8263.47888990754,138,0,0,199,0,0,0
16,21,8,0,1,0,0,0,0,0,0,0
16,22,1,2935.26187499522,763.14678083949,0,0,0,158,0,0,0
16,22,2,2816.7958929572,2038.97448142573,0,0,0,101,0,0,0
16,22,3,2895.1576165581,2165.87246688431,0,0,0,71,0,0,0
16,22,4,2907.55248588802,990.346207282024,0,0,0,139,0,0,0
16,22,5,3030.36227573762,1383.47747645641,0,0,0,63,0,0,0
16,22,6,3008.09631139841,1131.58924845297,0,0,0,114,0,0,0
16,22,7,20259.4241095667,5454.56169029608,39,0,0,177,0,0,0
16,22,8,0,1,0,0,0,0,0,0,0
16,23,1,2936.67792363522,1558.4274502807,0,0,0,76,0,0,0
16,23,2,2829.8331281572,1132.320476286,29,0,0,135,0,0,0
16,23,3,2914.9780638925,871.27042345761,28,0,0,152,0,0,0
16,23,4,2918.41422745602,1080.14543542512,0,0,0,99,0,0,0
16,23,5,3053.03098869762,785.154900834778,0,0,0,138,0,0,0
16,23,6,3020.11881492481,1789.4332570364,0,0,0,113,0,0,0
16,23,7,20240.6842951666,6975.64905805933,146,0,0,209,0,0,0
16,23,8,0,1,0,0,0,0,0,0,0
16,24,1,2949.09679982593,1958.74031840129,0,0,0,155,0,0,0
16,24,2,2839.6379102372,980.885573623987,0,0,0,113,0,0,0
16,24,3,2916.9745853645,522.104774250991,0,0,0,87,0,0,0
16,24,4,2921.09090619394,1709.49009176596,0,0,0,108,0,0,0
16,24,5,3051.84291112962,1451.61987971568,0,0,0,78,0,0,0
16,24,6,3047.07090237441,1272.35449822807,0,0,0,178,0,0,0
16,24,7,20212.2565063665,10600.3363486532,67,0,0,188,0,0,0
16,24,8,0,1,0,0,0,0,0,0,0
16,25,1,2981.60270518274,1484.31716530934,0,0,0,195,0,0,0
16,25,2,2843.28487761513,1134.77865394736,0,0,0,98,0,0,0
16,25,3,2911.13375899651,1066.44314525884,0,0,0,52,0,0,0
16,25,4,2945.73421123586,1401.03313347831,0,0,0,170,0,0,0
16,25,5,3080.52451174402,943.089633584527,0,0,0,145,0,0,0
16,25,6,3068.82024900609,515.560980809519,0,0,0,127,0,0,0
16,25,7,20215.3645804734,9667.32693490405,0,42,0,243,0,0,0
16,25,8,0,1,0,0,0,0,0,0,0
16,26,1,2990.00239593474,1006.06687786228,0,0,0,148,0,0,0
16,26,2,2846.19270737512,1669.75278334934,0,0,0,113,0,0,0
16,26,3,2910.8133365965,839.990887794904,0,0,0,106,0,0,0
16,26,4,2955.99458678786,1841.24690302834,0,0,0,140,0,0,0
16,26,5,3085.22832998402,1105.75481436978,0,0,0,94,0,0,0
16,26,6,3064.17347780609,1136.69552768881,0,0,0,51,0,0,0
16,26,7,20192.6665510078,9233.02773373171,0,259,0,233,0,0,0
16,26,8,0,1,0,0,0,0,0,0,0
16,27,1,3002.8696844493,723.910367164869,0,0,0,100,0,0,0
16,27,2,2872.07508301007,1172.22939116638,0,0,0,166,0,0,0
16,27,3,2915.4356833485,1109.71029503463,0,0,0,83,0,0,0
16,27,4,2995.29213763094,1712.07626055347,0,0,0,184,0,0,0
16,27,5,3107.34183491995,1292.38000070227,0,0,0,110,0,0,0
16,27,6,3089.13330896898,1245.6467854873,0,0,0,113,0,0,0
16,27,7,20234.0709354931,10784.7103476497,30,0,0,210,0,0,0
16,27,8,0,1,0,0,0,0,0,0,0
16,28,1,3005.01173218101,1237.11586355129,0,0,0,72,0,0,0
16,28,2,2877.643776426,1892.89862090589,0,0,0,117,0,0,0
16,28,3,2919.06517743618,1040.4126133461,0,0,0,110,0,0,0
16,28,4,3013.74412867095,1092.76180201984,0,0,0,171,0,0,0
16,28,5,3123.94138610075,1097.0191113116,0,0,0,129,0,0,0
16,28,6,3097.57471328258,807.867113731918,0,0,0,124,0,0,0
16,28,7,20251.0039693427,4919.60181339434,25,1,0,192,0,0,0
16,28,8,0,1,0,0,0,0,0,0,0
16,29,1,3016.69123705653,1320.96478497398,0,0,0,123,0,0,0
16,29,2,2901.5461604516,1601.5036553036,2,0,0,179,0,0,0
16,29,3,2925.2565302518,1322.598822161,0,0,0,104,0,0,0
16,29,4,3018.49739136535,859.81604649518,0,0,0,109,0,0,0
16,29,5,3132.10693321115,1381.80632266208,0,0,0,109,0,0,0
16,29,6,3109.64156563458,1060.30017814382,0,0,0,80,0,0,0
16,29,7,20245.7550887026,6475.52059601363,80,0,0,147,0,0,0
16,29,8,0,1,0,0,0,0,0,0,0
16,30,1,3028.78749648079,859.101322078582,0,0,0,132,0,0,0
16,30,2,2915.77070675151,1293.13654737728,0,0,0,160,0,0,0
16,30,3,2926.53502892116,856.906000623604,0,0,0,132,0,0,0
16,30,4,3015.39977230256,1040.51785413088,0,0,0,85,0,0,0
16,30,5,3147.79069989275,1881.41894603785,0,0,0,138,0,0,0
16,30,6,3119.30492880898,1329.08328876238,0,0,0,106,0,0,0
16,30,7,20253.0871117119,2847.01375924783,39,0,0,223,0,0,0
16,30,8,0,1,0,0,0,0,0,0,0
16,31,1,3015.05504515279,600.513933668508,0,30,0,55,0,0,0
16,31,2,2902.20224339151,1787.78254625226,0,73,0,56,0,0,0
16,31,3,2905.38427861076,1375.51148948926,0,47,0,38,0,0,0
16,31,4,3001.44529268656,931.401983401556,0,56,0,48,0,0,0
16,31,5,3146.89391194523,1497.67122763192,0,101,0,87,0,0,0
16,31,6,3116.66324391938,919.029493913848,0,70,0,62,0,0,0
16,31,7,20225.0867021119,8234.14761393342,0,148,0,136,0,0,0
16,31,8,0,1,0,0,0,0,0,0,0
16,32,1,3015.24730985679,1084.09813938661,0,0,0,60,0,0,0
16,32,2,2930.50151356746,1542.96945939164,0,0,0,178,0,0,0
16,32,3,2931.89562816596,1658.88942592265,0,0,0,137,0,0,0
16,32,4,3011.92044711856,1474.68382329209,0,0,0,93,0,0,0
16,32,5,3179.61030371329,1240.12391068944,0,0,0,149,0,0,0
16,32,6,3141.56637302786,960.416843214964,0,0,0,91,0,0,0
16,32,7,20248.6718459854,11106.4230104936,27,0,0,181,0,0,0
16,32,8,0,1,0,0,0,0,0,0,0
16,33,1,3027.64696362191,1397.68364125137,0,0,0,108,0,0,0
16,33,2,2954.72468079564,1507.63493711584,0,0,0,154,0,0,0
16,33,3,2952.69000673974,346.904568268548,0,0,0,165,0,0,0
16,33,4,3036.41423724464,1593.63115771019,0,0,0,147,0,0,0
16,33,5,3200.60992045467,1131.41165690607,0,0,0,124,0,0,0
16,33,6,3160.58092466179,985.27434949385,0,0,0,96,0,0,0
16,33,7,20260.1221382529,5019.09490502796,25,0,0,165,0,0,0
16,33,8,0,1,0,0,0,0,0,0,0
16,34,1,3052.63003628751,1381.99720619314,0,0,0,139,0,0,0
16,34,2,2983.22914279806,1024.54907511553,0,0,0,150,0,0,0
16,34,3,2947.6834650591,1800.82233180901,0,0,0,34,0,0,0
16,34,4,3066.80326969264,858.286736335021,0,0,0,159,0,0,0
16,34,5,3225.21787847067,2059.12375245086,0,0,0,113,0,0,0
16,34,6,3182.85513357724,646.254973684867,0,0,0,98,0,0,0
16,34,7,20298.3707734983,8480.05829256818,17,0,0,271,0,0,2
16,34,8,0,1,0,0,0,0,0,0,0
16,35,1,3068.68139615439,785.469927216296,0,0,0,138,0,0,0
16,35,2,2989.30084194686,1306.22588238115,0,0,0,102,0,0,0
16,35,3,2978.02677405627,1703.71001272035,0,0,0,180,0,0,0
16,35,4,3073.49184489392,770.476680231359,0,0,0,85,0,0,0
16,35,5,3261.9741824377,1629.72334815109,0,0,0,184,0,0,0
16,35,6,3190.78676199836,1082.41555693931,0,0,0,64,0,0,0
16,35,7,20313.2459576262,10201.6007381612,23,0,0,251,0,0,0
16,35,8,0,1,0,0,0,0,0,0,0
16,36,1,3087.2305195426,1918.99994070305,0,0,0,78,0,0,0
16,36,2,3014.10342061999,1495.83162106719,0,0,0,130,0,0,0
16,36,3,3018.81190009158,729.150332888161,0,0,0,170,0,0,0
16,36,4,3084.91350270458,1272.29264675436,0,0,0,77,0,0,0
16,36,5,3316.97510455396,881.842958389807,0,0,0,162,0,0,0
16,36,6,3222.30970497846,1742.8489251959,0,0,0,108,0,0,0
16,36,7,20347.928367303,5556.06261884744,25,0,0,199,0,0,0
16,36,8,0,1,0,0,0,0,0,0,0
16,37,1,3126.59970032929,804.456494818451,0,0,0,191,0,0,0
16,37,2,3045.55035021015,1697.78845847081,0,0,0,149,0,0,0
16,37,3,3025.79577612924,1558.12170132996,0,0,0,72,0,0,0
16,37,4,3110.20899037281,1041.05981183575,0,0,0,127,0,0,0
16,37,5,3337.80257880163,682.674302829724,0,0,0,88,0,0,0
16,37,6,3263.5223103906,1124.84596448495,0,0,0,174,0,0,0
16,37,7,20359.350643911,8577.82293505276,31,0,0,197,0,0,0
16,37,8,0,1,0,0,0,0,0,0,0
16,38,1,3126.43507376949,1498.73900561092,0,0,0,80,0,0,0
16,38,2,3066.30379014257,1541.23346732311,0,0,0,169,0,0,0
16,38,3,3052.14540855523,1378.28994202686,0,0,0,155,0,0,0
16,38,4,3118.87444688992,981.480495569727,0,0,0,104,0,0,0
16,38,5,3346.24373460682,1272.30298313997,0,0,0,68,0,0,0
16,38,6,3280.17420760763,1223.3084739134,0,0,0,112,0,0,0
16,38,7,20355.2241049337,8735.50713427202,38,0,0,177,0,0,0
16,38,8,0,1,0,0,0,0,0,0,0
16,39,1,3144.52760912923,1579.40778258545,0,0,0,149,0,0,0
16,39,2,3080.39061455792,1391.62779886776,0,0,0,154,0,0,0
16,39,3,3060.99930708604,1498.91724067185,0,0,0,137,0,0,0
16,39,4,3124.52906307762,1395.76890576586,0,0,0,98,0,0,0
16,39,5,3356.37226142549,814.652365672041,0,0,0,127,0,0,0
16,39,6,3294.03639563962,1832.39965591924,0,0,0,122,0,0,0
16,39,7,20399.4103833337,7197.18462301265,21,0,0,465,0,0,1
16,39,8,0,1,0,0,0,0,0,0,0
16,40,1,3157.16486765594,1139.81374912474,1,0,0,156,0,0,0
16,40,2,3092.99575940017,1173.60859594058,0,0,0,139,0,0,0
16,40,3,3077.90725577831,1787.35750595196,3,0,0,144,0,0,0
16,40,4,3135.99555657412,1496.05220404668,6,0,0,128,0,0,0
16,40,5,3361.44792875042,1453.84341069385,0,0,0,81,0,0,0
16,40,6,3318.92792792762,1639.54920630011,12,0,0,160,0,0,0
16,40,7,20417.1840025258,10990.0887409086,231,0,0,280,0,0,0
16,40,8,0,1,0,0,0,0,0,0,0
16,41,1,3178.55453029448,1684.79895825057,0,0,0,113,0,0,0
16,41,2,3116.80006217907,1320.08276870171,0,0,0,117,0,0,0
16,41,3,3121.91710916411,1814.15007652073,0,0,0,178,0,0,0
16,41,4,3181.50251362632,1521.06948384869,0,0,0,149,0,0,0
16,41,5,3411.99473358003,1366.07777149727,0,0,0,145,0,0,0
16,41,6,3370.60214719039,1672.28013614822,0,0,0,163,0,0,0
16,41,7,20451.1972941359,6400.72955940466,0,39,0,192,0,0,0
16,41,8,0,1,0,0,0,0,0,0,0
16,42,1,3183.70167404035,1427.82969258487,0,58,0,98,0,0,0
16,42,2,3135.07492791031,1418.75499164611,0,7,0,123,0,0,0
16,42,3,3135.27920832258,1113.39226008851,0,46,0,126,0,0,0
16,42,4,3205.8669082642,1912.65105969168,0,20,0,128,0,0,0
16,42,5,3432.15605312065,835.061247088411,0,18,0,115,0,0,0
16,42,6,3399.37102464718,1089.43265106802,0,49,0,108,0,0,0
16,42,7,20470.285293878,9617.456128563,2,223,0,240,0,0,0
16,42,8,0,1,0,0,0,0,0,0,0
16,43,1,3202.27690637297,1540.93552012389,0,0,0,142,0,0,0
16,43,2,3154.86535949407,1720.64266583676,0,0,0,141,0,0,0
16,43,3,3140.97565394755,1603.49339100019,0,0,0,111,0,0,0
16,43,4,3232.23769106613,1293.64471187612,0,0,0,186,0,0,0
16,43,5,3440.86138864209,1608.267823104,0,0,0,83,0,0,0
16,43,6,3417.63462221518,1010.80622358477,0,0,0,108,0,0,0
16,43,7,20506.3042863541,9677.92957260598,24,0,0,249,0,0,0
16,43,8,0,1,0,0,0,0,0,0,0
16,44,1,3221.3420352848,775.412346991929,0,0,0,154,0,0,0
16,44,2,3175.64663706325,1364.13576379893,0,0,0,172,0,0,0
16,44,3,3167.68293103936,1619.50820599055,0,0,0,160,0,0,0
16,44,4,3249.4052063101,843.778670006315,0,0,0,129,0,0,0
16,44,5,3467.67459849424,1428.70285632645,0,0,0,160,0,0,0
16,44,6,3439.04326579918,1500.73827456632,0,0,0,101,0,0,0
16,44,7,20538.4269101839,7814.49629253918,20,0,0,211,0,0,0
16,44,8,0,1,0,0,0,0,0,0,0
16,45,1,3219.79459882861,1122.72472993659,0,0,0,77,0,0,0
16,45,2,3190.82192358475,1493.76113893384,0,0,0,136,0,0,0
16,45,3,3205.73407663568,1832.7910173783,0,0,0,161,0,0,0
16,45,4,3249.59544197039,1561.68491358909,0,0,0,84,0,0,0
16,45,5,3491.01503389505,1169.19654253049,0,0,0,142,0,0,0
16,45,6,3470.62345223984,1464.81081988483,0,0,0,150,0,0,0
16,45,7,20571.2566477952,15857.9577501493,40,0,0,233,0,0,1
16,45,8,0,1,0,0,0,0,0,0,0
16,46,1,3220.71544063444,1469.81049824776,0,0,0,112,0,0,0
16,46,2,3195.6709518165,1021.18097148831,0,0,0,149,0,0,0
16,46,3,3222.57134650176,732.07294479645,0,0,0,183,0,0,0
16,46,4,3262.30195626759,1079.72083566015,0,0,0,156,0,0,0
16,46,5,3501.49097293305,1457.48805793778,0,0,0,116,0,0,0
16,46,6,3495.31602911024,1276.81328341159,0,0,0,146,0,0,0
16,46,7,20578.8586204288,11537.6363110166,36,0,0,220,0,0,0
16,46,8,0,1,0,0,0,0,0,0,0
16,47,1,3233.47437861635,1530.22892262428,0,0,0,146,0,0,0
16,47,2,3194.25410619002,2443.22239887889,0,0,0,102,0,0,0
16,47,3,3220.69224371122,1482.5804399924,0,0,0,73,0,0,0
16,47,4,3261.73534638166,483.056808731794,0,0,0,107,0,0,0
16,47,5,3520.50260239665,1486.8176135424,0,0,0,145,0,0,0
16,47,6,3523.68908577972,1621.25825403006,0,0,0,127,0,0,0
16,47,7,20586.7776154604,6586.20742687003,129,0,0,158,0,0,0
16,47,8,0,1,0,0,0,0,0,0,0
16,48,1,3238.14023410326,1006.72195136645,25,0,0,113,0,0,0
16,48,2,3202.82677329772,1736.47225408905,75,0,0,124,0,0,0
16,48,3,3235.15430579404,1183.68616753928,0,0,0,148,0,0,0
16,48,4,3249.26232035152,1513.86598873371,0,0,0,48,0,0,0
16,48,5,3548.26522179822,839.990790141159,2,0,0,145,0,0,0
16,48,6,3555.84230580122,1538.74389833758,16,0,0,136,0,0,0
16,48,7,20600.7663334543,12489.8998475191,168,3,0,170,0,0,9
16,48,8,0,1,0,0,0,0,0,0,0
16,49,1,3239.7834046628,1111.86863130819,0,0,0,100,0,0,0
16,49,2,3230.65211926494,1405.40692875177,0,0,0,173,0,0,0
16,49,3,3241.48000601499,1318.84445177261,0,0,0,118,0,0,0
16,49,4,3256.09649066453,2751.29368313666,0,0,0,151,0,0,0
16,49,5,3541.98934805548,1251.141084148,0,0,0,83,0,0,0
16,49,6,3578.89870577562,1379.26985789985,0,0,0,153,0,0,0
16,49,7,20608.5472371044,7340.38280430963,1,42,0,186,0,0,0
16,49,8,0,1,0,0,0,0,0,0,0
16,50,1,3219.67912528693,1467.33325492776,0,77,0,34,0,0,0
16,50,2,3220.6806523278,785.236783944527,0,82,0,58,0,0,0
16,50,3,3222.94970478797,862.446880347531,0,69,0,62,0,0,0
16,50,4,3265.80911670666,678.899069153893,0,119,0,156,0,0,0
16,50,5,3528.52100623404,1778.34296986002,0,65,0,60,0,0,0
16,50,6,3572.01449372943,1098.0924879358,0,75,0,62,0,0,0
16,50,7,20646.8595605647,11742.2662029886,0,319,0,284,0,0,6
16,50,8,0,1,0,0,0,0,0,0,0
16,51,1,3237.92676601026,1159.31101508005,0,0,0,146,0,0,0
16,51,2,3225.26364333079,1288.71522298322,0,0,0,78,0,0,0
16,51,3,3229.83999520875,1259.91985761419,0,0,0,86,0,0,0
16,51,4,3270.36259938804,708.50038376001,0,0,0,67,0,0,0
16,51,5,3563.51809803439,1808.35596237788,0,0,0,177,0,0,0
16,51,6,3588.67978621895,1816.88505724904,0,0,0,109,0,0,0
16,51,7,20677.6054519951,5359.44267743392,30,0,0,180,0,0,0
16,51,8,0,1,0,0,0,0,0,0,0
16,52,1,3256.91429047984,1732.08457533575,0,0,0,115,0,0,0
16,52,2,3240.57279046231,979.722909809569,0,0,0,128,0,0,0
16,52,3,3244.92378306027,1584.73207074795,0,0,0,125,0,0,0
16,52,4,3276.59852432725,919.857995261351,0,0,0,70,0,0,0
16,52,5,3598.7989806211,1884.7145050867,0,0,0,180,0,0,0
16,52,6,3625.69333619554,563.853174822946,0,0,0,172,0,0,0
16,52,7,20704.5738596495,13830.0842463433,27,0,0,168,0,0,0
16,52,8,0,1,0,0,0,0,0,0,0
16,53,1,3286.28522372644,987.216127376334,0,0,0,173,0,0,0
16,53,2,3249.57050820944,1207.00852627863,0,0,0,97,0,0,0
16,53,3,3267.81347089774,890.449060767942,0,0,0,158,0,0,0
16,53,4,3281.05242230834,1275.65200375444,0,0,0,91,0,0,0
16,53,5,3635.01952388794,2363.78952182986,0,0,0,188,0,0,0
16,53,6,3631.16017662408,1202.96246679054,0,0,0,56,0,0,0
16,53,7,20740.6217513922,9534.69330158843,25,1,0,263,0,0,0
16,53,8,0,1,0,0,0,0,0,0,0
16,54,1,3297.91177208643,1583.86951647038,0,0,0,98,0,0,0
16,54,2,3266.74625200627,1330.45916514635,0,0,0,120,0,0,0
16,54,3,3275.21728569816,1565.47349664364,0,0,0,89,0,0,0
16,54,4,3302.91801159071,1137.06647639584,0,0,0,127,0,0,0
16,54,5,3670.77305696144,869.392727161421,4,0,0,176,0,0,0
16,54,6,3652.36929078084,2189.04589944282,0,0,0,120,0,0,0
16,54,7,20780.770917428,6896.62059270129,49,0,0,223,0,0,0
16,54,8,0,1,0,0,0,0,0,0,0
16,55,1,3324.24306549263,1398.08600521099,4,0,0,145,0,0,0
16,55,2,3287.77415940399,1078.72872781484,0,0,0,133,0,0,0
16,55,3,3302.41629868851,1390.53377037332,1,0,0,153,0,0,0
16,55,4,3313.81089748904,1545.16800899319,0,0,0,113,0,0,0
16,55,5,3686.09270858789,1406.85624780431,0,0,0,86,0,0,0
16,55,6,3694.13683038261,977.446169574868,15,0,0,169,0,0,0
16,55,7,20809.4806621294,8807.77923617622,159,0,0,164,0,0,0
16,55,8,0,1,0,0,0,0,0,0,0
16,56,1,3363.46562054743,1413.1451651922,0,0,0,139,0,0,0
16,56,2,3316.39550352129,1638.91092341089,0,0,0,107,0,0,0
16,56,3,3352.88455597984,1182.87889042981,0,0,0,139,0,0,0
16,56,4,3365.86874853265,1606.94494814364,0,0,0,154,0,0,0
16,56,5,3743.0079796179,1500.46201592794,0,0,0,140,0,0,0
16,56,6,3735.4523246419,1760.40094031968,0,0,0,97,0,0,0
16,56,7,20907.7152284476,5670.14103087255,61,0,0,204,0,0,0
16,56,8,0,1,0,0,0,0,0,0,0
16,57,1,3381.70911337254,834.569381455316,5,0,0,134,0,0,0
16,57,2,3330.78830911119,2279.21409929595,29,0,0,126,0,0,0
16,57,3,3360.34000788715,1616.99313849744,0,0,0,118,0,0,0
16,57,4,3374.97471977423,581.402711891487,37,0,0,112,0,0,0
16,57,5,3759.50582614244,1197.19344442519,23,0,0,120,0,0,0
16,57,6,3776.38403256179,1816.96471573207,15,0,0,156,0,0,0
16,57,7,20971.1678567303,4955.43102760163,213,0,0,246,0,0,12
16,57,8,0,1,0,0,0,0,0,0,0
16,58,1,3401.55064503603,1202.32696776848,0,0,0,83,0,0,0
16,58,2,3387.13792158873,1701.85993325856,26,0,0,175,0,0,0
16,58,3,3385.4332236432,718.629805520932,18,0,0,125,0,0,0
16,58,4,3374.28182463587,1800.91889806299,0,0,0,58,0,0,0
16,58,5,3799.2092620366,1370.03974079571,0,0,0,119,0,0,0
16,58,6,3835.21864960812,1567.92589425953,16,0,0,149,0,0,0
16,58,7,21035.7813707579,8322.09377106089,155,0,0,182,0,0,1
16,58,8,0,1,0,0,0,0,0,0,0
16,59,1,3414.16061512347,1519.05291240087,0,0,0,120,0,0,0
16,59,2,3422.24385701567,522.401354564156,0,0,0,170,0,0,0
16,59,3,3382.71104211832,2224.34636349556,0,0,0,71,0,0,0
16,59,4,3397.75819840451,1509.91075621445,0,0,0,180,0,0,0
16,59,5,3827.60065246073,1169.05294821507,0,0,0,137,0,0,0
16,59,6,3882.213608129,1342.10128980464,0,0,0,156,0,0,0
16,59,7,21095.4962629801,5226.31282340431,45,0,0,206,0,0,0
16,59,8,0,1,0,0,0,0,0,0,0
16,60,1,3429.27915621851,973.423590404121,17,0,0,123,0,0,0
16,60,2,3410.01153826658,1874.30664185445,0,0,0,52,0,0,0
16,60,3,3393.73812582078,1264.21312443858,59,0,0,122,0,0,0
16,60,4,3411.11545788609,734.535641031061,5,0,0,142,0,0,0
16,60,5,3844.48334604052,1727.42591545602,0,0,0,116,0,0,0
16,60,6,3921.24093460585,1078.74287283797,0,0,0,134,0,0,0
16,60,7,21163.1676276125,10298.3253881837,182,0,0,213,0,0,0
16,60,8,0,1,0,0,0,0,0,0,0
16,61,1,3428.68964201625,2311.64551247361,0,0,0,97,0,0,0
16,61,2,3435.58488709493,1232.69327293227,0,0,0,187,0,0,0
16,61,3,3404.41373916496,1444.50925702125,0,0,0,126,0,0,0
16,61,4,3399.60021967117,1236.67487223958,0,0,0,73,0,0,0
16,61,5,3869.64003383759,1558.72205033296,0,0,0,172,0,0,0
16,61,6,3940.71043025869,1569.58679448728,0,0,0,107,0,0,0
16,61,7,21237.1668772343,9030.17059786831,38,0,0,262,0,0,0
16,61,8,0,1,0,0,0,0,0,0,0
16,62,1,3465.56703834703,1863.51396316432,2,0,0,185,0,0,2
16,62,2,3466.64172782665,2435.9933293891,0,0,0,123,0,0,0
16,62,3,3443.11173666515,1066.4337820865,0,0,0,144,0,0,0
16,62,4,3410.73819613673,1113.09999963593,0,0,0,123,0,0,0
16,62,5,3902.90481386382,2082.49670235749,0,0,0,155,0,0,0
16,62,6,3983.51929382513,1081.91776733588,0,0,0,156,0,0,0
16,62,7,21299.501665085,8792.06689054595,50,0,0,205,0,0,0
16,62,8,0,1,0,0,0,0,0,0,0
16,63,1,3500.78571668137,1400.84906439705,0,0,0,184,0,0,0
16,63,2,3517.90000655719,1409.45433156743,4,0,0,188,0,0,0
16,63,3,3458.06056182661,1411.08166387352,0,0,0,106,0,0,0
16,63,4,3416.78104715973,1647.98821099283,0,0,0,111,0,0,0
16,63,5,3960.6022340078,1533.02168594682,0,0,0,208,0,0,0
16,63,6,4017.01214884251,1803.3914852898,0,0,0,108,0,0,0
16,63,7,21406.7472450043,8075.90834053032,48,0,0,312,0,0,0
16,63,8,0,1,0,0,0,0,0,0,0
16,64,1,3531.65144135693,2067.34904159592,0,0,0,140,0,0,0
16,64,2,3548.25071731706,1579.66090313988,0,0,0,140,0,0,0
16,64,3,3480.2052656029,798.186398906667,0,0,0,141,0,0,0
16,64,4,3445.30588633138,1432.45007888234,0,0,0,164,0,0,0
16,64,5,3995.28452402584,1806.60919022828,0,0,0,153,0,0,0
16,64,6,4079.67154419748,1731.28198035783,0,0,0,174,0,0,0
16,64,7,21444.5100485393,9395.93748467449,0,93,0,171,0,0,0
16,64,8,0,1,0,0,0,0,0,0,0
16,65,1,3583.17013829028,1471.1206929302,0,0,0,199,0,0,0
16,65,2,3595.89532947036,1279.86182796934,0,0,0,157,0,0,0
16,65,3,3493.90914006229,1398.90742569542,0,0,0,79,0,0,0
16,65,4,3459.16340031279,1875.66234996797,0,0,0,143,0,0,0
16,65,5,4057.59215868841,1160.32304008316,0,0,0,180,0,0,0
16,65,6,4143.76488062274,1813.46684297577,0,0,0,173,0,0,0
16,65,7,21529.3473299257,9222.84141687294,29,0,0,223,0,0,0
16,65,8,0,1,0,0,0,0,0,0,0
16,66,1,3603.34121721869,1509.44709044757,0,0,0,147,0,0,0
16,66,2,3600.62589816306,1187.21917426851,0,0,0,127,0,0,0
16,66,3,3491.89524998315,1368.3767772286,0,0,0,139,0,0,0
16,66,4,3486.46674098203,2086.42900653421,0,0,0,186,0,0,0
16,66,5,4059.10899089703,1592.19229500345,0,0,0,116,0,0,0
16,66,6,4189.95680656145,2515.58066223043,0,1,0,165,0,0,0
16,66,7,21578.702654125,7242.91570134041,0,47,0,215,0,0,0
16,66,8,0,1,0,0,0,0,0,0,0
16,67,1,3593.08074221123,1137.57280855647,0,87,0,63,0,0,0
16,67,2,3583.45205857762,1511.66900774039,0,61,0,57,0,0,0
16,67,3,3465.17946059592,1038.65624495269,0,74,0,62,0,0,0
16,67,4,3494.60574121605,1542.94991744115,0,107,0,101,0,0,0
16,67,5,4066.03532857519,1486.86121545253,0,66,0,93,0,0,0
16,67,6,4211.34696184091,2072.77183043147,0,136,0,115,0,0,0
16,67,7,21617.6017345544,10922.5785640057,6,163,0,170,0,0,0
16,67,8,0,1,0,0,0,0,0,0,0
16,68,1,3598.35179534585,1359.24743695995,0,0,0,113,0,0,0
16,68,2,3598.00330374372,1067.41987441759,0,0,0,151,0,0,0
16,68,3,3469.11397398823,1327.7661719179,0,0,0,103,0,0,0
16,68,4,3519.84539423484,1491.63800268332,0,0,0,154,0,0,0
16,68,5,4095.3258383021,565.7214573166,0,0,0,148,0,0,0
16,68,6,4268.9879812949,2201.94055249302,0,0,0,205,0,0,0
16,68,7,21675.3832530952,13054.7776074228,25,0,0,292,0,0,0
16,68,8,0,1,0,0,0,0,0,0,0
16,69,1,3604.8761467869,862.60270595848,0,0,0,135,0,0,0
16,69,2,3591.86815879638,1374.51200816805,0,0,0,106,0,0,0
16,69,3,3476.56651709168,819.450570493314,0,0,0,132,0,0,0
16,69,4,3541.71106117124,2415.8174225931,0,0,0,149,0,0,0
16,69,5,4093.08590975518,1551.5234578584,0,0,0,56,0,0,0
16,69,6,4325.60274604445,979.201632407975,0,0,0,220,0,0,0
16,69,7,21703.7830918588,6612.46601692959,24,0,0,192,0,0,0
16,69,8,0,1,0,0,0,0,0,0,0
16,70,1,3621.80478867592,959.267075409348,0,0,0,86,0,0,0
16,70,2,3621.74763898858,1247.09403345243,0,0,0,137,0,0,0
16,70,3,3499.59683527864,1235.86516273283,0,0,0,81,0,0,0
16,70,4,3616.9398985111,1874.97545996276,0,0,0,241,0,0,0
16,70,5,4159.38599365817,2052.68224529742,0,0,0,155,0,0,0
16,70,6,4370.70999559457,2787.45586066326,0,0,0,97,0,0,0
16,70,7,21789.0852111382,3757.19801531845,28,0,0,229,0,0,0
16,70,8,0,1,0,0,0,0,0,0,0
16,71,1,3617.69746413156,1416.91052866922,0,0,0,95,0,0,0
16,71,2,3635.39618840925,2714.67301090162,0,0,0,124,0,0,0
16,71,3,3505.80395007904,1139.66527628961,0,0,0,123,0,0,0
16,71,4,3632.97365163287,1720.20946724794,7,0,0,162,0,0,0
16,71,5,4193.61849414999,2454.5475063424,12,0,0,158,0,0,0
16,71,6,4419.71072350402,1574.14714781937,22,0,0,206,0,0,0
16,71,7,21810.9151253731,7303.8170916775,66,0,0,157,0,0,0
16,71,8,0,1,0,0,0,0,0,0,0
16,72,1,3658.77104223968,1826.27899037868,0,0,0,141,0,0,0
16,72,2,3728.62525325068,1500.88955623023,5,0,0,192,0,0,0
16,72,3,3536.70517786086,2012.71092787594,0,0,0,113,0,0,0
16,72,4,3701.40638792295,1036.10163759197,0,0,0,172,0,0,0
16,72,5,4273.2767670438,1909.47055928405,3,0,0,199,0,0,0
16,72,6,4520.71639162629,776.357453770616,0,0,0,157,0,0,0
16,72,7,21901.8643638846,9773.27685409591,34,0,0,197,0,0,0
16,72,8,0,1,0,0,0,0,0,0,0
16,73,1,3731.09714866101,1567.1085750391,0,0,0,182,0,0,0
16,73,2,3774.88780109037,1682.93315848389,0,0,0,150,0,0,0
16,73,3,3602.40617949157,1266.96484424962,0,0,0,191,0,0,0
16,73,4,3727.91788118945,712.731182076411,0,0,0,103,0,0,0
16,73,5,4367.41136187226,923.752127987695,0,0,0,171,0,0,0
16,73,6,4547.47923805263,1824.85591199592,0,0,0,77,0,0,0
16,73,7,22028.8574372735,11080.5760361934,28,0,0,234,0,0,3
16,73,8,0,1,0,0,0,0,0,0,0
16,74,1,3748.09179985196,1022.18027186386,0,0,0,156,0,0,0
16,74,2,3805.64988414862,1397.82666209673,0,0,0,167,0,0,0
16,74,3,3622.6264773482,943.61405330763,0,0,0,126,0,0,0
16,74,4,3719.94777325888,1078.55937402393,0,0,0,71,0,0,0
16,74,5,4371.9518284327,1219.73120061811,0,0,0,92,0,0,0
16,74,6,4615.50992800566,2557.9155267029,0,0,0,181,0,0,0
16,74,7,22074.2186075676,11741.9071444344,40,0,0,197,0,0,0
16,74,8,0,1,0,0,0,0,0,0,0
16,75,1,3752.38230682726,2688.66609955559,0,0,0,102,0,0,0
16,75,2,3805.26588034436,1304.55610673249,0,0,0,139,0,0,0
16,75,3,3611.22795494504,721.317302866718,0,0,0,94,0,0,0
16,75,4,3716.67429293453,1098.71738030822,0,0,0,107,0,0,0
16,75,5,4381.04074295778,2131.42102080867,0,0,0,121,0,0,0
16,75,6,4658.41651120657,2506.19318445627,1,0,0,189,0,0,3
16,75,7,22102.7750283858,8392.05241710843,29,0,0,238,0,0,3
16,75,8,0,1,0,0,0,0,0,0,0
16,76,1,3783.40706051747,2011.76711888781,0,126,0,142,0,0,0
16,76,2,3801.33983570609,1111.05132295329,0,66,0,64,0,0,0
16,76,3,3597.41264154673,1071.94739278019,0,21,0,51,0,0,0
16,76,4,3722.84503832971,1653.77703111639,0,61,0,48,0,0,0
16,76,5,4430.62548481133,1642.12168479537,0,102,0,111,0,0,0
16,76,6,4720.55896550842,1984.80022685077,0,103,0,147,0,0,0
16,76,7,22263.5377993207,8357.26371430557,0,424,0,415,0,0,0
16,76,8,0,1,0,0,0,0,0,0,0
16,77,1,3833.05598088931,1138.16901176914,0,0,0,200,0,0,0
16,77,2,3807.68369604359,2068.71698010696,0,0,0,111,0,0,0
16,77,3,3592.37413444601,2060.00450973785,0,0,0,107,0,0,0
16,77,4,3762.11937330842,1890.55551336949,0,0,0,165,0,0,0
16,77,5,4483.27906943568,1989.64419466563,0,0,0,164,0,0,0
16,77,6,4791.27539622623,1848.24117196314,0,0,0,198,0,0,0
16,77,7,22314.1478377869,12559.4165575439,31,0,0,197,0,0,1
16,77,8,0,1,0,0,0,0,0,0,0
16,78,1,3861.03078651448,2399.81635444166,0,0,0,113,0,0,0
16,78,2,3881.8838659808,2301.19930217761,0,0,0,196,0,0,0
16,78,3,3623.81123613665,1497.89100777103,0,0,0,198,0,0,0
16,78,4,3822.222916828,2325.50630854516,0,0,0,189,0,0,0
16,78,5,4567.4131791991,2109.09426083823,0,0,0,196,0,0,0
16,78,6,4879.66407736318,2178.97510105098,0,0,0,183,0,0,0
16,78,7,22389.6828203168,7944.60497481008,25,0,0,203,0,0,3
16,78,8,0,1,0,0,0,0,0,0,0
16,79,1,3924.40954067693,1394.71172102091,17,0,0,169,0,0,0
16,79,2,3952.49668072815,2067.49762591736,16,0,0,162,0,0,0
16,79,3,3656.69649495132,1749.84150724433,0,0,0,149,0,0,0
16,79,4,3902.05423261983,1805.84803749964,12,0,0,182,0,0,0
16,79,5,4657.69338629403,2289.46995717495,4,0,0,189,0,0,0
16,79,6,5001.7497806183,1574.98301670315,9,0,0,180,0,0,0
16,79,7,22468.7157276589,9861.89768097461,152,0,0,171,0,0,0
16,79,8,0,1,0,0,0,0,0,0,0
16,80,1,3957.96767286549,1036.75138879584,0,0,0,139,0,0,0
16,80,2,4007.82294164952,2000.8183191143,0,0,0,206,0,0,0
16,80,3,3690.57509553824,1170.41704109743,0,0,0,170,0,0,0
16,80,4,3956.80300222666,1757.16648981721,0,0,0,180,0,0,0
16,80,5,4721.30937033603,1948.31852304009,2,0,0,196,0,0,0
16,80,6,5079.95945958517,1602.24846764349,0,0,0,157,0,0,0
16,80,7,22551.6394210695,7530.72909994102,67,0,0,203,0,0,0
16,80,8,0,1,0,0,0,0,0,0,0
16,81,1,3941.44072044574,2609.99041183966,87,0,0,16,0,0,0
16,81,2,4032.23280793844,1559.5880332332,84,0,0,116,0,0,0
16,81,3,3692.2727756089,1832.83498086709,56,0,0,61,0,0,0
16,81,4,3961.6868762123,1514.64691069374,89,0,0,86,0,0,0
16,81,5,4759.8664204234,2262.93728627233,88,0,0,106,0,0,0
16,81,6,5107.09914866814,3033.19110519084,84,0,0,76,0,0,0
16,81,7,22699.9603487367,12404.1774186743,364,0,0,385,0,0,0
16,81,8,0,1,0,0,0,0,0,0,0
16,82,1,3984.201615185,899.414683734061,1,0,0,229,0,0,0
16,82,2,4029.15860698871,1306.73523568008,0,0,0,155,0,0,0
16,82,3,3702.49992960075,2223.73873120145,0,0,0,172,0,0,0
16,82,4,3987.29930184415,1658.11895862004,0,0,0,151,0,0,0
16,82,5,4810.60821937479,3044.69701692576,1,0,0,195,0,0,0
16,82,6,5192.28842053667,2965.22339354163,4,0,0,210,0,0,0
16,82,7,22715.5658622614,8053.67640314354,54,0,0,188,0,0,0
16,82,8,0,1,0,0,0,0,0,0,0
16,83,1,4022.37478972435,1180.15918265563,0,0,0,89,0,0,0
16,83,2,4078.42108712187,1888.90170881092,0,0,0,130,0,0,0
16,83,3,3776.41299322666,1962.24904719772,12,0,0,178,0,0,0
16,83,4,4059.26001763228,1985.98811771697,0,0,0,165,0,0,0
16,83,5,4939.05018133397,817.092476757729,32,0,0,187,0,0,0
16,83,6,5335.25226834404,1393.53285453188,30,0,0,188,0,0,0
16,83,7,22840.571924999,11056.4192125279,160,0,0,229,0,0,0
16,83,8,0,1,0,0,0,0,0,0,0
16,84,1,4059.72524599297,1196.40853697213,0,0,0,118,0,0,0
16,84,2,4142.07080235641,1296.42149800884,0,0,0,176,0,0,0
16,84,3,3837.2610711105,892.541106223471,1,0,0,178,0,0,0
16,84,4,4119.66535102376,1800.03189301559,0,0,0,198,0,0,0
16,84,5,4974.15912288458,2342.66932276366,0,0,0,81,0,0,0
16,84,6,5430.0266472285,1572.40987690477,0,0,0,139,0,0,0
16,84,7,22904.7528430592,3955.42753255794,63,0,0,201,0,0,0
16,84,8,0,1,0,0,0,0,0,0,0
16,85,1,4104.27054043251,1041.37319189219,6,0,0,108,0,0,0
16,85,2,4196.70502353711,2319.97696457719,0,0,0,129,0,0,0
16,85,3,3856.21475025115,1811.27189896166,0,0,0,89,0,0,0
16,85,4,4178.73302563439,2201.4487560532,15,0,0,153,0,0,0
16,85,5,5082.84655707126,3025.8686245738,38,0,0,165,0,0,0
16,85,6,5549.81365643934,2149.61711331862,3,0,0,151,0,0,0
16,85,7,22960.440768042,8642.04975738329,138,0,0,147,0,0,0
16,85,8,0,1,0,0,0,0,0,0,0
16,86,1,4115.51168814275,2184.13861498861,0,0,0,104,0,0,0
16,86,2,4227.32948356035,1236.650785129,4,0,0,159,0,0,0
16,86,3,3879.80993245407,1857.38266299143,0,0,0,178,0,0,0
16,86,4,4238.21081179734,939.93819538747,0,0,0,220,0,0,0
16,86,5,5207.06425648323,2624.16468006793,0,0,0,302,0,0,0
16,86,6,5630.04500798655,2826.45027106915,0,0,0,214,0,0,0
16,86,7,23002.1739244538,9221.22279438523,38,0,0,184,0,0,0
16,86,8,0,1,0,0,0,0,0,0,0
16,87,1,4197.11538543995,731.514093978414,1,0,0,191,0,0,0
16,87,2,4293.22065603862,1146.29191398021,0,0,0,123,0,0,0
16,87,3,3975.66655856015,2594.68731897429,0,0,0,178,0,0,0
16,87,4,4267.47755500764,2738.1259575519,0,0,0,93,0,0,0
16,87,5,5387.03277052261,2229.65643665386,1,0,0,218,0,0,0
16,87,6,5790.19355111921,2711.74795541225,3,0,0,187,0,0,2
16,87,7,23182.6289695895,15839.8480151498,26,0,0,276,0,0,1
16,87,8,0,1,0,0,0,0,0,0,0
16,88,1,4182.64179660824,680.896861616477,0,0,0,73,0,0,0
16,88,2,4284.07792854204,1965.68415338672,0,0,0,114,0,0,0
16,88,3,3983.33418999817,913.829579306275,0,2,0,195,0,0,0
16,88,4,4305.22631264793,2009.03231296161,0,0,0,209,0,0,0
16,88,5,5445.84878299591,3388.0805824102,0,0,0,220,0,0,0
16,88,6,5858.36249421862,1832.47633136248,0,1,0,237,0,0,0
16,88,7,23190.7097003662,12475.4105311144,0,44,0,204,0,0,0
16,88,8,0,1,0,0,0,0,0,0,0
16,89,1,4192.2273815388,654.425272783855,0,0,0,68,0,0,0
16,89,2,4321.86597052667,1770.59438344211,0,20,0,158,0,0,0
16,89,3,3977.99558517996,1712.59421825766,0,0,0,91,0,0,0
16,89,4,4339.82305463846,2136.63383748916,0,28,0,146,0,0,0
16,89,5,5488.7353377661,2335.16187611193,0,98,0,152,0,0,0
16,89,6,5924.7783030041,3612.39884927859,0,13,0,157,0,0,0
16,89,7,23282.045363493,6840.00012956925,3,292,0,349,0,0,0
16,89,8,0,1,0,0,0,0,0,0,0
16,90,1,4193.48743686925,1037.87415909259,0,0,0,65,0,0,0
16,90,2,4437.20257643625,1210.49081368592,0,0,0,177,0,0,0
16,90,3,4023.77007215352,2546.88730191225,0,0,0,171,0,0,0
16,90,4,4447.90359945802,1715.39993884291,0,0,0,204,0,0,0
16,90,5,5608.84138221629,2175.50083970973,2,0,0,195,0,0,0
16,90,6,6168.48074167418,2472.65933680918,8,0,0,247,0,0,0
16,90,7,23396.8533889058,13080.2033655314,35,0,0,198,0,0,0
16,90,8,0,1,0,0,0,0,0,0,0
16,91,1,4167.53054161303,1683.23040321748,0,0,0,103,0,0,0
16,91,2,4427.23460457478,1470.18538498177,0,0,0,121,0,0,0
16,91,3,4047.58232497975,1482.52749866224,1,0,0,208,0,0,0
16,91,4,4479.8891405449,1454.36576453107,0,0,0,171,0,0,0
16,91,5,5668.54474777676,1281.46666908577,0,0,0,217,0,0,0
16,91,6,6246.75738372616,3562.5565216583,0,0,0,239,0,0,0
16,91,7,23440.6473567952,10005.8205334902,27,0,0,287,0,0,0
16,91,8,0,1,0,0,0,0,0,0,0
16,92,1,4197.62537861799,2177.40858500314,0,0,0,168,0,0,0
16,92,2,4447.12492947047,1482.21451533178,0,0,0,147,0,0,0
16,92,3,4070.29849393446,912.622151235497,0,0,0,148,0,0,0
16,92,4,4526.70839540027,1326.86097330771,0,0,0,145,0,0,0
16,92,5,5709.010846863,2455.55973317109,0,0,0,128,0,0,0
16,92,6,6323.87319426082,765.947555849498,29,0,0,179,0,0,0
16,92,7,23537.7960828146,12214.0097541204,119,0,0,274,0,0,0
16,92,8,0,1,0,0,0,0,0,0,0
16,93,1,4237.15205105556,2425.16109737981,0,1,0,186,0,0,0
16,93,2,4478.20073224271,1753.98043692435,0,0,0,148,0,0,0
16,93,3,4063.29714995313,1635.59172366326,0,0,0,91,0,0,0
16,93,4,4546.94827638913,2803.43493512182,0,0,0,132,0,0,0
16,93,5,5795.26098375327,2848.80663575736,0,1,0,191,0,0,0
16,93,6,6349.99829215889,2697.08231541558,0,0,0,76,0,0,0
16,93,7,23634.8637920685,13601.456713416,0,34,0,250,0,0,0
16,93,8,0,1,0,0,0,0,0,0,0
16,94,1,4293.05187526455,1862.06112839541,0,10,0,165,0,0,0
16,94,2,4536.13597110278,2107.44201912114,0,0,0,168,0,0,0
16,94,3,4089.96224482806,1215.48504882283,0,0,0,163,0,0,0
16,94,4,4610.00871847476,1593.51124231191,0,16,0,154,0,0,0
16,94,5,5912.89421714946,1768.35567881507,0,13,0,182,0,0,0
16,94,6,6503.58623649932,3291.92147080283,0,8,0,207,0,0,0
16,94,7,23727.4533689419,8766.84349843499,0,149,0,209,0,0,0
16,94,8,0,1,0,0,0,0,0,0,0
16,95,1,4350.9908146699,2697.37015915101,0,0,0,186,0,0,0
16,95,2,4690.76497057335,2539.60239352704,0,0,0,210,0,0,0
16,95,3,4130.41363768554,1455.61547460417,0,0,0,121,0,0,0
16,95,4,4638.3942802375,3352.72291787735,0,0,0,159,0,0,0
16,95,5,6003.10337490431,2113.98279560523,0,0,0,176,0,0,0
16,95,6,6652.08191254229,2880.10255466216,7,0,0,189,0,0,0
16,95,7,23829.0741401511,8312.96625568447,34,0,0,197,0,0,0
16,95,8,0,1,0,0,0,0,0,0,0
16,96,1,4393.1497871858,2546.90531252561,0,7,0,186,0,0,0
16,96,2,4758.79466911667,1307.65816412012,0,6,0,181,0,0,0
16,96,3,4126.65317802615,1525.05686512052,0,0,0,145,0,0,0
16,96,4,4645.9310220878,2081.41859075363,0,15,0,161,0,0,0
16,96,5,6063.27247172174,1419.11237321273,0,0,0,204,0,0,0
16,96,6,6773.66648231065,2782.52815286648,0,4,0,242,0,0,0
16,96,7,23861.7678286004,5524.420790982,0,59,0,183,0,0,0
16,96,8,0,1,0,0,0,0,0,0,0
16,97,1,4375.52621923356,1801.26127499945,0,178,0,76,0,0,0
16,97,2,4718.40579628933,1325.06313286464,0,59,0,71,0,0,0
16,97,3,4107.00220062758,1125.97279367535,0,56,0,96,0,0,0
16,97,4,4616.02658678978,1569.00472753012,0,116,0,92,0,0,0
16,97,5,6034.89364795134,597.464566990692,0,78,0,63,0,0,0
16,97,6,6817.36857001574,5060.60410269223,0,147,0,131,0,0,0
16,97,7,23920.5504865741,8332.71993377979,0,256,0,255,0,0,0
16,97,8,0,1,0,0,0,0,0,0,0
16,98,1,4439.70032621399,1049.33877695068,0,0,0,180,0,0,0
16,98,2,4838.46123418574,1708.17456472407,0,0,0,132,0,0,0
16,98,3,4132.61640234033,1014.37829695478,0,0,0,112,0,0,0
16,98,4,4673.37596940802,2785.17137440711,0,0,0,156,0,0,0
16,98,5,6060.18562284398,1219.16728330839,0,0,0,59,0,0,0
16,98,6,6977.66182021298,2331.14916736949,15,0,0,199,0,0,0
16,98,7,24049.5063317088,9766.11577356817,31,0,0,229,0,0,0
16,98,8,0,1,0,0,0,0,0,0,0
16,99,1,4490.35853314719,1719.76759966959,0,0,0,104,0,0,0
16,99,2,5015.79307201758,1444.02903381848,0,0,0,170,0,0,0
16,99,3,4150.55505963419,888.737378828346,0,0,0,101,0,0,0
16,99,4,4757.72780451936,2004.50724972763,3,0,0,173,0,0,0
16,99,5,6179.35241868855,2862.46303696437,0,0,0,121,0,0,0
16,99,6,7204.60595370347,3361.33286956379,2,0,0,174,0,0,0
16,99,7,24174.2602266454,14197.4156616258,28,0,0,189,0,0,0
16,99,8,0,1,0,0,0,0,0,0,0
16,100,1,4536.66072563823,1318.0773978188,0,0,0,171,0,0,0
16,100,2,5033.45352201216,3030.6733704003,0,0,0,144,0,0,0
16,100,3,4137.7117533405,1901.76183828359,0,0,0,88,0,0,0
16,100,4,4830.87004000234,2746.2314621761,0,0,0,199,0,0,0
16,100,5,6274.86202772555,3065.90675039166,2,0,0,191,0,0,0
16,100,6,7324.90787163711,3939.0453300674,2,0,0,219,0,0,0
16,100,7,24240.5272699183,12868.3078140477,27,0,0,242,0,0,0
16,100,8,0,1,0,0,0,0,0,0,0
17,1,1,2736.6,894.660535745768,0,10,0,76,0,0,0
17,1,2,2728.592,1113.31060728593,0,2,0,58,0,0,0
17,1,3,2717.5664,956.791393501349,0,29,0,28,0,0,0
17,1,4,2726.24768,1098.88139336712,0,29,0,63,0,0,0
17,1,5,2729.1328,1121.78779103491,0,0,0,87,0,0,0
17,1,6,2722.832,315.19581901916,0,8,0,23,0,0,0
17,1,7,20764.9452799999,7762.03574948139,0,12,0,19,0,0,0
17,1,8,0,2,0,5,0,69,0,0,0
17,2,1,2741.2576,1082.42339668387,0,0,0,89,0,0,0
17,2,2,2742.176,864.544167776402,0,0,0,111,0,0,0
17,2,3,2722.99168,1225.68157777273,0,0,0,95,0,0,0
17,2,4,2733.51168,800.121878667802,0,0,0,109,0,0,0
17,2,5,2736.4512,1820.95692225937,0,0,0,112,0,0,0
17,2,6,2716.576,580.463667011845,0,0,0,31,0,0,0
17,2,7,20710.4521599998,10367.8321564746,22,1,0,208,0,0,0
17,2,8,0,2,0,0,0,0,0,0,0
17,3,1,2753.81728,1249.8498964147,0,0,0,108,0,0,0
17,3,2,2745.32352,529.223695237481,0,0,0,86,0,0,0
17,3,3,2732.72928,1032.65250269872,0,0,0,122,0,0,0
17,3,4,2732.25408,1023.08151417174,0,0,0,80,0,0,0
17,3,5,2757.4512,1164.21066377077,0,0,0,182,0,0,0
17,3,6,2714.6672,1054.12620382078,0,0,0,58,0,0,0
17,3,7,20656.2745599998,5444.09637615211,0,54,0,195,0,0,0
17,3,8,0,2,0,0,0,0,0,0,0
17,4,1,2764.61696,1012.28516990807,0,0,0,124,0,0,0
17,4,2,2743.57152,1258.86750667859,0,0,0,52,0,0,0
17,4,3,2735.34528,1266.81424153721,0,0,0,103,0,0,0
17,4,4,2733.93216,858.850141443721,0,0,0,102,0,0,0
17,4,5,2767.8224,1172.79535261774,0,0,0,116,0,0,0
17,4,6,2718.8208,755.819380009826,0,0,0,105,0,0,0
17,4,7,20603.3475839997,4584.86893817335,0,167,0,193,0,0,0
17,4,8,0,2,0,0,0,0,0,0,0
17,5,1,2748.71776,1273.23617923968,0,101,0,0,0,0,0
17,5,2,2732.48352,687.264240984863,0,87,0,38,0,0,0
17,5,3,2728.62816,1301.71497506903,0,70,0,56,0,0,0
17,5,4,2724.22976,456.975483555391,0,40,0,45,0,0,0
17,5,5,2761.3808,406.432175997078,0,60,0,57,0,0,0
17,5,6,2708.3088,425.79523161396,0,34,0,41,0,0,0
17,5,7,20564.0701439996,8520.92030021198,1,193,0,178,0,0,9
17,5,8,0,2,0,0,0,0,0,0,0
17,6,1,2769.22496,1612.49807224911,0,0,0,127,0,0,0
17,6,2,2744.00992,663.438568556183,0,0,0,68,0,0,0
17,6,3,2748.88896,866.841779124759,0,0,0,130,0,0,0
17,6,4,2727.84416,1287.11461990721,0,0,0,45,0,0,0
17,6,5,2757.0704,1308.98835203201,0,0,0,40,0,0,0
17,6,6,2706.2208,583.567300728832,0,0,0,42,0,0,0
17,6,7,20568.4391039997,7066.70035020552,26,0,0,253,0,0,0
17,6,8,0,2,0,0,0,0,0,0,0
17,7,1,2797.75968,1244.97442571052,0,0,0,161,0,0,0
17,7,2,2749.92992,1000.91472610604,0,0,0,66,0,0,0
17,7,3,2762.14656,1254.23972652286,0,0,0,86,0,0,0
17,7,4,2745.689024,1205.11790606571,0,0,0,128,0,0,0
17,7,5,2777.28032000001,1481.38296695284,0,0,0,130,0,0,0
17,7,6,2706.17632,658.253768588245,0,0,0,58,0,0,0
17,7,7,20570.0867839996,8038.97323777691,21,0,0,224,0,0,4
17,7,8,0,2,0,0,0,0,0,0,0
17,8,1,2814.59808,1524.74033003854,0,0,0,124,0,0,0
17,8,2,2764.42752,1097.99545605735,0,0,0,100,0,0,0
17,8,3,2781.21856,1152.0568945425,0,0,0,125,0,0,0
17,8,4,2760.39264,1417.31212178019,0,0,0,120,0,0,0
17,8,5,2793.97088000001,1510.33057618475,0,0,0,148,0,0,0
17,8,6,2709.56832,940.857746764684,0,0,0,65,0,0,0
17,8,7,20553.8739839996,9198.47443586183,31,0,0,183,0,0,0
17,8,8,0,2,0,0,0,0,0,0,0
17,9,1,2837.193024,1067.42896209879,0,0,0,152,0,0,0
17,9,2,2778.4208,1165.55879166592,0,0,0,109,0,0,0
17,9,3,2797.27744,1474.38617172297,0,0,0,115,0,0,0
17,9,4,2781.05638400001,517.14939157156,0,0,0,141,0,0,0
17,9,5,2811.55974400001,1310.01444134044,0,0,0,151,0,0,0
17,9,6,2715.28832,1627.58093255928,0,0,0,94,0,0,0
17,9,7,20538.9568639996,6043.86814569346,31,0,0,187,0,0,1
17,9,8,0,2,0,0,0,0,0,0,0
17,10,1,2852.1512448,1129.99911333608,0,0,0,106,0,0,0
17,10,2,2794.54048,1744.49911943666,0,0,0,116,0,0,0
17,10,3,2819.07328,1169.56052181983,0,0,0,147,0,0,0
17,10,4,2779.63603200001,611.313636207563,0,0,0,51,0,0,0
17,10,5,2827.85344000001,382.434718180098,0,0,0,131,0,0,0
17,10,6,2735.212864,1031.5213202606,0,0,0,162,0,0,0
17,10,7,20523.8846079995,4940.22282427036,47,0,0,192,0,0,0
17,10,8,0,2,0,0,0,0,0,0,0
17,11,1,2863.284608,659.724307203484,0,0,0,112,0,0,0
17,11,2,2819.8848,1001.60979479379,3,0,0,167,0,0,0
17,11,3,2830.29216,639.538204233337,0,0,0,116,0,0,0
17,11,4,2779.88883200001,907.995704132446,0,0,0,61,0,0,0
17,11,5,2820.59552000001,1624.81412414579,0,0,0,38,0,0,0
17,11,6,2745.491264,1463.10695999257,0,0,0,103,0,0,0
17,11,7,20506.7406079995,7358.19447559494,125,0,0,193,0,0,0
17,11,8,0,2,0,0,0,0,0,0,0
17,12,1,2867.58370304,412.716249972799,0,0,0,65,0,0,0
17,12,2,2829.53760000001,823.539529062709,0,0,0,100,0,0,0
17,12,3,2829.7437952,1546.96212391994,0,0,0,63,0,0,0
17,12,4,2787.71301120001,1075.01986801995,0,0,0,90,0,0,0
17,12,5,2841.83421696001,878.653083845415,0,0,0,162,0,0,0
17,12,6,2759.75680000001,761.284264247791,0,0,0,146,0,0,0
17,12,7,20499.9982719994,8875.5302501735,47,0,0,173,0,0,0
17,12,8,0,2,0,0,0,0,0,0,0
17,13,1,2860.11778304,1113.04306222737,0,0,0,41,0,0,0
17,13,2,2833.44761600001,1329.49417543504,0,0,0,82,0,0,0
17,13,3,2845.3235712,1041.56753287474,0,0,0,154,0,0,0
17,13,4,2790.69697280001,1353.65654190202,0,0,0,107,0,0,0
17,13,5,2842.35312896001,1659.37269400405,0,0,0,87,0,0,0
17,13,6,2762.35648000001,1523.78989955198,0,0,0,76,0,0,0
17,13,7,20489.8771097594,7629.63146052878,32,0,0,220,0,0,0
17,13,8,0,2,0,0,0,0,0,0,0
17,14,1,2864.55400704,1191.11814798804,0,0,0,111,0,0,0
17,14,2,2844.12160000001,1161.41670298045,0,0,0,132,0,0,0
17,14,3,2844.3139712,995.58306257369,0,0,0,104,0,0,0
17,14,4,2803.14289807361,1399.88578154411,0,0,0,135,0,0,0
17,14,5,2858.50686976001,1532.12715804985,0,0,0,165,0,0,0
17,14,6,2778.64709120001,927.080710104649,0,0,0,152,0,0,0
17,14,7,20486.6047257594,3954.19532785026,63,0,0,258,0,0,0
17,14,8,0,2,0,0,0,0,0,0,0
17,15,1,2871.68473088,262.061605096387,0,0,0,119,0,0,0
17,15,2,2851.39347200001,1279.76912721213,0,0,0,116,0,0,0
17,15,3,2842.6543872,1061.76430660827,0,0,0,99,0,0,0
17,15,4,2810.39728783361,678.011429118327,0,0,0,139,0,0,0
17,15,5,2871.24153856001,1143.21216239662,1,0,0,151,0,0,0
17,15,6,2784.44619520001,802.554447767457,0,0,0,92,0,0,0
17,15,7,20456.1663257593,6395.0939637017,113,0,0,158,0,0,0
17,15,8,0,2,0,0,0,0,0,0,0
17,16,1,2862.31026688,1173.54309535409,0,0,0,26,0,0,0
17,16,2,2855.04774400001,1195.55737904119,0,0,0,127,0,0,0
17,16,3,2835.291456,885.824701949468,0,0,0,106,0,0,0
17,16,4,2804.09666959361,1232.86705860716,0,0,0,67,0,0,0
17,16,5,2873.96052736001,1067.04348665787,0,0,0,114,0,0,0
17,16,6,2783.48875520001,1743.86991664598,0,0,0,80,0,0,0
17,16,7,20430.8903449593,8781.11664381691,0,49,0,181,0,0,0
17,16,8,0,2,0,0,0,0,0,0,0
17,17,1,2848.95775488,1197.80988641511,0,83,0,34,0,0,0
17,17,2,2843.55576320001,1306.98316761722,0,71,0,48,0,0,0
17,17,3,2816.11389696001,1350.66263049278,0,58,0,30,0,0,0
17,17,4,2792.23485839361,1727.06984567771,0,57,0,66,0,0,0
17,17,5,2864.12077056001,1813.44139336663,0,62,0,44,0,0,0
17,17,6,2783.90280960001,1163.93840858031,0,92,0,82,0,0,0
17,17,7,20410.3891481592,10083.1120872123,6,192,0,175,0,0,0
17,17,8,0,2,0,0,0,0,0,0,0
17,18,1,2860.81790208,1312.78296341201,0,0,0,119,0,0,0
17,18,2,2861.31018240001,1226.21441506116,0,0,0,130,0,0,0
17,18,3,2830.84292096001,729.190508702899,0,0,0,135,0,0,0
17,18,4,2813.11837839361,353.227571434057,0,0,0,169,0,0,0
17,18,5,2893.20273920002,1427.93676176573,0,0,0,166,0,0,0
17,18,6,2802.36285440001,1246.07904490972,0,0,0,116,0,0,0
17,18,7,20422.3936921592,5157.19176644753,30,0,0,200,0,0,0
17,18,8,0,2,0,0,0,0,0,0,0
17,19,1,2861.71927808001,721.711987131584,80,0,0,51,0,0,0
17,19,2,2865.80720640001,1731.4088776103,58,0,0,64,0,0,0
17,19,3,2823.21967616001,730.806225272482,34,0,0,38,0,0,0
17,19,4,2803.72491919361,1208.29596117844,12,0,0,23,0,0,0
17,19,5,2897.95808000002,673.946435691147,67,0,0,75,0,0,0
17,19,6,2809.46516428801,879.682555782391,68,0,0,56,0,0,0
17,19,7,20459.7990937592,10789.9412961717,231,0,0,284,0,0,0
17,19,8,0,2,0,0,0,0,0,0,0
17,20,1,2868.20983808001,1067.6667420078,0,0,0,72,0,0,0
17,20,2,2892.24522240001,1642.21916148671,0,0,0,173,0,0,0
17,20,3,2821.97154816001,1158.48150499251,0,0,0,73,0,0,0
17,20,4,2815.97590415361,1352.15529487405,0,0,0,120,0,0,0
17,20,5,2901.89619200002,586.704833067186,0,0,0,67,0,0,0
17,20,6,2823.84820428801,853.842067249455,0,0,0,87,0,0,0
17,20,7,20467.7386137592,4204.70282294973,40,0,0,256,0,0,0
17,20,8,0,2,0,0,0,0,0,0,0
17,21,1,2883.86210508801,1422.14240256275,0,0,0,106,0,0,0
17,21,2,2919.22639104001,687.821370620571,0,0,0,164,0,0,0
17,21,3,2838.92680243201,396.570945240201,0,0,0,115,0,0,0
17,21,4,2835.98028431361,503.983402726604,0,0,0,135,0,0,0
17,21,5,2907.07892992002,989.853841888492,0,0,0,58,0,0,0
17,21,6,2836.14149324801,1557.68699784786,0,0,0,85,0,0,0
17,21,7,20468.5280537591,12264.4702987182,78,0,0,168,0,0,0
17,21,8,0,2,0,0,0,0,0,0,0
17,22,1,2904.03847628801,1975.25151808436,0,0,0,142,0,0,0
17,22,2,2922.35088128001,1613.89714324105,0,0,0,68,0,0,0
17,22,3,2835.57114163201,814.050257164046,0,0,0,39,0,0,0
17,22,4,2833.71852431362,364.761695791015,0,0,0,50,0,0,0
17,22,5,2920.36751564802,1346.26934471199,0,0,0,98,0,0,0
17,22,6,2857.88728524801,1269.25744299957,0,0,0,155,0,0,0
17,22,7,20474.5025177591,10126.8204261677,33,0,0,187,0,0,0
17,22,8,0,2,0,0,0,0,0,0,0
17,23,1,2931.47817164801,1285.96206290374,0,0,0,197,0,0,0
17,23,2,2944.55531008001,973.143206827442,0,0,0,161,0,0,0
17,23,3,2836.91009843201,1355.58642212268,0,0,0,81,0,0,0
17,23,4,2830.10983362562,1051.19037675871,0,0,0,36,0,0,0
17,23,5,2932.47217049602,878.213098264245,0,0,0,134,0,0,0
17,23,6,2872.41962188801,1396.965701221,0,0,0,126,0,0,0
17,23,7,20473.8157977591,5735.56484332704,52,0,0,182,0,0,0
17,23,8,0,2,0,0,0,0,0,0,0
17,24,1,2924.99548364802,1960.60223187611,86,0,0,42,0,0,0
17,24,2,2940.40369408001,1447.18030933988,51,0,0,46,0,0,0
17,24,3,2833.00312770561,864.677644829111,82,0,0,53,0,0,0
17,24,4,2824.47673282562,1217.68124563106,65,0,0,40,0,0,0
17,24,5,2930.14246440962,674.35834371933,49,0,0,38,0,0,0
17,24,6,2877.00828108801,1293.13639242929,63,0,0,76,0,0,0
17,24,7,20481.370498559,8587.19888930988,168,3,0,204,0,0,0
17,24,8,0,2,0,0,0,0,0,0,0
17,25,1,2954.97071564802,1054.4830868853,3,0,0,164,0,0,0
17,25,2,2966.32066304001,1293.63109719257,0,0,0,144,0,0,0
17,25,3,2840.05193666561,578.829197054427,0,0,0,86,0,0,0
17,25,4,2841.14752768002,1557.15211050411,0,0,0,121,0,0,0
17,25,5,2935.00722984962,630.044442675885,0,0,0,67,0,0,0
17,25,6,2897.59222425601,621.147873945975,0,0,0,129,0,0,0
17,25,7,20451.6116863989,10969.345799108,62,0,0,189,0,0,0
17,25,8,0,2,0,0,0,0,0,0,0
17,26,1,2966.23899392002,1762.52642012693,0,0,0,105,0,0,0
17,26,2,2986.91347968001,943.345964860486,0,0,0,129,0,0,0
17,26,3,2839.50224066561,594.926908897401,0,0,0,57,0,0,0
17,26,4,2861.59841955841,1471.17768315018,0,0,0,155,0,0,0
17,26,5,2938.95434606594,1155.24441680641,0,0,0,63,0,0,0
17,26,6,2900.63000678401,920.282101457255,0,0,0,62,0,0,0
17,26,7,20423.2646809588,10086.3387418717,42,0,0,193,0,0,0
17,26,8,0,2,0,0,0,0,0,0,0
17,27,1,2995.67117711362,962.583877503447,0,0,0,176,0,0,0
17,27,2,2994.55968051201,2103.69370868609,0,0,0,94,0,0,0
17,27,3,2840.95008706561,919.362232934302,0,0,0,59,0,0,0
17,27,4,2881.51298739816,874.813992224066,0,0,0,147,0,0,0
17,27,5,2950.83917166594,811.850068904973,0,0,0,115,0,0,0
17,27,6,2911.96893296641,650.50921114618,0,0,0,92,0,0,0
17,27,7,20401.1926937588,13927.0494095878,40,0,0,212,0,0,0
17,27,8,0,2,0,0,0,0,0,0,0
17,28,1,2998.68542402562,1122.47988722106,0,0,0,96,0,0,0
17,28,2,3027.57576704001,1271.70969832521,0,0,0,207,0,0,0
17,28,3,2845.32487362562,762.797652305585,0,0,0,91,0,0,0
17,28,4,2886.00419591784,623.776106530332,0,0,0,87,0,0,0
17,28,5,2954.44238395394,905.624471651703,0,0,0,81,0,0,0
17,28,6,2915.33882736641,648.835000718657,0,0,0,65,0,0,0
17,28,7,20372.9266918387,7987.05225930743,40,0,0,221,0,0,0
17,28,8,0,2,0,0,0,0,0,0,0
17,29,1,3007.53152471042,619.033741654983,0,0,0,112,0,0,0
17,29,2,3035.89669580801,1262.01160469592,0,0,0,127,0,0,0
17,29,3,2843.73082306562,1446.35053391515,0,0,0,76,0,0,0
17,29,4,2884.54413626984,1214.58920765247,0,0,0,62,0,0,0
17,29,5,2957.70183626754,1417.79906194364,0,0,0,90,0,0,0
17,29,6,2917.92556656641,694.182879441776,0,0,0,64,0,0,0
17,29,7,20329.7296076786,13984.0196162949,2,179,0,177,0,0,1
17,29,8,0,2,0,0,0,0,0,0,0
17,30,1,2998.19932119042,1727.76223799137,0,0,0,61,0,0,0
17,30,2,3040.43435970561,928.296827700756,0,0,0,126,0,0,0
17,30,3,2853.87280322561,1349.76800012784,0,0,0,144,0,0,0
17,30,4,2893.61726029825,879.732971387336,0,0,0,121,0,0,0
17,30,5,2968.95166513154,1275.4920362932,0,0,0,141,0,0,0
17,30,6,2920.62306324481,871.782078768583,0,0,0,69,0,0,0
17,30,7,20315.9002598386,11614.5507373814,27,0,0,230,0,0,0
17,30,8,0,2,0,0,0,0,0,0,0
17,31,1,3024.05532262402,1013.79968624496,0,0,0,172,0,0,0
17,31,2,3034.88291379201,1666.58272339135,0,0,0,92,0,0,0
17,31,3,2864.97490114562,1361.19818248636,0,0,0,134,0,0,0
17,31,4,2892.48273271932,793.603115483896,0,0,0,87,0,0,0
17,31,5,2983.37578381314,539.459073882992,0,0,0,127,0,0,0
17,31,6,2926.85648660482,945.777836676404,0,0,0,87,0,0,0
17,31,7,20292.6377671665,9759.79581393353,29,0,0,182,0,0,0
17,31,8,0,2,0,0,0,0,0,0,0
17,32,1,3015.33774692354,898.46694956015,0,52,0,49,0,0,0
17,32,2,3030.56313714689,528.443769052903,0,85,0,81,0,0,0
17,32,3,2858.26354114561,1603.15552406466,0,68,0,68,0,0,0
17,32,4,2876.64739703932,604.099972793602,0,35,0,44,0,0,0
17,32,5,2971.20980877314,464.98303044525,0,25,0,28,0,0,0
17,32,6,2922.97221140481,465.926606840071,0,53,0,41,0,0,0
17,32,7,20263.8100679665,5772.19629734464,8,173,0,184,0,0,1
17,32,8,0,2,0,0,0,0,0,0,0
17,33,1,3027.85588836354,1379.00914098062,0,0,0,89,0,0,0
17,33,2,3038.77152677889,1025.74364593878,0,0,0,52,0,0,0
17,33,3,2884.70093762561,1342.59624741282,0,0,0,160,0,0,0
17,33,4,2878.48069954039,1004.73758349887,0,0,0,60,0,0,0
17,33,5,2973.21906061314,768.613846133647,0,0,0,46,0,0,0
17,33,6,2926.08449505281,1764.27354971033,0,0,0,46,0,0,0
17,33,7,20270.4624942064,10896.8110153565,28,0,0,197,0,0,0
17,33,8,0,2,0,0,0,0,0,0,0
17,34,1,3056.65875548162,933.731439675916,0,0,0,137,0,0,0
17,34,2,3056.29528803329,1479.19998844567,0,0,0,102,0,0,0
17,34,3,2907.39854888961,1042.35676795757,0,0,0,134,0,0,0
17,34,4,2889.17741378039,1621.95134017482,0,0,0,100,0,0,0
17,34,5,2980.05619922041,672.162087894797,0,0,0,76,0,0,0
17,34,6,2959.60931665921,686.097579062185,0,0,0,176,0,0,0
17,34,7,20303.1991490544,12797.1800510371,24,0,0,293,0,0,0
17,34,8,0,2,0,0,0,0,0,0,0
17,35,1,3071.16385623738,1672.90542107955,0,0,0,93,0,0,0
17,35,2,3086.53650116609,1420.73324728139,0,0,0,147,0,0,0
17,35,3,2920.77280440321,907.926451401942,0,0,0,104,0,0,0
17,35,4,2914.31420338679,1356.40143017819,0,0,0,162,0,0,0
17,35,5,2982.90602962041,1622.9928748774,0,0,0,67,0,0,0
17,35,6,2966.13882961921,966.008768407337,0,0,0,68,0,0,0
17,35,7,20316.2586583023,6586.44150454321,25,0,0,254,0,0,0
17,35,8,0,2,0,0,0,0,0,0,0
17,36,1,3105.20506041714,1815.89201553812,0,0,0,167,0,0,0
17,36,2,3109.03043371009,994.291230788791,0,0,0,142,0,0,0
17,36,3,2931.88248371201,979.281651050909,0,0,0,90,0,0,0
17,36,4,2932.91688575479,849.336971856999,0,0,0,135,0,0,0
17,36,5,3012.93168802019,701.527048866316,0,0,0,162,0,0,0
17,36,6,2978.24675092482,678.883996605883,0,0,0,96,0,0,0
17,36,7,20316.8752829423,6303.02397161746,66,0,0,179,0,0,0
17,36,8,0,2,0,0,0,0,0,0,0
17,37,1,3128.64285646195,1094.58479340112,14,0,0,139,0,0,0
17,37,2,3125.61547112449,1280.05696119658,0,0,0,99,0,0,0
17,37,3,2943.24056873371,1270.28977974246,0,0,0,97,0,0,0
17,37,4,2935.46095128484,806.994334246755,0,0,0,84,0,0,0
17,37,5,3022.19457090173,1318.96901507434,0,0,0,70,0,0,0
17,37,6,2982.56528627714,1015.03266085686,0,0,0,67,0,0,0
17,37,7,20339.0049013743,4149.65792872837,124,0,0,256,0,0,0
17,37,8,0,2,0,0,0,0,0,0,0
17,38,1,3146.42730925427,829.968873011591,0,0,0,109,0,0,0
17,38,2,3147.56733863937,1779.12328882031,0,0,0,128,0,0,0
17,38,3,2963.49099166516,1056.28870942271,0,0,0,127,0,0,0
17,38,4,2939.48527466404,1131.16003815556,0,0,0,80,0,0,0
17,38,5,3038.17319863191,831.414999883585,0,0,0,131,0,0,0
17,38,6,2999.66717425665,1260.29435542246,0,0,0,101,0,0,0
17,38,7,20332.2975693807,9930.98138228347,77,0,0,176,0,0,0
17,38,8,0,2,0,0,0,0,0,0,0
17,39,1,3148.84189610543,1151.4726945539,0,0,0,82,0,0,0
17,39,2,3171.83575695771,820.498100063413,0,0,0,177,0,0,0
17,39,3,2972.09391723316,1565.87397104139,0,0,0,105,0,0,0
17,39,4,2945.34890868644,1088.11200417969,0,0,0,113,0,0,0
17,39,5,3042.57769206679,723.578387699488,0,0,0,83,0,0,0
17,39,6,3018.07905122306,769.669836611691,0,0,0,126,0,0,0
17,39,7,20323.6818567969,7889.33191608502,40,0,0,181,0,0,0
17,39,8,0,2,0,0,0,0,0,0,0
17,40,1,3164.69118849173,1188.52516451179,0,0,0,115,0,0,0
17,40,2,3179.37066654517,1311.41453484311,0,0,0,82,0,0,0
17,40,3,2995.15649548698,1700.40150330086,0,0,0,156,0,0,0
17,40,4,2953.03653757406,690.198250241652,0,0,0,108,0,0,0
17,40,5,3040.56110785431,1328.03090340201,0,0,0,72,0,0,0
17,40,6,3021.37768753154,1209.36334945879,0,0,0,76,0,0,0
17,40,7,20320.45094365,13309.9380294697,33,0,0,203,0,0,0
17,40,8,0,2,0,0,0,0,0,0,0
17,41,1,3177.71114461333,1466.06234271523,0,0,0,118,0,0,0
17,41,2,3187.78580679477,1673.10026924719,0,0,0,131,0,0,0
17,41,3,3008.21282060698,1142.72068255478,0,0,0,170,0,0,0
17,41,4,2942.77300912607,1136.27145283389,0,0,0,69,0,0,0
17,41,5,3044.56409486231,1661.86465746707,0,0,0,132,0,0,0
17,41,6,3030.83320399873,603.970404813529,0,0,0,120,0,0,0
17,41,7,20297.03961821,5634.34215419074,3,31,0,193,0,0,0
17,41,8,0,2,0,0,0,0,0,0,0
17,42,1,3192.96926070933,681.202183016439,0,11,0,129,0,0,0
17,42,2,3206.8718038624,1042.15558681573,0,18,0,137,0,0,0
17,42,3,3010.53525531116,1943.88296931632,0,0,0,114,0,0,0
17,42,4,2946.01214132145,1037.04460864136,0,1,0,112,0,0,0
17,42,5,3064.09830151063,972.46227968718,0,11,0,147,0,0,0
17,42,6,3030.02410035201,527.035399829291,0,0,0,60,0,0,0
17,42,7,20303.004268706,6468.64967253528,0,191,0,241,0,0,0
17,42,8,0,2,0,0,0,0,0,0,0
17,43,1,3192.31936624379,1138.93348871854,0,0,0,68,0,0,0
17,43,2,3217.69638242747,1754.42265782772,0,0,0,104,0,0,0
17,43,3,3035.93692987865,1240.17240185529,1,0,0,174,0,0,0
17,43,4,2949.90936313503,1427.91153541608,0,0,0,103,0,0,0
17,43,5,3078.8339046369,1390.73244826489,0,0,0,97,0,0,0
17,43,6,3028.07689956968,479.088072987898,0,0,0,52,0,0,0
17,43,7,20336.8700858963,10393.8670838445,26,0,0,194,0,0,0
17,43,8,0,2,0,0,0,0,0,0,0
17,44,1,3202.49953952778,1930.73381543081,0,0,0,113,0,0,0
17,44,2,3241.88022239449,929.044266054997,0,0,0,175,0,0,0
17,44,3,3041.63724460669,1355.50354385157,0,0,0,124,0,0,0
17,44,4,2960.43767135493,1134.57908831977,0,0,0,142,0,0,0
17,44,5,3093.14363990853,1329.68574673905,0,0,0,139,0,0,0
17,44,6,3023.03004769895,807.238128026991,0,0,0,47,0,0,0
17,44,7,20357.1730791159,5444.63444426645,23,0,0,217,0,0,0
17,44,8,0,2,0,0,0,0,0,0,0
17,45,1,3204.49027595618,1523.34998875475,0,96,0,97,0,0,0
17,45,2,3220.61432776511,1163.85433996515,0,56,0,36,0,0,0
17,45,3,3025.49251598973,1728.76428075842,0,82,0,53,0,0,0
17,45,4,2943.73417848069,806.283360557821,0,55,0,58,0,0,0
17,45,5,3084.21430638446,1120.44211975708,0,64,0,68,0,0,0
17,45,6,3016.41837809256,1592.06100900801,0,43,0,37,0,0,0
17,45,7,20376.9978934007,4962.30669632199,1,221,0,239,0,0,2
17,45,8,0,2,0,0,0,0,0,0,0
17,46,1,3247.20201660988,1040.10750031401,0,0,0,152,0,0,0
17,46,2,3250.66554576527,1440.32149244323,0,0,0,116,0,0,0
17,46,3,3058.22147465777,1245.23573517329,0,0,0,172,0,0,0
17,46,4,2952.06318102256,1359.4816558035,0,0,0,80,0,0,0
17,46,5,3106.53998869334,1380.89266699609,0,0,0,112,0,0,0
17,46,6,3050.71260571158,1576.9332194718,0,0,0,159,0,0,0
17,46,7,20433.3203525366,10452.6683007502,30,0,0,210,0,0,0
17,46,8,0,2,0,0,0,0,0,0,0
17,47,1,3263.47775568165,1469.52264644095,0,0,0,104,0,0,0
17,47,2,3282.79326308146,1955.67610527294,0,0,0,144,0,0,0
17,47,3,3076.40890344214,1867.94518716465,0,0,0,124,0,0,0
17,47,4,2978.47328461265,702.295326054527,0,0,0,135,0,0,0
17,47,5,3133.2295251552,1085.19758632244,0,0,0,138,0,0,0
17,47,6,3079.73512683439,2110.1282501229,0,0,0,157,0,0,0
17,47,7,20472.9758785057,9180.9939067683,29,0,0,191,0,0,0
17,47,8,0,2,0,0,0,0,0,0,0
17,48,1,3301.10557235637,2557.48170611787,0,0,0,146,0,0,0
17,48,2,3329.49663322737,2200.11693592753,0,0,0,176,0,0,1
17,48,3,3124.01887581577,1114.15172706514,0,0,0,181,0,0,0
17,48,4,2984.54619045724,2340.25707479218,0,0,0,70,0,0,0
17,48,5,3150.36790600956,2181.03485355705,0,0,0,108,0,0,0
17,48,6,3125.92752241968,1823.30209512748,0,0,0,188,0,0,0
17,48,7,20518.9050202658,10744.000128366,24,0,0,214,0,0,4
17,48,8,0,2,0,0,0,0,0,0,0
17,49,1,3351.26520416493,1975.64820468034,1,0,0,203,0,0,0
17,49,2,3379.02112033311,1987.33783260517,0,0,0,207,0,0,1
17,49,3,3138.17397953192,686.023825880286,0,0,0,111,0,0,0
17,49,4,3020.07228658366,997.006979735559,0,0,0,187,0,0,1
17,49,5,3192.41046011526,1778.31073849222,1,0,0,177,0,0,0
17,49,6,3168.99723308271,532.122898619136,0,0,0,180,0,0,0
17,49,7,20560.8772113083,9138.56417272046,25,0,0,218,0,0,0
17,49,8,0,2,0,0,0,0,0,0,0
17,50,1,3402.18075776103,1496.98805183727,0,0,0,197,0,0,0
17,50,2,3444.26357429986,1688.25227692782,0,0,0,198,0,0,0
17,50,3,3145.09017944498,483.949080597199,0,0,0,68,0,0,0
17,50,4,3040.69622480825,1072.55020777919,0,0,0,99,0,0,0
17,50,5,3244.2481926584,1033.38035585327,0,0,0,177,0,0,0
17,50,6,3180.21298824025,1280.19080583747,0,0,0,53,0,0,0
17,50,7,20621.6248389328,10669.9419097067,56,0,0,238,0,0,0
17,50,8,0,2,0,0,0,0,0,0,0
17,51,1,3438.53059001207,1312.1596783363,0,0,0,149,0,0,0
17,51,2,3485.7105253585,1415.55801879273,0,0,0,168,0,0,0
17,51,3,3137.93736601952,1154.06113639089,0,0,0,48,0,0,0
17,51,4,3060.38351302981,958.479472929811,0,0,0,107,0,0,0
17,51,5,3257.3126723545,492.753617374267,0,0,0,103,0,0,0
17,51,6,3210.21214813017,993.876397029006,0,0,0,128,0,0,0
17,51,7,20669.9656796397,12628.9393075547,47,0,0,212,0,0,0
17,51,8,0,2,0,0,0,0,0,0,0
17,52,1,3451.36064618973,813.451929692936,0,0,0,131,0,0,0
17,52,2,3499.40813709026,912.527123623205,0,0,0,141,0,0,0
17,52,3,3147.98535099064,1003.73615179657,0,0,0,115,0,0,0
17,52,4,3065.1005199243,1104.98312620792,0,0,0,95,0,0,0
17,52,5,3259.11622243446,912.966557726204,0,0,0,49,0,0,0
17,52,6,3224.29669491544,2103.51128268884,0,0,0,99,0,0,0
17,52,7,20686.0901458157,6394.6260439395,45,0,0,168,0,0,0
17,52,8,0,2,0,0,0,0,0,0,0
17,53,1,3456.4390609597,1721.39892079935,0,0,0,81,0,0,0
17,53,2,3499.78665951536,672.299013121316,0,0,0,91,0,0,0
17,53,3,3155.8333234763,1582.97162315397,0,0,0,100,0,0,0
17,53,4,3073.81033777031,1744.99307603376,0,0,0,110,0,0,0
17,53,5,3272.37464250936,1228.61851031253,0,0,0,91,0,0,0
17,53,6,3254.81089340396,742.534953268821,19,0,0,151,0,0,0
17,53,7,20721.7998528126,6145.45823797104,145,0,0,204,0,0,0
17,53,8,0,2,0,0,0,0,0,0,0
17,54,1,3433.47010992666,859.613746721271,171,0,0,1,0,0,0
17,54,2,3486.26945173297,1168.11887124559,21,0,0,46,0,0,0
17,54,3,3148.71685426235,627.862612228327,92,0,0,66,0,0,0
17,54,4,3079.61041960007,1462.14888764642,82,0,0,92,0,0,0
17,54,5,3273.00994495376,1338.22828723368,61,0,0,61,0,0,0
17,54,6,3257.60884184126,1454.40444639278,42,0,0,32,0,0,0
17,54,7,20764.0911363669,8838.30660850841,170,3,0,197,0,0,1
17,54,8,0,2,0,0,0,0,0,0,0
17,55,1,3444.22473457465,1773.56633183357,0,0,0,85,0,0,0
17,55,2,3509.12744602622,879.918798030617,0,0,0,116,0,0,0
17,55,3,3141.89114636224,773.210265643753,0,0,0,62,0,0,0
17,55,4,3108.02678935337,623.622088569723,0,0,0,146,0,0,0
17,55,5,3295.86468633989,671.246353629974,0,0,0,133,0,0,0
17,55,6,3290.72750432113,1356.25589666636,0,0,0,145,0,0,0
17,55,7,20752.8331010645,2417.24715649195,76,0,0,168,0,0,0
17,55,8,0,2,0,0,0,0,0,0,0
17,56,1,3453.1275008203,1449.05927051488,53,0,0,103,0,0,0
17,56,2,3517.56577008768,1010.40856413585,0,0,0,87,0,0,0
17,56,3,3142.47478216558,932.506475816703,0,0,0,77,0,0,0
17,56,4,3105.32352657193,939.358118408975,0,0,0,62,0,0,0
17,56,5,3305.06967498294,1731.74645441116,0,0,0,67,0,0,0
17,56,6,3316.57641776682,1614.43449333049,4,0,0,130,0,0,0
17,56,7,20731.8931253845,10012.5803318379,74,0,0,138,0,0,0
17,56,8,0,2,0,0,0,0,0,0,0
17,57,1,3490.1996673821,1688.52815976916,0,0,0,144,0,0,0
17,57,2,3543.94823842398,1118.62051015564,0,0,0,101,0,0,0
17,57,3,3157.37810238487,1585.25993964562,0,0,0,93,0,0,0
17,57,4,3126.36348807105,251.14005322909,0,0,0,93,0,0,0
17,57,5,3356.9442210078,2231.43211755623,0,0,0,173,0,0,0
17,57,6,3360.27342809966,1930.57899365627,0,0,0,161,0,0,0
17,57,7,20756.4274673689,11825.7018543974,26,0,0,220,0,0,0
17,57,8,0,2,0,0,0,0,0,0,0
17,58,1,3540.69534318874,1902.55701530964,0,0,0,168,0,0,0
17,58,2,3562.77862925798,1507.77143238789,0,0,0,111,0,0,0
17,58,3,3179.33409613318,1111.92885425443,0,0,0,158,0,0,0
17,58,4,3117.62835809929,796.622300857222,0,0,0,25,0,0,0
17,58,5,3398.70568564909,1727.3640283183,0,0,0,184,0,0,1
17,58,6,3412.58583087991,1095.49742496106,0,0,0,193,0,0,0
17,58,7,20768.2079024358,12471.3005059484,25,0,0,192,0,0,0
17,58,8,0,2,0,0,0,0,0,0,0
17,59,1,3574.27819995739,1631.0768725286,0,0,0,190,0,0,0
17,59,2,3582.4788005812,1426.65025069253,0,0,0,150,0,0,0
17,59,3,3181.08628664463,1983.41801854501,0,0,0,111,0,0,0
17,59,4,3118.22678906558,1491.09105247377,0,0,0,79,0,0,0
17,59,5,3429.58130785674,1622.95956936499,0,0,0,172,0,0,0
17,59,6,3431.76004340108,936.72418245962,0,0,0,109,0,0,0
17,59,7,20772.2223861203,7531.2640408107,20,0,0,310,0,0,4
17,59,8,0,2,0,0,0,0,0,0,0
17,60,1,3572.59503330768,856.931199498045,0,90,0,73,0,0,0
17,60,2,3579.53397136867,1519.01767047547,0,76,0,66,0,0,0
17,60,3,3190.76158035717,1720.19585579526,0,96,0,102,0,0,0
17,60,4,3116.04313285314,1272.55161698463,0,78,0,71,0,0,0
17,60,5,3447.90956888507,542.719398276365,0,78,0,84,0,0,0
17,60,6,3432.42129550612,1936.6137912408,0,50,0,43,0,0,0
17,60,7,20769.7754343981,3370.46789578353,4,245,0,226,0,0,0
17,60,8,0,2,0,0,0,0,0,0,0
17,61,1,3577.18840353193,1550.8227876172,42,0,0,43,0,0,0
17,61,2,3589.16290673738,2054.45906546451,88,0,0,63,0,0,0
17,61,3,3209.71793591318,768.484826031536,90,0,0,82,0,0,0
17,61,4,3128.94577303544,1832.41754152976,58,0,0,69,0,0,0
17,61,5,3452.65252292297,2398.00066643813,23,0,0,31,0,0,0
17,61,6,3450.01406650456,1280.4712982555,111,0,0,82,0,0,0
17,61,7,20780.0238055399,7586.50511071047,187,0,0,150,0,0,0
17,61,8,0,2,0,0,0,0,0,0,0
17,62,1,3615.90674098472,1978.21603762541,0,0,0,154,0,0,0
17,62,2,3650.89817525167,660.400690002195,1,0,0,181,0,0,0
17,62,3,3230.76584226179,1252.80100909167,0,0,0,76,0,0,0
17,62,4,3176.82202593633,1658.99174351533,0,0,0,183,0,0,0
17,62,5,3506.63973078633,2099.0542135867,2,0,0,208,0,0,0
17,62,6,3482.69718878079,2079.39750813648,0,0,0,128,0,0,0
17,62,7,20796.4792358541,10491.0513639893,36,0,0,198,0,0,0
17,62,8,0,2,0,0,0,0,0,0,0
17,63,1,3700.32159663298,1720.32227960959,0,0,0,185,0,0,0
17,63,2,3690.69220736895,890.193628551374,0,0,0,66,0,0,0
17,63,3,3282.06569988677,1128.98676918778,0,0,0,125,0,0,0
17,63,4,3247.05541713104,2441.76524687722,0,0,0,165,0,0,0
17,63,5,3597.09229000989,1217.89941565185,0,0,0,209,0,0,0
17,63,6,3562.7282302265,1287.33676584033,0,0,0,189,0,0,0
17,63,7,20850.2434446136,8205.92517448544,29,0,0,195,0,0,0
17,63,8,0,2,0,0,0,0,0,0,0
17,64,1,3756.06671654852,2044.46018693579,0,0,0,160,0,0,0
17,64,2,3714.21327925515,1097.56663042339,0,0,0,89,0,0,0
17,64,3,3313.11044006037,1908.50318670694,0,0,0,112,0,0,0
17,64,4,3300.91931258769,1244.26187470224,7,0,0,166,0,0,0
17,64,5,3647.30449027062,1254.56393503188,0,0,0,121,0,0,0
17,64,6,3602.99527363712,1629.62824058625,0,0,0,128,0,0,0
17,64,7,20883.6720363223,8728.48661780858,63,0,0,196,0,0,0
17,64,8,0,2,0,0,0,0,0,0,0
17,65,1,3813.87146436378,1323.33803233046,2,0,0,164,0,0,1
17,65,2,3756.75169203019,667.351842016036,0,0,0,109,0,0,0
17,65,3,3379.87230652848,822.731023836008,0,0,0,183,0,0,0
17,65,4,3331.77232529359,533.117655219075,0,0,0,124,0,0,0
17,65,5,3694.57464651657,1713.04152227997,0,0,0,125,0,0,0
17,65,6,3659.17481743781,1461.91938049601,0,0,0,162,0,0,0
17,65,7,20931.6885447932,10140.1811440681,50,0,0,201,0,0,0
17,65,8,0,2,0,0,0,0,0,0,0
17,66,1,3873.18782994529,1832.29135788933,0,0,0,132,0,0,0
17,66,2,3797.30571177573,776.423188255717,0,0,0,66,0,0,0
17,66,3,3416.63899180761,1546.75340210158,0,0,0,82,0,0,0
17,66,4,3358.77713352391,911.063236535393,0,0,0,53,0,0,0
17,66,5,3778.51719708617,1301.51029581816,0,0,0,171,0,0,0
17,66,6,3733.68364434439,2361.42853968823,0,0,0,146,0,0,0
17,66,7,21007.0251280707,11489.1622874999,52,0,0,197,0,0,0
17,66,8,0,2,0,0,0,0,0,0,0
17,67,1,3935.67933479882,1692.73474706822,0,0,0,183,0,0,0
17,67,2,3817.06419700959,1378.75439433756,0,0,0,77,0,0,0
17,67,3,3459.60623328624,1395.5566171227,0,0,0,154,0,0,0
17,67,4,3373.11217356406,792.128048350133,0,0,0,91,0,0,0
17,67,5,3812.93404366983,1450.68023496815,0,0,0,130,0,0,0
17,67,6,3798.08859182935,2261.6087293087,0,0,0,201,0,0,0
17,67,7,21037.7647618932,11406.7754631103,45,0,0,212,0,0,0
17,67,8,0,2,0,0,0,0,0,0,0
17,68,1,3991.21349908929,1266.56902119635,0,0,0,166,0,0,0
17,68,2,3854.34143553938,1788.67904684715,0,0,0,137,0,0,0
17,68,3,3491.73467990725,1182.07828121376,0,0,0,139,0,0,0
17,68,4,3388.08625906636,1589.88853553694,0,0,0,79,0,0,0
17,68,5,3853.18986342172,970.351239227908,0,0,0,145,0,0,0
17,68,6,3852.56565918493,2216.250968227,1,0,0,188,0,0,1
17,68,7,21062.3871104777,11865.692518078,42,0,0,199,0,0,0
17,68,8,0,2,0,0,0,0,0,0,0
17,69,1,4025.96849588785,1297.44023820224,0,0,0,126,0,0,0
17,69,2,3911.50641120178,930.985149895185,0,0,0,178,0,0,0
17,69,3,3518.44600962322,1523.21020659983,0,0,0,118,0,0,0
17,69,4,3429.50912526351,990.898111241553,0,0,0,158,0,0,0
17,69,5,3873.34714240175,1473.18369177602,0,0,0,97,0,0,0
17,69,6,3921.73679383201,2399.64271875758,0,0,0,219,0,0,0
17,69,7,21112.4612635357,9974.30301940471,35,0,0,292,0,0,0
17,69,8,0,2,0,0,0,0,0,0,0
17,70,1,4059.32166913901,2574.54572808584,0,0,0,129,0,0,0
17,70,2,3924.76423572015,1879.21166799278,0,0,0,93,0,0,0
17,70,3,3552.97644696896,1098.22223483168,0,0,0,152,0,0,0
17,70,4,3443.75608675329,1766.85232779857,0,0,0,99,0,0,0
17,70,5,3906.62845526071,500.701344371122,0,0,0,147,0,0,0
17,70,6,3962.80576774253,1775.22326900621,21,0,0,169,0,0,0
17,70,7,21159.763196182,5931.11350992655,201,0,0,334,0,0,0
17,70,8,0,2,0,0,0,0,0,0,0
17,71,1,4081.53005763935,955.943724011552,67,0,0,115,0,0,0
17,71,2,3980.01407440162,2128.51973474263,12,0,0,162,0,0,0
17,71,3,3581.41183227176,1642.87177450953,0,0,0,109,0,0,0
17,71,4,3466.55199812852,1232.77480237803,17,0,0,140,0,0,0
17,71,5,3903.97174301117,1331.5752179977,0,0,0,50,0,0,0
17,71,6,4016.68406629891,2066.72692206501,8,0,0,160,0,0,0
17,71,7,21206.258265174,6738.15852813975,193,0,0,183,0,0,2
17,71,8,0,2,0,0,0,0,0,0,0
17,72,1,4115.30902497851,1309.14345642372,0,0,0,95,0,0,0
17,72,2,4048.14235430126,1866.3721516056,10,0,0,166,0,0,0
17,72,3,3624.81994003844,1504.23857107776,1,0,0,159,0,0,0
17,72,4,3493.42994251334,1924.27001914113,0,0,0,123,0,0,0
17,72,5,3964.81547570966,2034.69015673426,0,0,0,133,0,0,0
17,72,6,4098.92259849235,2250.97705968126,0,0,0,206,0,0,0
17,72,7,21256.042737969,7447.52318758459,112,0,0,192,0,0,0
17,72,8,0,2,0,0,0,0,0,0,0
17,73,1,4175.17403634562,815.403507743841,0,0,0,130,0,0,0
17,73,2,4150.44122192446,1458.58049383044,1,0,0,172,0,0,0
17,73,3,3696.17098644289,1135.82122648653,0,0,0,150,0,0,0
17,73,4,3561.93304125723,1336.89021929379,0,0,0,192,0,0,0
17,73,5,4051.58208251238,1228.93156355641,3,0,0,174,0,0,0
17,73,6,4224.08399725961,1387.8611122867,0,0,0,225,0,0,0
17,73,7,21356.9021262083,6075.68327120644,69,0,0,234,0,0,0
17,73,8,0,2,0,0,0,0,0,0,0
17,74,1,4182.51931792187,1459.30204794744,0,0,0,81,0,0,0
17,74,2,4195.79724832894,2397.9204487882,0,0,0,145,0,0,0
17,74,3,3711.37132730993,1598.87502103209,0,0,0,113,0,0,0
17,74,4,3581.51379983479,1254.6386948091,0,0,0,133,0,0,0
17,74,5,4071.24398852371,1625.81290077144,0,0,0,122,0,0,0
17,74,6,4259.47279103751,1411.07101763126,0,0,0,138,0,0,0
17,74,7,21389.6973813633,4958.01250988273,118,0,0,194,0,0,0
17,74,8,0,2,0,0,0,0,0,0,0
17,75,1,4207.71394246748,1366.35099188489,33,0,0,103,0,0,0
17,75,2,4217.22090477224,1997.60719772318,74,0,0,143,0,0,0
17,75,3,3724.62796432314,1056.87927235272,29,0,0,122,0,0,0
17,75,4,3586.91691916839,2498.76099293685,1,0,0,124,0,0,0
17,75,5,4088.75598996103,1413.27575351288,23,0,0,132,0,0,0
17,75,6,4283.86584869912,2242.98170851319,14,0,0,122,0,0,0
17,75,7,21423.528263782,9293.44233797688,216,0,0,215,0,0,0
17,75,8,0,2,0,0,0,0,0,0,0
17,76,1,4267.61452792699,1653.7623939676,0,0,0,136,0,0,0
17,76,2,4296.53277726791,2355.37532283105,0,0,0,199,0,0,0
17,76,3,3741.67165926861,2680.48659162628,0,0,0,105,0,0,0
17,76,4,3630.49693764171,1541.07210000999,3,0,0,192,0,0,0
17,76,5,4141.22904125989,2333.38329543776,0,0,0,141,0,0,0
17,76,6,4385.84922056643,1241.09826235035,0,0,0,223,0,0,0
17,76,7,21487.9542698846,9059.7111330981,48,0,0,184,0,0,0
17,76,8,0,2,0,0,0,0,0,0,0
17,77,1,4326.20951839666,1616.61077183131,0,0,0,165,0,0,0
17,77,2,4398.09934478243,825.888504693299,3,0,0,177,0,0,0
17,77,3,3817.0159958566,1392.44471818851,3,0,0,217,0,0,0
17,77,4,3682.47486460009,703.82452986655,0,0,0,154,0,0,0
17,77,5,4208.77022567355,2704.03515999554,3,0,0,185,0,0,0
17,77,6,4460.65751805246,1308.72744754371,0,0,0,124,0,0,0
17,77,7,21573.4078452225,8771.05629094457,46,0,0,208,0,0,0
17,77,8,0,2,0,0,0,0,0,0,0
17,78,1,4409.45746758259,1274.67657708578,0,0,0,161,0,0,0
17,78,2,4467.70555313651,2465.76950308208,0,0,0,82,0,0,0
17,78,3,3904.1916818552,1052.80183199055,0,0,0,139,0,0,0
17,78,4,3703.94693747816,2577.99881930611,0,0,0,70,0,0,0
17,78,5,4299.93998952864,1619.67423060821,7,0,0,190,0,0,0
17,78,6,4553.33958092734,1808.83478041332,0,0,0,130,0,0,0
17,78,7,21659.1332716426,10542.7643551569,68,0,0,178,0,0,0
17,78,8,0,2,0,0,0,0,0,0,0
17,79,1,4499.54384902837,2380.97798129553,0,0,0,127,0,0,0
17,79,2,4626.93790824979,2882.60972152146,0,2,0,195,0,0,0
17,79,3,3977.25421858092,969.758120014991,0,0,0,105,0,0,0
17,79,4,3805.21572982097,2098.70201028689,0,3,0,195,0,0,0
17,79,5,4404.35621500537,1475.96696363232,0,0,0,161,0,0,0
17,79,6,4708.51617978931,2422.36058720771,0,0,0,180,0,0,0
17,79,7,21774.5987611684,8851.68590615025,0,46,0,189,0,0,0
17,79,8,0,2,0,0,0,0,0,0,0
17,80,1,4487.96768796183,1094.13846205015,0,135,0,89,0,0,0
17,80,2,4656.18479733102,2155.62325870864,0,120,0,156,0,0,0
17,80,3,3951.80486430618,800.787578266226,0,39,0,54,0,0,0
17,80,4,3832.15387083546,1488.85220299849,0,78,0,124,0,0,0
17,80,5,4398.23387373446,627.859186414824,0,54,0,88,0,0,0
17,80,6,4724.61214113607,1329.43768947712,0,109,0,122,0,0,0
17,80,7,21872.2841055937,8093.21446045465,2,330,0,369,0,0,0
17,80,8,0,2,0,0,0,0,0,0,0
17,81,1,4511.31582360949,2487.72965106135,0,0,0,109,0,0,0
17,81,2,4714.65592707571,2755.21155965796,0,0,0,215,0,0,0
17,81,3,3955.32114538665,2929.24398294879,0,0,0,80,0,0,0
17,81,4,3850.41825059373,1030.86983673548,0,0,0,148,0,0,0
17,81,5,4401.2542003523,844.029169517009,0,0,0,62,0,0,0
17,81,6,4765.60932257643,2671.3989425402,0,0,0,132,0,0,0
17,81,7,21933.7828894252,8145.70777237981,29,0,0,238,0,0,0
17,81,8,0,2,0,0,0,0,0,0,0
17,82,1,4622.41298147315,1342.70588306648,0,0,0,247,0,0,0
17,82,2,4778.25825838548,2666.18158340336,3,0,0,195,0,0,0
17,82,3,4004.13590404024,1340.16535092326,4,0,0,170,0,0,2
17,82,4,3883.56149915318,1468.87454223081,0,0,0,103,0,0,0
17,82,5,4426.19558118505,932.300354891255,0,0,0,84,0,0,0
17,82,6,4902.03950466589,1500.81286021643,0,0,0,267,0,0,0
17,82,7,22027.8204298141,11327.7623699372,24,0,0,238,0,0,0
17,82,8,0,2,0,0,0,0,0,0,0
17,83,1,4665.25242570284,1202.64315903425,0,0,0,134,0,0,0
17,83,2,4885.88655821044,2505.93172872668,2,0,0,173,0,0,0
17,83,3,4031.56951277482,1192.14373360244,0,0,0,134,0,0,0
17,83,4,3935.29435995351,1164.69195546764,0,0,0,146,0,0,0
17,83,5,4454.23086098736,2300.76278146623,0,0,0,93,0,0,0
17,83,6,4965.41925892654,2739.68512327858,0,0,0,150,0,0,0
17,83,7,22079.3138394834,7441.29031998391,28,0,0,173,0,0,0
17,83,8,0,2,0,0,0,0,0,0,0
17,84,1,4715.520572407,2563.19852178719,0,0,0,120,0,0,0
17,84,2,4995.79376426993,1243.78174159203,17,0,0,162,0,0,0
17,84,3,4071.76419927563,612.91463110758,0,0,0,119,0,0,0
17,84,4,3974.66496935054,883.692426880906,0,0,0,116,0,0,0
17,84,5,4547.81813773917,1273.67606248729,12,0,0,163,0,0,1
17,84,6,5043.79646314146,2454.60728398738,21,0,0,164,0,0,0
17,84,7,22154.8906648602,6528.48963139476,108,0,0,182,0,0,0
17,84,8,0,2,0,0,0,0,0,0,0
17,85,1,4732.17948398997,2775.50001118148,43,0,0,138,0,0,0
17,85,2,5029.53683540486,920.176362451259,0,0,0,124,0,0,0
17,85,3,4068.72205508662,1673.18594860058,0,0,0,61,0,0,0
17,85,4,3989.61005837428,862.906580534314,0,0,0,88,0,0,0
17,85,5,4594.09920437437,2062.72359107053,0,0,0,127,0,0,0
17,85,6,5106.09529851463,2770.27593247012,34,0,0,153,0,0,0
17,85,7,22227.6602311589,9644.08808561725,169,0,0,195,0,0,0
17,85,8,0,2,0,0,0,0,0,0,0
17,86,1,4837.8265772475,3588.14032023297,8,0,0,170,0,0,0
17,86,2,5069.76359114057,2837.49717051414,0,0,0,92,0,0,0
17,86,3,4122.61014793307,1509.16604304685,0,0,0,167,0,0,0
17,86,4,4026.3030264438,1640.31458509134,0,0,0,86,0,0,0
17,86,5,4672.46031821148,1647.49808892029,0,0,0,199,0,0,0
17,86,6,5210.12698080299,2295.7974335478,7,0,0,184,0,0,0
17,86,7,22335.6361507331,5211.53542041562,59,0,0,194,0,0,1
17,86,8,0,2,0,0,0,0,0,0,0
17,87,1,4914.98652966526,2117.23648925951,112,0,0,156,0,0,0
17,87,2,5250.38237903384,1718.57244391665,76,0,0,146,0,0,0
17,87,3,4179.54313409383,1832.43036488205,5,0,0,141,0,0,0
17,87,4,4097.82249636544,1587.85203591651,9,0,0,147,0,0,0
17,87,5,4765.40433413271,2701.58941373175,11,0,0,143,0,0,0
17,87,6,5292.23078692213,1366.14281337419,40,0,0,157,0,0,0
17,87,7,22456.8143185297,6399.89869942325,144,0,0,261,0,0,0
17,87,8,0,2,0,0,0,0,0,0,0
17,88,1,4988.41862346654,1926.3608010458,16,0,0,147,0,0,0
17,88,2,5330.37179113488,2536.46108704323,6,0,0,148,0,0,0
17,88,3,4228.04335964672,1563.31634705835,0,0,0,183,0,0,0
17,88,4,4148.1948500047,1286.19559900974,0,0,0,155,0,0,0
17,88,5,4850.43676870303,3364.96264257923,22,0,0,184,0,0,0
17,88,6,5371.67908725616,2405.08635480922,0,0,0,136,0,0,0
17,88,7,22529.2252457657,12900.2890453218,118,0,0,176,0,0,0
17,88,8,0,2,0,0,0,0,0,0,0
17,89,1,5073.93039916604,590.071746384287,0,0,0,183,0,0,0
17,89,2,5421.0291658239,1401.81978516889,1,0,0,209,0,0,0
17,89,3,4283.16278357326,1838.59338175322,0,0,0,156,0,0,0
17,89,4,4195.97203322807,1346.82826838298,0,0,0,128,0,0,0
17,89,5,4919.88603427863,1850.13576405636,5,0,0,191,0,0,0
17,89,6,5495.6437765324,2411.26903764075,0,0,0,240,0,0,0
17,89,7,22605.7665606587,12874.879267619,37,0,0,247,0,0,0
17,89,8,0,2,0,0,0,0,0,0,0
17,90,1,5077.70580575741,2144.67789306572,0,0,0,59,0,0,0
17,90,2,5458.16811484384,929.058342225404,0,0,0,140,0,0,0
17,90,3,4344.60409445131,1711.28849673548,0,0,0,183,0,0,0
17,90,4,4244.20975746374,1740.35751776441,0,0,0,134,0,0,0
17,90,5,4981.56060694874,1899.34333924736,0,0,0,185,0,0,0
17,90,6,5584.34461864176,3952.46791088195,1,0,0,204,0,0,0
17,90,7,22650.7456011515,8969.30938705453,38,0,0,214,0,0,0
17,90,8,0,2,0,0,0,0,0,0,0
17,91,1,5198.7341668896,1981.5286884024,0,0,0,214,0,0,0
17,91,2,5483.7388691501,1696.20262339334,0,0,0,92,0,0,0
17,91,3,4412.10672907662,1927.72424992958,0,0,0,171,0,0,0
17,91,4,4314.24741302061,2295.5714294282,0,0,0,172,0,0,0
17,91,5,5044.0423842931,2849.95945209892,3,0,0,160,0,0,0
17,91,6,5684.46805565565,2693.65134140755,22,0,0,179,0,0,0
17,91,7,22723.6346139094,12811.8796264795,71,0,0,194,0,0,0
17,91,8,0,2,0,0,0,0,0,0,0
17,92,1,5288.41430947911,2474.78736240974,0,0,0,175,0,0,0
17,92,2,5582.03958531496,3126.51358699627,0,0,0,169,0,0,0
17,92,3,4508.94409050854,1502.1428298064,0,0,0,187,0,0,0
17,92,4,4421.5240322082,1249.95512404112,0,0,0,229,0,0,0
17,92,5,5153.10111430336,3024.25246731728,2,0,0,200,0,0,2
17,92,6,5822.48017410216,2299.92239909224,2,0,0,209,0,0,0
17,92,7,22812.944438501,10247.9983649105,43,0,0,257,0,0,2
17,92,8,0,2,0,0,0,0,0,0,0
17,93,1,5330.39597428706,2231.02185380675,37,0,0,139,0,0,0
17,93,2,5655.00143595119,1718.12164539054,50,0,0,167,0,0,0
17,93,3,4545.45264930853,1492.50989427751,0,0,0,150,0,0,0
17,93,4,4454.20474960881,570.418650648913,0,0,0,124,0,0,0
17,93,5,5260.36090018913,2705.56034912127,30,0,0,213,0,0,0
17,93,6,5889.41025376909,2426.39008397235,26,0,0,153,0,0,0
17,93,7,22920.2332100591,6857.94300365415,238,0,0,333,0,0,0
17,93,8,0,2,0,0,0,0,0,0,0
17,94,1,5307.69039233615,2626.67823384488,222,0,0,1,0,0,0
17,94,2,5689.13019456391,1327.2784254542,83,0,0,88,0,0,0
17,94,3,4542.57072185478,3328.70770150977,71,0,0,78,0,0,0
17,94,4,4450.46395797598,1696.49735244834,23,0,0,34,0,0,0
17,94,5,5325.23370348778,1928.68084596749,153,0,0,117,0,0,0
17,94,6,5972.89576464601,2414.63585230168,120,0,0,122,0,0,0
17,94,7,23011.8831189756,13148.1201430193,289,1,0,238,0,0,12
17,94,8,0,2,0,0,0,0,0,0,0
17,95,1,5367.83121968001,3266.77976994922,1,0,0,231,0,0,0
17,95,2,5718.89532690899,2093.90210420775,0,0,0,132,0,0,0
17,95,3,4602.29363931563,1414.87923395978,4,0,0,251,0,0,0
17,95,4,4495.50148946564,2390.98077083328,0,0,0,169,0,0,0
17,95,5,5379.35005053684,2585.46252099823,0,0,0,192,0,0,0
17,95,6,6050.69750333374,3186.74911550419,0,0,0,240,0,0,0
17,95,7,23006.3018924059,8785.54247260676,54,0,0,195,0,0,1
17,95,8,0,2,0,0,0,0,0,0,0
17,96,1,5522.63991958469,2966.24322410576,24,0,0,167,0,0,0
17,96,2,5854.13644093249,2701.55722427601,5,0,0,173,0,0,0
17,96,3,4679.23983619151,2294.06167138425,0,0,0,141,0,0,0
17,96,4,4614.58348115739,2585.25296920057,5,0,0,202,0,0,0
17,96,5,5527.10228416678,3098.1781077923,9,0,0,194,0,0,0
17,96,6,6244.96005697541,2498.3728927374,12,0,0,229,0,0,0
17,96,7,23114.4616698341,11658.6325448862,106,0,0,178,0,0,0
17,96,8,0,2,0,0,0,0,0,0,0
17,97,1,5666.997120677,3236.34755391218,4,0,0,219,0,0,0
17,97,2,6018.24259057892,2376.95281869787,3,0,0,200,0,0,0
17,97,3,4763.94895974537,2675.45346083875,1,0,0,200,0,0,0
17,97,4,4693.91612581936,3399.91210387071,3,0,0,195,0,0,0
17,97,5,5643.09573942022,2519.74090919903,5,0,0,218,0,0,0
17,97,6,6343.43805569409,3053.2512737847,4,0,0,175,0,0,0
17,97,7,23143.8945293801,8011.96171065896,58,0,0,186,0,0,0
17,97,8,0,2,0,0,0,0,0,0,0
17,98,1,5774.36724735838,2990.59404789318,147,0,0,132,0,0,0
17,98,2,6111.01443824868,2008.78367067967,78,0,0,136,0,0,0
17,98,3,4828.28960099208,830.951963000268,100,0,0,137,0,0,0
17,98,4,4803.82731650122,2887.4903070374,137,0,0,161,0,0,0
17,98,5,5777.90850151604,2301.73179213224,79,0,0,149,0,0,0
17,98,6,6473.67235058344,562.017731826756,114,0,0,156,0,0,0
17,98,7,23303.8106671469,3049.98222247566,344,0,0,317,0,0,7
17,98,8,0,2,0,0,0,0,0,0,0
17,99,1,5820.81105936336,793.172337116893,127,0,0,121,0,0,0
17,99,2,6291.12986266838,1580.89727468908,39,0,0,146,0,0,0
17,99,3,4877.97444406216,2810.039832388,0,0,0,83,0,0,0
17,99,4,4910.48505653734,3441.84391936821,85,0,0,169,0,0,0
17,99,5,5854.20782482597,2874.96897233502,69,0,0,133,0,0,0
17,99,6,6533.69005442976,722.712765449212,0,0,0,56,0,0,0
17,99,7,23313.188119298,5651.3393042195,92,0,0,176,0,0,0
17,99,8,0,2,0,0,0,0,0,0,0
17,100,1,5847.77058900012,2699.88618286455,0,0,0,79,0,0,0
17,100,2,6645.73853613545,2416.26451716199,0,0,0,149,0,0,0
17,100,3,4967.12000372201,2325.48340200648,9,0,0,182,0,0,0
17,100,4,5014.20821354144,1901.0758711593,15,0,0,191,0,0,0
17,100,5,5977.56727372321,2055.10572326109,11,0,0,176,0,0,0
17,100,6,6570.39617143564,2906.07932504811,0,0,0,72,0,0,0
17,100,7,23278.5143041018,7345.98929617779,37,0,0,188,0,0,0
17,100,8,0,2,0,0,0,0,0,0,0
18,1,1,2830.056,1111.12653462759,0,0,0,86,0,0,0
18,1,2,2833.5552,1438.37256971759,0,0,0,87,0,0,0
18,1,3,2819.336,1334.59509808699,0,0,0,7,0,0,0
18,1,4,2813.0336,640.454996735242,0,0,0,3,0,0,0
18,1,5,2826.9984,1329.7238115799,0,0,0,86,0,0,0
18,1,6,2828.1936,1357.68234324854,0,0,0,67,0,0,0
18,1,7,20114.9423999999,9258.63632411623,0,0,0,94,0,0,0
18,1,8,0,4,0,0,0,70,0,0,0
18,2,1,2841.1376,1606.09538898108,0,0,0,111,0,0,0
18,2,2,2849.7664,1166.84959652241,0,0,0,143,0,0,0
18,2,3,2834.608,1408.29072394597,0,0,0,133,0,0,0
18,2,4,2814.2576,594.411628976753,0,0,0,64,0,0,0
18,2,5,2840.11839999999,1207.20531393082,0,0,0,132,0,0,0
18,2,6,2841.336,1111.07023246816,0,0,0,135,0,0,0
18,2,7,20066.5295999999,6252.50818887641,22,1,0,209,0,0,0
18,2,8,0,4,0,0,0,0,0,0,0
18,3,1,2860.07519999999,1073.38272191082,0,0,0,160,0,0,0
18,3,2,2863.3808,809.651075251988,0,0,0,116,0,0,0
18,3,3,2850.36,353.266132818663,0,0,0,140,0,0,0
18,3,4,2814.6896,1335.39378461335,0,0,0,59,0,0,0
18,3,5,2850.20959999999,900.556276210836,0,0,0,120,0,0,0
18,3,6,2848.97728,1516.06510026084,0,0,0,111,0,0,0
18,3,7,20024.8988799999,8673.03751121694,26,0,0,215,0,0,0
18,3,8,0,4,0,0,0,0,0,0,0
18,4,1,2868.7072,1299.66265158263,0,0,0,107,0,0,0
18,4,2,2867.9808,1960.4151161272,0,0,0,80,0,0,0
18,4,3,2845.68,1097.85316563397,0,0,0,35,0,0,0
18,4,4,2827.7216,903.529836447774,0,0,0,133,0,0,0
18,4,5,2852.31679999999,460.287878639429,0,0,0,90,0,0,0
18,4,6,2865.51999999999,1231.61327191868,0,0,0,151,0,0,0
18,4,7,19988.5673599998,8797.91727751305,23,0,0,234,0,0,0
18,4,8,0,4,0,0,0,0,0,0,0
18,5,1,2866.2928,817.488177410663,0,71,0,58,0,0,0
18,5,2,2877.14912,1471.67832326044,0,88,0,108,0,0,0
18,5,3,2840.43712,1517.37548225728,0,48,0,61,0,0,0
18,5,4,2816.9345152,1071.67072563262,0,61,0,29,0,0,0
18,5,5,2842.76959999999,1492.49931232997,0,12,0,34,0,0,0
18,5,6,2866.76288,2099.86496873977,0,55,0,68,0,0,0
18,5,7,19943.1900799997,6193.68934399946,6,263,0,248,0,0,0
18,5,8,0,4,0,0,0,0,0,0,0
18,6,1,2877.6656,1557.67965872944,0,0,0,81,0,0,0
18,6,2,2907.21152,1534.29652701525,0,0,0,147,0,0,0
18,6,3,2871.00512,1471.62433757951,0,0,0,151,0,0,0
18,6,4,2833.5521152,1266.25668777069,0,0,0,107,0,0,0
18,6,5,2869.15808,1863.01609806292,0,0,0,149,0,0,0
18,6,6,2903.01536,805.668292319954,1,0,0,186,0,0,0
18,6,7,19945.7196799996,6026.0161958907,32,0,0,209,0,0,0
18,6,8,0,4,0,0,0,0,0,0,0
18,7,1,2903.5232,825.50672656186,0,0,0,155,0,0,0
18,7,2,2933.01184,1629.86225736609,0,0,0,153,0,0,0
18,7,3,2893.37952,1255.76363952189,0,0,0,147,0,0,0
18,7,4,2849.9613952,1018.05247007309,0,0,0,126,0,0,0
18,7,5,2897.10790399999,1635.44327263521,0,0,0,186,0,0,0
18,7,6,2913.5267072,1652.84772506056,0,0,0,80,0,0,0
18,7,7,19938.9215999996,14212.2854715834,25,0,0,194,0,0,0
18,7,8,0,4,0,0,0,0,0,0,0
18,8,1,2910.8896,1437.52754574807,0,0,0,82,0,0,0
18,8,2,2960.096,1053.58509674062,0,0,0,162,0,0,0
18,8,3,2910.81792,552.829117028911,0,0,0,125,0,0,0
18,8,4,2860.3348992,664.7922914137,0,0,0,101,0,0,0
18,8,5,2922.55718399999,1118.10158111141,0,0,0,163,0,0,0
18,8,6,2939.3632512,542.337642869029,0,0,0,165,0,0,0
18,8,7,19957.2331391996,4903.11838116427,24,0,0,319,0,0,0
18,8,8,0,4,0,0,0,0,0,0,0
18,9,1,2931.11232,1151.92654866906,0,0,0,143,0,0,0
18,9,2,2972.073856,1355.31494615221,0,0,0,105,0,0,0
18,9,3,2911.56064,1221.56557011714,0,0,0,55,0,0,0
18,9,4,2864.6017792,998.416586404068,0,0,0,66,0,0,0
18,9,5,2933.426944,1832.48382525543,0,0,0,111,0,0,0
18,9,6,2944.0592512,770.624781356599,0,0,0,54,0,0,0
18,9,7,19961.7083391996,10410.5257178444,22,0,0,215,0,0,0
18,9,8,0,4,0,0,0,0,0,0,0
18,10,1,2942.72512,961.192024617467,0,0,0,115,0,0,0
18,10,2,2989.109696,1102.30253286979,0,0,0,135,0,0,0
18,10,3,2924.15328,718.693206840971,0,0,0,122,0,0,0
18,10,4,2875.3857792,1030.91125583486,0,0,0,99,0,0,0
18,10,5,2960.61543679999,2172.69337109752,0,0,0,183,0,0,0
18,10,6,2951.3472512,1406.98078963803,0,0,0,77,0,0,0
18,10,7,19978.6510591996,14855.6343097241,23,0,0,317,0,0,2
18,10,8,0,4,0,0,0,0,0,0,0
18,11,1,2950.67328,1005.95819948743,0,0,0,96,0,0,0
18,11,2,2999.283136,1262.94427807555,0,0,0,110,0,0,0
18,11,3,2925.43008,1465.7085411996,0,0,0,71,0,0,0
18,11,4,2883.7732352,1184.53954624509,0,0,0,103,0,0,0
18,11,5,2994.48582399999,1653.59439723847,0,0,0,217,0,0,0
18,11,6,2973.48832,1377.08579542017,0,0,0,140,0,0,0
18,11,7,19972.0030591995,5613.86894218702,33,0,0,195,0,0,0
18,11,8,0,4,0,0,0,0,0,0,0
18,12,1,2963.92293376,1332.25415428046,0,0,0,100,0,0,0
18,12,2,3012.36825600001,1706.49291000704,0,0,0,126,0,0,0
18,12,3,2947.29907456001,1635.44403895072,0,0,0,146,0,0,0
18,12,4,2895.156736,1264.77421799699,0,0,0,118,0,0,0
18,12,5,3021.91678464,1467.51561218985,0,0,0,164,0,0,0
18,12,6,2997.326336,2153.2334204395,0,0,0,137,0,0,0
18,12,7,19965.0820991995,7699.95772938141,66,0,0,165,0,0,0
18,12,8,0,4,0,0,0,0,0,0,0
18,13,1,2982.68133376,1556.23607657748,0,0,0,133,0,0,0
18,13,2,3038.89030400001,566.776482757766,0,0,0,170,0,0,0
18,13,3,2968.33364736001,742.152286686831,0,0,0,163,0,0,0
18,13,4,2907.60765696,954.050378976105,0,0,0,126,0,0,0
18,13,5,3044.2407168,1839.62416753623,0,0,0,146,0,0,0
18,13,6,3040.5257088,1036.1504336554,0,0,0,215,0,0,0
18,13,7,19991.1855871994,5715.58671341513,34,0,0,292,0,0,0
18,13,8,0,4,0,0,0,0,0,0,0
18,14,1,3000.43864576001,1241.1658207634,0,0,0,155,0,0,0
18,14,2,3036.01958400001,513.273308509203,0,0,0,56,0,0,0
18,14,3,2965.50748160001,877.440957184288,0,0,0,74,0,0,0
18,14,4,2913.76196096,1745.54058112788,0,0,0,95,0,0,0
18,14,5,3066.475598848,1333.13832242136,2,0,0,166,0,0,0
18,14,6,3053.96578560001,1125.12462042336,0,0,0,103,0,0,0
18,14,7,19984.4659199993,7680.08687000364,50,0,0,190,0,0,0
18,14,8,0,4,0,0,0,0,0,0,0
18,15,1,3016.77126451201,884.027368238246,0,0,0,124,0,0,0
18,15,2,3032.15179520001,751.344663949119,0,0,0,51,0,0,0
18,15,3,2972.53842944001,1165.56807790545,0,0,0,87,0,0,0
18,15,4,2937.74948925441,1000.65525026693,0,0,0,173,0,0,0
18,15,5,3093.3835933696,1038.88506234595,0,0,0,133,0,0,0
18,15,6,3078.027645952,839.692124601805,0,0,0,112,0,0,0
18,15,7,19995.1750937592,9609.86117416845,37,0,0,224,0,0,0
18,15,8,0,4,0,0,0,0,0,0,0
18,16,1,3017.39187251201,683.08668641619,0,0,0,88,0,0,0
18,16,2,3027.71306240001,871.475744254442,0,0,0,75,0,0,0
18,16,3,2975.10677760001,1004.27812364037,0,0,0,116,0,0,0
18,16,4,2942.02348605441,1745.77271904997,0,0,0,100,0,0,0
18,16,5,3098.9963933696,1691.72861643432,0,0,0,103,0,0,0
18,16,6,3083.56541480961,1160.70099266298,0,0,0,83,0,0,0
18,16,7,19988.5271577592,4193.52094200927,33,0,0,233,0,0,1
18,16,8,0,4,0,0,0,0,0,0,0
18,17,1,3003.33093171201,1302.99354010736,40,0,0,24,0,0,0
18,17,2,3016.48733440001,518.907064126311,38,0,0,45,0,0,0
18,17,3,2971.12335360001,1546.96964070212,23,0,0,75,0,0,0
18,17,4,2939.64661565441,1321.41079427119,75,0,0,92,0,0,0
18,17,5,3103.5242807296,910.050305860895,70,0,0,92,0,0,0
18,17,6,3083.59139880961,730.998797811563,48,0,0,63,0,0,0
18,17,7,19971.9535257592,5877.11088371352,199,0,0,185,0,0,0
18,17,8,0,4,0,0,0,0,0,0,0
18,18,1,3017.61482291201,907.252453384866,0,0,0,130,0,0,0
18,18,2,3015.17446400001,690.45054699902,0,0,0,51,0,0,0
18,18,3,2987.70309068801,1019.14020074969,0,0,0,154,0,0,0
18,18,4,2959.22842736641,1754.81449372752,0,0,0,132,0,0,0
18,18,5,3116.3859086336,891.5265283478,0,0,0,91,0,0,0
18,18,6,3093.74712360961,1856.66989697058,0,0,0,73,0,0,0
18,18,7,19961.3747947511,5615.33426979157,47,0,0,220,0,0,0
18,18,8,0,4,0,0,0,0,0,0,0
18,19,1,3026.36784691201,949.278720008198,0,0,0,90,0,0,0
18,19,2,3013.32914933761,1011.49236845366,0,0,0,69,0,0,0
18,19,3,2999.77834330113,1325.01797340151,0,0,0,101,0,0,0
18,19,4,2984.30591766529,965.057105445345,0,0,0,175,0,0,0
18,19,5,3130.3580635136,1181.34875847219,0,0,0,89,0,0,0
18,19,6,3130.40171048961,1139.12726862428,0,0,0,185,0,0,0
18,19,7,19947.606364671,7581.37711455011,63,0,0,233,0,0,0
18,19,8,0,4,0,0,0,0,0,0,0
18,20,1,3029.07984435201,1439.29381941411,0,0,0,94,0,0,0
18,20,2,3021.14412480513,581.285289978232,0,0,0,101,0,0,0
18,20,3,3017.59212216731,723.575593496732,0,0,0,132,0,0,0
18,20,4,2996.65098016441,1705.13844287676,0,0,0,96,0,0,0
18,20,5,3149.24185116672,1748.86464475693,0,0,0,118,0,0,0
18,20,6,3148.91338801153,1135.94241043988,0,0,0,113,0,0,0
18,20,7,19929.553062911,8504.90648775968,44,0,0,196,0,0,0
18,20,8,0,4,0,0,0,0,0,0,0
18,21,1,3042.61783603201,1075.38326562089,0,0,0,143,0,0,0
18,21,2,3017.56624576513,1132.07356992152,0,0,0,58,0,0,0
18,21,3,3019.92595958171,1209.36643966607,0,0,0,72,0,0,0
18,21,4,3022.01155616442,1427.94080966255,0,0,0,170,0,0,0
18,21,5,3174.53671882752,1306.94187302626,0,3,0,152,0,0,0
18,21,6,3165.11760371713,738.431914323193,0,0,0,113,0,0,0
18,21,7,19907.8104734709,5298.58134332267,0,93,0,208,0,0,0
18,21,8,0,4,0,0,0,0,0,0,0
18,22,1,3045.04888883201,1310.79916823519,0,0,0,107,0,0,0
18,22,2,3022.16869056513,1407.07076001892,0,0,0,113,0,0,0
18,22,3,3031.98241270171,997.691526056023,0,0,0,120,0,0,0
18,22,4,3039.85356064442,1325.18373422859,0,0,0,142,0,0,0
18,22,5,3189.40827082753,1220.18478550887,0,0,0,130,0,0,0
18,22,6,3170.07555571713,1828.26448044078,0,0,0,73,0,0,0
18,22,7,19875.3816606709,5075.94268183672,43,0,0,174,0,0,0
18,22,8,0,4,0,0,0,0,0,0,0
18,23,1,3052.84792576001,1235.37654381957,0,0,0,131,0,0,0
18,23,2,3033.50805635073,1614.06595275192,0,0,0,140,0,0,0
18,23,3,3033.58889718171,1185.45204880359,0,0,0,99,0,0,0
18,23,4,3053.34804970109,1776.284674836,0,0,0,132,0,0,0
18,23,5,3203.96006602753,1258.76141254202,0,0,0,122,0,0,0
18,23,6,3194.41358118913,729.431050352115,2,0,0,161,0,0,0
18,23,7,19839.9807237108,4454.21203921841,44,0,0,177,0,0,0
18,23,8,0,4,0,0,0,0,0,0,0
18,24,1,3056.66742067201,810.618149435838,0,0,0,123,0,0,0
18,24,2,3044.50208643073,449.183389172284,0,2,0,152,0,0,0
18,24,3,3038.20053698971,1324.47318888167,0,0,0,118,0,0,0
18,24,4,3078.52642026109,810.189678644114,0,0,0,177,0,0,0
18,24,5,3212.63991273473,1232.98012098207,0,0,0,125,0,0,0
18,24,6,3193.89885478913,518.687268444319,0,0,0,72,0,0,0
18,24,7,19809.4582435828,5966.89143999764,0,61,0,192,0,0,0
18,24,8,0,4,0,0,0,0,0,0,0
18,25,1,3061.12271534081,1460.19600614039,0,0,0,81,0,0,0
18,25,2,3034.84193011713,398.127943844817,0,0,0,44,0,0,0
18,25,3,3059.5613597919,1123.38346602437,0,0,0,132,0,0,0
18,25,4,3079.06691306109,750.932487649197,0,0,0,81,0,0,0
18,25,5,3232.19743158273,1447.53114028143,0,0,0,123,0,0,0
18,25,6,3189.62946394113,1652.4595862496,0,0,0,51,0,0,0
18,25,7,19819.9944879091,6046.44648808641,20,0,0,259,0,0,0
18,25,8,0,4,0,0,0,0,0,0,0
18,26,1,3074.97294970881,888.915005930756,0,6,0,137,0,0,0
18,26,2,3022.63129331713,860.819030171995,0,0,0,39,0,0,0
18,26,3,3062.10355777718,1000.58957053727,0,0,0,112,0,0,0
18,26,4,3078.24367338109,1610.58338921627,0,0,0,75,0,0,0
18,26,5,3247.04354600961,1271.14125830462,0,10,0,129,0,0,0
18,26,6,3205.18812045313,1844.47213608732,0,19,0,136,0,0,0
18,26,7,19803.1014831091,5761.88374457205,0,243,0,237,0,0,0
18,26,8,0,4,0,0,0,0,0,0,0
18,27,1,3077.99765114881,1932.91360329586,0,0,0,88,0,0,0
18,27,2,3028.48416755713,434.401846217119,0,0,0,86,0,0,0
18,27,3,3069.93981037135,870.808980862723,0,0,0,100,0,0,0
18,27,4,3099.71470314109,1529.37639729639,0,0,0,161,0,0,0
18,27,5,3270.34423984539,1644.31849660533,0,0,0,127,0,0,0
18,27,6,3242.01894592513,1668.7988558194,0,0,0,172,0,0,1
18,27,7,19822.748761189,4600.85034910724,25,0,0,207,0,0,0
18,27,8,0,4,0,0,0,0,0,0,0
18,28,1,3104.12019529729,1921.73748001833,0,0,0,193,0,0,0
18,28,2,3020.19830259713,803.807149875225,0,0,0,43,0,0,0
18,28,3,3066.32987520305,1062.0476082503,0,0,0,87,0,0,0
18,28,4,3119.00931613309,1697.69373474018,0,0,0,152,0,0,0
18,28,5,3301.51373444385,931.39329976207,0,0,0,164,0,0,0
18,28,6,3272.29530560513,1499.85428850058,0,0,0,166,0,0,0
18,28,7,19831.792997989,11697.4554785046,26,0,0,196,0,0,0
18,28,8,0,4,0,0,0,0,0,0,0
18,29,1,3128.82871838721,1286.02926272644,0,0,0,192,0,0,0
18,29,2,3017.90963871746,1702.55001180861,0,0,0,80,0,0,0
18,29,3,3070.93808315697,460.961604386858,0,0,0,106,0,0,0
18,29,4,3131.60487033469,2140.25340218188,0,0,0,169,0,0,0
18,29,5,3308.25014145927,1849.74097999917,0,0,0,93,0,0,0
18,29,6,3295.37670817793,2180.26376527389,0,0,0,149,0,0,0
18,29,7,19862.7495210993,4219.90504696117,22,1,0,328,0,0,0
18,29,8,0,4,0,0,0,0,0,0,0
18,30,1,3143.71618426881,796.576489215332,5,0,0,120,0,0,0
18,30,2,3034.04882079746,1183.6391266458,20,0,0,140,0,0,0
18,30,3,3065.00472513349,1575.85449085381,0,0,0,46,0,0,0
18,30,4,3148.13170543229,830.393047468813,56,0,0,129,0,0,0
18,30,5,3339.58366076455,1231.26124847647,21,0,0,153,0,0,0
18,30,6,3318.53072338945,2097.14968411629,56,0,0,134,0,0,0
18,30,7,19865.4464780273,9644.26591377993,165,0,0,166,0,0,0
18,30,8,0,4,0,0,0,0,0,0,0
18,31,1,3142.79750840321,1232.44754667066,0,0,0,79,0,0,0
18,31,2,3037.26735988738,1951.23603449489,0,0,0,118,0,0,0
18,31,3,3080.43473814751,965.805656110333,0,0,0,157,0,0,0
18,31,4,3151.05856469629,766.047851304562,0,0,0,83,0,0,0
18,31,5,3357.19488585255,638.291267202368,0,0,0,123,0,0,0
18,31,6,3354.55751174145,1574.8538988037,1,0,0,181,0,0,0
18,31,7,19861.8742693872,9490.47828155742,36,0,0,192,0,0,1
18,31,8,0,4,0,0,0,0,0,0,0
18,32,1,3148.8254020813,1677.53195946481,0,0,0,123,0,0,0
18,32,2,3053.74160004712,1413.43917117795,0,0,0,181,0,0,0
18,32,3,3076.18063738488,1460.7443047072,0,0,0,96,0,0,0
18,32,4,3147.25036808829,1616.52828337738,0,0,0,76,0,0,0
18,32,5,3353.48314564135,746.635986052385,0,0,0,63,0,0,0
18,32,6,3380.91909351425,1327.07463851834,0,0,0,157,0,0,0
18,32,7,19860.6997157872,5011.82182060164,27,0,0,222,0,0,0
18,32,8,0,4,0,0,0,0,0,0,0
18,33,1,3168.46901004289,1646.76825951798,5,0,0,156,0,0,0
18,33,2,3063.45611080911,977.128530969479,0,0,0,141,0,0,0
18,33,3,3090.22802691524,1190.23461993731,0,0,0,146,0,0,0
18,33,4,3165.81250812541,1537.78449759054,5,0,0,149,0,0,0
18,33,5,3362.94492685863,1594.52823007124,0,0,0,74,0,0,0
18,33,6,3403.60287594497,1742.69786638909,7,0,0,117,0,0,0
18,33,7,19869.3048142832,3095.30984424071,138,0,0,197,0,0,0
18,33,8,0,4,0,0,0,0,0,0,0
18,34,1,3184.01099611752,1180.20662832043,18,0,0,130,0,0,0
18,34,2,3060.27095071951,1512.24015694657,0,0,0,97,0,0,0
18,34,3,3095.28264676083,1687.27514139213,0,0,0,119,0,0,0
18,34,4,3178.96999647869,1181.38919544616,14,0,0,127,0,0,0
18,34,5,3390.14521431591,2090.33887314839,1,0,0,157,0,0,0
18,34,6,3434.88285718529,711.653710301261,18,0,0,140,0,0,0
18,34,7,19873.2633024496,6803.6204000343,66,0,0,184,0,0,0
18,34,8,0,4,0,0,0,0,0,0,0
18,35,1,3195.67762276353,1367.7954886423,0,0,0,118,0,0,0
18,35,2,3076.02829356996,1292.03550371732,0,0,0,151,0,0,0
18,35,3,3127.36013901555,1435.2523552786,0,0,0,168,0,0,0
18,35,4,3187.011245857,954.67954503755,0,0,0,118,0,0,0
18,35,5,3442.66065874487,791.504550608684,0,0,0,197,0,0,0
18,35,6,3445.22453495399,1046.03380731289,0,0,0,71,0,0,0
18,35,7,19884.3347681263,7907.5028246334,33,0,0,182,0,0,0
18,35,8,0,4,0,0,0,0,0,0,0
18,36,1,3217.11919873967,1780.24077160502,0,0,0,136,0,0,0
18,36,2,3092.19363377423,643.24767465255,0,0,0,129,0,0,0
18,36,3,3156.22716227648,1361.49177963948,0,0,0,143,0,0,0
18,36,4,3197.05868666076,1664.27603654516,0,0,0,95,0,0,0
18,36,5,3454.92907810522,1489.14926095719,0,0,0,79,0,0,0
18,36,6,3474.18880086263,1469.06171685457,0,0,0,104,0,0,0
18,36,7,19902.8148111548,6251.02405096246,30,0,0,183,0,0,0
18,36,8,0,4,0,0,0,0,0,0,0
18,37,1,3221.63814175687,1300.06015700275,0,96,0,82,0,0,0
18,37,2,3076.47856552207,927.981405142365,0,27,0,37,0,0,0
18,37,3,3149.22874362334,2307.77290308489,0,61,0,75,0,0,0
18,37,4,3195.80437263908,1178.14064812885,0,84,0,82,0,0,0
18,37,5,3452.36720420554,817.39865138748,0,87,0,61,0,0,0
18,37,6,3479.33289193719,1364.91391868922,0,88,0,58,0,0,0
18,37,7,19927.6975040699,6531.71916886913,3,234,0,247,0,0,0
18,37,8,0,4,0,0,0,0,0,0,0
18,38,1,3236.12755394984,1943.08673638971,0,0,0,130,0,0,0
18,38,2,3082.44391387407,1659.72876731134,0,0,0,92,0,0,0
18,38,3,3184.66678512094,825.220791415949,0,0,0,230,0,0,0
18,38,4,3213.5450190145,754.750443782304,0,0,0,117,0,0,0
18,38,5,3467.36025636554,312.588632396932,0,0,0,81,0,0,0
18,38,6,3510.41941164278,1580.6418679764,0,0,0,136,0,0,0
18,38,7,19954.853621062,4669.894757315,34,0,0,188,0,0,0
18,38,8,0,4,0,0,0,0,0,0,0
18,39,1,3270.92727245224,1716.6300423001,6,0,0,169,0,0,0
18,39,2,3105.49532352783,1435.58817863673,1,0,0,162,0,0,0
18,39,3,3185.80567053175,1758.53534966322,0,0,0,82,0,0,0
18,39,4,3222.9380459841,326.83146204052,0,0,0,75,0,0,0
18,39,5,3469.26704108999,1307.89500356118,0,0,0,31,0,0,0
18,39,6,3550.87452086518,1274.66898696907,0,0,0,158,0,0,0
18,39,7,19985.6144505019,13973.2316822259,74,0,0,184,0,0,0
18,39,8,0,4,0,0,0,0,0,0,0
18,40,1,3293.52066324903,1243.65045788024,0,0,0,171,0,0,0
18,40,2,3117.88212406542,1380.57626643214,0,0,0,143,0,0,0
18,40,3,3207.31107564019,1275.6205827184,0,0,0,175,0,0,0
18,40,4,3217.3430016321,1017.12041307966,0,0,0,32,0,0,0
18,40,5,3489.31224527981,1489.32006593357,0,0,0,130,0,0,0
18,40,6,3575.72984371446,1091.69731705208,0,0,0,127,0,0,0
18,40,7,20021.7190674619,6715.09751316182,32,0,0,224,0,0,0
18,40,8,0,4,0,0,0,0,0,0,0
18,41,1,3328.47400799617,1697.4565475163,0,0,0,124,0,0,0
18,41,2,3153.67139014849,866.673429648531,0,0,0,138,0,0,0
18,41,3,3252.97728891875,1565.15658727671,0,0,0,127,0,0,0
18,41,4,3244.67810321339,1126.94755143528,0,0,0,101,0,0,0
18,41,5,3551.42511158069,1457.15767080688,0,0,0,148,0,0,0
18,41,6,3626.71576571262,1991.71053392313,0,0,0,109,0,0,0
18,41,7,20081.6054827441,8891.85115991698,41,0,0,168,0,0,0
18,41,8,0,4,0,0,0,0,0,0,0
18,42,1,3352.38670876377,1082.26750798652,0,0,0,169,0,0,0
18,42,2,3152.78834991707,926.346557195673,0,0,0,86,0,0,0
18,42,3,3268.95183470771,1957.86896009966,0,0,0,156,0,0,0
18,42,4,3257.59029611451,1832.80851776592,0,0,0,112,0,0,0
18,42,5,3573.48452733339,1507.71349156766,0,0,0,145,0,0,0
18,42,6,3671.90852277631,1030.07213943542,0,0,0,199,0,0,0
18,42,7,20119.4507010481,7083.98229216323,38,0,0,219,0,0,0
18,42,8,0,4,0,0,0,0,0,0,0
18,43,1,3386.37384862489,1469.48011495467,0,0,0,108,0,0,0
18,43,2,3176.31037099249,1236.70165229151,0,0,0,92,0,0,0
18,43,3,3320.20018881828,1130.69664593762,9,0,0,171,0,0,0
18,43,4,3296.08938081568,1601.799370001,12,0,0,147,0,0,0
18,43,5,3633.41076506639,1207.90302985353,0,0,0,150,0,0,0
18,43,6,3722.11437108753,2130.94666485067,0,0,0,103,0,0,0
18,43,7,20200.922618853,5523.29343087178,178,0,0,227,0,0,0
18,43,8,0,4,0,0,0,0,0,0,0
18,44,1,3420.68616207694,1837.38824845248,10,0,0,119,0,0,6
18,44,2,3212.45491531918,1852.84402190222,0,0,0,123,0,0,0
18,44,3,3358.84209676045,1513.79907141189,0,0,0,113,0,0,0
18,44,4,3347.4428866988,1318.83847926499,0,0,0,160,0,0,0
18,44,5,3688.11468749367,1566.94187398021,0,0,0,120,0,0,0
18,44,6,3779.55887445504,1560.23813186138,44,0,0,120,0,0,0
18,44,7,20294.6143577545,7183.74777270011,160,0,0,216,0,0,0
18,44,8,0,4,0,0,0,0,0,0,0
18,45,1,3444.50239881836,712.272078124824,0,0,0,181,0,0,0
18,45,2,3235.16919122731,1718.43896359974,0,0,0,185,0,0,0
18,45,3,3369.79359752146,1753.80972652832,0,0,0,151,0,0,0
18,45,4,3360.72572247183,1107.76119800709,0,0,0,131,0,0,0
18,45,5,3707.9971777729,1392.47405063592,0,0,0,156,0,0,0
18,45,6,3814.8139045673,1819.179429157,1,0,0,146,0,0,0
18,45,7,20345.7906767305,13139.237196272,78,0,0,209,0,0,0
18,45,8,0,4,0,0,0,0,0,0,0
18,46,1,3440.12206852698,1585.99774298051,0,0,0,71,0,0,0
18,46,2,3244.48716266157,1110.24652982693,0,0,0,171,0,0,0
18,46,3,3382.78909709508,1566.80313459554,0,0,0,175,0,0,0
18,46,4,3358.5578480381,1226.47137819538,0,0,0,110,0,0,0
18,46,5,3721.59933033696,1072.02747542749,0,0,0,139,0,0,0
18,46,6,3853.32164489933,2695.4141290923,0,0,0,181,0,0,0
18,46,7,20385.619730785,8561.87240342233,40,0,0,226,0,0,0
18,46,8,0,4,0,0,0,0,0,0,0
18,47,1,3463.96801702097,1373.81835622617,1,0,0,156,0,0,0
18,47,2,3246.80456537948,1156.89484939385,0,0,0,111,0,0,0
18,47,3,3400.49877484193,1730.17201661517,1,0,0,154,0,0,0
18,47,4,3373.33614819361,1257.64767797589,0,0,0,122,0,0,0
18,47,5,3736.63057402221,1655.02636963805,0,0,0,107,0,0,0
18,47,6,3890.91624853402,1807.19403103123,46,0,0,154,0,0,0
18,47,7,20439.8723311049,10126.7629822175,243,0,0,246,0,0,1
18,47,8,0,4,0,0,0,0,0,0,0
18,48,1,3477.55135374411,1922.50765222755,0,0,0,137,0,0,0
18,48,2,3242.51192902792,1898.44641612321,0,0,0,115,0,0,0
18,48,3,3411.35909008082,1436.88615201384,0,0,0,172,0,0,0
18,48,4,3380.54062311403,546.241313317041,0,0,0,125,0,0,0
18,48,5,3757.98457003412,1924.33796320121,1,0,0,158,0,0,0
18,48,6,3937.73073205264,1022.95121086708,0,0,0,179,0,0,0
18,48,7,20477.9546351049,12013.5392221504,118,0,0,198,0,0,0
18,48,8,0,4,0,0,0,0,0,0,0
18,49,1,3514.21965904643,1477.59962924294,0,0,0,192,0,0,0
18,49,2,3260.71493861067,1118.66872279382,0,0,0,189,0,0,0
18,49,3,3425.34573827084,1377.07197671737,0,0,0,143,0,0,0
18,49,4,3370.05913095781,984.140903540621,0,0,0,54,0,0,0
18,49,5,3792.93947375047,1655.44487935859,0,0,0,179,0,0,0
18,49,6,3960.16888013124,1710.91778650033,0,0,0,102,0,0,0
18,49,7,20525.5264145046,9205.91481675392,57,0,0,208,0,0,0
18,49,8,0,4,0,0,0,0,0,0,0
18,50,1,3531.8418890802,2074.6951547955,0,0,0,147,0,0,0
18,50,2,3254.72983758628,1676.77231330547,0,0,0,111,0,0,0
18,50,3,3431.33799411497,1189.76936086304,0,0,0,137,0,0,0
18,50,4,3371.01525311139,1721.48505930659,0,0,0,98,0,0,0
18,50,5,3823.86412658944,2093.03310004713,0,0,0,165,0,0,0
18,50,6,4007.52375108584,1006.52222468862,0,0,0,171,0,0,0
18,50,7,20560.6440095394,5384.17071889599,121,0,0,170,0,0,13
18,50,8,0,4,0,0,0,0,0,0,0
18,51,1,3588.8625770465,1897.8024353196,5,0,0,178,0,0,4
18,51,2,3301.09235945945,1641.91782163548,0,0,0,167,0,0,0
18,51,3,3464.2988942884,826.519501325329,0,0,0,118,0,0,0
18,51,4,3414.64787772272,738.321480689514,3,0,0,158,0,0,0
18,51,5,3920.41534721599,2217.88846478221,5,0,0,184,0,0,1
18,51,6,4068.83129677081,1721.09042318571,0,0,0,100,0,0,0
18,51,7,20656.3245187721,8415.31189556217,73,0,0,191,0,0,2
18,51,8,0,4,0,0,0,0,0,0,0
18,52,1,3619.42345866069,2348.51075069796,1,0,0,160,0,0,0
18,52,2,3321.87843141107,1153.03956358956,0,0,0,162,0,0,0
18,52,3,3448.94464981484,1801.73108978969,0,0,0,82,0,0,0
18,52,4,3410.6789330878,2072.54854272054,0,0,0,73,0,0,0
18,52,5,3958.90208408771,1524.75297497479,1,0,0,202,0,0,0
18,52,6,4119.53987487509,2025.24049119597,0,0,0,172,0,0,0
18,52,7,20709.4396028553,5613.58911920912,41,0,0,195,0,0,0
18,52,8,0,4,0,0,0,0,0,0,0
18,53,1,3653.96373640182,1075.54098251945,9,0,0,161,0,0,0
18,53,2,3329.6839532224,1817.71083735359,0,0,0,115,0,0,0
18,53,3,3484.36564424764,2184.7592516139,0,0,0,180,0,0,0
18,53,4,3448.68445201707,1213.98516652207,0,0,0,206,0,0,0
18,53,5,3988.58654200164,990.99783068731,0,0,0,152,0,0,0
18,53,6,4180.84856727832,2298.37202316419,2,0,0,183,0,0,0
18,53,7,20749.3508002441,9826.39987931167,49,0,0,177,0,0,0
18,53,8,0,4,0,0,0,0,0,0,0
18,54,1,3664.78364817783,2406.04837727441,0,0,0,107,0,0,0
18,54,2,3352.63294335829,837.34740673335,0,0,0,180,0,0,0
18,54,3,3515.23073930155,1739.72501306222,0,0,0,199,0,0,0
18,54,4,3453.20743686817,1064.55374859059,0,0,0,121,0,0,0
18,54,5,3988.3333567558,1025.43675757611,0,0,0,99,0,0,0
18,54,6,4243.8639281802,1503.40616165683,2,0,0,180,0,0,0
18,54,7,20786.2016595776,9026.30587689252,36,0,0,201,0,0,0
18,54,8,0,4,0,0,0,0,0,0,0
18,55,1,3696.61975955427,1277.97706631347,4,0,0,182,0,0,0
18,55,2,3342.89273403997,938.182951047131,0,0,0,83,0,0,0
18,55,3,3526.46104751725,1481.38526950054,0,0,0,173,0,0,0
18,55,4,3445.24355367929,1701.75224086234,0,0,0,106,0,0,0
18,55,5,3991.14783131894,1026.55782987305,0,0,0,102,0,0,0
18,55,6,4273.62620462466,2916.71357450557,0,0,0,150,0,0,0
18,55,7,20816.5970255925,6799.68579713353,50,0,0,206,0,0,0
18,55,8,0,4,0,0,0,0,0,0,0
18,56,1,3733.31140414732,1612.79811004061,0,0,0,127,0,0,0
18,56,2,3347.13468970329,934.449728770326,0,0,0,93,0,0,0
18,56,3,3546.3045749826,1296.09772019981,6,0,0,128,0,0,0
18,56,4,3469.36990879275,1108.87493932288,8,0,0,143,0,0,0
18,56,5,4001.37540274484,1873.91383911469,0,0,0,102,0,0,0
18,56,6,4362.79748123195,1919.9922619397,42,0,0,160,0,0,0
18,56,7,20877.3702025302,7655.14789620598,159,0,0,187,0,0,0
18,56,8,0,4,0,0,0,0,0,0,0
18,57,1,3792.79738159115,1674.59668968606,0,0,0,161,0,0,0
18,57,2,3351.80122443251,1073.51976038,0,0,0,93,0,0,0
18,57,3,3566.01898828189,1303.18926761261,0,0,0,129,0,0,0
18,57,4,3498.78536678764,2293.19882973165,0,0,0,110,0,0,0
18,57,5,4055.88918839864,428.48021866254,8,0,0,138,0,0,0
18,57,6,4455.12090379345,1880.93735655763,0,0,0,191,0,0,0
18,57,7,20949.1174197233,14211.8199621689,99,0,0,177,0,0,0
18,57,8,0,4,0,0,0,0,0,0,0
18,58,1,3806.87902860941,1093.95489376018,0,0,0,167,0,0,0
18,58,2,3338.90257866718,1223.76953388159,0,0,0,107,0,0,0
18,58,3,3550.63048593205,1493.34658553867,0,0,0,130,0,0,0
18,58,4,3513.70025100409,1216.50811591498,0,1,0,174,0,0,0
18,58,5,4027.51118864435,2050.40616193282,0,0,0,42,0,0,0
18,58,6,4502.09801337109,1448.35415455316,0,0,0,188,0,0,0
18,58,7,20975.66361104,7033.78760906169,3,29,0,233,0,0,0
18,58,8,0,4,0,0,0,0,0,0,0
18,59,1,3794.46712638499,1172.88977573501,0,68,0,41,0,0,0
18,59,2,3318.51553423137,1291.55906983921,0,65,0,57,0,0,0
18,59,3,3535.50338518386,1155.89548960215,0,66,0,83,0,0,0
18,59,4,3493.70967818963,1246.99480776165,0,60,0,61,0,0,0
18,59,5,4041.3018161937,1976.69212069153,0,115,0,90,0,0,0
18,59,6,4506.003248179,1909.56338260071,0,76,0,68,0,0,0
18,59,7,21025.4580627657,14987.0517612532,3,184,0,194,0,0,2
18,59,8,0,4,0,0,0,0,0,0,0
18,60,1,3803.91939961638,1381.5063712898,0,0,0,117,0,0,0
18,60,2,3324.05469101506,1610.99057293205,0,0,0,129,0,0,0
18,60,3,3534.31775490671,1008.00396813022,0,0,0,115,0,0,0
18,60,4,3506.33556231807,1311.67976244275,0,0,0,124,0,0,0
18,60,5,4087.83262109204,1771.81572106688,0,0,0,196,0,0,0
18,60,6,4563.88544272765,1408.38659938423,0,0,0,190,0,0,0
18,60,7,21071.5331302806,11044.4920083385,30,0,0,236,0,0,0
18,60,8,0,4,0,0,0,0,0,0,0
18,61,1,3826.71081424335,1974.15638682582,0,0,0,138,0,0,0
18,61,2,3344.44483583603,801.407576982651,0,0,0,161,0,0,0
18,61,3,3532.49513603617,2192.07167428262,0,0,0,100,0,0,0
18,61,4,3523.93587705055,1151.16525751658,0,0,0,131,0,0,0
18,61,5,4149.37422056176,2365.95388634784,0,0,0,177,0,0,0
18,61,6,4610.39587857075,2092.19012472725,0,0,0,140,0,0,0
18,61,7,21112.2985727587,10654.6164318036,34,0,0,197,0,0,0
18,61,8,0,4,0,0,0,0,0,0,0
18,62,1,3859.93294092906,1820.39242415716,0,0,0,196,0,0,0
18,62,2,3337.33372644481,928.733511216067,0,0,0,80,0,0,0
18,62,3,3561.59733578095,2316.19087536131,1,0,0,189,0,0,0
18,62,4,3530.9347830451,1207.14673800132,0,0,0,115,0,0,0
18,62,5,4214.82373086251,2360.65386725689,0,0,0,216,0,0,0
18,62,6,4679.46851042613,1898.48348406747,0,0,0,209,0,0,0
18,62,7,21155.3766462911,11259.4967004455,32,0,0,205,0,0,0
18,62,8,0,4,0,0,0,0,0,0,0
18,63,1,3906.32170697394,2190.6863543597,0,0,0,182,0,0,0
18,63,2,3338.34907925874,1592.21630994287,0,0,0,92,0,0,0
18,63,3,3619.0457980674,1175.56945677622,0,0,0,231,0,0,0
18,63,4,3554.11050298842,672.98384465746,0,0,0,120,0,0,0
18,63,5,4302.99915277305,1879.2131982753,0,0,0,224,0,0,0
18,63,6,4760.56637665475,1339.00460182895,0,0,0,181,0,0,0
18,63,7,21211.0264225215,8785.62779705554,36,0,0,216,0,0,9
18,63,8,0,4,0,0,0,0,0,0,0
18,64,1,3903.50693514081,2179.19582809953,136,0,0,83,0,0,0
18,64,2,3332.30360489314,1579.24852477819,82,0,0,77,0,0,0
18,64,3,3608.56903996823,1272.11793577674,62,0,0,55,0,0,0
18,64,4,3539.25829247071,1831.89029618374,44,0,0,23,0,0,0
18,64,5,4315.96686806491,1791.06968541971,90,0,0,97,0,0,0
18,64,6,4768.72627659198,1121.08421156392,62,0,0,71,0,0,0
18,64,7,21301.9427294467,6656.1622118595,347,1,0,382,0,0,28
18,64,8,0,4,0,0,0,0,0,0,0
18,65,1,3959.32375396003,872.7648739635,17,0,0,167,0,0,0
18,65,2,3369.48696020655,1238.12058345274,0,0,0,157,0,0,0
18,65,3,3640.99324516762,1599.45762854304,0,0,0,127,0,0,0
18,65,4,3583.24751896799,1114.10235411975,0,0,0,183,0,0,0
18,65,5,4371.55171966952,2048.74578825962,6,0,0,161,0,0,0
18,65,6,4828.73362654415,2606.18098416489,0,0,0,112,0,0,0
18,65,7,21340.3192671655,8643.27430479931,162,0,0,195,0,0,0
18,65,8,0,4,0,0,0,0,0,0,0
18,66,1,3971.45411683793,1997.35370479766,0,0,0,87,0,0,0
18,66,2,3389.33420990164,1706.20573051343,0,0,0,123,0,0,0
18,66,3,3667.92454510089,672.219317927376,0,0,0,159,0,0,0
18,66,4,3597.42178505643,1750.47662551577,0,0,0,111,0,0,0
18,66,5,4415.9543168682,1582.20122523146,3,0,0,167,0,0,0
18,66,6,4900.81569456171,2292.75324942688,6,0,0,193,0,0,0
18,66,7,21379.4114066177,7589.66001416521,68,0,0,191,0,0,1
18,66,8,0,4,0,0,0,0,0,0,0
18,67,1,3994.43579681005,1082.18474177579,70,0,0,115,0,0,0
18,67,2,3412.01662385082,1222.34037169421,37,0,0,126,0,0,0
18,67,3,3652.83829316759,1309.23503742556,1,0,0,66,0,0,0
18,67,4,3606.5487636001,827.675541582962,59,0,0,104,0,0,0
18,67,5,4450.16473107519,3191.48155285711,21,0,0,133,0,0,0
18,67,6,4968.09494560987,2226.50324022196,86,0,0,126,0,0,0
18,67,7,21449.0739988429,9857.11689987399,349,0,0,340,0,0,0
18,67,8,0,4,0,0,0,0,0,0,0
18,68,1,4004.04231021248,1697.61633234388,0,0,0,108,0,0,0
18,68,2,3415.6507778087,1758.00395211584,0,0,0,122,0,0,0
18,68,3,3669.05609303788,1084.27352253489,0,0,0,130,0,0,0
18,68,4,3612.52589977212,1147.77303918156,0,0,0,82,0,0,0
18,68,5,4499.99603649989,2276.25804818403,12,0,0,197,0,0,0
18,68,6,5028.62218812476,2354.97995681628,3,0,0,193,0,0,0
18,68,7,21479.2103322819,10313.4175020591,79,0,0,218,0,0,0
18,68,8,0,4,0,0,0,0,0,0,0
18,69,1,4035.09875996576,2478.81713556944,0,0,0,169,0,0,0
18,69,2,3430.74528944079,1527.97803147937,0,0,0,175,0,0,0
18,69,3,3677.03270436983,1595.3100814039,0,0,0,108,0,0,0
18,69,4,3624.16859235266,1630.56502527252,0,0,0,114,0,0,0
18,69,5,4538.53908120759,668.163690885663,5,0,0,165,0,0,0
18,69,6,5100.06928639046,1503.5862735717,3,0,0,190,0,0,0
18,69,7,21537.1691444222,10993.1509655105,60,0,0,287,0,0,0
18,69,8,0,4,0,0,0,0,0,0,0
18,70,1,4085.57519016276,1845.08482620714,4,0,0,186,0,0,0
18,70,2,3462.44698569695,1213.15726529471,0,0,0,152,0,0,0
18,70,3,3705.43390308342,1180.78918090223,0,0,0,159,0,0,0
18,70,4,3660.36424055815,1406.43946629338,0,0,0,163,0,0,0
18,70,5,4517.72295684722,1452.3395593805,0,0,0,66,0,0,0
18,70,6,5163.0899127271,2127.65341198163,0,0,0,150,0,0,0
18,70,7,21568.2866931592,6905.02015815825,71,0,0,156,0,0,0
18,70,8,0,4,0,0,0,0,0,0,0
18,71,1,4109.70778254771,1861.34942567602,69,0,0,101,0,0,0
18,71,2,3479.46401908333,1191.0482896662,15,0,0,103,0,0,0
18,71,3,3719.22182669732,966.371819343763,5,0,0,112,0,0,0
18,71,4,3676.55579412542,1812.48863253505,32,0,0,102,0,0,0
18,71,5,4544.19137177037,924.567153707436,16,0,0,126,0,0,0
18,71,6,5251.31051449903,2504.53132007944,73,0,0,125,0,0,0
18,71,7,21626.0443980435,7825.80162332915,201,2,0,226,0,0,4
18,71,8,0,4,0,0,0,0,0,0,0
18,72,1,4139.42215591786,1391.75182109181,5,0,0,155,0,0,0
18,72,2,3479.58741815269,1423.0281563859,0,0,0,119,0,0,0
18,72,3,3725.67113324438,657.38755439253,0,0,0,96,0,0,0
18,72,4,3715.63614707707,1473.58812850807,0,0,0,181,0,0,0
18,72,5,4554.95795314972,2121.11463759061,0,0,0,92,0,0,0
18,72,6,5347.30022244488,1784.84138429769,13,0,0,171,0,0,0
18,72,7,21671.1635743042,8177.18660500793,104,0,0,210,0,0,0
18,72,8,0,4,0,0,0,0,0,0,0
18,73,1,4187.45158906666,1744.98014554697,0,0,0,139,0,0,0
18,73,2,3512.09191760453,1550.97657204251,0,0,0,142,0,0,0
18,73,3,3714.83477622478,1610.94833158211,0,0,0,65,0,0,0
18,73,4,3744.57001912848,1537.9146587106,0,0,0,147,0,0,0
18,73,5,4627.3831070199,1062.16410617539,0,0,0,212,0,0,0
18,73,6,5448.07250591059,3354.41889744718,5,0,0,150,0,0,0
18,73,7,21727.4641246949,6941.82649672801,109,0,0,180,0,0,0
18,73,8,0,4,0,0,0,0,0,0,0
18,74,1,4284.66804228593,831.431667249856,0,0,0,173,0,0,0
18,74,2,3550.46316869826,805.38573838693,5,0,0,142,0,0,0
18,74,3,3773.00134392617,1287.33599649665,0,0,0,161,0,0,0
18,74,4,3809.79918571554,863.029499559423,0,0,0,153,0,0,0
18,74,5,4667.1365618998,2540.46445058874,0,0,0,106,0,0,0
18,74,6,5573.65042054771,2330.83249407905,63,0,0,171,0,0,0
18,74,7,21826.5506312334,6805.12698886232,154,1,0,170,0,0,27
18,74,8,0,4,0,0,0,0,0,0,0
18,75,1,4236.49768213493,1434.46339986049,75,0,0,8,0,0,0
18,75,2,3519.20196772331,836.154797195651,50,0,0,30,0,0,0
18,75,3,3758.22834845661,1279.17047314809,74,0,0,54,0,0,0
18,75,4,3782.951735404,1647.08404997439,46,0,0,40,0,0,0
18,75,5,4704.03356201643,2702.39560211328,114,0,0,140,0,0,0
18,75,6,5622.47552946193,558.893579302093,97,0,0,136,0,0,0
18,75,7,21911.7267296302,7947.09627329351,364,0,0,315,0,0,1
18,75,8,0,4,0,0,0,0,0,0,0
18,76,1,4250.85278196401,1204.73981190501,0,0,0,143,0,0,0
18,76,2,3509.88427503071,1474.83479174332,0,0,0,83,0,0,0
18,76,3,3763.60349827159,1909.09777376127,0,0,0,127,0,0,0
18,76,4,3808.44863373915,1656.80347697998,0,0,0,164,0,0,0
18,76,5,4783.64617759609,3318.70914531581,15,0,0,180,0,0,0
18,76,6,5642.7113919105,3104.23652537453,0,0,0,55,0,0,0
18,76,7,21918.7174323095,13593.0478074668,110,0,0,167,0,0,0
18,76,8,0,4,0,0,0,0,0,0,0
18,77,1,4247.22295826175,1993.73521337666,0,0,0,120,0,0,0
18,77,2,3503.86979335674,1261.56674320179,0,0,0,147,0,0,0
18,77,3,3782.60607569825,1985.00159009272,0,0,0,186,0,0,0
18,77,4,3834.51916957314,1363.17366067452,0,0,0,165,0,0,0
18,77,5,4849.41576573706,2132.25283531834,0,2,0,261,0,0,0
18,77,6,5723.76103498459,1515.76429871907,0,3,0,203,0,0,0
18,77,7,21948.7270386704,9115.65715243573,0,47,0,200,0,0,0
18,77,8,0,4,0,0,0,0,0,0,0
18,78,1,4275.92450798747,2744.71157088808,0,21,0,156,0,0,0
18,78,2,3529.76061582757,1557.32853972499,0,0,0,126,0,0,0
18,78,3,3787.84009545117,1073.39146215724,0,23,0,151,0,0,0
18,78,4,3866.73446457667,1103.12891780613,0,0,0,136,0,0,0
18,78,5,4885.47860985392,1630.1903847622,0,38,0,135,0,0,0
18,78,6,5820.50499158578,3319.54443432306,0,1,0,149,0,0,0
18,78,7,22016.4218049113,12406.6468279285,0,261,0,227,0,0,6
18,78,8,0,4,0,0,0,0,0,0,0
18,79,1,4312.47275216924,1047.84943649785,1,0,0,210,0,0,0
18,79,2,3545.03333709595,467.870770539576,0,0,0,155,0,0,0
18,79,3,3792.52130867569,1222.50698426296,0,0,0,107,0,0,0
18,79,4,3880.37160305233,643.056782926001,0,0,0,110,0,0,0
18,79,5,4933.79639551025,2098.06032411971,0,0,0,163,0,0,0
18,79,6,5908.180824237,1076.23931186387,3,0,0,199,0,0,0
18,79,7,22089.4421547849,9809.29710856374,24,0,0,280,0,0,0
18,79,8,0,4,0,0,0,0,0,0,0
18,80,1,4331.38777015579,2395.39574896888,0,0,0,104,0,0,0
18,80,2,3521.87487836372,1612.35640186858,0,0,0,46,0,0,0
18,80,3,3804.25984478507,2409.86649498906,0,0,0,122,0,0,0
18,80,4,3874.71797962309,2162.4175490531,0,0,0,64,0,0,0
18,80,5,4979.18070922135,2216.10641013434,0,0,0,197,0,0,0
18,80,6,5952.59380096842,2770.70738714066,0,0,0,107,0,0,0
18,80,7,22156.4953918516,8352.15149094666,19,0,0,214,0,0,0
18,80,8,0,4,0,0,0,0,0,0,0
18,81,1,4345.62193804561,2448.19965844782,0,124,0,115,0,0,0
18,81,2,3507.62348492117,1836.93664685295,0,86,0,75,0,0,0
18,81,3,3812.69319043254,2161.59833384904,0,122,0,118,0,0,0
18,81,4,3887.01764203208,1250.93876492001,0,103,0,113,0,0,0
18,81,5,5021.6496910607,1781.5426783328,0,105,0,116,0,0,0
18,81,6,6016.92290288178,1787.57458061746,0,156,0,121,0,0,0
18,81,7,22212.7960143343,5732.32777612636,8,167,0,205,0,0,0
18,81,8,0,4,0,0,0,0,0,0,0
18,82,1,4427.8222624551,1890.17702359844,2,0,0,210,0,0,0
18,82,2,3576.66343606834,1489.45392869258,0,0,0,175,0,0,0
18,82,3,3887.78332972484,1292.89306788721,1,0,0,195,0,0,0
18,82,4,3951.8013146841,1770.88972874165,0,0,0,125,0,0,0
18,82,5,5136.67563979789,1157.12372711715,0,0,0,178,0,0,0
18,82,6,6193.25724624299,3085.4260641082,0,0,0,172,0,0,0
18,82,7,22336.3920645792,11467.8644717218,24,0,0,268,0,0,0
18,82,8,0,4,0,0,0,0,0,0,0
18,83,1,4527.47912162147,2596.58880844219,0,0,0,189,0,0,0
18,83,2,3624.39387989443,1498.46996622767,0,0,0,148,0,0,0
18,83,3,3944.6923106533,2256.11544877393,0,0,0,129,0,0,0
18,83,4,4050.12974262984,2549.30531611198,0,0,0,176,0,0,0
18,83,5,5202.82922687378,1075.19436722864,0,0,0,115,0,0,0
18,83,6,6378.9651351611,1978.11419002018,3,0,0,208,0,0,0
18,83,7,22434.2228091513,10655.9997946622,30,0,0,204,0,0,0
18,83,8,0,4,0,0,0,0,0,0,0
18,84,1,4617.29244013928,1909.22879743796,1,0,0,193,0,0,7
18,84,2,3679.0449786304,848.190928135316,0,0,0,149,0,0,0
18,84,3,4032.97768713083,1508.02960331295,0,0,0,205,0,0,0
18,84,4,4216.3086081679,1661.07759379447,0,0,0,249,0,0,1
18,84,5,5267.24636451623,3530.74049915097,0,0,0,107,0,0,0
18,84,6,6652.85928253794,2337.61782528173,0,0,0,197,0,0,0
18,84,7,22540.6902530049,12337.5642963697,27,0,0,202,0,0,0
18,84,8,0,4,0,0,0,0,0,0,0
18,85,1,4694.7661896868,1527.68238083792,0,0,0,190,0,0,0
18,85,2,3689.33806690354,1297.82190195234,0,0,0,84,0,0,0
18,85,3,4091.58912117855,1679.27507227464,0,0,0,150,0,0,0
18,85,4,4275.2089580485,2436.42687517275,0,0,0,166,0,0,0
18,85,5,5356.4484700594,1253.41385953415,3,0,0,220,0,0,0
18,85,6,6788.0953203551,1858.31018875077,0,0,0,202,0,0,3
18,85,7,22611.0161514805,12259.1600972024,30,0,0,198,0,0,0
18,85,8,0,4,0,0,0,0,0,0,0
18,86,1,4732.14850669363,1572.00520748211,0,0,0,152,0,0,0
18,86,2,3714.91199490354,2056.78333226588,0,0,0,129,0,0,0
18,86,3,4121.2146104803,1460.06450353317,0,0,0,167,0,0,0
18,86,4,4324.0928563231,2739.48594046433,0,0,0,243,0,0,0
18,86,5,5399.98564644604,2248.75492886532,0,0,0,125,0,0,0
18,86,6,6878.29205843825,2132.82633777204,0,0,0,185,0,0,0
18,86,7,22688.7903088147,7336.9509094082,33,0,0,349,0,0,0
18,86,8,0,4,0,0,0,0,0,0,0
18,87,1,4786.22951407392,1578.86687570475,0,0,0,154,0,0,0
18,87,2,3741.31624187263,1429.7527141605,14,0,0,151,0,0,0
18,87,3,4165.62436711741,2785.41697185087,0,0,0,146,0,0,0
18,87,4,4360.23362556935,684.126705327946,29,0,0,158,0,0,0
18,87,5,5458.60515500256,1652.74782583824,12,0,0,178,0,0,0
18,87,6,7009.39204259803,2521.34973815034,7,0,0,184,0,0,0
18,87,7,22751.0227468028,9247.03336626559,138,0,0,194,0,0,1
18,87,8,0,4,0,0,0,0,0,0,0
18,88,1,4840.58187539549,1673.08034610427,0,0,0,157,0,0,0
18,88,2,3771.69025014956,1568.00753701181,0,0,0,142,0,0,0
18,88,3,4223.74768311084,1474.23611946118,11,0,0,164,0,0,0
18,88,4,4344.42684308965,1707.46835303693,0,0,0,68,0,0,0
18,88,5,5530.61734649948,2953.95253562779,0,0,0,165,0,0,0
18,88,6,7192.52609758194,2447.49504220803,7,0,0,178,0,0,0
18,88,7,22819.5183713685,11331.634788927,72,0,0,187,0,0,0
18,88,8,0,4,0,0,0,0,0,0,0
18,89,1,4917.7377186278,1947.00702144713,0,0,0,167,0,0,0
18,89,2,3810.81163447855,1401.78348015851,0,0,0,156,0,0,0
18,89,3,4277.68085657654,2119.15480127973,0,0,0,147,0,0,0
18,89,4,4402.24822552503,1895.27897090622,0,0,0,164,0,0,0
18,89,5,5628.16594719441,3037.02689897298,4,0,0,203,0,0,0
18,89,6,7349.11824841293,1948.88125939484,2,0,0,195,0,0,0
18,89,7,22909.1618093983,8673.17421515913,43,0,0,252,0,0,0
18,89,8,0,4,0,0,0,0,0,0,0
18,90,1,4967.92946621336,2310.55296152546,24,0,0,130,0,0,0
18,90,2,3843.09730421794,1262.43429817748,0,0,0,140,0,0,0
18,90,3,4342.70990565202,3560.41408382132,18,0,0,165,0,0,0
18,90,4,4466.93871569525,1577.12614281317,9,0,0,166,0,0,0
18,90,5,5702.38628333509,2084.30426220774,55,0,0,160,0,0,0
18,90,6,7571.14973797869,2534.45469225035,1,0,0,192,0,0,0
18,90,7,22993.04947411,8433.16273608093,216,0,0,201,0,0,23
18,90,8,0,4,0,0,0,0,0,0,0
18,91,1,5009.02540069427,1537.54127125568,82,0,0,108,0,0,0
18,91,2,3880.8899038891,1226.07508591218,3,0,0,121,0,0,0
18,91,3,4402.81049308626,3067.4804562955,128,0,0,161,0,0,0
18,91,4,4574.80567469747,1366.12388429524,2,0,0,154,0,0,0
18,91,5,5767.15938770873,3004.89379899692,56,0,0,124,0,0,0
18,91,6,7700.46996090723,3034.91485699811,68,0,0,151,0,0,0
18,91,7,23085.2118009827,11927.2700916401,190,3,0,196,0,0,13
18,91,8,0,4,0,0,0,0,0,0,0
18,92,1,5026.94180221925,2261.89190540486,0,0,0,153,0,0,0
18,92,2,3898.92132823645,1076.94536088234,0,0,0,122,0,0,0
18,92,3,4447.52441282052,1321.30485451614,8,0,0,184,0,0,0
18,92,4,4607.63730144707,2171.99224707466,0,0,0,136,0,0,0
18,92,5,5835.00887058497,2379.41071354643,8,0,0,194,0,0,0
18,92,6,7839.91021102728,1497.88491048053,3,0,0,262,0,0,0
18,92,7,23114.2591678445,6300.82191028915,77,0,0,212,0,0,0
18,92,8,0,4,0,0,0,0,0,0,0
18,93,1,5048.75241870109,2903.44121072173,131,0,0,82,0,0,0
18,93,2,3898.31487279728,2368.96457357235,40,0,0,63,0,0,0
18,93,3,4478.13748170328,1214.03660970779,39,0,0,89,0,0,0
18,93,4,4654.86115758023,1848.79013500342,87,0,0,121,0,0,0
18,93,5,5881.30588894645,3014.22014218542,118,0,0,108,0,0,0
18,93,6,7966.46485149339,1339.60419216564,56,0,0,88,0,0,0
18,93,7,23202.679675562,15072.3932163371,164,3,0,176,0,0,2
18,93,8,0,4,0,0,0,0,0,0,0
18,94,1,5061.30506353638,2995.73582095157,3,0,0,171,0,0,0
18,94,2,3930.17597834319,2427.66721361127,0,0,0,198,0,0,0
18,94,3,4501.13634692295,1887.38878476203,0,0,0,121,0,0,0
18,94,4,4697.56964369431,1640.89273560975,0,0,0,184,0,0,0
18,94,5,5947.68080262083,3322.93811991582,3,0,0,195,0,0,0
18,94,6,8031.58280288449,2403.87751228053,0,0,0,133,0,0,0
18,94,7,23201.2824808823,11489.1013298617,41,0,0,212,0,0,0
18,94,8,0,4,0,0,0,0,0,0,0
18,95,1,5203.00915006518,2412.96246387878,13,0,0,204,0,0,0
18,95,2,3996.87998729038,2633.59005277964,9,0,0,174,0,0,0
18,95,3,4617.17190977349,1742.50724583971,0,0,0,188,0,0,0
18,95,4,4818.13910216657,943.457903500511,0,0,0,161,0,0,0
18,95,5,6059.20737299045,2108.18229343317,26,0,0,149,0,0,0
18,95,6,8234.81768324684,3784.18001394667,8,0,0,178,0,0,0
18,95,7,23230.1681946734,7602.77496550088,134,0,0,188,0,0,0
18,95,8,0,4,0,0,0,0,0,0,0
18,96,1,5268.1799994683,3045.76714147435,60,0,0,127,0,0,0
18,96,2,4064.59094951659,2863.98842717301,48,0,0,171,0,0,0
18,96,3,4707.76171963254,1987.27474809238,4,0,0,165,0,0,0
18,96,4,4934.70246015156,1139.04685689722,0,0,0,94,0,0,0
18,96,5,6160.27018123711,4120.22286596815,40,0,0,131,0,0,0
18,96,6,8379.18783390143,3632.35585510032,118,0,0,153,0,0,0
18,96,7,23324.8574678745,9316.86671091421,240,0,0,272,0,0,7
18,96,8,0,4,0,0,0,0,0,0,0
18,97,1,5345.51398559546,3098.04063734605,17,0,0,183,0,0,0
18,97,2,4123.35189461848,1920.11822132876,13,0,0,195,0,0,0
18,97,3,4780.25014760335,1765.02369331717,0,0,0,194,0,0,0
18,97,4,4982.27041381345,2409.93964210855,0,0,0,113,0,0,0
18,97,5,6267.71452600868,1744.72739548249,32,0,0,181,0,0,0
18,97,6,8557.55962048918,1572.39293930265,22,0,0,204,0,0,0
18,97,7,23363.1486302934,8444.99886562066,100,0,0,221,0,0,0
18,97,8,0,4,0,0,0,0,0,0,0
18,98,1,5345.06892458149,1425.08168398183,250,0,0,59,0,0,0
18,98,2,4137.78693016484,938.98652123918,92,0,0,100,0,0,0
18,98,3,4801.54220070018,2042.83422430879,97,0,0,79,0,0,0
18,98,4,5025.69620336229,928.929015879616,107,0,0,133,0,0,0
18,98,5,6299.81724598748,3573.65681860602,97,0,0,77,0,0,0
18,98,6,8592.66097870411,6757.8561716258,87,0,0,70,0,0,0
18,98,7,23399.0857665056,12519.7703050392,209,5,0,174,0,0,8
18,98,8,0,4,0,0,0,0,0,0,0
18,99,1,5380.95659419007,2154.71469817355,0,0,0,142,0,0,0
18,99,2,4160.38643554231,2485.82265820181,0,0,0,93,0,0,0
18,99,3,4861.95877263375,2494.03518878844,1,0,0,186,0,0,0
18,99,4,5048.41847911569,2544.30129219654,0,0,0,92,0,0,0
18,99,5,6400.45265030263,4144.00506631318,13,0,0,197,0,0,0
18,99,6,8655.80360730224,2834.83646466284,43,0,0,160,0,0,0
18,99,7,23349.6043741153,13208.7693276596,88,0,0,192,0,0,0
18,99,8,0,4,0,0,0,0,0,0,0
18,100,1,5437.34909975353,2683.51546461456,2,0,0,187,0,0,0
18,100,2,4204.21356578103,2090.29638140822,4,0,0,179,0,0,0
18,100,3,4921.09229403855,2119.21880318224,4,0,0,188,0,0,0
18,100,4,5103.52002508853,1262.57959510532,1,0,0,237,0,0,0
18,100,5,6480.81382479132,3111.7030079998,16,0,0,191,0,0,0
18,100,6,8806.08729411785,2582.08651368749,2,0,0,251,0,0,0
18,100,7,23317.7440207397,14989.3792335706,81,0,0,226,0,0,0
18,100,8,0,4,0,0,0,0,0,0,0
19,1,1,NA,NA,NA,NA,NA,NA,NA,NA,NA
19,1,2,NA,NA,NA,NA,NA,NA,NA,NA,NA
19,1,3,NA,NA,NA,NA,NA,NA,NA,NA,NA
19,1,4,NA,NA,NA,NA,NA,NA,NA,NA,NA
19,1,5,NA,NA,NA,NA,NA,NA,NA,NA,NA
19,1,6,NA,NA,NA,NA,NA,NA,NA,NA,NA
19,1,7,NA,NA,NA,NA,NA,NA,NA,NA,NA
19,1,8,NA,NA,NA,NA,NA,NA,NA,NA,NA
19,2,1,NA,NA,NA,NA,NA,NA,NA,NA,NA
19,2,2,NA,NA,NA,NA,NA,NA,NA,NA,NA
19,2,3,NA,NA,NA,NA,NA,NA,NA,NA,NA
19,2,4,NA,NA,NA,NA,NA,NA,NA,NA,NA
19,2,5,NA,NA,NA,NA,NA,NA,NA,NA,NA
19,2,6,NA,NA,NA,NA,NA,NA,NA,NA,NA
19,2,7,NA,NA,NA,NA,NA,NA,NA,NA,NA
19,2,8,NA,NA,NA,NA,NA,NA,NA,NA,NA
19,3,1,NA,NA,NA,NA,NA,NA,NA,NA,NA
19,3,2,NA,NA,NA,NA,NA,NA,NA,NA,NA
19,3,3,NA,NA,NA,NA,NA,NA,NA,NA,NA
19,3,4,NA,NA,NA,NA,NA,NA,NA,NA,NA
19,3,5,NA,NA,NA,NA,NA,NA,NA,NA,NA
19,3,6,NA,NA,NA,NA,NA,NA,NA,NA,NA
19,3,7,NA,NA,NA,NA,NA,NA,NA,NA,NA
19,3,8,NA,NA,NA,NA,NA,NA,NA,NA,NA
19,4,1,NA,NA,NA,NA,NA,NA,NA,NA,NA
19,4,2,NA,NA,NA,NA,NA,NA,NA,NA,NA
19,4,3,NA,NA,NA,NA,NA,NA,NA,NA,NA
19,4,4,NA,NA,NA,NA,NA,NA,NA,NA,NA
19,4,5,NA,NA,NA,NA,NA,NA,NA,NA,NA
19,4,6,NA,NA,NA,NA,NA,NA,NA,NA,NA
19,4,7,NA,NA,NA,NA,NA,NA,NA,NA,NA
19,4,8,NA,NA,NA,NA,NA,NA,NA,NA,NA
19,5,1,NA,NA,NA,NA,NA,NA,NA,NA,NA
19,5,2,NA,NA,NA,NA,NA,NA,NA,NA,NA
19,5,3,NA,NA,NA,NA,NA,NA,NA,NA,NA
19,5,4,NA,NA,NA,NA,NA,NA,NA,NA,NA
19,5,5,NA,NA,NA,NA,NA,NA,NA,NA,NA
19,5,6,NA,NA,NA,NA,NA,NA,NA,NA,NA
19,5,7,NA,NA,NA,NA,NA,NA,NA,NA,NA
19,5,8,NA,NA,NA,NA,NA,NA,NA,NA,NA
19,6,1,NA,NA,NA,NA,NA,NA,NA,NA,NA
19,6,2,NA,NA,NA,NA,NA,NA,NA,NA,NA
19,6,3,NA,NA,NA,NA,NA,NA,NA,NA,NA
19,6,4,NA,NA,NA,NA,NA,NA,NA,NA,NA
19,6,5,NA,NA,NA,NA,NA,NA,NA,NA,NA
19,6,6,NA,NA,NA,NA,NA,NA,NA,NA,NA
19,6,7,NA,NA,NA,NA,NA,NA,NA,NA,NA
19,6,8,NA,NA,NA,NA,NA,NA,NA,NA,NA
19,7,1,NA,NA,NA,NA,NA,NA,NA,NA,NA
19,7,2,NA,NA,NA,NA,NA,NA,NA,NA,NA
19,7,3,NA,NA,NA,NA,NA,NA,NA,NA,NA
19,7,4,NA,NA,NA,NA,NA,NA,NA,NA,NA
19,7,5,NA,NA,NA,NA,NA,NA,NA,NA,NA
19,7,6,NA,NA,NA,NA,NA,NA,NA,NA,NA
19,7,7,NA,NA,NA,NA,NA,NA,NA,NA,NA
19,7,8,NA,NA,NA,NA,NA,NA,NA,NA,NA
19,8,1,NA,NA,NA,NA,NA,NA,NA,NA,NA
19,8,2,NA,NA,NA,NA,NA,NA,NA,NA,NA
19,8,3,NA,NA,NA,NA,NA,NA,NA,NA,NA
19,8,4,NA,NA,NA,NA,NA,NA,NA,NA,NA
19,8,5,NA,NA,NA,NA,NA,NA,NA,NA,NA
19,8,6,NA,NA,NA,NA,NA,NA,NA,NA,NA
19,8,7,NA,NA,NA,NA,NA,NA,NA,NA,NA
19,8,8,NA,NA,NA,NA,NA,NA,NA,NA,NA
19,9,1,NA,NA,NA,NA,NA,NA,NA,NA,NA
19,9,2,NA,NA,NA,NA,NA,NA,NA,NA,NA
19,9,3,NA,NA,NA,NA,NA,NA,NA,NA,NA
19,9,4,NA,NA,NA,NA,NA,NA,NA,NA,NA
19,9,5,NA,NA,NA,NA,NA,NA,NA,NA,NA
19,9,6,NA,NA,NA,NA,NA,NA,NA,NA,NA
19,9,7,NA,NA,NA,NA,NA,NA,NA,NA,NA
19,9,8,NA,NA,NA,NA,NA,NA,NA,NA,NA
19,10,1,NA,NA,NA,NA,NA,NA,NA,NA,NA
19,10,2,NA,NA,NA,NA,NA,NA,NA,NA,NA
19,10,3,NA,NA,NA,NA,NA,NA,NA,NA,NA
19,10,4,NA,NA,NA,NA,NA,NA,NA,NA,NA
19,10,5,NA,NA,NA,NA,NA,NA,NA,NA,NA
19,10,6,NA,NA,NA,NA,NA,NA,NA,NA,NA
19,10,7,NA,NA,NA,NA,NA,NA,NA,NA,NA
19,10,8,NA,NA,NA,NA,NA,NA,NA,NA,NA
19,11,1,NA,NA,NA,NA,NA,NA,NA,NA,NA
19,11,2,NA,NA,NA,NA,NA,NA,NA,NA,NA
19,11,3,NA,NA,NA,NA,NA,NA,NA,NA,NA
19,11,4,NA,NA,NA,NA,NA,NA,NA,NA,NA
19,11,5,NA,NA,NA,NA,NA,NA,NA,NA,NA
19,11,6,NA,NA,NA,NA,NA,NA,NA,NA,NA
19,11,7,NA,NA,NA,NA,NA,NA,NA,NA,NA
19,11,8,NA,NA,NA,NA,NA,NA,NA,NA,NA
19,12,1,NA,NA,NA,NA,NA,NA,NA,NA,NA
19,12,2,NA,NA,NA,NA,NA,NA,NA,NA,NA
19,12,3,NA,NA,NA,NA,NA,NA,NA,NA,NA
19,12,4,NA,NA,NA,NA,NA,NA,NA,NA,NA
19,12,5,NA,NA,NA,NA,NA,NA,NA,NA,NA
19,12,6,NA,NA,NA,NA,NA,NA,NA,NA,NA
19,12,7,NA,NA,NA,NA,NA,NA,NA,NA,NA
19,12,8,NA,NA,NA,NA,NA,NA,NA,NA,NA
19,13,1,NA,NA,NA,NA,NA,NA,NA,NA,NA
19,13,2,NA,NA,NA,NA,NA,NA,NA,NA,NA
19,13,3,NA,NA,NA,NA,NA,NA,NA,NA,NA
19,13,4,NA,NA,NA,NA,NA,NA,NA,NA,NA
19,13,5,NA,NA,NA,NA,NA,NA,NA,NA,NA
19,13,6,NA,NA,NA,NA,NA,NA,NA,NA,NA
19,13,7,NA,NA,NA,NA,NA,NA,NA,NA,NA
19,13,8,NA,NA,NA,NA,NA,NA,NA,NA,NA
19,14,1,NA,NA,NA,NA,NA,NA,NA,NA,NA
19,14,2,NA,NA,NA,NA,NA,NA,NA,NA,NA
19,14,3,NA,NA,NA,NA,NA,NA,NA,NA,NA
19,14,4,NA,NA,NA,NA,NA,NA,NA,NA,NA
19,14,5,NA,NA,NA,NA,NA,NA,NA,NA,NA
19,14,6,NA,NA,NA,NA,NA,NA,NA,NA,NA
19,14,7,NA,NA,NA,NA,NA,NA,NA,NA,NA
19,14,8,NA,NA,NA,NA,NA,NA,NA,NA,NA
19,15,1,NA,NA,NA,NA,NA,NA,NA,NA,NA
19,15,2,NA,NA,NA,NA,NA,NA,NA,NA,NA
19,15,3,NA,NA,NA,NA,NA,NA,NA,NA,NA
19,15,4,NA,NA,NA,NA,NA,NA,NA,NA,NA
19,15,5,NA,NA,NA,NA,NA,NA,NA,NA,NA
19,15,6,NA,NA,NA,NA,NA,NA,NA,NA,NA
19,15,7,NA,NA,NA,NA,NA,NA,NA,NA,NA
19,15,8,NA,NA,NA,NA,NA,NA,NA,NA,NA
19,16,1,NA,NA,NA,NA,NA,NA,NA,NA,NA
19,16,2,NA,NA,NA,NA,NA,NA,NA,NA,NA
19,16,3,NA,NA,NA,NA,NA,NA,NA,NA,NA
19,16,4,NA,NA,NA,NA,NA,NA,NA,NA,NA
19,16,5,NA,NA,NA,NA,NA,NA,NA,NA,NA
19,16,6,NA,NA,NA,NA,NA,NA,NA,NA,NA
19,16,7,NA,NA,NA,NA,NA,NA,NA,NA,NA
19,16,8,NA,NA,NA,NA,NA,NA,NA,NA,NA
19,17,1,NA,NA,NA,NA,NA,NA,NA,NA,NA
19,17,2,NA,NA,NA,NA,NA,NA,NA,NA,NA
19,17,3,NA,NA,NA,NA,NA,NA,NA,NA,NA
19,17,4,NA,NA,NA,NA,NA,NA,NA,NA,NA
19,17,5,NA,NA,NA,NA,NA,NA,NA,NA,NA
19,17,6,NA,NA,NA,NA,NA,NA,NA,NA,NA
19,17,7,NA,NA,NA,NA,NA,NA,NA,NA,NA
19,17,8,NA,NA,NA,NA,NA,NA,NA,NA,NA
19,18,1,NA,NA,NA,NA,NA,NA,NA,NA,NA
19,18,2,NA,NA,NA,NA,NA,NA,NA,NA,NA
19,18,3,NA,NA,NA,NA,NA,NA,NA,NA,NA
19,18,4,NA,NA,NA,NA,NA,NA,NA,NA,NA
19,18,5,NA,NA,NA,NA,NA,NA,NA,NA,NA
19,18,6,NA,NA,NA,NA,NA,NA,NA,NA,NA
19,18,7,NA,NA,NA,NA,NA,NA,NA,NA,NA
19,18,8,NA,NA,NA,NA,NA,NA,NA,NA,NA
19,19,1,NA,NA,NA,NA,NA,NA,NA,NA,NA
19,19,2,NA,NA,NA,NA,NA,NA,NA,NA,NA
19,19,3,NA,NA,NA,NA,NA,NA,NA,NA,NA
19,19,4,NA,NA,NA,NA,NA,NA,NA,NA,NA
19,19,5,NA,NA,NA,NA,NA,NA,NA,NA,NA
19,19,6,NA,NA,NA,NA,NA,NA,NA,NA,NA
19,19,7,NA,NA,NA,NA,NA,NA,NA,NA,NA
19,19,8,NA,NA,NA,NA,NA,NA,NA,NA,NA
19,20,1,NA,NA,NA,NA,NA,NA,NA,NA,NA
19,20,2,NA,NA,NA,NA,NA,NA,NA,NA,NA
19,20,3,NA,NA,NA,NA,NA,NA,NA,NA,NA
19,20,4,NA,NA,NA,NA,NA,NA,NA,NA,NA
19,20,5,NA,NA,NA,NA,NA,NA,NA,NA,NA
19,20,6,NA,NA,NA,NA,NA,NA,NA,NA,NA
19,20,7,NA,NA,NA,NA,NA,NA,NA,NA,NA
19,20,8,NA,NA,NA,NA,NA,NA,NA,NA,NA
19,21,1,NA,NA,NA,NA,NA,NA,NA,NA,NA
19,21,2,NA,NA,NA,NA,NA,NA,NA,NA,NA
19,21,3,NA,NA,NA,NA,NA,NA,NA,NA,NA
19,21,4,NA,NA,NA,NA,NA,NA,NA,NA,NA
19,21,5,NA,NA,NA,NA,NA,NA,NA,NA,NA
19,21,6,NA,NA,NA,NA,NA,NA,NA,NA,NA
19,21,7,NA,NA,NA,NA,NA,NA,NA,NA,NA
19,21,8,NA,NA,NA,NA,NA,NA,NA,NA,NA
19,22,1,NA,NA,NA,NA,NA,NA,NA,NA,NA
19,22,2,NA,NA,NA,NA,NA,NA,NA,NA,NA
19,22,3,NA,NA,NA,NA,NA,NA,NA,NA,NA
19,22,4,NA,NA,NA,NA,NA,NA,NA,NA,NA
19,22,5,NA,NA,NA,NA,NA,NA,NA,NA,NA
19,22,6,NA,NA,NA,NA,NA,NA,NA,NA,NA
19,22,7,NA,NA,NA,NA,NA,NA,NA,NA,NA
19,22,8,NA,NA,NA,NA,NA,NA,NA,NA,NA
19,23,1,NA,NA,NA,NA,NA,NA,NA,NA,NA
19,23,2,NA,NA,NA,NA,NA,NA,NA,NA,NA
19,23,3,NA,NA,NA,NA,NA,NA,NA,NA,NA
19,23,4,NA,NA,NA,NA,NA,NA,NA,NA,NA
19,23,5,NA,NA,NA,NA,NA,NA,NA,NA,NA
19,23,6,NA,NA,NA,NA,NA,NA,NA,NA,NA
19,23,7,NA,NA,NA,NA,NA,NA,NA,NA,NA
19,23,8,NA,NA,NA,NA,NA,NA,NA,NA,NA
19,24,1,NA,NA,NA,NA,NA,NA,NA,NA,NA
19,24,2,NA,NA,NA,NA,NA,NA,NA,NA,NA
19,24,3,NA,NA,NA,NA,NA,NA,NA,NA,NA
19,24,4,NA,NA,NA,NA,NA,NA,NA,NA,NA
19,24,5,NA,NA,NA,NA,NA,NA,NA,NA,NA
19,24,6,NA,NA,NA,NA,NA,NA,NA,NA,NA
19,24,7,NA,NA,NA,NA,NA,NA,NA,NA,NA
19,24,8,NA,NA,NA,NA,NA,NA,NA,NA,NA
19,25,1,NA,NA,NA,NA,NA,NA,NA,NA,NA
19,25,2,NA,NA,NA,NA,NA,NA,NA,NA,NA
19,25,3,NA,NA,NA,NA,NA,NA,NA,NA,NA
19,25,4,NA,NA,NA,NA,NA,NA,NA,NA,NA
19,25,5,NA,NA,NA,NA,NA,NA,NA,NA,NA
19,25,6,NA,NA,NA,NA,NA,NA,NA,NA,NA
19,25,7,NA,NA,NA,NA,NA,NA,NA,NA,NA
19,25,8,NA,NA,NA,NA,NA,NA,NA,NA,NA
19,26,1,NA,NA,NA,NA,NA,NA,NA,NA,NA
19,26,2,NA,NA,NA,NA,NA,NA,NA,NA,NA
19,26,3,NA,NA,NA,NA,NA,NA,NA,NA,NA
19,26,4,NA,NA,NA,NA,NA,NA,NA,NA,NA
19,26,5,NA,NA,NA,NA,NA,NA,NA,NA,NA
19,26,6,NA,NA,NA,NA,NA,NA,NA,NA,NA
19,26,7,NA,NA,NA,NA,NA,NA,NA,NA,NA
19,26,8,NA,NA,NA,NA,NA,NA,NA,NA,NA
19,27,1,NA,NA,NA,NA,NA,NA,NA,NA,NA
19,27,2,NA,NA,NA,NA,NA,NA,NA,NA,NA
19,27,3,NA,NA,NA,NA,NA,NA,NA,NA,NA
19,27,4,NA,NA,NA,NA,NA,NA,NA,NA,NA
19,27,5,NA,NA,NA,NA,NA,NA,NA,NA,NA
19,27,6,NA,NA,NA,NA,NA,NA,NA,NA,NA
19,27,7,NA,NA,NA,NA,NA,NA,NA,NA,NA
19,27,8,NA,NA,NA,NA,NA,NA,NA,NA,NA
19,28,1,NA,NA,NA,NA,NA,NA,NA,NA,NA
19,28,2,NA,NA,NA,NA,NA,NA,NA,NA,NA
19,28,3,NA,NA,NA,NA,NA,NA,NA,NA,NA
19,28,4,NA,NA,NA,NA,NA,NA,NA,NA,NA
19,28,5,NA,NA,NA,NA,NA,NA,NA,NA,NA
19,28,6,NA,NA,NA,NA,NA,NA,NA,NA,NA
19,28,7,NA,NA,NA,NA,NA,NA,NA,NA,NA
19,28,8,NA,NA,NA,NA,NA,NA,NA,NA,NA
19,29,1,NA,NA,NA,NA,NA,NA,NA,NA,NA
19,29,2,NA,NA,NA,NA,NA,NA,NA,NA,NA
19,29,3,NA,NA,NA,NA,NA,NA,NA,NA,NA
19,29,4,NA,NA,NA,NA,NA,NA,NA,NA,NA
19,29,5,NA,NA,NA,NA,NA,NA,NA,NA,NA
19,29,6,NA,NA,NA,NA,NA,NA,NA,NA,NA
19,29,7,NA,NA,NA,NA,NA,NA,NA,NA,NA
19,29,8,NA,NA,NA,NA,NA,NA,NA,NA,NA
19,30,1,NA,NA,NA,NA,NA,NA,NA,NA,NA
19,30,2,NA,NA,NA,NA,NA,NA,NA,NA,NA
19,30,3,NA,NA,NA,NA,NA,NA,NA,NA,NA
19,30,4,NA,NA,NA,NA,NA,NA,NA,NA,NA
19,30,5,NA,NA,NA,NA,NA,NA,NA,NA,NA
19,30,6,NA,NA,NA,NA,NA,NA,NA,NA,NA
19,30,7,NA,NA,NA,NA,NA,NA,NA,NA,NA
19,30,8,NA,NA,NA,NA,NA,NA,NA,NA,NA
19,31,1,NA,NA,NA,NA,NA,NA,NA,NA,NA
19,31,2,NA,NA,NA,NA,NA,NA,NA,NA,NA
19,31,3,NA,NA,NA,NA,NA,NA,NA,NA,NA
19,31,4,NA,NA,NA,NA,NA,NA,NA,NA,NA
19,31,5,NA,NA,NA,NA,NA,NA,NA,NA,NA
19,31,6,NA,NA,NA,NA,NA,NA,NA,NA,NA
19,31,7,NA,NA,NA,NA,NA,NA,NA,NA,NA
19,31,8,NA,NA,NA,NA,NA,NA,NA,NA,NA
19,32,1,NA,NA,NA,NA,NA,NA,NA,NA,NA
19,32,2,NA,NA,NA,NA,NA,NA,NA,NA,NA
19,32,3,NA,NA,NA,NA,NA,NA,NA,NA,NA
19,32,4,NA,NA,NA,NA,NA,NA,NA,NA,NA
19,32,5,NA,NA,NA,NA,NA,NA,NA,NA,NA
19,32,6,NA,NA,NA,NA,NA,NA,NA,NA,NA
19,32,7,NA,NA,NA,NA,NA,NA,NA,NA,NA
19,32,8,NA,NA,NA,NA,NA,NA,NA,NA,NA
19,33,1,NA,NA,NA,NA,NA,NA,NA,NA,NA
19,33,2,NA,NA,NA,NA,NA,NA,NA,NA,NA
19,33,3,NA,NA,NA,NA,NA,NA,NA,NA,NA
19,33,4,NA,NA,NA,NA,NA,NA,NA,NA,NA
19,33,5,NA,NA,NA,NA,NA,NA,NA,NA,NA
19,33,6,NA,NA,NA,NA,NA,NA,NA,NA,NA
19,33,7,NA,NA,NA,NA,NA,NA,NA,NA,NA
19,33,8,NA,NA,NA,NA,NA,NA,NA,NA,NA
19,34,1,NA,NA,NA,NA,NA,NA,NA,NA,NA
19,34,2,NA,NA,NA,NA,NA,NA,NA,NA,NA
19,34,3,NA,NA,NA,NA,NA,NA,NA,NA,NA
19,34,4,NA,NA,NA,NA,NA,NA,NA,NA,NA
19,34,5,NA,NA,NA,NA,NA,NA,NA,NA,NA
19,34,6,NA,NA,NA,NA,NA,NA,NA,NA,NA
19,34,7,NA,NA,NA,NA,NA,NA,NA,NA,NA
19,34,8,NA,NA,NA,NA,NA,NA,NA,NA,NA
19,35,1,NA,NA,NA,NA,NA,NA,NA,NA,NA
19,35,2,NA,NA,NA,NA,NA,NA,NA,NA,NA
19,35,3,NA,NA,NA,NA,NA,NA,NA,NA,NA
19,35,4,NA,NA,NA,NA,NA,NA,NA,NA,NA
19,35,5,NA,NA,NA,NA,NA,NA,NA,NA,NA
19,35,6,NA,NA,NA,NA,NA,NA,NA,NA,NA
19,35,7,NA,NA,NA,NA,NA,NA,NA,NA,NA
19,35,8,NA,NA,NA,NA,NA,NA,NA,NA,NA
19,36,1,NA,NA,NA,NA,NA,NA,NA,NA,NA
19,36,2,NA,NA,NA,NA,NA,NA,NA,NA,NA
19,36,3,NA,NA,NA,NA,NA,NA,NA,NA,NA
19,36,4,NA,NA,NA,NA,NA,NA,NA,NA,NA
19,36,5,NA,NA,NA,NA,NA,NA,NA,NA,NA
19,36,6,NA,NA,NA,NA,NA,NA,NA,NA,NA
19,36,7,NA,NA,NA,NA,NA,NA,NA,NA,NA
19,36,8,NA,NA,NA,NA,NA,NA,NA,NA,NA
19,37,1,NA,NA,NA,NA,NA,NA,NA,NA,NA
19,37,2,NA,NA,NA,NA,NA,NA,NA,NA,NA
19,37,3,NA,NA,NA,NA,NA,NA,NA,NA,NA
19,37,4,NA,NA,NA,NA,NA,NA,NA,NA,NA
19,37,5,NA,NA,NA,NA,NA,NA,NA,NA,NA
19,37,6,NA,NA,NA,NA,NA,NA,NA,NA,NA
19,37,7,NA,NA,NA,NA,NA,NA,NA,NA,NA
19,37,8,NA,NA,NA,NA,NA,NA,NA,NA,NA
19,38,1,NA,NA,NA,NA,NA,NA,NA,NA,NA
19,38,2,NA,NA,NA,NA,NA,NA,NA,NA,NA
19,38,3,NA,NA,NA,NA,NA,NA,NA,NA,NA
19,38,4,NA,NA,NA,NA,NA,NA,NA,NA,NA
19,38,5,NA,NA,NA,NA,NA,NA,NA,NA,NA
19,38,6,NA,NA,NA,NA,NA,NA,NA,NA,NA
19,38,7,NA,NA,NA,NA,NA,NA,NA,NA,NA
19,38,8,NA,NA,NA,NA,NA,NA,NA,NA,NA
19,39,1,NA,NA,NA,NA,NA,NA,NA,NA,NA
19,39,2,NA,NA,NA,NA,NA,NA,NA,NA,NA
19,39,3,NA,NA,NA,NA,NA,NA,NA,NA,NA
19,39,4,NA,NA,NA,NA,NA,NA,NA,NA,NA
19,39,5,NA,NA,NA,NA,NA,NA,NA,NA,NA
19,39,6,NA,NA,NA,NA,NA,NA,NA,NA,NA
19,39,7,NA,NA,NA,NA,NA,NA,NA,NA,NA
19,39,8,NA,NA,NA,NA,NA,NA,NA,NA,NA
19,40,1,NA,NA,NA,NA,NA,NA,NA,NA,NA
19,40,2,NA,NA,NA,NA,NA,NA,NA,NA,NA
19,40,3,NA,NA,NA,NA,NA,NA,NA,NA,NA
19,40,4,NA,NA,NA,NA,NA,NA,NA,NA,NA
19,40,5,NA,NA,NA,NA,NA,NA,NA,NA,NA
19,40,6,NA,NA,NA,NA,NA,NA,NA,NA,NA
19,40,7,NA,NA,NA,NA,NA,NA,NA,NA,NA
19,40,8,NA,NA,NA,NA,NA,NA,NA,NA,NA
19,41,1,NA,NA,NA,NA,NA,NA,NA,NA,NA
19,41,2,NA,NA,NA,NA,NA,NA,NA,NA,NA
19,41,3,NA,NA,NA,NA,NA,NA,NA,NA,NA
19,41,4,NA,NA,NA,NA,NA,NA,NA,NA,NA
19,41,5,NA,NA,NA,NA,NA,NA,NA,NA,NA
19,41,6,NA,NA,NA,NA,NA,NA,NA,NA,NA
19,41,7,NA,NA,NA,NA,NA,NA,NA,NA,NA
19,41,8,NA,NA,NA,NA,NA,NA,NA,NA,NA
19,42,1,NA,NA,NA,NA,NA,NA,NA,NA,NA
19,42,2,NA,NA,NA,NA,NA,NA,NA,NA,NA
19,42,3,NA,NA,NA,NA,NA,NA,NA,NA,NA
19,42,4,NA,NA,NA,NA,NA,NA,NA,NA,NA
19,42,5,NA,NA,NA,NA,NA,NA,NA,NA,NA
19,42,6,NA,NA,NA,NA,NA,NA,NA,NA,NA
19,42,7,NA,NA,NA,NA,NA,NA,NA,NA,NA
19,42,8,NA,NA,NA,NA,NA,NA,NA,NA,NA
19,43,1,NA,NA,NA,NA,NA,NA,NA,NA,NA
19,43,2,NA,NA,NA,NA,NA,NA,NA,NA,NA
19,43,3,NA,NA,NA,NA,NA,NA,NA,NA,NA
19,43,4,NA,NA,NA,NA,NA,NA,NA,NA,NA
19,43,5,NA,NA,NA,NA,NA,NA,NA,NA,NA
19,43,6,NA,NA,NA,NA,NA,NA,NA,NA,NA
19,43,7,NA,NA,NA,NA,NA,NA,NA,NA,NA
19,43,8,NA,NA,NA,NA,NA,NA,NA,NA,NA
19,44,1,NA,NA,NA,NA,NA,NA,NA,NA,NA
19,44,2,NA,NA,NA,NA,NA,NA,NA,NA,NA
19,44,3,NA,NA,NA,NA,NA,NA,NA,NA,NA
19,44,4,NA,NA,NA,NA,NA,NA,NA,NA,NA
19,44,5,NA,NA,NA,NA,NA,NA,NA,NA,NA
19,44,6,NA,NA,NA,NA,NA,NA,NA,NA,NA
19,44,7,NA,NA,NA,NA,NA,NA,NA,NA,NA
19,44,8,NA,NA,NA,NA,NA,NA,NA,NA,NA
19,45,1,NA,NA,NA,NA,NA,NA,NA,NA,NA
19,45,2,NA,NA,NA,NA,NA,NA,NA,NA,NA
19,45,3,NA,NA,NA,NA,NA,NA,NA,NA,NA
19,45,4,NA,NA,NA,NA,NA,NA,NA,NA,NA
19,45,5,NA,NA,NA,NA,NA,NA,NA,NA,NA
19,45,6,NA,NA,NA,NA,NA,NA,NA,NA,NA
19,45,7,NA,NA,NA,NA,NA,NA,NA,NA,NA
19,45,8,NA,NA,NA,NA,NA,NA,NA,NA,NA
19,46,1,NA,NA,NA,NA,NA,NA,NA,NA,NA
19,46,2,NA,NA,NA,NA,NA,NA,NA,NA,NA
19,46,3,NA,NA,NA,NA,NA,NA,NA,NA,NA
19,46,4,NA,NA,NA,NA,NA,NA,NA,NA,NA
19,46,5,NA,NA,NA,NA,NA,NA,NA,NA,NA
19,46,6,NA,NA,NA,NA,NA,NA,NA,NA,NA
19,46,7,NA,NA,NA,NA,NA,NA,NA,NA,NA
19,46,8,NA,NA,NA,NA,NA,NA,NA,NA,NA
19,47,1,NA,NA,NA,NA,NA,NA,NA,NA,NA
19,47,2,NA,NA,NA,NA,NA,NA,NA,NA,NA
19,47,3,NA,NA,NA,NA,NA,NA,NA,NA,NA
19,47,4,NA,NA,NA,NA,NA,NA,NA,NA,NA
19,47,5,NA,NA,NA,NA,NA,NA,NA,NA,NA
19,47,6,NA,NA,NA,NA,NA,NA,NA,NA,NA
19,47,7,NA,NA,NA,NA,NA,NA,NA,NA,NA
19,47,8,NA,NA,NA,NA,NA,NA,NA,NA,NA
19,48,1,NA,NA,NA,NA,NA,NA,NA,NA,NA
19,48,2,NA,NA,NA,NA,NA,NA,NA,NA,NA
19,48,3,NA,NA,NA,NA,NA,NA,NA,NA,NA
19,48,4,NA,NA,NA,NA,NA,NA,NA,NA,NA
19,48,5,NA,NA,NA,NA,NA,NA,NA,NA,NA
19,48,6,NA,NA,NA,NA,NA,NA,NA,NA,NA
19,48,7,NA,NA,NA,NA,NA,NA,NA,NA,NA
19,48,8,NA,NA,NA,NA,NA,NA,NA,NA,NA
19,49,1,NA,NA,NA,NA,NA,NA,NA,NA,NA
19,49,2,NA,NA,NA,NA,NA,NA,NA,NA,NA
19,49,3,NA,NA,NA,NA,NA,NA,NA,NA,NA
19,49,4,NA,NA,NA,NA,NA,NA,NA,NA,NA
19,49,5,NA,NA,NA,NA,NA,NA,NA,NA,NA
19,49,6,NA,NA,NA,NA,NA,NA,NA,NA,NA
19,49,7,NA,NA,NA,NA,NA,NA,NA,NA,NA
19,49,8,NA,NA,NA,NA,NA,NA,NA,NA,NA
19,50,1,NA,NA,NA,NA,NA,NA,NA,NA,NA
19,50,2,NA,NA,NA,NA,NA,NA,NA,NA,NA
19,50,3,NA,NA,NA,NA,NA,NA,NA,NA,NA
19,50,4,NA,NA,NA,NA,NA,NA,NA,NA,NA
19,50,5,NA,NA,NA,NA,NA,NA,NA,NA,NA
19,50,6,NA,NA,NA,NA,NA,NA,NA,NA,NA
19,50,7,NA,NA,NA,NA,NA,NA,NA,NA,NA
19,50,8,NA,NA,NA,NA,NA,NA,NA,NA,NA
19,51,1,NA,NA,NA,NA,NA,NA,NA,NA,NA
19,51,2,NA,NA,NA,NA,NA,NA,NA,NA,NA
19,51,3,NA,NA,NA,NA,NA,NA,NA,NA,NA
19,51,4,NA,NA,NA,NA,NA,NA,NA,NA,NA
19,51,5,NA,NA,NA,NA,NA,NA,NA,NA,NA
19,51,6,NA,NA,NA,NA,NA,NA,NA,NA,NA
19,51,7,NA,NA,NA,NA,NA,NA,NA,NA,NA
19,51,8,NA,NA,NA,NA,NA,NA,NA,NA,NA
19,52,1,NA,NA,NA,NA,NA,NA,NA,NA,NA
19,52,2,NA,NA,NA,NA,NA,NA,NA,NA,NA
19,52,3,NA,NA,NA,NA,NA,NA,NA,NA,NA
19,52,4,NA,NA,NA,NA,NA,NA,NA,NA,NA
19,52,5,NA,NA,NA,NA,NA,NA,NA,NA,NA
19,52,6,NA,NA,NA,NA,NA,NA,NA,NA,NA
19,52,7,NA,NA,NA,NA,NA,NA,NA,NA,NA
19,52,8,NA,NA,NA,NA,NA,NA,NA,NA,NA
19,53,1,NA,NA,NA,NA,NA,NA,NA,NA,NA
19,53,2,NA,NA,NA,NA,NA,NA,NA,NA,NA
19,53,3,NA,NA,NA,NA,NA,NA,NA,NA,NA
19,53,4,NA,NA,NA,NA,NA,NA,NA,NA,NA
19,53,5,NA,NA,NA,NA,NA,NA,NA,NA,NA
19,53,6,NA,NA,NA,NA,NA,NA,NA,NA,NA
19,53,7,NA,NA,NA,NA,NA,NA,NA,NA,NA
19,53,8,NA,NA,NA,NA,NA,NA,NA,NA,NA
19,54,1,NA,NA,NA,NA,NA,NA,NA,NA,NA
19,54,2,NA,NA,NA,NA,NA,NA,NA,NA,NA
19,54,3,NA,NA,NA,NA,NA,NA,NA,NA,NA
19,54,4,NA,NA,NA,NA,NA,NA,NA,NA,NA
19,54,5,NA,NA,NA,NA,NA,NA,NA,NA,NA
19,54,6,NA,NA,NA,NA,NA,NA,NA,NA,NA
19,54,7,NA,NA,NA,NA,NA,NA,NA,NA,NA
19,54,8,NA,NA,NA,NA,NA,NA,NA,NA,NA
19,55,1,NA,NA,NA,NA,NA,NA,NA,NA,NA
19,55,2,NA,NA,NA,NA,NA,NA,NA,NA,NA
19,55,3,NA,NA,NA,NA,NA,NA,NA,NA,NA
19,55,4,NA,NA,NA,NA,NA,NA,NA,NA,NA
19,55,5,NA,NA,NA,NA,NA,NA,NA,NA,NA
19,55,6,NA,NA,NA,NA,NA,NA,NA,NA,NA
19,55,7,NA,NA,NA,NA,NA,NA,NA,NA,NA
19,55,8,NA,NA,NA,NA,NA,NA,NA,NA,NA
19,56,1,NA,NA,NA,NA,NA,NA,NA,NA,NA
19,56,2,NA,NA,NA,NA,NA,NA,NA,NA,NA
19,56,3,NA,NA,NA,NA,NA,NA,NA,NA,NA
19,56,4,NA,NA,NA,NA,NA,NA,NA,NA,NA
19,56,5,NA,NA,NA,NA,NA,NA,NA,NA,NA
19,56,6,NA,NA,NA,NA,NA,NA,NA,NA,NA
19,56,7,NA,NA,NA,NA,NA,NA,NA,NA,NA
19,56,8,NA,NA,NA,NA,NA,NA,NA,NA,NA
19,57,1,NA,NA,NA,NA,NA,NA,NA,NA,NA
19,57,2,NA,NA,NA,NA,NA,NA,NA,NA,NA
19,57,3,NA,NA,NA,NA,NA,NA,NA,NA,NA
19,57,4,NA,NA,NA,NA,NA,NA,NA,NA,NA
19,57,5,NA,NA,NA,NA,NA,NA,NA,NA,NA
19,57,6,NA,NA,NA,NA,NA,NA,NA,NA,NA
19,57,7,NA,NA,NA,NA,NA,NA,NA,NA,NA
19,57,8,NA,NA,NA,NA,NA,NA,NA,NA,NA
19,58,1,NA,NA,NA,NA,NA,NA,NA,NA,NA
19,58,2,NA,NA,NA,NA,NA,NA,NA,NA,NA
19,58,3,NA,NA,NA,NA,NA,NA,NA,NA,NA
19,58,4,NA,NA,NA,NA,NA,NA,NA,NA,NA
19,58,5,NA,NA,NA,NA,NA,NA,NA,NA,NA
19,58,6,NA,NA,NA,NA,NA,NA,NA,NA,NA
19,58,7,NA,NA,NA,NA,NA,NA,NA,NA,NA
19,58,8,NA,NA,NA,NA,NA,NA,NA,NA,NA
19,59,1,NA,NA,NA,NA,NA,NA,NA,NA,NA
19,59,2,NA,NA,NA,NA,NA,NA,NA,NA,NA
19,59,3,NA,NA,NA,NA,NA,NA,NA,NA,NA
19,59,4,NA,NA,NA,NA,NA,NA,NA,NA,NA
19,59,5,NA,NA,NA,NA,NA,NA,NA,NA,NA
19,59,6,NA,NA,NA,NA,NA,NA,NA,NA,NA
19,59,7,NA,NA,NA,NA,NA,NA,NA,NA,NA
19,59,8,NA,NA,NA,NA,NA,NA,NA,NA,NA
19,60,1,NA,NA,NA,NA,NA,NA,NA,NA,NA
19,60,2,NA,NA,NA,NA,NA,NA,NA,NA,NA
19,60,3,NA,NA,NA,NA,NA,NA,NA,NA,NA
19,60,4,NA,NA,NA,NA,NA,NA,NA,NA,NA
19,60,5,NA,NA,NA,NA,NA,NA,NA,NA,NA
19,60,6,NA,NA,NA,NA,NA,NA,NA,NA,NA
19,60,7,NA,NA,NA,NA,NA,NA,NA,NA,NA
19,60,8,NA,NA,NA,NA,NA,NA,NA,NA,NA
19,61,1,NA,NA,NA,NA,NA,NA,NA,NA,NA
19,61,2,NA,NA,NA,NA,NA,NA,NA,NA,NA
19,61,3,NA,NA,NA,NA,NA,NA,NA,NA,NA
19,61,4,NA,NA,NA,NA,NA,NA,NA,NA,NA
19,61,5,NA,NA,NA,NA,NA,NA,NA,NA,NA
19,61,6,NA,NA,NA,NA,NA,NA,NA,NA,NA
19,61,7,NA,NA,NA,NA,NA,NA,NA,NA,NA
19,61,8,NA,NA,NA,NA,NA,NA,NA,NA,NA
19,62,1,NA,NA,NA,NA,NA,NA,NA,NA,NA
19,62,2,NA,NA,NA,NA,NA,NA,NA,NA,NA
19,62,3,NA,NA,NA,NA,NA,NA,NA,NA,NA
19,62,4,NA,NA,NA,NA,NA,NA,NA,NA,NA
19,62,5,NA,NA,NA,NA,NA,NA,NA,NA,NA
19,62,6,NA,NA,NA,NA,NA,NA,NA,NA,NA
19,62,7,NA,NA,NA,NA,NA,NA,NA,NA,NA
19,62,8,NA,NA,NA,NA,NA,NA,NA,NA,NA
19,63,1,NA,NA,NA,NA,NA,NA,NA,NA,NA
19,63,2,NA,NA,NA,NA,NA,NA,NA,NA,NA
19,63,3,NA,NA,NA,NA,NA,NA,NA,NA,NA
19,63,4,NA,NA,NA,NA,NA,NA,NA,NA,NA
19,63,5,NA,NA,NA,NA,NA,NA,NA,NA,NA
19,63,6,NA,NA,NA,NA,NA,NA,NA,NA,NA
19,63,7,NA,NA,NA,NA,NA,NA,NA,NA,NA
19,63,8,NA,NA,NA,NA,NA,NA,NA,NA,NA
19,64,1,NA,NA,NA,NA,NA,NA,NA,NA,NA
19,64,2,NA,NA,NA,NA,NA,NA,NA,NA,NA
19,64,3,NA,NA,NA,NA,NA,NA,NA,NA,NA
19,64,4,NA,NA,NA,NA,NA,NA,NA,NA,NA
19,64,5,NA,NA,NA,NA,NA,NA,NA,NA,NA
19,64,6,NA,NA,NA,NA,NA,NA,NA,NA,NA
19,64,7,NA,NA,NA,NA,NA,NA,NA,NA,NA
19,64,8,NA,NA,NA,NA,NA,NA,NA,NA,NA
19,65,1,NA,NA,NA,NA,NA,NA,NA,NA,NA
19,65,2,NA,NA,NA,NA,NA,NA,NA,NA,NA
19,65,3,NA,NA,NA,NA,NA,NA,NA,NA,NA
19,65,4,NA,NA,NA,NA,NA,NA,NA,NA,NA
19,65,5,NA,NA,NA,NA,NA,NA,NA,NA,NA
19,65,6,NA,NA,NA,NA,NA,NA,NA,NA,NA
19,65,7,NA,NA,NA,NA,NA,NA,NA,NA,NA
19,65,8,NA,NA,NA,NA,NA,NA,NA,NA,NA
19,66,1,NA,NA,NA,NA,NA,NA,NA,NA,NA
19,66,2,NA,NA,NA,NA,NA,NA,NA,NA,NA
19,66,3,NA,NA,NA,NA,NA,NA,NA,NA,NA
19,66,4,NA,NA,NA,NA,NA,NA,NA,NA,NA
19,66,5,NA,NA,NA,NA,NA,NA,NA,NA,NA
19,66,6,NA,NA,NA,NA,NA,NA,NA,NA,NA
19,66,7,NA,NA,NA,NA,NA,NA,NA,NA,NA
19,66,8,NA,NA,NA,NA,NA,NA,NA,NA,NA
19,67,1,NA,NA,NA,NA,NA,NA,NA,NA,NA
19,67,2,NA,NA,NA,NA,NA,NA,NA,NA,NA
19,67,3,NA,NA,NA,NA,NA,NA,NA,NA,NA
19,67,4,NA,NA,NA,NA,NA,NA,NA,NA,NA
19,67,5,NA,NA,NA,NA,NA,NA,NA,NA,NA
19,67,6,NA,NA,NA,NA,NA,NA,NA,NA,NA
19,67,7,NA,NA,NA,NA,NA,NA,NA,NA,NA
19,67,8,NA,NA,NA,NA,NA,NA,NA,NA,NA
19,68,1,NA,NA,NA,NA,NA,NA,NA,NA,NA
19,68,2,NA,NA,NA,NA,NA,NA,NA,NA,NA
19,68,3,NA,NA,NA,NA,NA,NA,NA,NA,NA
19,68,4,NA,NA,NA,NA,NA,NA,NA,NA,NA
19,68,5,NA,NA,NA,NA,NA,NA,NA,NA,NA
19,68,6,NA,NA,NA,NA,NA,NA,NA,NA,NA
19,68,7,NA,NA,NA,NA,NA,NA,NA,NA,NA
19,68,8,NA,NA,NA,NA,NA,NA,NA,NA,NA
19,69,1,NA,NA,NA,NA,NA,NA,NA,NA,NA
19,69,2,NA,NA,NA,NA,NA,NA,NA,NA,NA
19,69,3,NA,NA,NA,NA,NA,NA,NA,NA,NA
19,69,4,NA,NA,NA,NA,NA,NA,NA,NA,NA
19,69,5,NA,NA,NA,NA,NA,NA,NA,NA,NA
19,69,6,NA,NA,NA,NA,NA,NA,NA,NA,NA
19,69,7,NA,NA,NA,NA,NA,NA,NA,NA,NA
19,69,8,NA,NA,NA,NA,NA,NA,NA,NA,NA
19,70,1,NA,NA,NA,NA,NA,NA,NA,NA,NA
19,70,2,NA,NA,NA,NA,NA,NA,NA,NA,NA
19,70,3,NA,NA,NA,NA,NA,NA,NA,NA,NA
19,70,4,NA,NA,NA,NA,NA,NA,NA,NA,NA
19,70,5,NA,NA,NA,NA,NA,NA,NA,NA,NA
19,70,6,NA,NA,NA,NA,NA,NA,NA,NA,NA
19,70,7,NA,NA,NA,NA,NA,NA,NA,NA,NA
19,70,8,NA,NA,NA,NA,NA,NA,NA,NA,NA
19,71,1,NA,NA,NA,NA,NA,NA,NA,NA,NA
19,71,2,NA,NA,NA,NA,NA,NA,NA,NA,NA
19,71,3,NA,NA,NA,NA,NA,NA,NA,NA,NA
19,71,4,NA,NA,NA,NA,NA,NA,NA,NA,NA
19,71,5,NA,NA,NA,NA,NA,NA,NA,NA,NA
19,71,6,NA,NA,NA,NA,NA,NA,NA,NA,NA
19,71,7,NA,NA,NA,NA,NA,NA,NA,NA,NA
19,71,8,NA,NA,NA,NA,NA,NA,NA,NA,NA
19,72,1,NA,NA,NA,NA,NA,NA,NA,NA,NA
19,72,2,NA,NA,NA,NA,NA,NA,NA,NA,NA
19,72,3,NA,NA,NA,NA,NA,NA,NA,NA,NA
19,72,4,NA,NA,NA,NA,NA,NA,NA,NA,NA
19,72,5,NA,NA,NA,NA,NA,NA,NA,NA,NA
19,72,6,NA,NA,NA,NA,NA,NA,NA,NA,NA
19,72,7,NA,NA,NA,NA,NA,NA,NA,NA,NA
19,72,8,NA,NA,NA,NA,NA,NA,NA,NA,NA
19,73,1,NA,NA,NA,NA,NA,NA,NA,NA,NA
19,73,2,NA,NA,NA,NA,NA,NA,NA,NA,NA
19,73,3,NA,NA,NA,NA,NA,NA,NA,NA,NA
19,73,4,NA,NA,NA,NA,NA,NA,NA,NA,NA
19,73,5,NA,NA,NA,NA,NA,NA,NA,NA,NA
19,73,6,NA,NA,NA,NA,NA,NA,NA,NA,NA
19,73,7,NA,NA,NA,NA,NA,NA,NA,NA,NA
19,73,8,NA,NA,NA,NA,NA,NA,NA,NA,NA
19,74,1,NA,NA,NA,NA,NA,NA,NA,NA,NA
19,74,2,NA,NA,NA,NA,NA,NA,NA,NA,NA
19,74,3,NA,NA,NA,NA,NA,NA,NA,NA,NA
19,74,4,NA,NA,NA,NA,NA,NA,NA,NA,NA
19,74,5,NA,NA,NA,NA,NA,NA,NA,NA,NA
19,74,6,NA,NA,NA,NA,NA,NA,NA,NA,NA
19,74,7,NA,NA,NA,NA,NA,NA,NA,NA,NA
19,74,8,NA,NA,NA,NA,NA,NA,NA,NA,NA
19,75,1,NA,NA,NA,NA,NA,NA,NA,NA,NA
19,75,2,NA,NA,NA,NA,NA,NA,NA,NA,NA
19,75,3,NA,NA,NA,NA,NA,NA,NA,NA,NA
19,75,4,NA,NA,NA,NA,NA,NA,NA,NA,NA
19,75,5,NA,NA,NA,NA,NA,NA,NA,NA,NA
19,75,6,NA,NA,NA,NA,NA,NA,NA,NA,NA
19,75,7,NA,NA,NA,NA,NA,NA,NA,NA,NA
19,75,8,NA,NA,NA,NA,NA,NA,NA,NA,NA
19,76,1,NA,NA,NA,NA,NA,NA,NA,NA,NA
19,76,2,NA,NA,NA,NA,NA,NA,NA,NA,NA
19,76,3,NA,NA,NA,NA,NA,NA,NA,NA,NA
19,76,4,NA,NA,NA,NA,NA,NA,NA,NA,NA
19,76,5,NA,NA,NA,NA,NA,NA,NA,NA,NA
19,76,6,NA,NA,NA,NA,NA,NA,NA,NA,NA
19,76,7,NA,NA,NA,NA,NA,NA,NA,NA,NA
19,76,8,NA,NA,NA,NA,NA,NA,NA,NA,NA
19,77,1,NA,NA,NA,NA,NA,NA,NA,NA,NA
19,77,2,NA,NA,NA,NA,NA,NA,NA,NA,NA
19,77,3,NA,NA,NA,NA,NA,NA,NA,NA,NA
19,77,4,NA,NA,NA,NA,NA,NA,NA,NA,NA
19,77,5,NA,NA,NA,NA,NA,NA,NA,NA,NA
19,77,6,NA,NA,NA,NA,NA,NA,NA,NA,NA
19,77,7,NA,NA,NA,NA,NA,NA,NA,NA,NA
19,77,8,NA,NA,NA,NA,NA,NA,NA,NA,NA
19,78,1,NA,NA,NA,NA,NA,NA,NA,NA,NA
19,78,2,NA,NA,NA,NA,NA,NA,NA,NA,NA
19,78,3,NA,NA,NA,NA,NA,NA,NA,NA,NA
19,78,4,NA,NA,NA,NA,NA,NA,NA,NA,NA
19,78,5,NA,NA,NA,NA,NA,NA,NA,NA,NA
19,78,6,NA,NA,NA,NA,NA,NA,NA,NA,NA
19,78,7,NA,NA,NA,NA,NA,NA,NA,NA,NA
19,78,8,NA,NA,NA,NA,NA,NA,NA,NA,NA
19,79,1,NA,NA,NA,NA,NA,NA,NA,NA,NA
19,79,2,NA,NA,NA,NA,NA,NA,NA,NA,NA
19,79,3,NA,NA,NA,NA,NA,NA,NA,NA,NA
19,79,4,NA,NA,NA,NA,NA,NA,NA,NA,NA
19,79,5,NA,NA,NA,NA,NA,NA,NA,NA,NA
19,79,6,NA,NA,NA,NA,NA,NA,NA,NA,NA
19,79,7,NA,NA,NA,NA,NA,NA,NA,NA,NA
19,79,8,NA,NA,NA,NA,NA,NA,NA,NA,NA
19,80,1,NA,NA,NA,NA,NA,NA,NA,NA,NA
19,80,2,NA,NA,NA,NA,NA,NA,NA,NA,NA
19,80,3,NA,NA,NA,NA,NA,NA,NA,NA,NA
19,80,4,NA,NA,NA,NA,NA,NA,NA,NA,NA
19,80,5,NA,NA,NA,NA,NA,NA,NA,NA,NA
19,80,6,NA,NA,NA,NA,NA,NA,NA,NA,NA
19,80,7,NA,NA,NA,NA,NA,NA,NA,NA,NA
19,80,8,NA,NA,NA,NA,NA,NA,NA,NA,NA
19,81,1,NA,NA,NA,NA,NA,NA,NA,NA,NA
19,81,2,NA,NA,NA,NA,NA,NA,NA,NA,NA
19,81,3,NA,NA,NA,NA,NA,NA,NA,NA,NA
19,81,4,NA,NA,NA,NA,NA,NA,NA,NA,NA
19,81,5,NA,NA,NA,NA,NA,NA,NA,NA,NA
19,81,6,NA,NA,NA,NA,NA,NA,NA,NA,NA
19,81,7,NA,NA,NA,NA,NA,NA,NA,NA,NA
19,81,8,NA,NA,NA,NA,NA,NA,NA,NA,NA
19,82,1,NA,NA,NA,NA,NA,NA,NA,NA,NA
19,82,2,NA,NA,NA,NA,NA,NA,NA,NA,NA
19,82,3,NA,NA,NA,NA,NA,NA,NA,NA,NA
19,82,4,NA,NA,NA,NA,NA,NA,NA,NA,NA
19,82,5,NA,NA,NA,NA,NA,NA,NA,NA,NA
19,82,6,NA,NA,NA,NA,NA,NA,NA,NA,NA
19,82,7,NA,NA,NA,NA,NA,NA,NA,NA,NA
19,82,8,NA,NA,NA,NA,NA,NA,NA,NA,NA
19,83,1,NA,NA,NA,NA,NA,NA,NA,NA,NA
19,83,2,NA,NA,NA,NA,NA,NA,NA,NA,NA
19,83,3,NA,NA,NA,NA,NA,NA,NA,NA,NA
19,83,4,NA,NA,NA,NA,NA,NA,NA,NA,NA
19,83,5,NA,NA,NA,NA,NA,NA,NA,NA,NA
19,83,6,NA,NA,NA,NA,NA,NA,NA,NA,NA
19,83,7,NA,NA,NA,NA,NA,NA,NA,NA,NA
19,83,8,NA,NA,NA,NA,NA,NA,NA,NA,NA
19,84,1,NA,NA,NA,NA,NA,NA,NA,NA,NA
19,84,2,NA,NA,NA,NA,NA,NA,NA,NA,NA
19,84,3,NA,NA,NA,NA,NA,NA,NA,NA,NA
19,84,4,NA,NA,NA,NA,NA,NA,NA,NA,NA
19,84,5,NA,NA,NA,NA,NA,NA,NA,NA,NA
19,84,6,NA,NA,NA,NA,NA,NA,NA,NA,NA
19,84,7,NA,NA,NA,NA,NA,NA,NA,NA,NA
19,84,8,NA,NA,NA,NA,NA,NA,NA,NA,NA
19,85,1,NA,NA,NA,NA,NA,NA,NA,NA,NA
19,85,2,NA,NA,NA,NA,NA,NA,NA,NA,NA
19,85,3,NA,NA,NA,NA,NA,NA,NA,NA,NA
19,85,4,NA,NA,NA,NA,NA,NA,NA,NA,NA
19,85,5,NA,NA,NA,NA,NA,NA,NA,NA,NA
19,85,6,NA,NA,NA,NA,NA,NA,NA,NA,NA
19,85,7,NA,NA,NA,NA,NA,NA,NA,NA,NA
19,85,8,NA,NA,NA,NA,NA,NA,NA,NA,NA
19,86,1,NA,NA,NA,NA,NA,NA,NA,NA,NA
19,86,2,NA,NA,NA,NA,NA,NA,NA,NA,NA
19,86,3,NA,NA,NA,NA,NA,NA,NA,NA,NA
19,86,4,NA,NA,NA,NA,NA,NA,NA,NA,NA
19,86,5,NA,NA,NA,NA,NA,NA,NA,NA,NA
19,86,6,NA,NA,NA,NA,NA,NA,NA,NA,NA
19,86,7,NA,NA,NA,NA,NA,NA,NA,NA,NA
19,86,8,NA,NA,NA,NA,NA,NA,NA,NA,NA
19,87,1,NA,NA,NA,NA,NA,NA,NA,NA,NA
19,87,2,NA,NA,NA,NA,NA,NA,NA,NA,NA
19,87,3,NA,NA,NA,NA,NA,NA,NA,NA,NA
19,87,4,NA,NA,NA,NA,NA,NA,NA,NA,NA
19,87,5,NA,NA,NA,NA,NA,NA,NA,NA,NA
19,87,6,NA,NA,NA,NA,NA,NA,NA,NA,NA
19,87,7,NA,NA,NA,NA,NA,NA,NA,NA,NA
19,87,8,NA,NA,NA,NA,NA,NA,NA,NA,NA
19,88,1,NA,NA,NA,NA,NA,NA,NA,NA,NA
19,88,2,NA,NA,NA,NA,NA,NA,NA,NA,NA
19,88,3,NA,NA,NA,NA,NA,NA,NA,NA,NA
19,88,4,NA,NA,NA,NA,NA,NA,NA,NA,NA
19,88,5,NA,NA,NA,NA,NA,NA,NA,NA,NA
19,88,6,NA,NA,NA,NA,NA,NA,NA,NA,NA
19,88,7,NA,NA,NA,NA,NA,NA,NA,NA,NA
19,88,8,NA,NA,NA,NA,NA,NA,NA,NA,NA
19,89,1,NA,NA,NA,NA,NA,NA,NA,NA,NA
19,89,2,NA,NA,NA,NA,NA,NA,NA,NA,NA
19,89,3,NA,NA,NA,NA,NA,NA,NA,NA,NA
19,89,4,NA,NA,NA,NA,NA,NA,NA,NA,NA
19,89,5,NA,NA,NA,NA,NA,NA,NA,NA,NA
19,89,6,NA,NA,NA,NA,NA,NA,NA,NA,NA
19,89,7,NA,NA,NA,NA,NA,NA,NA,NA,NA
19,89,8,NA,NA,NA,NA,NA,NA,NA,NA,NA
19,90,1,NA,NA,NA,NA,NA,NA,NA,NA,NA
19,90,2,NA,NA,NA,NA,NA,NA,NA,NA,NA
19,90,3,NA,NA,NA,NA,NA,NA,NA,NA,NA
19,90,4,NA,NA,NA,NA,NA,NA,NA,NA,NA
19,90,5,NA,NA,NA,NA,NA,NA,NA,NA,NA
19,90,6,NA,NA,NA,NA,NA,NA,NA,NA,NA
19,90,7,NA,NA,NA,NA,NA,NA,NA,NA,NA
19,90,8,NA,NA,NA,NA,NA,NA,NA,NA,NA
19,91,1,NA,NA,NA,NA,NA,NA,NA,NA,NA
19,91,2,NA,NA,NA,NA,NA,NA,NA,NA,NA
19,91,3,NA,NA,NA,NA,NA,NA,NA,NA,NA
19,91,4,NA,NA,NA,NA,NA,NA,NA,NA,NA
19,91,5,NA,NA,NA,NA,NA,NA,NA,NA,NA
19,91,6,NA,NA,NA,NA,NA,NA,NA,NA,NA
19,91,7,NA,NA,NA,NA,NA,NA,NA,NA,NA
19,91,8,NA,NA,NA,NA,NA,NA,NA,NA,NA
19,92,1,NA,NA,NA,NA,NA,NA,NA,NA,NA
19,92,2,NA,NA,NA,NA,NA,NA,NA,NA,NA
19,92,3,NA,NA,NA,NA,NA,NA,NA,NA,NA
19,92,4,NA,NA,NA,NA,NA,NA,NA,NA,NA
19,92,5,NA,NA,NA,NA,NA,NA,NA,NA,NA
19,92,6,NA,NA,NA,NA,NA,NA,NA,NA,NA
19,92,7,NA,NA,NA,NA,NA,NA,NA,NA,NA
19,92,8,NA,NA,NA,NA,NA,NA,NA,NA,NA
19,93,1,NA,NA,NA,NA,NA,NA,NA,NA,NA
19,93,2,NA,NA,NA,NA,NA,NA,NA,NA,NA
19,93,3,NA,NA,NA,NA,NA,NA,NA,NA,NA
19,93,4,NA,NA,NA,NA,NA,NA,NA,NA,NA
19,93,5,NA,NA,NA,NA,NA,NA,NA,NA,NA
19,93,6,NA,NA,NA,NA,NA,NA,NA,NA,NA
19,93,7,NA,NA,NA,NA,NA,NA,NA,NA,NA
19,93,8,NA,NA,NA,NA,NA,NA,NA,NA,NA
19,94,1,NA,NA,NA,NA,NA,NA,NA,NA,NA
19,94,2,NA,NA,NA,NA,NA,NA,NA,NA,NA
19,94,3,NA,NA,NA,NA,NA,NA,NA,NA,NA
19,94,4,NA,NA,NA,NA,NA,NA,NA,NA,NA
19,94,5,NA,NA,NA,NA,NA,NA,NA,NA,NA
19,94,6,NA,NA,NA,NA,NA,NA,NA,NA,NA
19,94,7,NA,NA,NA,NA,NA,NA,NA,NA,NA
19,94,8,NA,NA,NA,NA,NA,NA,NA,NA,NA
19,95,1,NA,NA,NA,NA,NA,NA,NA,NA,NA
19,95,2,NA,NA,NA,NA,NA,NA,NA,NA,NA
19,95,3,NA,NA,NA,NA,NA,NA,NA,NA,NA
19,95,4,NA,NA,NA,NA,NA,NA,NA,NA,NA
19,95,5,NA,NA,NA,NA,NA,NA,NA,NA,NA
19,95,6,NA,NA,NA,NA,NA,NA,NA,NA,NA
19,95,7,NA,NA,NA,NA,NA,NA,NA,NA,NA
19,95,8,NA,NA,NA,NA,NA,NA,NA,NA,NA
19,96,1,NA,NA,NA,NA,NA,NA,NA,NA,NA
19,96,2,NA,NA,NA,NA,NA,NA,NA,NA,NA
19,96,3,NA,NA,NA,NA,NA,NA,NA,NA,NA
19,96,4,NA,NA,NA,NA,NA,NA,NA,NA,NA
19,96,5,NA,NA,NA,NA,NA,NA,NA,NA,NA
19,96,6,NA,NA,NA,NA,NA,NA,NA,NA,NA
19,96,7,NA,NA,NA,NA,NA,NA,NA,NA,NA
19,96,8,NA,NA,NA,NA,NA,NA,NA,NA,NA
19,97,1,NA,NA,NA,NA,NA,NA,NA,NA,NA
19,97,2,NA,NA,NA,NA,NA,NA,NA,NA,NA
19,97,3,NA,NA,NA,NA,NA,NA,NA,NA,NA
19,97,4,NA,NA,NA,NA,NA,NA,NA,NA,NA
19,97,5,NA,NA,NA,NA,NA,NA,NA,NA,NA
19,97,6,NA,NA,NA,NA,NA,NA,NA,NA,NA
19,97,7,NA,NA,NA,NA,NA,NA,NA,NA,NA
19,97,8,NA,NA,NA,NA,NA,NA,NA,NA,NA
19,98,1,NA,NA,NA,NA,NA,NA,NA,NA,NA
19,98,2,NA,NA,NA,NA,NA,NA,NA,NA,NA
19,98,3,NA,NA,NA,NA,NA,NA,NA,NA,NA
19,98,4,NA,NA,NA,NA,NA,NA,NA,NA,NA
19,98,5,NA,NA,NA,NA,NA,NA,NA,NA,NA
19,98,6,NA,NA,NA,NA,NA,NA,NA,NA,NA
19,98,7,NA,NA,NA,NA,NA,NA,NA,NA,NA
19,98,8,NA,NA,NA,NA,NA,NA,NA,NA,NA
19,99,1,NA,NA,NA,NA,NA,NA,NA,NA,NA
19,99,2,NA,NA,NA,NA,NA,NA,NA,NA,NA
19,99,3,NA,NA,NA,NA,NA,NA,NA,NA,NA
19,99,4,NA,NA,NA,NA,NA,NA,NA,NA,NA
19,99,5,NA,NA,NA,NA,NA,NA,NA,NA,NA
19,99,6,NA,NA,NA,NA,NA,NA,NA,NA,NA
19,99,7,NA,NA,NA,NA,NA,NA,NA,NA,NA
19,99,8,NA,NA,NA,NA,NA,NA,NA,NA,NA
19,100,1,NA,NA,NA,NA,NA,NA,NA,NA,NA
19,100,2,NA,NA,NA,NA,NA,NA,NA,NA,NA
19,100,3,NA,NA,NA,NA,NA,NA,NA,NA,NA
19,100,4,NA,NA,NA,NA,NA,NA,NA,NA,NA
19,100,5,NA,NA,NA,NA,NA,NA,NA,NA,NA
19,100,6,NA,NA,NA,NA,NA,NA,NA,NA,NA
19,100,7,NA,NA,NA,NA,NA,NA,NA,NA,NA
19,100,8,NA,NA,NA,NA,NA,NA,NA,NA,NA
20,1,1,2960.04,869.508154580587,0,0,0,92,0,0,0
20,1,2,2959.2496,1680.84228322392,0,0,0,72,0,0,0
20,1,3,2954.72,1131.29289610502,0,0,0,86,0,0,0
20,1,4,2951.4624,1853.78109708717,0,0,0,40,0,0,0
20,1,5,2963.328,1773.24523018298,0,0,0,74,0,0,0
20,1,6,2947.248,2228.26503117411,0,0,0,22,0,0,0
20,1,7,19192.7775999999,11025.5523336596,0,0,0,43,0,0,0
20,1,8,0,8,0,0,0,36,0,0,0
20,2,1,2965.5536,1024.55742056518,0,0,0,86,0,0,0
20,2,2,2980.9296,1086.56517828653,0,0,0,168,0,0,0
20,2,3,2963.8816,1236.73979514705,0,0,0,113,0,0,0
20,2,4,2977.3744,1147.01666741146,0,0,0,185,0,0,0
20,2,5,2987.52799999999,1527.95057490499,0,0,0,177,0,0,0
20,2,6,2978.024,791.685966526028,0,0,0,219,0,0,0
20,2,7,19142.3564799999,8033.75227002143,7,16,0,211,0,0,0
20,2,8,0,8,0,0,0,0,0,0,0
20,3,1,2973.28448,1878.58112496088,0,0,0,102,0,0,0
20,3,2,2989.88928,1931.23335229537,0,0,0,108,0,0,0
20,3,3,2975.8432,1469.39162731043,0,0,0,123,0,0,0
20,3,4,2986.95552,934.763185928886,0,0,0,114,0,0,0
20,3,5,3007.78399999999,1289.83988903784,0,0,0,152,0,0,0
20,3,6,2981.62239999999,1631.04962317631,0,0,0,79,0,0,0
20,3,7,19082.8524799998,4315.88900652558,49,0,0,168,0,0,0
20,3,8,0,8,0,0,0,0,0,0,0
20,4,1,2968.95145216,984.262633000243,133,0,0,54,0,0,0
20,4,2,2998.70048,1174.49980297024,82,0,0,111,0,0,0
20,4,3,2981.5712,835.331298421417,57,0,0,89,0,0,0
20,4,4,2982.2064,647.562748439212,39,0,0,54,0,0,0
20,4,5,3009.04319999999,1619.69072990834,61,0,0,67,0,0,0
20,4,6,2984.97439999999,960.101294175152,91,0,0,72,0,0,0
20,4,7,19034.5609599998,3580.78813379359,218,0,0,213,0,0,0
20,4,8,0,8,0,0,0,0,0,0,0
20,5,1,2969.79945216,1167.18234695381,0,44,0,54,0,0,0
20,5,2,3002.31456,1175.3872305509,0,61,0,56,0,0,0
20,5,3,2977.532096,848.051313180962,0,41,0,42,0,0,0
20,5,4,2973.82528,921.906932376153,0,29,0,35,0,0,0
20,5,5,3011.90719999999,596.343721005739,0,82,0,79,0,0,0
20,5,6,2981.92774399999,770.03462058074,0,46,0,50,0,0,0
20,5,7,18944.7053567997,8069.2736656834,2,133,0,178,0,0,0
20,5,8,0,8,0,0,0,0,0,0,0
20,6,1,2985.26178816,1380.64681003592,0,0,0,116,0,0,0
20,6,2,3023.97696,1364.28634877442,0,0,0,117,0,0,0
20,6,3,2988.848896,804.712755779789,0,0,0,84,0,0,0
20,6,4,2986.89568,876.253023594686,0,0,0,92,0,0,0
20,6,5,3016.51551999999,1150.59222905564,0,0,0,59,0,0,0
20,6,6,2991.33254399999,1630.69506102442,0,0,0,77,0,0,0
20,6,7,18884.6618367996,10905.8198395186,23,1,0,204,0,0,0
20,6,8,0,8,0,0,0,0,0,0,0
20,7,1,3008.89538816,1209.49476431412,0,0,0,138,0,0,0
20,7,2,3047.54976,1830.37298657148,0,0,0,136,0,0,0
20,7,3,3000.602496,1170.45104970087,0,0,0,80,0,0,0
20,7,4,2998.514368,975.316365623568,0,0,0,87,0,0,0
20,7,5,3033.54431999999,533.861225606246,0,0,0,115,0,0,0
20,7,6,3018.734464,1334.98396390624,0,0,0,157,0,0,0
20,7,7,18830.9114612731,5041.49163142641,27,0,0,221,0,0,0
20,7,8,0,8,0,0,0,0,0,0,0
20,8,1,3023.33058816,564.349560735334,0,0,0,120,0,0,0
20,8,2,3076.44928,940.790644585653,0,0,0,183,0,0,0
20,8,3,3018.412096,1180.4452470919,0,0,0,117,0,0,0
20,8,4,3008.943744,1744.96342448176,0,0,0,97,0,0,0
20,8,5,3037.90751999999,987.737508007881,0,0,0,53,0,0,0
20,8,6,3035.8409728,1242.23164419808,0,0,0,133,0,0,0
20,8,7,18791.546712473,10161.6115025631,18,0,0,316,0,0,2
20,8,8,0,8,0,0,0,0,0,0,0
20,9,1,3022.18434816,753.129960482626,0,0,0,56,0,0,0
20,9,2,3090.232,1108.4881460929,0,0,0,94,0,0,0
20,9,3,3040.008896,1360.60663621503,0,0,0,118,0,0,0
20,9,4,3041.732627968,841.048743144236,0,0,0,174,0,0,0
20,9,5,3050.0280448,871.484495731242,0,0,0,98,0,0,0
20,9,6,3056.3473408,905.207119603763,0,0,0,124,0,0,0
20,9,7,18737.8685531129,8283.96893260217,30,0,0,225,0,0,0
20,9,8,0,8,0,0,0,0,0,0,0
20,10,1,3016.13026816,688.710341772412,0,34,0,41,0,0,0
20,10,2,3086.13792,1449.44383945765,0,64,0,46,0,0,0
20,10,3,3043.904896,1776.04411714877,0,77,0,59,0,0,0
20,10,4,3040.403923968,767.021568061238,0,52,0,32,0,0,0
20,10,5,3046.8277248,1340.05683594714,0,36,0,51,0,0,0
20,10,6,3052.9335808,1413.96932042958,0,46,0,44,0,0,0
20,10,7,18684.0602971128,9146.6344786829,4,298,0,297,0,0,0
20,10,8,0,8,0,0,0,0,0,0,0
20,11,1,3020.88994816,1653.48054014881,0,0,0,68,0,0,0
20,11,2,3112.95552,1285.20195801258,0,0,0,144,0,0,0
20,11,3,3079.453696,1045.91609914913,0,0,0,177,0,0,0
20,11,4,3053.661523968,1098.02181599688,0,0,0,76,0,0,0
20,11,5,3072.3845248,2037.23939652088,0,0,0,134,0,0,0
20,11,6,3076.1335808,1457.17316540163,0,0,0,141,0,0,0
20,11,7,18657.2650331128,12731.1701665015,28,0,0,183,0,0,1
20,11,8,0,8,0,0,0,0,0,0,0
20,12,1,3046.85641216,777.640518493087,0,0,0,165,0,0,0
20,12,2,3135.0304,1612.23009708661,0,0,0,128,0,0,0
20,12,3,3097.699392,504.785498363433,0,0,0,104,0,0,0
20,12,4,3073.858259968,1810.47465169637,0,0,0,109,0,0,0
20,12,5,3111.22638079999,1128.57995144018,0,0,0,203,0,0,0
20,12,6,3101.4382208,1491.99194017468,0,0,0,145,0,0,0
20,12,7,18634.3427291128,9555.34032925766,23,0,0,215,0,0,1
20,12,8,0,8,0,0,0,0,0,0,0
20,13,1,3049.12361216,1832.10999088335,0,0,0,77,0,0,0
20,13,2,3166.31552,482.09289865292,0,0,0,161,0,0,0
20,13,3,3104.633152,1529.19313228777,0,0,0,50,0,0,0
20,13,4,3108.742419968,1234.01274708247,2,0,0,160,0,0,0
20,13,5,3132.2762368,793.214600254568,0,0,0,112,0,0,0
20,13,6,3129.81178880001,903.137286070084,0,0,0,149,0,0,0
20,13,7,18631.7526053674,4646.27530442693,81,0,0,267,0,0,0
20,13,8,0,8,0,0,0,0,0,0,0
20,14,1,3046.65801216,1352.52354315844,141,0,0,42,0,0,0
20,14,2,3160.17568,1222.02903738563,25,0,0,23,0,0,0
20,14,3,3118.032192,793.484173613421,78,0,0,74,0,0,0
20,14,4,3118.600019968,1834.00119757341,55,0,0,68,0,0,0
20,14,5,3136.5875968,1347.85620031998,30,0,0,49,0,0,0
20,14,6,3130.88359680001,792.051996559045,53,0,0,37,0,0,0
20,14,7,18631.1327085354,8490.24594347063,235,0,0,229,0,0,0
20,14,8,0,8,0,0,0,0,0,0,0
20,15,1,3065.85755136,748.534605540003,0,0,0,135,0,0,0
20,15,2,3186.345472,1104.66862519091,0,0,0,122,0,0,0
20,15,3,3128.406272,1008.26639403576,0,0,0,79,0,0,0
20,15,4,3159.571027968,877.042538168993,0,0,0,183,0,0,0
20,15,5,3165.7552768,1445.36738248727,0,0,0,134,0,0,0
20,15,6,3148.76882176001,707.844903601735,0,0,0,79,0,0,0
20,15,7,18632.197923241,8935.65013160586,45,0,0,231,0,0,0
20,15,8,0,8,0,0,0,0,0,0,0
20,16,1,3069.5859968,1203.21862150635,0,0,0,74,0,0,0
20,16,2,3201.25510400001,1145.71912983862,0,0,0,110,0,0,0
20,16,3,3142.877312,1254.02935592251,0,0,0,100,0,0,0
20,16,4,3170.771027968,1061.77193204189,0,0,0,87,0,0,0
20,16,5,3188.91039999999,1118.95124184796,0,0,0,144,0,0,0
20,16,6,3156.08882176001,1071.75625197225,0,0,0,70,0,0,0
20,16,7,18620.3991264409,9602.35883927192,40,0,0,202,0,0,0
20,16,8,0,8,0,0,0,0,0,0,0
20,17,1,3088.3667456,758.3947734914,0,0,0,120,0,0,0
20,17,2,3219.81754880001,1498.00320527037,0,0,0,114,0,0,0
20,17,3,3170.5490304,2127.99233175699,0,0,0,125,0,0,0
20,17,4,3199.02095931392,2099.44996883528,0,0,0,106,0,0,0
20,17,5,3216.92905011199,1473.66350866539,0,0,0,111,0,0,0
20,17,6,3182.94872576001,1028.3815237248,0,0,0,107,0,0,0
20,17,7,18643.1987024025,7815.82723793213,39,0,0,273,0,0,0
20,17,8,0,8,0,0,0,0,0,0,0
20,18,1,3088.2253696,990.399130943333,0,0,0,75,0,0,0
20,18,2,3235.75740416001,897.636392431837,0,0,0,149,0,0,0
20,18,3,3193.15566592,1981.18795549222,18,0,0,146,0,0,0
20,18,4,3219.90211131392,1323.03009166964,19,0,0,141,0,0,0
20,18,5,3244.13378611199,1775.55464654614,0,0,0,147,0,0,0
20,18,6,3198.46550988801,1299.29454547446,0,0,0,102,0,0,0
20,18,7,18641.1204560024,5779.00047143313,164,0,0,222,0,0,0
20,18,8,0,8,0,0,0,0,0,0,0
20,19,1,3089.39656960001,1260.3590730879,0,0,0,99,0,0,0
20,19,2,3238.30566656001,1946.59968621356,0,0,0,89,0,0,0
20,19,3,3220.56439552,1161.60295444167,8,0,0,171,0,0,0
20,19,4,3241.75829041153,1699.10103509439,0,0,0,132,0,0,0
20,19,5,3275.25431091199,1769.88435084262,2,0,0,168,0,0,0
20,19,6,3221.22073804801,1300.55340910302,0,0,0,129,0,0,0
20,19,7,18641.1376418763,7676.37994723076,119,0,0,182,0,0,0
20,19,8,0,8,0,0,0,0,0,0,0
20,20,1,3093.37876480001,1494.87531523529,0,0,0,126,0,0,0
20,20,2,3261.34920192001,1545.20982489358,0,0,0,194,0,0,0
20,20,3,3236.239306752,947.631638044145,0,0,0,116,0,0,0
20,20,4,3268.67117617153,1254.229496519,0,0,0,169,0,0,0
20,20,5,3312.799270912,960.788363556564,0,0,0,176,0,0,0
20,20,6,3248.25036195842,1529.80070012577,0,0,0,130,0,0,0
20,20,7,18643.5472930763,7880.39884357919,56,0,0,179,0,0,0
20,20,8,0,8,0,0,0,0,0,0,0
20,21,1,3108.77569536001,2144.23935909509,0,0,0,149,0,0,0
20,21,2,3281.38461747201,1121.85041662875,0,0,0,154,0,0,0
20,21,3,3244.437906432,1054.17442401066,0,0,0,94,0,0,0
20,21,4,3289.58983594395,1501.88089324181,0,0,0,125,0,0,0
20,21,5,3330.229366272,1122.11555481856,0,0,0,96,0,0,0
20,21,6,3288.6711246029,1258.08021200126,0,0,0,152,0,0,0
20,21,7,18653.1905399755,7822.96767385244,53,0,0,183,0,0,1
20,21,8,0,8,0,0,0,0,0,0,0
20,22,1,3122.57578240001,1030.14528458592,0,0,0,197,0,0,5
20,22,2,3275.41941094401,1154.87647580867,0,0,0,112,0,0,0
20,22,3,3248.692237824,1162.68250948532,0,0,0,105,0,0,0
20,22,4,3299.52722090395,2286.16812502207,0,0,0,150,0,0,0
20,22,5,3345.745641472,786.980220030141,0,0,0,112,0,0,0
20,22,6,3304.9883874509,1166.42432662187,0,0,0,125,0,0,0
20,22,7,18649.1383313355,7606.76140852431,74,0,0,208,0,0,0
20,22,8,0,8,0,0,0,0,0,0,0
20,23,1,3115.54039459841,1082.88483961545,0,0,0,103,0,0,0
20,23,2,3272.31026534402,911.571856917082,0,0,0,115,0,0,0
20,23,3,3250.517277184,1427.70658416612,0,0,0,116,0,0,0
20,23,4,3308.79858141595,1802.76790103213,0,24,0,131,0,0,0
20,23,5,3347.893351424,1713.17255049835,0,0,0,78,0,0,0
20,23,6,3317.4268770509,1323.13967352496,0,0,0,116,0,0,0
20,23,7,18638.2112017354,7182.73369777828,0,134,0,178,0,0,0
20,23,8,0,8,0,0,0,0,0,0,0
20,24,1,3105.74158028802,410.032802635893,0,0,0,108,0,0,0
20,24,2,3260.77120614402,1474.6138341997,0,0,0,91,0,0,0
20,24,3,3256.962701312,1356.36316002707,0,0,0,142,0,0,0
20,24,4,3326.24354314241,463.444355637125,0,0,0,180,0,0,0
20,24,5,3371.68491593728,751.556510579358,0,0,0,167,0,0,0
20,24,6,3335.24109785089,1453.7846298181,0,0,0,132,0,0,0
20,24,7,18655.7443191754,6176.07937689925,27,0,0,223,0,0,0
20,24,8,0,8,0,0,0,0,0,0,0
20,25,1,3087.10427084801,547.962243456279,0,0,0,41,0,0,0
20,25,2,3266.44214425602,1532.50719616484,0,0,0,147,0,0,0
20,25,3,3258.51020902401,1227.29846141933,0,0,0,135,0,0,0
20,25,4,3314.70573834241,767.334102580775,0,0,0,46,0,0,0
20,25,5,3372.54458953728,1783.77424804464,0,0,0,75,0,0,0
20,25,6,3357.70378457089,1476.89330320254,0,0,0,145,0,0,0
20,25,7,18669.4703474634,9270.10817727357,20,0,0,222,0,0,1
20,25,8,0,8,0,0,0,0,0,0,0
20,26,1,3079.75418867713,1844.58124670317,0,0,0,54,0,0,0
20,26,2,3270.53647081474,979.240355965647,0,0,0,153,0,0,0
20,26,3,3263.01111613441,1331.60529844151,0,0,0,122,0,0,0
20,26,4,3313.1258706813,1822.17048918029,0,0,0,76,0,0,0
20,26,5,3405.06623822234,1099.35065199656,0,0,0,178,0,0,0
20,26,6,3379.41074341889,976.066050488238,0,0,0,147,0,0,0
20,26,7,18677.7242994429,6507.95551023915,0,59,0,197,0,0,0
20,26,8,0,8,0,0,0,0,0,0,0
20,27,1,3072.13396770408,161.67873301612,0,81,0,87,0,0,0
20,27,2,3268.36372403407,429.012370344771,0,1,0,96,0,0,0
20,27,3,3277.17433958401,1623.766873903,0,4,0,128,0,0,0
20,27,4,3328.57101976765,1995.73667035172,0,46,0,127,0,0,0
20,27,5,3419.48193153434,1243.92914202046,0,8,0,100,0,0,0
20,27,6,3397.47147785504,1311.7744303413,0,0,0,97,0,0,0
20,27,7,18724.0007195143,9782.98833170543,0,282,0,312,0,0,0
20,27,8,0,8,0,0,0,0,0,0,0
20,28,1,3053.42839688808,1932.84269456997,0,0,0,16,0,0,0
20,28,2,3252.88665101519,753.27082295714,0,0,0,42,0,0,0
20,28,3,3291.47809300481,1861.87795414768,0,0,0,162,0,0,0
20,28,4,3349.61905663166,786.739868117383,0,0,0,194,0,0,0
20,28,5,3435.97103489434,631.715206433688,0,0,0,124,0,0,0
20,28,6,3418.30636246304,773.62187267541,0,0,0,131,0,0,0
20,28,7,18763.0852589062,6780.20181406777,25,0,0,225,0,0,0
20,28,8,0,8,0,0,0,0,0,0,0
20,29,1,3070.6765046948,751.363096667939,4,0,0,149,0,0,0
20,29,2,3251.0988086477,1453.21612171142,0,0,0,75,0,0,0
20,29,3,3313.78825504769,516.587493500948,2,0,0,165,0,0,0
20,29,4,3347.32734904452,1060.02045335187,0,0,0,78,0,0,0
20,29,5,3432.10760733083,1824.67797027053,0,0,0,63,0,0,0
20,29,6,3430.18675414304,1007.1814720482,0,0,0,77,0,0,0
20,29,7,18812.5795399993,7257.14988718935,52,0,0,199,0,0,0
20,29,8,0,8,0,0,0,0,0,0,0
20,30,1,3081.4932923556,1911.47000635854,0,0,0,75,0,0,0
20,30,2,3276.44248392092,1212.6907368311,0,0,0,145,0,0,0
20,30,3,3304.15292135425,2211.24736657443,0,0,0,51,0,0,0
20,30,4,3358.31009601098,476.449109818181,0,0,0,106,0,0,0
20,30,5,3476.64641603667,1258.76638089074,0,0,0,182,0,0,0
20,30,6,3454.61536953632,1226.7244886386,0,0,0,100,0,0,0
20,30,7,18882.2094514727,8432.59189965404,42,0,0,217,0,0,0
20,30,8,0,8,0,0,0,0,0,0,0
20,31,1,3095.83625959016,1300.4224903116,2,0,0,162,0,0,0
20,31,2,3275.52153177278,1529.50455427117,0,0,0,121,0,0,0
20,31,3,3323.43709065299,778.954725845095,0,0,0,221,0,0,0
20,31,4,3343.14075048452,761.367134142818,0,0,0,47,0,0,0
20,31,5,3482.62622787667,1610.1519388996,0,0,0,125,0,0,0
20,31,6,3472.70401217824,1040.79369423791,0,0,0,122,0,0,0
20,31,7,18901.130539063,10918.6989197216,58,0,0,170,0,0,0
20,31,8,0,8,0,0,0,0,0,0,0
20,32,1,3098.32924501608,929.236563626751,0,0,0,130,0,0,0
20,32,2,3281.47445736639,2163.84122590192,0,0,0,152,0,0,0
20,32,3,3311.6811023778,2409.49864556709,0,0,0,77,0,0,0
20,32,4,3325.10025311134,1019.28098122172,0,0,0,76,0,0,0
20,32,5,3497.10495318099,393.563390656615,0,0,0,161,0,0,0
20,32,6,3482.90908883208,1028.08376349652,0,0,0,104,0,0,0
20,32,7,18923.1519518041,8167.74017672491,0,40,0,193,0,0,0
20,32,8,0,8,0,0,0,0,0,0,0
20,33,1,3087.43444750337,1591.08200731629,0,0,0,92,0,0,0
20,33,2,3278.05688893508,1253.70582717254,0,54,0,119,0,0,0
20,33,3,3307.49427731826,1340.03461613343,0,56,0,139,0,0,0
20,33,4,3327.16571743134,1809.24948586158,0,0,0,101,0,0,0
20,33,5,3480.50570827859,2252.53041078647,0,0,0,39,0,0,0
20,33,6,3491.10723897608,992.087964593773,0,0,0,102,0,0,0
20,33,7,18980.6773305074,6219.12155186249,0,276,0,302,0,0,0
20,33,8,0,8,0,0,0,0,0,0,0
20,34,1,3130.55560792065,2015.2440718505,0,0,0,159,0,0,0
20,34,2,3303.92415313179,616.104388181662,0,0,0,125,0,0,0
20,34,3,3344.50126996719,1259.20436811124,0,0,0,134,0,0,0
20,34,4,3370.89491111633,1068.62093853113,0,0,0,180,0,0,0
20,34,5,3544.00547808413,1097.62545427449,0,0,0,219,0,0,0
20,34,6,3521.42157361825,1234.14612205797,0,0,0,99,0,0,0
20,34,7,19084.9322843554,6214.97373680403,28,0,0,247,0,0,0
20,34,8,0,8,0,0,0,0,0,0,0
20,35,1,3152.20835447342,1394.51451855901,0,0,0,193,0,0,0
20,35,2,3289.13338331951,495.696653418953,0,0,0,61,0,0,0
20,35,3,3343.43174967515,2121.02810434681,0,0,0,125,0,0,0
20,35,4,3368.76268932817,1648.73732506029,0,0,0,106,0,0,0
20,35,5,3547.27361424541,1678.98974388276,0,0,0,109,0,0,0
20,35,6,3538.91441473472,1180.33604394519,0,0,0,123,0,0,0
20,35,7,19129.4126504354,10373.3115122844,24,0,0,240,0,0,0
20,35,8,0,8,0,0,0,0,0,0,0
20,36,1,3164.67890807343,1209.52965827628,0,0,0,139,0,0,0
20,36,2,3272.72077591978,478.214472931128,0,0,0,49,0,0,0
20,36,3,3363.15551616112,1633.25670320715,0,0,0,203,0,0,0
20,36,4,3376.71144704844,853.953445605993,0,0,0,164,0,0,0
20,36,5,3562.82273598621,1433.10693273106,0,0,0,167,0,0,0
20,36,6,3554.62377385511,1193.96861412725,0,0,0,118,0,0,0
20,36,7,19171.2985907618,7516.94496969836,24,0,0,256,0,0,1
20,36,8,0,8,0,0,0,0,0,0,0
20,37,1,3150.06415227521,865.339912515777,0,65,0,55,0,0,0
20,37,2,3247.91364411204,1515.05837619916,0,23,0,24,0,0,0
20,37,3,3343.1529436657,1241.0837846981,0,87,0,76,0,0,0
20,37,4,3353.78872952854,1363.75582006274,0,33,0,52,0,0,0
20,37,5,3549.11569838035,826.035005559782,0,67,0,76,0,0,0
20,37,6,3551.6867796748,510.00036122666,0,63,0,56,0,0,0
20,37,7,19199.1838327407,11526.1636555204,5,223,0,200,0,0,1
20,37,8,0,8,0,0,0,0,0,0,0
20,38,1,3148.12978897943,1015.85856772671,0,0,0,86,0,0,0
20,38,2,3262.65363914236,1769.41482428675,0,0,0,151,0,0,0
20,38,3,3339.54978678099,211.379329331967,0,0,0,124,0,0,0
20,38,4,3355.99992968881,600.570534211937,0,0,0,136,0,0,0
20,38,5,3556.70151113069,2158.86260991866,0,0,0,82,0,0,0
20,38,6,3555.05855726815,1423.06472887091,0,0,0,51,0,0,0
20,38,7,19242.0692759151,6273.08227228128,27,0,0,235,0,0,0
20,38,8,0,8,0,0,0,0,0,0,0
20,39,1,3150.91948653181,732.322475195857,0,0,0,101,0,0,0
20,39,2,3293.11991784583,910.170414412312,0,0,0,176,0,0,0
20,39,3,3319.25410110174,1238.91020743073,0,0,0,21,0,0,0
20,39,4,3345.63327386903,1217.69543960814,0,0,0,60,0,0,0
20,39,5,3584.10447783387,855.955350349786,16,0,0,152,0,0,0
20,39,6,3590.1631257669,783.51607534145,0,0,0,142,0,0,0
20,39,7,19325.0410831766,5311.75917861522,100,0,0,237,0,0,0
20,39,8,0,8,0,0,0,0,0,0,0
20,40,1,3144.45824337757,1983.01664189704,0,0,0,73,0,0,0
20,40,2,3284.46805956521,1247.37083938027,0,0,0,91,0,0,0
20,40,3,3319.97219628954,880.458342366155,0,0,0,123,0,0,0
20,40,4,3346.84954004759,1459.00825763909,0,0,0,121,0,0,0
20,40,5,3588.66141047463,2389.20365643996,0,0,0,85,0,0,0
20,40,6,3604.16534284978,1039.34856921714,0,0,0,78,0,0,0
20,40,7,19395.7118604386,8384.92246956221,167,0,0,247,0,0,0
20,40,8,0,8,0,0,0,0,0,0,0
20,41,1,3158.56091414,1256.91806536464,2,0,0,162,0,0,0
20,41,2,3285.59672439752,1282.98333978959,0,0,0,124,0,0,0
20,41,3,3320.73983516207,860.065552596345,0,0,0,88,0,0,0
20,41,4,3363.32650255475,1426.45645626329,0,0,0,145,0,0,0
20,41,5,3627.44014056022,1333.4809413719,4,0,0,183,0,0,0
20,41,6,3625.8747649093,970.564294374692,0,0,0,103,0,0,0
20,41,7,19453.917695597,6777.45176554397,45,0,0,202,0,0,1
20,41,8,0,8,0,0,0,0,0,0,0
20,42,1,3175.56726191219,343.329785927372,0,0,0,125,0,0,0
20,42,2,3304.80647537496,2026.91126656415,0,0,0,128,0,0,0
20,42,3,3311.6132562671,759.575162734038,0,0,0,86,0,0,0
20,42,4,3385.66144721643,526.905911961582,4,0,0,133,0,0,0
20,42,5,3665.45287363801,1364.46124508815,0,0,0,133,0,0,0
20,42,6,3650.95342639961,542.691577662855,0,0,0,97,0,0,0
20,42,7,19516.8028302397,6959.82206481933,167,1,0,165,0,0,14
20,42,8,0,8,0,0,0,0,0,0,0
20,43,1,3169.49794602974,1406.19433846606,0,0,0,34,0,0,0
20,43,2,3332.8810025661,1133.723310244,20,0,0,143,0,0,0
20,43,3,3316.34520096848,217.322636114888,0,0,0,75,0,0,0
20,43,4,3376.89519045948,1935.25180580673,0,0,0,52,0,0,0
20,43,5,3715.92834053119,894.915233761257,0,0,0,136,0,0,0
20,43,6,3667.23739691299,1508.78140423837,0,0,0,54,0,0,0
20,43,7,19624.6518390637,10776.6026494396,129,1,0,192,0,0,20
20,43,8,0,8,0,0,0,0,0,0,0
20,44,1,3177.64123603742,1467.83465653909,0,0,0,140,0,0,0
20,44,2,3323.04761509055,2033.26174339129,0,0,0,113,0,0,0
20,44,3,3279.04180343339,1726.10048373095,0,0,0,21,0,0,0
20,44,4,3400.2618700636,2276.8907656302,0,0,0,193,0,0,0
20,44,5,3711.02106335337,989.823151171736,0,0,0,89,0,0,0
20,44,6,3698.99388330029,1257.45654648479,0,0,0,150,0,0,0
20,44,7,19716.7184973182,7413.39092759152,0,34,0,332,0,0,0
20,44,8,0,8,0,0,0,0,0,0,0
20,45,1,3181.52373538534,1809.33484488755,0,0,0,146,0,0,0
20,45,2,3323.42788759982,1677.80862255973,0,23,0,157,0,0,0
20,45,3,3269.45773276456,1045.89977133742,0,23,0,125,0,0,0
20,45,4,3409.18206582359,1610.71701880058,0,38,0,151,0,0,0
20,45,5,3718.19302130654,2290.37546818704,0,0,0,98,0,0,0
20,45,6,3728.29564899045,2152.66955721678,0,0,0,125,0,0,0
20,45,7,19753.4645039945,4832.08427891637,4,158,0,158,0,0,2
20,45,8,0,8,0,0,0,0,0,0,0
20,46,1,3193.85636926646,1185.65547970692,0,0,0,180,0,0,0
20,46,2,3325.27423512695,1476.20556968609,0,0,0,167,0,0,0
20,46,3,3261.64850546369,1857.00604666111,0,0,0,104,0,0,0
20,46,4,3409.06322763677,930.31022492004,0,0,0,161,0,0,0
20,46,5,3738.02537208061,1300.01588753343,5,0,0,184,0,0,0
20,46,6,3759.40423572484,1138.91727695111,5,0,0,172,0,0,0
20,46,7,19792.6389779837,9929.98995409728,32,0,0,211,0,0,0
20,46,8,0,8,0,0,0,0,0,0,0
20,47,1,3193.8318878023,1359.26465970447,0,0,0,118,0,0,0
20,47,2,3321.33489499885,1541.60470110638,0,0,0,147,0,0,0
20,47,3,3278.09101252016,434.928523322706,0,0,0,185,0,0,0
20,47,4,3394.3635204848,1266.74298338772,0,0,0,93,0,0,0
20,47,5,3749.64080687094,1042.87169393342,0,0,0,130,0,0,0
20,47,6,3771.86094265851,1398.70087210789,0,0,0,113,0,0,0
20,47,7,19831.0041224106,6180.57318425612,7,16,0,178,0,0,0
20,47,8,0,8,0,0,0,0,0,0,0
20,48,1,3173.25780805304,438.50829212985,0,87,0,48,0,0,0
20,48,2,3309.64290912813,1208.01646097312,0,78,0,76,0,0,0
20,48,3,3241.87813578569,932.008491790858,0,21,0,22,0,0,0
20,48,4,3373.04130654276,1493.16076405475,0,68,0,58,0,0,0
20,48,5,3734.89066657864,1669.68489530975,0,41,0,63,0,0,0
20,48,6,3773.00655280364,2229.27275896417,0,83,0,56,0,0,0
20,48,7,19883.0421086163,8908.81345837952,1,260,0,240,0,0,0
20,48,8,0,8,0,0,0,0,0,0,0
20,49,1,3167.39567153234,1131.52080509834,0,0,0,43,0,0,0
20,49,2,3309.71726404214,1058.93267619102,0,0,0,120,0,0,0
20,49,3,3234.94510943633,1699.30682768144,0,0,0,93,0,0,0
20,49,4,3379.31649534671,1928.79839226318,0,0,0,149,0,0,0
20,49,5,3764.44298806863,1747.05830860993,0,0,0,166,0,0,0
20,49,6,3824.20929702042,1238.27593489489,0,0,0,222,0,0,0
20,49,7,19911.9570910163,4453.83044073117,28,0,0,167,0,0,0
20,49,8,0,8,0,0,0,0,0,0,0
20,50,1,3169.03205935053,1947.76728047311,0,0,0,113,0,0,0
20,50,2,3313.83904923458,2317.00614950093,2,0,0,103,0,0,0
20,50,3,3245.98401491073,2130.45590991896,24,0,0,136,0,0,0
20,50,4,3391.57351260238,1255.77753951995,32,0,0,148,0,0,0
20,50,5,3781.86124233336,1041.32012128806,29,0,0,134,0,0,0
20,50,6,3853.68222234468,2244.9801590729,1,0,0,122,0,0,0
20,50,7,19953.247244308,6242.62788305088,185,0,0,186,0,0,0
20,50,8,0,8,0,0,0,0,0,0,0
20,51,1,3186.31850274635,1307.03369224104,5,0,0,149,0,0,0
20,51,2,3332.94656100269,1175.32544190557,7,0,0,175,0,0,0
20,51,3,3279.42846380902,1098.2652152226,2,0,0,197,0,0,0
20,51,4,3408.93644844933,2206.84613827959,0,0,0,125,0,0,0
20,51,5,3814.2684049614,1598.64304743092,0,0,0,104,0,0,0
20,51,6,3918.47255003404,2429.96723780882,4,0,0,186,0,0,0
20,51,7,20014.5073475114,12167.4942731328,57,0,0,168,0,0,0
20,51,8,0,8,0,0,0,0,0,0,0
20,52,1,3183.03825493768,1181.66204825462,0,0,0,130,0,0,0
20,52,2,3331.45943248711,987.479239434186,0,0,0,117,0,0,0
20,52,3,3281.11265162595,1648.77174141707,0,0,0,109,0,0,0
20,52,4,3429.24684839824,1610.77578564671,0,0,0,220,0,0,0
20,52,5,3825.93938719388,2286.60496854818,0,0,0,159,0,0,0
20,52,6,3967.55579884426,1500.87416640187,0,0,0,228,0,0,0
20,52,7,20040.4222693931,10195.5138735514,40,0,0,190,0,0,0
20,52,8,0,8,0,0,0,0,0,0,0
20,53,1,3192.18713628231,723.524458115737,0,0,0,118,0,0,0
20,53,2,3326.95188988049,898.24780694809,0,0,0,98,0,0,0
20,53,3,3295.62880408239,1565.24955741002,0,0,0,164,0,0,0
20,53,4,3449.59487459057,1395.70443657602,0,0,0,161,0,0,0
20,53,5,3869.15825477969,2383.50338730388,1,0,0,193,0,0,0
20,53,6,4003.20543774485,2523.73453488732,0,0,0,150,0,0,0
20,53,7,20083.1331712186,11145.2521003541,43,0,0,194,0,0,1
20,53,8,0,8,0,0,0,0,0,0,0
20,54,1,3192.24333966742,902.878240186694,0,0,0,72,0,0,0
20,54,2,3327.52816776699,1378.03606297919,0,0,0,89,0,0,0
20,54,3,3311.31688292231,998.400183396505,0,0,0,156,0,0,0
20,54,4,3469.7346925752,1281.40337615959,0,0,0,139,0,0,0
20,54,5,3924.98249078901,2670.30091040112,1,0,0,204,0,0,0
20,54,6,4065.16138565696,2574.86660918533,4,0,0,177,0,0,0
20,54,7,20132.456165239,11419.9362140785,53,0,0,171,0,0,0
20,54,8,0,8,0,0,0,0,0,0,0
20,55,1,3185.30148296318,1238.55711172386,0,0,0,90,0,0,0
20,55,2,3328.63648291646,1812.17705510282,0,0,0,137,0,0,0
20,55,3,3296.78035109183,1893.28934981788,0,0,0,99,0,0,0
20,55,4,3476.78349555589,909.02201510998,0,0,0,128,0,0,0
20,55,5,3967.1451938983,2112.7707973067,1,0,0,243,0,0,0
20,55,6,4119.64998815831,2381.26754731158,1,0,0,238,0,0,0
20,55,7,20159.8339280754,13018.9572954796,51,0,0,217,0,0,2
20,55,8,0,8,0,0,0,0,0,0,0
20,56,1,3188.15562535397,1504.55292545984,0,0,0,123,0,0,0
20,56,2,3332.63715629948,1518.23144406185,0,0,0,181,0,0,0
20,56,3,3308.29127001224,1216.56089127075,0,0,0,189,0,0,0
20,56,4,3462.16290538995,1301.946590699,0,0,0,90,0,0,0
20,56,5,4017.06922291322,1650.71900057949,0,0,0,211,0,0,0
20,56,6,4159.48118668262,1628.58146008031,0,3,0,167,0,0,0
20,56,7,20191.7566470248,11755.6886187044,0,46,0,207,0,0,0
20,56,8,0,8,0,0,0,0,0,0,0
20,57,1,3202.46250545482,744.039457561028,0,0,0,150,0,0,0
20,57,2,3334.63267907266,1907.77046142125,0,0,0,151,0,0,0
20,57,3,3308.62677688941,773.913350776996,0,0,0,121,0,0,0
20,57,4,3473.57070294233,1671.06581542216,0,0,0,130,0,0,0
20,57,5,4046.82128005178,2004.3666096417,0,6,0,144,0,0,0
20,57,6,4202.3725697906,1779.93279252767,0,0,0,162,0,0,0
20,57,7,20244.9755358606,5624.39972399738,0,255,0,281,0,0,0
20,57,8,0,8,0,0,0,0,0,0,0
20,58,1,3201.16807174557,1557.63688666487,0,0,0,74,0,0,0
20,58,2,3360.25514011548,814.491740436265,0,0,0,190,0,0,0
20,58,3,3297.61439035932,1426.9079678073,0,0,0,77,0,0,0
20,58,4,3501.91267637457,639.065511729807,0,0,0,167,0,0,0
20,58,5,4105.1982970393,1562.75312907675,0,0,0,196,0,0,0
20,58,6,4274.97214044416,835.273575960005,0,0,0,177,0,0,0
20,58,7,20338.1448889643,5176.79837296992,30,0,0,204,0,0,0
20,58,8,0,8,0,0,0,0,0,0,0
20,59,1,3196.42381934915,710.403003819696,0,68,0,87,0,0,0
20,59,2,3324.48939914692,1640.99374953728,0,49,0,32,0,0,0
20,59,3,3281.62808847025,1454.83063659562,0,78,0,64,0,0,0
20,59,4,3472.00621386093,2310.09121982082,0,35,0,28,0,0,0
20,59,5,4093.97992339619,1614.00976001749,0,82,0,74,0,0,0
20,59,6,4269.6136664786,1998.73978707533,0,48,0,35,0,0,0
20,59,7,20396.7304598016,5011.76587241961,0,264,0,253,0,0,0
20,59,8,0,8,0,0,0,0,0,0,0
20,60,1,3190.95938533413,1240.74953483899,0,0,0,71,0,0,0
20,60,2,3352.9297461142,1669.83515155068,0,0,0,164,0,0,0
20,60,3,3303.02299825446,1223.12486354144,0,0,0,145,0,0,0
20,60,4,3520.05614180254,1711.67667763625,2,0,0,204,0,0,0
20,60,5,4138.54367460967,2242.88928884591,0,0,0,161,0,0,0
20,60,6,4345.1078736565,1655.17588895318,0,0,0,192,0,0,0
20,60,7,20479.1869153037,11087.5994514242,33,0,0,196,0,0,0
20,60,8,0,8,0,0,0,0,0,0,0
20,61,1,3210.33769102549,1161.29998667087,0,0,0,124,0,0,0
20,61,2,3379.83279568549,1035.31467109577,0,0,0,166,0,0,0
20,61,3,3310.82952857977,1693.11633217871,0,0,0,122,0,0,0
20,61,4,3562.6427454098,1295.39791006089,0,0,0,171,0,0,0
20,61,5,4200.00283092882,1926.02138425496,1,0,0,185,0,0,0
20,61,6,4407.3448752561,1034.05184450688,0,0,0,165,0,0,0
20,61,7,20542.2884248956,2825.91439081055,28,0,0,198,0,0,0
20,61,8,0,8,0,0,0,0,0,0,0
20,62,1,3212.32670794713,1265.06492867762,0,0,0,116,0,0,0
20,62,2,3375.90303167408,1816.36041362343,0,0,0,103,0,0,0
20,62,3,3308.97569332413,595.712958412513,10,0,0,148,0,0,0
20,62,4,3568.17708288945,1784.33845294888,0,0,0,129,0,0,0
20,62,5,4216.76485382352,1099.79163597844,35,0,0,122,0,0,0
20,62,6,4430.42830393652,2740.81783947555,0,0,0,103,0,0,0
20,62,7,20576.219381198,11118.5682207675,40,0,0,202,0,0,0
20,62,8,0,8,0,0,0,0,0,0,0
20,63,1,3224.02498051795,1257.68367535689,0,0,0,126,0,0,0
20,63,2,3398.89361843928,2112.55161684317,0,0,0,181,0,0,0
20,63,3,3303.67831660117,1295.91626021225,0,0,0,59,0,0,0
20,63,4,3604.2174744118,1118.97125826856,0,0,0,178,0,0,0
20,63,5,4247.3792123909,2719.83229903593,0,0,0,109,0,0,0
20,63,6,4517.10171064751,2658.22858323267,2,0,0,198,0,0,0
20,63,7,20646.6358311696,5734.0232147098,27,0,0,223,0,0,0
20,63,8,0,8,0,0,0,0,0,0,0
20,64,1,3228.00029948089,478.758546133615,18,0,0,104,0,0,0
20,64,2,3406.81699306403,1714.11786297738,50,0,0,151,0,0,0
20,64,3,3292.71870905287,926.828379869513,36,0,0,86,0,0,0
20,64,4,3601.98028380471,2038.98935510584,3,0,0,108,0,0,0
20,64,5,4285.56136767596,2251.17928286249,88,0,0,166,0,0,0
20,64,6,4551.20548220273,1803.23509145218,116,0,0,126,0,0,0
20,64,7,20687.80501433,5529.94220201247,220,1,0,197,0,0,0
20,64,8,0,8,0,0,0,0,0,0,0
20,65,1,3204.17033406306,1035.93120536421,41,0,0,6,0,0,0
20,65,2,3410.53825882937,1004.45126349139,76,0,0,95,0,0,0
20,65,3,3274.06068430076,1316.55747765009,48,0,0,44,0,0,0
20,65,4,3602.31371585975,1295.18780483814,97,0,0,106,0,0,0
20,65,5,4307.20603347608,1216.13425136424,111,0,0,114,0,0,0
20,65,6,4578.71301290704,1977.89014888622,104,0,0,76,0,0,0
20,65,7,20728.7164570225,9514.78642609881,236,1,0,212,0,0,4
20,65,8,0,8,0,0,0,0,0,0,0
20,66,1,3196.5651005168,1589.15669220259,0,0,0,103,0,0,0
20,66,2,3402.2785785667,1306.23834023113,0,0,0,100,0,0,0
20,66,3,3275.30746452661,843.007112961546,0,0,0,131,0,0,0
20,66,4,3617.89832144095,1503.97969637395,0,0,0,129,0,0,0
20,66,5,4336.61291662813,1382.23529483228,0,0,0,121,0,0,0
20,66,6,4641.48220607137,2064.38588141659,0,0,0,197,0,0,0
20,66,7,20731.0885311478,5262.2127040034,53,0,0,230,0,0,0
20,66,8,0,8,0,0,0,0,0,0,0
20,67,1,3200.6985199756,1000.42354711548,63,0,0,83,0,0,0
20,67,2,3412.43954330804,1018.93235425438,8,0,0,120,0,0,0
20,67,3,3275.7317827019,1044.45411820135,5,0,0,78,0,0,0
20,67,4,3654.9813595685,1223.28993244051,6,0,0,143,0,0,0
20,67,5,4374.75374221,1417.50275460764,25,0,0,108,0,0,0
20,67,6,4712.97813301261,1180.23992860249,71,0,0,121,0,0,0
20,67,7,20802.4985528275,3808.25916586358,212,0,0,245,0,0,0
20,67,8,0,8,0,0,0,0,0,0,0
20,68,1,3191.41206403223,1274.60859019352,0,39,0,61,0,0,0
20,68,2,3406.80116451836,1151.75740286505,0,51,0,50,0,0,0
20,68,3,3267.72109911393,422.61268840562,0,53,0,51,0,0,0
20,68,4,3640.0002417414,951.999111585632,0,68,0,54,0,0,0
20,68,5,4379.03091561735,3010.63427376657,0,57,0,84,0,0,0
20,68,6,4716.53141975244,1496.70892877813,0,63,0,55,0,0,0
20,68,7,20804.9570222028,10886.3829592797,0,181,0,199,0,0,0
20,68,8,0,8,0,0,0,0,0,0,0
20,69,1,3196.67984448395,1241.62745994775,0,0,0,127,0,0,0
20,69,2,3416.54965893706,1778.26353102699,0,0,0,115,0,0,0
20,69,3,3265.94194653074,1215.55760165981,0,0,0,42,0,0,0
20,69,4,3655.10670382677,1529.43039621794,0,0,0,95,0,0,0
20,69,5,4453.88749841522,1641.96771235125,1,1,0,217,0,0,0
20,69,6,4774.40402415379,2273.33968865616,0,0,0,149,0,0,0
20,69,7,20859.3854475001,10638.231343179,22,1,0,292,0,0,0
20,69,8,0,8,0,0,0,0,0,0,0
20,70,1,3210.72225610911,872.577666185122,0,0,0,124,0,0,0
20,70,2,3459.27376338392,1090.29495287445,0,0,0,177,0,0,0
20,70,3,3289.00940259126,1379.37045117208,0,0,0,121,0,0,0
20,70,4,3697.81636337917,1113.68119696313,0,0,0,152,0,0,0
20,70,5,4524.86982696502,1526.75384190156,0,0,0,164,0,0,0
20,70,6,4859.30374881938,1680.82002992128,1,0,0,184,0,0,0
20,70,7,20902.1570667076,12793.7726219671,37,0,0,197,0,0,0
20,70,8,0,8,0,0,0,0,0,0,0
20,71,1,3207.80302238449,1836.66810092038,0,0,0,87,0,0,0
20,71,2,3468.93094427719,2045.03306399388,0,0,0,109,0,0,0
20,71,3,3308.86265457125,612.312274929719,0,0,0,137,0,0,0
20,71,4,3721.00879609107,2262.98122253541,0,0,0,111,0,0,0
20,71,5,4578.8293184264,983.909538470267,0,0,0,152,0,0,0
20,71,6,4926.56506590805,2131.65696141241,0,0,0,168,0,0,0
20,71,7,20940.9529054297,7217.36077011226,35,0,0,237,0,0,0
20,71,8,0,8,0,0,0,0,0,0,0
20,72,1,3239.37693867467,1807.84505687249,0,0,0,183,0,0,0
20,72,2,3507.02473522719,1488.11096405191,11,0,0,163,0,0,0
20,72,3,3308.6438915315,1367.51613174812,0,0,0,61,0,0,0
20,72,4,3751.90903907275,1794.55611017759,23,0,0,140,0,0,0
20,72,5,4603.08132359788,1697.32819093319,0,0,0,98,0,0,0
20,72,6,4996.20136430348,2387.19144924607,10,0,0,174,0,0,0
20,72,7,20979.8802233326,7135.99260276516,141,0,0,192,0,0,2
20,72,8,0,8,0,0,0,0,0,0,0
20,73,1,3229.45662953349,893.401920175863,137,0,0,30,0,0,0
20,73,2,3513.47343285228,2160.32135550861,57,0,0,86,0,0,0
20,73,3,3321.84993137952,1343.09452297228,44,0,0,88,0,0,0
20,73,4,3763.19467922119,1092.13047341121,84,0,0,87,0,0,0
20,73,5,4633.64676064396,1191.12228352963,70,0,0,92,0,0,0
20,73,6,5038.00927652803,2457.99477424497,123,0,0,103,0,0,0
20,73,7,21063.3476969114,16472.1611260436,363,0,0,314,0,0,0
20,73,8,0,8,0,0,0,0,0,0,0
20,74,1,3231.38959637734,1665.68503477567,0,0,0,89,0,0,0
20,74,2,3538.97504004521,1198.9727916952,0,0,0,206,0,0,0
20,74,3,3334.79624142172,1352.35180887628,0,0,0,134,0,0,0
20,74,4,3771.42738460333,1429.77006972578,0,0,0,109,0,0,0
20,74,5,4655.98488002289,2153.85769045166,0,0,0,119,0,0,0
20,74,6,5101.48831973278,1452.12609401777,1,0,0,204,0,0,0
20,74,7,21054.2945792698,8301.69517524942,44,0,0,197,0,0,0
20,74,8,0,8,0,0,0,0,0,0,0
20,75,1,3269.88642274611,2190.98312157103,0,0,0,166,0,0,0
20,75,2,3548.41274236107,2538.12800799905,0,0,0,119,0,0,0
20,75,3,3368.77511512327,1486.17462656083,0,0,0,135,0,0,0
20,75,4,3818.71500528378,1802.05444798195,0,0,0,141,0,0,0
20,75,5,4730.72483837844,2590.52813237001,11,0,0,180,0,0,0
20,75,6,5177.22678055036,1166.47750519734,0,0,0,145,0,0,0
20,75,7,21076.0495066193,9610.20983815296,155,1,0,178,0,0,6
20,75,8,0,8,0,0,0,0,0,0,0
20,76,1,3315.5717271018,1698.90274788531,0,0,0,219,0,0,0
20,76,2,3590.80908949237,1770.88676463137,9,0,0,166,0,0,0
20,76,3,3392.57921328696,752.243379340461,0,0,0,148,0,0,0
20,76,4,3876.4695662564,2666.16815821906,0,0,0,175,0,0,0
20,76,5,4808.99550437979,1588.78632378025,9,0,0,172,0,0,0
20,76,6,5241.22821413482,3881.12790301951,0,0,0,116,0,0,0
20,76,7,21104.9454062228,12429.0317314457,86,0,0,165,0,0,0
20,76,8,0,8,0,0,0,0,0,0,0
20,77,1,3341.98950454187,1932.50571459396,0,0,0,163,0,0,0
20,77,2,3608.71191051779,1800.94987227251,0,0,0,177,0,0,0
20,77,3,3388.35377261483,1205.46475545327,0,0,0,75,0,0,0
20,77,4,3934.47133576661,2559.9408909178,3,0,0,201,0,0,0
20,77,5,4859.13887286743,723.877582514969,0,0,0,158,0,0,0
20,77,6,5317.48756122845,1488.4358597215,10,0,0,202,0,0,0
20,77,7,21119.2307113613,8881.58490240939,58,0,0,202,0,0,2
20,77,8,0,8,0,0,0,0,0,0,0
20,78,1,3364.97486393829,1131.79347284121,0,1,0,186,0,0,0
20,78,2,3633.45022278979,852.183382837565,0,6,0,152,0,0,0
20,78,3,3398.8406747045,1591.9732763071,0,0,0,120,0,0,0
20,78,4,3984.51872230807,1616.86797259385,0,11,0,204,0,0,0
20,78,5,4865.94690606185,1310.4725644281,0,0,0,72,0,0,0
20,78,6,5356.35943048334,1041.88384405944,0,3,0,135,0,0,0
20,78,7,21155.4088719315,10203.7157652119,0,149,0,202,0,0,0
20,78,8,0,8,0,0,0,0,0,0,0
20,79,1,3373.73932666026,739.258035688858,0,0,0,113,0,0,0
20,79,2,3630.87018752129,921.501994672044,0,0,0,85,0,0,0
20,79,3,3413.1827135279,1485.61246328142,0,0,0,159,0,0,0
20,79,4,4000.37634602615,1588.66939083099,0,0,0,161,0,0,0
20,79,5,4895.027706455,2138.48303702747,0,0,0,131,0,0,0
20,79,6,5404.90803782227,2243.56563358832,0,0,0,104,0,0,0
20,79,7,21222.3986458604,14155.3826212543,26,0,0,253,0,0,0
20,79,8,0,8,0,0,0,0,0,0,0
20,80,1,3366.43361296836,1996.7744025652,0,0,0,73,0,0,0
20,80,2,3625.08476623158,1471.24849370035,0,0,0,92,0,0,0
20,80,3,3430.63884310222,1148.90250771273,0,0,0,148,0,0,0
20,80,4,4011.89673727819,2185.56214993699,0,0,0,158,0,0,0
20,80,5,4947.07815958707,2845.78101020145,0,0,0,213,0,0,0
20,80,6,5473.07896450866,2357.37308971426,0,0,0,224,0,0,0
20,80,7,21232.1326399827,10141.6554702668,30,0,0,180,0,0,0
20,80,8,0,8,0,0,0,0,0,0,0
20,81,1,3367.52238624991,1450.38236494667,0,101,0,98,0,0,0
20,81,2,3606.50782819103,638.24591603323,0,68,0,79,0,0,0
20,81,3,3420.12835903616,1538.24163426284,0,66,0,48,0,0,0
20,81,4,4028.95196857971,1066.27858478417,0,106,0,112,0,0,0
20,81,5,4977.18050930323,1998.09450765807,0,147,0,137,0,0,0
20,81,6,5512.73898110846,3298.90619009402,0,112,0,123,0,0,0
20,81,7,21279.0023103953,6449.92958222393,9,191,0,167,0,0,0
20,81,8,0,8,0,0,0,0,0,0,0
20,82,1,3410.07652603551,1786.6658333416,0,0,0,145,0,0,0
20,82,2,3617.75754250545,820.45547853576,0,0,0,63,0,0,0
20,82,3,3471.64570861338,1160.17622382826,0,0,0,153,0,0,0
20,82,4,4091.20533694104,1938.33342768885,0,0,0,106,0,0,0
20,82,5,5098.24650600219,2158.11915685937,0,0,0,186,0,0,0
20,82,6,5673.65249241928,1802.64182336772,7,0,0,224,0,0,0
20,82,7,21425.0280776948,11523.4515641869,25,0,0,259,0,0,0
20,82,8,0,8,0,0,0,0,0,0,0
20,83,1,3454.00517079034,1598.97752604679,0,0,0,178,0,0,0
20,83,2,3637.31940255894,2600.9673090904,0,0,0,82,0,0,0
20,83,3,3496.77771355796,1027.08232254056,0,0,0,116,0,0,0
20,83,4,4180.93742009332,2238.93013254666,0,0,0,191,0,0,0
20,83,5,5198.36123356153,1722.5620576857,0,0,0,192,0,0,0
20,83,6,5796.45043034685,2850.07617269777,0,0,0,170,0,0,0
20,83,7,21527.3609733619,13302.9741675925,27,0,0,195,0,0,0
20,83,8,0,8,0,0,0,0,0,0,0
20,84,1,3472.98868453198,947.598048992098,0,0,0,159,0,0,0
20,84,2,3670.25164545599,439.44861948304,1,0,0,216,0,0,0
20,84,3,3507.38279852898,2064.04215857266,0,0,0,102,0,0,0
20,84,4,4221.47579854532,712.599796767005,0,0,0,223,0,0,0
20,84,5,5253.02867805672,1803.85763556446,0,0,0,172,0,0,0
20,84,6,5895.67461253688,3712.29610236552,0,0,0,247,0,0,0
20,84,7,21596.1237360566,7399.0395896079,23,1,0,333,0,0,0
20,84,8,0,8,0,0,0,0,0,0,0
20,85,1,3487.99440833022,1256.36394142989,0,0,0,94,0,0,0
20,85,2,3670.11691471089,1553.84798268998,0,0,0,43,0,0,0
20,85,3,3565.94063183228,1815.41900056532,2,0,0,179,0,0,0
20,85,4,4244.70489963862,2782.29812908206,0,0,0,71,0,0,0
20,85,5,5344.92096587427,3664.7148682071,0,0,0,180,0,0,0
20,85,6,6017.22783803008,2634.408518636,19,0,0,180,0,0,0
20,85,7,21705.8487854762,16009.9308860369,52,0,0,223,0,0,0
20,85,8,0,8,0,0,0,0,0,0,0
20,86,1,3498.732109253,627.815377964663,0,0,0,125,0,0,0
20,86,2,3687.32910268327,1899.75111448961,0,0,0,155,0,0,0
20,86,3,3588.87173841649,2184.91780502425,0,0,0,181,0,0,0
20,86,4,4292.49043747647,1247.45382129349,2,0,0,196,0,0,0
20,86,5,5415.100937366,2453.42996126262,4,0,0,199,0,0,0
20,86,6,6104.35157002738,2601.36892303613,0,0,0,263,0,0,0
20,86,7,21749.9905983609,13644.1882861823,36,0,0,225,0,0,0
20,86,8,0,8,0,0,0,0,0,0,0
20,87,1,3501.47282362466,1859.1758501788,0,0,0,62,0,0,0
20,87,2,3727.1109131177,1470.74527213427,0,0,0,188,0,0,0
20,87,3,3637.16368098197,1349.0011422613,1,0,0,190,0,0,0
20,87,4,4329.75598398942,1747.38308451892,0,0,0,124,0,0,0
20,87,5,5497.94144278184,1784.68781514157,0,0,0,238,0,0,0
20,87,6,6195.43370891279,2114.96852745941,2,0,0,201,0,0,0
20,87,7,21796.0021207354,4863.55907364863,47,0,0,193,0,0,0
20,87,8,0,8,0,0,0,0,0,0,0
20,88,1,3547.70520667254,1004.65447987945,27,0,0,134,0,0,0
20,88,2,3774.83794244919,1987.38189976733,0,0,0,147,0,0,0
20,88,3,3684.62863883222,1560.07924564134,0,0,0,134,0,0,0
20,88,4,4403.89409032034,2258.48168861868,17,0,0,142,0,0,0
20,88,5,5604.77959574668,2225.85840137824,25,0,0,130,0,0,0
20,88,6,6336.25565911841,3291.5771016389,31,0,0,152,0,0,0
20,88,7,21901.1166247814,10721.6532331804,173,0,0,156,0,0,0
20,88,8,0,8,0,0,0,0,0,0,0
20,89,1,3570.14544071693,2015.09818659228,0,0,0,100,0,0,0
20,89,2,3827.99714346057,2962.72460673963,0,0,0,198,0,0,0
20,89,3,3727.09281701849,2153.88895711068,0,0,0,156,0,0,0
20,89,4,4502.67462020497,1889.63726621195,0,0,0,225,0,0,0
20,89,5,5737.76559483394,2868.54219909843,0,0,0,210,0,0,0
20,89,6,6464.15030443336,2884.47280858641,5,0,0,197,0,0,0
20,89,7,21973.0074179813,11088.4973931335,40,0,0,194,0,0,0
20,89,8,0,8,0,0,0,0,0,0,0
20,90,1,3631.84787848236,897.314395892348,0,0,0,200,0,0,0
20,90,2,3895.42682633326,2069.99261893789,0,0,0,248,0,0,3
20,90,3,3761.56631728947,1744.42893312437,0,0,0,195,0,0,0
20,90,4,4589.91852061338,1730.17996268671,0,0,0,188,0,0,0
20,90,5,5860.4705857089,4527.98278727721,1,0,0,193,0,0,0
20,90,6,6645.25769714918,2549.45086076153,1,0,0,245,0,0,0
20,90,7,22083.5322843956,9027.03572307804,34,0,0,190,0,0,0
20,90,8,0,8,0,0,0,0,0,0,0
20,91,1,3651.27736478875,2415.90347240816,0,0,0,89,0,0,0
20,91,2,3934.05599320979,2118.90935391632,9,0,0,168,0,0,0
20,91,3,3799.77968811477,1903.18571918901,2,0,0,165,0,0,0
20,91,4,4651.21889104118,1180.37383219897,3,0,0,157,0,0,0
20,91,5,5972.52022505348,3052.18388495679,64,0,0,177,0,0,0
20,91,6,6766.65397805404,894.636466379922,15,0,0,172,0,0,0
20,91,7,22183.2743673789,12584.6476704805,157,0,0,219,0,0,0
20,91,8,0,8,0,0,0,0,0,0,0
20,92,1,3685.17300025768,1927.60829960413,0,0,0,224,0,0,0
20,92,2,3970.83823192235,1156.82558964696,0,0,0,209,0,0,0
20,92,3,3825.4163395552,1715.81848273391,0,0,0,190,0,0,0
20,92,4,4657.8371630251,1782.7064095205,0,0,0,118,0,0,0
20,92,5,6060.84978023583,3729.6945955954,6,0,0,183,0,0,0
20,92,6,6807.64617794658,1948.20611614104,0,0,0,89,0,0,0
20,92,7,22241.9124747236,9888.12087699456,59,0,0,206,0,0,0
20,92,8,0,8,0,0,0,0,0,0,0
20,93,1,3701.77411502656,2093.21935931873,54,0,0,122,0,0,0
20,93,2,3975.81182220966,1307.38774890724,2,0,0,113,0,0,0
20,93,3,3833.88850910439,2038.19085801768,42,0,0,116,0,0,0
20,93,4,4698.55403106659,428.40893185381,36,0,0,131,0,0,0
20,93,5,6123.17075571296,2338.1970382103,166,0,0,157,0,0,0
20,93,6,6877.67808573533,3312.5271597457,52,0,0,127,0,0,0
20,93,7,22306.8220515643,14239.2770086699,191,5,0,194,0,0,13
20,93,8,0,8,0,0,0,0,0,0,0
20,94,1,3719.5052218391,1947.27372220492,0,0,0,209,0,0,0
20,94,2,3981.48545213773,1127.11602578473,0,0,0,130,0,0,0
20,94,3,3855.16638619622,1259.5043722294,1,0,0,188,0,0,0
20,94,4,4695.4765800291,2700.21937657534,0,0,0,42,0,0,0
20,94,5,6211.89593499646,2732.12644778149,0,0,0,223,0,0,0
20,94,6,6996.17314139142,885.422666785715,4,0,0,259,0,0,0
20,94,7,22333.8440569761,7509.36137253053,77,0,0,228,0,0,0
20,94,8,0,8,0,0,0,0,0,0,0
20,95,1,3772.44000422558,2248.55009713109,11,0,0,161,0,0,0
20,95,2,4009.79164431856,950.731747475117,0,0,0,112,0,0,0
20,95,3,3886.97674066888,1381.73621253322,0,0,0,125,0,0,0
20,95,4,4804.06884418797,1927.74526314738,29,0,0,183,0,0,0
20,95,5,6336.92124754228,2256.88883585704,37,0,0,161,0,0,0
20,95,6,7064.51147951604,3029.96406186766,0,0,0,88,0,0,0
20,95,7,22427.6165028409,9570.79622727102,161,0,0,187,0,0,11
20,95,8,0,8,0,0,0,0,0,0,0
20,96,1,3827.21613110442,1564.90017389148,7,0,0,164,0,0,0
20,96,2,4025.92580213603,1315.67794850893,0,0,0,95,0,0,0
20,96,3,3939.8366009474,1424.54173087174,0,0,0,138,0,0,0
20,96,4,4938.23315413962,2507.11732386925,0,0,0,192,0,0,0
20,96,5,6503.04321593861,2047.90919174055,6,0,0,168,0,0,0
20,96,6,7363.59889204487,1213.65161211603,6,0,0,248,0,0,0
20,96,7,22560.6064445291,11167.7914503274,92,0,0,169,0,0,0
20,96,8,0,8,0,0,0,0,0,0,0
20,97,1,3840.50078558148,1950.68423107611,0,0,0,156,0,0,0
20,97,2,4056.58461633432,1362.14318601158,0,0,0,131,0,0,0
20,97,3,3921.83935044131,1926.354435782,0,0,0,142,0,0,0
20,97,4,4996.55253640283,1691.18041595591,2,0,0,204,0,0,0
20,97,5,6623.01438347014,2383.37053579716,0,0,0,204,0,0,0
20,97,6,7426.67953954131,2441.20118398063,0,0,0,121,0,0,0
20,97,7,22618.1092463097,8955.33386617983,56,0,0,227,0,0,0
20,97,8,0,8,0,0,0,0,0,0,0
20,98,1,3918.48369748862,1744.4939997377,0,0,0,192,0,0,0
20,98,2,4105.8582995104,2006.50126184363,0,0,0,136,0,0,0
20,98,3,4005.63388783125,2095.16342770493,3,0,0,168,0,0,0
20,98,4,5139.56984146943,1890.26117757871,0,0,0,169,0,0,0
20,98,5,6845.59208202061,1955.83058841409,6,0,0,196,0,0,0
20,98,6,7665.34185075281,2887.28378822131,5,0,0,206,0,0,0
20,98,7,22718.126142009,9929.95082191114,105,0,0,171,0,0,0
20,98,8,0,8,0,0,0,0,0,0,0
20,99,1,3975.76075411708,1507.9058416775,0,0,0,174,0,0,0
20,99,2,4168.98088765908,1191.77386736837,0,0,0,200,0,0,0
20,99,3,4085.70667631156,858.572145594432,3,0,0,177,0,0,0
20,99,4,5313.5569881577,2426.76066305734,1,0,0,176,0,0,0
20,99,5,7055.61577758939,4264.61860870974,0,0,0,190,0,0,0
20,99,6,7984.53703524973,4084.27212887629,7,0,0,209,0,0,2
20,99,7,22928.4082826119,10383.2700973623,75,0,0,246,0,0,0
20,99,8,0,8,0,0,0,0,0,0,0
20,100,1,3981.37925476172,1818.11313748586,0,0,0,150,0,0,0
20,100,2,4178.42465340491,1373.84696679694,0,0,0,119,0,0,0
20,100,3,4107.75508928176,2684.57002389707,0,0,0,85,0,0,0
20,100,4,5362.41009990772,1292.32968658746,0,4,0,163,0,0,0
20,100,5,7234.10776715201,1664.08853921729,0,11,0,226,0,0,0
20,100,6,8174.31276219133,2988.51574385076,0,10,0,213,0,0,0
20,100,7,23018.9070207316,9603.29604074704,0,47,0,191,0,0,0
20,100,8,0,8,0,0,0,0,0,0,0
21,1,1,2804.3376,1130.01117078856,0,0,0,67,0,0,0
21,1,2,2790.6736,818.539657292002,0,0,0,9,0,0,0
21,1,3,2810.384,1354.70108848662,0,0,0,99,0,0,0
21,1,4,2807.3344,1464.5670812759,0,0,0,99,0,0,0
21,1,5,2803.992,1534.34299920485,0,0,0,62,0,0,0
21,1,6,2791.1936,1587.49418125218,0,0,0,12,0,0,0
21,1,7,20269.5487999999,6217.81067543261,0,0,0,46,0,0,0
21,1,8,0,1,0,0,0,96,0,0,0
21,2,1,2813.3696,1754.47662036107,0,0,0,113,0,0,0
21,2,2,2792.3616,955.321594048543,0,0,0,81,0,0,0
21,2,3,2826.448,946.38798554989,0,0,0,135,0,0,0
21,2,4,2825.83487999999,1098.12879571001,0,0,0,146,0,0,0
21,2,5,2822.57759999999,1358.84885978225,0,0,0,153,0,0,0
21,2,6,2807.7232,1031.55984681371,0,0,0,158,0,0,0
21,2,7,20217.6380799998,9954.86646870605,11,7,0,217,0,0,0
21,2,8,0,1,0,0,0,0,0,0,0
21,3,1,2829.37088,408.949251005035,0,3,0,154,0,0,0
21,3,2,2797.503744,1548.29975163728,0,0,0,95,0,0,0
21,3,3,2832.0976,1041.34622796793,0,0,0,94,0,0,0
21,3,4,2835.88287999999,1043.66708008663,0,0,0,109,0,0,0
21,3,5,2835.89279999999,1443.80056978485,0,0,0,135,0,0,0
21,3,6,2814.49119999999,693.772463336284,0,0,0,103,0,0,0
21,3,7,20164.8323839998,8116.52522593701,0,134,0,227,0,0,0
21,3,8,0,1,0,0,0,0,0,0,0
21,4,1,2824.78688,1147.98133717279,0,0,0,40,0,0,0
21,4,2,2815.725824,1079.95144710485,0,0,0,154,0,0,0
21,4,3,2839.4816,470.378420644729,0,0,0,104,0,0,0
21,4,4,2844.73888,1037.96112371549,0,0,0,104,0,0,0
21,4,5,2851.94431999999,1115.42733137099,0,0,0,144,0,0,0
21,4,6,2813.3712,1727.84110207361,0,0,0,69,0,0,0
21,4,7,20130.1648639997,4779.50214643613,31,0,0,191,0,0,0
21,4,8,0,1,0,0,0,0,0,0,0
21,5,1,2818.31808,1753.53867590201,0,66,0,48,0,0,0
21,5,2,2811.181824,1299.6969521297,0,42,0,65,0,0,0
21,5,3,2830.7856,373.105114045448,0,23,0,24,0,0,0
21,5,4,2840.53248,1046.0645348759,0,46,0,57,0,0,0
21,5,5,2849.48255999999,1127.10451173905,0,44,0,67,0,0,0
21,5,6,2815.184,777.196280917416,0,84,0,88,0,0,0
21,5,7,20084.7648639997,9637.22495880253,3,179,0,193,0,0,0
21,5,8,0,1,0,0,0,0,0,0,0
21,6,1,2841.48447999999,1627.06581764666,0,0,0,175,0,0,0
21,6,2,2830.487424,1139.8753697642,0,0,0,129,0,0,0
21,6,3,2830.1952,1235.74042814554,0,0,0,37,0,0,0
21,6,4,2854.10047999999,1303.78568287534,0,0,0,104,0,0,0
21,6,5,2868.32863999999,1269.30969487389,0,0,0,112,0,0,0
21,6,6,2824.69857279999,1391.72873938549,0,0,0,77,0,0,0
21,6,7,20075.8838399997,10882.7163515436,25,0,0,222,0,0,0
21,6,8,0,1,0,0,0,0,0,0,0
21,7,1,2863.14489599999,1369.15542743469,0,0,0,162,0,0,0
21,7,2,2843.766144,1458.35225647715,0,0,0,113,0,0,0
21,7,3,2846.16639999999,1246.71858461407,0,0,0,123,0,0,0
21,7,4,2873.62655999999,1357.756530346,0,0,0,130,0,0,0
21,7,5,2886.88223999999,1111.00833189135,0,0,0,126,0,0,0
21,7,6,2846.88417279999,1071.43190589225,0,0,0,139,0,0,0
21,7,7,20092.0486399997,3948.76621977397,13,4,0,343,0,0,0
21,7,8,0,1,0,0,0,0,0,0,0
21,8,1,2876.738176,624.098085775891,23,0,0,109,0,0,0
21,8,2,2856.576064,650.863820598588,38,0,0,100,0,0,0
21,8,3,2863.96704,1238.09359664493,8,0,0,115,0,0,0
21,8,4,2891.848256,795.129628839962,7,0,0,127,0,0,0
21,8,5,2895.50918399999,1462.2479738184,34,0,0,70,0,0,0
21,8,6,2864.7760128,1267.47783486075,0,0,0,107,0,0,0
21,8,7,20068.7222399996,8804.14830083345,208,0,0,145,0,0,0
21,8,8,0,1,0,0,0,0,0,0,0
21,9,1,2877.8304,1327.80868218047,0,0,0,62,0,0,0
21,9,2,2856.02246400001,1215.97123447328,0,0,0,65,0,0,0
21,9,3,2878.61983999999,700.339487850614,0,0,0,123,0,0,0
21,9,4,2899.0417152,1064.05255573072,0,0,0,79,0,0,0
21,9,5,2915.48607999999,663.719781403941,0,0,0,146,0,0,0
21,9,6,2879.4391168,478.274057706627,0,0,0,126,0,0,0
21,9,7,20048.7779199995,6810.44562812999,42,0,0,185,0,0,0
21,9,8,0,1,0,0,0,0,0,0,0
21,10,1,2890.281984,628.462506009152,0,0,0,132,0,0,0
21,10,2,2867.00812800001,971.140005183555,0,0,0,121,0,0,0
21,10,3,2881.96383999999,1143.05254029317,0,0,0,70,0,0,0
21,10,4,2907.8033152,1539.97805517048,0,0,0,106,0,0,0
21,10,5,2918.50815999999,1638.20552160652,0,0,0,66,0,0,0
21,10,6,2881.8647168,1577.86668222388,0,0,0,47,0,0,0
21,10,7,20024.7171199995,5768.90957661354,65,0,0,173,0,0,0
21,10,8,0,1,0,0,0,0,0,0,0
21,11,1,2887.856064,845.99303800952,0,0,0,62,0,0,0
21,11,2,2874.61510400001,1442.38907708789,0,0,0,97,0,0,0
21,11,3,2894.5696,735.191129599231,0,0,0,114,0,0,0
21,11,4,2924.4131712,1333.69556240496,8,0,0,138,0,0,0
21,11,5,2938.72352,433.96249959777,3,0,0,158,0,0,0
21,11,6,2907.8929408,939.090178057502,0,0,0,156,0,0,0
21,11,7,20017.9808639994,11091.9225262636,185,0,0,225,0,0,0
21,11,8,0,1,0,0,0,0,0,0,0
21,12,1,2887.053824,1500.02307376591,0,0,0,84,0,0,0
21,12,2,2884.30566400001,1342.98946685238,0,0,0,144,0,0,0
21,12,3,2897.795264,1515.21376432078,0,0,0,73,0,0,0
21,12,4,2935.7171712,2137.14514426569,0,0,0,133,0,0,0
21,12,5,2930.5712,711.156277417357,0,0,0,43,0,0,0
21,12,6,2916.4292608,586.149305358112,0,0,0,93,0,0,0
21,12,7,20013.1345279994,11596.1741286445,47,0,0,232,0,0,0
21,12,8,0,1,0,0,0,0,0,0,0
21,13,1,2904.8476032,1654.63256071323,0,0,0,150,0,0,0
21,13,2,2893.84006400001,910.735338915647,0,0,0,134,0,0,0
21,13,3,2912.400512,1301.1339127991,0,0,0,151,0,0,0
21,13,4,2964.92171008001,967.594632061482,0,0,0,212,0,0,0
21,13,5,2928.812096,1370.91215609227,0,0,0,71,0,0,0
21,13,6,2914.0642048,1394.16929398394,0,0,0,58,0,0,0
21,13,7,20004.9731711993,9639.30046589971,47,0,0,203,0,0,2
21,13,8,0,1,0,0,0,0,0,0,0
21,14,1,2923.625088,1339.76585304102,0,0,0,165,0,0,0
21,14,2,2895.45082880001,925.908232397107,0,0,0,91,0,0,0
21,14,3,2919.99431680001,1855.20670291674,0,0,0,130,0,0,0
21,14,4,2968.31356672001,1484.68515946792,0,0,0,96,0,0,0
21,14,5,2944.965888,1237.99637598281,0,0,0,137,0,0,0
21,14,6,2932.2156032,1177.94994988122,0,0,0,139,0,0,0
21,14,7,19988.9453311993,6350.11060977316,148,0,0,181,0,0,2
21,14,8,0,1,0,0,0,0,0,0,0
21,15,1,2932.4353792,1724.60481940274,13,0,0,117,0,0,0
21,15,2,2890.49971200001,1651.00669529667,0,0,0,92,0,0,0
21,15,3,2930.84431360001,722.638588343621,24,0,0,154,0,0,0
21,15,4,2970.87587072001,1011.7235010537,19,0,0,123,0,0,0
21,15,5,2954.7731712,1127.06735151987,0,0,0,123,0,0,0
21,15,6,2942.2530944,1027.98318052231,2,0,0,115,0,0,0
21,15,7,19992.5376511992,6796.43871759084,277,0,0,274,0,0,0
21,15,8,0,1,0,0,0,0,0,0,0
21,16,1,2941.87787520001,1418.98584327534,3,0,0,153,0,0,0
21,16,2,2909.57861120001,594.069248800944,0,0,0,165,0,0,0
21,16,3,2923.87669760001,1474.2257670889,0,0,0,72,0,0,0
21,16,4,2973.39275212802,1925.66152779336,0,0,0,101,0,0,0
21,16,5,2959.2000512,881.40871187941,0,0,0,112,0,0,0
21,16,6,2950.76270080001,1028.99021885655,0,0,0,102,0,0,0
21,16,7,19985.9599871991,6611.33699283385,124,0,0,166,0,0,0
21,16,8,0,1,0,0,0,0,0,0,0
21,17,1,2948.80120320001,1755.76316296896,0,0,0,141,0,0,0
21,17,2,2898.97062400001,1715.28184139087,0,0,0,59,0,0,0
21,17,3,2931.17286656001,1609.96996310759,0,0,0,147,0,0,0
21,17,4,2975.19589017602,1110.58762705284,0,5,0,150,0,0,0
21,17,5,2953.2722304,875.333296090403,0,0,0,88,0,0,0
21,17,6,2954.13358080001,1116.25311369125,0,0,0,102,0,0,0
21,17,7,19974.9162111991,9599.04985976034,0,78,0,178,0,0,0
21,17,8,0,1,0,0,0,0,0,0,0
21,18,1,2969.59074560001,1275.90708737342,0,0,0,175,0,0,0
21,18,2,2908.01444864001,1919.9940638237,0,0,0,171,0,0,0
21,18,3,2942.03234560001,1498.41383437808,0,0,0,160,0,0,0
21,18,4,2972.83162716162,611.01302372302,0,0,0,111,0,0,0
21,18,5,2945.4803072,1522.37107391376,0,0,0,87,0,0,0
21,18,6,2961.31408384001,1283.49469008008,0,0,0,111,0,0,0
21,18,7,19981.774835199,14693.290485927,24,2,0,213,0,0,0
21,18,8,0,1,0,0,0,0,0,0,0
21,19,1,2975.28308480001,1303.47746530226,0,0,0,127,0,0,0
21,19,2,2924.45590784002,1204.80085823589,0,0,0,179,0,0,0
21,19,3,2946.08103424001,1377.05512520564,0,0,0,149,0,0,0
21,19,4,2964.30213928962,330.689396787771,0,0,0,61,0,0,0
21,19,5,2955.65133219841,967.639962764471,0,0,0,152,0,0,0
21,19,6,2969.48605184001,1383.15194824061,0,0,0,128,0,0,0
21,19,7,19981.034035199,13296.0934898795,0,47,0,201,0,0,0
21,19,8,0,1,0,0,0,0,0,0,0
21,20,1,2977.06177280001,1528.38724358037,0,0,0,130,0,0,0
21,20,2,2924.41438464002,1572.0625608925,0,0,0,120,0,0,0
21,20,3,2948.17691699201,1718.59159191355,0,0,0,136,0,0,0
21,20,4,2949.88535848962,1604.16581384588,0,0,0,33,0,0,0
21,20,5,2950.16653219841,1206.41343438703,0,0,0,96,0,0,0
21,20,6,2979.16824320001,1673.02519818425,0,0,0,138,0,0,0
21,20,7,20004.993715199,10199.6972422868,0,377,0,366,0,0,0
21,20,8,0,1,0,0,0,0,0,0,0
21,21,1,2989.60257280001,461.486802829444,0,0,0,152,0,0,0
21,21,2,2939.12811161602,1285.19293018392,0,0,0,157,0,0,0
21,21,3,2966.57104691201,1163.37812916908,0,0,0,171,0,0,0
21,21,4,2965.35909249436,1073.94035127904,0,0,0,160,0,0,0
21,21,5,2956.45985103873,506.352479637118,0,0,0,120,0,0,0
21,21,6,3003.97854720001,1183.0363784,0,0,0,167,0,0,0
21,21,7,20051.7305318389,10020.0832059094,30,0,0,248,0,0,0
21,21,8,0,1,0,0,0,0,0,0,0
21,22,1,2977.34744320001,985.106831053566,0,0,0,46,0,0,0
21,22,2,2944.14116618242,1206.22591132841,0,0,0,128,0,0,0
21,22,3,2969.82151475201,537.341707039769,0,0,0,116,0,0,0
21,22,4,2970.42796194367,686.531452036826,0,0,0,107,0,0,0
21,22,5,2951.04488527873,1669.55442649546,0,0,0,50,0,0,0
21,22,6,3019.04584192001,1628.51189696965,0,0,0,118,0,0,0
21,22,7,20085.7483878389,5479.16101569391,27,0,0,211,0,0,1
21,22,8,0,1,0,0,0,0,0,0,0
21,23,1,2977.33075968001,799.178500326364,0,0,0,98,0,0,0
21,23,2,2946.71471984642,2137.10198738661,0,0,0,120,0,0,0
21,23,3,2954.24840652801,1220.16484834551,0,0,0,53,0,0,0
21,23,4,2962.50798846527,1477.1127034029,0,0,0,68,0,0,0
21,23,5,2973.60924751873,335.663044030103,0,0,0,166,0,0,0
21,23,6,3041.81922252802,1471.9298253685,0,0,0,162,0,0,0
21,23,7,20116.2156646389,8883.3671812357,48,0,0,216,0,0,0
21,23,8,0,1,0,0,0,0,0,0,0
21,24,1,2973.31852748801,417.137033590941,0,0,0,79,0,0,0
21,24,2,2958.60108195842,1716.54530712065,2,0,0,171,0,0,0
21,24,3,2951.78811852801,903.075491965356,0,0,0,122,0,0,0
21,24,4,2963.3542148727,1981.6112498965,0,0,0,147,0,0,0
21,24,5,2957.66176591873,888.865955654664,0,0,0,33,0,0,0
21,24,6,3056.40039884802,1594.07632055761,0,0,0,147,0,0,0
21,24,7,20126.2687206389,5414.27685534648,35,0,0,180,0,0,3
21,24,8,0,1,0,0,0,0,0,0,0
21,25,1,2962.96029388801,571.859838478167,0,0,0,41,0,0,0
21,25,2,2971.69158318082,941.733450750816,0,0,0,171,0,0,0
21,25,3,2945.10961582081,655.286018167248,0,0,0,90,0,0,0
21,25,4,2979.75842087913,1361.61094158424,1,0,0,193,0,0,0
21,25,5,2958.25431631873,1341.00674305994,0,0,0,88,0,0,0
21,25,6,3074.72975093762,979.387681751119,0,0,0,159,0,0,0
21,25,7,20134.7450086388,7956.96893937371,73,0,0,175,0,0,0
21,25,8,0,1,0,0,0,0,0,0,0
21,26,1,2953.06096025602,1145.01139996435,0,0,0,57,0,0,0
21,26,2,2963.80851681282,1039.23736785173,0,0,0,94,0,0,0
21,26,3,2931.03920046081,1646.89957152436,0,0,0,65,0,0,0
21,26,4,2979.3750430327,1245.6918613382,0,0,0,136,0,0,0
21,26,5,2968.10457644648,1559.46241273976,0,0,0,134,0,0,0
21,26,6,3078.12150784002,1516.2484309308,0,0,0,97,0,0,0
21,26,7,20145.0228121588,7759.82100522963,1,35,0,188,0,0,0
21,26,8,0,1,0,0,0,0,0,0,0
21,27,1,2937.25253427202,609.159397176658,0,61,0,53,0,0,0
21,27,2,2949.99575601154,957.117805402497,0,39,0,64,0,0,0
21,27,3,2920.58956451841,749.818279266684,0,88,0,76,0,0,0
21,27,4,2963.94172879273,1003.77212987381,0,68,0,56,0,0,0
21,27,5,2969.69861420648,1062.18095902295,0,63,0,92,0,0,0
21,27,6,3071.2606074061,551.861495162426,0,77,0,74,0,0,0
21,27,7,20216.3490851827,7797.56590708469,0,361,0,414,0,0,0
21,27,8,0,1,0,0,0,0,0,0,0
21,28,1,2938.28556646402,436.631250391218,0,0,0,60,0,0,0
21,28,2,2962.58606739868,776.369832783639,0,0,0,95,0,0,0
21,28,3,2924.52732323841,1442.41123867847,0,0,0,74,0,0,0
21,28,4,2983.21081284397,1777.25306420892,0,0,0,100,0,0,0
21,28,5,2987.70168630888,1809.41961608119,0,0,0,106,0,0,0
21,28,6,3082.2347416781,679.198399076938,0,0,0,55,0,0,0
21,28,7,20269.0459551731,5891.69577388328,34,0,0,214,0,0,0
21,28,8,0,1,0,0,0,0,0,0,0
21,29,1,2934.04303820802,476.287901988452,0,0,0,43,0,0,0
21,29,2,2961.96746244507,1394.98798350622,0,0,0,77,0,0,0
21,29,3,2948.16551948289,1341.85056779475,0,0,0,144,0,0,0
21,29,4,3017.88343691191,1076.95911270786,1,0,0,169,0,0,0
21,29,5,3022.08788596328,1223.36628028075,0,0,0,180,0,0,0
21,29,6,3095.2896192717,560.427981561333,0,0,0,67,0,0,0
21,29,7,20307.2859577331,2541.78878994583,56,0,0,185,0,0,0
21,29,8,0,1,0,0,0,0,0,0,0
21,30,1,2924.64697804802,1175.02640944102,0,0,0,47,0,0,0
21,30,2,2967.93797523867,1796.71816956542,13,0,0,121,0,0,0
21,30,3,2957.99856979969,1294.43591700083,0,0,0,134,0,0,0
21,30,4,3028.10223601591,1399.6682203891,0,0,0,107,0,0,0
21,30,5,3039.81458087528,2019.19442963424,0,0,0,122,0,0,0
21,30,6,3098.9289536717,1121.10297937432,0,0,0,56,0,0,0
21,30,7,20330.0910777331,9892.07763783362,66,0,0,161,0,0,0
21,30,8,0,1,0,0,0,0,0,0,0
21,31,1,2934.21381836802,1835.52075447216,0,0,0,117,0,0,0
21,31,2,2988.76017252354,1438.98569231936,0,0,0,179,0,0,0
21,31,3,2970.30975776769,1379.90663963632,0,0,0,129,0,0,0
21,31,4,3041.81871490098,1841.76940554077,0,0,0,139,0,0,0
21,31,5,3071.99867458439,1110.88972706811,0,0,0,187,0,0,0
21,31,6,3116.16653131778,653.404781541842,0,0,0,112,0,0,0
21,31,7,20374.2840572096,7759.89285433936,28,0,0,234,0,0,0
21,31,8,0,1,0,0,0,0,0,0,0
21,32,1,2962.11327838209,1348.76504988655,0,0,0,181,0,0,0
21,32,2,3009.13875290114,1174.19595168849,0,0,0,143,0,0,0
21,32,3,2990.87815190529,1707.88270140499,0,0,0,137,0,0,0
21,32,4,3070.00331103592,960.584025019729,0,0,0,184,0,0,0
21,32,5,3088.86860292999,925.721124285173,0,0,0,111,0,0,0
21,32,6,3124.76407627778,1697.76511075334,0,0,0,65,0,0,0
21,32,7,20432.6170248629,14880.3651171418,32,0,0,267,0,0,0
21,32,8,0,1,0,0,0,0,0,0,0
21,33,1,2971.76134547048,1197.93931728476,0,0,0,134,0,0,0
21,33,2,3016.89740470274,1124.59900751952,0,0,0,117,0,0,0
21,33,3,3003.11732359661,1450.18764195238,0,0,0,170,0,0,0
21,33,4,3070.59799559811,2080.36442260304,0,0,0,96,0,0,0
21,33,5,3094.85692984199,1125.80056861115,0,0,0,92,0,0,0
21,33,6,3149.59554871298,847.013756882812,0,0,0,165,0,0,0
21,33,7,20458.1791752629,10833.6677408917,31,0,0,205,0,0,0
21,33,8,0,1,0,0,0,0,0,0,0
21,34,1,2986.4903447716,1728.36253090004,0,0,0,119,0,0,0
21,34,2,3031.29294883227,1611.39985116176,0,0,0,112,0,0,0
21,34,3,3023.20258081261,1696.43178456296,0,0,0,145,0,0,0
21,34,4,3106.46945510254,1342.66130458913,0,0,0,201,0,0,0
21,34,5,3108.93791331207,1281.03101636168,0,0,0,112,0,0,0
21,34,6,3162.11389648898,614.614324138622,0,0,0,84,0,0,0
21,34,7,20490.2722405813,8321.52548220875,91,0,0,191,0,0,0
21,34,8,0,1,0,0,0,0,0,0,0
21,35,1,2996.7240132772,1269.93960974732,42,0,0,114,0,0,0
21,35,2,3038.49584544155,1699.85694437289,20,0,0,133,0,0,0
21,35,3,3041.0797017676,1274.02894848824,16,0,0,146,0,0,0
21,35,4,3112.98118765868,577.731310217739,6,0,0,125,0,0,0
21,35,5,3120.58618375047,1740.10160056419,0,0,0,128,0,0,0
21,35,6,3161.92323997698,1685.12666482345,0,0,0,61,0,0,0
21,35,7,20561.8418815412,6599.83824661288,318,0,0,386,0,0,0
21,35,8,0,1,0,0,0,0,0,0,0
21,36,1,3007.98580049512,1468.96196747757,0,0,0,126,0,0,0
21,36,2,3044.28240661301,2071.27116031264,14,0,0,146,0,0,0
21,36,3,3042.55915759352,1328.96926314236,0,0,0,126,0,0,0
21,36,4,3103.18401831679,1087.03448257317,0,0,0,57,0,0,0
21,36,5,3134.21368992647,1094.45081978626,20,0,0,140,0,0,0
21,36,6,3189.55459131803,994.752666709321,2,0,0,165,0,0,0
21,36,7,20611.2753489332,13598.8286101813,240,0,0,247,0,0,0
21,36,8,0,1,0,0,0,0,0,0,0
21,37,1,3022.48401297,1242.493326161,0,0,0,146,0,0,0
21,37,2,3055.54960030025,1916.86575374625,0,0,0,187,0,0,0
21,37,3,3047.15401608952,822.052298492417,0,0,0,132,0,0,0
21,37,4,3099.42371609097,1685.58054952313,0,0,0,108,0,0,0
21,37,5,3134.54219936647,1345.89561485805,0,0,0,109,0,0,0
21,37,6,3194.87525487003,982.162140192161,0,0,0,99,0,0,0
21,37,7,20658.8176444852,7286.91228287168,39,0,0,279,0,0,0
21,37,8,0,1,0,0,0,0,0,0,0
21,38,1,3033.00906557032,1419.7983626428,0,0,0,124,0,0,0
21,38,2,3074.82623537972,1230.18089464363,8,0,0,162,0,0,0
21,38,3,3044.44523686034,1581.66629059189,0,0,0,82,0,0,0
21,38,4,3116.18594916149,834.101530472106,0,0,0,168,0,0,0
21,38,5,3144.39592353056,2015.44138517231,0,0,0,134,0,0,0
21,38,6,3210.3351515998,841.145112083673,0,0,0,98,0,0,0
21,38,7,20695.9322490497,10228.1902220649,158,0,0,191,0,0,0
21,38,8,0,1,0,0,0,0,0,0,0
21,39,1,3059.0541223076,1215.9264168436,0,0,0,141,0,0,0
21,39,2,3091.94651578589,1321.93240613503,0,0,0,123,0,0,0
21,39,3,3069.27480561564,1683.4648232272,0,0,0,158,0,0,0
21,39,4,3115.42935140288,1136.15972688062,0,0,0,83,0,0,0
21,39,5,3172.2548697596,1842.48619817367,0,0,0,161,0,0,3
21,39,6,3224.07938152876,2447.45270867863,0,0,0,84,0,0,0
21,39,7,20760.758434495,9117.19783253577,54,0,0,214,0,0,0
21,39,8,0,1,0,0,0,0,0,0,0
21,40,1,3070.448165802,1149.22614248835,0,0,0,121,0,0,0
21,40,2,3096.45733991247,1733.10792221172,0,0,0,132,0,0,0
21,40,3,3084.56116654488,1783.60064594944,1,0,0,155,0,0,0
21,40,4,3118.27375748003,1037.16834393443,0,0,0,113,0,0,0
21,40,5,3196.9522324834,1271.00059324535,0,0,0,174,0,0,0
21,40,6,3252.89249071949,2029.22365755319,14,0,0,149,0,0,0
21,40,7,20799.6060181047,5688.62210759346,116,0,0,169,0,0,0
21,40,8,0,1,0,0,0,0,0,0,0
21,41,1,3081.8972012939,1294.64475553231,0,0,0,114,0,0,0
21,41,2,3112.36821096885,705.945319538211,12,0,0,151,0,0,0
21,41,3,3098.39734102026,842.203797077014,11,0,0,157,0,0,0
21,41,4,3118.48593854364,947.731181582835,0,0,0,103,0,0,0
21,41,5,3214.00775387727,1409.69694423928,0,0,0,127,0,0,0
21,41,6,3280.91695843006,1761.16038831812,30,0,0,148,0,0,0
21,41,7,20851.5167832836,7935.47206696517,159,0,0,193,0,0,23
21,41,8,0,1,0,0,0,0,0,0,0
21,42,1,3097.06426841761,725.067077740813,0,0,0,129,0,0,0
21,42,2,3105.62536732752,970.324349149551,0,0,0,70,0,0,0
21,42,3,3097.80904231925,1332.46659490346,0,0,0,84,0,0,0
21,42,4,3112.05900078541,1739.09750569467,0,0,0,94,0,0,0
21,42,5,3235.09541393093,777.587384643137,0,0,0,140,0,0,0
21,42,6,3328.59461120762,1577.5638315383,0,0,0,176,0,0,0
21,42,7,20895.2823820471,7806.32016501998,65,0,0,166,0,0,0
21,42,8,0,1,0,0,0,0,0,0,0
21,43,1,3089.96525388174,547.275118147044,0,0,0,72,0,0,0
21,43,2,3100.5827803108,1223.25521615194,0,0,0,97,0,0,0
21,43,3,3085.2130561068,1440.55327617297,0,0,0,133,0,0,0
21,43,4,3119.06449713359,843.303518540791,0,0,0,173,0,0,0
21,43,5,3218.44130432377,1321.33188825608,0,0,0,77,0,0,0
21,43,6,3348.0575875525,1393.8170818426,0,0,0,157,0,0,0
21,43,7,20916.7644654776,1582.04546899793,0,62,0,165,0,0,0
21,43,8,0,1,0,0,0,0,0,0,0
21,44,1,3076.97805337796,1670.74972307386,0,0,0,54,0,0,0
21,44,2,3084.54045552733,1707.00973269431,0,0,0,122,0,0,0
21,44,3,3083.00538209842,798.277439737871,0,0,0,144,0,0,0
21,44,4,3101.60084331229,1362.0377013983,0,0,0,84,0,0,0
21,44,5,3213.33038117937,788.107765030296,0,1,0,129,0,0,0
21,44,6,3359.36550715826,2053.11476475647,0,0,0,139,0,0,0
21,44,7,20935.9211195576,14165.9322032928,0,0,0,157,0,0,0
21,44,8,0,1,0,0,0,0,0,0,0
21,45,1,3085.0084939939,1668.14533798341,0,0,0,167,0,0,0
21,45,2,3086.65492292596,1842.94221171708,0,0,0,170,0,0,0
21,45,3,3059.80316965483,1000.83818232693,0,0,0,79,0,0,0
21,45,4,3102.92318477431,772.882058227233,0,0,0,136,0,0,0
21,45,5,3200.41631075377,1480.63563722773,0,0,0,78,0,0,0
21,45,6,3388.35335170417,1460.61670277922,0,0,0,190,0,0,0
21,45,7,20965.2925499576,7197.69139407383,9,17,0,214,0,0,0
21,45,8,0,1,0,0,0,0,0,0,0
21,46,1,3083.31141332164,1510.53224355445,0,78,0,88,0,0,0
21,46,2,3079.73662374343,1014.43442214474,0,101,0,83,0,0,0
21,46,3,3036.79028079972,1007.75191431188,0,50,0,50,0,0,0
21,46,4,3070.87901076139,1292.21774409476,0,51,0,26,0,0,0
21,46,5,3198.8368536626,892.498553378592,0,71,0,77,0,0,0
21,46,6,3388.94209429874,1077.67925589448,0,82,0,64,0,0,0
21,46,7,21039.5967324879,8554.10172366968,0,314,0,325,0,0,4
21,46,8,0,1,0,0,0,0,0,0,0
21,47,1,3104.74587416418,1318.80880056092,0,0,0,151,0,0,0
21,47,2,3084.9139995046,918.504060747457,0,0,0,101,0,0,0
21,47,3,3041.65624060696,1597.04782389982,0,0,0,100,0,0,0
21,47,4,3080.97394008065,1505.64413746375,0,0,0,129,0,0,0
21,47,5,3205.83822411977,1126.92807244699,0,0,0,89,0,0,0
21,47,6,3415.20473239513,999.018906612643,0,0,0,107,0,0,0
21,47,7,21090.5859902364,5847.74085912687,30,0,0,186,0,0,0
21,47,8,0,1,0,0,0,0,0,0,0
21,48,1,3117.24960044655,1381.15637235934,0,0,0,131,0,0,0
21,48,2,3082.82319704679,1562.43147794519,0,0,0,91,0,0,0
21,48,3,3053.92315351832,1011.98220075569,0,0,0,159,0,0,0
21,48,4,3092.02691880645,1370.64588903052,0,0,0,150,0,0,0
21,48,5,3218.43200759862,1783.13403969543,0,0,0,112,0,0,0
21,48,6,3432.37229194816,1922.81488295593,0,0,0,99,0,0,0
21,48,7,21131.5343806364,16859.4336957165,63,0,0,222,0,0,0
21,48,8,0,1,0,0,0,0,0,0,0
21,49,1,3126.84519541662,1333.28493935011,0,0,0,138,0,0,0
21,49,2,3099.16427420305,960.707404790378,0,0,0,156,0,0,0
21,49,3,3053.71763630462,734.022017629876,0,0,0,101,0,0,0
21,49,4,3098.44419731196,1789.93993995713,0,0,0,137,0,0,0
21,49,5,3245.11213809128,1080.74581218877,0,0,0,173,0,0,0
21,49,6,3469.60745156569,559.16823844209,0,0,0,192,0,0,0
21,49,7,21172.1387293801,7636.91264842217,34,0,0,252,0,0,0
21,49,8,0,1,0,0,0,0,0,0,0
21,50,1,3151.60485701396,1238.46981074643,0,0,0,133,0,0,0
21,50,2,3106.42197840638,1353.13844267219,0,0,0,96,0,0,0
21,50,3,3057.72797033784,806.584429230465,0,0,0,73,0,0,0
21,50,4,3126.94906361555,1254.33676843507,0,0,0,178,0,0,0
21,50,5,3275.92341110393,1258.66492546694,0,0,0,108,0,0,0
21,50,6,3483.00816572803,1014.47676961324,0,0,0,55,0,0,0
21,50,7,21220.5182316894,2855.37718786737,58,0,0,172,0,0,1
21,50,8,0,1,0,0,0,0,0,0,0
21,51,1,3140.60695960954,777.458588257697,90,0,0,33,0,0,0
21,51,2,3105.29112711219,1196.05604174759,48,0,0,87,0,0,0
21,51,3,3030.72112421328,1382.62311796909,54,0,0,26,0,0,0
21,51,4,3119.24830773848,1155.54780049791,64,0,0,61,0,0,0
21,51,5,3270.40059184351,1583.01753671424,64,0,0,61,0,0,0
21,51,6,3485.82249741232,1287.97920803022,41,0,0,60,0,0,0
21,51,7,21236.3990713694,7008.37860372082,153,0,0,132,0,0,0
21,51,8,0,1,0,0,0,0,0,0,0
21,52,1,3149.16902504834,1026.55537493113,0,0,0,77,0,0,0
21,52,2,3130.6475209057,967.489382850233,0,0,0,119,0,0,0
21,52,3,3069.09542228032,1682.41114018961,0,0,0,138,0,0,0
21,52,4,3149.44737073916,1411.66523563568,0,0,0,115,0,0,0
21,52,5,3319.13495880527,988.806978566906,0,0,0,158,0,0,0
21,52,6,3536.6395461295,1455.46410330455,0,0,0,128,0,0,0
21,52,7,21286.6727484257,6845.4073311012,34,0,0,227,0,0,0
21,52,8,0,1,0,0,0,0,0,0,0
21,53,1,3162.30679024261,1098.72013128208,0,0,0,102,0,0,0
21,53,2,3129.60596280447,1130.25559429167,0,0,0,96,0,0,0
21,53,3,3095.66780184033,1248.83834489142,0,0,0,168,0,0,0
21,53,4,3176.18934507465,575.441399002452,0,0,0,141,0,0,0
21,53,5,3330.6646900729,1488.58128330276,0,0,0,98,0,0,0
21,53,6,3566.23026190607,1023.07254140241,0,0,0,145,0,0,0
21,53,7,21288.9885761376,10862.3608504966,29,0,0,185,0,0,0
21,53,8,0,1,0,0,0,0,0,0,0
21,54,1,3176.67158180878,1902.46479393285,0,0,0,109,0,0,0
21,54,2,3138.97431876312,953.412053025658,0,0,0,113,0,0,0
21,54,3,3114.01910985144,750.690648877989,0,0,0,124,0,0,0
21,54,4,3167.90274209573,2530.02988086931,0,0,0,57,0,0,0
21,54,5,3358.12079947624,1477.17573967264,0,0,0,148,0,0,0
21,54,6,3589.72041102548,1570.99358211332,0,0,0,102,0,0,0
21,54,7,21305.3923519738,3135.63837745488,26,0,0,220,0,0,3
21,54,8,0,1,0,0,0,0,0,0,0
21,55,1,3195.16988414748,1166.6377874862,15,0,0,154,0,0,0
21,55,2,3145.91093711838,1301.66578089514,0,0,0,95,0,0,0
21,55,3,3110.20337512806,1271.88254688522,0,0,0,75,0,0,0
21,55,4,3181.10541655271,1791.6099499651,49,0,0,135,0,0,0
21,55,5,3379.62447741185,1551.48084033198,6,0,0,131,0,0,0
21,55,6,3616.30159205437,514.706325166749,3,0,0,149,0,0,0
21,55,7,21294.8592079916,6268.11203265347,64,0,0,159,0,0,0
21,55,8,0,1,0,0,0,0,0,0,0
21,56,1,3209.24486591473,1657.25848786024,0,0,0,116,0,0,0
21,56,2,3166.75395354768,554.085445801712,0,0,0,130,0,0,0
21,56,3,3139.3411718906,599.379099505426,0,0,0,127,0,0,0
21,56,4,3227.58823968265,1784.69840192112,0,0,0,179,0,0,0
21,56,5,3414.51617916254,2100.29615456986,0,0,0,155,0,0,0
21,56,6,3623.25273875599,1526.07934549482,0,0,0,51,0,0,0
21,56,7,21299.9778183056,11796.3016335445,31,0,0,187,0,0,0
21,56,8,0,1,0,0,0,0,0,0,0
21,57,1,3247.57860109706,1540.73980172465,0,0,0,165,0,0,0
21,57,2,3167.19637795117,1835.07571421685,0,0,0,55,0,0,0
21,57,3,3136.16507906942,534.848820219376,0,0,0,59,0,0,0
21,57,4,3280.28195298449,805.602203339928,0,0,0,178,0,0,0
21,57,5,3464.08479653387,1757.66679092122,0,0,0,193,0,0,0
21,57,6,3668.94164057976,1668.75564084817,0,0,0,152,0,0,0
21,57,7,21349.670845991,5428.57158884826,27,0,0,250,0,0,0
21,57,8,0,1,0,0,0,0,0,0,0
21,58,1,3262.08606695138,1420.01604686875,0,0,0,154,0,0,0
21,58,2,3182.64703901255,1283.09666818764,3,0,0,158,0,0,0
21,58,3,3129.22830874761,1043.76830952136,0,0,0,53,0,0,0
21,58,4,3283.75306971494,1822.08393002602,0,0,0,80,0,0,0
21,58,5,3500.5839749537,2226.6404668484,0,0,0,171,0,0,1
21,58,6,3701.52866583224,1377.76866725438,0,0,0,166,0,0,0
21,58,7,21340.9437027308,9466.01491126823,56,0,0,181,0,0,0
21,58,8,0,1,0,0,0,0,0,0,0
21,59,1,3282.78603777553,715.17031299889,0,0,0,142,0,0,0
21,59,2,3195.17428862049,945.961791479759,0,0,0,128,0,0,0
21,59,3,3141.26818314237,814.910804033598,0,0,0,104,0,0,0
21,59,4,3315.40007755218,1093.94462077336,0,0,0,182,0,0,0
21,59,5,3549.47258354727,1437.03381775305,0,0,0,216,0,0,0
21,59,6,3734.97210641312,1301.45890619464,0,0,0,137,0,0,0
21,59,7,21368.8934030562,8102.43019622569,2,27,0,251,0,0,0
21,59,8,0,1,0,0,0,0,0,0,0
21,60,1,3283.97094349124,1925.75751225807,0,0,0,71,0,0,0
21,60,2,3203.68333833522,1809.01935708253,0,0,0,94,0,0,0
21,60,3,3144.28964165509,1105.29076881459,0,2,0,79,0,0,0
21,60,4,3324.77844921347,1207.17277810554,0,1,0,108,0,0,0
21,60,5,3578.18156345414,1519.15634205547,0,18,0,122,0,0,0
21,60,6,3758.99630281832,1659.36009005486,0,12,0,115,0,0,0
21,60,7,21395.3415584995,7708.27569392472,5,234,0,226,0,0,1
21,60,8,0,1,0,0,0,0,0,0,0
21,61,1,3316.0446657265,1226.04700855473,0,0,0,190,0,0,0
21,61,2,3216.76288939655,782.297959459946,0,0,0,176,0,0,0
21,61,3,3145.39868616424,1833.63248298554,0,0,0,110,0,0,0
21,61,4,3337.26117054066,1041.78487023875,0,0,0,120,0,0,0
21,61,5,3601.6428763301,1699.51895947227,0,0,0,151,0,0,0
21,61,6,3800.62567119123,1533.82846226326,0,0,0,165,0,0,0
21,61,7,21470.0284516554,6240.12059349811,24,0,0,256,0,0,0
21,61,8,0,1,0,0,0,0,0,0,0
21,62,1,3323.74589338674,1368.32626528956,0,0,0,122,0,0,0
21,62,2,3209.55463939598,1786.10934189624,0,0,0,78,0,0,0
21,62,3,3161.10122113263,1302.57938259163,0,0,0,166,0,0,0
21,62,4,3330.21032455408,1713.82198083514,0,0,0,104,0,0,0
21,62,5,3635.45703223478,1513.12914553397,0,0,0,169,0,0,0
21,62,6,3828.82804032437,1256.89467919982,0,0,0,153,0,0,0
21,62,7,21486.0303380157,10269.2453075665,22,0,0,209,0,0,0
21,62,8,0,1,0,0,0,0,0,0,0
21,63,1,3345.07971201656,2057.72146258281,0,0,0,136,0,0,0
21,63,2,3231.41669019816,742.662722166412,0,0,0,178,0,0,0
21,63,3,3168.41769032688,1498.85260446536,0,0,0,130,0,0,0
21,63,4,3354.43618075788,1120.99043091055,0,0,0,171,0,0,0
21,63,5,3656.14556943626,1064.104163608,0,0,0,151,0,0,0
21,63,6,3850.31700204551,1508.49413281834,0,0,0,125,0,0,0
21,63,7,21547.4824154262,5414.06229825175,24,0,0,302,0,0,0
21,63,8,0,1,0,0,0,0,0,0,0
21,64,1,3374.13574929482,551.373130341029,4,0,0,165,0,0,0
21,64,2,3226.86237790996,1677.79245691457,0,0,0,74,0,0,0
21,64,3,3185.32138825392,1383.70139112718,0,0,0,149,0,0,0
21,64,4,3369.78815592448,1507.48856297763,0,0,0,112,0,0,0
21,64,5,3670.67892468751,1804.38966737949,0,0,0,106,0,0,0
21,64,6,3893.58215173811,2409.46015746752,0,0,0,150,0,0,0
21,64,7,21552.1627261652,9591.08432637446,41,0,0,162,0,0,0
21,64,8,0,1,0,0,0,0,0,0,0
21,65,1,3373.96991553983,965.539712753151,0,0,0,55,0,0,0
21,65,2,3270.29587640778,1048.71337228233,0,0,0,167,0,0,0
21,65,3,3228.08712146066,1902.93144880645,0,0,0,138,0,0,0
21,65,4,3412.17465511577,620.867552419295,0,0,0,150,0,0,0
21,65,5,3740.82851639427,1077.32669508189,0,0,0,180,0,0,0
21,65,6,3999.33961431522,1725.16476942179,0,0,0,226,0,0,0
21,65,7,21622.1963519056,7399.54439804023,0,35,0,217,0,0,0
21,65,8,0,1,0,0,0,0,0,0,0
21,66,1,3355.63878283329,1437.22602141956,0,73,0,23,0,0,0
21,66,2,3260.53778528324,1139.52697790658,0,51,0,53,0,0,0
21,66,3,3232.94472513639,2134.32724258486,0,85,0,105,0,0,0
21,66,4,3396.0785785412,705.858215570075,0,29,0,33,0,0,0
21,66,5,3735.38985957791,948.008462411149,0,37,0,70,0,0,0
21,66,6,4009.41620611631,1509.23301470973,0,84,0,88,0,0,0
21,66,7,21623.4751156412,8133.87365760493,7,160,0,158,0,0,0
21,66,8,0,1,0,0,0,0,0,0,0
21,67,1,3380.35233797816,1129.71830734346,0,0,0,143,0,0,0
21,67,2,3282.80989050685,1055.39295184441,0,0,0,113,0,0,0
21,67,3,3273.08080673334,1719.97534824846,0,0,0,202,0,0,0
21,67,4,3402.08977871384,1312.91413197318,0,0,0,70,0,0,0
21,67,5,3754.15700248125,2126.10249833636,0,0,0,94,0,0,0
21,67,6,4056.95007016774,846.850423588484,0,0,0,150,0,0,0
21,67,7,21696.7641394687,16315.6055504306,21,1,0,252,0,0,0
21,67,8,0,1,0,0,0,0,0,0,0
21,68,1,3392.22680990623,1198.29955069496,0,0,0,112,0,0,0
21,68,2,3290.69825418672,848.748658502733,0,0,0,105,0,0,0
21,68,3,3297.40978201353,2328.03858417133,0,0,0,171,0,0,0
21,68,4,3419.29516324591,730.024552870262,0,0,0,131,0,0,0
21,68,5,3800.01136213962,1820.71973266411,0,0,0,205,0,0,0
21,68,6,4078.7245369463,1704.25718953431,0,0,0,84,0,0,0
21,68,7,21753.4076429332,10473.3901736699,24,0,0,311,0,0,0
21,68,8,0,1,0,0,0,0,0,0,0
21,69,1,3411.2739682346,1763.45372820576,0,0,0,119,0,0,0
21,69,2,3295.62650147851,1717.2324285708,0,0,0,84,0,0,0
21,69,3,3326.56096718211,593.181947808,3,0,0,192,0,0,0
21,69,4,3424.32571149651,859.815480334536,0,0,0,73,0,0,0
21,69,5,3847.6667326629,2392.18333685861,0,0,0,179,0,0,0
21,69,6,4138.92493420544,2518.55177332799,0,0,0,170,0,0,0
21,69,7,21795.8961497368,6461.44736733148,82,0,0,186,0,0,0
21,69,8,0,1,0,0,0,0,0,0,0
21,70,1,3445.15601010669,1310.46216790048,29,0,0,129,0,0,0
21,70,2,3339.37621203412,1626.52367920471,19,0,0,141,0,0,0
21,70,3,3331.49030658515,1456.25139782222,0,0,0,59,0,0,0
21,70,4,3435.89280091165,1800.83386206589,0,0,0,85,0,0,0
21,70,5,3904.8247280622,904.336495871228,52,0,0,156,0,0,0
21,70,6,4198.77591349134,1797.4049401908,57,0,0,160,0,0,0
21,70,7,21858.8771154613,8231.45141855418,167,2,0,187,0,0,12
21,70,8,0,1,0,0,0,0,0,0,0
21,71,1,3472.73137821988,884.717854072872,0,0,0,131,0,0,0
21,71,2,3387.43599979779,1471.61144892335,0,0,0,162,0,0,0
21,71,3,3384.67632707874,1409.53052658623,0,0,0,145,0,0,0
21,71,4,3507.25192221474,2559.08683474229,0,0,0,180,0,0,0
21,71,5,3919.96431672973,1122.40901366065,0,0,0,90,0,0,0
21,71,6,4289.42497968931,1638.72651986541,0,0,0,173,0,0,0
21,71,7,21929.7583923836,10956.6071738694,76,0,0,173,0,0,1
21,71,8,0,1,0,0,0,0,0,0,0
21,72,1,3504.45901899864,960.032506881251,0,0,0,88,0,0,0
21,72,2,3439.03892484974,862.704743397801,0,0,0,147,0,0,0
21,72,3,3429.43716665653,1757.74668856761,0,0,0,140,0,0,0
21,72,4,3596.03882326592,2455.70513365459,0,0,0,255,0,0,0
21,72,5,3958.22193749501,1117.50212665679,0,0,0,112,0,0,0
21,72,6,4367.04980619649,1664.44461587836,0,0,0,163,0,0,0
21,72,7,22021.4883469002,13345.4529531752,41,0,0,203,0,0,0
21,72,8,0,1,0,0,0,0,0,0,0
21,73,1,3516.01022520781,1537.47371994277,0,0,0,96,0,0,0
21,73,2,3440.66223208833,748.073610433928,0,0,0,86,0,0,0
21,73,3,3460.05410109922,1096.8705995878,0,0,0,175,0,0,0
21,73,4,3631.13287737445,2059.32908789053,1,0,0,210,0,0,0
21,73,5,3974.55998910288,1992.14695257969,0,0,0,111,0,0,0
21,73,6,4384.59337396531,1667.12841480315,0,0,0,166,0,0,0
21,73,7,22070.3973468294,11305.2835984947,35,0,0,338,0,0,1
21,73,8,0,1,0,0,0,0,0,0,0
21,74,1,3551.57740340073,1393.86424633248,0,0,0,153,0,0,0
21,74,2,3450.78479349879,1027.36248517689,0,0,0,74,0,0,0
21,74,3,3481.17657301536,909.789107154337,0,0,0,109,0,0,0
21,74,4,3690.81271124402,1264.83391827504,0,0,0,197,0,0,0
21,74,5,4010.09606630699,2374.10735414474,1,0,0,189,0,0,0
21,74,6,4447.02315969354,2833.6216946115,0,0,0,166,0,0,0
21,74,7,22126.4966287975,8984.21161467927,110,0,0,199,0,0,0
21,74,8,0,1,0,0,0,0,0,0,0
21,75,1,3571.91311823223,507.226892124864,5,0,0,127,0,0,0
21,75,2,3479.78780919259,1100.34428378558,0,0,0,102,0,0,0
21,75,3,3493.96653911297,808.370016148074,0,0,0,90,0,0,0
21,75,4,3736.48182436981,1181.02641283218,0,0,0,126,0,0,0
21,75,5,4056.20199900025,1098.15950707982,34,0,0,155,0,0,0
21,75,6,4500.20303217603,2155.69872733801,50,0,0,162,0,0,0
21,75,7,22214.3002260263,10986.4442222149,232,0,0,247,0,0,7
21,75,8,0,1,0,0,0,0,0,0,0
21,76,1,3553.49889240762,1059.02145141541,0,0,0,50,0,0,0
21,76,2,3482.55517236346,1292.62862453572,0,0,0,110,0,0,0
21,76,3,3478.7634207875,423.736296993557,0,0,0,80,0,0,0
21,76,4,3749.49866439388,2212.64906334212,0,0,0,118,0,0,0
21,76,5,4083.59368771594,1883.77799117728,0,0,0,109,0,0,0
21,76,6,4564.64212040019,2217.35920100344,3,0,0,187,0,0,0
21,76,7,22255.3874028833,11057.001979091,103,0,0,197,0,0,0
21,76,8,0,1,0,0,0,0,0,0,0
21,77,1,3551.1003963551,1294.97622963162,0,0,0,105,0,0,0
21,77,2,3487.09503881677,891.058784020801,0,0,0,129,0,0,0
21,77,3,3461.85593546241,1405.05633122086,0,0,0,42,0,0,0
21,77,4,3789.37071248423,1849.21142095858,5,0,0,189,0,0,0
21,77,5,4125.98517319786,2697.73118187017,0,0,0,188,0,0,0
21,77,6,4628.68416906856,1404.85923879133,10,0,0,164,0,0,0
21,77,7,22310.4498880236,6320.0758472779,154,0,0,214,0,0,0
21,77,8,0,1,0,0,0,0,0,0,0
21,78,1,3588.81475674505,1361.77865017304,0,0,0,129,0,0,0
21,78,2,3506.23324809214,910.825916057991,0,0,0,89,0,0,0
21,78,3,3520.41903610188,1651.70800173007,0,0,0,140,0,0,0
21,78,4,3844.80543547806,1798.61674652049,18,0,0,145,0,0,0
21,78,5,4206.49312764026,1986.79524900165,61,0,0,141,0,0,0
21,78,6,4740.5792555146,1453.99472073886,0,0,0,140,0,0,0
21,78,7,22442.912538641,13506.7840262658,164,1,0,193,0,0,0
21,78,8,0,1,0,0,0,0,0,0,0
21,79,1,3582.00273856789,676.873052935603,0,0,0,136,0,0,0
21,79,2,3493.28056212669,2000.99734959296,0,0,0,91,0,0,0
21,79,3,3516.99815077336,2142.45534976492,0,0,0,165,0,0,0
21,79,4,3859.40009340447,775.063227612014,0,0,0,179,0,0,0
21,79,5,4256.00252238551,1879.81229616375,0,0,0,193,0,0,0
21,79,6,4775.2057298398,1828.4381649232,0,0,0,145,0,0,0
21,79,7,22473.8352545643,7748.10257498737,45,0,0,204,0,0,0
21,79,8,0,1,0,0,0,0,0,0,0
21,80,1,3585.01259220097,1107.82828930284,0,0,0,67,0,0,0
21,80,2,3540.54000019208,986.420054448002,6,0,0,155,0,0,0
21,80,3,3595.56068323718,833.788054797114,0,0,0,211,0,0,0
21,80,4,3898.77660066852,2585.49192896542,0,0,0,77,0,0,0
21,80,5,4357.76468383195,1450.41368137705,2,0,0,172,0,0,0
21,80,6,4924.75950062831,1497.99122124526,0,0,0,182,0,0,0
21,80,7,22589.9868714188,11047.1669646208,94,0,0,170,0,0,0
21,80,8,0,1,0,0,0,0,0,0,0
21,81,1,3588.29886320661,983.172896550005,0,0,0,110,0,0,0
21,81,2,3526.74919311736,1802.78317183492,0,0,0,98,0,0,0
21,81,3,3576.69305046468,1891.33255460042,0,0,0,83,0,0,0
21,81,4,3960.16509621292,1476.90679653684,0,2,0,205,0,0,0
21,81,5,4379.00840506863,1490.15102523596,0,0,0,145,0,0,0
21,81,6,4962.98895235214,2721.02393426436,0,0,0,149,0,0,0
21,81,7,22660.6445791129,5083.06469924906,2,32,0,242,0,0,0
21,81,8,0,1,0,0,0,0,0,0,0
21,82,1,3585.1447034838,1259.43628587998,0,0,0,98,0,0,0
21,82,2,3544.38378271995,1941.35122173848,0,36,0,126,0,0,0
21,82,3,3576.68510980086,1178.85872098269,0,42,0,126,0,0,0
21,82,4,3988.89932147778,2042.94076775068,0,3,0,143,0,0,0
21,82,5,4432.12881607556,1167.56470236732,0,8,0,136,0,0,0
21,82,6,5021.52715470194,1935.82111126097,0,79,0,153,0,0,0
21,82,7,22721.9357215866,6854.61023182726,0,194,0,217,0,0,0
21,82,8,0,1,0,0,0,0,0,0,0
21,83,1,3582.67051488601,1530.50362363547,0,0,0,125,0,0,0
21,83,2,3564.04152971154,992.524722981339,0,0,0,193,0,0,0
21,83,3,3564.52118812858,1631.25037519685,0,0,0,117,0,0,0
21,83,4,4017.9706986713,2421.94850287799,2,0,0,175,0,0,0
21,83,5,4464.07488637539,1481.57760082245,0,0,0,116,0,0,0
21,83,6,5101.23625523519,2628.29099702907,0,0,0,187,0,0,0
21,83,7,22782.3256158956,11764.9754562879,34,0,0,188,0,0,0
21,83,8,0,1,0,0,0,0,0,0,0
21,84,1,3634.06320891349,589.4561741837,0,0,0,153,0,0,0
21,84,2,3596.38249213149,1865.23281549441,0,0,0,99,0,0,0
21,84,3,3619.83781338146,1760.45094976818,0,0,0,163,0,0,0
21,84,4,4127.06500963113,1151.71618215699,0,0,0,221,0,0,0
21,84,5,4540.16409485143,920.079918544407,0,0,0,148,0,0,0
21,84,6,5221.68177057927,2947.71545768596,1,0,0,206,0,0,0
21,84,7,22914.3774829304,13796.1208980077,29,0,0,237,0,0,0
21,84,8,0,1,0,0,0,0,0,0,0
21,85,1,3616.00417745625,1410.32736018841,0,0,0,58,0,0,0
21,85,2,3615.08855397067,2155.26955156069,0,0,0,185,0,0,0
21,85,3,3639.31693311391,1719.46850808407,0,0,0,172,0,0,0
21,85,4,4120.67340486624,234.895170623087,0,0,0,115,0,0,0
21,85,5,4539.37422824962,2154.139415462,0,0,0,92,0,0,0
21,85,6,5293.99431099558,1590.76351917637,2,0,0,181,0,0,0
21,85,7,22947.8749986781,12855.3764751736,19,3,0,217,0,0,0
21,85,8,0,1,0,0,0,0,0,0,0
21,86,1,3631.56040600384,979.930457145239,0,0,0,141,0,0,0
21,86,2,3645.51354639391,1897.65139346947,0,0,0,208,0,0,0
21,86,3,3672.77782072469,1202.64800200159,0,0,0,171,0,0,0
21,86,4,4095.99449034526,1866.88121874101,0,0,0,23,0,0,0
21,86,5,4599.40790786232,2105.02577955498,0,0,0,186,0,0,1
21,86,6,5395.13833143214,344.592318372339,0,0,0,159,0,0,0
21,86,7,22995.4905999251,5401.9920363432,33,0,0,181,0,0,1
21,86,8,0,1,0,0,0,0,0,0,0
21,87,1,3615.92677486341,1063.60333762801,0,53,0,44,0,0,0
21,87,2,3657.02657096692,1362.20031674039,0,107,0,82,0,0,0
21,87,3,3660.49234030251,2163.57774063565,0,38,0,82,0,0,0
21,87,4,4107.48888745162,2058.38799298426,0,92,0,94,0,0,0
21,87,5,4619.93232368114,1784.51964435566,0,118,0,92,0,0,0
21,87,6,5381.6447892969,2475.77963265738,0,15,0,19,0,0,0
21,87,7,23038.4437551177,10925.1254705433,2,175,0,211,0,0,2
21,87,8,0,1,0,0,0,0,0,0,0
21,88,1,3644.72595935854,1810.39541989429,0,0,0,106,0,0,0
21,88,2,3683.24472504249,810.894845629505,0,0,0,136,0,0,0
21,88,3,3728.94376727737,654.979050387423,0,0,0,216,0,0,0
21,88,4,4197.38642839795,1735.02841253993,0,0,0,205,0,0,0
21,88,5,4695.35695005193,1956.6122811764,0,0,0,178,0,0,0
21,88,6,5475.04541477655,3230.18984105313,2,0,0,181,0,0,0
21,88,7,23131.5299597563,4999.14890552576,28,0,0,231,0,0,0
21,88,8,0,1,0,0,0,0,0,0,0
21,89,1,3663.16904561649,1444.72360385725,70,0,0,104,0,0,0
21,89,2,3675.05519786398,1445.66532980093,39,0,0,38,0,0,0
21,89,3,3732.65152713879,1662.31497241544,4,0,0,61,0,0,0
21,89,4,4209.86260389402,1154.47891970904,63,0,0,104,0,0,0
21,89,5,4719.62756685381,2414.4125257798,85,0,0,102,0,0,0
21,89,6,5554.50730608584,1084.74374021261,129,0,0,181,0,0,0
21,89,7,23166.8572690778,6415.79599585765,148,1,0,205,0,0,14
21,89,8,0,1,0,0,0,0,0,0,0
21,90,1,3713.00276057142,1829.98516230568,0,0,0,144,0,0,0
21,90,2,3722.43832454076,2422.77678427776,0,0,0,144,0,0,0
21,90,3,3778.81015951002,1812.22750813628,0,0,0,166,0,0,0
21,90,4,4260.11263825454,1227.88962375507,0,0,0,115,0,0,0
21,90,5,4830.02136924871,1424.74673387325,11,0,0,181,0,0,0
21,90,6,5630.57343188201,2225.92527330689,0,0,0,108,0,0,0
21,90,7,23217.9380758444,7526.138714832,86,0,0,196,0,0,0
21,90,8,0,1,0,0,0,0,0,0,0
21,91,1,3746.67078827098,1262.31120403347,4,0,0,147,0,0,0
21,91,2,3768.54831267881,1056.75949466375,4,0,0,202,0,0,0
21,91,3,3826.2674435324,1965.93407414057,0,0,0,181,0,0,0
21,91,4,4298.79425659517,3269.27655092115,0,0,0,122,0,0,0
21,91,5,4880.1670307073,1410.05166043178,0,0,0,142,0,0,0
21,91,6,5711.29654737156,1669.7461403334,8,0,0,152,0,0,0
21,91,7,23246.232074759,8133.98187138843,65,0,0,192,0,0,0
21,91,8,0,1,0,0,0,0,0,0,0
21,92,1,3790.42275081947,1352.77724690725,0,0,0,126,0,0,0
21,92,2,3813.96308626863,1554.55159079883,0,0,0,105,0,0,0
21,92,3,3914.14735428953,1499.56938307538,0,0,0,182,0,0,0
21,92,4,4395.48384958382,1418.74103121852,9,0,0,208,0,0,0
21,92,5,4963.11953970269,1840.70335947091,0,0,0,141,0,0,0
21,92,6,5815.06956251119,2174.34982033219,0,0,0,166,0,0,0
21,92,7,23326.5307657876,4069.37537268253,50,0,0,193,0,0,0
21,92,8,0,1,0,0,0,0,0,0,0
21,93,1,3828.7402757494,987.864008016692,0,0,0,135,0,0,0
21,93,2,3847.7819523947,1922.26573718784,4,0,0,147,0,0,0
21,93,3,3959.4127348252,2019.58897508919,8,0,0,133,0,0,0
21,93,4,4431.60673739045,1625.55542685078,1,0,0,139,0,0,0
21,93,5,5011.14150098294,1779.65901901168,15,0,0,154,0,0,0
21,93,6,5886.32174007487,1711.65055293227,36,0,0,145,0,0,0
21,93,7,23331.6812182493,5695.67817720341,120,0,0,165,0,0,0
21,93,8,0,1,0,0,0,0,0,0,0
21,94,1,3843.3203325317,1295.37988513435,0,0,0,98,0,0,0
21,94,2,3926.14385175283,1273.87902748321,0,0,0,191,0,0,0
21,94,3,4037.19804589482,1353.32071952982,0,0,0,201,0,0,0
21,94,4,4507.01092762367,2700.69242779808,0,0,0,160,0,0,0
21,94,5,5114.64060871749,2164.28474114865,0,0,0,176,0,0,0
21,94,6,5988.46255120741,1988.10026212068,0,0,0,171,0,0,0
21,94,7,23379.3743037438,14769.5098040268,47,0,0,198,0,0,0
21,94,8,0,1,0,0,0,0,0,0,0
21,95,1,3862.29638294764,1341.88299458193,0,0,0,129,0,0,0
21,95,2,3946.62622726612,1514.97827045562,0,0,0,127,0,0,0
21,95,3,4056.41195456258,1351.76734170638,0,0,0,135,0,0,0
21,95,4,4550.63441902511,1733.9856314917,1,0,0,198,0,0,0
21,95,5,5185.78153463919,1470.38606940757,0,0,0,191,0,0,0
21,95,6,6059.09414563825,972.938196667787,0,0,0,198,0,0,0
21,95,7,23406.1121482157,13296.8583625684,30,0,0,214,0,0,0
21,95,8,0,1,0,0,0,0,0,0,0
21,96,1,3886.8924448646,1360.9952060864,0,0,0,134,0,0,0
21,96,2,3977.23971941937,1331.82128350788,0,0,0,151,0,0,0
21,96,3,4100.81288286926,2263.57860839481,0,0,0,135,0,0,0
21,96,4,4579.64199831884,1795.45601571664,0,0,0,165,0,0,0
21,96,5,5240.03126637869,2320.83926405855,0,0,0,147,0,0,0
21,96,6,6108.5583972069,3142.02552168425,0,0,0,97,0,0,0
21,96,7,23467.0865010905,6524.01655639584,24,0,0,301,0,0,0
21,96,8,0,1,0,0,0,0,0,0,0
21,97,1,3926.2528339723,1095.19156476897,0,0,0,136,0,0,0
21,97,2,4020.00349637055,2602.58974320652,0,0,0,133,0,0,0
21,97,3,4134.79107590102,1707.55575413097,25,0,0,161,0,0,0
21,97,4,4631.00903139739,1737.33725215084,15,0,0,139,0,0,0
21,97,5,5301.15113247857,3151.58247090181,31,0,0,149,0,0,0
21,97,6,6190.90802519766,3713.14905853711,61,0,0,154,0,0,0
21,97,7,23531.5795797245,6783.42069636435,177,0,0,190,0,0,0
21,97,8,0,1,0,0,0,0,0,0,0
21,98,1,3961.99218092082,511.586550643371,0,0,0,109,0,0,0
21,98,2,4180.69551008704,1616.80156691569,7,0,0,228,0,0,0
21,98,3,4249.48085514557,1827.96114253523,0,0,0,170,0,0,0
21,98,4,4786.89127171017,2852.48757603632,0,0,0,173,0,0,0
21,98,5,5442.01407419775,1720.84135995001,35,0,0,156,0,0,0
21,98,6,6390.70302378403,3346.08365523586,45,0,0,164,0,0,0
21,98,7,23648.1972702018,14368.0468776463,114,0,0,154,0,0,0
21,98,8,0,1,0,0,0,0,0,0,0
21,99,1,3958.85763069863,1526.48020324029,0,0,0,51,0,0,0
21,99,2,4224.81532460482,2332.36106233802,0,0,0,161,0,0,0
21,99,3,4304.60043292537,1837.47683474886,0,0,0,182,0,0,0
21,99,4,4847.21382924323,2238.92411231149,3,0,0,182,0,0,0
21,99,5,5531.2955898324,2942.6286538956,0,0,0,172,0,0,0
21,99,6,6496.84461101168,4362.38208690117,3,0,0,220,0,0,0
21,99,7,23680.99876597,11966.2671645076,41,0,0,199,0,0,0
21,99,8,0,1,0,0,0,0,0,0,0
21,100,1,3986.10286970321,2104.79874116411,0,0,0,152,0,0,0
21,100,2,4277.91842452615,955.017884890296,0,0,0,233,0,0,0
21,100,3,4347.0341201436,3304.63234496589,0,0,0,183,0,0,0
21,100,4,4906.04599861634,1973.6179168427,0,0,0,206,0,0,2
21,100,5,5613.71867822888,2871.36263442896,3,0,0,221,0,0,2
21,100,6,6675.02635937321,3256.16294649186,8,0,0,275,0,0,0
21,100,7,23755.380889258,6361.65146089836,46,0,0,277,0,0,0
21,100,8,0,1,0,0,0,0,0,0,0
22,1,1,2782.63168,898.985884207594,0,0,0,40,0,0,0
22,1,2,2798.88,1336.98874829666,0,0,0,89,0,0,0
22,1,3,2784.616,1828.43901566542,0,0,0,62,0,0,0
22,1,4,2780.6896,522.926315675331,0,0,0,40,0,0,0
22,1,5,2791.99168,1522.46113555127,0,0,0,73,0,0,0
22,1,6,2801.512,1322.05881918827,0,0,0,99,0,0,0
22,1,7,20360.3961599999,6843.18417306996,0,0,0,99,0,0,0
22,1,8,0,6,0,0,0,90,0,0,0
22,2,1,2786.95968,1645.79789221152,0,0,0,89,0,0,0
22,2,2,2817.14239999999,985.757818585194,0,0,0,133,0,0,0
22,2,3,2809.1936,720.606408778621,0,0,0,182,0,0,0
22,2,4,2774.99968,906.698313838837,0,0,0,52,0,0,0
22,2,5,2805.96767999999,1382.96211358992,0,0,0,152,0,0,0
22,2,6,2815.0016,791.493168593878,0,0,0,132,0,0,0
22,2,7,20306.1881599998,2488.48944822015,7,11,0,241,0,0,0
22,2,8,0,6,0,0,0,0,0,0,0
22,3,1,2789.98528,697.209482189618,0,87,0,77,0,0,0
22,3,2,2817.5984,1198.43112534545,0,36,0,62,0,0,0
22,3,3,2803.1616,1215.29551589553,0,41,0,31,0,0,0
22,3,4,2770.9344,1225.79640234059,0,43,0,47,0,0,0
22,3,5,2810.32128,946.718962520627,0,51,0,87,0,0,0
22,3,6,2807.2352,595.229495778822,0,53,0,26,0,0,0
22,3,7,20230.7177599997,7974.716366063,0,122,0,126,0,0,0
22,3,8,0,6,0,0,0,0,0,0,0
22,4,1,2796.40768,1198.05506793083,0,0,0,69,0,0,0
22,4,2,2837.8192,1558.40435179164,0,0,0,119,0,0,0
22,4,3,2820.7136,825.107979647436,0,0,0,121,0,0,0
22,4,4,2789.6464,1437.53283921313,0,0,0,122,0,0,0
22,4,5,2823.756096,390.411950403871,0,0,0,94,0,0,0
22,4,6,2811.59488,881.256075180711,0,0,0,59,0,0,0
22,4,7,20192.9079039996,5974.48905261057,24,0,0,223,0,0,0
22,4,8,0,6,0,0,0,0,0,0,0
22,5,1,2817.29856000001,524.785058454158,0,0,0,119,0,0,0
22,5,2,2865.59936,1847.40199522811,0,0,0,155,0,0,0
22,5,3,2831.8528,527.851833759758,0,0,0,82,0,0,0
22,5,4,2811.3616,568.166505211492,0,0,0,143,0,0,0
22,5,5,2823.778816,960.231406935433,0,0,0,39,0,0,0
22,5,6,2825.26368,1185.12503289538,0,0,0,88,0,0,0
22,5,7,20155.2359039994,7325.40169507197,21,0,0,233,0,0,0
22,5,8,0,6,0,0,0,0,0,0,0
22,6,1,2820.05056000001,898.780393440227,0,0,0,52,0,0,0
22,6,2,2895.31296,1387.00362579474,0,0,0,184,0,0,0
22,6,3,2833.5488,659.936767419047,0,0,0,52,0,0,0
22,6,4,2812.7472,793.763984930696,0,0,0,56,0,0,0
22,6,5,2835.354816,857.686316567923,0,0,0,96,0,0,0
22,6,6,2841.40608,956.644078906376,0,0,0,118,0,0,0
22,6,7,20110.4515839994,9169.86275088642,26,0,0,208,0,0,0
22,6,8,0,6,0,0,0,0,0,0,0
22,7,1,2828.31296000001,945.653547553637,0,0,0,89,0,0,0
22,7,2,2920.84832,1189.2452936716,0,0,0,138,0,0,0
22,7,3,2838.483584,863.074495196532,0,0,0,65,0,0,0
22,7,4,2821.176,902.392117778399,0,0,0,79,0,0,0
22,7,5,2848.686016,1068.71860236691,0,0,0,85,0,0,0
22,7,6,2850.40448,1231.35957901252,0,0,0,95,0,0,0
22,7,7,20068.6535039993,7700.36754542162,28,0,0,199,0,0,0
22,7,8,0,6,0,0,0,0,0,0,0
22,8,1,2836.74304000001,1097.42831077625,0,0,0,94,0,0,0
22,8,2,2935.8976,1281.39369225783,0,0,0,118,0,0,0
22,8,3,2846.318784,649.478989230911,0,0,0,86,0,0,0
22,8,4,2828.992,1632.97136856627,0,0,0,90,0,0,0
22,8,5,2859.012736,1170.0957503603,0,0,0,106,0,0,0
22,8,6,2864.66656,993.30277056529,0,0,0,123,0,0,0
22,8,7,20020.4902399992,8777.12556157409,64,0,0,203,0,0,0
22,8,8,0,6,0,0,0,0,0,0,0
22,9,1,2848.93664000001,850.422793213518,0,0,0,109,0,0,0
22,9,2,2950.756288,791.060457384936,0,0,0,128,0,0,0
22,9,3,2848.7650432,1232.65899161106,0,0,0,64,0,0,0
22,9,4,2855.154176,1471.92815604654,0,0,0,163,0,0,0
22,9,5,2870.7767552,952.950806568805,0,0,0,117,0,0,0
22,9,6,2870.94662400001,1282.42136130485,0,0,0,99,0,0,0
22,9,7,19980.2168959991,8288.59769004138,55,0,0,208,0,0,0
22,9,8,0,6,0,0,0,0,0,0,0
22,10,1,2855.60544000001,1536.03400793233,0,0,0,85,0,0,0
22,10,2,2956.70284800001,963.613100541728,0,0,0,79,0,0,0
22,10,3,2859.5173632,1847.66927904547,0,0,0,123,0,0,0
22,10,4,2872.7603968,387.443559730332,0,0,0,147,0,0,0
22,10,5,2876.9881984,1570.81335902989,0,0,0,95,0,0,0
22,10,6,2888.31808000001,1598.18238148713,0,0,0,128,0,0,0
22,10,7,19933.019519999,5106.75485731708,59,0,0,198,0,0,8
22,10,8,0,6,0,0,0,0,0,0,0
22,11,1,2854.73024000001,1358.93099548451,0,67,0,86,0,0,0
22,11,2,2950.06572800001,727.576312662397,0,56,0,40,0,0,0
22,11,3,2862.9953792,627.113508283772,0,83,0,101,0,0,0
22,11,4,2859.2505728,1747.466018424,0,14,0,24,0,0,0
22,11,5,2879.56163840001,1247.73150501968,0,61,0,96,0,0,0
22,11,6,2891.48576000001,1173.45278694125,0,77,0,82,0,0,0
22,11,7,19902.4536319989,5777.50915015232,0,250,0,260,0,0,0
22,11,8,0,6,0,0,0,0,0,0,0
22,12,1,2876.22528000001,1608.83964268146,0,0,0,135,0,0,0
22,12,2,2960.67141120001,905.959695688094,0,0,0,72,0,0,0
22,12,3,2867.38566656,1373.49007837421,0,0,0,62,0,0,0
22,12,4,2886.6725888,1288.81551933936,0,0,0,172,0,0,0
22,12,5,2897.6852224,1849.46544072938,0,0,0,124,0,0,0
22,12,6,2912.15072000001,742.794184015439,0,0,0,117,0,0,0
22,12,7,19891.4582399989,10860.6253952047,30,0,0,170,0,0,1
22,12,8,0,6,0,0,0,0,0,0,0
22,13,1,2900.12057600001,1094.74777015602,0,0,0,160,0,0,0
22,13,2,2971.21291520001,917.605230963456,0,0,0,90,0,0,0
22,13,3,2887.32992255999,1068.97021127281,0,0,0,137,0,0,0
22,13,4,2904.8731776,962.378787067405,0,0,0,128,0,0,0
22,13,5,2927.34768384,1352.59397301082,0,0,0,184,0,0,0
22,13,6,2920.58240000001,685.60647607394,0,0,0,74,0,0,0
22,13,7,19884.0408959989,3148.9029224922,30,0,0,196,0,0,0
22,13,8,0,6,0,0,0,0,0,0,0
22,14,1,2904.67577600001,855.535454903326,32,0,0,74,0,0,0
22,14,2,2979.46251520001,2470.85723277665,4,0,0,87,0,0,0
22,14,3,2888.66208256,1211.8968421815,46,0,0,56,0,0,0
22,14,4,2911.7086976,1049.03112974344,21,0,0,73,0,0,0
22,14,5,2938.49252608001,1464.00607155353,32,0,0,100,0,0,0
22,14,6,2927.57664000001,1067.29515955978,14,0,0,53,0,0,0
22,14,7,19873.0495590389,4867.33492679016,128,0,0,174,0,0,0
22,14,8,0,6,0,0,0,0,0,0,0
22,15,1,2912.40812800001,608.406876133088,0,0,0,85,0,0,0
22,15,2,3017.54909440001,1077.09684582453,8,0,0,182,0,0,0
22,15,3,2907.8715008,865.944512022678,0,0,0,121,0,0,0
22,15,4,2928.1954944,2000.74926730717,0,0,0,104,0,0,0
22,15,5,2968.46344192001,1128.54367543284,0,0,0,146,0,0,0
22,15,6,2949.48385280001,1381.82346774069,0,0,0,106,0,0,0
22,15,7,19878.7558118388,7243.94071993228,34,0,0,223,0,0,0
22,15,8,0,6,0,0,0,0,0,0,0
22,16,1,2912.89100800001,1601.91457654432,0,0,0,60,0,0,0
22,16,2,3025.23897344001,982.299850064882,0,0,0,107,0,0,0
22,16,3,2915.0974208,871.791150895049,0,0,0,86,0,0,0
22,16,4,2960.44353024,897.098109458452,0,0,0,197,0,0,0
22,16,5,2986.80707328001,1580.17751271031,0,0,0,112,0,0,0
22,16,6,2969.50721280001,1027.27070084851,0,0,0,138,0,0,0
22,16,7,19877.4605286388,7626.66033835413,26,0,0,246,0,0,0
22,16,8,0,6,0,0,0,0,0,0,0
22,17,1,2936.11654400001,1123.14563633824,0,0,0,160,0,0,0
22,17,2,3034.57532672001,717.087110623628,0,0,0,98,0,0,0
22,17,3,2923.8258688,1304.60626360495,0,0,0,87,0,0,0
22,17,4,2972.941611008,1337.50882265819,0,0,0,89,0,0,0
22,17,5,3019.52368588801,415.072222998127,0,0,0,158,0,0,0
22,17,6,2986.58926080002,1129.50695133455,0,0,0,102,0,0,0
22,17,7,19871.3689446387,14848.3658065779,29,0,0,207,0,0,5
22,17,8,0,6,0,0,0,0,0,0,0
22,18,1,2946.07569920001,557.727203991602,0,0,0,112,0,0,0
22,18,2,3033.97131571201,1085.60862117181,0,0,0,71,0,0,0
22,18,3,2939.06522880001,1333.79745815805,0,0,0,130,0,0,0
22,18,4,2991.414507008,1170.37239527259,0,0,0,133,0,0,0
22,18,5,3016.24048588801,1065.56126848651,0,0,0,41,0,0,0
22,18,6,3002.65404160002,472.753646888743,0,0,0,112,0,0,0
22,18,7,19853.8842086387,10697.6400840096,31,0,0,212,0,0,0
22,18,8,0,6,0,0,0,0,0,0,0
22,19,1,2942.01937920001,962.525052212888,0,0,0,55,0,0,0
22,19,2,3040.80221491201,1764.24152807724,0,0,0,108,0,0,0
22,19,3,2954.8118528,1522.65594624746,0,0,0,133,0,0,0
22,19,4,3005.443102208,453.331866932556,0,0,0,117,0,0,0
22,19,5,3025.41776332801,661.574996116194,0,0,0,106,0,0,0
22,19,6,3002.01858560002,885.028367205249,0,0,0,47,0,0,0
22,19,7,19836.7491046387,14671.4497762945,87,0,0,225,0,0,0
22,19,8,0,6,0,0,0,0,0,0,0
22,20,1,2946.71019520001,984.573245795004,0,0,0,96,0,0,0
22,20,2,3060.93441894401,1239.16444890678,0,0,0,176,0,0,0
22,20,3,2970.68033280001,1079.01499546383,0,0,0,152,0,0,0
22,20,4,3000.248606208,1808.22438796974,0,0,0,45,0,0,0
22,20,5,3025.69699532801,2200.31314389392,0,0,0,66,0,0,0
22,20,6,3003.82583040002,1021.18603945424,0,0,0,88,0,0,0
22,20,7,19813.5144806386,7606.34703416226,48,0,0,191,0,0,0
22,20,8,0,6,0,0,0,0,0,0,0
22,21,1,2947.32369920002,1181.36064056846,1,0,0,97,0,0,0
22,21,2,3070.91175014401,1171.19960199516,0,0,0,123,0,0,0
22,21,3,2977.49872076801,786.155075258259,2,0,0,105,0,0,0
22,21,4,3017.8933979136,1304.99487928559,19,0,0,153,0,0,0
22,21,5,3040.96290252801,949.569020898525,49,0,0,151,0,0,0
22,21,6,3010.76747520001,1024.05917218904,0,0,0,102,0,0,0
22,21,7,19801.3404308466,14462.6018641565,224,2,0,227,0,0,3
22,21,8,0,6,0,0,0,0,0,0,0
22,22,1,2952.49227520001,1366.6450038012,0,0,0,118,0,0,0
22,22,2,3072.82713190401,932.452786631438,0,0,0,117,0,0,0
22,22,3,2971.65657036801,1610.73618716954,0,0,0,78,0,0,0
22,22,4,3022.39849871361,1034.12673671225,0,0,0,130,0,0,0
22,22,5,3042.39699148801,1685.33993697842,0,0,0,94,0,0,0
22,22,6,3016.87749120001,1104.36669191639,0,0,0,102,0,0,0
22,22,7,19781.2272254962,9971.69783565472,48,0,0,189,0,0,0
22,22,8,0,6,0,0,0,0,0,0,0
22,23,1,2950.69179136001,1661.47439117276,0,69,0,67,0,0,0
22,23,2,3060.43289190401,453.075743247759,0,46,0,47,0,0,0
22,23,3,2975.88633384961,1066.31534305723,0,51,0,110,0,0,0
22,23,4,3005.88604559361,1059.73693106068,0,67,0,36,0,0,0
22,23,5,3046.91069081601,1188.73662869749,0,82,0,86,0,0,0
22,23,6,3015.59777792002,1999.4580663045,0,56,0,54,0,0,0
22,23,7,19778.5296024357,10761.7968902479,8,230,0,220,0,0,0
22,23,8,0,6,0,0,0,0,0,0,0
22,24,1,2971.33755392001,1206.23437872508,0,0,0,166,0,0,0
22,24,2,3058.27621142529,604.795147806646,0,0,0,45,0,0,0
22,24,3,2991.80667944961,585.110968173331,0,0,0,106,0,0,0
22,24,4,3020.02677903361,1370.60274760473,0,0,0,105,0,0,0
22,24,5,3066.34547302401,1466.48202758935,0,0,0,118,0,0,0
22,24,6,3057.12207104002,1357.96816716164,0,0,0,199,0,0,0
22,24,7,19820.0966398756,7973.21633962377,27,0,0,284,0,0,0
22,24,8,0,6,0,0,0,0,0,0,0
22,25,1,2984.76979763202,1978.95078194546,0,0,0,120,0,0,0
22,25,2,3053.12233484289,978.186619229821,0,0,0,60,0,0,0
22,25,3,2994.29631076353,2413.1688753934,0,0,0,58,0,0,0
22,25,4,3041.96480888833,717.70959357518,0,0,0,137,0,0,0
22,25,5,3092.36965212161,1430.24565895408,0,0,0,146,0,0,0
22,25,6,3085.11717068802,1438.68638013145,0,0,0,135,0,0,0
22,25,7,19852.6302467876,8244.99832174291,43,0,0,219,0,0,0
22,25,8,0,6,0,0,0,0,0,0,0
22,26,1,3016.66929264642,737.075666851509,0,0,0,190,0,0,0
22,26,2,3064.84261081089,1220.13567691833,0,0,0,97,0,0,0
22,26,3,3035.18648542823,1789.96049061315,0,0,0,225,0,0,0
22,26,4,3049.81086380033,1288.56968477606,0,0,0,71,0,0,0
22,26,5,3125.32054034433,1882.80753110673,0,0,0,143,0,0,0
22,26,6,3122.81822464002,1042.23528096277,0,0,0,143,0,0,0
22,26,7,19878.46441521,7853.52201857248,54,0,0,187,0,0,0
22,26,8,0,6,0,0,0,0,0,0,0
22,27,1,3021.4307433677,2137.15208879896,0,0,0,73,0,0,0
22,27,2,3084.85306101761,1850.24610023673,0,0,0,122,0,0,0
22,27,3,3071.2392822694,1191.1694835523,1,0,0,173,0,0,0
22,27,4,3074.74348742248,1660.60030118605,0,0,0,128,0,0,0
22,27,5,3173.94431092328,1057.11979314316,0,0,0,188,0,0,0
22,27,6,3151.03560448002,740.982497268573,0,0,0,104,0,0,0
22,27,7,19917.4145477862,6259.33049545641,116,0,0,202,0,0,0
22,27,8,0,6,0,0,0,0,0,0,0
22,28,1,3022.8151165133,1627.79365992019,81,0,0,108,0,0,0
22,28,2,3090.78803650562,1082.03318644103,53,0,0,116,0,0,0
22,28,3,3075.408697335,1970.77481101711,13,0,0,102,0,0,0
22,28,4,3086.14428409448,1563.22555597294,32,0,0,124,0,0,0
22,28,5,3183.51374196328,700.549593738839,2,0,0,103,0,0,0
22,28,6,3162.10687744002,1098.8023100365,0,0,0,74,0,0,0
22,28,7,19944.2557535462,9569.59567556477,193,2,0,218,0,0,7
22,28,8,0,6,0,0,0,0,0,0,0
22,29,1,3044.4338838733,1052.2294356055,0,0,0,162,0,0,0
22,29,2,3102.59058882562,1348.16127668408,0,0,0,108,0,0,0
22,29,3,3102.623067127,1485.91251093738,0,0,0,189,0,0,0
22,29,4,3106.12668921448,1238.0236133662,0,0,0,156,0,0,0
22,29,5,3187.55829425768,1802.44355289708,0,0,0,70,0,0,0
22,29,6,3172.83129845762,2012.19042696618,0,0,0,109,0,0,0
22,29,7,19963.0588665062,11530.9381362368,66,0,0,191,0,0,0
22,29,8,0,6,0,0,0,0,0,0,0
22,30,1,3049.3045762253,685.02835187562,0,0,0,105,0,0,0
22,30,2,3117.96860088322,2097.67491379615,0,0,0,134,0,0,0
22,30,3,3114.7459515302,1455.69306949608,0,0,0,148,0,0,0
22,30,4,3114.32161951336,1577.01092119543,0,0,0,123,0,0,0
22,30,5,3216.04402865768,780.685910210017,0,0,0,179,0,0,0
22,30,6,3200.82791680001,1844.45938699644,0,0,0,192,0,0,0
22,30,7,19980.9208065959,14986.9271653279,51,0,0,210,0,0,0
22,30,8,0,6,0,0,0,0,0,0,0
22,31,1,3049.7800240333,1477.82602093784,0,0,0,68,0,0,0
22,31,2,3144.46130999708,1451.10280306317,0,0,0,202,0,0,0
22,31,3,3130.1694984102,1601.03365757646,0,0,0,145,0,0,0
22,31,4,3131.85964037736,1143.32347786177,0,0,0,157,0,0,0
22,31,5,3218.9436329124,672.364049774346,0,0,0,78,0,0,0
22,31,6,3233.25856632424,686.681189614458,0,0,0,183,0,0,0
22,31,7,19997.7930779558,5251.00121385153,47,0,0,185,0,0,0
22,31,8,0,6,0,0,0,0,0,0,0
22,32,1,3071.18889224604,1310.24095894129,2,0,0,143,0,0,0
22,32,2,3169.51957870594,567.861197102487,0,0,0,145,0,0,0
22,32,3,3145.28037991368,1093.5093330132,8,0,0,143,0,0,0
22,32,4,3146.65263855946,1261.05224527659,0,0,0,114,0,0,0
22,32,5,3212.53555752552,1411.9449857036,0,0,0,67,0,0,0
22,32,6,3240.36055164028,1537.9641221312,0,0,0,68,0,0,0
22,32,7,20008.1301787558,10470.617733162,174,0,0,158,0,0,1
22,32,8,0,6,0,0,0,0,0,0,0
22,33,1,3085.9223644578,1172.6337565744,0,0,0,131,0,0,0
22,33,2,3159.14681067522,1548.49631683312,0,0,0,56,0,0,0
22,33,3,3148.17766465409,1055.7961493651,0,0,0,109,0,0,0
22,33,4,3156.33086652746,1078.28832487613,0,0,0,126,0,0,0
22,33,5,3226.70704516712,1447.26594612089,0,0,0,141,0,0,0
22,33,6,3265.67587023996,1296.98931287471,0,0,0,153,0,0,0
22,33,7,20020.8332571558,9644.76841459947,41,0,0,198,0,0,0
22,33,8,0,6,0,0,0,0,0,0,0
22,34,1,3099.1055684002,902.032065814698,0,0,0,117,0,0,0
22,34,2,3183.90729898887,1424.79866164693,0,0,0,154,0,0,0
22,34,3,3157.54272503328,1409.41838838631,0,0,0,105,0,0,0
22,34,4,3166.68620595595,1762.88219681671,0,0,0,107,0,0,0
22,34,5,3247.70353251535,908.120901831596,0,0,0,144,0,0,0
22,34,6,3291.86738189436,929.835951691678,0,0,0,129,0,0,0
22,34,7,20055.9499782832,6317.64791682914,43,0,0,224,0,0,0
22,34,8,0,6,0,0,0,0,0,0,0
22,35,1,3094.61999812692,2024.37258534697,0,0,0,90,0,0,0
22,35,2,3190.82397141977,1625.46300561169,0,0,0,142,0,0,0
22,35,3,3161.44176426528,885.001848512219,0,0,0,140,0,0,0
22,35,4,3180.92316472838,1140.91285246754,14,0,0,148,0,0,0
22,35,5,3247.60538244303,2154.10473396189,0,0,0,90,0,0,0
22,35,6,3296.77903127676,1308.75051766777,0,0,0,92,0,0,0
22,35,7,20064.9172722352,5975.63816367005,188,0,0,207,0,0,2
22,35,8,0,6,0,0,0,0,0,0,0
22,36,1,3110.92845279316,1511.70708371488,0,5,0,167,0,0,0
22,36,2,3216.73247089084,1241.7031161163,0,0,0,162,0,0,0
22,36,3,3156.69675588743,1423.78556926471,0,0,0,88,0,0,0
22,36,4,3178.37924050847,1266.09918637076,0,0,0,114,0,0,0
22,36,5,3279.99309377391,1203.3275441678,0,1,0,205,0,0,0
22,36,6,3318.05392546711,1458.06633097643,0,0,0,130,0,0,0
22,36,7,20082.9940471472,10834.9891900924,0,66,0,180,0,0,0
22,36,8,0,6,0,0,0,0,0,0,0
22,37,1,3118.87107510356,1522.77581221717,0,1,0,146,0,0,0
22,37,2,3220.06602115516,1159.75100390809,0,0,0,124,0,0,0
22,37,3,3160.12184450168,1161.30032321466,0,0,0,142,0,0,0
22,37,4,3175.28031490508,1780.98142107736,0,0,0,126,0,0,0
22,37,5,3284.01504198891,1757.54950821297,0,0,0,120,0,0,0
22,37,6,3344.30689915308,887.265415398341,0,0,0,145,0,0,0
22,37,7,20109.0151912548,3686.4098191702,0,191,0,243,0,0,0
22,37,8,0,6,0,0,0,0,0,0,0
22,38,1,3125.09958060115,1772.09781683948,0,0,0,152,0,0,0
22,38,2,3208.63401828796,1172.96375749383,0,0,0,115,0,0,0
22,38,3,3153.77773465434,1076.83804955625,0,0,0,116,0,0,0
22,38,4,3177.894313579,1190.54487629658,1,0,0,174,0,0,0
22,38,5,3295.6597251415,1994.08054750889,0,0,0,175,0,0,0
22,38,6,3343.54569963948,2035.98388496347,0,0,0,88,0,0,0
22,38,7,20132.3884878948,9925.72385578601,48,0,0,176,0,0,0
22,38,8,0,6,0,0,0,0,0,0,0
22,39,1,3144.49692446803,1230.39859009859,0,0,0,177,0,0,0
22,39,2,3204.53175669586,1598.34893005793,0,0,0,117,0,0,0
22,39,3,3151.19155970291,879.032358169467,0,0,0,107,0,0,0
22,39,4,3167.11486842573,1548.6488458275,0,0,0,119,0,0,0
22,39,5,3328.22705041294,1956.02150665281,0,0,0,199,0,0,0
22,39,6,3374.94394486182,2609.68307545614,0,0,0,180,0,0,0
22,39,7,20176.4615009902,8441.50794914283,3,20,0,211,0,0,0
22,39,8,0,6,0,0,0,0,0,0,0
22,40,1,3125.55706366035,644.267999876042,0,82,0,41,0,0,0
22,40,2,3189.67096076991,1554.41776414444,0,76,0,83,0,0,0
22,40,3,3126.80376023693,1223.11032757774,0,33,0,54,0,0,0
22,40,4,3152.95714870251,1511.74413953281,0,72,0,82,0,0,0
22,40,5,3318.25220568974,1592.55563283892,0,109,0,86,0,0,0
22,40,6,3387.89876250736,810.658672432654,0,131,0,129,0,0,0
22,40,7,20273.3838385803,10144.5274756576,1,353,0,376,0,0,0
22,40,8,0,6,0,0,0,0,0,0,0
22,41,1,3120.18069758035,930.05089322452,0,0,0,64,0,0,0
22,41,2,3207.26228821002,1689.28869301613,0,0,0,155,0,0,0
22,41,3,3138.86663729395,1050.38808661192,0,0,0,122,0,0,0
22,41,4,3163.85865898479,1546.72477170862,0,0,0,151,0,0,0
22,41,5,3350.27740924832,1305.29995375692,0,0,0,159,0,0,0
22,41,6,3407.5431832833,1911.90011948742,0,0,0,81,0,0,0
22,41,7,20336.9383249547,8916.39999745255,27,0,0,258,0,0,0
22,41,8,0,6,0,0,0,0,0,0,0
22,42,1,3129.48837845075,1052.69848441414,0,0,0,93,0,0,0
22,42,2,3243.11549169796,1003.06438750685,0,0,0,168,0,0,0
22,42,3,3153.93167723902,500.549288805742,0,0,0,105,0,0,0
22,42,4,3191.52089837862,1708.31734873514,0,0,0,154,0,0,0
22,42,5,3379.68980100414,1716.28963770392,0,0,0,130,0,0,0
22,42,6,3476.81086103627,1087.28647318693,0,0,0,191,0,0,0
22,42,7,20409.6227221354,13439.6804450909,18,1,0,228,0,0,0
22,42,8,0,6,0,0,0,0,0,0,0
22,43,1,3134.41490571347,1481.32851569546,0,0,0,105,0,0,0
22,43,2,3239.23409362913,1070.44158894345,0,0,0,100,0,0,0
22,43,3,3137.24383923992,419.16688802151,0,0,0,50,0,0,0
22,43,4,3205.51831989227,990.638289586155,0,0,0,170,0,0,0
22,43,5,3404.17471552502,904.397014797051,0,0,0,171,0,0,0
22,43,6,3492.03099091019,1366.34310677835,0,0,0,108,0,0,0
22,43,7,20436.0030101354,7831.8470625188,25,0,0,206,0,0,0
22,43,8,0,6,0,0,0,0,0,0,0
22,44,1,3163.81962219603,950.633366714599,0,0,0,148,0,0,0
22,44,2,3253.39732950419,1542.28565499983,0,0,0,107,0,0,0
22,44,3,3126.14013154604,864.843676447993,0,0,0,41,0,0,0
22,44,4,3224.8777052767,835.983889374478,0,0,0,99,0,0,0
22,44,5,3419.00563816626,1538.35280991132,0,0,0,90,0,0,0
22,44,6,3542.31511421519,1573.18025807939,0,0,0,136,0,0,0
22,44,7,20499.5343983735,5927.29542968208,126,0,0,202,0,0,0
22,44,8,0,6,0,0,0,0,0,0,0
22,45,1,3139.69402228409,647.851659667027,92,0,0,3,0,0,0
22,45,2,3248.88445463955,876.587759248426,76,0,0,78,0,0,0
22,45,3,3103.27800363612,1017.79441433544,61,0,0,25,0,0,0
22,45,4,3206.09304761475,1061.52792861412,39,0,0,44,0,0,0
22,45,5,3420.35623510626,2070.83224142308,81,0,0,72,0,0,0
22,45,6,3557.59857314285,1681.38235780789,73,0,0,84,0,0,0
22,45,7,20550.6824621175,8470.56001915123,268,0,0,254,0,0,1
22,45,8,0,6,0,0,0,0,0,0,0
22,46,1,3134.26044227257,962.754208772884,0,0,0,64,0,0,0
22,46,2,3245.99564851334,1698.93937965368,0,0,0,87,0,0,0
22,46,3,3094.65901655701,1624.08417568543,0,0,0,101,0,0,0
22,46,4,3207.64801244438,760.702839307677,0,0,0,106,0,0,0
22,46,5,3450.75763581128,1479.81673702825,2,0,0,177,0,0,0
22,46,6,3594.33038083442,2867.27663838282,0,0,0,168,0,0,0
22,46,7,20556.6159825014,12465.6240796653,61,0,0,218,0,0,0
22,46,8,0,6,0,0,0,0,0,0,0
22,47,1,3143.69133933364,740.210475383863,0,0,0,96,0,0,0
22,47,2,3275.16631302178,1279.38734400506,0,0,0,169,0,0,0
22,47,3,3126.89191043512,1264.81510035407,0,0,0,162,0,0,0
22,47,4,3202.84866973841,765.849555107984,0,0,0,76,0,0,0
22,47,5,3476.14288009787,1660.62098426108,0,0,0,147,0,0,0
22,47,6,3643.89240927455,2229.46985428647,3,0,0,192,0,0,0
22,47,7,20618.7524335292,14412.6081870059,35,0,0,366,0,0,0
22,47,8,0,6,0,0,0,0,0,0,0
22,48,1,3135.88383199642,1070.24061688779,0,0,0,74,0,0,0
22,48,2,3279.06204596516,2028.834385019,0,0,0,127,0,0,0
22,48,3,3122.68649300452,955.061350702425,0,0,0,126,0,0,0
22,48,4,3195.07656582396,962.197441331239,0,0,0,76,0,0,0
22,48,5,3501.99876544657,1527.39276804307,0,0,0,166,0,0,0
22,48,6,3675.43452575103,1557.18775135522,0,1,0,187,0,0,0
22,48,7,20610.0651049086,11897.1753188317,0,59,0,187,0,0,0
22,48,8,0,6,0,0,0,0,0,0,0
22,49,1,3145.49225092859,1722.24862766468,0,0,0,107,0,0,0
22,49,2,3308.75690157267,919.993337406635,0,25,0,165,0,0,0
22,49,3,3128.27511540753,1437.16108504237,0,1,0,94,0,0,0
22,49,4,3192.80979285162,1081.43503892065,0,0,0,96,0,0,0
22,49,5,3520.78366252149,662.272016411002,0,12,0,134,0,0,0
22,49,6,3710.81245885883,626.067708928409,0,6,0,146,0,0,0
22,49,7,20694.3500338989,9788.23032183547,0,475,0,475,0,0,0
22,49,8,0,6,0,0,0,0,0,0,0
22,50,1,3160.2459100994,1117.10077119386,0,0,0,172,0,0,0
22,50,2,3305.41360621246,742.16042813197,0,0,0,91,0,0,0
22,50,3,3128.80161103684,589.021674463847,0,0,0,143,0,0,0
22,50,4,3183.9985275155,1041.84681493832,0,0,0,108,0,0,0
22,50,5,3512.06159216142,2206.59455251451,0,0,0,66,0,0,0
22,50,6,3711.14010846041,2004.84628874852,0,0,0,62,0,0,0
22,50,7,20728.4117509933,9810.84686747814,28,0,0,227,0,0,0
22,50,8,0,6,0,0,0,0,0,0,0
22,51,1,3168.22421613102,1038.31225971458,0,0,0,111,0,0,0
22,51,2,3296.86047440442,1605.27312679869,0,0,0,74,0,0,0
22,51,3,3109.28162105566,1123.61381683676,0,0,0,58,0,0,0
22,51,4,3182.0578501522,1660.89298745235,0,0,0,104,0,0,0
22,51,5,3556.49030822783,2200.19422437151,0,0,0,213,0,0,0
22,51,6,3742.27526555699,1871.57653938973,0,0,0,196,0,0,0
22,51,7,20789.7791089839,12495.7012978316,19,0,0,290,0,0,0
22,51,8,0,6,0,0,0,0,0,0,0
22,52,1,3175.30532644828,1817.57694337462,0,0,0,103,0,0,0
22,52,2,3319.13910287263,758.320809831339,0,0,0,160,0,0,0
22,52,3,3108.57137894132,1299.73972392382,0,0,0,112,0,0,0
22,52,4,3196.55506141866,1199.56036204399,0,0,0,160,0,0,0
22,52,5,3599.62208412721,2177.46460124362,0,1,0,206,0,0,0
22,52,6,3789.07774480272,1872.33179324324,0,0,0,187,0,0,0
22,52,7,20824.1570083237,10732.6224367587,0,79,0,192,0,0,0
22,52,8,0,6,0,0,0,0,0,0,0
22,53,1,3209.54934744671,1600.76845848361,0,0,0,181,0,0,0
22,53,2,3314.06912357888,1514.63162233189,0,0,0,75,0,0,0
22,53,3,3108.29476979231,890.895879009266,0,0,0,129,0,0,0
22,53,4,3202.13199933805,1575.29029956679,0,0,0,119,0,0,0
22,53,5,3645.68479738008,538.215124618034,0,3,0,182,0,0,0
22,53,6,3839.50378141148,1795.97349599897,0,0,0,187,0,0,0
22,53,7,20895.6091460837,11697.9050454501,0,69,0,245,0,0,0
22,53,8,0,6,0,0,0,0,0,0,0
22,54,1,3236.19913515972,1254.20145771623,0,8,0,137,0,0,0
22,54,2,3332.47466543726,1228.7944265152,0,0,0,151,0,0,0
22,54,3,3102.11471873901,1580.08801939181,0,0,0,89,0,0,0
22,54,4,3230.03129315093,1617.38194521836,0,5,0,144,0,0,0
22,54,5,3636.11010175095,573.718745534425,0,0,0,53,0,0,0
22,54,6,3898.11867462898,887.062793979039,0,10,0,151,0,0,0
22,54,7,20964.6714798291,12215.3212405348,4,212,0,195,0,0,0
22,54,8,0,6,0,0,0,0,0,0,0
22,55,1,3242.04754496759,1086.18707916281,0,0,0,125,0,0,0
22,55,2,3329.87061221374,975.906157639512,0,0,0,122,0,0,0
22,55,3,3115.48552256432,724.871830420712,0,0,0,158,0,0,0
22,55,4,3239.84633738376,2104.26663594568,0,0,0,161,0,0,0
22,55,5,3628.39694911673,1855.5027217237,0,0,0,57,0,0,0
22,55,6,3902.88796404417,1487.91810882184,0,0,0,88,0,0,0
22,55,7,21053.8442282638,6357.40948966118,0,173,0,266,0,0,0
22,55,8,0,6,0,0,0,0,0,0,0
22,56,1,3246.51806781325,1705.50382395078,0,0,0,108,0,0,0
22,56,2,3329.04307125502,1130.40730905141,0,0,0,97,0,0,0
22,56,3,3093.09280606237,1531.54519408176,0,0,0,72,0,0,0
22,56,4,3255.85973287413,512.027863699558,0,40,0,142,0,0,0
22,56,5,3660.054866906,1509.00352118561,0,13,0,163,0,0,0
22,56,6,3956.69261167559,1471.62939258284,0,1,0,146,0,0,0
22,56,7,21140.8350379665,7499.32092192154,1,194,0,204,0,0,2
22,56,8,0,6,0,0,0,0,0,0,0
22,57,1,3233.99928950082,1415.71409497615,0,97,0,54,0,0,0
22,57,2,3323.642711079,1553.43721358081,0,9,0,102,0,0,0
22,57,3,3102.83364733659,1097.18199698486,0,33,0,113,0,0,0
22,57,4,3243.06469812738,1072.07029411068,0,0,0,51,0,0,0
22,57,5,3688.60634493797,937.870046497631,0,17,0,130,0,0,0
22,57,6,4007.01668612382,775.092650439428,0,10,0,135,0,0,0
22,57,7,21272.3153701036,15188.5910102011,1,281,0,275,0,0,2
22,57,8,0,6,0,0,0,0,0,0,0
22,58,1,3239.95578984974,1854.18687731273,0,0,0,141,0,0,0
22,58,2,3318.18433619868,2044.99859143209,0,0,0,155,0,0,0
22,58,3,3083.59464728994,1601.06487522531,0,0,0,109,0,0,0
22,58,4,3230.85634699823,760.221455981512,0,0,0,107,0,0,0
22,58,5,3678.02637433382,947.276875004818,0,0,0,93,0,0,0
22,58,6,4014.49735755348,2265.84035548122,0,0,0,77,0,0,0
22,58,7,21304.9594845807,10951.632916923,29,0,0,197,0,0,0
22,58,8,0,6,0,0,0,0,0,0,0
22,59,1,3260.07351422683,905.416319609259,0,0,0,181,0,0,0
22,59,2,3351.00078271267,1576.93730391269,0,0,0,200,0,0,0
22,59,3,3088.17716268792,1185.00030855948,0,0,0,160,0,0,0
22,59,4,3222.26450045168,577.278343982034,0,0,0,76,0,0,0
22,59,5,3676.8112673034,1633.964394188,0,0,0,94,0,0,0
22,59,6,4057.01355915769,1820.7477215395,0,0,0,181,0,0,9
22,59,7,21354.3810386059,10722.8121695928,24,0,0,205,0,0,2
22,59,8,0,6,0,0,0,0,0,0,0
22,60,1,3237.75763772319,1429.20282999262,0,49,0,41,0,0,0
22,60,2,3343.44361582558,1361.44657538579,0,56,0,101,0,0,0
22,60,3,3059.22156180527,1691.50584700704,0,63,0,55,0,0,0
22,60,4,3187.8382145854,1516.10129514912,0,46,0,11,0,0,0
22,60,5,3670.06513152398,1545.21925301052,0,85,0,78,0,0,0
22,60,6,4059.39560499489,854.54604019693,0,104,0,78,0,0,0
22,60,7,21505.3862014379,5842.37698280883,0,543,0,506,0,0,0
22,60,8,0,6,0,0,0,0,0,0,0
22,61,1,3267.30257822767,1152.2946299878,0,0,0,142,0,0,0
22,61,2,3378.78101344128,954.025783988922,0,0,0,136,0,0,0
22,61,3,3104.29477630761,1698.95530934354,0,0,0,169,0,0,0
22,61,4,3215.336892766,1039.35828591973,0,0,0,151,0,0,0
22,61,5,3730.90657309036,901.166238776049,0,0,0,154,0,0,0
22,61,6,4096.91006095186,1411.49305326054,0,0,0,85,0,0,0
22,61,7,21601.3848323486,12803.40384765,39,0,0,200,0,0,0
22,61,8,0,6,0,0,0,0,0,0,0
22,62,1,3272.4695906354,1591.30196858137,0,0,0,115,0,0,0
22,62,2,3372.97617397676,1772.51131157515,0,0,0,95,0,0,0
22,62,3,3116.92219177455,1231.02734951246,0,0,0,169,0,0,0
22,62,4,3215.80851676816,1632.3072980524,0,0,0,103,0,0,0
22,62,5,3742.37978862033,701.4642843111,0,0,0,90,0,0,0
22,62,6,4138.78570866115,1758.99422133608,0,0,0,141,0,0,0
22,62,7,21684.8786416261,7047.3685751249,29,0,0,273,0,0,0
22,62,8,0,6,0,0,0,0,0,0,0
22,63,1,3272.17999453368,1350.76008190788,96,0,0,53,0,0,0
22,63,2,3365.69143287112,1525.38424162763,91,0,0,77,0,0,0
22,63,3,3110.52403017484,1631.68413904698,19,0,0,102,0,0,0
22,63,4,3219.12557447026,1717.03175235522,61,0,0,96,0,0,0
22,63,5,3752.90386695208,1761.28949922449,0,0,0,70,0,0,0
22,63,6,4166.15335699667,1535.76965015881,67,0,0,102,0,0,0
22,63,7,21723.1834093189,11842.3942264608,180,4,0,166,0,0,3
22,63,8,0,6,0,0,0,0,0,0,0
22,64,1,3297.63964370562,1106.61014089873,0,0,0,135,0,0,0
22,64,2,3395.35212318476,1448.51853534724,0,0,0,152,0,0,0
22,64,3,3132.88647217789,1172.81332747936,0,0,0,163,0,0,0
22,64,4,3241.58972757966,1166.56193511714,0,0,0,171,0,0,0
22,64,5,3795.33329218641,1105.35794356831,0,0,0,176,0,0,0
22,64,6,4209.47220931116,1147.26788887028,0,0,0,153,0,0,0
22,64,7,21747.6742810397,10342.9066598506,61,0,0,189,0,0,0
22,64,8,0,6,0,0,0,0,0,0,0
22,65,1,3320.88529508424,925.575862624646,0,0,0,110,0,0,0
22,65,2,3425.59239106455,1570.96305149652,0,0,0,144,0,0,0
22,65,3,3152.26642988759,332.22589761204,0,0,0,117,0,0,0
22,65,4,3262.38636480158,1759.4851575885,0,0,0,116,0,0,0
22,65,5,3813.77006129688,2080.68071450056,0,0,0,110,0,0,0
22,65,6,4247.80047096424,2339.25866674498,0,0,0,114,0,0,0
22,65,7,21777.157952731,12436.6303318961,104,0,0,192,0,0,1
22,65,8,0,6,0,0,0,0,0,0,0
22,66,1,3333.57505060745,1045.63188582499,0,0,0,92,0,0,0
22,66,2,3459.70109941764,1661.29189652165,0,0,0,157,0,0,0
22,66,3,3136.61797062476,561.310336722151,0,0,0,33,0,0,0
22,66,4,3298.20669214259,1296.6041765446,0,0,0,175,0,0,0
22,66,5,3870.25223616352,2165.17138168885,0,0,0,207,0,0,0
22,66,6,4325.33982068693,1620.562766661,0,0,0,233,0,0,0
22,66,7,21804.7646888004,7435.37818069076,67,0,0,210,0,0,0
22,66,8,0,6,0,0,0,0,0,0,0
22,67,1,3341.82852891589,583.24512582835,0,0,0,104,0,0,0
22,67,2,3490.30786531758,2668.09717858709,27,0,0,128,0,0,0
22,67,3,3127.5400442996,2076.01896090064,0,0,0,56,0,0,0
22,67,4,3308.43627167298,1425.24496614227,1,0,0,128,0,0,0
22,67,5,3902.65347179081,1399.93332051558,42,0,0,157,0,0,0
22,67,6,4349.24263126412,1541.62089000998,19,0,0,135,0,0,0
22,67,7,21861.5084962976,13900.8946831944,252,1,0,301,0,0,1
22,67,8,0,6,0,0,0,0,0,0,0
22,68,1,3336.93466980466,913.871333191584,0,0,0,58,0,0,0
22,68,2,3532.89333424725,1480.54290546209,0,0,0,252,0,0,0
22,68,3,3145.80132052325,954.702609947304,0,0,0,191,0,0,0
22,68,4,3309.90272224962,1197.95912980826,0,0,0,142,0,0,0
22,68,5,3924.34220367132,1044.44237228694,0,0,0,139,0,0,0
22,68,6,4399.83735501267,1231.19688385179,0,0,0,154,0,0,0
22,68,7,21912.23923101,8345.39007481221,0,38,0,239,0,0,0
22,68,8,0,6,0,0,0,0,0,0,0
22,69,1,3319.07250286442,1355.82413556756,0,54,0,37,0,0,0
22,69,2,3513.06624669877,1020.7672925965,0,88,0,60,0,0,0
22,69,3,3123.88823037786,1330.18187188826,0,48,0,47,0,0,0
22,69,4,3298.04954034547,1708.43051874499,0,61,0,58,0,0,0
22,69,5,3916.70226228932,1247.10866833436,0,51,0,53,0,0,0
22,69,6,4401.88432508399,996.140305435424,0,61,0,62,0,0,0
22,69,7,21935.9751240636,11138.191586907,3,219,0,201,0,0,0
22,69,8,0,6,0,0,0,0,0,0,0
22,70,1,3352.18846231807,1519.98103566831,0,0,0,135,0,0,0
22,70,2,3537.4514229225,1794.01696568749,0,0,0,102,0,0,0
22,70,3,3161.46357852259,1337.27909192751,0,0,0,133,0,0,0
22,70,4,3331.7171167981,1003.32611502649,0,0,0,170,0,0,0
22,70,5,3957.21925863545,1605.18684455439,0,0,0,124,0,0,0
22,70,6,4448.29213800172,1524.49527093179,0,0,0,99,0,0,0
22,70,7,22097.8657400426,9726.09659060524,11,8,0,288,0,0,0
22,70,8,0,6,0,0,0,0,0,0,0
22,71,1,3393.96819653297,2334.49623932916,0,0,0,151,0,0,0
22,71,2,3588.69562639424,1125.95613796728,0,0,0,179,0,0,0
22,71,3,3186.34838817711,1462.04250063122,0,0,0,133,0,0,0
22,71,4,3354.6854151548,1243.21211626413,0,0,0,100,0,0,0
22,71,5,4008.1292792106,1727.25261733573,0,0,0,160,0,0,0
22,71,6,4506.03824920817,1034.16137169455,0,0,0,152,0,0,0
22,71,7,22175.0469280534,3114.96027062355,48,0,0,188,0,0,0
22,71,8,0,6,0,0,0,0,0,0,0
22,72,1,3410.34548322095,1110.61942454413,37,0,0,133,0,0,0
22,72,2,3594.48634036886,2167.05088544125,0,0,0,112,0,0,0
22,72,3,3196.57379027784,1787.3408539055,0,0,0,146,0,0,0
22,72,4,3368.31612069745,1723.27273927418,0,0,0,124,0,0,0
22,72,5,4019.59993716595,2105.88900499915,16,0,0,129,0,0,0
22,72,6,4525.2012559584,1896.0418535621,0,0,0,103,0,0,0
22,72,7,22202.2013598944,7399.67494024202,53,0,0,167,0,0,0
22,72,8,0,6,0,0,0,0,0,0,0
22,73,1,3429.06511769661,837.187139080168,0,0,0,111,0,0,0
22,73,2,3632.27783574395,1654.15934311404,1,0,0,193,0,0,0
22,73,3,3222.23598201041,1092.31843744508,0,0,0,178,0,0,0
22,73,4,3393.82167238404,1323.28903590941,0,0,0,172,0,0,0
22,73,5,4066.02054390554,689.233986130458,0,0,0,210,0,0,0
22,73,6,4576.33863618943,1980.39357443498,0,0,0,189,0,0,0
22,73,7,22243.7510195283,9818.51143969696,28,0,0,193,0,0,0
22,73,8,0,6,0,0,0,0,0,0,0
22,74,1,3445.27741268717,1280.4545239545,0,0,0,83,0,0,0
22,74,2,3690.04734189981,1244.62402227141,0,0,0,165,0,0,0
22,74,3,3236.81477417412,926.601945647209,0,0,0,109,0,0,0
22,74,4,3422.97336854252,1026.60933853956,0,0,0,132,0,0,0
22,74,5,4069.0836525165,1558.25797758009,0,0,0,68,0,0,0
22,74,6,4659.12282783938,2656.3516739872,0,0,0,197,0,0,0
22,74,7,22328.6432921588,7290.46912814942,25,0,0,236,0,0,0
22,74,8,0,6,0,0,0,0,0,0,0
22,75,1,3466.80655266194,1404.24642616538,0,0,0,128,0,0,0
22,75,2,3712.60508284487,1823.82626603234,0,0,0,124,0,0,0
22,75,3,3248.34187939496,861.284681244125,0,0,0,92,0,0,0
22,75,4,3438.509472028,1198.81962294578,0,0,0,102,0,0,0
22,75,5,4098.39792069138,1805.18322142582,0,0,0,155,0,0,0
22,75,6,4726.45425640542,2270.67751906024,12,0,0,179,0,0,0
22,75,7,22367.6207576068,8316.51240433291,81,0,0,167,0,0,0
22,75,8,0,6,0,0,0,0,0,0,0
22,76,1,3508.18846161831,1032.98201389674,0,0,0,140,0,0,0
22,76,2,3813.33413132062,2855.21504651873,0,0,0,182,0,0,0
22,76,3,3272.11812450577,474.771706261439,0,0,0,86,0,0,0
22,76,4,3471.74443676135,1378.02112387423,0,0,0,119,0,0,0
22,76,5,4182.48547267145,724.399048705088,0,0,0,180,0,0,0
22,76,6,4859.77570001456,2644.62334395682,0,0,0,224,0,0,0
22,76,7,22452.1710817446,7323.03844818395,62,0,0,186,0,0,0
22,76,8,0,6,0,0,0,0,0,0,0
22,77,1,3522.05057906404,1373.54327922998,0,0,0,103,0,0,0
22,77,2,3843.02822836131,1456.45649679325,0,21,0,153,0,0,0
22,77,3,3261.25863183198,1635.74565215355,0,0,0,47,0,0,0
22,77,4,3487.95636321447,1427.06870904043,0,0,0,137,0,0,0
22,77,5,4179.45420994636,2191.12755691976,0,0,0,72,0,0,0
22,77,6,4932.39310222015,1924.74930326883,0,12,0,187,0,0,0
22,77,7,22476.1502682161,11992.2683017344,0,88,0,177,0,0,0
22,77,8,0,6,0,0,0,0,0,0,0
22,78,1,3533.01855852565,1137.05339275994,0,0,0,137,0,0,0
22,78,2,3877.95379172149,1551.76291279788,0,0,0,145,0,0,0
22,78,3,3273.99982118214,1290.20295850561,0,0,0,163,0,0,0
22,78,4,3502.92359957699,1090.10333484661,0,0,0,142,0,0,0
22,78,5,4213.01250379862,2898.47582675542,0,0,0,193,0,0,0
22,78,6,4999.8131115784,1872.92947415554,0,0,0,186,0,0,0
22,78,7,22522.344318001,11003.6001881043,29,0,0,210,0,0,0
22,78,8,0,6,0,0,0,0,0,0,0
22,79,1,3575.27706658179,1603.71774048998,0,0,0,113,0,0,0
22,79,2,3991.1353637747,1820.6892815223,0,0,0,155,0,0,0
22,79,3,3327.89579497555,1949.71691127839,0,0,0,129,0,0,0
22,79,4,3536.40206311323,1703.9468689048,0,0,0,109,0,0,0
22,79,5,4316.87325911335,2004.11896564616,0,14,0,161,0,0,0
22,79,6,5139.69892503806,1722.33688209461,0,0,0,186,0,0,0
22,79,7,22602.5321529673,13307.7213709516,0,99,0,189,0,0,0
22,79,8,0,6,0,0,0,0,0,0,0
22,80,1,3594.18299549091,1142.40297486233,0,7,0,137,0,0,0
22,80,2,4026.63303377287,1503.24215645379,0,16,0,129,0,0,0
22,80,3,3366.15296905682,2011.68025446413,0,11,0,158,0,0,0
22,80,4,3602.02353115555,980.281911928836,0,0,0,170,0,0,0
22,80,5,4370.76222069996,2630.34732566386,0,11,0,163,0,0,0
22,80,6,5225.87181297198,2394.96112916546,0,0,0,170,0,0,0
22,80,7,22809.7373627166,6248.83123771776,0,293,0,363,0,0,0
22,80,8,0,6,0,0,0,0,0,0,0
22,81,1,3599.79574141172,1021.5666744899,0,0,0,114,0,0,0
22,81,2,3998.82298325943,1323.90187828309,0,0,0,150,0,0,0
22,81,3,3388.96037808633,1469.07401359125,0,0,0,183,0,0,0
22,81,4,3590.09812263231,1603.72288990105,0,0,0,98,0,0,0
22,81,5,4428.37939350451,1478.50160125923,7,0,0,193,0,0,0
22,81,6,5300.37639795571,1629.27843278003,5,0,0,185,0,0,0
22,81,7,22876.1819249929,9823.21702528982,41,0,0,203,0,0,0
22,81,8,0,6,0,0,0,0,0,0,0
22,82,1,3603.90561575344,1291.93154913192,0,0,0,102,0,0,0
22,82,2,4008.53711303646,1492.97779852298,0,0,0,132,0,0,0
22,82,3,3418.36894357615,1439.46719781927,0,0,0,146,0,0,0
22,82,4,3627.81599146294,535.111804989258,0,0,0,160,0,0,0
22,82,5,4463.38229038593,1489.29360023597,0,0,0,147,0,0,0
22,82,6,5385.83789776898,3271.24968715745,0,0,0,162,0,0,0
22,82,7,22977.4984492556,5896.14990166595,0,38,0,228,0,0,0
22,82,8,0,6,0,0,0,0,0,0,0
22,83,1,3587.63899880585,1364.97502950237,0,78,0,51,0,0,0
22,83,2,3953.83126062645,1035.00074251291,0,78,0,71,0,0,0
22,83,3,3402.95027802015,1296.12610252309,0,71,0,72,0,0,0
22,83,4,3591.48202175244,1145.41819897276,0,25,0,28,0,0,0
22,83,5,4443.63292855363,424.846208962624,0,66,0,82,0,0,0
22,83,6,5434.48378457253,1814.29077111593,0,165,0,162,0,0,0
22,83,7,23000.3550256447,5747.73081195296,4,186,0,168,0,0,0
22,83,8,0,6,0,0,0,0,0,0,0
22,84,1,3622.00334214716,1323.10166036072,0,0,0,136,0,0,0
22,84,2,3967.62661286103,1517.0475373858,0,0,0,103,0,0,0
22,84,3,3437.55817625572,1715.91112144914,0,0,0,129,0,0,0
22,84,4,3618.1196812791,1369.9987343917,0,0,0,114,0,0,0
22,84,5,4446.79183565935,1743.6724120787,0,0,0,42,0,0,0
22,84,6,5537.0039371807,2054.74632640547,0,0,0,181,0,0,0
22,84,7,23084.2593816809,4622.83765845379,39,0,0,183,0,0,0
22,84,8,0,6,0,0,0,0,0,0,0
22,85,1,3637.04578651622,1475.98021925014,0,0,0,132,0,0,0
22,85,2,3989.42648644429,2097.93965923583,0,0,0,151,0,0,0
22,85,3,3441.96900082472,1962.917116722,0,0,0,171,0,0,0
22,85,4,3619.10061995437,1287.80654447118,0,0,0,136,0,0,0
22,85,5,4484.38268528186,709.685182343882,0,0,0,174,0,0,0
22,85,6,5605.94165136021,2489.37631725606,2,0,0,191,0,0,0
22,85,7,23129.6641818259,10489.4927991714,42,0,0,208,0,0,0
22,85,8,0,6,0,0,0,0,0,0,0
22,86,1,3668.36497183812,1389.02155666627,0,0,0,147,0,0,0
22,86,2,4060.29899045325,2461.89834160139,0,0,0,194,0,0,0
22,86,3,3484.80525592528,1055.26451114033,0,0,0,196,0,0,0
22,86,4,3660.22290659247,770.249497514973,0,0,0,128,0,0,0
22,86,5,4514.57758912192,1946.69814839573,0,0,0,70,0,0,0
22,86,6,5722.09059515681,3762.92892497683,2,0,0,189,0,0,0
22,86,7,23230.7903023959,5166.8196184726,33,0,0,236,0,0,0
22,86,8,0,6,0,0,0,0,0,0,0
22,87,1,3698.70926924661,2174.31273989489,0,0,0,138,0,0,0
22,87,2,4095.90450237228,1951.50112827594,32,0,0,145,0,0,0
22,87,3,3498.11272592508,1689.02955342393,0,0,0,105,0,0,0
22,87,4,3655.62426249928,653.680589712291,0,0,0,77,0,0,0
22,87,5,4559.87233753376,2383.92054636192,8,0,0,167,0,0,0
22,87,6,5820.72137947453,2637.01975865632,67,0,0,167,0,0,0
22,87,7,23285.5248756335,9502.14137714017,109,0,0,178,0,0,0
22,87,8,0,6,0,0,0,0,0,0,0
22,88,1,3728.84254995695,1737.79741889599,0,0,0,209,0,0,0
22,88,2,4130.28681348043,1350.7252603256,0,0,0,195,0,0,0
22,88,3,3520.58753500224,268.020082652031,0,0,0,168,0,0,0
22,88,4,3651.25542117355,1639.529144639,0,0,0,65,0,0,0
22,88,5,4613.37917683497,1873.68458703063,0,0,0,213,0,0,0
22,88,6,5915.95430626874,2834.10144014231,2,0,0,217,0,0,0
22,88,7,23364.6947895397,15034.3101444398,32,0,0,362,0,0,0
22,88,8,0,6,0,0,0,0,0,0,0
22,89,1,3762.73712085208,1534.80744737123,0,0,0,173,0,0,0
22,89,2,4169.09849866836,2103.33172014943,0,0,0,135,0,0,0
22,89,3,3504.2454466004,1306.21047956703,0,0,0,26,0,0,0
22,89,4,3699.75074747548,1750.5192087681,0,0,0,163,0,0,0
22,89,5,4695.27799300796,2482.95153880317,0,0,0,187,0,0,0
22,89,6,6082.44243602565,625.653292998024,1,0,0,238,0,0,0
22,89,7,23451.731331394,8613.61598024165,30,0,0,201,0,0,4
22,89,8,0,6,0,0,0,0,0,0,0
22,90,1,3792.36473628861,960.594856555677,0,0,0,153,0,0,0
22,90,2,4232.71980541338,1141.67348849042,1,0,0,190,0,0,0
22,90,3,3524.94384158195,2082.26383527937,0,0,0,130,0,0,0
22,90,4,3772.02378307143,1105.92519826889,0,0,0,172,0,0,0
22,90,5,4774.1999081354,2292.53326064468,1,0,0,209,0,0,4
22,90,6,6107.69250104009,2816.32233280668,0,0,0,62,0,0,0
22,90,7,23582.1622293354,13252.022870857,34,0,0,323,0,0,0
22,90,8,0,6,0,0,0,0,0,0,0
22,91,1,3789.92609732057,1130.58689765429,0,0,0,96,0,0,0
22,91,2,4231.15010279454,1870.97511624474,0,0,0,114,0,0,0
22,91,3,3542.44782736192,1465.70124587416,0,0,0,208,0,0,0
22,91,4,3766.51571147377,2022.7312014019,0,0,0,110,0,0,0
22,91,5,4815.93908611758,2226.64521594192,0,1,0,187,0,0,0
22,91,6,6171.62996933851,1966.69944581498,0,1,0,224,0,0,0
22,91,7,23608.8767103234,10781.3491026375,0,47,0,200,0,0,0
22,91,8,0,6,0,0,0,0,0,0,0
22,92,1,3794.63432817445,1290.4265793581,0,0,0,113,0,0,0
22,92,2,4282.16404757191,2290.5612235673,0,14,0,151,0,0,0
22,92,3,3569.22401621615,1355.39245293003,0,1,0,144,0,0,0
22,92,4,3826.72699167944,1596.42487944681,0,19,0,153,0,0,0
22,92,5,4875.37021044238,1265.64807188724,0,30,0,146,0,0,0
22,92,6,6260.73924217229,3601.82249120253,0,30,0,120,0,0,0
22,92,7,23709.860007406,13952.5958150953,2,222,0,225,0,0,4
22,92,8,0,6,0,0,0,0,0,0,0
22,93,1,3805.80959230715,792.518995578644,0,0,0,129,0,0,0
22,93,2,4307.95950178796,984.809928170828,0,0,0,218,0,0,0
22,93,3,3560.25757413341,1255.48451838051,0,0,0,135,0,0,0
22,93,4,3835.94062335687,951.434380556119,0,0,0,159,0,0,0
22,93,5,4896.24463563513,2383.22203283601,0,0,0,126,0,0,0
22,93,6,6320.44232857544,2797.57589490248,3,0,0,210,0,0,0
22,93,7,23770.6087092762,15475.4537786143,29,0,0,279,0,0,0
22,93,8,0,6,0,0,0,0,0,0,0
22,94,1,3797.10927398442,1431.17654818435,0,0,0,79,0,0,0
22,94,2,4286.96605468554,1723.05325052044,0,0,0,98,0,0,0
22,94,3,3555.97565654386,1042.38670299304,0,0,0,125,0,0,0
22,94,4,3831.00463779796,1215.79511762649,0,0,0,95,0,0,0
22,94,5,4932.87678075972,2459.39798531372,0,0,0,206,0,0,0
22,94,6,6392.44456549141,2747.10051326145,1,0,0,198,0,0,0
22,94,7,23819.7176586903,11639.1939818572,24,0,0,250,0,0,0
22,94,8,0,6,0,0,0,0,0,0,0
22,95,1,3778.34918855203,1004.35867915748,0,65,0,78,0,0,0
22,95,2,4293.48366706569,2173.09979751953,0,80,0,92,0,0,0
22,95,3,3548.72766841548,1205.37155116643,0,51,0,53,0,0,0
22,95,4,3803.55947503985,1221.37113305476,0,66,0,55,0,0,0
22,95,5,4956.98182258067,908.301300073105,0,140,0,105,0,0,0
22,95,6,6498.57972138437,1892.70562000025,0,120,0,154,0,0,0
22,95,7,23928.0250251706,14540.9016715287,8,152,0,206,0,0,0
22,95,8,0,6,0,0,0,0,0,0,0
22,96,1,3774.40772767836,2530.23865147223,0,0,0,100,0,0,0
22,96,2,4337.49459657762,2261.78008698553,0,0,0,203,0,0,0
22,96,3,3552.91190817132,1286.13865590498,0,0,0,120,0,0,0
22,96,4,3818.77240061203,1321.75189660027,0,0,0,122,0,0,0
22,96,5,4981.1371843485,878.033940477607,0,0,0,90,0,0,0
22,96,6,6591.05754890109,1284.71958160157,0,0,0,188,0,0,0
22,96,7,23966.1016605377,10979.4435159586,22,4,0,243,0,0,0
22,96,8,0,6,0,0,0,0,0,0,0
22,97,1,3847.77492369247,816.130552619631,3,0,0,186,0,0,0
22,97,2,4436.94296736819,1524.78445966179,1,0,0,202,0,0,0
22,97,3,3586.90943037019,907.24713743445,0,0,0,128,0,0,0
22,97,4,3882.57656504231,1877.35364275242,0,0,0,132,0,0,0
22,97,5,5040.21991376823,2057.34008808906,0,0,0,87,0,0,0
22,97,6,6720.23587964215,2346.82407334543,0,0,0,128,0,0,0
22,97,7,24073.5226449358,12774.879656517,43,0,0,174,0,0,0
22,97,8,0,6,0,0,0,0,0,0,0
22,98,1,3861.82958360106,1492.4420515798,0,0,0,81,0,0,0
22,98,2,4483.97759256467,2184.50606031544,0,0,0,152,0,0,0
22,98,3,3587.21365498574,1484.7843987038,0,0,0,90,0,0,0
22,98,4,3969.93380193685,1952.34802489305,0,0,0,187,0,0,0
22,98,5,5195.78459530001,1844.88957563432,0,0,0,205,0,0,0
22,98,6,6943.61005455254,1655.95507731519,0,0,0,234,0,0,0
22,98,7,24208.135202125,10799.5289153964,36,0,0,227,0,0,0
22,98,8,0,6,0,0,0,0,0,0,0
22,99,1,3903.2635001844,1113.23802371134,0,0,0,149,0,0,0
22,99,2,4569.02042555477,1642.96008090257,4,0,0,169,0,0,0
22,99,3,3620.33383053168,1417.81320796664,0,0,0,148,0,0,0
22,99,4,4093.96519030381,2076.42355627588,1,0,0,177,0,0,0
22,99,5,5319.50124678855,1639.59946068598,0,0,0,183,0,0,0
22,99,6,7096.91581778622,3558.97410693681,0,0,0,165,0,0,0
22,99,7,24330.1266049783,9949.48406931412,82,0,0,182,0,0,0
22,99,8,0,6,0,0,0,0,0,0,0
22,100,1,3934.25531963565,1356.75647677054,0,0,0,111,0,0,0
22,100,2,4616.97144303343,2689.06526067804,3,0,0,154,0,0,0
22,100,3,3669.49570408191,990.582564317838,0,0,0,141,0,0,0
22,100,4,4186.81231723805,2070.67962923881,9,0,0,175,0,0,0
22,100,5,5417.31193827024,1423.58056845087,4,0,0,150,0,0,0
22,100,6,7266.83034992126,3743.56497409004,53,0,0,173,0,0,0
22,100,7,24453.1851411751,4686.36306866057,205,0,0,184,0,0,12
22,100,8,0,6,0,0,0,0,0,0,0
23,1,1,2799.392,752.884601681281,46,0,0,53,0,0,0
23,1,2,2793.6,442.934283494971,58,0,0,37,0,0,0
23,1,3,2794.0976,1209.31375364124,47,0,0,39,0,0,0
23,1,4,2797.1936,1134.39835445458,46,0,0,52,0,0,0
23,1,5,2792.16,1284.53953147371,49,0,0,48,0,0,0
23,1,6,2787.512,578.493551168165,47,0,0,19,0,0,0
23,1,7,20269.6403199999,9677.38433532646,53,0,0,46,0,0,0
23,1,8,0,4,58,0,0,34,0,0,0
23,2,1,2808.104,614.542861209364,0,0,0,75,0,0,0
23,2,2,2799.168,997.711479544946,0,0,0,44,0,0,0
23,2,3,2813.7856,1307.77150135809,0,0,0,120,0,0,0
23,2,4,2814.1856,1149.66381472436,0,0,0,113,0,0,0
23,2,5,2813.552,1574.42293808068,0,0,0,128,0,0,0
23,2,6,2788.6176,1794.60360827011,0,0,0,57,0,0,0
23,2,7,20232.0115199998,8021.53314869743,13,8,0,219,0,0,0
23,2,8,0,4,0,0,0,0,0,0,0
23,3,1,2811.1216,1196.47844752531,0,0,0,61,0,0,0
23,3,2,2814.976,535.914401485894,0,0,0,99,0,0,0
23,3,3,2832.21119999999,489.775310178762,0,0,0,130,0,0,0
23,3,4,2834.0256,1158.87622605385,0,0,0,114,0,0,0
23,3,5,2838.29439999999,1295.84118356728,0,0,0,157,0,0,0
23,3,6,2814.4224,1116.75941269056,0,0,0,179,0,0,0
23,3,7,20191.1427199998,10424.5390272561,38,0,0,203,0,0,0
23,3,8,0,4,0,0,0,0,0,0,0
23,4,1,2822.696,895.113392707774,0,0,0,119,0,0,0
23,4,2,2819.128,840.020641666006,0,0,0,53,0,0,0
23,4,3,2834.46111999999,1494.68137225637,0,0,0,48,0,0,0
23,4,4,2852.0416,921.186773624947,0,0,0,115,0,0,0
23,4,5,2855.63519999999,938.44421181732,0,0,0,129,0,0,0
23,4,6,2827.9376,1455.79807490787,0,0,0,111,0,0,0
23,4,7,20158.8847359998,12019.1513274453,31,0,0,254,0,0,0
23,4,8,0,4,0,0,0,0,0,0,0
23,5,1,2829.3216,453.136028959023,0,0,0,89,0,0,0
23,5,2,2825.8304,1790.98446653766,0,0,0,84,0,0,0
23,5,3,2854.90111999999,1099.01490945401,0,0,0,149,0,0,0
23,5,4,2862.832,524.574489084779,0,0,0,92,0,0,0
23,5,5,2866.02239999999,613.388010613196,0,0,0,93,0,0,0
23,5,6,2844.1776,744.334412133887,0,0,0,145,0,0,0
23,5,7,20106.9522559997,9217.94088654372,26,0,0,181,0,0,1
23,5,8,0,4,0,0,0,0,0,0,0
23,6,1,2825.96448,1379.50023515277,0,0,0,45,0,0,0
23,6,2,2847.816,890.979464896652,1,0,0,168,0,0,0
23,6,3,2866.01983999999,1308.48332113893,0,0,0,109,0,0,0
23,6,4,2864.0496,1622.10094046267,0,0,0,52,0,0,0
23,6,5,2867.04607999999,1329.18812512226,0,0,0,61,0,0,0
23,6,6,2848.4,1985.64379367617,0,0,0,74,0,0,0
23,6,7,20050.1842559997,7322.05015805754,127,0,0,169,0,0,0
23,6,8,0,4,0,0,0,0,0,0,0
23,7,1,2841.353536,1169.25626570264,4,0,0,128,0,0,0
23,7,2,2852.528,1005.74604944117,0,0,0,89,0,0,0
23,7,3,2878.22623999999,1014.66837262994,0,0,0,130,0,0,0
23,7,4,2884.3248,1175.66418878332,1,0,0,160,0,0,0
23,7,5,2886.40608,1802.31473215609,0,0,0,132,0,0,0
23,7,6,2876.2032,894.198631251596,0,0,0,198,0,0,0
23,7,7,20020.1215359996,7987.06242771983,235,0,0,250,0,0,0
23,7,8,0,4,0,0,0,0,0,0,0
23,8,1,2850.534656,1217.54600956398,0,0,0,116,0,0,0
23,8,2,2850.9744,863.539433834044,0,0,0,100,0,0,0
23,8,3,2880.69990399999,371.027103681909,0,0,0,101,0,0,0
23,8,4,2889.58912,1470.03088196176,0,0,0,117,0,0,0
23,8,5,2908.192,1454.72018629094,0,0,0,180,0,0,0
23,8,6,2880.4704,847.996392287796,0,0,0,89,0,0,0
23,8,7,19989.2559999995,8788.35199921572,115,0,0,173,0,0,1
23,8,8,0,4,0,0,0,0,0,0,0
23,9,1,2852.32345600001,1028.3308368663,0,0,0,121,0,0,0
23,9,2,2846.4544,1201.90092888275,0,0,0,86,0,0,0
23,9,3,2867.127104,774.117075284529,0,0,0,37,0,0,0
23,9,4,2897.86944,1117.08952892988,0,0,0,147,0,0,0
23,9,5,2915.12224,1195.88907016115,0,0,0,145,0,0,0
23,9,6,2882.38912,1587.27986037554,0,0,0,84,0,0,0
23,9,7,19968.1036799995,10657.208699663,0,49,0,202,0,0,0
23,9,8,0,4,0,0,0,0,0,0,0
23,10,1,2837.18617600001,1076.95686981696,0,73,0,29,0,0,0
23,10,2,2832.326976,1327.4527347695,0,62,0,58,0,0,0
23,10,3,2849.69824,477.979574783965,0,44,0,33,0,0,0
23,10,4,2884.27232000001,1372.81324948396,0,64,0,47,0,0,0
23,10,5,2905.76896,1086.10878359184,0,61,0,58,0,0,0
23,10,6,2881.90208000001,909.080055447018,0,89,0,69,0,0,0
23,10,7,19944.8099839994,14901.0996104001,8,199,0,176,0,0,2
23,10,8,0,4,0,0,0,0,0,0,0
23,11,1,2846.72473600001,1388.32361591429,0,0,0,107,0,0,0
23,11,2,2842.102336,597.610849229196,0,0,0,132,0,0,0
23,11,3,2845.32256,1277.10792381633,0,0,0,47,0,0,0
23,11,4,2899.05824000001,481.99681154817,0,0,0,137,0,0,0
23,11,5,2921.757696,1074.53780624449,0,0,0,108,0,0,0
23,11,6,2893.41600000001,1313.26225412123,0,0,0,90,0,0,0
23,11,7,19960.8035839994,7601.15032192034,17,4,0,234,0,0,6
23,11,8,0,4,0,0,0,0,0,0,0
23,12,1,2860.51840000001,1757.66661440718,0,0,0,138,0,0,0
23,12,2,2840.49614080001,1684.90788364185,0,0,0,59,0,0,0
23,12,3,2854.75596800001,1027.60218933259,0,0,0,127,0,0,0
23,12,4,2895.68544000001,735.102601638253,0,0,0,48,0,0,0
23,12,5,2934.982272,663.676755132125,0,0,0,107,0,0,0
23,12,6,2916.61657600001,398.332573362597,0,0,0,131,0,0,0
23,12,7,19960.0544639994,12325.2039088796,75,0,0,153,0,0,0
23,12,8,0,4,0,0,0,0,0,0,0
23,13,1,2878.62233600001,1311.68008965441,0,0,0,175,0,0,0
23,13,2,2853.79507456001,1900.08412017837,0,0,0,155,0,0,0
23,13,3,2862.14284800001,796.925019191064,0,0,0,102,0,0,0
23,13,4,2897.87296000001,1698.04465482947,0,0,0,73,0,0,0
23,13,5,2941.460992,1443.8365534599,0,0,0,66,0,0,0
23,13,6,2918.31289600001,912.67718984528,0,0,0,39,0,0,0
23,13,7,19973.8175231993,6211.09622140491,48,0,0,215,0,0,0
23,13,8,0,4,0,0,0,0,0,0,0
23,14,1,2887.98437120001,1123.14333599061,0,0,0,131,0,0,0
23,14,2,2856.51321856001,1083.96088540348,25,0,0,142,0,0,0
23,14,3,2862.00519680001,911.647510882495,0,0,0,79,0,0,0
23,14,4,2916.14272000001,686.571965349652,17,0,0,137,0,0,0
23,14,5,2963.8435968,1261.19853474236,0,0,0,144,0,0,0
23,14,6,2934.53017600001,528.400938166397,0,0,0,91,0,0,0
23,14,7,19991.9585151992,10104.3828784587,205,0,0,231,0,0,0
23,14,8,0,4,0,0,0,0,0,0,0
23,15,1,2892.98315520001,1570.75763754773,0,0,0,112,0,0,0
23,15,2,2855.52576256001,807.335676145079,0,0,0,108,0,0,0
23,15,3,2861.97026816002,1197.03094906466,0,0,0,91,0,0,0
23,15,4,2916.62215680001,771.561466192866,0,0,0,68,0,0,0
23,15,5,2977.7255168,961.964829153451,0,0,0,126,0,0,0
23,15,6,2938.82488320001,1305.01017236949,0,0,0,52,0,0,0
23,15,7,20014.2804326391,13865.4958459909,59,0,0,207,0,0,0
23,15,8,0,4,0,0,0,0,0,0,0
23,16,1,2903.98727424001,680.657487718816,0,0,0,157,0,0,0
23,16,2,2849.20365056001,1325.95217171241,0,0,0,80,0,0,0
23,16,3,2868.45793792002,1256.84135943366,0,0,0,119,0,0,0
23,16,4,2915.20758784001,1724.7080420094,0,0,0,77,0,0,0
23,16,5,2983.2923648,597.711545992011,0,0,0,96,0,0,0
23,16,6,2956.53616640001,1393.60165073302,0,0,0,130,0,0,0
23,16,7,20023.1137126391,4222.77174767199,44,0,0,211,0,0,0
23,16,8,0,4,0,0,0,0,0,0,0
23,17,1,2887.88510003201,1045.77566560251,56,0,0,12,0,0,0
23,17,2,2842.13677056002,1221.13169778811,70,0,0,62,0,0,0
23,17,3,2864.61505075202,1571.08376136001,48,0,0,77,0,0,0
23,17,4,2918.95962368001,854.049316312177,89,0,0,83,0,0,0
23,17,5,2972.3979648,599.060041620794,38,0,0,21,0,0,0
23,17,6,2960.39543040001,981.868164631708,78,0,0,61,0,0,0
23,17,7,20040.3744486391,7574.69223336562,185,0,0,237,0,0,0
23,17,8,0,4,0,0,0,0,0,0,0
23,18,1,2890.07228866561,495.872249965888,0,0,0,104,0,0,0
23,18,2,2847.33069056002,2039.83878209769,0,0,0,122,0,0,0
23,18,3,2882.36589875202,513.336471392993,0,0,0,157,0,0,0
23,18,4,2922.41946624002,1282.79845589791,0,0,0,85,0,0,0
23,18,5,2976.82063104001,2056.932073841,0,0,0,59,0,0,0
23,18,6,2969.50344960001,1810.32680054257,0,0,0,98,0,0,0
23,18,7,20019.4783718391,8522.01680368196,46,0,0,192,0,0,0
23,18,8,0,4,0,0,0,0,0,0,0
23,19,1,2880.22126786562,1215.66287997401,0,0,0,49,0,0,0
23,19,2,2873.22221056002,1395.46424354981,0,0,0,188,0,0,0
23,19,3,2880.70375475202,1039.49048167874,0,0,0,51,0,0,0
23,19,4,2940.82959872002,807.528180736627,0,0,0,128,0,0,0
23,19,5,3011.03915980801,889.073261229688,1,0,0,184,0,0,0
23,19,6,3007.31780864001,551.550518614224,0,0,0,181,0,0,0
23,19,7,20019.961198591,10819.9593609652,32,0,0,232,0,0,0
23,19,8,0,4,0,0,0,0,0,0,0
23,20,1,2887.10480056322,995.486792751995,0,0,0,121,0,0,0
23,20,2,2879.30155776002,1931.03577992381,0,0,0,139,0,0,0
23,20,3,2884.05025024002,643.860989821805,0,0,0,103,0,0,0
23,20,4,2943.00079872002,1190.00998951974,0,0,0,80,0,0,0
23,20,5,3019.32367400961,677.870338107099,0,0,0,88,0,0,0
23,20,6,3007.32912384001,1268.15147112568,0,0,0,55,0,0,0
23,20,7,20018.9478635509,7870.00324981602,35,0,0,279,0,0,0
23,20,8,0,4,0,0,0,0,0,0,0
23,21,1,2885.36324536322,942.357380029302,0,0,0,99,0,0,0
23,21,2,2904.43528960002,1618.6360244558,0,0,0,193,0,0,0
23,21,3,2881.12054528002,1433.21040301402,0,0,0,64,0,0,0
23,21,4,2960.23904256002,982.453686761162,0,0,0,119,0,0,0
23,21,5,3025.78217142682,1155.59555122441,0,0,0,67,0,0,0
23,21,6,3031.52392448001,1223.24250761932,0,0,0,126,0,0,0
23,21,7,20005.7169413109,3762.21550600139,168,0,0,197,0,0,0
23,21,8,0,4,0,0,0,0,0,0,0
23,22,1,2868.21454776321,1427.96277058473,0,53,0,41,0,0,0
23,22,2,2899.65471744002,603.908880085891,0,74,0,87,0,0,0
23,22,3,2869.99800883202,595.153853009065,0,68,0,75,0,0,0
23,22,4,2951.39619932162,1418.29870342041,0,47,0,51,0,0,0
23,22,5,3021.13857462682,1559.64637363681,0,59,0,56,0,0,0
23,22,6,3031.84439808001,1741.02600300264,0,56,0,66,0,0,0
23,22,7,19968.8306053108,5445.64349142096,3,165,0,141,0,0,0
23,22,8,0,4,0,0,0,0,0,0,0
23,23,1,2881.16762552322,1035.83092649523,0,0,0,142,0,0,0
23,23,2,2899.47633664002,404.152471659589,0,0,0,60,0,0,0
23,23,3,2871.31621683202,1819.23880828913,0,0,0,59,0,0,0
23,23,4,2972.22392412162,1126.79089158815,0,0,0,141,0,0,0
23,23,5,3048.17778819482,1129.24884298942,0,0,0,155,0,0,0
23,23,6,3065.62917888001,1287.95751249446,0,0,0,174,0,0,0
23,23,7,19962.2938475508,8681.73344400154,35,0,0,174,0,0,0
23,23,8,0,4,0,0,0,0,0,0,0
23,24,1,2891.52554936321,1472.05626431895,0,0,0,103,0,0,0
23,24,2,2893.58013184002,830.054408844257,0,0,0,40,0,0,0
23,24,3,2903.02638120962,818.416187153259,0,0,0,181,0,0,0
23,24,4,2995.40455636994,2495.09657267758,0,0,0,112,0,0,0
23,24,5,3072.99440040019,646.548905358499,0,0,0,112,0,0,0
23,24,6,3098.44947865601,1486.91974752283,0,0,0,128,0,0,0
23,24,7,19984.2140682228,6225.82038436338,28,0,0,226,0,0,1
23,24,8,0,4,0,0,0,0,0,0,0
23,25,1,2908.35308472322,1995.86136939436,0,0,0,147,0,0,0
23,25,2,2891.13355980802,822.627603735211,0,0,0,83,0,0,0
23,25,3,2907.17545461762,1214.07151610995,0,0,0,81,0,0,0
23,25,4,3021.58628820994,1294.30291059975,13,0,0,164,0,0,0
23,25,5,3080.01104552019,1625.54081295326,0,0,0,64,0,0,0
23,25,6,3123.85639526401,609.827890312819,0,0,0,148,0,0,0
23,25,7,19978.0567842804,7531.22559452104,69,0,0,213,0,0,0
23,25,8,0,4,0,0,0,0,0,0,0
23,26,1,2928.67866181634,1378.06971344038,3,0,0,167,0,0,0
23,26,2,2889.30583040002,1256.34598421444,0,0,0,82,0,0,0
23,26,3,2916.26831861762,1011.93319513451,0,0,0,121,0,0,0
23,26,4,3040.31009105922,820.325722005085,0,0,0,129,0,0,0
23,26,5,3105.00951976019,1185.99301194449,0,0,0,162,0,0,0
23,26,6,3129.07420006401,1915.00733364878,0,0,0,60,0,0,0
23,26,7,19973.0484212723,11555.56096576,56,0,0,202,0,0,0
23,26,8,0,4,0,0,0,0,0,0,0
23,27,1,2939.88165814274,1259.70657242387,0,0,0,137,0,0,0
23,27,2,2898.67248588802,1112.33693411701,0,0,0,125,0,0,0
23,27,3,2919.23404226563,1328.28091927219,0,0,0,101,0,0,0
23,27,4,3045.95621201922,1499.96602779208,0,0,0,82,0,0,0
23,27,5,3123.12616411219,1492.29351622296,0,0,0,118,0,0,0
23,27,6,3160.69616936961,970.470731476164,0,0,0,191,0,0,0
23,27,7,19975.0747161791,5339.89939047746,43,0,0,212,0,0,0
23,27,8,0,4,0,0,0,0,0,0,0
23,28,1,2952.70668980226,1525.84578517489,0,0,0,125,0,0,0
23,28,2,2905.37016156162,1468.4163227747,0,0,0,111,0,0,0
23,28,3,2933.44476375043,904.157630326321,0,0,0,132,0,0,0
23,28,4,3064.91134750722,673.702511737724,6,0,0,140,0,0,0
23,28,5,3150.71677034579,1568.07208270471,0,0,0,149,0,0,0
23,28,6,3175.80265000961,1045.70145885686,0,0,0,97,0,0,0
23,28,7,19984.6272153791,6145.04494961257,182,0,0,217,0,0,5
23,28,8,0,4,0,0,0,0,0,0,0
23,29,1,2962.55490740225,1794.83953157488,0,0,0,152,0,0,0
23,29,2,2917.13761628162,1542.08756394926,0,0,0,146,0,0,0
23,29,3,2932.79142397955,1445.82034507529,0,0,0,90,0,0,0
23,29,4,3058.88498001922,1375.89533496248,0,0,0,67,0,0,0
23,29,5,3170.02294982739,1019.27468651416,0,0,0,156,0,0,0
23,29,6,3183.99566477313,557.100579587588,0,0,0,104,0,0,0
23,29,7,19985.4579471551,13168.5851430213,111,0,0,190,0,0,0
23,29,8,0,4,0,0,0,0,0,0,0
23,30,1,2978.16030609,1089.81882346032,0,0,0,179,0,0,0
23,30,2,2923.61081331714,1225.94207206614,0,0,0,154,0,0,0
23,30,3,2940.77371133955,2058.03455821236,0,0,0,144,0,0,0
23,30,4,3065.58752501762,2033.61715844679,0,0,0,137,0,0,0
23,30,5,3175.62146861139,1484.29033587581,0,0,0,101,0,0,0
23,30,6,3182.48056000513,1980.44570451757,0,0,0,55,0,0,0
23,30,7,19990.0282485951,7509.53299210009,34,0,0,224,0,0,0
23,30,8,0,4,0,0,0,0,0,0,0
23,31,1,2968.32684689,1305.87309250137,0,58,0,50,0,0,0
23,31,2,2910.61535780457,1433.82150748262,0,61,0,61,0,0,0
23,31,3,2941.19085412355,1573.55960034983,0,109,0,96,0,0,0
23,31,4,3062.75812802562,1216.55186576566,0,121,0,82,0,0,0
23,31,5,3180.06498093139,1496.34189661366,0,71,0,77,0,0,0
23,31,6,3193.90708416513,1860.82706842161,0,102,0,96,0,0,0
23,31,7,20030.7852810431,8316.18023940459,0,378,0,372,0,0,0
23,31,8,0,4,0,0,0,0,0,0,0
23,32,1,2986.16218724272,971.968453880975,0,0,0,130,0,0,0
23,32,2,2932.59347986025,899.403016870857,0,0,0,143,0,0,0
23,32,3,2977.74821560323,896.367042990121,0,0,0,157,0,0,0
23,32,4,3098.34183454722,1089.61595260265,0,0,0,121,0,0,0
23,32,5,3225.52286027859,1376.07257967723,0,0,0,149,0,0,0
23,32,6,3249.92431233025,972.732415049819,0,0,0,186,0,0,0
23,32,7,20077.4686823614,10568.2419153072,32,0,0,195,0,0,0
23,32,8,0,4,0,0,0,0,0,0,0
23,33,1,2996.40791857072,664.514161045559,0,0,0,97,0,0,0
23,33,2,2937.60954539625,1934.50444588837,0,0,0,89,0,0,0
23,33,3,2992.97972930562,1460.62656286534,0,0,0,89,0,0,0
23,33,4,3122.33167869954,612.337353958877,0,0,0,108,0,0,0
23,33,5,3261.85589631059,717.876490801229,0,0,0,137,0,0,0
23,33,6,3277.33525059585,1604.48670372068,0,0,0,97,0,0,0
23,33,7,20126.0595983755,9712.02850927615,26,0,0,206,0,0,0
23,33,8,0,4,0,0,0,0,0,0,0
23,34,1,3000.44737533871,313.074992482303,0,0,0,66,0,0,0
23,34,2,2972.55057024617,1080.06117473263,0,0,0,192,0,0,0
23,34,3,3024.68770068482,1107.47238765984,0,0,0,146,0,0,0
23,34,4,3133.28462192232,1261.17115201027,0,0,0,61,0,0,0
23,34,5,3280.05936726099,1720.67945133324,0,0,0,71,0,0,0
23,34,6,3323.60101369857,1271.80610211278,0,0,0,160,0,0,0
23,34,7,20211.5243905828,8197.25026246253,19,0,0,345,0,0,0
23,34,8,0,4,0,0,0,0,0,0,0
23,35,1,2996.10414088112,1331.82212770129,0,0,0,31,0,0,0
23,35,2,2994.86320371714,1283.39467000164,0,0,0,108,0,0,0
23,35,3,3046.05130258024,2112.45721828225,0,0,0,110,0,0,0
23,35,4,3167.34751655118,1730.65749006313,0,0,0,126,0,0,0
23,35,5,3337.32287629594,1343.53099903973,0,0,0,172,0,0,0
23,35,6,3367.03473196156,1069.54652582048,0,0,0,127,0,0,0
23,35,7,20270.3392522143,8840.70249758003,69,0,0,204,0,0,0
23,35,8,0,4,0,0,0,0,0,0,0
23,36,1,3023.56656453552,660.440889407716,0,0,0,133,0,0,0
23,36,2,3021.03047988021,813.098922060106,0,0,0,128,0,0,0
23,36,3,3084.27617763658,1109.0631596786,4,0,0,163,0,0,0
23,36,4,3213.82076531837,1174.45602468452,0,0,0,173,0,0,0
23,36,5,3383.39492897107,1456.59552472277,0,0,0,134,0,0,0
23,36,6,3404.85858370684,1362.93291204754,0,0,0,106,0,0,0
23,36,7,20336.4368327796,5360.52291954539,62,0,0,208,0,0,0
23,36,8,0,4,0,0,0,0,0,0,0
23,37,1,3012.39942469551,1112.88322624193,63,0,0,3,0,0,0
23,37,2,3013.55666640898,1397.56886540255,44,0,0,37,0,0,0
23,37,3,3085.19277797296,1354.16895299039,49,0,0,61,0,0,0
23,37,4,3220.03585119357,1103.82257143225,61,0,0,56,0,0,0
23,37,5,3395.43238998355,826.146648831433,82,0,0,63,0,0,0
23,37,6,3416.70859136124,1532.45207116248,69,0,0,67,0,0,0
23,37,7,20379.4618530072,10340.6090412407,183,1,0,227,0,0,8
23,37,8,0,4,0,0,0,0,0,0,0
23,38,1,3024.77465045387,570.416267878191,0,0,0,111,0,0,0
23,38,2,3029.97662255941,884.085481319953,0,0,0,139,0,0,0
23,38,3,3105.76579250096,1122.05564587648,0,0,0,135,0,0,0
23,38,4,3239.76625605347,1325.0568424612,0,0,0,110,0,0,0
23,38,5,3409.50796159315,915.718048028769,0,0,0,82,0,0,0
23,38,6,3450.14871424124,1706.70003117412,0,0,0,153,0,0,0
23,38,7,20425.2996539672,4824.60602844134,32,0,0,406,0,0,0
23,38,8,0,4,0,0,0,0,0,0,0
23,39,1,3017.46373179787,1241.97754614587,46,0,0,11,0,0,0
23,39,2,3029.98253615941,1159.49138300854,56,0,0,32,0,0,0
23,39,3,3109.68915081136,1046.28076755248,52,0,0,60,0,0,0
23,39,4,3249.48285837642,1542.21808474445,63,0,0,69,0,0,0
23,39,5,3413.58260095315,1577.37567643061,52,0,0,39,0,0,0
23,39,6,3470.12174231061,1152.90546778872,92,0,0,78,0,0,0
23,39,7,20458.0387265816,5381.25528943102,238,0,0,244,0,0,0
23,39,8,0,4,0,0,0,0,0,0,0
23,40,1,3038.68024043914,1182.75420930778,0,0,0,124,0,0,0
23,40,2,3052.03806565517,1917.88441095015,0,0,0,115,0,0,0
23,40,3,3129.03472661138,1279.49483586131,0,0,0,104,0,0,0
23,40,4,3283.05732153592,594.126452186168,0,0,0,154,0,0,0
23,40,5,3453.04162216275,1266.83680159313,0,0,0,157,0,0,0
23,40,6,3497.81558789653,1055.06598838957,0,0,0,115,0,0,0
23,40,7,20455.9390386896,10475.4652754066,130,0,0,174,0,0,0
23,40,8,0,4,0,0,0,0,0,0,0
23,41,1,3060.66216969157,1611.84313959865,0,0,0,118,0,0,0
23,41,2,3088.79286263927,1202.62760700542,0,0,0,191,0,0,0
23,41,3,3156.5554427511,2027.08199288282,0,0,0,127,0,0,0
23,41,4,3292.8761646883,1621.96647834596,0,0,0,59,0,0,0
23,41,5,3492.48415567474,1124.29328453378,0,0,0,126,0,0,0
23,41,6,3535.7655489446,1603.88673005315,0,0,0,105,0,0,0
23,41,7,20465.8095416876,8905.45526639345,43,0,0,189,0,0,0
23,41,8,0,4,0,0,0,0,0,0,0
23,42,1,3096.16741801638,1484.38105207974,0,0,0,161,0,0,0
23,42,2,3117.41647267442,921.476792043627,0,0,0,120,0,0,0
23,42,3,3204.12385083509,807.00262361,1,0,0,173,0,0,0
23,42,4,3349.4008819858,1231.10423163478,0,0,0,162,0,0,0
23,42,5,3534.55863360206,548.224543159416,0,0,0,112,0,0,0
23,42,6,3601.86022776079,1301.08381922309,0,0,0,160,0,0,0
23,42,7,20505.9626236007,11478.713811313,41,0,0,190,0,0,0
23,42,8,0,4,0,0,0,0,0,0,0
23,43,1,3114.34558622972,1217.29347708736,0,0,0,148,0,0,0
23,43,2,3122.6500925564,1645.00311005302,0,0,0,92,0,0,0
23,43,3,3206.58996429883,1039.66792819447,0,0,0,80,0,0,0
23,43,4,3367.05051092866,1073.58648796141,0,0,0,123,0,0,0
23,43,5,3538.15467174606,1069.99426433228,0,0,0,54,0,0,0
23,43,6,3631.01893840061,1083.78934425621,0,0,0,130,0,0,0
23,43,7,20514.4834431898,13265.7970575089,40,0,0,200,0,0,1
23,43,8,0,4,0,0,0,0,0,0,0
23,44,1,3131.25939591706,1308.25786738033,0,0,0,121,0,0,0
23,44,2,3138.56730255877,1774.48535564668,0,0,0,164,0,0,0
23,44,3,3214.4359516286,1490.40483802479,0,0,0,103,0,0,0
23,44,4,3378.10025723778,2127.9344087624,0,0,0,107,0,0,0
23,44,5,3552.23668257485,1278.14275161625,0,0,0,106,0,0,0
23,44,6,3651.22402716861,1486.54295784645,0,0,0,108,0,0,0
23,44,7,20517.2575647699,7233.65861560265,39,0,0,194,0,0,0
23,44,8,0,4,0,0,0,0,0,0,0
23,45,1,3163.33251637115,1008.24038606301,0,0,0,130,0,0,0
23,45,2,3181.87321736406,880.715610793643,5,0,0,151,0,0,0
23,45,3,3249.32310840489,1176.74931492822,0,0,0,149,0,0,0
23,45,4,3429.40022337623,1810.73221960434,4,0,0,197,0,0,0
23,45,5,3595.71602960655,699.791493589179,0,0,0,127,0,0,0
23,45,6,3704.21459166479,1568.80828777867,0,0,0,148,0,0,0
23,45,7,20547.3308844634,3618.33024698015,140,0,0,175,0,0,0
23,45,8,0,4,0,0,0,0,0,0,0
23,46,1,3170.70402694215,1825.34518622058,0,0,0,100,0,0,0
23,46,2,3186.0975551507,1417.84175288265,0,0,0,88,0,0,0
23,46,3,3265.28710833321,887.047303342559,0,0,0,117,0,0,0
23,46,4,3460.21365435274,839.83123733964,15,0,0,149,0,0,0
23,46,5,3597.28225993385,2625.4837613541,0,0,0,69,0,0,0
23,46,6,3732.57177685263,1150.29308688028,13,0,0,129,0,0,0
23,46,7,20560.2292807258,10852.2734878384,81,0,0,191,0,0,0
23,46,8,0,4,0,0,0,0,0,0,0
23,47,1,3218.78938371952,924.95847806228,0,0,0,182,0,0,0
23,47,2,3218.35641113425,1965.23086737789,0,0,0,141,0,0,0
23,47,3,3278.11298174937,1034.79889362582,0,0,0,88,0,0,0
23,47,4,3475.60236221807,1705.02704633481,0,0,0,83,0,0,0
23,47,5,3671.02568652514,2419.51747586328,1,0,0,205,0,0,0
23,47,6,3778.38284608128,2051.42545408631,0,0,0,115,0,0,0
23,47,7,20601.9122619914,7170.47961443863,34,0,0,205,0,0,0
23,47,8,0,4,0,0,0,0,0,0,0
23,48,1,3234.66189731233,456.058465967776,0,0,0,92,0,0,0
23,48,2,3282.821177887,1346.24521278507,3,0,0,186,0,0,0
23,48,3,3303.97897791039,1063.8914181805,0,0,0,103,0,0,0
23,48,4,3531.79811670757,993.914112197881,0,0,0,170,0,0,0
23,48,5,3735.02725793891,2087.57979165525,24,0,0,154,0,0,0
23,48,6,3864.2948327736,1828.54322230073,0,0,0,205,0,0,0
23,48,7,20659.3808172955,6842.80584062005,146,0,0,203,0,0,0
23,48,8,0,4,0,0,0,0,0,0,0
23,49,1,3227.19573220851,1438.38532909305,0,0,0,45,0,0,0
23,49,2,3309.80748166287,1365.17830978725,6,0,0,126,0,0,0
23,49,3,3327.19456617754,1233.81893255386,0,0,0,106,0,0,0
23,49,4,3559.05368707617,1110.84445357055,0,0,0,99,0,0,0
23,49,5,3778.41365929232,1772.93156619094,54,0,0,133,0,0,0
23,49,6,3920.29485014001,1499.85642285186,41,0,0,125,0,0,0
23,49,7,20733.3104560416,5338.51520837012,200,1,0,230,0,0,9
23,49,8,0,4,0,0,0,0,0,0,0
23,50,1,3225.60142684399,1894.16828546967,51,0,0,82,0,0,0
23,50,2,3307.48664608322,1494.62680252295,42,0,0,86,0,0,0
23,50,3,3331.44018991657,373.502725024915,5,0,0,117,0,0,0
23,50,4,3559.31009705627,2360.89382587563,25,0,0,81,0,0,0
23,50,5,3798.90179880205,877.812205351104,36,0,0,134,0,0,0
23,50,6,3958.37499507451,2051.2914546081,24,0,0,121,0,0,0
23,50,7,20759.276656981,5768.54499588249,184,1,0,182,0,0,10
23,50,8,0,4,0,0,0,0,0,0,0
23,51,1,3242.60179760279,1463.36747623887,11,0,0,152,0,0,0
23,51,2,3317.33002225863,1045.53475613762,0,0,0,149,0,0,0
23,51,3,3315.9041886509,945.100739814468,0,0,0,37,0,0,0
23,51,4,3595.22836509492,1175.94085247473,21,0,0,166,0,0,0
23,51,5,3810.26434185893,820.48513763205,0,0,0,87,0,0,0
23,51,6,4007.92653239025,558.390266062344,15,0,0,152,0,0,0
23,51,7,20788.1999385805,9248.94997303353,109,0,0,217,0,0,0
23,51,8,0,4,0,0,0,0,0,0,0
23,52,1,3268.32760257834,1887.36247759181,0,0,0,146,0,0,0
23,52,2,3322.34915996806,1831.01645759888,0,0,0,104,0,0,0
23,52,3,3312.98531414132,1318.03973368435,0,0,0,94,0,0,0
23,52,4,3621.08792571076,1385.49297028914,0,0,0,117,0,0,0
23,52,5,3834.51288346232,1848.36401308018,0,0,0,82,0,0,0
23,52,6,4022.75679929171,1919.3787327817,0,0,0,55,0,0,0
23,52,7,20835.1169432982,6439.15510851517,0,39,0,215,0,0,0
23,52,8,0,4,0,0,0,0,0,0,0
23,53,1,3252.67760613669,887.909620126113,0,106,0,82,0,0,0
23,53,2,3302.81974261179,1290.27977494542,0,96,0,87,0,0,0
23,53,3,3283.93809312534,1392.65108224498,0,68,0,63,0,0,0
23,53,4,3616.7100324093,1133.96113212724,0,64,0,74,0,0,0
23,53,5,3847.58078951691,1788.75970647434,0,97,0,87,0,0,0
23,53,6,4051.01065841678,1244.27753153483,0,78,0,113,0,0,0
23,53,7,20876.3873403828,6075.12703696142,1,287,0,297,0,0,0
23,53,8,0,4,0,0,0,0,0,0,0
23,54,1,3276.69649201806,873.533118377565,0,0,0,88,0,0,0
23,54,2,3350.57643717424,1588.33417991052,0,0,0,129,0,0,0
23,54,3,3332.38274333875,757.929698897468,0,0,0,139,0,0,0
23,54,4,3674.01525282047,1528.48152927145,0,0,0,113,0,0,0
23,54,5,3945.63869525017,1671.3738242642,0,0,0,168,0,0,0
23,54,6,4142.03622421959,2112.52883742594,0,0,0,124,0,0,0
23,54,7,21006.593012045,6428.74939428254,31,0,0,221,0,0,0
23,54,8,0,4,0,0,0,0,0,0,0
23,55,1,3284.19747219566,390.631119182046,0,0,0,87,0,0,0
23,55,2,3372.9462271293,1324.49984763064,0,0,0,158,0,0,0
23,55,3,3333.97522773463,763.349935707216,0,0,0,75,0,0,0
23,55,4,3719.02792903215,2259.34582553384,0,0,0,152,0,0,0
23,55,5,3997.60238278902,1969.68305379121,0,0,0,167,0,0,0
23,55,6,4217.11041211695,1956.32057115034,0,0,0,207,0,0,0
23,55,7,21058.7125456949,7127.67034981673,18,0,0,209,0,0,3
23,55,8,0,4,0,0,0,0,0,0,0
23,56,1,3278.02725173562,2030.58111520407,0,0,0,39,0,0,0
23,56,2,3384.87893813367,982.368171096647,0,0,0,132,0,0,0
23,56,3,3340.51438293405,830.604020434629,0,0,0,76,0,0,0
23,56,4,3772.65274138307,2082.98650195407,1,0,0,200,0,0,0
23,56,5,4060.51995417031,2775.21904109671,0,0,0,196,0,0,0
23,56,6,4307.1896550899,1191.96218637364,0,0,0,195,0,0,0
23,56,7,21149.1370719291,5689.75680080275,22,0,0,247,0,0,0
23,56,8,0,4,0,0,0,0,0,0,0
23,57,1,3291.96922459968,1925.39214507534,8,0,0,158,0,0,0
23,57,2,3383.80679872535,821.449779751202,0,0,0,98,0,0,0
23,57,3,3334.37257736048,1673.8409062798,0,0,0,83,0,0,0
23,57,4,3805.63759291509,894.235757911505,5,0,0,181,0,0,0
23,57,5,4091.54261361816,672.711879632005,20,0,0,169,0,0,0
23,57,6,4338.93464939521,2470.49440475953,0,0,0,119,0,0,0
23,57,7,21176.1927133448,12510.1333732658,72,0,0,193,0,0,0
23,57,8,0,4,0,0,0,0,0,0,0
23,58,1,3324.76463696729,1077.24448878875,0,0,0,192,0,0,0
23,58,2,3379.54238253265,1129.11443635496,0,0,0,82,0,0,0
23,58,3,3359.81023972967,2150.0958787818,0,0,0,167,0,0,0
23,58,4,3811.12174024532,1819.32745528286,0,0,0,89,0,0,0
23,58,5,4101.92648193909,1790.47075502218,0,0,0,67,0,0,0
23,58,6,4413.95534836153,2410.27355197729,0,0,0,226,0,0,0
23,58,7,21218.0635860386,8204.87586722629,37,0,0,196,0,0,0
23,58,8,0,4,0,0,0,0,0,0,0
23,59,1,3340.13672095575,779.572431017567,0,0,0,107,0,0,0
23,59,2,3407.24559194406,481.755910670106,0,0,0,112,0,0,0
23,59,3,3427.7542803633,1201.69467942898,11,0,0,164,0,0,0
23,59,4,3893.49080752207,1258.35306207259,2,0,0,170,0,0,0
23,59,5,4199.67002859215,1567.60719493288,3,0,0,161,0,0,0
23,59,6,4552.46745499215,2171.46642147226,13,0,0,180,0,0,0
23,59,7,21345.0406806794,9734.13466514489,129,0,0,198,0,0,1
23,59,8,0,4,0,0,0,0,0,0,0
23,60,1,3336.5893337004,1454.40345505387,0,0,0,77,0,0,0
23,60,2,3399.09637800427,1148.16129565011,0,0,0,48,0,0,0
23,60,3,3429.14222202868,1562.29023917735,0,0,0,120,0,0,0
23,60,4,3905.38832659194,2998.53730066028,0,0,0,125,0,0,0
23,60,5,4234.46880931043,1819.25107984239,0,0,0,156,0,0,0
23,60,6,4626.9475321061,2227.90941851746,1,0,0,204,0,0,0
23,60,7,21376.9828866314,6537.13769992029,73,0,0,185,0,0,0
23,60,8,0,4,0,0,0,0,0,0,0
23,61,1,3327.10329690994,1122.35901604585,117,0,0,28,0,0,0
23,61,2,3400.78714646134,1784.12687523845,53,0,0,61,0,0,0
23,61,3,3438.69049208709,2056.73277476117,76,0,0,80,0,0,0
23,61,4,3931.08983655598,1084.3302532777,162,0,0,137,0,0,0
23,61,5,4249.45482319987,1471.27074396233,104,0,0,77,0,0,0
23,61,6,4682.97149221545,2182.61810468144,101,0,0,121,0,0,0
23,61,7,21455.8560872447,8049.45286558857,159,4,0,198,0,0,6
23,61,8,0,4,0,0,0,0,0,0,0
23,62,1,3368.59419413276,844.167267865753,0,0,0,112,0,0,0
23,62,2,3445.88520246416,1731.84296925783,0,0,0,176,0,0,0
23,62,3,3497.39995003821,1693.59077950794,6,0,0,176,0,0,0
23,62,4,3977.7557027612,937.086444404406,0,0,0,108,0,0,0
23,62,5,4343.07169907671,1114.41044914191,0,0,0,147,0,0,0
23,62,6,4776.70733823223,1497.37067079073,12,0,0,164,0,0,0
23,62,7,21472.3939498873,8860.78874231673,142,0,0,165,0,0,0
23,62,8,0,4,0,0,0,0,0,0,0
23,63,1,3377.33276196241,657.994661977108,0,0,0,84,0,0,0
23,63,2,3469.72711480337,1866.63988863882,0,0,0,173,0,0,0
23,63,3,3523.80821910841,998.999575538361,0,0,0,169,0,0,0
23,63,4,3995.60843192449,718.90416170564,0,0,0,93,0,0,0
23,63,5,4370.0576464143,3063.45849289334,0,0,0,111,0,0,0
23,63,6,4818.7787558314,1639.41469855704,0,0,0,149,0,0,0
23,63,7,21481.4050023032,8562.43514190703,93,0,0,172,0,0,0
23,63,8,0,4,0,0,0,0,0,0,0
23,64,1,3385.48703508376,92.7097946153334,0,0,0,65,0,0,0
23,64,2,3512.22500149654,1682.25561965056,3,0,0,168,0,0,0
23,64,3,3548.855613677,2686.33484315879,0,0,0,99,0,0,0
23,64,4,4009.32826822924,1338.9760045479,0,0,0,71,0,0,0
23,64,5,4435.88990112039,1968.95779498914,20,0,0,199,0,0,0
23,64,6,4893.54742345879,1385.42978645522,0,0,0,163,0,0,0
23,64,7,21539.0712306753,4765.51026702155,114,0,0,252,0,0,0
23,64,8,0,4,0,0,0,0,0,0,0
23,65,1,3369.29808984664,1758.72029095862,0,0,0,9,0,0,0
23,65,2,3534.95673116073,1981.49593966366,46,0,0,108,0,0,0
23,65,3,3576.25479280175,1074.27436471445,95,0,0,145,0,0,0
23,65,4,4049.89331569483,1813.90858717126,6,0,0,126,0,0,0
23,65,5,4487.47629530313,1809.50531907202,28,0,0,160,0,0,0
23,65,6,4954.30935084402,3384.15394790014,18,0,0,115,0,0,0
23,65,7,21594.2646157347,9714.31901399702,179,0,0,211,0,0,3
23,65,8,0,4,0,0,0,0,0,0,0
23,66,1,3402.60388351783,1239.59259826599,0,0,0,175,0,0,0
23,66,2,3581.14070936583,1807.2470515474,0,0,0,198,0,0,0
23,66,3,3596.99270541839,2138.42441992837,0,0,0,107,0,0,0
23,66,4,4106.95609891292,1312.33208500938,0,0,0,181,0,0,0
23,66,5,4537.08314536729,1668.96538832974,0,0,0,180,0,0,0
23,66,6,5023.46111245305,1442.60438683081,8,0,0,193,0,0,0
23,66,7,21608.3152475998,6138.64318520291,47,0,0,209,0,0,0
23,66,8,0,4,0,0,0,0,0,0,0
23,67,1,3427.69930303913,1262.61556490739,0,0,0,123,0,0,0
23,67,2,3636.55780203279,1148.07087993172,1,0,0,172,0,0,0
23,67,3,3656.39509116623,935.95148911325,7,0,0,180,0,0,0
23,67,4,4150.10697003477,2131.35861390392,0,0,0,131,0,0,0
23,67,5,4615.60335071994,1449.68886885553,0,0,0,166,0,0,0
23,67,6,5120.68875554527,2387.13943903511,0,0,0,144,0,0,0
23,67,7,21656.6920324539,12139.949855293,96,0,0,161,0,0,0
23,67,8,0,4,0,0,0,0,0,0,0
23,68,1,3442.0801180901,2624.20454176498,0,0,0,126,0,0,0
23,68,2,3640.95897984152,2589.91135949784,0,0,0,114,0,0,0
23,68,3,3666.73254190983,1163.87482072051,0,0,0,93,0,0,0
23,68,4,4204.94424337854,1787.31914770727,0,0,0,204,0,0,0
23,68,5,4657.33160841954,1187.5098212628,0,0,0,144,0,0,0
23,68,6,5191.43373607987,2215.84784573836,1,0,0,193,0,0,0
23,68,7,21669.5559233579,9437.29302985645,40,0,0,192,0,0,0
23,68,8,0,4,0,0,0,0,0,0,0
23,69,1,3446.15454133409,1847.61306531352,30,0,0,134,0,0,0
23,69,2,3659.64825893871,1992.2222407439,19,0,0,180,0,0,0
23,69,3,3680.95601986488,1117.06696658252,0,0,0,116,0,0,0
23,69,4,4234.97274584993,1859.91511629699,4,0,0,160,0,0,0
23,69,5,4688.24840035376,1729.74216059217,0,0,0,118,0,0,0
23,69,6,5247.18129212648,2205.44633642533,15,0,0,160,0,0,0
23,69,7,21676.3632538716,13593.2017501308,177,0,0,197,0,0,3
23,69,8,0,4,0,0,0,0,0,0,0
23,70,1,3478.61650806868,1260.65127608256,0,0,0,184,0,0,0
23,70,2,3700.70266558272,1139.45577374744,0,0,0,197,0,0,0
23,70,3,3685.08596207316,926.422563049117,0,0,0,111,0,0,0
23,70,4,4262.33366430488,2363.10823567468,0,0,0,185,0,0,0
23,70,5,4720.09397786437,999.973201917468,0,0,0,172,0,0,0
23,70,6,5314.70990885931,2085.41960868359,1,0,0,195,0,0,0
23,70,7,21681.4962899212,13551.4273683137,60,0,0,190,0,0,0
23,70,8,0,4,0,0,0,0,0,0,0
23,71,1,3486.02106443619,1299.22210163127,0,0,0,126,0,0,0
23,71,2,3706.08813125462,1932.02893677405,0,0,0,113,0,0,0
23,71,3,3682.22420060025,1293.65945942281,0,0,0,92,0,0,0
23,71,4,4303.07403413455,911.128323502278,0,0,0,223,0,0,0
23,71,5,4723.16346722626,1516.54653260887,0,0,0,99,0,0,0
23,71,6,5370.17989680842,2207.25542186103,1,0,0,183,0,0,0
23,71,7,21674.8390417922,7172.37783097046,48,0,0,179,0,0,0
23,71,8,0,4,0,0,0,0,0,0,0
23,72,1,3472.41285639247,1390.3186058632,0,78,0,51,0,0,0
23,72,2,3704.04692444389,1464.46649045654,0,97,0,96,0,0,0
23,72,3,3662.00391465712,1984.58279439572,0,73,0,56,0,0,0
23,72,4,4278.55702253143,1026.31971093904,0,44,0,47,0,0,0
23,72,5,4728.41534728612,2550.69107021112,0,71,0,80,0,0,0
23,72,6,5391.55567585234,3398.12112814272,0,107,0,113,0,0,0
23,72,7,21729.4545439426,11932.0474140347,0,350,0,357,0,0,0
23,72,8,0,4,0,0,0,0,0,0,0
23,73,1,3494.42193100967,1187.0772966965,0,0,0,139,0,0,0
23,73,2,3729.80667375222,1633.65756352211,0,0,0,146,0,0,0
23,73,3,3702.12517928123,718.474256116613,0,0,0,197,0,0,0
23,73,4,4291.82794722772,2344.70166768296,0,0,0,102,0,0,0
23,73,5,4785.3607351056,1057.09354865039,1,0,0,202,0,0,0
23,73,6,5489.73199056826,1815.85369032985,3,0,0,222,0,0,0
23,73,7,21774.8695533856,9025.93314545197,28,0,0,218,0,0,1
23,73,8,0,4,0,0,0,0,0,0,0
23,74,1,3511.69633883579,1421.85611997973,0,0,0,118,0,0,0
23,74,2,3772.6450207412,923.674230828742,0,0,0,163,0,0,0
23,74,3,3710.97653684336,1248.10406176403,0,0,0,71,0,0,0
23,74,4,4383.51526836349,1304.58414494627,1,0,0,211,0,0,0
23,74,5,4822.47143395473,2163.67767513091,0,0,0,105,0,0,0
23,74,6,5605.08767460665,1346.60312249745,0,0,0,181,0,0,0
23,74,7,21882.9539198996,7726.11418497857,30,0,0,285,0,0,0
23,74,8,0,4,0,0,0,0,0,0,0
23,75,1,3545.66482983433,1506.9870523021,0,0,0,142,0,0,0
23,75,2,3783.51060411078,1729.98933853379,0,0,0,92,0,0,0
23,75,3,3741.15881710778,1392.68100698678,0,0,0,124,0,0,0
23,75,4,4425.75522567685,1632.97474460301,0,0,0,130,0,0,0
23,75,5,4925.56619532609,1888.78314478319,0,0,0,216,0,0,0
23,75,6,5675.63968063286,2641.58967544375,0,0,0,134,0,0,0
23,75,7,21955.3113056657,7082.35427999725,51,0,0,198,0,0,1
23,75,8,0,4,0,0,0,0,0,0,0
23,76,1,3579.53063097418,1755.7168371035,14,0,0,128,0,0,0
23,76,2,3808.1373621937,2108.88267270212,28,0,0,128,0,0,0
23,76,3,3776.97340215542,2037.42447806552,0,0,0,139,0,0,0
23,76,4,4457.82477562861,1795.32910056947,20,0,0,131,0,0,0
23,76,5,4977.45139190415,1365.07872527439,36,0,0,130,0,0,0
23,76,6,5749.14666015358,3232.20523769297,83,0,0,131,0,0,0
23,76,7,22110.3088448537,8755.95487870637,261,0,0,287,0,0,0
23,76,8,0,4,0,0,0,0,0,0,0
23,77,1,3652.45724390655,1162.81801531364,0,0,0,175,0,0,0
23,77,2,3872.17642473553,2332.17707033189,1,0,0,196,0,0,0
23,77,3,3855.98901058046,1127.01288790218,2,0,0,187,0,0,0
23,77,4,4562.37246745354,2485.95966836143,0,0,0,179,0,0,0
23,77,5,5032.18445221617,2463.9712247555,0,0,0,136,0,0,0
23,77,6,5914.03003509467,3456.96723829672,13,0,0,214,0,0,0
23,77,7,22189.0734124802,9575.39306683004,84,0,0,178,0,0,0
23,77,8,0,4,0,0,0,0,0,0,0
23,78,1,3706.96673575141,1904.89249624985,0,0,0,116,0,0,0
23,78,2,3997.10283227757,1559.12209233357,3,0,0,184,0,0,0
23,78,3,3919.7385453877,1536.90525458649,0,0,0,112,0,0,0
23,78,4,4667.49433347711,1306.87279508008,2,0,0,206,0,0,1
23,78,5,5174.00294259765,3408.15950409807,5,0,0,178,0,0,0
23,78,6,6131.99693464089,943.190945600601,10,0,0,200,0,0,2
23,78,7,22325.9560258681,11041.8727642262,58,0,0,184,0,0,0
23,78,8,0,4,0,0,0,0,0,0,0
23,79,1,3758.45616132363,2008.63085105818,0,0,0,190,0,0,0
23,79,2,4046.91310490801,1935.08633612177,0,0,0,155,0,0,0
23,79,3,3957.35017890371,1482.45231048649,0,0,0,153,0,0,0
23,79,4,4693.92857968485,1446.24790940154,0,0,0,130,0,0,0
23,79,5,5236.77994736399,2519.7040659652,9,0,0,193,0,0,2
23,79,6,6170.67293427379,794.58297940221,0,0,0,94,0,0,0
23,79,7,22398.6460537488,9394.78565197546,67,0,0,228,0,0,0
23,79,8,0,4,0,0,0,0,0,0,0
23,80,1,3755.74757754012,1690.91650736481,144,0,0,56,0,0,0
23,80,2,4063.99598631659,1103.77929195529,101,0,0,92,0,0,0
23,80,3,3958.90076378261,1970.49187578531,80,0,0,68,0,0,0
23,80,4,4706.19150264616,2173.07164793046,62,0,0,82,0,0,0
23,80,5,5300.28219373569,2095.08372619717,108,0,0,143,0,0,0
23,80,6,6190.90842261751,3635.19775306439,30,0,0,49,0,0,0
23,80,7,22500.3935357366,12873.4434401697,250,2,0,243,0,0,6
23,80,8,0,4,0,0,0,0,0,0,0
23,81,1,3784.50800793449,1473.91683019548,0,0,0,161,0,0,0
23,81,2,4086.80391085477,1520.28078015351,0,0,0,110,0,0,0
23,81,3,3993.87783681211,1873.09682793534,0,0,0,197,0,0,0
23,81,4,4751.19766789179,2131.45383956658,3,0,0,179,0,0,0
23,81,5,5364.26377737951,2965.51639171583,0,0,0,202,0,0,0
23,81,6,6262.82175964229,2923.66661313894,14,0,0,174,0,0,0
23,81,7,22496.6042021766,11214.930412974,85,0,0,207,0,0,0
23,81,8,0,4,0,0,0,0,0,0,0
23,82,1,3814.90379264045,1219.1311815371,0,0,0,147,0,0,0
23,82,2,4117.92140254484,661.39830217893,0,0,0,152,0,0,0
23,82,3,4032.07783620443,2327.25878753706,2,0,0,176,0,0,0
23,82,4,4797.06782783554,2093.34832894994,11,0,0,167,0,0,0
23,82,5,5439.37725751801,2281.83929355901,29,0,0,177,0,0,0
23,82,6,6330.46648455844,3058.15148520033,31,0,0,168,0,0,0
23,82,7,22526.7227612993,5521.49600924429,216,0,0,246,0,0,0
23,82,8,0,4,0,0,0,0,0,0,0
23,83,1,3821.52555547231,1584.93752568823,38,0,0,76,0,0,0
23,83,2,4119.34799430081,1896.63583477096,0,0,0,66,0,0,0
23,83,3,4067.52194348415,2702.69759261368,73,0,0,145,0,0,0
23,83,4,4849.6924052274,701.814438985567,53,0,0,145,0,0,0
23,83,5,5488.74939737079,3019.02660407662,64,0,0,151,0,0,0
23,83,6,6429.01784510227,2818.42180808843,117,0,0,165,0,0,0
23,83,7,22596.7943060696,12350.1758341171,239,0,0,265,0,0,0
23,83,8,0,4,0,0,0,0,0,0,0
23,84,1,3846.48815723611,1778.3680032156,0,0,0,158,0,0,0
23,84,2,4145.86116549985,2392.93080506923,0,0,0,189,0,0,0
23,84,3,4128.52934005976,2479.49079196515,1,0,0,217,0,0,1
23,84,4,4858.54387778768,1444.68298761383,0,0,0,70,0,0,0
23,84,5,5568.59187815759,2464.92537262822,1,0,0,217,0,0,0
23,84,6,6524.07906239165,4145.88391220968,0,0,0,270,0,0,0
23,84,7,22618.489095897,11548.573534521,39,0,0,228,0,0,1
23,84,8,0,4,0,0,0,0,0,0,0
23,85,1,3951.69366644744,1501.72969437518,0,0,0,177,0,0,0
23,85,2,4250.68533857549,2284.91147080366,1,0,0,179,0,0,3
23,85,3,4249.34320309354,2433.9632698578,0,0,0,231,0,0,0
23,85,4,4969.15080190453,2192.85337679274,0,0,0,144,0,0,0
23,85,5,5765.00214966296,2433.90208743281,1,0,0,206,0,0,0
23,85,6,6740.50960656213,3075.17660251331,8,0,0,187,0,0,2
23,85,7,22741.4326115007,8074.43675961553,37,0,0,211,0,0,0
23,85,8,0,4,0,0,0,0,0,0,0
23,86,1,4029.01629488329,877.319534337101,0,0,0,150,0,0,0
23,86,2,4414.20466658204,1262.62502438075,4,0,0,199,0,0,0
23,86,3,4387.31286603841,1863.91208360216,8,0,0,182,0,0,0
23,86,4,5116.14877310164,2862.49935579323,1,0,0,199,0,0,0
23,86,5,5937.9536531938,2586.78590809868,11,0,0,162,0,0,0
23,86,6,7014.13256293817,2228.27822768296,16,0,0,196,0,0,1
23,86,7,22892.4132252818,7648.02922002728,92,0,0,181,0,0,0
23,86,8,0,4,0,0,0,0,0,0,0
23,87,1,4069.72548715454,1200.73396271089,0,0,0,87,0,0,0
23,87,2,4561.31114808046,1099.34028462557,0,0,0,126,0,0,0
23,87,3,4519.76980617985,1930.94236500496,29,0,0,134,0,0,0
23,87,4,5232.73520385971,1993.19511027914,75,0,0,151,0,0,0
23,87,5,6126.17556729949,1289.68488195077,49,0,0,170,0,0,0
23,87,6,7279.86886952399,2389.3173561791,48,0,0,135,0,0,0
23,87,7,23057.0356837124,17925.8391112172,208,1,0,240,0,0,1
23,87,8,0,4,0,0,0,0,0,0,0
23,88,1,4068.39304179897,939.439460938447,0,0,0,120,0,0,0
23,88,2,4560.15448892891,2511.31671735357,0,0,0,109,0,0,0
23,88,3,4585.0530693891,2068.7340445564,0,0,0,193,0,0,0
23,88,4,5284.7224155761,2394.12263190381,0,0,0,170,0,0,0
23,88,5,6171.12566455892,1593.00256942423,0,0,0,128,0,0,0
23,88,6,7377.07244271115,3951.73233515585,0,0,0,201,0,0,0
23,88,7,23084.4629512504,9817.8599278405,40,0,0,239,0,0,0
23,88,8,0,4,0,0,0,0,0,0,0
23,89,1,4086.90110250297,1818.51069754084,0,0,0,93,0,0,0
23,89,2,4650.89582299889,2320.26685921753,5,0,0,176,0,0,3
23,89,3,4629.51721113784,2792.40990558709,1,0,0,183,0,0,0
23,89,4,5410.17560543496,3050.48606585256,0,0,0,239,0,0,0
23,89,5,6276.92680949452,2543.92012200959,0,0,0,159,0,0,0
23,89,6,7488.05144401012,4474.95044472438,16,0,0,184,0,0,5
23,89,7,23157.487873708,9912.53406279394,62,0,0,196,0,0,1
23,89,8,0,4,0,0,0,0,0,0,0
23,90,1,4163.17534214492,2005.20841892882,0,0,0,180,0,0,0
23,90,2,4741.68479663472,742.479167569139,7,0,0,186,0,0,0
23,90,3,4726.48611747469,2136.60093115738,10,0,0,210,0,0,0
23,90,4,5555.96392257686,2236.08189608405,16,0,0,199,0,0,0
23,90,5,6390.92411533789,2847.69197058479,13,0,0,172,0,0,0
23,90,6,7621.6820116363,3476.75436646632,41,0,0,180,0,0,0
23,90,7,23225.1702036999,5336.11359295074,124,0,0,203,0,0,0
23,90,8,0,4,0,0,0,0,0,0,0
23,91,1,4210.94193513956,3014.07928193823,55,0,0,123,0,0,0
23,91,2,4767.53375234291,2524.6101997721,0,0,0,74,0,0,0
23,91,3,4811.38046787638,1042.75159405926,47,0,0,147,0,0,0
23,91,4,5678.29502035524,871.281658024434,51,0,0,152,0,0,0
23,91,5,6511.32724773056,3111.52573827984,104,0,0,139,0,0,0
23,91,6,7847.71656471674,2288.60017175597,116,0,0,184,0,0,0
23,91,7,23415.3051672098,6768.92542852847,215,0,0,231,0,0,1
23,91,8,0,4,0,0,0,0,0,0,0
23,92,1,4289.81658772555,2219.10414025078,25,0,0,160,0,0,0
23,92,2,4969.55952584283,2308.21860391745,12,0,0,182,0,0,0
23,92,3,4919.64731054782,1659.38716971238,0,0,0,104,0,0,0
23,92,4,5783.44390560966,3026.68080119292,0,0,0,87,0,0,0
23,92,5,6742.53021251553,2478.38338162061,24,0,0,179,0,0,0
23,92,6,8187.9248174896,2519.14711459428,8,0,0,184,0,0,0
23,92,7,23574.5584932794,13768.3369114749,92,0,0,168,0,0,0
23,92,8,0,4,0,0,0,0,0,0,0
23,93,1,4352.76259979002,843.549993419086,1,0,0,186,0,0,0
23,93,2,5047.2243928826,2551.60337675293,0,0,0,220,0,0,0
23,93,3,4989.6927032249,2855.2404695171,0,0,0,165,0,0,0
23,93,4,5867.35688945698,2336.33006517422,3,0,0,192,0,0,0
23,93,5,6847.48584719341,3710.91896792322,1,0,0,189,0,0,0
23,93,6,8299.71818822276,4035.02592248034,1,0,0,193,0,0,0
23,93,7,23598.630481296,13886.6538443278,37,0,0,219,0,0,0
23,93,8,0,4,0,0,0,0,0,0,0
23,94,1,4365.71019412269,1976.84119252221,0,0,0,84,0,0,0
23,94,2,5111.97954307575,1909.30418334512,0,0,0,255,0,0,0
23,94,3,5094.17027788913,1946.3378861342,0,0,0,285,0,0,0
23,94,4,5933.17104018934,2059.94433733629,0,0,0,207,0,0,0
23,94,5,6979.10155883689,1580.2628023735,2,0,0,269,0,0,0
23,94,6,8410.71233453772,3977.92996513847,5,0,0,181,0,0,0
23,94,7,23610.4003020318,5832.45537369896,30,0,0,210,0,0,0
23,94,8,0,4,0,0,0,0,0,0,0
23,95,1,4412.72586585366,1251.09684441796,14,0,0,151,0,0,0
23,95,2,5163.08541750215,1911.8633642807,8,0,0,160,0,0,0
23,95,3,5183.93560745929,2069.97069129203,13,0,0,151,0,0,0
23,95,4,6031.92196504518,2521.32417461039,10,0,0,172,0,0,0
23,95,5,7100.94457452931,2043.05210205431,2,0,0,151,0,0,0
23,95,6,8616.51536785228,4681.96971643547,69,0,0,167,0,0,0
23,95,7,23713.7462780736,7266.0961683677,112,0,0,207,0,0,0
23,95,8,0,4,0,0,0,0,0,0,0
23,96,1,4496.06829026852,1805.0308291826,0,0,0,125,0,0,0
23,96,2,5435.4594599963,1452.60400071315,0,0,0,191,0,0,0
23,96,3,5380.48387747229,3436.61002948762,0,0,0,194,0,0,0
23,96,4,6252.05523926341,2115.95974081327,0,0,0,252,0,0,0
23,96,5,7403.46424764617,2435.17507808606,0,0,0,204,0,0,0
23,96,6,9115.8708558876,4886.14468211529,28,0,0,210,0,0,0
23,96,7,23948.9539395932,5061.36027778058,57,0,0,191,0,0,0
23,96,8,0,4,0,0,0,0,0,0,0
23,97,1,4514.98990824902,974.529899868642,33,0,0,121,0,0,0
23,97,2,5532.58702839969,1422.74322759744,0,0,0,145,0,0,0
23,97,3,5427.15397339372,1720.24838529915,104,0,0,156,0,0,0
23,97,4,6308.04390005153,4331.80293617737,40,0,0,138,0,0,0
23,97,5,7477.18789316035,3908.4027091774,38,0,0,174,0,0,0
23,97,6,9210.81709981108,2638.11483863016,165,0,0,191,0,0,0
23,97,7,23965.8776068089,8473.93160067331,174,0,0,183,0,0,1
23,97,8,0,4,0,0,0,0,0,0,0
23,98,1,4542.74935643683,2085.266173399,0,0,0,97,0,0,0
23,98,2,5617.00697406019,2642.69183312993,0,0,0,142,0,0,0
23,98,3,5539.63628737644,2393.55196277963,0,0,0,172,0,0,0
23,98,4,6493.58546801765,2943.83929044478,20,0,0,178,0,0,0
23,98,5,7644.88393817159,2339.10576020825,18,0,0,166,0,0,0
23,98,6,9510.15213097625,3840.59104069755,3,0,0,205,0,0,1
23,98,7,24049.3852369009,5935.44692895343,54,0,0,180,0,0,0
23,98,8,0,4,0,0,0,0,0,0,0
23,99,1,4637.23950974493,1584.2253883562,18,0,0,160,0,0,0
23,99,2,5738.27991701003,1996.93910573272,30,0,0,185,0,0,0
23,99,3,5668.88529483604,1635.11319774275,35,0,0,148,0,0,0
23,99,4,6677.67314791782,3501.18046228198,50,0,0,164,0,0,0
23,99,5,7813.30828634122,3751.45095968511,32,0,0,150,0,0,0
23,99,6,9834.39909888034,1804.92467121365,74,0,0,191,0,0,0
23,99,7,24281.1853903704,4706.19654333187,140,0,0,227,0,0,1
23,99,8,0,4,0,0,0,0,0,0,0
23,100,1,4684.32465680741,2328.49321892608,27,0,0,115,0,0,0
23,100,2,5823.84212857476,3657.14418615728,41,0,0,134,0,0,0
23,100,3,5788.91306132129,2232.39987170602,8,0,0,150,0,0,0
23,100,4,6798.75926980387,2585.90340113306,114,0,0,167,0,0,0
23,100,5,8005.43313100563,2938.93496186828,123,0,0,178,0,0,0
23,100,6,10081.9975639255,6736.98931998006,29,0,0,134,0,0,0
23,100,7,24426.7337517537,13406.1113434236,154,0,0,224,0,0,0
23,100,8,0,4,0,0,0,0,0,0,0
24,1,1,2852.016,567.394983741525,0,0,0,8,0,0,0
24,1,2,2881.456,1069.5200507494,0,0,0,89,0,0,0
24,1,3,2857.608,1169.27523942797,0,0,0,9,0,0,0
24,1,4,2874.77599999999,830.482951388349,0,0,0,95,0,0,0
24,1,5,2868.104,1173.34859465016,0,0,0,42,0,0,0
24,1,6,2853.944,1334.84226564342,0,0,0,2,0,0,0
24,1,7,19799.4495999999,5212.25366235725,0,0,0,90,0,0,0
24,1,8,0,0,0,0,0,27,0,0,0
24,2,1,NA,NA,NA,NA,NA,NA,NA,NA,NA
24,2,2,NA,NA,NA,NA,NA,NA,NA,NA,NA
24,2,3,NA,NA,NA,NA,NA,NA,NA,NA,NA
24,2,4,NA,NA,NA,NA,NA,NA,NA,NA,NA
24,2,5,NA,NA,NA,NA,NA,NA,NA,NA,NA
24,2,6,NA,NA,NA,NA,NA,NA,NA,NA,NA
24,2,7,NA,NA,NA,NA,NA,NA,NA,NA,NA
24,2,8,NA,NA,NA,NA,NA,NA,NA,NA,NA
24,3,1,NA,NA,NA,NA,NA,NA,NA,NA,NA
24,3,2,NA,NA,NA,NA,NA,NA,NA,NA,NA
24,3,3,NA,NA,NA,NA,NA,NA,NA,NA,NA
24,3,4,NA,NA,NA,NA,NA,NA,NA,NA,NA
24,3,5,NA,NA,NA,NA,NA,NA,NA,NA,NA
24,3,6,NA,NA,NA,NA,NA,NA,NA,NA,NA
24,3,7,NA,NA,NA,NA,NA,NA,NA,NA,NA
24,3,8,NA,NA,NA,NA,NA,NA,NA,NA,NA
24,4,1,NA,NA,NA,NA,NA,NA,NA,NA,NA
24,4,2,NA,NA,NA,NA,NA,NA,NA,NA,NA
24,4,3,NA,NA,NA,NA,NA,NA,NA,NA,NA
24,4,4,NA,NA,NA,NA,NA,NA,NA,NA,NA
24,4,5,NA,NA,NA,NA,NA,NA,NA,NA,NA
24,4,6,NA,NA,NA,NA,NA,NA,NA,NA,NA
24,4,7,NA,NA,NA,NA,NA,NA,NA,NA,NA
24,4,8,NA,NA,NA,NA,NA,NA,NA,NA,NA
24,5,1,NA,NA,NA,NA,NA,NA,NA,NA,NA
24,5,2,NA,NA,NA,NA,NA,NA,NA,NA,NA
24,5,3,NA,NA,NA,NA,NA,NA,NA,NA,NA
24,5,4,NA,NA,NA,NA,NA,NA,NA,NA,NA
24,5,5,NA,NA,NA,NA,NA,NA,NA,NA,NA
24,5,6,NA,NA,NA,NA,NA,NA,NA,NA,NA
24,5,7,NA,NA,NA,NA,NA,NA,NA,NA,NA
24,5,8,NA,NA,NA,NA,NA,NA,NA,NA,NA
24,6,1,NA,NA,NA,NA,NA,NA,NA,NA,NA
24,6,2,NA,NA,NA,NA,NA,NA,NA,NA,NA
24,6,3,NA,NA,NA,NA,NA,NA,NA,NA,NA
24,6,4,NA,NA,NA,NA,NA,NA,NA,NA,NA
24,6,5,NA,NA,NA,NA,NA,NA,NA,NA,NA
24,6,6,NA,NA,NA,NA,NA,NA,NA,NA,NA
24,6,7,NA,NA,NA,NA,NA,NA,NA,NA,NA
24,6,8,NA,NA,NA,NA,NA,NA,NA,NA,NA
24,7,1,NA,NA,NA,NA,NA,NA,NA,NA,NA
24,7,2,NA,NA,NA,NA,NA,NA,NA,NA,NA
24,7,3,NA,NA,NA,NA,NA,NA,NA,NA,NA
24,7,4,NA,NA,NA,NA,NA,NA,NA,NA,NA
24,7,5,NA,NA,NA,NA,NA,NA,NA,NA,NA
24,7,6,NA,NA,NA,NA,NA,NA,NA,NA,NA
24,7,7,NA,NA,NA,NA,NA,NA,NA,NA,NA
24,7,8,NA,NA,NA,NA,NA,NA,NA,NA,NA
24,8,1,NA,NA,NA,NA,NA,NA,NA,NA,NA
24,8,2,NA,NA,NA,NA,NA,NA,NA,NA,NA
24,8,3,NA,NA,NA,NA,NA,NA,NA,NA,NA
24,8,4,NA,NA,NA,NA,NA,NA,NA,NA,NA
24,8,5,NA,NA,NA,NA,NA,NA,NA,NA,NA
24,8,6,NA,NA,NA,NA,NA,NA,NA,NA,NA
24,8,7,NA,NA,NA,NA,NA,NA,NA,NA,NA
24,8,8,NA,NA,NA,NA,NA,NA,NA,NA,NA
24,9,1,NA,NA,NA,NA,NA,NA,NA,NA,NA
24,9,2,NA,NA,NA,NA,NA,NA,NA,NA,NA
24,9,3,NA,NA,NA,NA,NA,NA,NA,NA,NA
24,9,4,NA,NA,NA,NA,NA,NA,NA,NA,NA
24,9,5,NA,NA,NA,NA,NA,NA,NA,NA,NA
24,9,6,NA,NA,NA,NA,NA,NA,NA,NA,NA
24,9,7,NA,NA,NA,NA,NA,NA,NA,NA,NA
24,9,8,NA,NA,NA,NA,NA,NA,NA,NA,NA
24,10,1,NA,NA,NA,NA,NA,NA,NA,NA,NA
24,10,2,NA,NA,NA,NA,NA,NA,NA,NA,NA
24,10,3,NA,NA,NA,NA,NA,NA,NA,NA,NA
24,10,4,NA,NA,NA,NA,NA,NA,NA,NA,NA
24,10,5,NA,NA,NA,NA,NA,NA,NA,NA,NA
24,10,6,NA,NA,NA,NA,NA,NA,NA,NA,NA
24,10,7,NA,NA,NA,NA,NA,NA,NA,NA,NA
24,10,8,NA,NA,NA,NA,NA,NA,NA,NA,NA
24,11,1,NA,NA,NA,NA,NA,NA,NA,NA,NA
24,11,2,NA,NA,NA,NA,NA,NA,NA,NA,NA
24,11,3,NA,NA,NA,NA,NA,NA,NA,NA,NA
24,11,4,NA,NA,NA,NA,NA,NA,NA,NA,NA
24,11,5,NA,NA,NA,NA,NA,NA,NA,NA,NA
24,11,6,NA,NA,NA,NA,NA,NA,NA,NA,NA
24,11,7,NA,NA,NA,NA,NA,NA,NA,NA,NA
24,11,8,NA,NA,NA,NA,NA,NA,NA,NA,NA
24,12,1,NA,NA,NA,NA,NA,NA,NA,NA,NA
24,12,2,NA,NA,NA,NA,NA,NA,NA,NA,NA
24,12,3,NA,NA,NA,NA,NA,NA,NA,NA,NA
24,12,4,NA,NA,NA,NA,NA,NA,NA,NA,NA
24,12,5,NA,NA,NA,NA,NA,NA,NA,NA,NA
24,12,6,NA,NA,NA,NA,NA,NA,NA,NA,NA
24,12,7,NA,NA,NA,NA,NA,NA,NA,NA,NA
24,12,8,NA,NA,NA,NA,NA,NA,NA,NA,NA
24,13,1,NA,NA,NA,NA,NA,NA,NA,NA,NA
24,13,2,NA,NA,NA,NA,NA,NA,NA,NA,NA
24,13,3,NA,NA,NA,NA,NA,NA,NA,NA,NA
24,13,4,NA,NA,NA,NA,NA,NA,NA,NA,NA
24,13,5,NA,NA,NA,NA,NA,NA,NA,NA,NA
24,13,6,NA,NA,NA,NA,NA,NA,NA,NA,NA
24,13,7,NA,NA,NA,NA,NA,NA,NA,NA,NA
24,13,8,NA,NA,NA,NA,NA,NA,NA,NA,NA
24,14,1,NA,NA,NA,NA,NA,NA,NA,NA,NA
24,14,2,NA,NA,NA,NA,NA,NA,NA,NA,NA
24,14,3,NA,NA,NA,NA,NA,NA,NA,NA,NA
24,14,4,NA,NA,NA,NA,NA,NA,NA,NA,NA
24,14,5,NA,NA,NA,NA,NA,NA,NA,NA,NA
24,14,6,NA,NA,NA,NA,NA,NA,NA,NA,NA
24,14,7,NA,NA,NA,NA,NA,NA,NA,NA,NA
24,14,8,NA,NA,NA,NA,NA,NA,NA,NA,NA
24,15,1,NA,NA,NA,NA,NA,NA,NA,NA,NA
24,15,2,NA,NA,NA,NA,NA,NA,NA,NA,NA
24,15,3,NA,NA,NA,NA,NA,NA,NA,NA,NA
24,15,4,NA,NA,NA,NA,NA,NA,NA,NA,NA
24,15,5,NA,NA,NA,NA,NA,NA,NA,NA,NA
24,15,6,NA,NA,NA,NA,NA,NA,NA,NA,NA
24,15,7,NA,NA,NA,NA,NA,NA,NA,NA,NA
24,15,8,NA,NA,NA,NA,NA,NA,NA,NA,NA
24,16,1,NA,NA,NA,NA,NA,NA,NA,NA,NA
24,16,2,NA,NA,NA,NA,NA,NA,NA,NA,NA
24,16,3,NA,NA,NA,NA,NA,NA,NA,NA,NA
24,16,4,NA,NA,NA,NA,NA,NA,NA,NA,NA
24,16,5,NA,NA,NA,NA,NA,NA,NA,NA,NA
24,16,6,NA,NA,NA,NA,NA,NA,NA,NA,NA
24,16,7,NA,NA,NA,NA,NA,NA,NA,NA,NA
24,16,8,NA,NA,NA,NA,NA,NA,NA,NA,NA
24,17,1,NA,NA,NA,NA,NA,NA,NA,NA,NA
24,17,2,NA,NA,NA,NA,NA,NA,NA,NA,NA
24,17,3,NA,NA,NA,NA,NA,NA,NA,NA,NA
24,17,4,NA,NA,NA,NA,NA,NA,NA,NA,NA
24,17,5,NA,NA,NA,NA,NA,NA,NA,NA,NA
24,17,6,NA,NA,NA,NA,NA,NA,NA,NA,NA
24,17,7,NA,NA,NA,NA,NA,NA,NA,NA,NA
24,17,8,NA,NA,NA,NA,NA,NA,NA,NA,NA
24,18,1,NA,NA,NA,NA,NA,NA,NA,NA,NA
24,18,2,NA,NA,NA,NA,NA,NA,NA,NA,NA
24,18,3,NA,NA,NA,NA,NA,NA,NA,NA,NA
24,18,4,NA,NA,NA,NA,NA,NA,NA,NA,NA
24,18,5,NA,NA,NA,NA,NA,NA,NA,NA,NA
24,18,6,NA,NA,NA,NA,NA,NA,NA,NA,NA
24,18,7,NA,NA,NA,NA,NA,NA,NA,NA,NA
24,18,8,NA,NA,NA,NA,NA,NA,NA,NA,NA
24,19,1,NA,NA,NA,NA,NA,NA,NA,NA,NA
24,19,2,NA,NA,NA,NA,NA,NA,NA,NA,NA
24,19,3,NA,NA,NA,NA,NA,NA,NA,NA,NA
24,19,4,NA,NA,NA,NA,NA,NA,NA,NA,NA
24,19,5,NA,NA,NA,NA,NA,NA,NA,NA,NA
24,19,6,NA,NA,NA,NA,NA,NA,NA,NA,NA
24,19,7,NA,NA,NA,NA,NA,NA,NA,NA,NA
24,19,8,NA,NA,NA,NA,NA,NA,NA,NA,NA
24,20,1,NA,NA,NA,NA,NA,NA,NA,NA,NA
24,20,2,NA,NA,NA,NA,NA,NA,NA,NA,NA
24,20,3,NA,NA,NA,NA,NA,NA,NA,NA,NA
24,20,4,NA,NA,NA,NA,NA,NA,NA,NA,NA
24,20,5,NA,NA,NA,NA,NA,NA,NA,NA,NA
24,20,6,NA,NA,NA,NA,NA,NA,NA,NA,NA
24,20,7,NA,NA,NA,NA,NA,NA,NA,NA,NA
24,20,8,NA,NA,NA,NA,NA,NA,NA,NA,NA
24,21,1,NA,NA,NA,NA,NA,NA,NA,NA,NA
24,21,2,NA,NA,NA,NA,NA,NA,NA,NA,NA
24,21,3,NA,NA,NA,NA,NA,NA,NA,NA,NA
24,21,4,NA,NA,NA,NA,NA,NA,NA,NA,NA
24,21,5,NA,NA,NA,NA,NA,NA,NA,NA,NA
24,21,6,NA,NA,NA,NA,NA,NA,NA,NA,NA
24,21,7,NA,NA,NA,NA,NA,NA,NA,NA,NA
24,21,8,NA,NA,NA,NA,NA,NA,NA,NA,NA
24,22,1,NA,NA,NA,NA,NA,NA,NA,NA,NA
24,22,2,NA,NA,NA,NA,NA,NA,NA,NA,NA
24,22,3,NA,NA,NA,NA,NA,NA,NA,NA,NA
24,22,4,NA,NA,NA,NA,NA,NA,NA,NA,NA
24,22,5,NA,NA,NA,NA,NA,NA,NA,NA,NA
24,22,6,NA,NA,NA,NA,NA,NA,NA,NA,NA
24,22,7,NA,NA,NA,NA,NA,NA,NA,NA,NA
24,22,8,NA,NA,NA,NA,NA,NA,NA,NA,NA
24,23,1,NA,NA,NA,NA,NA,NA,NA,NA,NA
24,23,2,NA,NA,NA,NA,NA,NA,NA,NA,NA
24,23,3,NA,NA,NA,NA,NA,NA,NA,NA,NA
24,23,4,NA,NA,NA,NA,NA,NA,NA,NA,NA
24,23,5,NA,NA,NA,NA,NA,NA,NA,NA,NA
24,23,6,NA,NA,NA,NA,NA,NA,NA,NA,NA
24,23,7,NA,NA,NA,NA,NA,NA,NA,NA,NA
24,23,8,NA,NA,NA,NA,NA,NA,NA,NA,NA
24,24,1,NA,NA,NA,NA,NA,NA,NA,NA,NA
24,24,2,NA,NA,NA,NA,NA,NA,NA,NA,NA
24,24,3,NA,NA,NA,NA,NA,NA,NA,NA,NA
24,24,4,NA,NA,NA,NA,NA,NA,NA,NA,NA
24,24,5,NA,NA,NA,NA,NA,NA,NA,NA,NA
24,24,6,NA,NA,NA,NA,NA,NA,NA,NA,NA
24,24,7,NA,NA,NA,NA,NA,NA,NA,NA,NA
24,24,8,NA,NA,NA,NA,NA,NA,NA,NA,NA
24,25,1,NA,NA,NA,NA,NA,NA,NA,NA,NA
24,25,2,NA,NA,NA,NA,NA,NA,NA,NA,NA
24,25,3,NA,NA,NA,NA,NA,NA,NA,NA,NA
24,25,4,NA,NA,NA,NA,NA,NA,NA,NA,NA
24,25,5,NA,NA,NA,NA,NA,NA,NA,NA,NA
24,25,6,NA,NA,NA,NA,NA,NA,NA,NA,NA
24,25,7,NA,NA,NA,NA,NA,NA,NA,NA,NA
24,25,8,NA,NA,NA,NA,NA,NA,NA,NA,NA
24,26,1,NA,NA,NA,NA,NA,NA,NA,NA,NA
24,26,2,NA,NA,NA,NA,NA,NA,NA,NA,NA
24,26,3,NA,NA,NA,NA,NA,NA,NA,NA,NA
24,26,4,NA,NA,NA,NA,NA,NA,NA,NA,NA
24,26,5,NA,NA,NA,NA,NA,NA,NA,NA,NA
24,26,6,NA,NA,NA,NA,NA,NA,NA,NA,NA
24,26,7,NA,NA,NA,NA,NA,NA,NA,NA,NA
24,26,8,NA,NA,NA,NA,NA,NA,NA,NA,NA
24,27,1,NA,NA,NA,NA,NA,NA,NA,NA,NA
24,27,2,NA,NA,NA,NA,NA,NA,NA,NA,NA
24,27,3,NA,NA,NA,NA,NA,NA,NA,NA,NA
24,27,4,NA,NA,NA,NA,NA,NA,NA,NA,NA
24,27,5,NA,NA,NA,NA,NA,NA,NA,NA,NA
24,27,6,NA,NA,NA,NA,NA,NA,NA,NA,NA
24,27,7,NA,NA,NA,NA,NA,NA,NA,NA,NA
24,27,8,NA,NA,NA,NA,NA,NA,NA,NA,NA
24,28,1,NA,NA,NA,NA,NA,NA,NA,NA,NA
24,28,2,NA,NA,NA,NA,NA,NA,NA,NA,NA
24,28,3,NA,NA,NA,NA,NA,NA,NA,NA,NA
24,28,4,NA,NA,NA,NA,NA,NA,NA,NA,NA
24,28,5,NA,NA,NA,NA,NA,NA,NA,NA,NA
24,28,6,NA,NA,NA,NA,NA,NA,NA,NA,NA
24,28,7,NA,NA,NA,NA,NA,NA,NA,NA,NA
24,28,8,NA,NA,NA,NA,NA,NA,NA,NA,NA
24,29,1,NA,NA,NA,NA,NA,NA,NA,NA,NA
24,29,2,NA,NA,NA,NA,NA,NA,NA,NA,NA
24,29,3,NA,NA,NA,NA,NA,NA,NA,NA,NA
24,29,4,NA,NA,NA,NA,NA,NA,NA,NA,NA
24,29,5,NA,NA,NA,NA,NA,NA,NA,NA,NA
24,29,6,NA,NA,NA,NA,NA,NA,NA,NA,NA
24,29,7,NA,NA,NA,NA,NA,NA,NA,NA,NA
24,29,8,NA,NA,NA,NA,NA,NA,NA,NA,NA
24,30,1,NA,NA,NA,NA,NA,NA,NA,NA,NA
24,30,2,NA,NA,NA,NA,NA,NA,NA,NA,NA
24,30,3,NA,NA,NA,NA,NA,NA,NA,NA,NA
24,30,4,NA,NA,NA,NA,NA,NA,NA,NA,NA
24,30,5,NA,NA,NA,NA,NA,NA,NA,NA,NA
24,30,6,NA,NA,NA,NA,NA,NA,NA,NA,NA
24,30,7,NA,NA,NA,NA,NA,NA,NA,NA,NA
24,30,8,NA,NA,NA,NA,NA,NA,NA,NA,NA
24,31,1,NA,NA,NA,NA,NA,NA,NA,NA,NA
24,31,2,NA,NA,NA,NA,NA,NA,NA,NA,NA
24,31,3,NA,NA,NA,NA,NA,NA,NA,NA,NA
24,31,4,NA,NA,NA,NA,NA,NA,NA,NA,NA
24,31,5,NA,NA,NA,NA,NA,NA,NA,NA,NA
24,31,6,NA,NA,NA,NA,NA,NA,NA,NA,NA
24,31,7,NA,NA,NA,NA,NA,NA,NA,NA,NA
24,31,8,NA,NA,NA,NA,NA,NA,NA,NA,NA
24,32,1,NA,NA,NA,NA,NA,NA,NA,NA,NA
24,32,2,NA,NA,NA,NA,NA,NA,NA,NA,NA
24,32,3,NA,NA,NA,NA,NA,NA,NA,NA,NA
24,32,4,NA,NA,NA,NA,NA,NA,NA,NA,NA
24,32,5,NA,NA,NA,NA,NA,NA,NA,NA,NA
24,32,6,NA,NA,NA,NA,NA,NA,NA,NA,NA
24,32,7,NA,NA,NA,NA,NA,NA,NA,NA,NA
24,32,8,NA,NA,NA,NA,NA,NA,NA,NA,NA
24,33,1,NA,NA,NA,NA,NA,NA,NA,NA,NA
24,33,2,NA,NA,NA,NA,NA,NA,NA,NA,NA
24,33,3,NA,NA,NA,NA,NA,NA,NA,NA,NA
24,33,4,NA,NA,NA,NA,NA,NA,NA,NA,NA
24,33,5,NA,NA,NA,NA,NA,NA,NA,NA,NA
24,33,6,NA,NA,NA,NA,NA,NA,NA,NA,NA
24,33,7,NA,NA,NA,NA,NA,NA,NA,NA,NA
24,33,8,NA,NA,NA,NA,NA,NA,NA,NA,NA
24,34,1,NA,NA,NA,NA,NA,NA,NA,NA,NA
24,34,2,NA,NA,NA,NA,NA,NA,NA,NA,NA
24,34,3,NA,NA,NA,NA,NA,NA,NA,NA,NA
24,34,4,NA,NA,NA,NA,NA,NA,NA,NA,NA
24,34,5,NA,NA,NA,NA,NA,NA,NA,NA,NA
24,34,6,NA,NA,NA,NA,NA,NA,NA,NA,NA
24,34,7,NA,NA,NA,NA,NA,NA,NA,NA,NA
24,34,8,NA,NA,NA,NA,NA,NA,NA,NA,NA
24,35,1,NA,NA,NA,NA,NA,NA,NA,NA,NA
24,35,2,NA,NA,NA,NA,NA,NA,NA,NA,NA
24,35,3,NA,NA,NA,NA,NA,NA,NA,NA,NA
24,35,4,NA,NA,NA,NA,NA,NA,NA,NA,NA
24,35,5,NA,NA,NA,NA,NA,NA,NA,NA,NA
24,35,6,NA,NA,NA,NA,NA,NA,NA,NA,NA
24,35,7,NA,NA,NA,NA,NA,NA,NA,NA,NA
24,35,8,NA,NA,NA,NA,NA,NA,NA,NA,NA
24,36,1,NA,NA,NA,NA,NA,NA,NA,NA,NA
24,36,2,NA,NA,NA,NA,NA,NA,NA,NA,NA
24,36,3,NA,NA,NA,NA,NA,NA,NA,NA,NA
24,36,4,NA,NA,NA,NA,NA,NA,NA,NA,NA
24,36,5,NA,NA,NA,NA,NA,NA,NA,NA,NA
24,36,6,NA,NA,NA,NA,NA,NA,NA,NA,NA
24,36,7,NA,NA,NA,NA,NA,NA,NA,NA,NA
24,36,8,NA,NA,NA,NA,NA,NA,NA,NA,NA
24,37,1,NA,NA,NA,NA,NA,NA,NA,NA,NA
24,37,2,NA,NA,NA,NA,NA,NA,NA,NA,NA
24,37,3,NA,NA,NA,NA,NA,NA,NA,NA,NA
24,37,4,NA,NA,NA,NA,NA,NA,NA,NA,NA
24,37,5,NA,NA,NA,NA,NA,NA,NA,NA,NA
24,37,6,NA,NA,NA,NA,NA,NA,NA,NA,NA
24,37,7,NA,NA,NA,NA,NA,NA,NA,NA,NA
24,37,8,NA,NA,NA,NA,NA,NA,NA,NA,NA
24,38,1,NA,NA,NA,NA,NA,NA,NA,NA,NA
24,38,2,NA,NA,NA,NA,NA,NA,NA,NA,NA
24,38,3,NA,NA,NA,NA,NA,NA,NA,NA,NA
24,38,4,NA,NA,NA,NA,NA,NA,NA,NA,NA
24,38,5,NA,NA,NA,NA,NA,NA,NA,NA,NA
24,38,6,NA,NA,NA,NA,NA,NA,NA,NA,NA
24,38,7,NA,NA,NA,NA,NA,NA,NA,NA,NA
24,38,8,NA,NA,NA,NA,NA,NA,NA,NA,NA
24,39,1,NA,NA,NA,NA,NA,NA,NA,NA,NA
24,39,2,NA,NA,NA,NA,NA,NA,NA,NA,NA
24,39,3,NA,NA,NA,NA,NA,NA,NA,NA,NA
24,39,4,NA,NA,NA,NA,NA,NA,NA,NA,NA
24,39,5,NA,NA,NA,NA,NA,NA,NA,NA,NA
24,39,6,NA,NA,NA,NA,NA,NA,NA,NA,NA
24,39,7,NA,NA,NA,NA,NA,NA,NA,NA,NA
24,39,8,NA,NA,NA,NA,NA,NA,NA,NA,NA
24,40,1,NA,NA,NA,NA,NA,NA,NA,NA,NA
24,40,2,NA,NA,NA,NA,NA,NA,NA,NA,NA
24,40,3,NA,NA,NA,NA,NA,NA,NA,NA,NA
24,40,4,NA,NA,NA,NA,NA,NA,NA,NA,NA
24,40,5,NA,NA,NA,NA,NA,NA,NA,NA,NA
24,40,6,NA,NA,NA,NA,NA,NA,NA,NA,NA
24,40,7,NA,NA,NA,NA,NA,NA,NA,NA,NA
24,40,8,NA,NA,NA,NA,NA,NA,NA,NA,NA
24,41,1,NA,NA,NA,NA,NA,NA,NA,NA,NA
24,41,2,NA,NA,NA,NA,NA,NA,NA,NA,NA
24,41,3,NA,NA,NA,NA,NA,NA,NA,NA,NA
24,41,4,NA,NA,NA,NA,NA,NA,NA,NA,NA
24,41,5,NA,NA,NA,NA,NA,NA,NA,NA,NA
24,41,6,NA,NA,NA,NA,NA,NA,NA,NA,NA
24,41,7,NA,NA,NA,NA,NA,NA,NA,NA,NA
24,41,8,NA,NA,NA,NA,NA,NA,NA,NA,NA
24,42,1,NA,NA,NA,NA,NA,NA,NA,NA,NA
24,42,2,NA,NA,NA,NA,NA,NA,NA,NA,NA
24,42,3,NA,NA,NA,NA,NA,NA,NA,NA,NA
24,42,4,NA,NA,NA,NA,NA,NA,NA,NA,NA
24,42,5,NA,NA,NA,NA,NA,NA,NA,NA,NA
24,42,6,NA,NA,NA,NA,NA,NA,NA,NA,NA
24,42,7,NA,NA,NA,NA,NA,NA,NA,NA,NA
24,42,8,NA,NA,NA,NA,NA,NA,NA,NA,NA
24,43,1,NA,NA,NA,NA,NA,NA,NA,NA,NA
24,43,2,NA,NA,NA,NA,NA,NA,NA,NA,NA
24,43,3,NA,NA,NA,NA,NA,NA,NA,NA,NA
24,43,4,NA,NA,NA,NA,NA,NA,NA,NA,NA
24,43,5,NA,NA,NA,NA,NA,NA,NA,NA,NA
24,43,6,NA,NA,NA,NA,NA,NA,NA,NA,NA
24,43,7,NA,NA,NA,NA,NA,NA,NA,NA,NA
24,43,8,NA,NA,NA,NA,NA,NA,NA,NA,NA
24,44,1,NA,NA,NA,NA,NA,NA,NA,NA,NA
24,44,2,NA,NA,NA,NA,NA,NA,NA,NA,NA
24,44,3,NA,NA,NA,NA,NA,NA,NA,NA,NA
24,44,4,NA,NA,NA,NA,NA,NA,NA,NA,NA
24,44,5,NA,NA,NA,NA,NA,NA,NA,NA,NA
24,44,6,NA,NA,NA,NA,NA,NA,NA,NA,NA
24,44,7,NA,NA,NA,NA,NA,NA,NA,NA,NA
24,44,8,NA,NA,NA,NA,NA,NA,NA,NA,NA
24,45,1,NA,NA,NA,NA,NA,NA,NA,NA,NA
24,45,2,NA,NA,NA,NA,NA,NA,NA,NA,NA
24,45,3,NA,NA,NA,NA,NA,NA,NA,NA,NA
24,45,4,NA,NA,NA,NA,NA,NA,NA,NA,NA
24,45,5,NA,NA,NA,NA,NA,NA,NA,NA,NA
24,45,6,NA,NA,NA,NA,NA,NA,NA,NA,NA
24,45,7,NA,NA,NA,NA,NA,NA,NA,NA,NA
24,45,8,NA,NA,NA,NA,NA,NA,NA,NA,NA
24,46,1,NA,NA,NA,NA,NA,NA,NA,NA,NA
24,46,2,NA,NA,NA,NA,NA,NA,NA,NA,NA
24,46,3,NA,NA,NA,NA,NA,NA,NA,NA,NA
24,46,4,NA,NA,NA,NA,NA,NA,NA,NA,NA
24,46,5,NA,NA,NA,NA,NA,NA,NA,NA,NA
24,46,6,NA,NA,NA,NA,NA,NA,NA,NA,NA
24,46,7,NA,NA,NA,NA,NA,NA,NA,NA,NA
24,46,8,NA,NA,NA,NA,NA,NA,NA,NA,NA
24,47,1,NA,NA,NA,NA,NA,NA,NA,NA,NA
24,47,2,NA,NA,NA,NA,NA,NA,NA,NA,NA
24,47,3,NA,NA,NA,NA,NA,NA,NA,NA,NA
24,47,4,NA,NA,NA,NA,NA,NA,NA,NA,NA
24,47,5,NA,NA,NA,NA,NA,NA,NA,NA,NA
24,47,6,NA,NA,NA,NA,NA,NA,NA,NA,NA
24,47,7,NA,NA,NA,NA,NA,NA,NA,NA,NA
24,47,8,NA,NA,NA,NA,NA,NA,NA,NA,NA
24,48,1,NA,NA,NA,NA,NA,NA,NA,NA,NA
24,48,2,NA,NA,NA,NA,NA,NA,NA,NA,NA
24,48,3,NA,NA,NA,NA,NA,NA,NA,NA,NA
24,48,4,NA,NA,NA,NA,NA,NA,NA,NA,NA
24,48,5,NA,NA,NA,NA,NA,NA,NA,NA,NA
24,48,6,NA,NA,NA,NA,NA,NA,NA,NA,NA
24,48,7,NA,NA,NA,NA,NA,NA,NA,NA,NA
24,48,8,NA,NA,NA,NA,NA,NA,NA,NA,NA
24,49,1,NA,NA,NA,NA,NA,NA,NA,NA,NA
24,49,2,NA,NA,NA,NA,NA,NA,NA,NA,NA
24,49,3,NA,NA,NA,NA,NA,NA,NA,NA,NA
24,49,4,NA,NA,NA,NA,NA,NA,NA,NA,NA
24,49,5,NA,NA,NA,NA,NA,NA,NA,NA,NA
24,49,6,NA,NA,NA,NA,NA,NA,NA,NA,NA
24,49,7,NA,NA,NA,NA,NA,NA,NA,NA,NA
24,49,8,NA,NA,NA,NA,NA,NA,NA,NA,NA
24,50,1,NA,NA,NA,NA,NA,NA,NA,NA,NA
24,50,2,NA,NA,NA,NA,NA,NA,NA,NA,NA
24,50,3,NA,NA,NA,NA,NA,NA,NA,NA,NA
24,50,4,NA,NA,NA,NA,NA,NA,NA,NA,NA
24,50,5,NA,NA,NA,NA,NA,NA,NA,NA,NA
24,50,6,NA,NA,NA,NA,NA,NA,NA,NA,NA
24,50,7,NA,NA,NA,NA,NA,NA,NA,NA,NA
24,50,8,NA,NA,NA,NA,NA,NA,NA,NA,NA
24,51,1,NA,NA,NA,NA,NA,NA,NA,NA,NA
24,51,2,NA,NA,NA,NA,NA,NA,NA,NA,NA
24,51,3,NA,NA,NA,NA,NA,NA,NA,NA,NA
24,51,4,NA,NA,NA,NA,NA,NA,NA,NA,NA
24,51,5,NA,NA,NA,NA,NA,NA,NA,NA,NA
24,51,6,NA,NA,NA,NA,NA,NA,NA,NA,NA
24,51,7,NA,NA,NA,NA,NA,NA,NA,NA,NA
24,51,8,NA,NA,NA,NA,NA,NA,NA,NA,NA
24,52,1,NA,NA,NA,NA,NA,NA,NA,NA,NA
24,52,2,NA,NA,NA,NA,NA,NA,NA,NA,NA
24,52,3,NA,NA,NA,NA,NA,NA,NA,NA,NA
24,52,4,NA,NA,NA,NA,NA,NA,NA,NA,NA
24,52,5,NA,NA,NA,NA,NA,NA,NA,NA,NA
24,52,6,NA,NA,NA,NA,NA,NA,NA,NA,NA
24,52,7,NA,NA,NA,NA,NA,NA,NA,NA,NA
24,52,8,NA,NA,NA,NA,NA,NA,NA,NA,NA
24,53,1,NA,NA,NA,NA,NA,NA,NA,NA,NA
24,53,2,NA,NA,NA,NA,NA,NA,NA,NA,NA
24,53,3,NA,NA,NA,NA,NA,NA,NA,NA,NA
24,53,4,NA,NA,NA,NA,NA,NA,NA,NA,NA
24,53,5,NA,NA,NA,NA,NA,NA,NA,NA,NA
24,53,6,NA,NA,NA,NA,NA,NA,NA,NA,NA
24,53,7,NA,NA,NA,NA,NA,NA,NA,NA,NA
24,53,8,NA,NA,NA,NA,NA,NA,NA,NA,NA
24,54,1,NA,NA,NA,NA,NA,NA,NA,NA,NA
24,54,2,NA,NA,NA,NA,NA,NA,NA,NA,NA
24,54,3,NA,NA,NA,NA,NA,NA,NA,NA,NA
24,54,4,NA,NA,NA,NA,NA,NA,NA,NA,NA
24,54,5,NA,NA,NA,NA,NA,NA,NA,NA,NA
24,54,6,NA,NA,NA,NA,NA,NA,NA,NA,NA
24,54,7,NA,NA,NA,NA,NA,NA,NA,NA,NA
24,54,8,NA,NA,NA,NA,NA,NA,NA,NA,NA
24,55,1,NA,NA,NA,NA,NA,NA,NA,NA,NA
24,55,2,NA,NA,NA,NA,NA,NA,NA,NA,NA
24,55,3,NA,NA,NA,NA,NA,NA,NA,NA,NA
24,55,4,NA,NA,NA,NA,NA,NA,NA,NA,NA
24,55,5,NA,NA,NA,NA,NA,NA,NA,NA,NA
24,55,6,NA,NA,NA,NA,NA,NA,NA,NA,NA
24,55,7,NA,NA,NA,NA,NA,NA,NA,NA,NA
24,55,8,NA,NA,NA,NA,NA,NA,NA,NA,NA
24,56,1,NA,NA,NA,NA,NA,NA,NA,NA,NA
24,56,2,NA,NA,NA,NA,NA,NA,NA,NA,NA
24,56,3,NA,NA,NA,NA,NA,NA,NA,NA,NA
24,56,4,NA,NA,NA,NA,NA,NA,NA,NA,NA
24,56,5,NA,NA,NA,NA,NA,NA,NA,NA,NA
24,56,6,NA,NA,NA,NA,NA,NA,NA,NA,NA
24,56,7,NA,NA,NA,NA,NA,NA,NA,NA,NA
24,56,8,NA,NA,NA,NA,NA,NA,NA,NA,NA
24,57,1,NA,NA,NA,NA,NA,NA,NA,NA,NA
24,57,2,NA,NA,NA,NA,NA,NA,NA,NA,NA
24,57,3,NA,NA,NA,NA,NA,NA,NA,NA,NA
24,57,4,NA,NA,NA,NA,NA,NA,NA,NA,NA
24,57,5,NA,NA,NA,NA,NA,NA,NA,NA,NA
24,57,6,NA,NA,NA,NA,NA,NA,NA,NA,NA
24,57,7,NA,NA,NA,NA,NA,NA,NA,NA,NA
24,57,8,NA,NA,NA,NA,NA,NA,NA,NA,NA
24,58,1,NA,NA,NA,NA,NA,NA,NA,NA,NA
24,58,2,NA,NA,NA,NA,NA,NA,NA,NA,NA
24,58,3,NA,NA,NA,NA,NA,NA,NA,NA,NA
24,58,4,NA,NA,NA,NA,NA,NA,NA,NA,NA
24,58,5,NA,NA,NA,NA,NA,NA,NA,NA,NA
24,58,6,NA,NA,NA,NA,NA,NA,NA,NA,NA
24,58,7,NA,NA,NA,NA,NA,NA,NA,NA,NA
24,58,8,NA,NA,NA,NA,NA,NA,NA,NA,NA
24,59,1,NA,NA,NA,NA,NA,NA,NA,NA,NA
24,59,2,NA,NA,NA,NA,NA,NA,NA,NA,NA
24,59,3,NA,NA,NA,NA,NA,NA,NA,NA,NA
24,59,4,NA,NA,NA,NA,NA,NA,NA,NA,NA
24,59,5,NA,NA,NA,NA,NA,NA,NA,NA,NA
24,59,6,NA,NA,NA,NA,NA,NA,NA,NA,NA
24,59,7,NA,NA,NA,NA,NA,NA,NA,NA,NA
24,59,8,NA,NA,NA,NA,NA,NA,NA,NA,NA
24,60,1,NA,NA,NA,NA,NA,NA,NA,NA,NA
24,60,2,NA,NA,NA,NA,NA,NA,NA,NA,NA
24,60,3,NA,NA,NA,NA,NA,NA,NA,NA,NA
24,60,4,NA,NA,NA,NA,NA,NA,NA,NA,NA
24,60,5,NA,NA,NA,NA,NA,NA,NA,NA,NA
24,60,6,NA,NA,NA,NA,NA,NA,NA,NA,NA
24,60,7,NA,NA,NA,NA,NA,NA,NA,NA,NA
24,60,8,NA,NA,NA,NA,NA,NA,NA,NA,NA
24,61,1,NA,NA,NA,NA,NA,NA,NA,NA,NA
24,61,2,NA,NA,NA,NA,NA,NA,NA,NA,NA
24,61,3,NA,NA,NA,NA,NA,NA,NA,NA,NA
24,61,4,NA,NA,NA,NA,NA,NA,NA,NA,NA
24,61,5,NA,NA,NA,NA,NA,NA,NA,NA,NA
24,61,6,NA,NA,NA,NA,NA,NA,NA,NA,NA
24,61,7,NA,NA,NA,NA,NA,NA,NA,NA,NA
24,61,8,NA,NA,NA,NA,NA,NA,NA,NA,NA
24,62,1,NA,NA,NA,NA,NA,NA,NA,NA,NA
24,62,2,NA,NA,NA,NA,NA,NA,NA,NA,NA
24,62,3,NA,NA,NA,NA,NA,NA,NA,NA,NA
24,62,4,NA,NA,NA,NA,NA,NA,NA,NA,NA
24,62,5,NA,NA,NA,NA,NA,NA,NA,NA,NA
24,62,6,NA,NA,NA,NA,NA,NA,NA,NA,NA
24,62,7,NA,NA,NA,NA,NA,NA,NA,NA,NA
24,62,8,NA,NA,NA,NA,NA,NA,NA,NA,NA
24,63,1,NA,NA,NA,NA,NA,NA,NA,NA,NA
24,63,2,NA,NA,NA,NA,NA,NA,NA,NA,NA
24,63,3,NA,NA,NA,NA,NA,NA,NA,NA,NA
24,63,4,NA,NA,NA,NA,NA,NA,NA,NA,NA
24,63,5,NA,NA,NA,NA,NA,NA,NA,NA,NA
24,63,6,NA,NA,NA,NA,NA,NA,NA,NA,NA
24,63,7,NA,NA,NA,NA,NA,NA,NA,NA,NA
24,63,8,NA,NA,NA,NA,NA,NA,NA,NA,NA
24,64,1,NA,NA,NA,NA,NA,NA,NA,NA,NA
24,64,2,NA,NA,NA,NA,NA,NA,NA,NA,NA
24,64,3,NA,NA,NA,NA,NA,NA,NA,NA,NA
24,64,4,NA,NA,NA,NA,NA,NA,NA,NA,NA
24,64,5,NA,NA,NA,NA,NA,NA,NA,NA,NA
24,64,6,NA,NA,NA,NA,NA,NA,NA,NA,NA
24,64,7,NA,NA,NA,NA,NA,NA,NA,NA,NA
24,64,8,NA,NA,NA,NA,NA,NA,NA,NA,NA
24,65,1,NA,NA,NA,NA,NA,NA,NA,NA,NA
24,65,2,NA,NA,NA,NA,NA,NA,NA,NA,NA
24,65,3,NA,NA,NA,NA,NA,NA,NA,NA,NA
24,65,4,NA,NA,NA,NA,NA,NA,NA,NA,NA
24,65,5,NA,NA,NA,NA,NA,NA,NA,NA,NA
24,65,6,NA,NA,NA,NA,NA,NA,NA,NA,NA
24,65,7,NA,NA,NA,NA,NA,NA,NA,NA,NA
24,65,8,NA,NA,NA,NA,NA,NA,NA,NA,NA
24,66,1,NA,NA,NA,NA,NA,NA,NA,NA,NA
24,66,2,NA,NA,NA,NA,NA,NA,NA,NA,NA
24,66,3,NA,NA,NA,NA,NA,NA,NA,NA,NA
24,66,4,NA,NA,NA,NA,NA,NA,NA,NA,NA
24,66,5,NA,NA,NA,NA,NA,NA,NA,NA,NA
24,66,6,NA,NA,NA,NA,NA,NA,NA,NA,NA
24,66,7,NA,NA,NA,NA,NA,NA,NA,NA,NA
24,66,8,NA,NA,NA,NA,NA,NA,NA,NA,NA
24,67,1,NA,NA,NA,NA,NA,NA,NA,NA,NA
24,67,2,NA,NA,NA,NA,NA,NA,NA,NA,NA
24,67,3,NA,NA,NA,NA,NA,NA,NA,NA,NA
24,67,4,NA,NA,NA,NA,NA,NA,NA,NA,NA
24,67,5,NA,NA,NA,NA,NA,NA,NA,NA,NA
24,67,6,NA,NA,NA,NA,NA,NA,NA,NA,NA
24,67,7,NA,NA,NA,NA,NA,NA,NA,NA,NA
24,67,8,NA,NA,NA,NA,NA,NA,NA,NA,NA
24,68,1,NA,NA,NA,NA,NA,NA,NA,NA,NA
24,68,2,NA,NA,NA,NA,NA,NA,NA,NA,NA
24,68,3,NA,NA,NA,NA,NA,NA,NA,NA,NA
24,68,4,NA,NA,NA,NA,NA,NA,NA,NA,NA
24,68,5,NA,NA,NA,NA,NA,NA,NA,NA,NA
24,68,6,NA,NA,NA,NA,NA,NA,NA,NA,NA
24,68,7,NA,NA,NA,NA,NA,NA,NA,NA,NA
24,68,8,NA,NA,NA,NA,NA,NA,NA,NA,NA
24,69,1,NA,NA,NA,NA,NA,NA,NA,NA,NA
24,69,2,NA,NA,NA,NA,NA,NA,NA,NA,NA
24,69,3,NA,NA,NA,NA,NA,NA,NA,NA,NA
24,69,4,NA,NA,NA,NA,NA,NA,NA,NA,NA
24,69,5,NA,NA,NA,NA,NA,NA,NA,NA,NA
24,69,6,NA,NA,NA,NA,NA,NA,NA,NA,NA
24,69,7,NA,NA,NA,NA,NA,NA,NA,NA,NA
24,69,8,NA,NA,NA,NA,NA,NA,NA,NA,NA
24,70,1,NA,NA,NA,NA,NA,NA,NA,NA,NA
24,70,2,NA,NA,NA,NA,NA,NA,NA,NA,NA
24,70,3,NA,NA,NA,NA,NA,NA,NA,NA,NA
24,70,4,NA,NA,NA,NA,NA,NA,NA,NA,NA
24,70,5,NA,NA,NA,NA,NA,NA,NA,NA,NA
24,70,6,NA,NA,NA,NA,NA,NA,NA,NA,NA
24,70,7,NA,NA,NA,NA,NA,NA,NA,NA,NA
24,70,8,NA,NA,NA,NA,NA,NA,NA,NA,NA
24,71,1,NA,NA,NA,NA,NA,NA,NA,NA,NA
24,71,2,NA,NA,NA,NA,NA,NA,NA,NA,NA
24,71,3,NA,NA,NA,NA,NA,NA,NA,NA,NA
24,71,4,NA,NA,NA,NA,NA,NA,NA,NA,NA
24,71,5,NA,NA,NA,NA,NA,NA,NA,NA,NA
24,71,6,NA,NA,NA,NA,NA,NA,NA,NA,NA
24,71,7,NA,NA,NA,NA,NA,NA,NA,NA,NA
24,71,8,NA,NA,NA,NA,NA,NA,NA,NA,NA
24,72,1,NA,NA,NA,NA,NA,NA,NA,NA,NA
24,72,2,NA,NA,NA,NA,NA,NA,NA,NA,NA
24,72,3,NA,NA,NA,NA,NA,NA,NA,NA,NA
24,72,4,NA,NA,NA,NA,NA,NA,NA,NA,NA
24,72,5,NA,NA,NA,NA,NA,NA,NA,NA,NA
24,72,6,NA,NA,NA,NA,NA,NA,NA,NA,NA
24,72,7,NA,NA,NA,NA,NA,NA,NA,NA,NA
24,72,8,NA,NA,NA,NA,NA,NA,NA,NA,NA
24,73,1,NA,NA,NA,NA,NA,NA,NA,NA,NA
24,73,2,NA,NA,NA,NA,NA,NA,NA,NA,NA
24,73,3,NA,NA,NA,NA,NA,NA,NA,NA,NA
24,73,4,NA,NA,NA,NA,NA,NA,NA,NA,NA
24,73,5,NA,NA,NA,NA,NA,NA,NA,NA,NA
24,73,6,NA,NA,NA,NA,NA,NA,NA,NA,NA
24,73,7,NA,NA,NA,NA,NA,NA,NA,NA,NA
24,73,8,NA,NA,NA,NA,NA,NA,NA,NA,NA
24,74,1,NA,NA,NA,NA,NA,NA,NA,NA,NA
24,74,2,NA,NA,NA,NA,NA,NA,NA,NA,NA
24,74,3,NA,NA,NA,NA,NA,NA,NA,NA,NA
24,74,4,NA,NA,NA,NA,NA,NA,NA,NA,NA
24,74,5,NA,NA,NA,NA,NA,NA,NA,NA,NA
24,74,6,NA,NA,NA,NA,NA,NA,NA,NA,NA
24,74,7,NA,NA,NA,NA,NA,NA,NA,NA,NA
24,74,8,NA,NA,NA,NA,NA,NA,NA,NA,NA
24,75,1,NA,NA,NA,NA,NA,NA,NA,NA,NA
24,75,2,NA,NA,NA,NA,NA,NA,NA,NA,NA
24,75,3,NA,NA,NA,NA,NA,NA,NA,NA,NA
24,75,4,NA,NA,NA,NA,NA,NA,NA,NA,NA
24,75,5,NA,NA,NA,NA,NA,NA,NA,NA,NA
24,75,6,NA,NA,NA,NA,NA,NA,NA,NA,NA
24,75,7,NA,NA,NA,NA,NA,NA,NA,NA,NA
24,75,8,NA,NA,NA,NA,NA,NA,NA,NA,NA
24,76,1,NA,NA,NA,NA,NA,NA,NA,NA,NA
24,76,2,NA,NA,NA,NA,NA,NA,NA,NA,NA
24,76,3,NA,NA,NA,NA,NA,NA,NA,NA,NA
24,76,4,NA,NA,NA,NA,NA,NA,NA,NA,NA
24,76,5,NA,NA,NA,NA,NA,NA,NA,NA,NA
24,76,6,NA,NA,NA,NA,NA,NA,NA,NA,NA
24,76,7,NA,NA,NA,NA,NA,NA,NA,NA,NA
24,76,8,NA,NA,NA,NA,NA,NA,NA,NA,NA
24,77,1,NA,NA,NA,NA,NA,NA,NA,NA,NA
24,77,2,NA,NA,NA,NA,NA,NA,NA,NA,NA
24,77,3,NA,NA,NA,NA,NA,NA,NA,NA,NA
24,77,4,NA,NA,NA,NA,NA,NA,NA,NA,NA
24,77,5,NA,NA,NA,NA,NA,NA,NA,NA,NA
24,77,6,NA,NA,NA,NA,NA,NA,NA,NA,NA
24,77,7,NA,NA,NA,NA,NA,NA,NA,NA,NA
24,77,8,NA,NA,NA,NA,NA,NA,NA,NA,NA
24,78,1,NA,NA,NA,NA,NA,NA,NA,NA,NA
24,78,2,NA,NA,NA,NA,NA,NA,NA,NA,NA
24,78,3,NA,NA,NA,NA,NA,NA,NA,NA,NA
24,78,4,NA,NA,NA,NA,NA,NA,NA,NA,NA
24,78,5,NA,NA,NA,NA,NA,NA,NA,NA,NA
24,78,6,NA,NA,NA,NA,NA,NA,NA,NA,NA
24,78,7,NA,NA,NA,NA,NA,NA,NA,NA,NA
24,78,8,NA,NA,NA,NA,NA,NA,NA,NA,NA
24,79,1,NA,NA,NA,NA,NA,NA,NA,NA,NA
24,79,2,NA,NA,NA,NA,NA,NA,NA,NA,NA
24,79,3,NA,NA,NA,NA,NA,NA,NA,NA,NA
24,79,4,NA,NA,NA,NA,NA,NA,NA,NA,NA
24,79,5,NA,NA,NA,NA,NA,NA,NA,NA,NA
24,79,6,NA,NA,NA,NA,NA,NA,NA,NA,NA
24,79,7,NA,NA,NA,NA,NA,NA,NA,NA,NA
24,79,8,NA,NA,NA,NA,NA,NA,NA,NA,NA
24,80,1,NA,NA,NA,NA,NA,NA,NA,NA,NA
24,80,2,NA,NA,NA,NA,NA,NA,NA,NA,NA
24,80,3,NA,NA,NA,NA,NA,NA,NA,NA,NA
24,80,4,NA,NA,NA,NA,NA,NA,NA,NA,NA
24,80,5,NA,NA,NA,NA,NA,NA,NA,NA,NA
24,80,6,NA,NA,NA,NA,NA,NA,NA,NA,NA
24,80,7,NA,NA,NA,NA,NA,NA,NA,NA,NA
24,80,8,NA,NA,NA,NA,NA,NA,NA,NA,NA
24,81,1,NA,NA,NA,NA,NA,NA,NA,NA,NA
24,81,2,NA,NA,NA,NA,NA,NA,NA,NA,NA
24,81,3,NA,NA,NA,NA,NA,NA,NA,NA,NA
24,81,4,NA,NA,NA,NA,NA,NA,NA,NA,NA
24,81,5,NA,NA,NA,NA,NA,NA,NA,NA,NA
24,81,6,NA,NA,NA,NA,NA,NA,NA,NA,NA
24,81,7,NA,NA,NA,NA,NA,NA,NA,NA,NA
24,81,8,NA,NA,NA,NA,NA,NA,NA,NA,NA
24,82,1,NA,NA,NA,NA,NA,NA,NA,NA,NA
24,82,2,NA,NA,NA,NA,NA,NA,NA,NA,NA
24,82,3,NA,NA,NA,NA,NA,NA,NA,NA,NA
24,82,4,NA,NA,NA,NA,NA,NA,NA,NA,NA
24,82,5,NA,NA,NA,NA,NA,NA,NA,NA,NA
24,82,6,NA,NA,NA,NA,NA,NA,NA,NA,NA
24,82,7,NA,NA,NA,NA,NA,NA,NA,NA,NA
24,82,8,NA,NA,NA,NA,NA,NA,NA,NA,NA
24,83,1,NA,NA,NA,NA,NA,NA,NA,NA,NA
24,83,2,NA,NA,NA,NA,NA,NA,NA,NA,NA
24,83,3,NA,NA,NA,NA,NA,NA,NA,NA,NA
24,83,4,NA,NA,NA,NA,NA,NA,NA,NA,NA
24,83,5,NA,NA,NA,NA,NA,NA,NA,NA,NA
24,83,6,NA,NA,NA,NA,NA,NA,NA,NA,NA
24,83,7,NA,NA,NA,NA,NA,NA,NA,NA,NA
24,83,8,NA,NA,NA,NA,NA,NA,NA,NA,NA
24,84,1,NA,NA,NA,NA,NA,NA,NA,NA,NA
24,84,2,NA,NA,NA,NA,NA,NA,NA,NA,NA
24,84,3,NA,NA,NA,NA,NA,NA,NA,NA,NA
24,84,4,NA,NA,NA,NA,NA,NA,NA,NA,NA
24,84,5,NA,NA,NA,NA,NA,NA,NA,NA,NA
24,84,6,NA,NA,NA,NA,NA,NA,NA,NA,NA
24,84,7,NA,NA,NA,NA,NA,NA,NA,NA,NA
24,84,8,NA,NA,NA,NA,NA,NA,NA,NA,NA
24,85,1,NA,NA,NA,NA,NA,NA,NA,NA,NA
24,85,2,NA,NA,NA,NA,NA,NA,NA,NA,NA
24,85,3,NA,NA,NA,NA,NA,NA,NA,NA,NA
24,85,4,NA,NA,NA,NA,NA,NA,NA,NA,NA
24,85,5,NA,NA,NA,NA,NA,NA,NA,NA,NA
24,85,6,NA,NA,NA,NA,NA,NA,NA,NA,NA
24,85,7,NA,NA,NA,NA,NA,NA,NA,NA,NA
24,85,8,NA,NA,NA,NA,NA,NA,NA,NA,NA
24,86,1,NA,NA,NA,NA,NA,NA,NA,NA,NA
24,86,2,NA,NA,NA,NA,NA,NA,NA,NA,NA
24,86,3,NA,NA,NA,NA,NA,NA,NA,NA,NA
24,86,4,NA,NA,NA,NA,NA,NA,NA,NA,NA
24,86,5,NA,NA,NA,NA,NA,NA,NA,NA,NA
24,86,6,NA,NA,NA,NA,NA,NA,NA,NA,NA
24,86,7,NA,NA,NA,NA,NA,NA,NA,NA,NA
24,86,8,NA,NA,NA,NA,NA,NA,NA,NA,NA
24,87,1,NA,NA,NA,NA,NA,NA,NA,NA,NA
24,87,2,NA,NA,NA,NA,NA,NA,NA,NA,NA
24,87,3,NA,NA,NA,NA,NA,NA,NA,NA,NA
24,87,4,NA,NA,NA,NA,NA,NA,NA,NA,NA
24,87,5,NA,NA,NA,NA,NA,NA,NA,NA,NA
24,87,6,NA,NA,NA,NA,NA,NA,NA,NA,NA
24,87,7,NA,NA,NA,NA,NA,NA,NA,NA,NA
24,87,8,NA,NA,NA,NA,NA,NA,NA,NA,NA
24,88,1,NA,NA,NA,NA,NA,NA,NA,NA,NA
24,88,2,NA,NA,NA,NA,NA,NA,NA,NA,NA
24,88,3,NA,NA,NA,NA,NA,NA,NA,NA,NA
24,88,4,NA,NA,NA,NA,NA,NA,NA,NA,NA
24,88,5,NA,NA,NA,NA,NA,NA,NA,NA,NA
24,88,6,NA,NA,NA,NA,NA,NA,NA,NA,NA
24,88,7,NA,NA,NA,NA,NA,NA,NA,NA,NA
24,88,8,NA,NA,NA,NA,NA,NA,NA,NA,NA
24,89,1,NA,NA,NA,NA,NA,NA,NA,NA,NA
24,89,2,NA,NA,NA,NA,NA,NA,NA,NA,NA
24,89,3,NA,NA,NA,NA,NA,NA,NA,NA,NA
24,89,4,NA,NA,NA,NA,NA,NA,NA,NA,NA
24,89,5,NA,NA,NA,NA,NA,NA,NA,NA,NA
24,89,6,NA,NA,NA,NA,NA,NA,NA,NA,NA
24,89,7,NA,NA,NA,NA,NA,NA,NA,NA,NA
24,89,8,NA,NA,NA,NA,NA,NA,NA,NA,NA
24,90,1,NA,NA,NA,NA,NA,NA,NA,NA,NA
24,90,2,NA,NA,NA,NA,NA,NA,NA,NA,NA
24,90,3,NA,NA,NA,NA,NA,NA,NA,NA,NA
24,90,4,NA,NA,NA,NA,NA,NA,NA,NA,NA
24,90,5,NA,NA,NA,NA,NA,NA,NA,NA,NA
24,90,6,NA,NA,NA,NA,NA,NA,NA,NA,NA
24,90,7,NA,NA,NA,NA,NA,NA,NA,NA,NA
24,90,8,NA,NA,NA,NA,NA,NA,NA,NA,NA
24,91,1,NA,NA,NA,NA,NA,NA,NA,NA,NA
24,91,2,NA,NA,NA,NA,NA,NA,NA,NA,NA
24,91,3,NA,NA,NA,NA,NA,NA,NA,NA,NA
24,91,4,NA,NA,NA,NA,NA,NA,NA,NA,NA
24,91,5,NA,NA,NA,NA,NA,NA,NA,NA,NA
24,91,6,NA,NA,NA,NA,NA,NA,NA,NA,NA
24,91,7,NA,NA,NA,NA,NA,NA,NA,NA,NA
24,91,8,NA,NA,NA,NA,NA,NA,NA,NA,NA
24,92,1,NA,NA,NA,NA,NA,NA,NA,NA,NA
24,92,2,NA,NA,NA,NA,NA,NA,NA,NA,NA
24,92,3,NA,NA,NA,NA,NA,NA,NA,NA,NA
24,92,4,NA,NA,NA,NA,NA,NA,NA,NA,NA
24,92,5,NA,NA,NA,NA,NA,NA,NA,NA,NA
24,92,6,NA,NA,NA,NA,NA,NA,NA,NA,NA
24,92,7,NA,NA,NA,NA,NA,NA,NA,NA,NA
24,92,8,NA,NA,NA,NA,NA,NA,NA,NA,NA
24,93,1,NA,NA,NA,NA,NA,NA,NA,NA,NA
24,93,2,NA,NA,NA,NA,NA,NA,NA,NA,NA
24,93,3,NA,NA,NA,NA,NA,NA,NA,NA,NA
24,93,4,NA,NA,NA,NA,NA,NA,NA,NA,NA
24,93,5,NA,NA,NA,NA,NA,NA,NA,NA,NA
24,93,6,NA,NA,NA,NA,NA,NA,NA,NA,NA
24,93,7,NA,NA,NA,NA,NA,NA,NA,NA,NA
24,93,8,NA,NA,NA,NA,NA,NA,NA,NA,NA
24,94,1,NA,NA,NA,NA,NA,NA,NA,NA,NA
24,94,2,NA,NA,NA,NA,NA,NA,NA,NA,NA
24,94,3,NA,NA,NA,NA,NA,NA,NA,NA,NA
24,94,4,NA,NA,NA,NA,NA,NA,NA,NA,NA
24,94,5,NA,NA,NA,NA,NA,NA,NA,NA,NA
24,94,6,NA,NA,NA,NA,NA,NA,NA,NA,NA
24,94,7,NA,NA,NA,NA,NA,NA,NA,NA,NA
24,94,8,NA,NA,NA,NA,NA,NA,NA,NA,NA
24,95,1,NA,NA,NA,NA,NA,NA,NA,NA,NA
24,95,2,NA,NA,NA,NA,NA,NA,NA,NA,NA
24,95,3,NA,NA,NA,NA,NA,NA,NA,NA,NA
24,95,4,NA,NA,NA,NA,NA,NA,NA,NA,NA
24,95,5,NA,NA,NA,NA,NA,NA,NA,NA,NA
24,95,6,NA,NA,NA,NA,NA,NA,NA,NA,NA
24,95,7,NA,NA,NA,NA,NA,NA,NA,NA,NA
24,95,8,NA,NA,NA,NA,NA,NA,NA,NA,NA
24,96,1,NA,NA,NA,NA,NA,NA,NA,NA,NA
24,96,2,NA,NA,NA,NA,NA,NA,NA,NA,NA
24,96,3,NA,NA,NA,NA,NA,NA,NA,NA,NA
24,96,4,NA,NA,NA,NA,NA,NA,NA,NA,NA
24,96,5,NA,NA,NA,NA,NA,NA,NA,NA,NA
24,96,6,NA,NA,NA,NA,NA,NA,NA,NA,NA
24,96,7,NA,NA,NA,NA,NA,NA,NA,NA,NA
24,96,8,NA,NA,NA,NA,NA,NA,NA,NA,NA
24,97,1,NA,NA,NA,NA,NA,NA,NA,NA,NA
24,97,2,NA,NA,NA,NA,NA,NA,NA,NA,NA
24,97,3,NA,NA,NA,NA,NA,NA,NA,NA,NA
24,97,4,NA,NA,NA,NA,NA,NA,NA,NA,NA
24,97,5,NA,NA,NA,NA,NA,NA,NA,NA,NA
24,97,6,NA,NA,NA,NA,NA,NA,NA,NA,NA
24,97,7,NA,NA,NA,NA,NA,NA,NA,NA,NA
24,97,8,NA,NA,NA,NA,NA,NA,NA,NA,NA
24,98,1,NA,NA,NA,NA,NA,NA,NA,NA,NA
24,98,2,NA,NA,NA,NA,NA,NA,NA,NA,NA
24,98,3,NA,NA,NA,NA,NA,NA,NA,NA,NA
24,98,4,NA,NA,NA,NA,NA,NA,NA,NA,NA
24,98,5,NA,NA,NA,NA,NA,NA,NA,NA,NA
24,98,6,NA,NA,NA,NA,NA,NA,NA,NA,NA
24,98,7,NA,NA,NA,NA,NA,NA,NA,NA,NA
24,98,8,NA,NA,NA,NA,NA,NA,NA,NA,NA
24,99,1,NA,NA,NA,NA,NA,NA,NA,NA,NA
24,99,2,NA,NA,NA,NA,NA,NA,NA,NA,NA
24,99,3,NA,NA,NA,NA,NA,NA,NA,NA,NA
24,99,4,NA,NA,NA,NA,NA,NA,NA,NA,NA
24,99,5,NA,NA,NA,NA,NA,NA,NA,NA,NA
24,99,6,NA,NA,NA,NA,NA,NA,NA,NA,NA
24,99,7,NA,NA,NA,NA,NA,NA,NA,NA,NA
24,99,8,NA,NA,NA,NA,NA,NA,NA,NA,NA
24,100,1,NA,NA,NA,NA,NA,NA,NA,NA,NA
24,100,2,NA,NA,NA,NA,NA,NA,NA,NA,NA
24,100,3,NA,NA,NA,NA,NA,NA,NA,NA,NA
24,100,4,NA,NA,NA,NA,NA,NA,NA,NA,NA
24,100,5,NA,NA,NA,NA,NA,NA,NA,NA,NA
24,100,6,NA,NA,NA,NA,NA,NA,NA,NA,NA
24,100,7,NA,NA,NA,NA,NA,NA,NA,NA,NA
24,100,8,NA,NA,NA,NA,NA,NA,NA,NA,NA
25,1,1,2969.57568,909.044278744816,0,0,0,85,0,0,0
25,1,2,2970.4992,755.938013511738,0,0,0,83,0,0,0
25,1,3,2959.312,1254.38064698622,0,0,0,52,0,0,0
25,1,4,2962.5456,985.11336177389,0,0,0,67,0,0,0
25,1,5,2963.41568,1526.41684916437,0,0,0,93,0,0,0
25,1,6,2963.8016,966.346154628724,0,0,0,98,0,0,0
25,1,7,19160.5004799999,10390.7685370631,0,0,0,94,0,0,0
25,1,8,0,7,0,0,0,42,0,0,0
25,2,1,2974.209216,224.299552851062,0,0,0,90,0,0,0
25,2,2,2971.38208,806.777700346578,0,0,0,75,0,0,0
25,2,3,2972.65919999999,1274.33718304071,0,0,0,125,0,0,0
25,2,4,2968.72288,1772.08636919612,0,0,0,98,0,0,0
25,2,5,2977.232896,1232.25733443702,0,0,0,152,0,0,0
25,2,6,2970.3232,1934.07267279197,0,0,0,96,0,0,0
25,2,7,19120.0297599999,4748.18679968517,21,1,0,278,0,0,0
25,2,8,0,7,0,0,0,0,0,0,0
25,3,1,2964.662336,593.740490787979,0,14,0,8,0,0,0
25,3,2,2965.13568,931.136428949273,0,52,0,28,0,0,0
25,3,3,2971.23167999999,1328.6412736418,0,63,0,64,0,0,0
25,3,4,2969.87488,1202.13293720388,0,88,0,89,0,0,0
25,3,5,2972.379776,1431.27931868032,0,60,0,63,0,0,0
25,3,6,2973.97919999999,1513.98172488609,0,106,0,87,0,0,0
25,3,7,19061.1545599998,8275.48946077046,0,194,0,188,0,0,0
25,3,8,0,7,0,0,0,0,0,0,0
25,4,1,2970.514816,1655.32396809256,0,0,0,59,0,0,0
25,4,2,2981.1936,1074.23456006201,0,0,0,93,0,0,0
25,4,3,2999.83648,1664.62898122937,0,0,0,132,0,0,0
25,4,4,2994.68,1274.48187859569,0,0,0,120,0,0,0
25,4,5,3003.37337600001,1953.17144034068,0,0,0,143,0,0,0
25,4,6,3003.9408,1521.74796025589,0,0,0,151,0,0,0
25,4,7,19057.1801599997,12072.0552424677,27,0,0,255,0,0,0
25,4,8,0,7,0,0,0,0,0,0,0
25,5,1,2993.234816,1178.83655615989,0,0,0,165,0,0,0
25,5,2,2996.6112,1493.65143381345,0,0,0,107,0,0,0
25,5,3,3028.70687999999,1125.46172524573,0,0,0,166,0,0,0
25,5,4,3018.5632,751.253772779053,0,0,0,127,0,0,0
25,5,5,3037.678976,1624.86136501981,0,0,0,188,0,0,0
25,5,6,3029.73279999999,1177.77242921306,0,0,0,152,0,0,0
25,5,7,19027.5894399996,8610.19420177279,26,0,0,195,0,0,0
25,5,8,0,7,0,0,0,0,0,0,0
25,6,1,3005.41625599999,1452.12397048677,0,0,0,117,0,0,0
25,6,2,3020.1888,1542.68203118201,0,0,0,149,0,0,0
25,6,3,3045.61567999999,1954.04052873597,0,0,0,112,0,0,0
25,6,4,3028.321664,1071.29789456158,0,0,0,75,0,0,0
25,6,5,3065.094976,1301.41924164268,0,0,0,162,0,0,0
25,6,6,3048.84479999999,1001.37003635268,0,0,0,117,0,0,0
25,6,7,19001.8172799996,8737.52117108575,67,0,0,220,0,0,0
25,6,8,0,7,0,0,0,0,0,0,0
25,7,1,3023.337024,747.149932313672,0,0,0,145,0,0,0
25,7,2,3046.67168000001,902.955789011712,0,0,0,154,0,0,0
25,7,3,3077.12768,1030.93994299301,2,0,0,175,0,0,0
25,7,4,3045.716864,1246.41324788814,0,0,0,107,0,0,0
25,7,5,3089.70585600001,1121.52276102019,0,0,0,130,0,0,0
25,7,6,3067.3776,1919.08115906686,0,0,0,100,0,0,0
25,7,7,18983.5354239995,9175.29449904627,65,0,0,210,0,0,0
25,7,8,0,7,0,0,0,0,0,0,0
25,8,1,3027.05072384,1448.53637266432,0,0,0,74,0,0,0
25,8,2,3059.78848000001,1434.32193502792,0,0,0,90,0,0,0
25,8,3,3094.409408,2023.12771384045,0,0,0,103,0,0,0
25,8,4,3062.12016384,692.112919855965,0,0,0,124,0,0,0
25,8,5,3110.41209600001,911.973317312463,0,0,0,112,0,0,0
25,8,6,3103.620864,453.990365119879,0,0,0,191,0,0,0
25,8,7,18967.5651199994,10641.0324873829,64,0,0,185,0,0,0
25,8,8,0,7,0,0,0,0,0,0,0
25,9,1,3042.51432704,1051.09269807478,0,0,0,144,0,0,0
25,9,2,3077.33172480001,530.799864580351,0,0,0,143,0,0,0
25,9,3,3128.24723456,1101.91018244918,0,0,0,202,0,0,0
25,9,4,3068.15408384,1195.69161660185,0,0,0,69,0,0,0
25,9,5,3123.70055680001,1175.50191841514,0,0,0,91,0,0,0
25,9,6,3106.1124608,1078.34333988252,0,0,0,45,0,0,0
25,9,7,18955.7791999993,4739.73385529191,52,0,0,200,0,0,0
25,9,8,0,7,0,0,0,0,0,0,0
25,10,1,3050.04463104,1654.06151636122,0,0,0,105,0,0,0
25,10,2,3072.71444480001,1201.4918083732,0,0,0,53,0,0,0
25,10,3,3135.24237056,849.932224135419,0,0,0,110,0,0,0
25,10,4,3077.43478784001,1787.2970060534,0,0,0,119,0,0,0
25,10,5,3136.14113280001,1638.74577685712,0,0,0,117,0,0,0
25,10,6,3119.4283648,824.276037917132,0,0,0,107,0,0,0
25,10,7,18920.5043199993,7076.93804357288,149,0,0,161,0,0,0
25,10,8,0,7,0,0,0,0,0,0,0
25,11,1,3063.61921024,1711.78158846211,0,0,0,164,0,0,0
25,11,2,3079.71921971201,1281.33497423975,0,0,0,120,0,0,0
25,11,3,3134.06249472,733.723696891145,0,0,0,84,0,0,0
25,11,4,3098.82916864,1585.10875624466,0,0,0,170,0,0,0
25,11,5,3156.97710080001,1117.55906550928,0,0,0,163,0,0,0
25,11,6,3123.0027648,1505.0205562502,0,0,0,82,0,0,0
25,11,7,18912.3393407993,5871.75966295986,40,0,0,271,0,0,0
25,11,8,0,7,0,0,0,0,0,0,0
25,12,1,3070.28673024001,1027.75376864056,39,0,0,116,0,0,0
25,12,2,3087.98002227201,2138.32674428892,2,0,0,125,0,0,0
25,12,3,3135.10038517761,1600.12329598177,0,0,0,73,0,0,0
25,12,4,3109.88152064001,937.331750166683,22,0,0,127,0,0,0
25,12,5,3168.33835776001,992.254113205299,0,0,0,111,0,0,0
25,12,6,3134.6271488,1406.05191204918,31,0,0,107,0,0,0
25,12,7,18903.1710489592,4253.71396616546,242,0,0,248,0,0,0
25,12,8,0,7,0,0,0,0,0,0,0
25,13,1,3061.62426624001,2283.1683551867,0,53,0,49,0,0,0
25,13,2,3087.34207027202,943.858193190267,0,116,0,97,0,0,0
25,13,3,3126.57110517761,1832.36077658669,0,83,0,77,0,0,0
25,13,4,3096.08408064001,1640.97009152365,0,51,0,42,0,0,0
25,13,5,3159.83818496001,1924.74189789943,0,41,0,58,0,0,0
25,13,6,3140.1596288,1590.6291152452,0,53,0,87,0,0,0
25,13,7,18891.0466329591,6953.3885697163,0,213,0,212,0,0,0
25,13,8,0,7,0,0,0,0,0,0,0
25,14,1,3092.05556224001,1859.54856360002,2,0,0,184,0,0,0
25,14,2,3103.35613747202,1502.36346350785,0,0,0,94,0,0,0
25,14,3,3155.8159051776,1019.38953779991,0,0,0,183,0,0,0
25,14,4,3116.97781760001,762.351904150207,0,0,0,164,0,0,0
25,14,5,3191.80882176001,1160.1411652111,0,0,0,180,0,0,0
25,14,6,3168.856832,1468.8892585434,0,0,0,159,0,0,0
25,14,7,18922.8441369591,11491.9661641958,26,0,0,256,0,0,0
25,14,8,0,7,0,0,0,0,0,0,0
25,15,1,3119.90900224001,1411.65319496517,0,0,0,177,0,0,0
25,15,2,3125.24663091201,1917.29805676664,0,0,0,150,0,0,0
25,15,3,3164.72080117761,1721.07270314765,0,0,0,101,0,0,0
25,15,4,3118.35988480001,1225.38148108628,0,0,0,76,0,0,0
25,15,5,3205.53271040001,1615.78161792091,0,0,0,116,0,0,0
25,15,6,3195.0179712,1070.62963863773,0,0,0,146,0,0,0
25,15,7,18960.1010969592,5258.8576686393,22,0,0,322,0,0,4
25,15,8,0,7,0,0,0,0,0,0,0
25,16,1,3140.43924224001,1433.53200955654,0,0,0,141,0,0,0
25,16,2,3156.35593011201,2052.76544874561,0,0,0,183,0,0,0
25,16,3,3189.87400181761,2241.65882103869,3,0,0,155,0,0,0
25,16,4,3135.28572160001,1345.07253255917,0,0,0,122,0,0,0
25,16,5,3231.77436272641,522.644543776962,0,0,0,161,0,0,0
25,16,6,3214.6482304,1308.79389062933,0,0,0,107,0,0,0
25,16,7,18977.8153369591,9069.11167922998,66,0,0,191,0,0,0
25,16,8,0,7,0,0,0,0,0,0,0
25,17,1,3156.96367104001,1377.58369049035,0,0,0,143,0,0,0
25,17,2,3180.21672704002,1036.20287870856,1,0,0,177,0,0,0
25,17,3,3224.34963957761,844.750143761195,1,0,0,206,0,0,0
25,17,4,3148.24230400001,1131.74434957379,0,0,0,134,0,0,0
25,17,5,3232.65534576641,984.23638646426,0,0,0,52,0,0,0
25,17,6,3236.1654784,1499.87118893107,0,0,0,130,0,0,0
25,17,7,18994.8175769591,6293.96040544341,43,0,0,188,0,0,0
25,17,8,0,7,0,0,0,0,0,0,0
25,18,1,3154.57021184001,1096.52940746552,96,0,0,41,0,0,0
25,18,2,3182.29456271361,1368.40942808937,46,0,0,57,0,0,0
25,18,3,3215.07803637761,550.484730007037,41,0,0,43,0,0,0
25,18,4,3150.75345408001,1404.1285104133,55,0,0,58,0,0,0
25,18,5,3235.03416176641,882.107953722744,45,0,0,53,0,0,0
25,18,6,3242.01000704,905.245561401082,83,0,0,66,0,0,0
25,18,7,19036.839503359,8838.85732559974,236,2,0,259,0,0,0
25,18,8,0,7,0,0,0,0,0,0,0
25,19,1,3162.93615872001,1612.09130201728,0,0,0,109,0,0,0
25,19,2,3199.69412751361,2084.34731217806,0,0,0,136,0,0,0
25,19,3,3214.48439797761,2110.39693759388,0,0,0,55,0,0,0
25,19,4,3168.01700608001,1375.48232832538,0,0,0,140,0,0,0
25,19,5,3243.8921504973,1790.72009571989,0,0,0,88,0,0,0
25,19,6,3251.3573632,1406.54805911753,0,0,0,90,0,0,0
25,19,7,19041.040194559,7918.66555398478,62,0,0,192,0,0,0
25,19,8,0,7,0,0,0,0,0,0,0
25,20,1,3187.67538944001,267.750404636409,0,0,0,161,0,0,0
25,20,2,3235.84910856194,1041.31784623624,8,0,0,170,0,0,0
25,20,3,3249.48431144961,1248.03536345024,3,0,0,195,0,0,0
25,20,4,3192.53934080001,840.1359380479,0,0,0,137,0,0,0
25,20,5,3275.0421280973,1048.55401688045,2,0,0,166,0,0,0
25,20,6,3282.58357964801,1372.25047614089,0,0,0,140,0,0,0
25,20,7,19050.352179199,6377.58394417228,133,0,0,163,0,0,0
25,20,8,0,7,0,0,0,0,0,0,0
25,21,1,3181.37667584001,1532.3759413355,2,0,0,24,0,0,0
25,21,2,3242.87380754434,2307.36936515216,0,0,0,104,0,0,0
25,21,3,3269.58627561474,1895.77569743083,3,0,0,121,0,0,0
25,21,4,3198.29069803521,1193.65038521257,0,0,0,84,0,0,0
25,21,5,3283.0862732493,874.38110044144,3,0,0,101,0,0,0
25,21,6,3310.38703206401,1179.72498115092,5,0,0,131,0,0,0
25,21,7,19082.325084159,13108.5898786408,221,1,0,249,0,0,0
25,21,8,0,7,0,0,0,0,0,0,0
25,22,1,3197.46662092801,1205.37551526775,0,0,0,153,0,0,0
25,22,2,3266.97003538433,2517.54078748458,0,0,0,209,0,0,0
25,22,3,3290.48622723074,1197.81554218479,0,0,0,189,0,0,0
25,22,4,3201.70932971521,1269.2934002967,0,0,0,119,0,0,0
25,22,5,3282.7500249293,911.011001070834,0,0,0,87,0,0,0
25,22,6,3319.25174630401,2139.53114563584,0,0,0,117,0,0,0
25,22,7,19106.872885759,9138.03986745867,43,0,0,236,0,0,0
25,22,8,0,7,0,0,0,0,0,0,0
25,23,1,3208.31403712514,1182.96358516763,0,0,0,120,0,0,0
25,23,2,3285.30659602433,1289.80632081612,33,0,0,152,0,0,0
25,23,3,3303.12588457986,933.801185859566,0,0,0,119,0,0,0
25,23,4,3211.13129601025,1071.65765004085,0,0,0,126,0,0,0
25,23,5,3277.6590789837,2321.14723576034,0,0,0,91,0,0,0
25,23,6,3348.22950451201,1578.42833476135,19,0,0,156,0,0,0
25,23,7,19141.383838719,9670.10868139442,217,0,0,256,0,0,0
25,23,8,0,7,0,0,0,0,0,0,0
25,24,1,3211.67361165315,1283.99122952951,0,0,0,118,0,0,0
25,24,2,3294.17253906433,632.131876314702,0,0,0,128,0,0,0
25,24,3,3299.94377590786,1484.45114775657,0,0,0,93,0,0,0
25,24,4,3212.20345095784,1728.70036739848,0,0,0,107,0,0,0
25,24,5,3308.94159141275,730.539339079327,5,0,0,198,0,0,0
25,24,6,3371.77089239041,2494.38214051045,0,0,0,157,0,0,0
25,24,7,19172.7694489589,11600.7404821504,131,0,0,194,0,0,0
25,24,8,0,7,0,0,0,0,0,0,0
25,25,1,3219.09525391772,978.697644382351,0,0,0,128,0,0,0
25,25,2,3282.03767058434,1207.53933144835,0,0,0,63,0,0,0
25,25,3,3302.90752845826,1526.01483694935,0,0,0,148,0,0,0
25,25,4,3223.07397946984,1458.97402312913,0,0,0,172,0,0,0
25,25,5,3300.80908484282,1504.19984211113,0,0,0,73,0,0,0
25,25,6,3395.82350295041,1537.83883052491,4,0,0,184,0,0,0
25,25,7,19206.4183065589,7850.64221807977,65,0,0,251,0,0,0
25,25,8,0,7,0,0,0,0,0,0,0
25,26,1,3215.47980482972,1977.83507199885,0,0,0,97,0,0,0
25,26,2,3277.19174590875,1284.29590040198,0,0,0,120,0,0,0
25,26,3,3303.06305572866,1495.41732367741,6,0,0,141,0,0,0
25,26,4,3226.25945597544,1417.76433539917,0,0,0,145,0,0,0
25,26,5,3307.49166788282,1771.7562082396,0,0,0,150,0,0,0
25,26,6,3415.74356541441,1924.78107666924,0,0,0,153,0,0,0
25,26,7,19254.7740057589,6433.55681924104,243,0,0,323,0,0,0
25,26,8,0,7,0,0,0,0,0,0,0
25,27,1,3218.40003625372,915.15454671234,0,48,0,130,0,0,0
25,27,2,3264.94828530075,2164.71750168886,0,4,0,122,0,0,0
25,27,3,3285.72518436866,1764.36566223438,0,23,0,117,0,0,0
25,27,4,3213.08465917544,2130.66646177081,0,14,0,121,0,0,0
25,27,5,3303.06317047482,1673.61317898821,0,36,0,126,0,0,0
25,27,6,3428.07071037441,998.416429130951,0,33,0,146,0,0,0
25,27,7,19280.3066265589,6282.39977464458,6,178,0,188,0,0,0
25,27,8,0,7,0,0,0,0,0,0,0
25,28,1,3216.52959437212,1132.96016445398,0,0,0,91,0,0,0
25,28,2,3281.76173509428,1656.20379692798,0,0,0,203,0,0,0
25,28,3,3289.26516066224,1621.85415004547,0,0,0,176,0,0,0
25,28,4,3224.72304524904,1447.14345152759,1,0,0,195,0,0,0
25,28,5,3321.2208956213,1733.56441503921,0,0,0,167,0,0,0
25,28,6,3436.99038371842,1522.08405710209,0,0,0,99,0,0,0
25,28,7,19323.4672716789,10158.9434092057,23,0,0,216,0,0,0
25,28,8,0,7,0,0,0,0,0,0,0
25,29,1,3214.70572081646,598.199520149505,0,0,0,113,0,0,0
25,29,2,3281.47551378229,1331.71511137931,0,0,0,165,0,0,0
25,29,3,3286.54689890224,1483.86819080965,0,0,0,162,0,0,0
25,29,4,3224.98204710504,2031.33756810148,0,0,0,144,0,0,0
25,29,5,3337.89574180476,1365.99610830335,0,0,0,173,0,0,0
25,29,6,3451.55445463042,940.128705355139,0,0,0,152,0,0,0
25,29,7,19364.5509089269,6534.13119770839,24,0,0,277,0,0,0
25,29,8,0,7,0,0,0,0,0,0,0
25,30,1,3198.46693435886,1902.85757183376,0,25,0,34,0,0,0
25,30,2,3255.29941727643,1081.14961305676,0,74,0,59,0,0,0
25,30,3,3266.15622526896,1102.57976288477,0,76,0,72,0,0,0
25,30,4,3216.69608732264,625.531468333874,0,92,0,111,0,0,0
25,30,5,3324.25691223676,952.809483168173,0,54,0,82,0,0,0
25,30,6,3443.79855564802,1327.87810978518,0,46,0,48,0,0,0
25,30,7,19399.6801249269,6023.42362912432,0,304,0,256,0,0,4
25,30,8,0,7,0,0,0,0,0,0,0
25,31,1,3228.75710675126,896.719521017488,0,0,0,189,0,0,0
25,31,2,3267.3494786425,1256.44164945202,0,0,0,108,0,0,0
25,31,3,3279.38013649225,1717.80418935325,0,0,0,110,0,0,0
25,31,4,3217.22566983272,1527.12288066021,0,0,0,62,0,0,0
25,31,5,3341.15858496251,1646.30526996686,0,0,0,95,0,0,0
25,31,6,3479.89431416834,1163.42737189426,0,0,0,132,0,0,0
25,31,7,19460.4337889269,8040.82440079634,25,0,0,244,0,0,0
25,31,8,0,7,0,0,0,0,0,0,0
25,32,1,3232.93091567798,648.29236563024,0,0,0,89,0,0,0
25,32,2,3273.73191073479,833.448762167917,0,0,0,125,0,0,0
25,32,3,3307.13364001097,2317.79804881962,0,0,0,171,0,0,0
25,32,4,3233.61576320616,970.286238872993,0,0,0,152,0,0,0
25,32,5,3365.88374717179,1733.3141332686,0,0,0,164,0,0,0
25,32,6,3503.09294055016,595.676005963837,0,0,0,116,0,0,0
25,32,7,19542.3093411829,8184.38650471931,20,0,0,322,0,0,0
25,32,8,0,7,0,0,0,0,0,0,0
25,33,1,3228.35093999798,2143.92048245814,0,0,0,64,0,0,0
25,33,2,3274.21642555079,1305.42185508295,0,0,0,83,0,0,0
25,33,3,3325.50055477905,1861.0309619273,1,0,0,177,0,0,0
25,33,4,3231.34302123624,1143.96760434393,0,0,0,97,0,0,0
25,33,5,3390.43530889979,1288.09729568686,0,0,0,173,0,0,0
25,33,6,3508.45543542376,2364.25991103604,0,0,0,59,0,0,0
25,33,7,19603.9827287029,9740.67054109863,27,0,0,291,0,0,0
25,33,8,0,7,0,0,0,0,0,0,0
25,34,1,3256.84933649421,513.592079576846,0,0,0,209,0,0,0
25,34,2,3287.1690713876,1963.97261720861,0,0,0,130,0,0,0
25,34,3,3353.62218989815,1538.68613194093,0,0,0,183,0,0,0
25,34,4,3234.91651672475,1346.11290503478,0,0,0,114,0,0,0
25,34,5,3407.40053345019,1543.49754133893,0,0,0,128,0,0,0
25,34,6,3546.48881301097,1909.70823647865,2,0,0,177,0,0,0
25,34,7,19649.7876500468,12057.4573898424,33,0,0,210,0,0,0
25,34,8,0,7,0,0,0,0,0,0,0
25,35,1,3248.91190770702,1514.5398811478,0,0,0,51,0,0,0
25,35,2,3311.97667909565,1225.35450462086,0,0,0,172,0,0,0
25,35,3,3375.75105491601,926.043415292899,0,0,0,153,0,0,0
25,35,4,3252.33045031011,713.154828069872,0,0,0,134,0,0,0
25,35,5,3434.11327494907,1699.39674209213,0,0,0,154,0,0,0
25,35,6,3588.08121781864,1937.25949535953,0,0,0,190,0,0,0
25,35,7,19690.0206879732,6334.6902485202,37,0,0,196,0,0,0
25,35,8,0,7,0,0,0,0,0,0,0
25,36,1,3256.4630005659,836.289151962223,7,0,0,131,0,0,0
25,36,2,3322.42433195078,1465.64548953969,0,0,0,122,0,0,0
25,36,3,3378.1179424293,728.410336451637,0,0,0,92,0,0,0
25,36,4,3244.10789911775,1735.15974575893,0,0,0,71,0,0,0
25,36,5,3459.66467476301,836.600449337367,0,0,0,169,0,0,0
25,36,6,3632.02126468712,418.492371419633,1,0,0,189,0,0,0
25,36,7,19734.7869382071,8964.13707529621,159,0,0,218,0,0,1
25,36,8,0,7,0,0,0,0,0,0,0
25,37,1,3251.41512080398,634.952709473403,0,0,0,83,0,0,0
25,37,2,3331.38363288646,1798.61921824599,0,0,0,146,0,0,0
25,37,3,3365.70327348184,919.842996821604,0,0,0,72,0,0,0
25,37,4,3258.39930509739,990.034085675085,0,0,0,173,0,0,0
25,37,5,3462.88048803767,872.146412612275,0,0,0,83,0,0,0
25,37,6,3627.39761415784,1689.89187738468,0,0,0,41,0,0,0
25,37,7,19775.099807071,6166.7486910339,52,0,0,210,0,0,0
25,37,8,0,7,0,0,0,0,0,0,0
25,38,1,3236.83971277838,1709.59100062135,0,0,0,63,0,0,0
25,38,2,3335.44559916102,1736.52899586417,9,0,0,149,0,0,0
25,38,3,3361.61640517797,725.468042318661,0,0,0,91,0,0,0
25,38,4,3256.58389352384,671.230847562476,0,0,0,99,0,0,0
25,38,5,3459.8206181164,903.481673146445,0,0,0,87,0,0,0
25,38,6,3654.12768626362,2250.40169826891,5,0,0,151,0,0,0
25,38,7,19801.5529285046,10148.9112829815,128,0,0,181,0,0,0
25,38,8,0,7,0,0,0,0,0,0,0
25,39,1,3254.77940090279,2220.50969836052,0,0,0,170,0,0,0
25,39,2,3360.83661991394,860.611209876515,0,0,0,173,0,0,0
25,39,3,3354.18500194059,1407.98309377484,0,0,0,72,0,0,0
25,39,4,3241.276845115,964.937073892584,0,0,0,67,0,0,0
25,39,5,3455.39726852351,888.819799762083,0,0,0,90,0,0,0
25,39,6,3697.9871550302,1043.32913993777,0,1,0,193,0,0,0
25,39,7,19866.7635507549,8574.36541232484,0,40,0,215,0,0,0
25,39,8,0,7,0,0,0,0,0,0,0
25,40,1,3263.93170988127,1779.98818852802,0,76,0,115,0,0,0
25,40,2,3357.9617674809,1136.01198128412,0,0,0,86,0,0,0
25,40,3,3360.4649748485,1739.62607924555,0,17,0,116,0,0,0
25,40,4,3235.80874954229,2472.47803159474,0,0,0,96,0,0,0
25,40,5,3449.4438109511,1754.15405815192,0,0,0,88,0,0,0
25,40,6,3717.24418987493,799.338345791511,0,0,0,104,0,0,0
25,40,7,19940.1221874713,6242.32285699969,4,240,0,243,0,0,0
25,40,8,0,7,0,0,0,0,0,0,0
25,41,1,3282.91307247507,925.199481285757,0,0,0,174,0,0,0
25,41,2,3363.62225027028,1029.89588423917,0,0,0,113,0,0,0
25,41,3,3364.75053922846,2096.8317271103,0,0,0,173,0,0,0
25,41,4,3249.86203538933,1152.87685237874,4,0,0,192,0,0,0
25,41,5,3453.6012631367,1889.67843708274,0,0,0,172,0,0,0
25,41,6,3715.26384325707,2205.8513844846,0,0,0,79,0,0,0
25,41,7,19977.6806523929,8790.99080895372,33,0,0,191,0,0,0
25,41,8,0,7,0,0,0,0,0,0,0
25,42,1,3284.17241081828,583.476130540314,0,0,0,92,0,0,0
25,42,2,3364.00322978603,1816.16717678881,0,0,0,102,0,0,0
25,42,3,3391.00487452965,1148.67540801894,0,0,0,209,0,0,0
25,42,4,3257.30796547029,1402.06048051955,0,0,0,115,0,0,0
25,42,5,3487.55402124815,533.78803360895,0,0,0,180,0,0,0
25,42,6,3766.51835363857,1949.60469090177,0,0,0,202,0,0,0
25,42,7,20022.1908264124,7221.25236556632,24,0,0,194,0,0,0
25,42,8,0,7,0,0,0,0,0,0,0
25,43,1,3266.81822480356,779.655458194672,0,28,0,30,0,0,0
25,43,2,3358.04488829247,1725.4739383794,0,82,0,99,0,0,0
25,43,3,3366.42595953113,759.424825889665,0,61,0,53,0,0,0
25,43,4,3250.44330701371,509.195696002979,0,58,0,82,0,0,0
25,43,5,3461.93605232552,677.642614043655,0,30,0,23,0,0,0
25,43,6,3771.10132789777,1504.78523689951,0,87,0,107,0,0,0
25,43,7,20059.1200757793,10858.3241188687,5,186,0,200,0,0,2
25,43,8,0,7,0,0,0,0,0,0,0
25,44,1,3266.630617825,1242.39616948665,0,0,0,77,0,0,0
25,44,2,3376.47001709502,759.374946285104,0,0,0,172,0,0,0
25,44,3,3361.35640654706,1748.17231217572,0,0,0,75,0,0,0
25,44,4,3235.57328517197,1263.72882016733,0,0,0,50,0,0,0
25,44,5,3457.61388812055,1259.42284291266,0,0,0,67,0,0,0
25,44,6,3798.75618716177,1073.11731845754,0,0,0,150,0,0,0
25,44,7,20110.3675235172,10706.6679330148,24,2,0,244,0,0,1
25,44,8,0,7,0,0,0,0,0,0,0
25,45,1,3286.5824324177,1055.66887228398,0,0,0,124,0,0,0
25,45,2,3375.1862337427,2085.62927618935,0,0,0,75,0,0,0
25,45,3,3395.61942809711,1080.04185160017,0,0,0,174,0,0,0
25,45,4,3253.75126493339,1469.87464153989,0,0,0,126,0,0,0
25,45,5,3471.27801336231,1599.39761404791,0,0,0,125,0,0,0
25,45,6,3820.56727978922,1945.86769582044,0,0,0,107,0,0,0
25,45,7,20161.19628481,10699.3521520864,22,0,0,221,0,0,0
25,45,8,0,7,0,0,0,0,0,0,0
25,46,1,3303.35049551776,1678.90890234521,0,0,0,105,0,0,0
25,46,2,3415.7244247624,1613.06130781602,0,0,0,199,0,0,0
25,46,3,3412.12326979832,1020.55026632341,0,0,0,108,0,0,0
25,46,4,3271.49909144781,1354.97674605093,0,0,0,146,0,0,0
25,46,5,3501.71506220679,1588.47579901295,0,0,0,159,0,0,0
25,46,6,3875.86833346256,1942.93215606616,0,0,0,184,0,0,0
25,46,7,20216.1456147914,6710.10836579037,26,0,0,211,0,0,0
25,46,8,0,7,0,0,0,0,0,0,0
25,47,1,3316.18849680755,966.205108844783,0,0,0,167,0,0,0
25,47,2,3429.515374554,1769.04274452809,0,0,0,161,0,0,0
25,47,3,3416.83401783802,1658.82494198047,0,0,0,102,0,0,0
25,47,4,3277.52594077516,858.557745017081,0,0,0,135,0,0,0
25,47,5,3518.63776073842,799.315534501693,0,0,0,158,0,0,0
25,47,6,3917.56472206103,971.381424304645,0,0,0,194,0,0,0
25,47,7,20240.6114422217,9438.21420403444,52,0,0,192,0,0,0
25,47,8,0,7,0,0,0,0,0,0,0
25,48,1,3315.02054794679,1151.09745297388,0,0,0,96,0,0,0
25,48,2,3448.87650386133,856.475875851933,0,0,0,176,0,0,0
25,48,3,3432.18946718602,1427.72337772212,0,0,0,165,0,0,0
25,48,4,3270.2030852771,1301.95746513696,0,0,0,85,0,0,0
25,48,5,3512.8363736392,1314.11782506219,0,0,0,79,0,0,0
25,48,6,3932.30755986608,938.718487234679,0,0,0,97,0,0,0
25,48,7,20276.8215047412,7630.78952301065,39,0,0,206,0,0,0
25,48,8,0,7,0,0,0,0,0,0,0
25,49,1,3329.31941280948,951.552913633762,0,0,0,115,0,0,0
25,49,2,3444.94803630654,1414.68726344537,0,0,0,85,0,0,0
25,49,3,3457.32936366546,1748.95899457143,0,0,0,142,0,0,0
25,49,4,3289.54135662762,820.778449394406,0,0,0,130,0,0,0
25,49,5,3537.06044509795,1098.72307626176,0,0,0,131,0,0,0
25,49,6,3953.96579174781,641.385568747216,0,0,0,93,0,0,0
25,49,7,20328.6428567461,8689.40215251407,98,0,0,173,0,0,0
25,49,8,0,7,0,0,0,0,0,0,0
25,50,1,3334.46357833294,1604.59743473891,0,0,0,95,0,0,0
25,50,2,3465.39399582969,1376.63151537719,0,0,0,141,0,0,0
25,50,3,3490.00909870188,1277.74055473504,0,0,0,174,0,0,0
25,50,4,3284.48207515952,899.358262890641,0,0,0,82,0,0,0
25,50,5,3541.42456971588,877.926179095335,0,0,0,109,0,0,0
25,50,6,3974.42600406176,2105.42443708511,0,0,0,64,0,0,0
25,50,7,20390.0104280284,9479.87259508078,69,0,0,181,0,0,0
25,50,8,0,7,0,0,0,0,0,0,0
25,51,1,3363.94844143428,2118.73295360517,0,0,0,160,0,0,0
25,51,2,3494.89102045129,1607.64353623124,0,0,0,137,0,0,0
25,51,3,3509.06396000086,2151.63167631659,0,0,0,127,0,0,0
25,51,4,3291.6311863836,1309.13348221501,0,0,0,89,0,0,0
25,51,5,3552.89494459895,1181.14020136214,0,0,0,87,0,0,0
25,51,6,4039.5515360617,1257.48564069702,0,1,0,177,0,0,0
25,51,7,20495.3212556455,6929.41066241673,0,50,0,231,0,0,0
25,51,8,0,7,0,0,0,0,0,0,0
25,52,1,3397.34441196591,1488.0466542321,0,2,0,202,0,0,0
25,52,2,3502.24983147549,757.295730664742,0,0,0,159,0,0,0
25,52,3,3516.03067338842,1416.19466695628,0,10,0,161,0,0,0
25,52,4,3292.04349946882,1014.11738869338,0,0,0,130,0,0,0
25,52,5,3557.92759608738,1475.12784761217,0,0,0,118,0,0,0
25,52,6,4058.77439511299,695.69981213401,0,0,0,125,0,0,0
25,52,7,20518.4494886505,8722.18700387009,0,107,0,163,0,0,0
25,52,8,0,7,0,0,0,0,0,0,0
25,53,1,3418.68535418768,1037.0556647731,0,0,0,148,0,0,0
25,53,2,3492.58900245631,2432.37268431625,0,0,0,75,0,0,0
25,53,3,3523.81158338518,1517.9506248156,0,0,0,141,0,0,0
25,53,4,3292.22548206391,783.97858189782,0,0,0,101,0,0,0
25,53,5,3582.75879938789,1871.03653913546,0,0,0,147,0,0,0
25,53,6,4063.2520500786,1188.88150686061,0,0,0,69,0,0,0
25,53,7,20617.1036876443,7614.68722302612,24,0,0,329,0,0,0
25,53,8,0,7,0,0,0,0,0,0,0
25,54,1,3422.19760845956,1535.72984707925,0,0,0,103,0,0,0
25,54,2,3540.41662315736,1234.44227639676,0,0,0,230,0,0,2
25,54,3,3531.56705131046,2232.44395381943,0,0,0,151,0,0,0
25,54,4,3284.09286712777,928.250987644668,0,0,0,78,0,0,0
25,54,5,3613.0323578253,1829.23048616443,0,0,0,187,0,0,0
25,54,6,4084.3483437883,2537.39741958271,0,0,0,118,0,0,0
25,54,7,20663.3668433858,5614.79156736506,20,0,0,199,0,0,0
25,54,8,0,7,0,0,0,0,0,0,0
25,55,1,3416.49492109403,941.235715863185,0,74,0,79,0,0,0
25,55,2,3525.2713569594,1410.62986141675,0,58,0,65,0,0,0
25,55,3,3525.92162597347,1652.88543694305,0,121,0,102,0,0,0
25,55,4,3256.35724808933,1999.01270399233,0,39,0,53,0,0,0
25,55,5,3607.50941535087,1292.06333779831,0,94,0,88,0,0,0
25,55,6,4099.09755739229,2096.82009387475,0,136,0,117,0,0,0
25,55,7,20727.970393665,7275.32752064861,0,290,0,271,0,0,0
25,55,8,0,7,0,0,0,0,0,0,0
25,56,1,3424.66238434927,1094.33964581827,0,0,0,94,0,0,0
25,56,2,3553.72543270208,1248.71221198432,0,0,0,141,0,0,0
25,56,3,3564.22381874945,1627.91230347774,0,0,0,165,0,0,0
25,56,4,3292.18793498498,1193.01364768728,0,0,0,176,0,0,0
25,56,5,3642.00625112096,1600.80211575572,0,0,0,129,0,0,0
25,56,6,4163.13610427702,2629.82744284475,0,0,0,197,0,0,0
25,56,7,20800.3377353987,8120.13558254228,34,0,0,202,0,0,0
25,56,8,0,7,0,0,0,0,0,0,0
25,57,1,3444.59146041288,1475.07326631293,0,0,0,109,0,0,0
25,57,2,3577.21784312283,1294.72649855338,0,0,0,124,0,0,0
25,57,3,3603.21162681811,1318.51378981161,0,0,0,162,0,0,0
25,57,4,3308.79322023133,1100.30451178376,0,0,0,119,0,0,0
25,57,5,3675.57219469417,837.065195719746,0,0,0,160,0,0,0
25,57,6,4221.72752879792,2691.16031734263,4,0,0,173,0,0,0
25,57,7,20869.543868859,8375.10661114867,34,0,0,222,0,0,0
25,57,8,0,7,0,0,0,0,0,0,0
25,58,1,3482.03201735109,1018.93540563068,0,0,0,147,0,0,0
25,58,2,3605.92702712558,1706.57104952715,0,0,0,129,0,0,0
25,58,3,3638.52255504319,1967.88889128416,0,0,0,131,0,0,0
25,58,4,3329.5984171888,1189.13332556241,0,0,0,110,0,0,0
25,58,5,3686.76823099473,1926.66903851378,0,0,0,83,0,0,0
25,58,6,4298.24214004363,1721.44348876081,4,0,0,179,0,0,0
25,58,7,20976.3181089854,9552.42994898906,28,0,0,226,0,0,0
25,58,8,0,7,0,0,0,0,0,0,0
25,59,1,3501.58563222268,1700.91997783945,0,0,0,101,0,0,0
25,59,2,3647.04188059217,1529.0797867967,0,0,0,170,0,0,0
25,59,3,3693.07282590419,1262.03245161368,0,0,0,189,0,0,0
25,59,4,3341.26960521121,808.312785344642,0,0,0,118,0,0,0
25,59,5,3738.45184669679,1320.82789284485,1,0,0,169,0,0,0
25,59,6,4382.99637206453,2374.22137382555,0,0,0,172,0,0,0
25,59,7,21061.1882623848,11606.7625798242,37,0,0,194,0,0,0
25,59,8,0,7,0,0,0,0,0,0,0
25,60,1,3532.88106668075,1687.61476330947,0,0,0,169,0,0,0
25,60,2,3673.99520314984,1614.01560367466,0,0,0,152,0,0,0
25,60,3,3707.95067007458,1800.33322549832,0,0,0,126,0,0,0
25,60,4,3338.43299148422,1624.26979928126,0,0,0,80,0,0,0
25,60,5,3760.28161867503,1621.05243668898,0,0,0,132,0,0,0
25,60,6,4442.70910367357,1993.5593872011,0,0,0,206,0,0,0
25,60,7,21138.7201430564,4305.62387077317,34,0,0,246,0,0,0
25,60,8,0,7,0,0,0,0,0,0,0
25,61,1,3552.66802505565,1919.71321944245,17,0,0,139,0,0,0
25,61,2,3697.31980762833,1784.77223225533,0,0,0,161,0,0,0
25,61,3,3721.20713867619,931.550207330362,28,0,0,132,0,0,0
25,61,4,3348.92670825153,1435.76564056134,27,0,0,115,0,0,0
25,61,5,3783.77645405563,2326.46421058801,7,0,0,150,0,0,0
25,61,6,4474.15349440497,1465.05441489217,31,0,0,145,0,0,0
25,61,7,21192.747684604,6830.79416718157,128,0,0,212,0,0,0
25,61,8,0,7,0,0,0,0,0,0,0
25,62,1,3603.86102747784,960.620526244308,2,0,0,172,0,0,0
25,62,2,3742.89653750717,1433.96824098444,0,0,0,169,0,0,0
25,62,3,3740.01577868687,1771.75498683779,0,0,0,93,0,0,0
25,62,4,3400.26190811042,1777.24967334048,0,0,0,143,0,0,0
25,62,5,3859.46236280871,2121.24571971149,0,0,0,232,0,0,0
25,62,6,4540.0009184409,573.80810381133,0,0,0,146,0,0,0
25,62,7,21304.4922237172,6261.74289418645,48,0,0,221,0,0,0
25,62,8,0,7,0,0,0,0,0,0,0
25,63,1,3608.66913365765,1817.05493939604,0,0,0,96,0,0,0
25,63,2,3767.04908701046,1342.17937933244,0,0,0,143,0,0,0
25,63,3,3764.75389934952,983.721797142705,0,0,0,177,0,0,0
25,63,4,3420.01616506682,976.89105257707,0,0,0,177,0,0,0
25,63,5,3903.78113555075,1799.53553493758,0,0,0,208,0,0,0
25,63,6,4546.14047230347,1689.44018323134,0,0,0,57,0,0,0
25,63,7,21360.4141288585,6455.52172770459,45,0,0,188,0,0,0
25,63,8,0,7,0,0,0,0,0,0,0
25,64,1,3640.75141553177,2252.88422715894,0,0,0,176,0,0,0
25,64,2,3791.0152569513,1174.31536327674,0,0,0,134,0,0,0
25,64,3,3767.94650192856,1619.55345448875,0,0,0,98,0,0,0
25,64,4,3430.07695945977,2004.13360156568,0,0,0,97,0,0,0
25,64,5,3948.70619922139,1523.05426037549,0,0,0,179,0,0,0
25,64,6,4607.01559596042,2504.48689401427,0,0,0,168,0,0,0
25,64,7,21418.7273432422,8473.70948207158,50,0,0,193,0,0,0
25,64,8,0,7,0,0,0,0,0,0,0
25,65,1,3691.78458401897,1828.62227180537,3,0,0,174,0,0,0
25,65,2,3829.56236833583,2422.12835264651,0,0,0,117,0,0,0
25,65,3,3833.79076046952,1389.42636787394,0,0,0,161,0,0,0
25,65,4,3486.61165465997,1731.76094878511,2,0,0,166,0,0,0
25,65,5,4005.26968683608,1761.22381254714,0,0,0,152,0,0,0
25,65,6,4734.10072729676,2353.45700864533,1,0,0,232,0,0,0
25,65,7,21568.5823144746,7027.72778597125,40,0,0,230,0,0,0
25,65,8,0,7,0,0,0,0,0,0,0
25,66,1,3712.13998074511,1277.43041863979,28,0,0,121,0,0,0
25,66,2,3876.61619962838,953.531139665813,39,0,0,156,0,0,0
25,66,3,3850.65407343096,2133.5831200871,0,0,0,138,0,0,0
25,66,4,3520.7633892325,1589.75060072937,12,0,0,145,0,0,0
25,66,5,4061.78337553786,2326.71983024673,14,0,0,145,0,0,0
25,66,6,4807.54055525105,1996.53576421264,40,0,0,147,0,0,0
25,66,7,21652.213533267,12318.9517316045,217,0,0,225,0,0,0
25,66,8,0,7,0,0,0,0,0,0,0
25,67,1,3724.8134525207,1813.15742201777,0,0,0,127,0,0,0
25,67,2,3876.14138763196,1210.76174236874,0,0,0,95,0,0,0
25,67,3,3865.24233855771,3244.31433981638,0,0,0,213,0,0,0
25,67,4,3519.36736715959,627.010618186558,0,0,0,158,0,0,0
25,67,5,4092.73351036378,1905.64335995299,0,0,0,217,0,0,0
25,67,6,4853.1447747999,2131.93465229474,0,0,0,199,0,0,0
25,67,7,21703.3350054946,12078.3298874516,2,35,0,336,0,0,0
25,67,8,0,7,0,0,0,0,0,0,0
25,68,1,3750.88020446444,1250.22558798268,0,30,0,132,0,0,0
25,68,2,3885.96199816082,2136.03116185195,0,0,0,121,0,0,0
25,68,3,3899.17525183411,1819.80198364634,0,107,0,153,0,0,0
25,68,4,3506.97449556797,1180.12796652186,0,0,0,62,0,0,0
25,68,5,4126.52733973723,1826.30736813771,0,32,0,139,0,0,0
25,68,6,4905.09677714473,2594.19632629271,0,40,0,148,0,0,0
25,68,7,21769.8892807447,11826.0734370415,6,236,0,241,0,0,1
25,68,8,0,7,0,0,0,0,0,0,0
25,69,1,3766.06981720015,1476.21565223896,0,0,0,125,0,0,0
25,69,2,3914.90238854576,1486.89509321579,0,0,0,195,0,0,0
25,69,3,3915.85289955366,1363.75866800317,0,0,0,181,0,0,0
25,69,4,3504.16823218815,1030.97219778964,0,0,0,118,0,0,0
25,69,5,4153.76956363,1221.84539574582,0,0,0,182,0,0,0
25,69,6,4974.74300174835,1992.87992850519,1,0,0,209,0,0,0
25,69,7,21825.2378466573,7317.31950454033,25,0,0,230,0,0,0
25,69,8,0,7,0,0,0,0,0,0,0
25,70,1,3801.81545848795,1791.82145367412,0,0,0,147,0,0,0
25,70,2,3956.05626962882,1528.1773481365,0,0,0,148,0,0,0
25,70,3,3957.84268969175,1841.25523086659,0,0,0,136,0,0,0
25,70,4,3522.5943680411,1020.04334259855,0,0,0,103,0,0,0
25,70,5,4186.94623769806,1011.78569962559,0,0,0,122,0,0,0
25,70,6,5049.50150556292,1893.62393492287,1,0,0,190,0,0,0
25,70,7,21888.846164796,10931.9857149077,63,0,0,194,0,0,0
25,70,8,0,7,0,0,0,0,0,0,0
25,71,1,3854.4952385686,2063.93395570158,0,0,0,179,0,0,0
25,71,2,3979.6291373918,500.069424589473,0,0,0,152,0,0,0
25,71,3,4015.14905923403,718.756393542238,0,0,0,184,0,0,0
25,71,4,3535.44137123978,1753.0003391466,0,0,0,102,0,0,0
25,71,5,4204.43491735476,1917.62794206206,0,0,0,101,0,0,0
25,71,6,5127.74368053865,2367.44651065028,0,0,0,187,0,0,0
25,71,7,21943.2464535937,13369.2491953145,43,0,0,167,0,0,0
25,71,8,0,7,0,0,0,0,0,0,0
25,72,1,3888.861880972,1798.42489586805,0,0,0,203,0,0,0
25,72,2,3955.49433410393,1295.60411936644,0,0,0,50,0,0,0
25,72,3,3998.4580504008,2003.50196756126,0,0,0,71,0,0,0
25,72,4,3551.57172721993,1900.34850942914,0,0,0,175,0,0,0
25,72,5,4240.31952290761,1274.83430519478,0,0,0,191,0,0,0
25,72,6,5190.97826211109,2198.29404080645,1,0,0,197,0,0,0
25,72,7,21977.4118863929,11632.7289595588,35,0,0,178,0,0,0
25,72,8,0,7,0,0,0,0,0,0,0
25,73,1,3909.72835325281,2078.33237958576,0,0,0,179,0,0,0
25,73,2,3969.65917710953,1635.21337000623,0,0,0,129,0,0,0
25,73,3,4033.66649525883,1400.04527934374,0,0,0,200,0,0,0
25,73,4,3586.13538138741,1410.41933674699,0,0,0,180,0,0,0
25,73,5,4263.42652968943,1332.6992143675,0,0,0,127,0,0,0
25,73,6,5260.15666928223,1987.33418496399,3,0,0,174,0,0,0
25,73,7,22033.3777717949,6044.06176586524,65,0,0,184,0,0,0
25,73,8,0,7,0,0,0,0,0,0,0
25,74,1,3982.77017784569,1778.63706808784,18,0,0,173,0,0,0
25,74,2,4014.29124726894,2275.61211497504,11,0,0,142,0,0,0
25,74,3,4094.37404523785,786.705546070114,0,0,0,140,0,0,0
25,74,4,3633.5218773371,1808.01070946426,3,0,0,135,0,0,0
25,74,5,4321.44495925784,1201.64631819464,1,0,0,131,0,0,0
25,74,6,5378.0257547708,3478.05687929341,15,0,0,169,0,0,0
25,74,7,22234.9948330299,7762.03617524753,192,0,0,238,0,0,0
25,74,8,0,7,0,0,0,0,0,0,0
25,75,1,4015.28036769696,1874.21550715469,0,0,0,177,0,0,0
25,75,2,4053.87135371329,1586.30405526864,0,1,0,208,0,0,0
25,75,3,4059.55354980018,1768.39371316147,0,0,0,78,0,0,0
25,75,4,3655.42580872347,1465.08569179005,0,0,0,180,0,0,0
25,75,5,4325.42862647602,965.537227003246,0,0,0,120,0,0,0
25,75,6,5431.54160310418,2544.57692047248,0,11,0,178,0,0,0
25,75,7,22297.9292957502,5523.61180879699,0,39,0,199,0,0,0
25,75,8,0,7,0,0,0,0,0,0,0
25,76,1,4021.59194042374,1672.87461004522,0,0,0,187,0,0,0
25,76,2,4049.04822159659,1126.32440440471,0,0,0,158,0,0,0
25,76,3,4048.54383666238,1561.77749676658,0,0,0,176,0,0,0
25,76,4,3659.66086389203,1232.05653162364,0,0,0,146,0,0,0
25,76,5,4314.88560058444,3012.82852569841,0,0,0,96,0,0,0
25,76,6,5480.93711636594,1335.69791611352,0,5,0,182,0,0,0
25,76,7,22332.1923495734,8143.94412726474,0,27,0,199,0,0,0
25,76,8,0,7,0,0,0,0,0,0,0
25,77,1,4052.46139030112,1373.57983845433,0,0,0,167,0,0,0
25,77,2,4059.29688156704,2262.96257877074,0,0,0,112,0,0,0
25,77,3,4060.11239866295,1151.75628256917,0,0,0,156,0,0,0
25,77,4,3670.25121702884,2110.54995577828,0,0,0,123,0,0,0
25,77,5,4350.98647870562,1188.24697576367,0,31,0,151,0,0,0
25,77,6,5536.35402038686,2513.69498647775,0,0,0,133,0,0,0
25,77,7,22421.690590819,9861.12840396095,0,129,0,198,0,0,0
25,77,8,0,7,0,0,0,0,0,0,0
25,78,1,4082.29101993611,1397.86780747429,0,0,0,137,0,0,0
25,78,2,4122.50323244746,1874.24553717637,0,0,0,216,0,0,0
25,78,3,4088.70881504108,1425.10908573019,0,0,0,115,0,0,0
25,78,4,3716.6616745652,1930.86985178471,0,0,0,182,0,0,0
25,78,5,4386.59725207792,2246.75644379907,0,0,0,118,0,0,0
25,78,6,5644.61444058548,1429.35804018637,2,0,0,185,0,0,0
25,78,7,22587.6596711277,6938.63009884239,21,1,0,324,0,0,0
25,78,8,0,7,0,0,0,0,0,0,0
25,79,1,4103.80593041642,637.449252971724,0,0,0,139,0,0,0
25,79,2,4155.0858295617,1147.40977287637,2,0,0,167,0,0,0
25,79,3,4094.13797482594,1809.16815267519,0,0,0,142,0,0,0
25,79,4,3746.5419720593,1729.64588377224,0,0,0,183,0,0,0
25,79,5,4433.43677021627,2168.72147902637,2,0,0,199,0,0,0
25,79,6,5689.73047376207,2899.60105342398,0,0,0,142,0,0,0
25,79,7,22664.4072133345,11912.5211785016,51,0,0,185,0,0,0
25,79,8,0,7,0,0,0,0,0,0,0
25,80,1,4106.1109403444,1622.39281323632,0,0,0,63,0,0,0
25,80,2,4162.12963537189,1599.52071080971,0,0,0,114,0,0,0
25,80,3,4115.5189909035,1553.22627639268,0,0,0,180,0,0,0
25,80,4,3761.96363908187,1430.52283876071,0,0,0,172,0,0,0
25,80,5,4505.71229440515,1256.21853943192,0,0,0,198,0,0,0
25,80,6,5787.85697541907,1249.20621186223,0,2,0,221,0,0,0
25,80,7,22791.8179678109,15753.8584469001,1,31,0,260,0,0,0
25,80,8,0,7,0,0,0,0,0,0,0
25,81,1,4114.05643740711,1344.51489589663,0,0,0,162,0,0,0
25,81,2,4166.2208495531,1264.5626548423,0,0,0,159,0,0,0
25,81,3,4112.58381260911,2505.68879009898,0,0,0,155,0,0,0
25,81,4,3753.93698446947,404.24342547658,0,0,0,143,0,0,0
25,81,5,4521.18840726666,2776.38930458971,0,0,0,125,0,0,0
25,81,6,5810.42951490114,1379.44407836904,0,0,0,124,0,0,0
25,81,7,22821.0602575569,8770.95378970298,30,0,0,218,0,0,0
25,81,8,0,7,0,0,0,0,0,0,0
25,82,1,4120.11247963268,2314.73116011756,0,58,0,76,0,0,0
25,82,2,4170.3761966662,993.033126360328,0,60,0,66,0,0,0
25,82,3,4140.04478735195,1028.81425825526,0,132,0,118,0,0,0
25,82,4,3724.79277743361,1652.98925217985,0,11,0,29,0,0,0
25,82,5,4532.35849528333,1417.57674784148,0,145,0,132,0,0,0
25,82,6,5838.86463909326,2484.53937073997,0,55,0,82,0,0,0
25,82,7,22939.4961176951,15843.0268026926,4,246,0,256,0,0,4
25,82,8,0,7,0,0,0,0,0,0,0
25,83,1,4161.6512346578,1139.37375918728,0,0,0,216,0,0,0
25,83,2,4177.90602343955,2116.64028540891,0,0,0,99,0,0,0
25,83,3,4153.8925066535,1260.71190764432,0,0,0,102,0,0,0
25,83,4,3755.65096083302,984.288924603089,0,0,0,165,0,0,0
25,83,5,4549.96456370506,2149.03790593375,0,0,0,141,0,0,0
25,83,6,5920.09775464012,2969.42201261303,0,0,0,214,0,0,0
25,83,7,22990.9002767006,13890.3722743034,28,1,0,241,0,0,0
25,83,8,0,7,0,0,0,0,0,0,0
25,84,1,4185.18141363372,2421.22315898342,0,0,0,113,0,0,0
25,84,2,4205.28645115706,2557.12867818233,0,0,0,190,0,0,0
25,84,3,4169.07205637698,2050.96062628745,0,0,0,126,0,0,0
25,84,4,3756.85888481436,2530.36012438677,0,0,0,98,0,0,0
25,84,5,4617.86983941056,1862.51125232135,0,0,0,206,0,0,0
25,84,6,6017.44288725975,1910.81008548403,1,0,0,244,0,0,0
25,84,7,23071.0020324368,12459.3293595633,28,0,0,325,0,0,0
25,84,8,0,7,0,0,0,0,0,0,0
25,85,1,4225.29041096873,1068.63965575414,1,0,0,209,0,0,0
25,85,2,4262.71077536648,1094.16147911134,1,0,0,223,0,0,0
25,85,3,4223.95219269962,1456.38779632228,0,0,0,196,0,0,0
25,85,4,3791.19931912377,1844.02807322932,0,0,0,225,0,0,2
25,85,5,4673.77341311193,1081.95305929495,0,0,0,186,0,0,0
25,85,6,6121.78908937286,2085.20348979936,0,0,0,187,0,0,0
25,85,7,23128.7930411636,9103.85923894621,39,0,0,201,0,0,0
25,85,8,0,7,0,0,0,0,0,0,0
25,86,1,4241.78279946962,906.705151325702,0,0,0,106,0,0,0
25,86,2,4289.97427697642,1906.16834489389,0,0,0,109,0,0,0
25,86,3,4258.8123454451,885.502541300542,0,0,0,145,0,0,0
25,86,4,3823.08853047468,1620.44911443637,16,0,0,158,0,0,0
25,86,5,4692.10332486504,1928.1486766983,1,0,0,106,0,0,0
25,86,6,6206.57319153291,3643.45269879575,40,0,0,144,0,0,0
25,86,7,23255.521002143,4693.92081556401,347,0,0,353,0,0,0
25,86,8,0,7,0,0,0,0,0,0,0
25,87,1,4252.02652347748,1426.06038915238,0,0,0,90,0,0,0
25,87,2,4344.03572483973,1541.48848770789,49,0,0,122,0,0,0
25,87,3,4286.41541825058,1646.38730297713,0,0,0,88,0,0,0
25,87,4,3922.56649400711,1831.14205260488,25,0,0,127,0,0,0
25,87,5,4756.52389216213,1528.62752715711,44,0,0,131,0,0,0
25,87,6,6350.88209177562,1401.77748502517,155,0,0,147,0,0,0
25,87,7,23414.0058786473,11260.6304498422,158,1,0,169,0,0,17
25,87,8,0,7,0,0,0,0,0,0,0
25,88,1,4278.93494314995,1321.19732151156,0,0,0,142,0,0,0
25,88,2,4368.31266041402,2513.51136686851,0,0,0,154,0,0,0
25,88,3,4319.30103177469,849.799307393564,0,0,0,164,0,0,0
25,88,4,3960.81358348174,2258.94917740123,0,0,0,183,0,0,0
25,88,5,4806.92011711853,953.309271136338,0,0,0,152,0,0,0
25,88,6,6438.18457612026,2454.43669716501,0,0,0,140,0,0,0
25,88,7,23499.5186877093,11717.1211511054,36,0,0,264,0,0,0
25,88,8,0,7,0,0,0,0,0,0,0
25,89,1,4287.81213994254,1714.71563580552,0,0,0,132,0,0,0
25,89,2,4400.75476269466,1998.56908868768,1,0,0,206,0,0,0
25,89,3,4313.89867810487,1665.08929956446,0,0,0,84,0,0,0
25,89,4,4014.76644044054,1318.20602950636,0,0,0,225,0,0,0
25,89,5,4847.86118809915,1859.31915189169,0,0,0,95,0,0,0
25,89,6,6540.02367863473,2725.40201254912,1,0,0,206,0,0,0
25,89,7,23607.8870081177,4226.79952071747,32,0,0,280,0,0,0
25,89,8,0,7,0,0,0,0,0,0,0
25,90,1,4328.52336222776,2929.0484462426,11,0,0,145,0,0,0
25,90,2,4437.60490659319,1434.0968575016,27,0,0,135,0,0,0
25,90,3,4318.60127163705,1867.64233481637,14,0,0,132,0,0,0
25,90,4,4069.98903011487,1919.20792014317,0,0,0,131,0,0,0
25,90,5,4927.43348694711,2053.79050305746,12,0,0,157,0,0,0
25,90,6,6646.93563651432,3075.0043852944,54,0,0,142,0,0,0
25,90,7,23690.3799755296,12192.1714102237,103,0,0,175,0,0,0
25,90,8,0,7,0,0,0,0,0,0,0
25,91,1,4389.63979660681,1593.52315382201,0,1,0,222,0,0,0
25,91,2,4479.04272615683,680.303674914438,0,0,0,143,0,0,0
25,91,3,4382.86996076067,1760.93684365111,0,0,0,178,0,0,0
25,91,4,4132.74938835112,2106.54077192171,0,0,0,190,0,0,0
25,91,5,5035.59976049796,2392.22389753541,0,0,0,178,0,0,1
25,91,6,6808.01583272135,1566.37874888349,4,0,0,181,0,0,0
25,91,7,23788.274433898,8987.84967732229,33,0,0,238,0,0,0
25,91,8,0,7,0,0,0,0,0,0,0
25,92,1,4431.54420959771,2918.94620478914,0,0,0,159,0,0,0
25,92,2,4465.01072043296,912.503114195254,0,0,0,68,0,0,0
25,92,3,4455.17396453925,3161.68034218491,1,0,0,165,0,0,0
25,92,4,4203.0845957306,1502.7107120234,3,0,0,184,0,0,0
25,92,5,5165.961103031,2261.86236443794,1,0,0,231,0,0,0
25,92,6,6889.19317546185,3807.30690584774,0,0,0,154,0,0,0
25,92,7,23890.6930030309,10797.1551217588,82,0,0,236,0,0,0
25,92,8,0,7,0,0,0,0,0,0,0
25,93,1,4486.33265616611,1900.17388343944,7,0,0,178,0,0,0
25,93,2,4462.30397621368,1678.16387713752,0,0,0,91,0,0,0
25,93,3,4496.02813476793,1687.37130453475,7,0,0,178,0,0,2
25,93,4,4223.18443021938,2070.45679026195,0,0,0,150,0,0,0
25,93,5,5297.78517346548,1664.04261714129,0,0,0,222,0,0,0
25,93,6,7058.41755236809,967.695138337822,9,0,0,235,0,0,0
25,93,7,23998.1357999595,4955.4972111462,56,0,0,184,0,0,0
25,93,8,0,7,0,0,0,0,0,0,0
25,94,1,4509.43984506806,2041.07561396971,21,0,0,129,0,0,0
25,94,2,4498.80820859356,2168.30805292455,0,0,0,167,0,0,0
25,94,3,4512.23847461561,1367.79730847656,7,0,0,147,0,0,0
25,94,4,4258.23830921937,2623.28616441055,17,0,0,153,0,0,1
25,94,5,5351.42743974783,2112.00733353881,0,0,0,164,0,0,0
25,94,6,7110.34485748039,2647.5895642032,0,0,0,96,0,0,0
25,94,7,24070.6515640774,11136.6805248767,106,0,0,185,0,0,0
25,94,8,0,7,0,0,0,0,0,0,0
25,95,1,4574.97166869986,1397.29222887504,0,0,0,204,0,0,0
25,95,2,4545.79011045751,1443.66351321705,0,0,0,216,0,0,0
25,95,3,4538.43940581889,2416.43136584831,0,0,0,136,0,0,0
25,95,4,4280.2566101013,2996.82876001104,2,0,0,204,0,0,0
25,95,5,5447.58107433663,1001.3662362292,0,0,0,211,0,0,0
25,95,6,7260.97463737582,2881.23849886654,4,0,0,175,0,0,0
25,95,7,24128.1471689508,4476.84310912446,42,0,0,171,0,0,0
25,95,8,0,7,0,0,0,0,0,0,0
25,96,1,4627.4071098878,1736.73443915272,0,0,0,139,0,0,0
25,96,2,4627.08777039105,1021.19614688958,0,0,0,144,0,0,0
25,96,3,4586.14021119165,1799.31484807787,29,0,0,170,0,0,0
25,96,4,4333.18709142958,1710.86585207108,59,0,0,155,0,0,1
25,96,5,5463.00953486596,2772.26708138402,0,0,0,100,0,0,0
25,96,6,7421.76942134429,3346.25363988251,36,0,0,200,0,0,0
25,96,7,24204.3954134033,8939.49697018504,112,0,0,178,0,0,0
25,96,8,0,7,0,0,0,0,0,0,0
25,97,1,4711.16330457095,1353.72441205422,0,0,0,173,0,0,0
25,97,2,4684.99143621965,1016.53133335741,0,0,0,102,0,0,0
25,97,3,4720.74164799034,1816.10503763373,0,0,0,179,0,0,0
25,97,4,4445.64590099545,2899.28126622897,0,0,0,171,0,0,0
25,97,5,5606.29296984332,3274.739590185,0,4,0,186,0,0,0
25,97,6,7763.69935109573,2885.29984314129,0,2,0,269,0,0,0
25,97,7,24431.4600570094,10444.9217141741,0,31,0,205,0,0,0
25,97,8,0,7,0,0,0,0,0,0,0
25,98,1,4719.54293501501,1733.67467187556,0,20,0,107,0,0,0
25,98,2,4689.91223442056,1682.64587729822,0,0,0,101,0,0,0
25,98,3,4775.85392099787,1670.50648654748,0,46,0,117,0,0,0
25,98,4,4492.05369224023,2616.79573340798,0,94,0,158,0,0,0
25,98,5,5632.04451522416,1796.37456552957,0,120,0,159,0,0,0
25,98,6,7896.99927421357,4542.86707134219,0,103,0,144,0,0,0
25,98,7,24559.4462255688,8873.82891007247,8,190,0,227,0,0,0
25,98,8,0,7,0,0,0,0,0,0,0
25,99,1,4772.65902438758,1920.61255780276,0,0,0,173,0,0,0
25,99,2,4734.85044449195,2173.08032894533,0,0,0,168,0,0,0
25,99,3,4849.68837568025,2241.41680887932,0,0,0,167,0,0,0
25,99,4,4613.19498576031,2348.02483523329,0,0,0,239,0,0,0
25,99,5,5817.10534777259,1768.09089635933,0,0,0,177,0,0,0
25,99,6,8094.63130609003,3438.71551549774,11,0,0,222,0,0,0
25,99,7,24663.7327076064,8320.88627367846,31,0,0,192,0,0,0
25,99,8,0,7,0,0,0,0,0,0,0
25,100,1,4830.94114544792,1913.02473639432,0,0,0,192,0,0,0
25,100,2,4861.32637484383,2568.59839678501,0,0,0,217,0,0,0
25,100,3,4948.45068649922,1494.03196170975,0,0,0,188,0,0,1
25,100,4,4771.28761245028,1991.57304372977,0,0,0,234,0,0,0
25,100,5,5959.19914385139,2990.66860536542,0,0,0,176,0,0,0
25,100,6,8359.46071685446,4149.37888990835,5,0,0,186,0,0,0
25,100,7,24779.4717930756,12587.5315969813,17,3,0,194,0,0,0
25,100,8,0,7,0,0,0,0,0,0,0
26,1,1,2780.624,535.764851918238,0,31,0,22,0,0,0
26,1,2,2789.43488,1089.98243930504,0,39,0,33,0,0,0
26,1,3,2785.1696,1171.05459607433,0,28,0,44,0,0,0
26,1,4,2788.312,1169.89106948531,0,41,0,58,0,0,0
26,1,5,2785.368,1165.89283638663,0,37,0,31,0,0,0
26,1,6,2781.248,834.086553419905,0,24,0,19,0,0,0
26,1,7,20329.6527999999,9214.32067207437,0,17,0,14,0,0,0
26,1,8,0,3,0,28,0,21,0,0,0
26,2,1,2783.032,1319.18442015689,0,0,0,53,0,0,0
26,2,2,2802.63488,974.408449583296,0,0,0,108,0,0,0
26,2,3,2801.04128,672.268657692564,0,0,0,117,0,0,0
26,2,4,2804.616,832.205542993773,0,0,0,116,0,0,0
26,2,5,2799.52,1037.45139822597,0,0,0,116,0,0,0
26,2,6,2787.90528,813.671610456696,0,0,0,83,0,0,0
26,2,7,20285.2620799998,10411.8335159642,19,3,0,224,0,0,0
26,2,8,0,3,0,0,0,0,0,0,0
26,3,1,2799.5184,1085.5722108073,0,0,0,131,0,0,0
26,3,2,2813.71648,1422.91818431365,0,0,0,97,0,0,0
26,3,3,2803.74528,464.924305049466,0,0,0,67,0,0,0
26,3,4,2812.288,1124.10029058665,0,0,0,83,0,0,0
26,3,5,2812.8896,1321.40934549066,0,0,0,103,0,0,0
26,3,6,2791.82368,573.05749718665,0,0,0,81,0,0,0
26,3,7,20246.9471999998,8574.9097256074,33,0,0,273,0,0,0
26,3,8,0,3,0,0,0,0,0,0,0
26,4,1,2808.1616,1126.66353569477,0,0,0,108,0,0,0
26,4,2,2832.6384,922.564976762214,0,0,0,142,0,0,0
26,4,3,2803.24928,1401.51597493884,0,0,0,46,0,0,0
26,4,4,2823.38272,1932.35742393726,0,0,0,112,0,0,0
26,4,5,2825.9648,1434.60885893034,0,0,0,132,0,0,0
26,4,6,2791.44768,961.936973205464,0,0,0,57,0,0,0
26,4,7,20197.2396799997,8429.09746704182,39,0,0,248,0,0,0
26,4,8,0,3,0,0,0,0,0,0,0
26,5,1,2813.3632,1086.45752363555,0,0,0,112,0,0,0
26,5,2,2838.6016,1341.61993591738,0,0,0,92,0,0,0
26,5,3,2818.24128,1332.96444465548,0,0,0,140,0,0,0
26,5,4,2849.34751999999,1754.0628838528,0,0,0,190,0,0,0
26,5,5,2838.45407999999,872.958198830399,0,0,0,143,0,0,0
26,5,6,2792.35808,1250.60471594335,0,0,0,96,0,0,0
26,5,7,20124.8473599997,13555.8381545073,0,67,0,198,0,0,0
26,5,8,0,3,0,0,0,0,0,0,0
26,6,1,2817.616,1130.60302123982,0,0,0,108,0,0,0
26,6,2,2851.038336,1720.94943856105,0,0,0,134,0,0,0
26,6,3,2830.4704,799.408569955537,0,0,0,133,0,0,0
26,6,4,2868.28839679999,1187.90801442659,0,3,0,165,0,0,0
26,6,5,2840.10207999999,1047.01944682272,0,0,0,87,0,0,0
26,6,6,2799.51776,1364.42356574796,0,0,0,125,0,0,0
26,6,7,20092.2790399996,8572.70371599239,0,348,0,363,0,0,0
26,6,8,0,3,0,0,0,0,0,0,0
26,7,1,2821.6288,1694.98640194559,0,0,0,113,0,0,0
26,7,2,2871.710656,525.652477083377,0,0,0,172,0,0,0
26,7,3,2826.5664,1447.85875186738,0,0,0,79,0,0,0
26,7,4,2878.4835968,1243.34293305362,0,0,0,118,0,0,0
26,7,5,2842.58457599999,725.83949379499,0,0,0,104,0,0,0
26,7,6,2813.7024,1161.24739106667,0,0,0,136,0,0,0
26,7,7,20077.1433599996,3612.22938423426,33,0,0,182,0,0,0
26,7,8,0,3,0,0,0,0,0,0,0
26,8,1,2839.47328,974.920946615005,0,0,0,168,0,0,0
26,8,2,2861.143936,1056.67079162947,0,0,0,52,0,0,0
26,8,3,2833.8544,977.323660457037,0,0,0,144,0,0,0
26,8,4,2883.02331136,961.610607778034,0,0,0,124,0,0,0
26,8,5,2840.98399999999,839.285991384829,0,0,0,72,0,0,0
26,8,6,2821.80096,653.741181665358,0,0,0,116,0,0,0
26,8,7,20062.5449599996,8921.14072667652,32,0,0,199,0,0,0
26,8,8,0,3,0,0,0,0,0,0,0
26,9,1,2843.468736,1830.93404976004,0,0,0,97,0,0,0
26,9,2,2860.37785600001,2194.88387591403,0,0,0,105,0,0,0
26,9,3,2834.14848000001,935.424365154848,0,0,0,97,0,0,0
26,9,4,2883.86036736,897.472491288802,0,0,0,96,0,0,0
26,9,5,2840.9146368,1396.95440352036,0,0,0,83,0,0,0
26,9,6,2821.05390080001,1117.23258647641,0,0,0,65,0,0,0
26,9,7,20049.3706239995,4642.91219896115,0,43,0,190,0,0,0
26,9,8,0,3,0,0,0,0,0,0,0
26,10,1,2830.92640000001,1012.37948181012,0,126,0,57,0,0,0
26,10,2,2860.26995200001,1117.69759590099,0,106,0,113,0,0,0
26,10,3,2819.53171200001,680.265981029411,0,39,0,54,0,0,0
26,10,4,2871.48660736,891.554635736009,0,41,0,48,0,0,0
26,10,5,2832.309056,1308.41505327759,0,73,0,66,0,0,0
26,10,6,2813.68857856001,610.232921651961,0,54,0,57,0,0,0
26,10,7,20027.2321279994,4317.49878070988,2,173,0,161,0,0,0
26,10,8,0,3,0,0,0,0,0,0,0
26,11,1,2845.95712,1993.76789253725,0,0,0,101,0,0,0
26,11,2,2875.16755200001,999.469110171986,0,0,0,111,0,0,0
26,11,3,2822.46291200001,641.884030373893,0,0,0,68,0,0,0
26,11,4,2872.88174336,1083.59267847847,0,0,0,89,0,0,0
26,11,5,2848.482816,1032.91849123905,0,0,0,130,0,0,0
26,11,6,2818.23737856001,487.128783780814,0,0,0,61,0,0,0
26,11,7,20035.4283519995,8280.17121595793,35,0,0,198,0,0,0
26,11,8,0,3,0,0,0,0,0,0,0
26,12,1,2871.4736,1253.81133184648,0,0,0,178,0,0,0
26,12,2,2886.89076480001,1024.22889851524,0,0,0,99,0,0,0
26,12,3,2821.24377600001,902.130211045633,0,0,0,64,0,0,0
26,12,4,2879.19316736,916.562301704815,0,0,0,108,0,0,0
26,12,5,2855.142336,715.40547277829,0,0,0,103,0,0,0
26,12,6,2821.78297856001,599.032575604868,0,0,0,48,0,0,0
26,12,7,20049.6654719995,7799.27609928536,28,0,0,220,0,0,0
26,12,8,0,3,0,0,0,0,0,0,0
26,13,1,2890.432128,1476.7877855826,0,0,0,125,0,0,0
26,13,2,2900.26223360001,1548.0318195273,0,0,0,102,0,0,0
26,13,3,2821.93433600001,1122.87251583553,0,0,0,90,0,0,0
26,13,4,2884.89305856,881.799739958637,0,0,0,91,0,0,0
26,13,5,2858.08281600001,1200.04276952676,0,0,0,71,0,0,0
26,13,6,2824.80574976001,1373.27978365487,0,0,0,59,0,0,0
26,13,7,20095.1749119994,7449.48881408127,26,0,0,327,0,0,0
26,13,8,0,3,0,0,0,0,0,0,0
26,14,1,2908.83180800001,864.311926467786,0,0,0,147,0,0,0
26,14,2,2921.09544960001,1426.99838920596,0,0,0,154,0,0,0
26,14,3,2829.70434560001,783.763530986752,0,0,0,112,0,0,0
26,14,4,2881.87353856001,1203.67445694117,0,0,0,88,0,0,0
26,14,5,2870.17230080001,841.732974901914,0,0,0,120,0,0,0
26,14,6,2843.41866444801,1305.17670785431,0,0,0,137,0,0,0
26,14,7,20115.3815807994,8834.5946355474,39,0,0,244,0,0,2
26,14,8,0,3,0,0,0,0,0,0,0
26,15,1,2915.97863680001,854.994063523349,0,0,0,86,0,0,0
26,15,2,2937.10689280001,1797.65113756361,0,0,0,142,0,0,0
26,15,3,2826.93510400001,622.679078758843,0,0,0,78,0,0,0
26,15,4,2884.03872256001,1815.72203687294,0,0,0,120,0,0,0
26,15,5,2873.64567040001,901.190763452534,0,0,0,84,0,0,0
26,15,6,2861.45700044801,885.332594954429,0,0,0,130,0,0,0
26,15,7,20121.4389247993,11374.9968688122,40,0,0,190,0,0,0
26,15,8,0,3,0,0,0,0,0,0,0
26,16,1,2920.12519680001,480.760284035254,0,0,0,85,0,0,0
26,16,2,2959.13510400001,1588.18420272739,0,0,0,179,0,0,0
26,16,3,2819.41150720001,730.782673559987,0,0,0,62,0,0,0
26,16,4,2897.53985536001,1740.03008992419,0,0,0,181,0,0,0
26,16,5,2874.41254348801,1504.53506034492,0,0,0,90,0,0,0
26,16,6,2869.108840448,668.230851127235,0,0,0,88,0,0,0
26,16,7,20128.7237887993,6639.37530358177,34,0,0,230,0,0,0
26,16,8,0,3,0,0,0,0,0,0,0
26,17,1,2915.95731200001,756.727303034435,0,0,0,48,0,0,0
26,17,2,2976.28488243201,1258.9274697021,0,0,0,158,0,0,0
26,17,3,2814.61469440001,1095.16237151755,0,0,0,73,0,0,0
26,17,4,2912.19174963201,1279.60164598216,3,0,0,153,0,0,0
26,17,5,2883.50238924801,1150.4090699752,0,0,0,150,0,0,0
26,17,6,2871.325800448,1166.45903002946,0,0,0,66,0,0,0
26,17,7,20145.4315135992,7214.72300531046,95,0,0,255,0,0,0
26,17,8,0,3,0,0,0,0,0,0,0
26,18,1,2915.69852160001,429.919307120963,0,0,0,75,0,0,0
26,18,2,2988.07942051841,1598.43409657394,0,0,0,125,0,0,0
26,18,3,2822.30634240001,566.857380278663,0,0,0,109,0,0,0
26,18,4,2919.16984576001,873.042193687931,0,0,0,127,0,0,0
26,18,5,2888.91258316801,1628.91437879223,0,0,0,115,0,0,0
26,18,6,2886.430107648,1110.84740748467,0,0,0,116,0,0,0
26,18,7,20145.4489497592,5324.57931294331,83,0,0,173,0,0,0
26,18,8,0,3,0,0,0,0,0,0,0
26,19,1,2886.10965760001,581.329391742719,0,34,0,8,0,0,0
26,19,2,2976.71857571841,1819.23237483827,0,98,0,61,0,0,0
26,19,3,2805.67645440001,1541.17601774186,0,27,0,29,0,0,0
26,19,4,2899.09341644801,847.788455095951,0,41,0,46,0,0,0
26,19,5,2883.17169520641,1687.8640177482,0,68,0,94,0,0,0
26,19,6,2878.01131376641,1647.37542985597,0,57,0,54,0,0,0
26,19,7,20130.8925337592,11449.2376142564,4,157,0,170,0,0,0
26,19,8,0,3,0,0,0,0,0,0,0
26,20,1,2880.99745280001,1160.79404907484,0,0,0,58,0,0,0
26,20,2,2998.88008304641,1177.27164112844,0,0,0,181,0,0,0
26,20,3,2816.86034892801,902.004401565481,0,0,0,154,0,0,0
26,20,4,2901.00861900801,1539.71103199632,0,0,0,84,0,0,0
26,20,5,2908.24119971841,1953.09158053816,0,0,0,168,0,0,0
26,20,6,2901.6816497664,567.773901601693,0,0,0,164,0,0,0
26,20,7,20148.9297689592,6415.99030477669,28,0,0,205,0,0,0
26,20,8,0,3,0,0,0,0,0,0,0
26,21,1,2897.29899520001,750.558528135786,0,0,0,116,0,0,0
26,21,2,3012.16080547841,838.253748401379,0,0,0,117,0,0,0
26,21,3,2821.78828226562,1490.35773145516,0,0,0,90,0,0,0
26,21,4,2922.61763581953,488.111739332808,0,0,0,153,0,0,0
26,21,5,2950.14982174721,1162.36927126194,1,0,0,186,0,0,0
26,21,6,2908.66425661441,1451.60867831804,0,0,0,56,0,0,0
26,21,7,20174.6574571511,3950.8930747389,71,0,0,191,0,0,0
26,21,8,0,3,0,0,0,0,0,0,0
26,22,1,2892.69318963201,1009.65639618524,0,0,0,75,0,0,0
26,22,2,3005.65603491841,1294.61583105463,0,0,0,83,0,0,0
26,22,3,2834.89046466562,1068.44973841308,0,0,0,149,0,0,0
26,22,4,2912.35541501953,722.3443059865,0,0,0,48,0,0,0
26,22,5,2959.57869598721,1249.63565833017,0,0,0,116,0,0,0
26,22,6,2928.2783366144,728.196434907364,0,0,0,144,0,0,0
26,22,7,20183.7281643511,5463.39845638649,100,0,0,174,0,0,0
26,22,8,0,3,0,0,0,0,0,0,0
26,23,1,2891.15098550273,1337.42127120198,0,0,0,100,0,0,0
26,23,2,3007.52554811393,980.076117136374,0,0,0,129,0,0,0
26,23,3,2829.05946920962,1070.66097139878,0,0,0,106,0,0,0
26,23,4,2908.23486205953,1306.10628772553,0,0,0,72,0,0,0
26,23,5,2971.44989675521,1365.98373777808,0,0,0,124,0,0,0
26,23,6,2936.20753981441,1199.04705169752,0,0,0,72,0,0,0
26,23,7,20199.114084351,9855.89151580659,64,0,0,191,0,0,0
26,23,8,0,3,0,0,0,0,0,0,0
26,24,1,2896.35940243047,1222.13075829536,0,0,0,133,0,0,0
26,24,2,3001.08968968193,1357.07811940165,0,0,0,98,0,0,0
26,24,3,2824.46597160962,1038.87198889788,0,0,0,107,0,0,0
26,24,4,2920.03256369153,724.020948893669,0,0,0,130,0,0,0
26,24,5,2982.23425249281,1265.20283927576,0,0,0,136,0,0,0
26,24,6,2951.91065661441,1519.50225087185,0,0,0,119,0,0,0
26,24,7,20226.2362449909,7804.27355330206,31,0,0,211,0,0,0
26,24,8,0,3,0,0,0,0,0,0,0
26,25,1,2882.2669298852,895.214507238545,0,62,0,60,0,0,0
26,25,2,2976.86259955713,1170.2148148846,0,60,0,75,0,0,0
26,25,3,2809.73701324802,1266.02856789615,0,49,0,54,0,0,0
26,25,4,2899.85756209153,837.051241762084,0,39,0,33,0,0,0
26,25,5,2973.73997537282,1880.08459109913,0,58,0,68,0,0,0
26,25,6,2956.02371338241,1491.59226039516,0,82,0,69,0,0,0
26,25,7,20256.1315574773,8102.15379130037,4,253,0,238,0,0,0
26,25,8,0,3,0,0,0,0,0,0,0
26,26,1,2880.37974523905,1309.64951272984,0,0,0,89,0,0,0
26,26,2,2981.90085955176,886.44372384862,0,0,0,117,0,0,0
26,26,3,2815.66695577602,596.464018391377,0,0,0,126,0,0,0
26,26,4,2897.00861038593,1426.23301684138,0,0,0,83,0,0,0
26,26,5,3000.74072954882,1324.11881078986,0,0,0,185,0,0,0
26,26,6,2983.83166302209,1330.33868462008,0,0,0,149,0,0,0
26,26,7,20300.4102800373,7982.82785274021,31,0,0,209,0,0,0
26,26,8,0,3,0,0,0,0,0,0,0
26,27,1,2897.29189251073,573.688572371231,0,0,0,130,0,0,0
26,27,2,2975.42916214376,1237.25954783262,0,0,0,88,0,0,0
26,27,3,2806.60014233601,1292.96432479646,0,0,0,59,0,0,0
26,27,4,2914.30797678593,616.417962519931,0,0,0,142,0,0,0
26,27,5,3019.7694121165,852.233987345759,0,0,0,132,0,0,0
26,27,6,3007.57780318209,1100.43364800441,0,0,0,133,0,0,0
26,27,7,20347.7136923637,8305.42016270666,27,0,0,224,0,0,0
26,27,8,0,3,0,0,0,0,0,0,0
26,28,1,2890.64053317634,1800.61018851776,0,0,0,57,0,0,0
26,28,2,2986.69105020258,1549.49276615793,0,0,0,123,0,0,0
26,28,3,2812.65699309569,982.658392949701,0,0,0,129,0,0,0
26,28,4,2908.85638510593,871.033831236547,0,0,0,61,0,0,0
26,28,5,3027.09804464539,1052.30137798354,0,0,0,85,0,0,0
26,28,6,3028.92880478209,875.370697641791,0,0,0,110,0,0,0
26,28,7,20382.1641371637,11187.4710662176,29,0,0,192,0,0,0
26,28,8,0,3,0,0,0,0,0,0,0
26,29,1,2908.65958027348,1412.26467431423,0,0,0,180,0,0,0
26,29,2,2993.91182451112,2004.42029215977,0,0,0,154,0,0,0
26,29,3,2804.25633058407,817.483302285945,0,0,0,98,0,0,0
26,29,4,2912.71698725275,2002.69751580543,0,0,0,87,0,0,0
26,29,5,3035.77329942939,1371.35652321211,0,0,0,105,0,0,0
26,29,6,3035.71913873409,1429.29468770159,0,0,0,87,0,0,0
26,29,7,20402.2021019637,9642.49120683637,30,0,0,195,0,0,0
26,29,8,0,3,0,0,0,0,0,0,0
26,30,1,2915.8463188558,1423.92335179898,0,0,0,141,0,0,0
26,30,2,3014.82950822312,1173.36660763038,0,0,0,188,0,0,1
26,30,3,2792.11232917095,1461.52126858707,0,0,0,81,0,0,0
26,30,4,2931.22309661083,1150.73307320242,0,0,0,196,0,0,0
26,30,5,3051.53888483739,977.220716638263,0,0,0,137,0,0,0
26,30,6,3058.47990724609,998.198040261535,0,0,0,142,0,0,0
26,30,7,20426.4732720116,6852.76090019505,39,0,0,211,0,0,0
26,30,8,0,3,0,0,0,0,0,0,0
26,31,1,2935.77753815615,1622.40834235488,0,0,0,142,0,0,0
26,31,2,3026.45277373744,1802.07650524524,0,0,0,117,0,0,0
26,31,3,2804.95998265345,943.017028932635,0,0,0,146,0,0,0
26,31,4,2938.69097623963,1306.10185362403,0,0,0,115,0,0,0
26,31,5,3057.21409849755,1023.34354594333,0,0,0,97,0,0,0
26,31,6,3076.6951239721,1325.97258364587,0,0,0,99,0,0,0
26,31,7,20470.383291739,3833.14226123074,79,0,0,198,0,0,0
26,31,8,0,3,0,0,0,0,0,0,0
26,32,1,2932.21377362495,1418.19799234381,0,80,0,82,0,0,0
26,32,2,3013.19946586293,956.941293757581,0,89,0,91,0,0,0
26,32,3,2779.57191462913,862.92183389513,0,41,0,53,0,0,0
26,32,4,2912.63753222555,1025.49179556621,0,82,0,48,0,0,0
26,32,5,3041.48203004315,1518.53130013938,0,51,0,51,0,0,0
26,32,6,3077.43782081004,1269.82268192286,0,58,0,74,0,0,0
26,32,7,20482.9827188109,6313.89583573308,0,198,0,183,0,0,0
26,32,8,0,3,0,0,0,0,0,0,0
26,33,1,2956.74121879078,983.200386727095,0,0,0,141,0,0,0
26,33,2,3030.17090143202,1071.01586840978,0,0,0,95,0,0,0
26,33,3,2780.7277215785,822.478082979765,0,0,0,86,0,0,0
26,33,4,2921.56058381108,1542.0427480522,0,0,0,102,0,0,0
26,33,5,3074.05251101574,1648.09962482609,0,0,0,151,0,0,0
26,33,6,3106.92953741804,1162.80202552419,0,0,0,126,0,0,0
26,33,7,20558.8364490125,5245.24449116519,27,0,0,264,0,0,0
26,33,8,0,3,0,0,0,0,0,0,0
26,34,1,2968.07088832039,601.917502862577,0,0,0,98,0,0,0
26,34,2,3039.74207452392,888.930885850433,0,0,0,107,0,0,0
26,34,3,2773.74539774362,1023.4274989909,0,0,0,82,0,0,0
26,34,4,2933.8920365097,1510.86339978199,0,0,0,154,0,0,0
26,34,5,3098.45659503084,1389.8787106615,0,0,0,164,0,0,0
26,34,6,3129.67865526764,1471.21430094521,0,0,0,116,0,0,0
26,34,7,20598.5970107789,11748.9006765335,40,0,0,188,0,0,1
26,34,8,0,3,0,0,0,0,0,0,0
26,35,1,2970.64004738598,1380.55924486231,0,0,0,60,0,0,0
26,35,2,3041.21979934272,1025.64289192287,0,0,0,88,0,0,0
26,35,3,2770.58060255642,1040.28901968753,0,0,0,102,0,0,0
26,35,4,2948.32200495596,923.18542706333,0,0,0,151,0,0,0
26,35,5,3115.54067352045,1025.68805574554,0,0,0,138,0,0,0
26,35,6,3158.96588839404,981.555391332167,0,0,0,147,0,0,0
26,35,7,20632.8593621388,7457.41980206761,34,0,0,172,0,0,0
26,35,8,0,3,0,0,0,0,0,0,0
26,36,1,2993.85309512943,1019.31385117485,0,0,0,138,0,0,0
26,36,2,3046.67455143078,779.978142332207,0,0,0,102,0,0,0
26,36,3,2773.50405057332,999.492643395339,0,0,0,104,0,0,0
26,36,4,2949.10937055121,981.156202132724,0,0,0,92,0,0,0
26,36,5,3128.71733223605,1078.04101088739,0,0,0,102,0,0,0
26,36,6,3175.05820973548,1299.45728357797,0,0,0,98,0,0,0
26,36,7,20692.0064917941,6909.44279574738,132,0,0,217,0,0,0
26,36,8,0,3,0,0,0,0,0,0,0
26,37,1,2972.26062498675,1628.99517564734,97,0,0,4,0,0,0
26,37,2,3036.66484167846,1207.94570081791,24,0,0,53,0,0,0
26,37,3,2755.83180211733,954.244505525483,48,0,0,51,0,0,0
26,37,4,2929.76104431401,526.102239503506,53,0,0,45,0,0,0
26,37,5,3126.63556221519,2109.98366943632,57,0,0,50,0,0,0
26,37,6,3178.09231712748,920.035345796788,71,0,0,58,0,0,0
26,37,7,20746.8589228354,5820.57180343622,181,4,0,174,0,0,2
26,37,8,0,3,0,0,0,0,0,0,0
26,38,1,2959.72116345715,834.099738010241,131,0,0,18,0,0,0
26,38,2,3038.41417088986,801.616313118767,27,0,0,91,0,0,0
26,38,3,2745.75089823253,599.665765429992,24,0,0,69,0,0,0
26,38,4,2922.92241078958,1050.95281038003,4,0,0,48,0,0,0
26,38,5,3136.34595326953,2195.30284626982,88,0,0,114,0,0,0
26,38,6,3186.88666567148,1707.4128244171,20,0,0,70,0,0,0
26,38,7,20794.9828403972,9309.45329647377,270,0,0,285,0,0,0
26,38,8,0,3,0,0,0,0,0,0,0
26,39,1,2956.75236442995,1134.4418369682,0,0,0,83,0,0,0
26,39,2,3038.94631220804,501.303955268191,0,0,0,80,0,0,0
26,39,3,2727.91676975022,647.556449415566,0,0,0,59,0,0,0
26,39,4,2922.59904249706,1404.74815095859,0,0,0,105,0,0,0
26,39,5,3168.64487946602,1612.85287443403,0,0,0,218,0,0,0
26,39,6,3215.89216573621,1730.9675171309,0,0,0,170,0,0,0
26,39,7,20804.9127620356,11954.7638328585,68,0,0,199,0,0,0
26,39,8,0,3,0,0,0,0,0,0,0
26,40,1,2966.05201711987,1010.34025757733,0,0,0,113,0,0,0
26,40,2,3025.62996544264,944.199054935639,0,0,0,50,0,0,0
26,40,3,2713.00310285763,835.691487097882,0,0,0,64,0,0,0
26,40,4,2935.25943744857,730.684923018187,0,0,0,140,0,0,0
26,40,5,3190.33085396453,857.846189253305,0,0,0,161,0,0,0
26,40,6,3251.85878224668,993.304372372913,0,0,0,173,0,0,0
26,40,7,20819.4554704848,12213.7615579374,0,40,0,230,0,0,0
26,40,8,0,3,0,0,0,0,0,0,0
26,41,1,2949.58492167027,532.965780213663,0,72,0,29,0,0,0
26,41,2,3004.53073998928,415.799343198645,0,46,0,48,0,0,0
26,41,3,2692.46950474793,1437.08185365423,0,41,0,42,0,0,0
26,41,4,2915.30836634109,787.244357778201,0,37,0,36,0,0,0
26,41,5,3169.41647170635,732.701076809534,0,51,0,34,0,0,0
26,41,6,3248.58487183049,2153.23968017976,0,51,0,48,0,0,0
26,41,7,20839.5281432528,9953.77378980883,9,217,0,206,0,0,0
26,41,8,0,3,0,0,0,0,0,0,0
26,42,1,2948.52886813555,1423.61085547767,0,0,0,53,0,0,0
26,42,2,2994.61327322929,1405.68243760669,0,0,0,41,0,0,0
26,42,3,2694.02923373609,876.935490970946,0,0,0,143,0,0,0
26,42,4,2909.13758786045,1468.53311016698,0,0,0,78,0,0,0
26,42,5,3171.55848156563,953.763152106951,0,0,0,73,0,0,0
26,42,6,3290.26912206537,1317.58029048016,0,0,0,207,0,0,0
26,42,7,20876.4184574928,9080.16059884084,26,0,0,245,0,0,0
26,42,8,0,3,0,0,0,0,0,0,0
26,43,1,2967.35608668439,1008.84633746383,0,0,0,142,0,0,0
26,43,2,3014.64477720598,1007.17102395398,0,0,0,140,0,0,0
26,43,3,2693.41843131024,834.812431776372,0,0,0,87,0,0,0
26,43,4,2935.08899045151,1411.37311016621,0,0,0,146,0,0,0
26,43,5,3183.64649709668,1498.67054614435,0,0,0,95,0,0,0
26,43,6,3326.96597201909,398.350056904794,0,0,0,131,0,0,0
26,43,7,20948.55555865,9723.14401103287,21,0,0,269,0,0,2
26,43,8,0,3,0,0,0,0,0,0,0
26,44,1,2978.84339247338,1893.91925724722,0,0,0,100,0,0,0
26,44,2,3035.85069245369,1806.43603970542,0,0,0,100,0,0,0
26,44,3,2696.2436661887,1275.83138118767,0,0,0,83,0,0,0
26,44,4,2961.71397705949,1280.75695117007,0,0,0,141,0,0,0
26,44,5,3212.63706273744,1486.48721689286,0,0,0,149,0,0,0
26,44,6,3332.54399489423,597.792402236105,0,0,0,39,0,0,0
26,44,7,21035.2871718563,6683.61688037049,25,0,0,239,0,0,0
26,44,8,0,3,0,0,0,0,0,0,0
26,45,1,2987.63190917354,800.591023732776,21,0,0,137,0,0,0
26,45,2,3034.0816794236,1378.77345071256,12,0,0,150,0,0,0
26,45,3,2700.01042923438,600.275600267683,0,0,0,127,0,0,0
26,45,4,2969.90239882234,495.12624837378,0,0,0,128,0,0,0
26,45,5,3228.16004152968,1458.71265241779,3,0,0,141,0,0,0
26,45,6,3329.83570944567,1163.02870761932,0,0,0,59,0,0,0
26,45,7,21064.2032762039,8151.54256965578,192,0,0,196,0,0,3
26,45,8,0,3,0,0,0,0,0,0,0
26,46,1,2983.96152840528,1462.54747167304,0,0,0,80,0,0,0
26,46,2,3052.87506579441,1329.44478354404,0,0,0,137,0,0,0
26,46,3,2685.7055225158,712.137723796215,0,0,0,60,0,0,0
26,46,4,2953.25172087209,1104.40018858748,0,0,0,49,0,0,0
26,46,5,3256.2260399519,1127.07399809835,0,0,0,145,0,0,0
26,46,6,3351.00802211916,2164.40974676397,0,0,0,116,0,0,0
26,46,7,21106.8747293378,6736.53553701579,113,0,0,137,0,0,0
26,46,8,0,3,0,0,0,0,0,0,0
26,47,1,2989.72521788711,971.459180279991,0,0,0,146,0,0,0
26,47,2,3044.27117744113,1642.54946623635,0,0,0,132,0,0,0
26,47,3,2667.10955905417,758.2951748286,0,0,0,71,0,0,0
26,47,4,2935.12548298456,1607.91629481021,0,0,0,110,0,0,0
26,47,5,3259.42809883153,1781.56504382789,0,0,0,112,0,0,0
26,47,6,3364.84062298188,1433.0713202163,0,11,0,152,0,0,0
26,47,7,21121.8183222978,5581.9994847546,0,90,0,184,0,0,0
26,47,8,0,3,0,0,0,0,0,0,0
26,48,1,2960.88199198007,667.702553028126,0,94,0,3,0,0,0
26,48,2,3032.54615008232,1214.58054573624,0,77,0,87,0,0,0
26,48,3,2642.2086841066,869.209784287502,0,41,0,34,0,0,0
26,48,4,2917.017436913,540.399539558351,0,86,0,74,0,0,0
26,48,5,3253.6023923068,1583.87221691468,0,82,0,96,0,0,0
26,48,6,3366.20280924236,1469.21538070282,0,72,0,71,0,0,0
26,48,7,21183.5778209474,9156.03126973691,0,240,0,318,0,0,0
26,48,8,0,3,0,0,0,0,0,0,0
26,49,1,2961.71223404539,867.38937861928,0,0,0,66,0,0,0
26,49,2,3051.31922457991,1319.12380125925,0,0,0,121,0,0,0
26,49,3,2640.43559292836,1732.98448779105,0,0,0,86,0,0,0
26,49,4,2913.76319655951,1217.85442986614,0,0,0,54,0,0,0
26,49,5,3292.00609675554,1197.93166845403,0,0,0,158,0,0,0
26,49,6,3406.0525643893,1539.09522932787,0,0,0,146,0,0,0
26,49,7,21235.4149900068,7337.70280473228,24,2,0,188,0,0,0
26,49,8,0,3,0,0,0,0,0,0,0
26,50,1,2977.71334637891,1001.29671054889,0,0,0,86,0,0,0
26,50,2,3084.51447386195,1463.33102374131,0,0,0,131,0,0,0
26,50,3,2669.02416065501,792.57583504103,0,0,0,173,0,0,0
26,50,4,2935.30767854844,1416.68529292213,0,0,0,121,0,0,0
26,50,5,3318.99567469234,1967.06070161627,0,0,0,119,0,0,0
26,50,6,3447.16414636958,1064.59969206649,0,0,0,153,0,0,0
26,50,7,21323.9541010399,8247.90189353895,20,0,0,272,0,0,3
26,50,8,0,3,0,0,0,0,0,0,0
26,51,1,2991.05017177205,1127.60341602005,0,0,0,100,0,0,0
26,51,2,3105.23435381276,1125.13833399658,0,0,0,146,0,0,0
26,51,3,2668.00499112761,969.43467300188,0,0,0,79,0,0,0
26,51,4,2956.84812309736,1943.52592162855,0,0,0,141,0,0,0
26,51,5,3358.89977037728,2214.13987235631,0,0,0,186,0,0,0
26,51,6,3466.99645107921,1042.8667284697,0,0,0,106,0,0,0
26,51,7,21384.3788422878,8581.42508938858,30,0,0,190,0,0,0
26,51,8,0,3,0,0,0,0,0,0,0
26,52,1,2994.57572944781,701.026542244348,0,0,0,112,0,0,0
26,52,2,3094.14398136925,1172.77032799479,0,0,0,112,0,0,0
26,52,3,2661.45338723604,605.481546238162,0,0,0,96,0,0,0
26,52,4,2983.72919726032,1982.21311883352,0,0,0,194,0,0,0
26,52,5,3399.99600768662,992.12655060796,0,0,0,208,0,0,1
26,52,6,3480.01429235409,1302.24305877596,0,0,0,104,0,0,0
26,52,7,21438.4217007633,13627.2170910416,30,0,0,246,0,0,0
26,52,8,0,3,0,0,0,0,0,0,0
26,53,1,2985.4538570974,1074.89973262665,0,0,0,70,0,0,0
26,53,2,3097.79330831088,825.933003176406,0,0,0,117,0,0,0
26,53,3,2646.46089869711,813.430090419566,0,0,0,60,0,0,0
26,53,4,2998.11495454556,546.849108730645,0,0,0,198,0,0,0
26,53,5,3398.66298822003,1201.44416875815,0,0,0,99,0,0,0
26,53,6,3494.31234782601,1203.63564183003,0,0,0,130,0,0,0
26,53,7,21472.0210570114,7316.58923559187,29,0,0,239,0,0,0
26,53,8,0,3,0,0,0,0,0,0,0
26,54,1,3003.33419913871,594.666623059566,0,0,0,107,0,0,0
26,54,2,3113.23054058995,832.02442782351,0,0,0,82,0,0,0
26,54,3,2647.66200755509,956.348329168257,0,0,0,81,0,0,0
26,54,4,2992.13216534065,1191.35741289274,0,0,0,54,0,0,0
26,54,5,3433.71748157417,2715.07938272613,0,0,0,120,0,0,0
26,54,6,3528.88960739565,1125.82281287113,0,0,0,120,0,0,0
26,54,7,21537.6885239232,7670.83931811572,34,0,0,195,0,0,0
26,54,8,0,3,0,0,0,0,0,0,0
26,55,1,2993.96057658425,1658.15736778988,0,0,0,59,0,0,0
26,55,2,3108.90274131922,420.781284395454,0,0,0,83,0,0,0
26,55,3,2637.82588149907,1327.44325407456,0,3,0,92,0,0,0
26,55,4,2991.56895938085,1819.91538805397,0,5,0,113,0,0,0
26,55,5,3443.30633300489,1585.08268299341,0,96,0,156,0,0,0
26,55,6,3545.06080641723,1852.99228205362,0,2,0,110,0,0,0
26,55,7,21562.633150222,10676.6588668364,7,188,0,205,0,0,0
26,55,8,0,3,0,0,0,0,0,0,0
26,56,1,3026.45777377858,1386.66129961637,0,0,0,165,0,0,0
26,56,2,3089.9425858881,1734.21502132446,0,0,0,42,0,0,0
26,56,3,2647.0825865465,1578.56967814452,0,0,0,132,0,0,0
26,56,4,3047.57097609031,895.563550903797,0,0,0,181,0,0,0
26,56,5,3494.42721121359,1859.13633253491,0,0,0,158,0,0,0
26,56,6,3612.18287695545,616.734817655083,0,0,0,174,0,0,0
26,56,7,21649.1794158923,7676.40794324718,24,0,0,205,0,0,0
26,56,8,0,3,0,0,0,0,0,0,0
26,57,1,3040.70259732941,1630.63233047489,0,0,0,138,0,0,0
26,57,2,3122.10616566392,1005.81595408559,0,0,0,173,0,0,0
26,57,3,2663.93613861725,912.179716173089,0,0,0,157,0,0,0
26,57,4,3040.27669850213,1015.50540383247,0,0,0,89,0,0,0
26,57,5,3537.35375993448,1530.12198022797,0,0,0,185,0,0,0
26,57,6,3618.46275867198,785.859836425924,0,0,0,61,0,0,0
26,57,7,21707.9725508251,10429.7868745041,23,0,0,204,0,0,4
26,57,8,0,3,0,0,0,0,0,0,0
26,58,1,3057.86245960255,2027.69092181937,0,0,0,163,0,0,0
26,58,2,3123.60238823138,1580.70531589673,0,0,0,100,0,0,0
26,58,3,2660.72042510329,677.780676555535,0,0,0,91,0,0,0
26,58,4,3049.71691053275,1132.15513818628,0,0,0,101,0,0,0
26,58,5,3573.37603188607,1362.00961963309,0,0,0,153,0,0,0
26,58,6,3630.01121309669,2278.34637581857,0,0,0,78,0,0,0
26,58,7,21768.8900469437,13162.1288349985,30,0,0,233,0,0,0
26,58,8,0,3,0,0,0,0,0,0,0
26,59,1,3078.34068322261,908.880181470878,0,1,0,185,0,0,0
26,59,2,3133.87644435139,1423.67758067075,0,0,0,158,0,0,0
26,59,3,2644.96817521452,749.403142915753,0,0,0,67,0,0,0
26,59,4,3054.5265128318,1570.90687251587,0,0,0,113,0,0,0
26,59,5,3589.1678718335,1254.02899965484,0,0,0,136,0,0,0
26,59,6,3682.65110416128,1670.113521062,0,2,0,190,0,0,0
26,59,7,21801.7994542658,11586.2480797343,0,68,0,183,0,0,0
26,59,8,0,3,0,0,0,0,0,0,0
26,60,1,3065.1588771381,1225.6857275751,0,0,0,90,0,0,0
26,60,2,3154.27682836153,1212.35978536685,0,0,0,142,0,0,0
26,60,3,2633.42232662244,474.535163367358,0,0,0,74,0,0,0
26,60,4,3062.36502574746,1064.8653086553,0,13,0,128,0,0,0
26,60,5,3605.02034809985,1905.51209164578,0,0,0,125,0,0,0
26,60,6,3724.45481741728,449.045213141233,0,4,0,158,0,0,0
26,60,7,21852.3315787493,8293.02931854949,4,170,0,206,0,0,0
26,60,8,0,3,0,0,0,0,0,0,0
26,61,1,3076.98715644717,1122.54119531733,0,18,0,98,0,0,0
26,61,2,3173.88368556672,1132.10503229335,0,0,0,121,0,0,0
26,61,3,2621.58871143693,1184.54260286636,0,0,0,47,0,0,0
26,61,4,3082.75211994586,716.047843467947,0,0,0,106,0,0,0
26,61,5,3643.34684511341,965.577757968542,0,45,0,132,0,0,0
26,61,6,3730.74061745788,654.470427425333,0,2,0,42,0,0,0
26,61,7,21951.1278318438,9689.29594468551,2,221,0,209,0,0,38
26,61,8,0,3,0,0,0,0,0,0,0
26,62,1,3076.43058148513,1177.17725756092,0,0,0,112,0,0,0
26,62,2,3168.92473270067,939.163138437489,0,0,0,113,0,0,0
26,62,3,2609.12986978627,1252.46960623836,0,0,0,118,0,0,0
26,62,4,3075.57385171799,1581.10092005285,0,0,0,71,0,0,0
26,62,5,3664.25848862675,2040.07671115777,0,0,0,96,0,0,0
26,62,6,3744.67735265339,2331.46358463441,0,0,0,65,0,0,0
26,62,7,22020.8943519866,13878.644127462,21,2,0,202,0,0,0
26,62,8,0,3,0,0,0,0,0,0,0
26,63,1,3075.59515783578,1374.21330586693,0,0,0,117,0,0,0
26,63,2,3162.85207364375,882.162199058814,0,0,0,93,0,0,0
26,63,3,2590.63826706595,1264.86950951743,0,0,0,125,0,0,0
26,63,4,3076.07993685403,1768.56416649393,0,0,0,158,0,0,0
26,63,5,3703.55839215017,1824.7344353023,0,1,0,179,0,0,0
26,63,6,3788.68280035502,2070.08364250832,0,3,0,180,0,0,0
26,63,7,22080.6323247887,12281.3107496819,0,61,0,237,0,0,0
26,63,8,0,3,0,0,0,0,0,0,0
26,64,1,3064.22953829391,1362.61180738586,0,96,0,41,0,0,0
26,64,2,3129.39161584907,1090.97189427741,0,34,0,54,0,0,0
26,64,3,2572.92216845202,671.733294945979,0,56,0,70,0,0,0
26,64,4,3073.5245916582,916.572416811849,0,86,0,90,0,0,0
26,64,5,3717.0457892126,1295.1117574894,0,101,0,81,0,0,0
26,64,6,3806.20831398125,814.297363129996,0,111,0,96,0,0,0
26,64,7,22172.6445228611,11601.6147453817,5,246,0,205,0,0,6
26,64,8,0,3,0,0,0,0,0,0,0
26,65,1,3075.1715081776,1450.31011032405,0,0,0,136,0,0,0
26,65,2,3123.66680129615,2338.024332448,0,0,0,109,0,0,0
26,65,3,2554.24808542055,1208.00021860086,0,0,0,67,0,0,0
26,65,4,3078.17725831067,759.05897408879,0,0,0,91,0,0,0
26,65,5,3741.16161059323,1763.4047454467,0,0,0,129,0,0,0
26,65,6,3824.49939941613,1430.89004019743,0,0,0,81,0,0,0
26,65,7,22214.3119778807,9729.70076433934,28,0,0,204,0,0,0
26,65,8,0,3,0,0,0,0,0,0,0
26,66,1,3104.22350712565,989.940670988205,0,0,0,145,0,0,0
26,66,2,3197.8500161191,1605.92160811583,0,0,0,233,0,0,0
26,66,3,2567.87004819229,1254.72250327754,0,0,0,120,0,0,0
26,66,4,3100.16560984843,402.961368021835,0,0,0,75,0,0,0
26,66,5,3838.86281129656,525.681766439027,0,0,0,176,0,0,0
26,66,6,3900.23950975624,1676.59391356529,0,0,0,143,0,0,0
26,66,7,22310.8037308225,6590.03734590027,22,0,0,203,0,0,4
26,66,8,0,3,0,0,0,0,0,0,0
26,67,1,3125.26708126077,1375.04155779523,0,0,0,98,0,0,0
26,67,2,3245.32960598854,1179.54790625279,3,0,0,153,0,0,0
26,67,3,2581.40592231176,871.203338729671,0,0,0,125,0,0,0
26,67,4,3096.18166347048,1974.86651129595,0,0,0,40,0,0,0
26,67,5,3854.5972291613,2176.00405553287,0,0,0,52,0,0,0
26,67,6,3951.65951099898,1769.70749375888,8,0,0,146,0,0,0
26,67,7,22399.1122651426,11652.9615049097,188,0,0,216,0,0,0
26,67,8,0,3,0,0,0,0,0,0,0
26,68,1,3126.18655085877,1597.86831600093,0,0,0,137,0,0,0
26,68,2,3226.24241997669,1321.63550414721,0,0,0,117,0,0,0
26,68,3,2578.23719869473,1201.41202769722,0,0,0,87,0,0,0
26,68,4,3114.14504372752,1040.7696003498,0,0,0,197,0,0,0
26,68,5,3887.24491741273,2576.47493328742,0,0,0,160,0,0,0
26,68,6,3992.73770283079,1643.94888277607,0,0,0,176,0,0,0
26,68,7,22456.0104369359,16340.2142871492,42,0,0,282,0,0,0
26,68,8,0,3,0,0,0,0,0,0,0
26,69,1,3129.13286130536,909.97200448902,0,0,0,159,0,0,0
26,69,2,3222.75651183633,676.353174642729,0,0,0,132,0,0,0
26,69,3,2570.94770382782,1979.40962688256,0,0,0,120,0,0,0
26,69,4,3110.56307063315,1114.19401168678,0,0,0,104,0,0,0
26,69,5,3918.95899243557,3047.01122090058,0,0,0,191,0,0,2
26,69,6,4027.19262527959,1108.84679893119,0,0,0,164,0,0,0
26,69,7,22492.3662319004,8984.16258900547,36,0,0,230,0,0,0
26,69,8,0,3,0,0,0,0,0,0,0
26,70,1,3101.92596795975,533.638102877437,0,56,0,34,0,0,0
26,70,2,3194.48167403217,1631.06459298351,0,34,0,33,0,0,0
26,70,3,2567.54993384347,1254.30074356118,0,99,0,98,0,0,0
26,70,4,3113.60272649202,812.570344880851,0,53,0,58,0,0,0
26,70,5,3950.40339291478,1728.03566724596,0,161,0,143,0,0,0
26,70,6,4039.29319146516,1570.23550262571,0,49,0,61,0,0,0
26,70,7,22651.2274319254,8669.16765766176,0,452,0,446,0,0,0
26,70,8,0,3,0,0,0,0,0,0,0
26,71,1,3094.92740237195,1412.78858796863,0,0,0,53,0,0,0
26,71,2,3234.88854054355,604.238795857928,0,0,0,163,0,0,0
26,71,3,2577.10831230247,925.962259129711,0,0,0,125,0,0,0
26,71,4,3134.64380260381,1315.74911808572,0,0,0,81,0,0,0
26,71,5,4037.49292369839,2350.4209425961,0,0,0,163,0,0,0
26,71,6,4118.97189383991,1870.71860852653,0,0,0,157,0,0,0
26,71,7,22760.1551388616,8981.28766943388,29,0,0,206,0,0,0
26,71,8,0,3,0,0,0,0,0,0,0
26,72,1,3105.19762888084,1296.79089846038,0,0,0,141,0,0,0
26,72,2,3222.38079120228,1722.97372231182,0,0,0,60,0,0,0
26,72,3,2584.77943517573,1062.81566301887,0,0,0,92,0,0,0
26,72,4,3152.87091704401,781.812719475167,0,0,0,131,0,0,0
26,72,5,4085.11724161839,2861.20969396443,0,0,0,181,0,0,0
26,72,6,4177.63941823781,1947.78212583061,0,0,0,187,0,0,0
26,72,7,22820.0318089789,15217.8172078909,18,0,0,207,0,0,0
26,72,8,0,3,0,0,0,0,0,0,0
26,73,1,3107.73514718819,801.807820831733,0,0,0,129,0,0,0
26,73,2,3237.31261240882,1287.02773379271,0,0,0,172,0,0,0
26,73,3,2585.06619479269,1134.3204761237,0,0,0,106,0,0,0
26,73,4,3147.38530155142,963.074457613188,0,0,0,78,0,0,0
26,73,5,4135.39234168591,2712.55323895971,1,0,0,216,0,0,0
26,73,6,4220.27193454121,1446.3824405866,0,0,0,183,0,0,0
26,73,7,22877.9225578568,12773.8296997152,25,0,0,318,0,0,0
26,73,8,0,3,0,0,0,0,0,0,0
26,74,1,3102.00437780859,1005.6958075336,0,0,0,80,0,0,0
26,74,2,3228.42198454348,1250.89423220806,0,0,0,128,0,0,0
26,74,3,2589.36645368507,977.491517094374,0,0,0,113,0,0,0
26,74,4,3148.1405633107,1408.30649843287,0,0,0,96,0,0,0
26,74,5,4168.34435123955,1781.38571396188,1,0,0,203,0,0,1
26,74,6,4259.96528450235,2428.65642045164,0,0,0,144,0,0,0
26,74,7,22898.6486393314,9941.04382262285,45,0,0,188,0,0,0
26,74,8,0,3,0,0,0,0,0,0,0
26,75,1,3101.32457273132,1051.34125565291,0,0,0,100,0,0,0
26,75,2,3230.22878644234,1957.16360867008,0,0,0,125,0,0,0
26,75,3,2581.13219234813,633.41560466766,0,0,0,97,0,0,0
26,75,4,3158.59711866141,1241.87072028565,7,0,0,128,0,0,0
26,75,5,4204.27020282185,1663.66203255426,20,0,0,142,0,0,0
26,75,6,4290.56578884432,3566.57993876067,58,0,0,138,0,0,0
26,75,7,22977.2172154451,10069.1135456094,325,0,0,408,0,0,0
26,75,8,0,3,0,0,0,0,0,0,0
26,76,1,3094.34142652023,1095.6841144469,0,0,0,105,0,0,0
26,76,2,3226.35182415278,1661.15862939239,8,0,0,167,0,0,0
26,76,3,2558.11472239836,406.903215172088,0,0,0,63,0,0,0
26,76,4,3161.25365374191,677.402978868498,0,0,0,124,0,0,0
26,76,5,4243.54462827175,1986.93764564708,2,0,0,158,0,0,0
26,76,6,4337.01454689268,2735.01801334818,57,0,0,174,0,0,0
26,76,7,23019.0791032853,9737.44325639419,238,0,0,217,0,0,4
26,76,8,0,3,0,0,0,0,0,0,0
26,77,1,3106.08281132216,1538.66847980662,0,0,0,109,0,0,0
26,77,2,3290.24216731674,1847.27670960456,0,0,0,166,0,0,0
26,77,3,2527.9797573239,568.318521349615,0,0,0,40,0,0,0
26,77,4,3176.9631754879,1888.16750105489,0,0,0,67,0,0,0
26,77,5,4378.46107457606,1919.83719758903,0,0,0,198,0,0,0
26,77,6,4452.96034461478,2059.74001448752,0,3,0,198,0,0,0
26,77,7,23157.5759177042,4055.31519743871,0,38,0,233,0,0,0
26,77,8,0,3,0,0,0,0,0,0,0
26,78,1,3083.31873637257,1376.09836089459,0,98,0,55,0,0,0
26,78,2,3279.03946129837,2175.4931225975,0,96,0,88,0,0,0
26,78,3,2495.56816591369,998.340346473272,0,33,0,23,0,0,0
26,78,4,3169.35837686195,1672.09142746947,0,96,0,92,0,0,0
26,78,5,4380.03299942011,1436.63330678015,0,96,0,95,0,0,0
26,78,6,4467.64749924957,1173.56152168423,0,98,0,107,0,0,0
26,78,7,23189.172394384,11054.6465460449,0,221,0,184,0,0,0
26,78,8,0,3,0,0,0,0,0,0,0
26,79,1,3105.47519977127,584.989565185429,0,0,0,137,0,0,0
26,79,2,3305.34412239439,613.555031792627,0,0,0,217,0,0,0
26,79,3,2496.85183379166,714.880861203628,0,0,0,99,0,0,0
26,79,4,3177.18871573759,857.171283258093,0,0,0,167,0,0,0
26,79,5,4427.52896798452,1856.99698615561,0,0,0,143,0,0,0
26,79,6,4517.70080032267,1378.27002341684,0,0,0,117,0,0,0
26,79,7,23256.2942502333,10002.2895735853,28,0,0,230,0,0,0
26,79,8,0,3,0,0,0,0,0,0,0
26,80,1,3102.46176703718,1357.34549963581,0,0,0,58,0,0,0
26,80,2,3294.00212001247,707.336975765005,0,0,0,61,0,0,0
26,80,3,2490.28512006136,756.620458738475,0,0,0,71,0,0,0
26,80,4,3172.35046637074,2236.57106174062,0,0,0,85,0,0,0
26,80,5,4469.84744596123,940.070036420555,0,0,0,185,0,0,0
26,80,6,4564.30672456073,1629.20385154842,0,0,0,137,0,0,0
26,80,7,23350.6345027754,14368.8543826243,25,0,0,231,0,0,0
26,80,8,0,3,0,0,0,0,0,0,0
26,81,1,3107.92227778567,1345.11279767957,0,0,0,135,0,0,0
26,81,2,3274.35609792726,1840.83284132792,0,0,0,70,0,0,0
26,81,3,2477.76446798065,1289.68243553709,0,0,0,75,0,0,0
26,81,4,3190.14038159311,1600.13781735327,0,0,0,192,0,0,0
26,81,5,4492.73683268488,1329.37754290112,0,0,0,94,0,0,0
26,81,6,4617.62763242855,1714.35879223103,0,0,0,162,0,0,0
26,81,7,23430.1880121632,10299.3884616543,19,0,0,304,0,0,0
26,81,8,0,3,0,0,0,0,0,0,0
26,82,1,3119.5392315834,1347.50879011153,0,0,0,134,0,0,0
26,82,2,3301.63396599392,1373.22451187956,0,0,0,180,0,0,0
26,82,3,2481.38184356209,1439.26894416944,0,0,0,128,0,0,0
26,82,4,3214.06714554722,573.961412536222,0,0,0,160,0,0,0
26,82,5,4505.72092013247,1189.33843091856,0,0,0,132,0,0,0
26,82,6,4690.00641633716,2203.80866351558,0,0,0,171,0,0,0
26,82,7,23509.8279492054,8574.0921348222,89,0,0,184,0,0,0
26,82,8,0,3,0,0,0,0,0,0,0
26,83,1,3095.80714322104,1145.8645591581,111,0,0,23,0,0,0
26,83,2,3271.03272546282,1810.90956839557,84,0,0,53,0,0,0
26,83,3,2469.97578586741,1184.53488079242,64,0,0,79,0,0,0
26,83,4,3190.40054464434,1200.72592453308,33,0,0,24,0,0,0
26,83,5,4496.37911180917,983.132962967676,59,0,0,59,0,0,0
26,83,6,4727.35520854339,2546.74329995702,108,0,0,112,0,0,0
26,83,7,23566.9756344469,18449.5395863081,190,2,0,169,0,0,0
26,83,8,0,3,0,0,0,0,0,0,0
26,84,1,3094.85640906852,1000.29095832428,0,0,0,114,0,0,0
26,84,2,3292.99219644277,806.590617607184,0,0,0,181,0,0,0
26,84,3,2467.33844441334,1823.89894347988,0,0,0,118,0,0,0
26,84,4,3193.73283466539,1274.20981424485,0,0,0,120,0,0,0
26,84,5,4494.16284823345,1037.23636477083,0,0,0,98,0,0,0
26,84,6,4781.75548263443,3344.66085866071,1,0,0,213,0,0,0
26,84,7,23612.3986313189,15169.364763066,46,0,0,406,0,0,0
26,84,8,0,3,0,0,0,0,0,0,0
26,85,1,3098.17112297532,2460.86191219675,0,0,0,100,0,0,0
26,85,2,3284.62667190178,1319.98457446224,0,0,0,80,0,0,0
26,85,3,2482.8236912633,1070.64182657832,0,0,0,182,0,0,0
26,85,4,3212.92613656824,1820.95210509643,0,0,0,127,0,0,0
26,85,5,4511.67270065121,1745.30829658103,0,0,0,103,0,0,0
26,85,6,4834.15683866229,994.175806615744,0,6,0,179,0,0,0
26,85,7,23615.6495574924,8335.66824621398,0,56,0,177,0,0,0
26,85,8,0,3,0,0,0,0,0,0,0
26,86,1,3119.01376831352,1310.2656841563,0,70,0,126,0,0,0
26,86,2,3300.05093912746,1025.247785064,0,0,0,131,0,0,0
26,86,3,2489.47652123359,652.690689043839,0,0,0,107,0,0,0
26,86,4,3224.65712666413,2088.1535357243,0,30,0,131,0,0,0
26,86,5,4557.60283720354,2071.73609594571,0,13,0,152,0,0,0
26,86,6,4866.55909370006,1648.8269162176,0,0,0,99,0,0,0
26,86,7,23745.7429857151,5324.11835795485,0,308,0,309,0,0,0
26,86,8,0,3,0,0,0,0,0,0,0
26,87,1,3137.76498789763,752.665144607545,0,0,0,131,0,0,0
26,87,2,3303.73762897063,1833.23149756851,0,0,0,102,0,0,0
26,87,3,2487.82025404545,748.546620535105,0,0,0,65,0,0,0
26,87,4,3256.42687445566,805.894140504584,3,0,0,176,0,0,0
26,87,5,4618.78173587629,1540.85711216866,0,0,0,201,0,0,0
26,87,6,4936.22118379964,2298.67574487403,0,0,0,164,0,0,0
26,87,7,23798.7811250807,6457.07984012529,43,0,0,174,0,0,0
26,87,8,0,3,0,0,0,0,0,0,0
26,88,1,3133.25351468662,1082.1527398455,0,0,0,75,0,0,0
26,88,2,3322.50512214763,1231.34676075362,0,0,0,183,0,0,0
26,88,3,2470.90952228069,1249.11935156783,0,0,0,74,0,0,0
26,88,4,3251.6372575929,1098.59824053775,0,0,0,80,0,0,0
26,88,5,4641.48197998358,1227.71157389077,0,0,0,154,0,0,0
26,88,6,5026.24081128974,908.258888712391,0,0,0,226,0,0,0
26,88,7,23838.2435212555,6299.07769987035,35,0,0,191,0,0,0
26,88,8,0,3,0,0,0,0,0,0,0
26,89,1,3136.13310056756,1915.49203016901,0,0,0,108,0,0,0
26,89,2,3324.76420416801,1687.38580999245,0,0,0,123,0,0,0
26,89,3,2468.17434426078,825.4161508521,0,0,0,124,0,0,0
26,89,4,3249.80071444255,531.231657826778,0,0,0,109,0,0,0
26,89,5,4666.40087117955,709.359497926466,0,0,0,122,0,0,0
26,89,6,5042.09597797109,2699.35995008818,0,0,0,90,0,0,0
26,89,7,23887.5571417387,2548.79966500606,31,0,0,193,0,0,0
26,89,8,0,3,0,0,0,0,0,0,0
26,90,1,3133.21852854275,1099.50861153544,0,100,0,91,0,0,0
26,90,2,3311.55792291949,1728.7043267213,0,72,0,96,0,0,0
26,90,3,2450.77972741593,1003.50804277671,0,33,0,49,0,0,0
26,90,4,3217.45203405898,1798.73290233831,0,23,0,30,0,0,0
26,90,5,4638.2549991723,1534.39122235619,0,41,0,29,0,0,0
26,90,6,5070.21979664755,3100.94860499812,0,126,0,143,0,0,0
26,90,7,23883.8635625411,5220.14511433453,0,126,0,128,0,0,0
26,90,8,0,3,0,0,0,0,0,0,0
26,91,1,3144.77128261798,1167.95129563243,0,0,0,109,0,0,0
26,91,2,3343.54966643679,1878.97345918024,0,0,0,172,0,0,0
26,91,3,2445.83988634095,808.421899241585,0,0,0,100,0,0,0
26,91,4,3253.33152900918,783.71311902931,0,0,0,179,0,0,0
26,91,5,4664.0715803628,1965.23687428706,0,0,0,153,0,0,0
26,91,6,5129.88735629367,1641.09402815858,12,0,0,185,0,0,0
26,91,7,23936.2175628005,9074.12879224407,32,0,0,205,0,0,0
26,91,8,0,3,0,0,0,0,0,0,0
26,92,1,3179.64248625095,1163.46954104789,0,0,0,116,0,0,0
26,92,2,3415.5829095614,1768.67136534064,0,0,0,187,0,0,0
26,92,3,2447.00689986742,524.427936340387,0,0,0,80,0,0,0
26,92,4,3311.27677341372,1086.90479955802,0,0,0,78,0,0,0
26,92,5,4838.93745363195,2641.78160452841,0,0,0,196,0,0,0
26,92,6,5264.36476069478,1805.1681695394,0,0,0,164,0,0,0
26,92,7,24155.7388558277,9759.9380337265,23,0,0,311,0,0,0
26,92,8,0,3,0,0,0,0,0,0,0
26,93,1,3212.03767824071,1821.7852352634,0,0,0,116,0,0,0
26,93,2,3494.50186989802,489.525809364111,0,0,0,176,0,0,0
26,93,3,2440.31549728109,752.03785256361,0,0,0,52,0,0,0
26,93,4,3333.04724428252,1192.97654366843,0,0,0,108,0,0,0
26,93,5,4956.9952447797,1681.72594042392,2,0,0,183,0,0,0
26,93,6,5353.42631157052,1095.50783195178,0,0,0,160,0,0,2
26,93,7,24246.5019590232,6731.8558384748,25,0,0,185,0,0,0
26,93,8,0,3,0,0,0,0,0,0,0
26,94,1,3240.44044013585,1067.62474452243,13,0,0,147,0,0,0
26,94,2,3478.99652430429,1094.1408851767,0,0,0,48,0,0,0
26,94,3,2435.83221581798,1040.42092884616,0,0,0,75,0,0,0
26,94,4,3338.13542779813,1278.61115588856,0,0,0,119,0,0,0
26,94,5,4989.28711951926,2349.27561694172,5,0,0,153,0,0,0
26,94,6,5384.16522803031,2770.51632349343,0,0,0,109,0,0,0
26,94,7,24284.724216544,13420.349310786,163,0,0,158,0,0,26
26,94,8,0,3,0,0,0,0,0,0,0
26,95,1,3250.46691729943,1544.43222624821,0,0,0,106,0,0,0
26,95,2,3481.54130324641,1847.57630061072,0,0,0,109,0,0,0
26,95,3,2434.47262012426,1136.29247520357,0,0,0,104,0,0,0
26,95,4,3347.35143855936,1001.36706867634,0,0,0,127,0,0,0
26,95,5,5073.19284149763,2507.57439566864,0,0,0,209,0,0,0
26,95,6,5461.08760978768,2724.90055476731,1,0,0,218,0,0,0
26,95,7,24338.8161569938,14460.649737416,43,0,0,242,0,0,0
26,95,8,0,3,0,0,0,0,0,0,0
26,96,1,3276.51388444017,608.411869938424,0,0,0,154,0,0,0
26,96,2,3523.99333025265,1363.25747072549,0,0,0,179,0,0,0
26,96,3,2438.1367860087,1193.82123232661,0,0,0,113,0,0,0
26,96,4,3335.83338431,1753.40868877188,0,0,0,100,0,0,0
26,96,5,5193.91373273033,2016.36134602828,0,0,0,221,0,0,0
26,96,6,5503.73890318272,1574.85086116785,3,0,0,159,0,0,0
26,96,7,24381.5477417649,11925.8161490546,44,0,0,191,0,0,0
26,96,8,0,3,0,0,0,0,0,0,0
26,97,1,3282.88651839371,1130.60903198363,0,0,0,60,0,0,0
26,97,2,3552.31941515288,1791.24424132706,0,0,0,136,0,0,0
26,97,3,2454.19753280378,1381.44217182783,0,0,0,119,0,0,0
26,97,4,3370.58184930418,1886.75564472871,0,0,0,175,0,0,0
26,97,5,5242.01867424192,2004.30387517661,0,0,0,186,0,0,0
26,97,6,5599.8239402805,2519.48243060759,0,0,0,157,0,0,0
26,97,7,24518.7801026035,13397.5212974976,0,56,0,216,0,0,0
26,97,8,0,3,0,0,0,0,0,0,0
26,98,1,3272.96654982623,1606.9450998255,0,90,0,23,0,0,0
26,98,2,3533.03517864255,1939.19570139457,0,87,0,92,0,0,0
26,98,3,2440.31720680096,655.131929680977,0,68,0,70,0,0,0
26,98,4,3348.66337804216,1243.48339942275,0,92,0,96,0,0,0
26,98,5,5242.7404187859,2161.6496356036,0,119,0,81,0,0,0
26,98,6,5623.64368987242,1534.01571418357,0,122,0,129,0,0,0
26,98,7,24567.0734769286,13636.3937542394,9,231,0,205,0,0,0
26,98,8,0,3,0,0,0,0,0,0,0
26,99,1,3301.58772361391,572.178202862546,0,0,0,160,0,0,0
26,99,2,3563.20310210206,2212.20418911002,0,0,0,193,0,0,0
26,99,3,2441.26673348136,1253.72646203935,0,0,0,65,0,0,0
26,99,4,3367.65725411605,1885.77658066387,0,0,0,124,0,0,0
26,99,5,5305.74328090047,1927.52176752512,0,0,0,216,0,0,0
26,99,6,5675.40796663269,2383.847839306,0,0,0,153,0,0,0
26,99,7,24612.4314257542,10312.8222465909,29,0,0,217,0,0,0
26,99,8,0,3,0,0,0,0,0,0,0
26,100,1,3328.97694882473,1223.62932855062,0,0,0,57,0,0,0
26,100,2,3606.01925942649,1921.85562577292,1,0,0,173,0,0,0
26,100,3,2471.39662220834,891.445512392943,0,0,0,125,0,0,0
26,100,4,3450.47490727056,626.81439106136,0,0,0,188,0,0,0
26,100,5,5450.99516949424,2433.43612313739,0,0,0,192,0,0,0
26,100,6,5876.94884726843,2847.81049088054,0,0,0,235,0,0,1
26,100,7,24814.2292524664,6421.79183121977,24,0,0,212,0,0,5
26,100,8,0,3,0,0,0,0,0,0,0
27,1,1,2879.368,804.09992651135,0,0,0,82,0,0,0
27,1,2,2867.568,1272.08476765172,0,0,0,45,0,0,0
27,1,3,2876.664,465.784641499519,0,0,0,99,0,0,0
27,1,4,2863.616,1551.99451924391,0,0,0,28,0,0,0
27,1,5,2866.3616,953.603108420078,0,0,0,34,0,0,0
27,1,6,2877.3216,673.030449132196,0,0,0,99,0,0,0
27,1,7,19794.6012799999,6268.00485353931,0,0,0,29,0,0,0
27,1,8,0,3,0,0,0,75,0,0,0
27,2,1,2883.59199999999,965.968489876,0,0,0,80,0,0,0
27,2,2,2880.672,1211.94978974851,0,0,0,127,0,0,0
27,2,3,2873.448,480.257304097902,0,0,0,46,0,0,0
27,2,4,2883.9856,477.719972355392,0,0,0,155,0,0,0
27,2,5,2872.5536,1700.04597967448,0,0,0,95,0,0,0
27,2,6,2880.1296,834.618264510178,0,0,0,67,0,0,0
27,2,7,19751.3903999999,7455.17495274895,9,6,0,267,0,0,0
27,2,8,0,3,0,0,0,0,0,0,0
27,3,1,2888.60639999999,1529.12864578632,0,0,0,96,0,0,0
27,3,2,2894.7248,1032.88747762169,0,0,0,121,0,0,0
27,3,3,2871.3584,1353.8992017642,0,0,0,48,0,0,0
27,3,4,2879.8976,975.763198088012,0,0,0,47,0,0,0
27,3,5,2895.40319999999,1089.58772039015,0,0,0,170,0,0,0
27,3,6,2887.2896,742.507427918947,0,0,0,83,0,0,0
27,3,7,19696.3299199998,4049.51451962611,31,0,0,200,0,0,0
27,3,8,0,3,0,0,0,0,0,0,0
27,4,1,2900.35647999999,1221.83441245174,0,19,0,124,0,0,0
27,4,2,2901.1328,1912.39348764746,0,0,0,103,0,0,0
27,4,3,2887.224,1941.99794923502,0,0,0,135,0,0,0
27,4,4,2884.8176,1145.19869815468,0,0,0,97,0,0,0
27,4,5,2905.33279999999,1343.16839570813,0,0,0,108,0,0,0
27,4,6,2892.2496,1548.22168790894,0,0,0,74,0,0,0
27,4,7,19640.9030399997,8354.72766473898,0,126,0,215,0,0,0
27,4,8,0,3,0,0,0,0,0,0,0
27,5,1,2910.19104,1915.88824223253,0,0,0,122,0,0,0
27,5,2,2931.290496,536.056226950756,0,0,0,181,0,0,0
27,5,3,2912.48959999999,1191.37616788335,0,0,0,193,0,0,0
27,5,4,2894.3184,1248.39936379352,0,0,0,114,0,0,0
27,5,5,2922.3248,1020.20653644152,0,0,0,134,0,0,0
27,5,6,2911.77248,1018.99520696558,0,0,0,154,0,0,0
27,5,7,19596.9373439996,5318.24495332068,25,0,0,183,0,0,0
27,5,8,0,3,0,0,0,0,0,0,0
27,6,1,2914.9472,1706.56057460615,0,86,0,105,0,0,0
27,6,2,2922.53849600001,1290.32148031648,0,29,0,24,0,0,0
27,6,3,2908.46048,1867.01348579323,0,53,0,66,0,0,0
27,6,4,2888.888,1399.62067041958,0,71,0,53,0,0,0
27,6,5,2919.5344,1985.51660255173,0,49,0,53,0,0,0
27,6,6,2904.98848,447.599556189861,0,52,0,49,0,0,0
27,6,7,19548.9101439995,8568.25420138557,2,230,0,224,0,0,0
27,6,8,0,3,0,0,0,0,0,0,0
27,7,1,2942.497344,1025.83908581694,0,0,0,170,0,0,0
27,7,2,2944.416896,1334.00976727109,0,0,0,129,0,0,0
27,7,3,2939.08608,1134.47041671269,0,0,0,186,0,0,0
27,7,4,2913.1776,1114.49817560098,0,0,0,139,0,0,0
27,7,5,2951.28096,1545.21793762146,1,0,0,174,0,0,0
27,7,6,2905.85248,1197.19565235245,0,0,0,44,0,0,0
27,7,7,19535.7507839995,11330.7509891845,27,0,0,202,0,0,0
27,7,8,0,3,0,0,0,0,0,0,0
27,8,1,2957.5704448,2065.03219232909,0,0,0,102,0,0,0
27,8,2,2964.684416,1361.55139991588,0,0,0,133,0,0,0
27,8,3,2956.66527999999,1183.72177377906,0,0,0,113,0,0,0
27,8,4,2930.65152,530.844463464261,0,0,0,111,0,0,0
27,8,5,2976.771136,1492.87475072804,0,0,0,154,0,0,0
27,8,6,2925.2256,722.922775211822,0,0,0,119,0,0,0
27,8,7,19543.8620927995,10351.1676842012,19,0,0,330,0,0,1
27,8,8,0,3,0,0,0,0,0,0,0
27,9,1,2990.8420608,693.466928121788,0,0,0,205,0,0,0
27,9,2,2983.724096,1676.37808514777,0,0,0,136,0,0,0
27,9,3,2974.79775999999,1195.44181704188,0,0,0,118,0,0,0
27,9,4,2933.40832,1029.53944345746,0,0,0,53,0,0,0
27,9,5,2999.955456,1132.22393594848,0,0,0,149,0,0,0
27,9,6,2933.848,1179.4067749736,0,0,0,72,0,0,0
27,9,7,19528.4624127995,8775.79897663853,30,0,0,207,0,0,0
27,9,8,0,3,0,0,0,0,0,0,0
27,10,1,2995.00718079999,890.328915032902,0,0,0,69,0,0,0
27,10,2,3010.2658432,1375.77905174886,0,0,0,166,0,0,0
27,10,3,2988.98815999999,880.528379017859,0,0,0,119,0,0,0
27,10,4,2944.92512,1384.11515486662,0,0,0,102,0,0,0
27,10,5,3013.523136,1504.82941131455,0,0,0,113,0,0,0
27,10,6,2950.5860352,1190.36196264217,0,0,0,117,0,0,0
27,10,7,19504.4538367994,7522.40128976376,113,0,0,173,0,0,0
27,10,8,0,3,0,0,0,0,0,0,0
27,11,1,3000.35988479999,574.201103954484,0,0,0,89,0,0,0
27,11,2,3024.9832192,660.267097108258,0,0,0,137,0,0,0
27,11,3,2994.213376,904.324884145815,0,0,0,88,0,0,0
27,11,4,2959.49632,1214.13582628045,0,0,0,138,0,0,0
27,11,5,3032.479616,1356.20874630758,0,0,0,150,0,0,0
27,11,6,2970.1851392,598.725238377518,0,0,0,119,0,0,0
27,11,7,19481.6579967994,9860.33544183562,192,0,0,165,0,0,2
27,11,8,0,3,0,0,0,0,0,0,0
27,12,1,2993.7780352,1817.74585012962,0,0,0,57,0,0,0
27,12,2,3021.19542784,1165.91093861582,0,0,0,66,0,0,0
27,12,3,2996.563456,1587.32389448045,0,0,0,90,0,0,0
27,12,4,2966.38112,937.085579930828,0,0,0,121,0,0,0
27,12,5,3050.6187392,1534.17115832013,0,0,0,135,0,0,0
27,12,6,2968.4433792,1609.97208246379,0,0,0,59,0,0,0
27,12,7,19478.8248447993,12283.7851237593,81,0,0,190,0,0,0
27,12,8,0,3,0,0,0,0,0,0,0
27,13,1,3010.7997824,1139.61833470648,0,0,0,181,0,0,0
27,13,2,3025.59997184001,841.332314231675,0,0,0,116,0,0,0
27,13,3,2999.319616,1782.48756047166,0,0,0,158,0,0,0
27,13,4,2970.70592,1472.0350461166,0,0,0,93,0,0,0
27,13,5,3065.16477696,1049.85740476113,0,0,0,153,0,0,0
27,13,6,2987.6804992,1290.35995960124,0,0,0,160,0,0,0
27,13,7,19488.0283647993,10920.866559973,42,0,0,245,0,0,1
27,13,8,0,3,0,0,0,0,0,0,0
27,14,1,3012.3462784,1163.00131790268,0,0,0,113,0,0,0
27,14,2,3017.23485440001,852.31160844917,0,0,0,84,0,0,0
27,14,3,3012.723392,873.082224094883,0,0,0,178,0,0,0
27,14,4,2977.976448,695.964883377853,0,0,0,147,0,0,0
27,14,5,3067.13336576,826.49761633399,0,0,0,104,0,0,0
27,14,6,3002.1452032,1050.23336481212,0,0,0,129,0,0,0
27,14,7,19484.1525375993,5334.89465201892,116,0,0,197,0,0,0
27,14,8,0,3,0,0,0,0,0,0,0
27,15,1,3002.4518144,1755.6038384515,0,53,0,63,0,0,0
27,15,2,2995.70813696001,1212.97205808248,0,49,0,36,0,0,0
27,15,3,2989.72096,821.203784413759,0,48,0,39,0,0,0
27,15,4,2955.65446400001,1868.90866673851,0,43,0,26,0,0,0
27,15,5,3056.66041856,837.123866419972,0,33,0,49,0,0,0
27,15,6,3001.499849728,1341.15671431037,0,44,0,61,0,0,0
27,15,7,19473.3144575993,6667.24652150183,7,139,0,151,0,0,1
27,15,8,0,3,0,0,0,0,0,0,0
27,16,1,3026.58689536,1399.02628729465,0,0,0,175,0,0,0
27,16,2,3008.60578816001,1391.04670035252,0,0,0,121,0,0,0
27,16,3,2987.5263488,827.978836830807,0,0,0,82,0,0,0
27,16,4,2983.31680000001,568.961394322107,0,0,0,186,0,0,0
27,16,5,3058.7093632,1529.91285984529,0,0,0,83,0,0,0
27,16,6,3023.844835328,1233.67451261655,0,0,0,134,0,0,0
27,16,7,19499.0979583993,10638.6308512552,30,0,0,202,0,0,0
27,16,8,0,3,0,0,0,0,0,0,0
27,17,1,3044.07726592001,1266.80505368665,0,0,0,139,0,0,0
27,17,2,3016.81139660801,1618.78947815367,0,0,0,139,0,0,0
27,17,3,2989.3799424,1128.58409516925,0,0,0,82,0,0,0
27,17,4,2978.98289920001,1398.06829044118,0,0,0,56,0,0,0
27,17,5,3083.48123596801,1169.41784711566,0,0,0,152,0,0,0
27,17,6,3041.129456128,1046.80201157517,0,0,0,123,0,0,0
27,17,7,19525.3653631992,8662.43547987913,22,1,0,206,0,0,0
27,17,8,0,3,0,0,0,0,0,0,0
27,18,1,3047.88462182401,999.004122136104,0,0,0,126,0,0,0
27,18,2,3030.76861736961,1714.56137447187,0,0,0,161,0,0,0
27,18,3,2987.72838400001,1759.81941114633,0,0,0,112,0,0,0
27,18,4,2990.91384320001,785.996547908677,0,0,0,139,0,0,0
27,18,5,3088.78320076801,1068.70598244242,0,0,0,116,0,0,0
27,18,6,3045.693081088,583.106468817868,0,0,0,104,0,0,0
27,18,7,19547.9931391992,4467.96743919193,26,0,0,239,0,0,0
27,18,8,0,3,0,0,0,0,0,0,0
27,19,1,3046.80813107201,1203.73630385901,0,0,0,99,0,0,0
27,19,2,3045.76219228161,2299.8472814965,0,0,0,171,0,0,0
27,19,3,2999.81592064001,839.478410623629,1,0,0,171,0,0,0
27,19,4,2982.44472320001,1524.07516554648,0,0,0,78,0,0,0
27,19,5,3091.69508556801,1556.68545347935,0,0,0,106,0,0,0
27,19,6,3041.562201088,1314.30087679487,0,0,0,58,0,0,0
27,19,7,19554.7474431992,2463.62168511445,64,0,0,176,0,0,0
27,19,8,0,3,0,0,0,0,0,0,0
27,20,1,3047.88578048001,1189.69487450295,0,0,0,120,0,0,0
27,20,2,3050.05536348161,1598.03759306631,57,0,0,144,0,0,0
27,20,3,2989.46509260801,916.951974079476,0,0,0,83,0,0,0
27,20,4,2983.39805696001,824.51734687085,15,0,0,129,0,0,0
27,20,5,3094.79613184001,1203.93426033227,9,0,0,141,0,0,0
27,20,6,3053.987097088,1076.91754176416,4,0,0,125,0,0,0
27,20,7,19552.6982271992,6400.33114814596,65,0,0,148,0,0,0
27,20,8,0,3,0,0,0,0,0,0,0
27,21,1,3050.71781888001,1472.54525451884,0,0,0,118,0,0,0
27,21,2,3059.48094156801,426.833629472576,0,0,0,159,0,0,0
27,21,3,2986.93938380801,1083.9495758655,0,0,0,91,0,0,0
27,21,4,2970.98127564801,1682.75863917261,0,0,0,82,0,0,0
27,21,5,3100.48308992001,1204.60211534175,0,0,0,120,0,0,0
27,21,6,3061.229081088,1253.39552046766,0,0,0,107,0,0,0
27,21,7,19552.1806591992,8883.00784580487,0,56,0,195,0,0,0
27,21,8,0,3,0,0,0,0,0,0,0
27,22,1,3055.95324620801,943.612168928288,0,7,0,136,0,0,0
27,22,2,3041.43713933314,1064.8825626254,0,0,0,42,0,0,0
27,22,3,2983.76635340801,1143.73295227349,0,0,0,108,0,0,0
27,22,4,2964.55739340801,519.228954639846,0,42,0,105,0,0,0
27,22,5,3105.76767737448,1025.99675624116,0,0,0,120,0,0,0
27,22,6,3070.05067663361,1024.4727239885,0,0,0,125,0,0,0
27,22,7,19581.0508953591,8019.25144932153,1,295,0,321,0,0,0
27,22,8,0,3,0,0,0,0,0,0,0
27,23,1,3052.31144396801,1951.1600423398,0,0,0,94,0,0,0
27,23,2,3037.16910065256,425.490705463461,0,0,0,106,0,0,0
27,23,3,2988.46894336001,1869.19628706138,0,0,0,114,0,0,0
27,23,4,2949.85158860801,1418.41346804612,0,0,0,51,0,0,0
27,23,5,3109.40406920808,1980.22144089302,0,0,0,102,0,0,0
27,23,6,3075.90836367361,1075.05839590502,0,0,0,102,0,0,0
27,23,7,19613.4346265591,7088.42216176453,26,0,0,199,0,0,0
27,23,8,0,3,0,0,0,0,0,0,0
27,24,1,3074.18037737473,1161.27854990671,0,0,0,195,0,0,0
27,24,2,3024.08220145256,1165.02307158897,0,0,0,42,0,0,0
27,24,3,3010.25248091752,736.044260939404,0,0,0,184,0,0,0
27,24,4,2955.23005337601,1004.23626306785,0,0,0,141,0,0,0
27,24,5,3133.252280234,817.197168470156,0,0,0,177,0,0,0
27,24,6,3087.35865231361,2331.75831798143,0,0,0,107,0,0,0
27,24,7,19662.602769919,10666.3055706431,17,0,0,265,0,0,0
27,24,8,0,3,0,0,0,0,0,0,0
27,25,1,3074.87277911656,2025.39106379327,0,0,0,116,0,0,0
27,25,2,3029.11056871016,1182.70658998454,0,0,0,116,0,0,0
27,25,3,2998.43181608552,700.719493713811,0,0,0,73,0,0,0
27,25,4,2947.08790374401,899.885708002392,0,0,0,100,0,0,0
27,25,5,3128.68831578016,1425.37147693354,0,0,0,81,0,0,0
27,25,6,3119.39864453121,1163.66967623672,0,0,0,200,0,0,0
27,25,7,19697.081886719,3713.03164445779,21,0,0,254,0,0,0
27,25,8,0,3,0,0,0,0,0,0,0
27,26,1,3090.48249158125,1270.10481537389,18,0,0,153,0,0,0
27,26,2,3028.36530611816,1271.55882666759,0,0,0,118,0,0,0
27,26,3,2983.71268605544,1272.86206929973,0,0,0,70,0,0,0
27,26,4,2936.72620072961,734.509272414145,0,0,0,89,0,0,0
27,26,5,3140.78785240091,1157.75521699447,0,0,0,142,0,0,0
27,26,6,3131.71905720321,1244.97081030863,0,0,0,116,0,0,0
27,26,7,19710.541713919,12450.9304977988,72,0,0,175,0,0,0
27,26,8,0,3,0,0,0,0,0,0,0
27,27,1,3101.19279481325,1579.91449912148,0,0,0,127,0,0,0
27,27,2,3028.02753417955,1270.52461050942,0,0,0,127,0,0,0
27,27,3,2981.51498946234,701.68594837544,0,0,0,127,0,0,0
27,27,4,2928.16566904833,1178.90077556476,0,0,0,73,0,0,0
27,27,5,3144.01250985396,1333.26430730576,0,0,0,115,0,0,0
27,27,6,3149.21881835521,646.949419515346,0,0,0,124,0,0,0
27,27,7,19725.4066969589,5413.83226527987,2,27,0,194,0,0,0
27,27,8,0,3,0,0,0,0,0,0,0
27,28,1,3103.20587188717,1135.46312983858,0,17,0,130,0,0,0
27,28,2,3029.64246052112,1249.94723674729,0,0,0,127,0,0,0
27,28,3,2966.26483660474,945.342776789392,0,0,0,70,0,0,0
27,28,4,2926.03660204033,1215.59988835306,0,1,0,116,0,0,0
27,28,5,3147.46575091124,1520.03593789489,0,12,0,114,0,0,0
27,28,6,3146.50946025474,1490.36157161731,0,1,0,63,0,0,0
27,28,7,19738.6222919669,1672.70320158644,0,202,0,210,0,0,0
27,28,8,0,3,0,0,0,0,0,0,0
27,29,1,3090.61693362669,1249.5981032223,41,0,0,68,0,0,0
27,29,2,3014.15667184912,764.547619456657,39,0,0,82,0,0,0
27,29,3,2947.58155744954,920.625134513397,34,0,0,57,0,0,0
27,29,4,2915.71511672833,1495.50397356833,45,0,0,72,0,0,0
27,29,5,3149.39127743924,693.036288616346,39,0,0,109,0,0,0
27,29,6,3152.74632476674,989.259221118592,48,0,0,96,0,0,0
27,29,7,19750.2642119669,11650.0430711774,51,0,0,111,0,0,0
27,29,8,0,3,0,0,0,0,0,0,0
27,30,1,3095.15723432429,238.016159400455,0,0,0,124,0,0,0
27,30,2,3002.13709250067,1754.27066143163,0,0,0,76,0,0,0
27,30,3,2936.75879564985,1165.04672825336,0,0,0,92,0,0,0
27,30,4,2922.79559528859,712.637083931954,0,0,0,149,0,0,0
27,30,5,3144.0854806846,1337.49619312108,0,0,0,69,0,0,0
27,30,6,3164.00296126056,710.639993503107,0,0,0,98,0,0,0
27,30,7,19762.0800327669,6610.82809527714,20,3,0,242,0,0,0
27,30,8,0,3,0,0,0,0,0,0,0
27,31,1,3074.82765531629,1946.71926611891,0,1,0,22,0,0,0
27,31,2,3004.10961683987,1031.46126802368,0,44,0,122,0,0,0
27,31,3,2935.08068748986,919.563436516665,0,12,0,102,0,0,0
27,31,4,2918.65224501659,757.777138125898,0,0,0,71,0,0,0
27,31,5,3153.87591185336,1412.66433474448,0,16,0,114,0,0,0
27,31,6,3170.17145339496,1876.76982543247,0,0,0,71,0,0,0
27,31,7,19809.8990562293,7626.71285698109,0,287,0,315,0,0,0
27,31,8,0,3,0,0,0,0,0,0,0
27,32,1,3097.05302462858,1185.04929304968,0,0,0,194,0,0,0
27,32,2,3000.35192647187,1383.69532712654,0,0,0,103,0,0,0
27,32,3,2930.13983280825,468.572165076723,0,0,0,91,0,0,0
27,32,4,2913.55346844059,1123.83617795322,0,0,0,75,0,0,0
27,32,5,3169.98431914937,1698.8356392107,0,0,0,141,0,0,0
27,32,6,3207.79984207464,890.37703158664,0,0,0,187,0,0,0
27,32,7,19850.4540115137,12428.7602509754,27,0,0,208,0,0,0
27,32,8,0,3,0,0,0,0,0,0,0
27,33,1,3097.06855504266,1884.95816595961,0,0,0,118,0,0,0
27,33,2,3001.10729659005,1333.25225651574,0,0,0,138,0,0,0
27,33,3,2915.56932144826,2146.28945606316,0,0,0,46,0,0,0
27,33,4,2913.40602239387,1085.23816888042,0,0,0,112,0,0,0
27,33,5,3182.90421050297,805.410970547135,0,0,0,169,0,0,0
27,33,6,3218.06900303464,2007.55111179677,0,0,0,89,0,0,0
27,33,7,19906.1175148737,9138.83779414842,25,0,0,310,0,0,0
27,33,8,0,3,0,0,0,0,0,0,0
27,34,1,3112.35959316572,665.201916300505,0,0,0,188,0,0,0
27,34,2,3007.15837203479,1115.16582660876,0,0,0,133,0,0,0
27,34,3,2930.02572789433,1296.36742471181,3,0,0,176,0,0,0
27,34,4,2910.84869964187,326.982586707206,0,0,0,108,0,0,0
27,34,5,3178.06148358258,546.59776516782,0,0,0,80,0,0,0
27,34,6,3252.09703573505,1245.16735871761,0,0,0,199,0,0,0
27,34,7,19947.8336753856,5592.16718565514,64,0,0,235,0,0,0
27,34,8,0,3,0,0,0,0,0,0,0
27,35,1,3099.35623506012,1829.18815905038,0,0,0,66,0,0,0
27,35,2,3002.86346832919,1316.58804634879,0,0,0,111,0,0,0
27,35,3,2932.82170433553,1410.65795473377,0,0,0,129,0,0,0
27,35,4,2889.37525488026,2191.42793862583,0,0,0,32,0,0,0
27,35,5,3164.99686058098,1021.54759369261,0,0,0,54,0,0,0
27,35,6,3268.70290696193,1602.95424014438,0,0,0,124,0,0,0
27,35,7,19989.2650594496,4429.18074146132,144,0,0,210,0,0,0
27,35,8,0,3,0,0,0,0,0,0,0
27,36,1,3091.65382522973,1411.32335620426,0,85,0,97,0,0,0
27,36,2,2989.8589331192,730.107179046018,0,51,0,80,0,0,0
27,36,3,2913.77117311403,1319.6047661421,0,66,0,75,0,0,0
27,36,4,2879.66712834458,1404.19880988352,0,115,0,104,0,0,0
27,36,5,3147.4000768421,1713.58897273717,0,56,0,46,0,0,0
27,36,6,3268.5803506639,1494.24459355873,0,88,0,72,0,0,0
27,36,7,20019.3562722496,14034.6649168766,0,236,0,206,0,0,0
27,36,8,0,3,0,0,0,0,0,0,0
27,37,1,3101.65075333212,2120.95248229426,0,0,0,141,0,0,0
27,37,2,2985.0325567224,979.86902375727,0,0,0,73,0,0,0
27,37,3,2920.28598481733,564.691501507503,0,0,0,131,0,0,0
27,37,4,2889.33507885466,2291.39515967922,0,0,0,140,0,0,0
27,37,5,3176.7168475557,670.611433135878,0,0,0,171,0,0,0
27,37,6,3297.5643926479,1586.97188891454,0,0,0,149,0,0,0
27,37,7,20063.7965922496,11925.918163659,25,1,0,251,0,0,0
27,37,8,0,3,0,0,0,0,0,0,0
27,38,1,3130.07184541708,1470.48772345132,0,0,0,212,0,0,0
27,38,2,2983.82109294,1003.58649811878,0,0,0,97,0,0,0
27,38,3,2912.5338089515,1516.03905352589,0,0,0,56,0,0,0
27,38,4,2921.07967687066,1346.7874753421,0,0,0,191,0,0,5
27,38,5,3183.75668537867,1575.34831939116,0,0,0,67,0,0,0
27,38,6,3332.80984318019,1337.76766423277,0,0,0,158,0,0,0
27,38,7,20119.0032175296,3734.94272372454,17,2,0,255,0,0,3
27,38,8,0,3,0,0,0,0,0,0,0
27,39,1,3145.1169240229,629.898403908598,0,0,0,147,0,0,0
27,39,2,2982.67130359298,1994.44997327781,0,0,0,100,0,0,0
27,39,3,2924.91277682381,1331.04899894522,0,0,0,151,0,0,0
27,39,4,2937.17838426948,588.379837855492,0,0,0,134,0,0,0
27,39,5,3212.79202467412,1751.91979960964,4,0,0,146,0,0,0
27,39,6,3363.76014743619,1590.83757162491,0,0,0,131,0,0,2
27,39,7,20148.577356,4469.87061698308,75,0,0,158,0,0,5
27,39,8,0,3,0,0,0,0,0,0,0
27,40,1,3131.4396828837,1671.16562991462,0,0,0,62,0,0,0
27,40,2,3000.62655551768,1230.83870055581,4,0,0,175,0,0,0
27,40,3,2927.31821330469,1868.2235931511,0,0,0,133,0,0,0
27,40,4,2933.52847857766,1613.26385904464,0,0,0,58,0,0,0
27,40,5,3241.13304299092,1263.13035014006,2,0,0,163,0,0,0
27,40,6,3397.88895332419,1685.68935589582,0,0,0,159,0,0,0
27,40,7,20192.11763632,9029.77265353568,39,0,0,225,0,0,0
27,40,8,0,3,0,0,0,0,0,0,0
27,41,1,3143.15561678876,1797.0110954066,0,0,0,167,0,0,0
27,41,2,3007.87905344633,1463.01746255108,0,0,0,123,0,0,0
27,41,3,2945.70952749502,606.057245943355,0,0,0,186,0,0,0
27,41,4,2954.58620441088,1298.66781351663,0,0,0,161,0,0,0
27,41,5,3258.96859285076,768.258212230252,0,0,0,126,0,0,0
27,41,6,3438.15499357947,1652.82840235305,0,0,0,168,0,0,0
27,41,7,20235.5182188735,8977.94685677102,33,0,0,202,0,0,0
27,41,8,0,3,0,0,0,0,0,0,0
27,42,1,3157.53857941086,1488.44423376146,0,0,0,176,0,0,0
27,42,2,3012.80045983431,1438.91151592556,0,0,0,146,0,0,0
27,42,3,2938.05903543947,1030.59802828806,0,0,0,60,0,0,0
27,42,4,2966.86586343526,1450.67588683474,0,0,0,129,0,0,0
27,42,5,3262.23891654228,1087.30042611821,0,0,0,76,0,0,0
27,42,6,3474.41657338759,1225.68394379708,0,0,0,165,0,0,0
27,42,7,20280.3472200936,6686.38372182652,27,0,0,202,0,0,0
27,42,8,0,3,0,0,0,0,0,0,0
27,43,1,3164.50736718225,1500.90901622645,11,0,0,131,0,0,0
27,43,2,3024.90989771311,587.770388812549,1,0,0,142,0,0,0
27,43,3,2937.98377968881,358.566958072326,0,0,0,103,0,0,0
27,43,4,2977.09631432806,1104.46912433698,13,0,0,125,0,0,0
27,43,5,3278.53653395028,1246.11343685594,0,0,0,108,0,0,0
27,43,6,3503.26287149631,1192.32417792373,0,0,0,122,0,0,0
27,43,7,20329.7897574312,6841.01242341255,262,0,0,273,0,0,0
27,43,8,0,3,0,0,0,0,0,0,0
27,44,1,3174.03458473304,1756.39103996411,8,0,0,130,0,0,0
27,44,2,3015.16229948628,1940.38973646404,0,0,0,58,0,0,0
27,44,3,2915.35048620478,1087.76530130839,0,0,0,35,0,0,0
27,44,4,2980.58397319417,860.114992788673,0,0,0,110,0,0,0
27,44,5,3293.22054125467,1245.13559101075,0,0,0,124,0,0,0
27,44,6,3529.62245695903,2098.82310132072,0,0,0,119,0,0,0
27,44,7,20384.3037333572,11329.323406985,197,0,0,205,0,0,0
27,44,8,0,3,0,0,0,0,0,0,0
27,45,1,3191.24944299256,846.702381659287,0,0,0,174,0,0,0
27,45,2,3031.05719532444,972.444009464135,0,0,0,194,0,0,0
27,45,3,2908.76093345349,1587.68422783529,0,0,0,108,0,0,0
27,45,4,2973.87802585337,751.614358296133,0,0,0,86,0,0,0
27,45,5,3307.79248225286,925.075509607914,0,0,0,124,0,0,0
27,45,6,3570.89267348129,2227.99824891968,1,0,0,179,0,0,0
27,45,7,20438.5759987207,4618.90214194735,52,0,0,227,0,0,0
27,45,8,0,3,0,0,0,0,0,0,0
27,46,1,3170.3116783137,1501.95987045738,0,35,0,49,0,0,0
27,46,2,3002.20161828052,1583.50731055802,0,63,0,34,0,0,0
27,46,3,2891.80050349228,333.700440471793,0,65,0,93,0,0,0
27,46,4,2951.7520695606,746.310377859628,0,41,0,34,0,0,0
27,46,5,3289.17460986886,1823.15533021597,0,61,0,31,0,0,0
27,46,6,3579.30776941217,1489.7067573352,0,122,0,100,0,0,0
27,46,7,20471.202775911,8302.90025112334,0,251,0,204,0,0,0
27,46,8,0,3,0,0,0,0,0,0,0
27,47,1,3186.01701921974,1231.77468152773,0,0,0,150,0,0,0
27,47,2,3015.7461570771,632.019971913183,0,0,0,158,0,0,0
27,47,3,2877.36838700502,682.96974963754,0,0,0,33,0,0,0
27,47,4,2947.92309453852,1151.91656342252,0,0,0,74,0,0,0
27,47,5,3332.89251148556,1334.53345128445,0,0,0,182,0,0,0
27,47,6,3619.07555398728,812.045402557682,0,0,0,148,0,0,0
27,47,7,20517.865991015,4028.13072005513,31,0,0,178,0,0,0
27,47,8,0,3,0,0,0,0,0,0,0
27,48,1,3202.73331665794,1330.71712804857,0,0,0,123,0,0,0
27,48,2,3006.53002892326,1204.33827414328,0,0,0,63,0,0,0
27,48,3,2872.51530780567,1777.07248562639,0,0,0,68,0,0,0
27,48,4,2959.45086220541,1523.46661642377,0,0,0,115,0,0,0
27,48,5,3366.64633970409,1424.61395905348,0,0,0,133,0,0,0
27,48,6,3643.3741013716,1608.6278096547,0,0,0,81,0,0,0
27,48,7,20569.1067445961,12387.1365101168,66,0,0,171,0,0,0
27,48,8,0,3,0,0,0,0,0,0,0
27,49,1,3209.25910198862,2260.3403343023,0,0,0,133,0,0,0
27,49,2,3004.31460608818,909.601840580681,0,0,0,120,0,0,0
27,49,3,2882.59030550341,1016.39961190324,0,0,0,176,0,0,0
27,49,4,2971.76236764549,480.333361642788,0,0,0,152,0,0,0
27,49,5,3389.21074957056,1946.86964371947,0,0,0,142,0,0,0
27,49,6,3680.89455759882,2759.56848531953,0,0,0,160,0,0,0
27,49,7,20633.1329792038,10143.4490482006,28,0,0,293,0,0,0
27,49,8,0,3,0,0,0,0,0,0,0
27,50,1,3235.75538143612,1344.42563265239,0,0,0,198,0,0,0
27,50,2,3003.78153222418,1040.45441473176,0,0,0,90,0,0,0
27,50,3,2883.31535454852,992.516852744571,0,0,0,101,0,0,0
27,50,4,2953.98095155302,647.200748663721,0,0,0,48,0,0,0
27,50,5,3427.83156498233,974.396031379891,0,0,0,194,0,0,0
27,50,6,3753.33545880257,2770.04232634395,0,0,0,249,0,0,3
27,50,7,20685.2162227237,14751.994168576,26,0,0,223,0,0,0
27,50,8,0,3,0,0,0,0,0,0,0
27,51,1,3244.41447376064,1372.26616850577,0,0,0,134,0,0,0
27,51,2,2997.23807411253,804.410199360252,0,0,0,104,0,0,0
27,51,3,2876.1754208902,1312.21083598823,0,0,0,99,0,0,0
27,51,4,2942.37589635584,941.517365852008,0,0,0,64,0,0,0
27,51,5,3431.6997001919,1436.97902230787,0,0,0,97,0,0,0
27,51,6,3812.92208802596,1771.37366836354,0,0,0,246,0,0,0
27,51,7,20734.0125490213,12371.9207333188,25,0,0,282,0,0,1
27,51,8,0,3,0,0,0,0,0,0,0
27,52,1,3257.58504255278,807.931639980915,0,0,0,137,0,0,0
27,52,2,2988.93059683053,775.179399236985,0,0,0,80,0,0,0
27,52,3,2872.35599628833,1102.4539719399,0,0,0,131,0,0,0
27,52,4,2943.03873738755,523.057064878624,0,0,0,94,0,0,0
27,52,5,3453.46230047212,1186.70622559632,0,0,0,143,0,0,0
27,52,6,3856.3823744462,909.151379921945,0,0,0,177,0,0,0
27,52,7,20784.2607560749,7184.73312607067,57,0,0,248,0,0,0
27,52,8,0,3,0,0,0,0,0,0,0
27,53,1,3253.66998519857,970.334259492024,0,0,0,80,0,0,0
27,53,2,2978.41649347221,1025.87876599687,0,0,0,77,0,0,0
27,53,3,2869.34192874354,658.692063091344,0,0,0,110,0,0,0
27,53,4,2926.27391241768,1573.88048339746,0,0,0,52,0,0,0
27,53,5,3462.15024800361,1287.29765791497,0,0,0,118,0,0,0
27,53,6,3876.87358479434,701.879411818477,0,0,0,90,0,0,0
27,53,7,20814.0705008685,9500.00579094245,154,1,0,195,0,0,27
27,53,8,0,3,0,0,0,0,0,0,0
27,54,1,3253.64047318348,1578.04145545968,0,0,0,97,0,0,0
27,54,2,2983.67754117834,1656.25144541001,0,0,0,102,0,0,0
27,54,3,2854.55685746488,983.035669549021,0,0,0,65,0,0,0
27,54,4,2943.35809930615,2027.98980232988,0,0,0,157,0,0,0
27,54,5,3484.35590572,1286.60221764402,0,0,0,128,0,0,0
27,54,6,3895.8773697515,1784.91634193339,0,0,0,70,0,0,0
27,54,7,20875.98815202,13390.4984709003,0,43,0,219,0,0,0
27,54,8,0,3,0,0,0,0,0,0,0
27,55,1,3265.95955557729,2061.66736682016,0,0,0,157,0,0,0
27,55,2,2989.54394698736,1101.00429408833,0,0,0,165,0,0,0
27,55,3,2843.01226724754,906.217005740109,0,0,0,98,0,0,0
27,55,4,2952.71572056509,513.49650778212,0,7,0,169,0,0,0
27,55,5,3495.73825911124,1161.64744737961,0,0,0,128,0,0,0
27,55,6,3942.57987444093,2114.9601043134,0,0,0,178,0,0,0
27,55,7,20939.5349749187,10635.8219294446,0,240,0,254,0,0,0
27,55,8,0,3,0,0,0,0,0,0,0
27,56,1,3273.09798250269,637.347141517777,0,17,0,139,0,0,0
27,56,2,2986.71083087653,1079.58172882426,0,0,0,110,0,0,0
27,56,3,2833.28541594583,1602.41619303816,0,0,0,90,0,0,0
27,56,4,2930.47457597049,1285.93980987842,0,0,0,51,0,0,0
27,56,5,3510.68008953368,1557.27729487657,0,0,0,116,0,0,0
27,56,6,3994.55252787862,1730.16146560599,0,10,0,170,0,0,0
27,56,7,21019.3016656323,10352.395031848,0,197,0,285,0,0,1
27,56,8,0,3,0,0,0,0,0,0,0
27,57,1,3265.47817471348,720.697853493017,0,0,0,63,0,0,0
27,57,2,2983.87544702173,1048.00715345715,0,0,0,107,0,0,0
27,57,3,2844.2577608541,1017.4841963514,0,0,0,160,0,0,0
27,57,4,2931.54614039284,1006.62598935812,0,0,0,128,0,0,0
27,57,5,3548.45526742415,1573.68536286305,0,0,0,155,0,0,0
27,57,6,4068.96316101723,1239.96124449695,0,0,0,173,0,0,0
27,57,7,21086.0400871465,6879.63021935759,0,85,0,209,0,0,0
27,57,8,0,3,0,0,0,0,0,0,0
27,58,1,3246.08461178227,941.092833498334,0,0,0,72,0,0,0
27,58,2,2977.10871884267,1085.66993947609,0,0,0,104,0,0,0
27,58,3,2835.11568792782,1248.26663411805,0,0,0,101,0,0,0
27,58,4,2919.06285166215,871.045950645843,0,0,0,100,0,0,0
27,58,5,3568.22266287028,1631.01587187867,0,0,0,157,0,0,0
27,58,6,4099.09957542531,1915.29974271372,0,0,0,123,0,0,0
27,58,7,21138.8397496246,3937.77368798882,0,125,0,187,0,0,0
27,58,8,0,3,0,0,0,0,0,0,0
27,59,1,3210.36342861237,1364.29268726715,0,82,0,12,0,0,0
27,59,2,2945.13239042682,1656.2325315412,0,54,0,54,0,0,0
27,59,3,2803.14180950652,963.129943787164,0,58,0,66,0,0,0
27,59,4,2895.72854968844,1571.0624765517,0,59,0,28,0,0,0
27,59,5,3554.99448506824,2371.08472226919,0,97,0,66,0,0,0
27,59,6,4111.04686544065,1933.6317581221,0,87,0,104,0,0,0
27,59,7,21176.1295564727,8057.64629774184,0,184,0,209,0,0,0
27,59,8,0,3,0,0,0,0,0,0,0
27,60,1,3230.50683773456,983.348291615336,0,0,0,136,0,0,0
27,60,2,2961.32220505138,1004.59053122061,0,0,0,165,0,0,0
27,60,3,2807.1714826727,1678.99864359402,0,0,0,96,0,0,0
27,60,4,2919.03035474462,631.9728646926,0,0,0,157,0,0,0
27,60,5,3604.76567769644,1346.32805529783,2,0,0,177,0,0,0
27,60,6,4173.11120156669,1894.29295057548,0,0,0,175,0,0,0
27,60,7,21237.2808910774,4325.74321487686,31,0,0,179,0,0,0
27,60,8,0,3,0,0,0,0,0,0,0
27,61,1,3229.92719116761,813.703933482461,0,0,0,98,0,0,0
27,61,2,2964.01057068642,1956.95044969922,0,0,0,100,0,0,0
27,61,3,2817.18876551656,960.219608074152,0,0,0,167,0,0,0
27,61,4,2917.35133433873,1607.60288111008,0,0,0,63,0,0,0
27,61,5,3634.48783885194,1627.73875267395,0,0,0,134,0,0,0
27,61,6,4219.57121292954,1300.67350585664,23,0,0,148,0,0,0
27,61,7,21285.1317388214,6423.31844078971,142,0,0,176,0,0,0
27,61,8,0,3,0,0,0,0,0,0,0
27,62,1,3222.36890685897,1184.8992117681,0,0,0,81,0,0,0
27,62,2,2965.01228979315,703.87251154571,4,0,0,156,0,0,0
27,62,3,2810.97773806508,610.337010134078,0,0,0,96,0,0,0
27,62,4,2931.30814517425,1656.15362004151,0,0,0,160,0,0,0
27,62,5,3663.82803850823,734.043708962194,0,0,0,162,0,0,0
27,62,6,4242.68896743593,1292.52955664723,0,0,0,130,0,0,0
27,62,7,21335.7717230518,6056.4122517561,49,0,0,223,0,0,0
27,62,8,0,3,0,0,0,0,0,0,0
27,63,1,3227.77754069225,1165.58447328779,0,0,0,118,0,0,0
27,63,2,2942.72427858261,1182.9684892337,0,0,0,70,0,0,0
27,63,3,2805.71200774441,1545.83499957138,0,0,0,61,0,0,0
27,63,4,2947.894079681,1255.70594827062,0,0,0,165,0,0,0
27,63,5,3667.9066502342,911.519556479513,0,0,0,73,0,0,0
27,63,6,4274.61620805517,2260.59148316319,0,0,0,129,0,0,0
27,63,7,21374.6464448438,7124.27419702132,74,0,0,167,0,0,0
27,63,8,0,3,0,0,0,0,0,0,0
27,64,1,3226.839432768,544.377001419659,0,0,0,116,0,0,0
27,64,2,2933.31585277573,1360.8872176349,0,0,0,118,0,0,0
27,64,3,2812.18798367229,880.660560248672,0,0,0,154,0,0,0
27,64,4,2947.38771973322,1134.82995845281,0,0,0,125,0,0,0
27,64,5,3672.92225094527,1744.15768360975,0,0,0,91,0,0,0
27,64,6,4333.83794045566,1509.7165937095,3,0,0,189,0,0,0
27,64,7,21423.6727080681,8407.8542111157,49,0,0,190,0,0,0
27,64,8,0,3,0,0,0,0,0,0,0
27,65,1,3216.86858677336,1287.73466124011,0,0,0,54,0,0,0
27,65,2,2957.29751045306,936.202312448869,0,0,0,136,0,0,0
27,65,3,2811.11648530149,928.152962718597,0,0,0,88,0,0,0
27,65,4,2958.54955426511,1022.25367318028,0,0,0,113,0,0,0
27,65,5,3727.49847188505,1515.58136277165,0,0,0,174,0,0,0
27,65,6,4412.15730483008,1548.9582466257,0,0,0,150,0,0,0
27,65,7,21528.6137702943,9183.5614054731,41,0,0,251,0,0,0
27,65,8,0,3,0,0,0,0,0,0,0
27,66,1,3219.88609125678,1957.76114926785,0,0,0,128,0,0,0
27,66,2,2959.86771859662,1685.87299171776,0,0,0,93,0,0,0
27,66,3,2798.67457063223,1098.45356570627,0,0,0,92,0,0,0
27,66,4,2960.63444709541,1695.18606390702,0,0,0,102,0,0,0
27,66,5,3752.90385549042,2305.7876118063,0,0,0,151,0,0,0
27,66,6,4456.45487503845,706.839992587488,0,0,0,153,0,0,0
27,66,7,21581.8999968377,6873.01079711391,49,0,0,177,0,0,0
27,66,8,0,3,0,0,0,0,0,0,0
27,67,1,3218.17517810536,1260.4333042985,0,100,0,95,0,0,0
27,67,2,2957.89331485085,1050.24052057344,0,69,0,99,0,0,0
27,67,3,2778.7488383328,1348.42211322272,0,56,0,53,0,0,0
27,67,4,2952.04415426068,1170.07601810007,0,87,0,82,0,0,0
27,67,5,3771.86180298572,1247.21592849143,0,113,0,117,0,0,0
27,67,6,4448.42491950442,1535.70508315313,0,41,0,29,0,0,0
27,67,7,21606.3451984505,10294.3726239372,8,208,0,147,0,0,0
27,67,8,0,3,0,0,0,0,0,0,0
27,68,1,3233.91372293856,2058.08998918201,0,0,0,126,0,0,0
27,68,2,2962.93224964034,1260.68954041815,0,0,0,105,0,0,0
27,68,3,2785.26161466928,1315.72705990987,0,0,0,134,0,0,0
27,68,4,2968.45080683655,1195.15102398551,0,0,0,117,0,0,0
27,68,5,3802.79305924459,1852.70651031823,0,0,0,124,0,0,0
27,68,6,4491.06771491978,1344.15299646148,0,0,0,153,0,0,0
27,68,7,21668.5571720687,5050.69680860993,25,0,0,275,0,0,0
27,68,8,0,3,0,0,0,0,0,0,0
27,69,1,3248.49154961258,674.738041927629,55,0,0,128,0,0,0
27,69,2,2983.25151331423,1323.57692102618,0,0,0,126,0,0,0
27,69,3,2795.48222362381,1363.26263622026,6,0,0,123,0,0,0
27,69,4,2981.04284237476,720.793499245879,0,0,0,119,0,0,0
27,69,5,3839.12837880336,1239.97187075342,18,0,0,159,0,0,0
27,69,6,4534.63086215174,1670.93136664257,1,0,0,133,0,0,0
27,69,7,21726.3704861167,15221.3872212168,194,0,0,233,0,0,0
27,69,8,0,3,0,0,0,0,0,0,0
27,70,1,3245.88601407381,731.253278966606,0,0,0,67,0,0,0
27,70,2,2992.79058756999,831.051330997703,0,0,0,132,0,0,0
27,70,3,2799.83505000799,1341.89790727799,0,0,0,136,0,0,0
27,70,4,2980.09415953173,780.052780351488,0,0,0,72,0,0,0
27,70,5,3853.4277015176,800.025282470924,0,0,0,123,0,0,0
27,70,6,4568.6890477345,1876.00510842831,0,0,0,167,0,0,0
27,70,7,21764.5056826863,4126.69331285906,36,0,0,204,0,0,0
27,70,8,0,3,0,0,0,0,0,0,0
27,71,1,3246.67975812589,662.185389439327,0,0,0,73,0,0,0
27,71,2,2989.44690897226,579.665747025385,0,0,0,83,0,0,0
27,71,3,2817.22383604094,1047.94512988049,0,0,0,134,0,0,0
27,71,4,2982.81246122766,1323.2503357377,0,0,0,78,0,0,0
27,71,5,3864.24644456258,1140.99306186051,0,0,0,80,0,0,0
27,71,6,4609.34693464365,1348.47594704041,27,0,0,130,0,0,0
27,71,7,21821.547397711,8846.49282772049,108,0,0,184,0,0,0
27,71,8,0,3,0,0,0,0,0,0,0
27,72,1,3247.54086325883,1546.67092785468,0,0,0,66,0,0,0
27,72,2,2984.95001345147,1576.8363284034,0,0,0,57,0,0,0
27,72,3,2828.39566369904,630.569453393174,0,0,0,104,0,0,0
27,72,4,3004.55180384092,874.415025666957,0,0,0,132,0,0,0
27,72,5,3898.16349410261,1324.82453389889,0,0,0,114,0,0,0
27,72,6,4656.24835025546,2469.03857880264,0,0,0,134,0,0,0
27,72,7,21902.0859520857,10654.162405483,41,0,0,192,0,0,0
27,72,8,0,3,0,0,0,0,0,0,0
27,73,1,3264.3487543431,1092.14820863068,0,0,0,154,0,0,0
27,73,2,2997.64108295411,1722.89240036352,0,0,0,157,0,0,0
27,73,3,2820.97623921548,1513.26671236654,0,0,0,63,0,0,0
27,73,4,2993.94755193159,1289.65355802324,0,0,0,87,0,0,0
27,73,5,3921.67827377447,2345.15483032069,0,0,0,132,0,0,0
27,73,6,4711.30193710783,2984.47042590519,1,0,0,204,0,0,0
27,73,7,21948.590719904,8309.02040665588,33,0,0,213,0,0,0
27,73,8,0,3,0,0,0,0,0,0,0
27,74,1,3292.42140079001,2449.4988497044,0,0,0,109,0,0,0
27,74,2,3041.38630745723,899.353770045441,0,0,0,172,0,0,0
27,74,3,2851.45083940771,2155.82095715207,0,0,0,151,0,0,0
27,74,4,3017.64957389176,1157.25606268313,0,0,0,128,0,0,0
27,74,5,3984.50644870483,1563.03163862029,5,0,0,182,0,0,0
27,74,6,4826.75544865249,931.825698238905,12,0,0,186,0,0,0
27,74,7,22035.9309040263,6128.43541336956,70,0,0,190,0,0,0
27,74,8,0,3,0,0,0,0,0,0,0
27,75,1,3316.99597494144,1114.14635355422,36,0,0,161,0,0,0
27,75,2,3042.89787628287,1007.82596502323,0,0,0,89,0,0,0
27,75,3,2867.40122532905,895.554110011212,20,0,0,169,0,0,0
27,75,4,3024.31266875326,816.476875408123,0,0,0,115,0,0,0
27,75,5,4024.19236030495,821.108331681692,0,0,0,156,0,0,0
27,75,6,4846.08775760545,1358.6866125649,0,0,0,93,0,0,0
27,75,7,22106.8318981439,7366.89355929552,175,0,0,208,0,0,2
27,75,8,0,3,0,0,0,0,0,0,0
27,76,1,3333.17933095008,1161.7220626412,0,0,0,111,0,0,0
27,76,2,3054.0935491356,1322.37035135655,0,0,0,100,0,0,0
27,76,3,2866.4518816343,1869.76773681374,0,0,0,89,0,0,0
27,76,4,3019.12953407827,665.438913680265,0,0,0,81,0,0,0
27,76,5,4035.23229287038,705.96826608999,0,0,0,82,0,0,0
27,76,6,4909.87741270269,3262.28922950225,0,0,0,135,0,0,0
27,76,7,22183.8534124899,7245.49138044912,119,0,0,174,0,0,0
27,76,8,0,3,0,0,0,0,0,0,0
27,77,1,3352.40317049103,1203.38086954213,0,0,0,116,0,0,0
27,77,2,3076.61287622484,1357.9069118002,0,0,0,132,0,0,0
27,77,3,2891.81095575842,1147.02766825155,4,0,0,171,0,0,0
27,77,4,3015.04747334548,1013.40923309285,0,0,0,66,0,0,0
27,77,5,4038.6227663977,2310.10855967738,0,0,0,70,0,0,0
27,77,6,5012.37566557429,2594.61523614556,36,0,0,183,0,0,0
27,77,7,22267.6151060532,7672.77386982481,139,0,0,174,0,0,0
27,77,8,0,3,0,0,0,0,0,0,0
27,78,1,3385.93193376394,1844.99461173307,0,0,0,120,0,0,0
27,78,2,3106.77316382605,675.588149839334,0,0,0,135,0,0,0
27,78,3,2910.67377069363,1129.15855067414,0,0,0,114,0,0,0
27,78,4,3023.88529067032,1052.06331641972,0,0,0,101,0,0,0
27,78,5,4136.35276505748,1253.43964796272,6,0,0,196,0,0,0
27,78,6,5186.95034194261,3457.05895595621,11,0,0,191,0,0,0
27,78,7,22389.4379616614,10893.2245736354,97,0,0,201,0,0,0
27,78,8,0,3,0,0,0,0,0,0,0
27,79,1,3402.87291410687,1027.2475513955,0,0,0,183,0,0,0
27,79,2,3081.50151991545,1053.42794754575,0,0,0,67,0,0,0
27,79,3,2906.60359931513,1083.76379650012,0,0,0,112,0,0,0
27,79,4,3023.76092441414,1759.84985704822,0,0,0,105,0,0,0
27,79,5,4141.54465535368,1359.79308366521,0,0,0,125,0,0,0
27,79,6,5282.66066366748,2327.42363650129,0,3,0,241,0,0,0
27,79,7,22435.9447506688,14173.8863760854,0,36,0,230,0,0,0
27,79,8,0,3,0,0,0,0,0,0,0
27,80,1,3418.52275085771,1122.20173752554,0,0,0,102,0,0,0
27,80,2,3074.97628961692,1191.26025685459,0,0,0,105,0,0,0
27,80,3,2901.92401938866,1154.42952896457,0,0,0,108,0,0,0
27,80,4,3042.81706956249,1087.38677319212,0,0,0,175,0,0,0
27,80,5,4159.77673435666,1151.84682877716,0,0,0,135,0,0,0
27,80,6,5370.18077593492,1528.4322426818,0,2,0,212,0,0,0
27,80,7,22502.1452457444,7273.75516317804,0,149,0,197,0,0,0
27,80,8,0,3,0,0,0,0,0,0,0
27,81,1,3426.67375150336,1285.43316977928,0,0,0,112,0,0,0
27,81,2,3078.73847472854,681.836930733927,0,0,0,119,0,0,0
27,81,3,2898.7359612364,930.424893428502,0,0,0,115,0,0,0
27,81,4,3036.31560959167,1089.26925674773,0,1,0,107,0,0,0
27,81,5,4182.80776568048,2247.87928498596,0,0,0,115,0,0,0
27,81,6,5416.70088343877,1963.21100714265,0,18,0,122,0,0,0
27,81,7,22591.3251339002,12336.5739311638,0,257,0,290,0,0,0
27,81,8,0,3,0,0,0,0,0,0,0
27,82,1,3399.9688954966,1129.56054447055,0,121,0,7,0,0,0
27,82,2,3052.55167188583,1105.56215123124,0,29,0,39,0,0,0
27,82,3,2874.82880266659,958.56367357976,0,45,0,48,0,0,0
27,82,4,3016.70694410842,826.443392787242,0,59,0,49,0,0,0
27,82,5,4192.52999033024,1141.89575669204,0,113,0,111,0,0,0
27,82,6,5464.88982428836,3699.12485833837,0,81,0,115,0,0,0
27,82,7,22669.8694321226,7124.51129643165,7,254,0,270,0,0,1
27,82,8,0,3,0,0,0,0,0,0,0
27,83,1,3423.07459217498,1593.11893442223,0,0,0,112,0,0,0
27,83,2,3046.06074560769,1848.80109407626,0,0,0,110,0,0,0
27,83,3,2871.5298373973,1606.58710627776,0,0,0,95,0,0,0
27,83,4,3010.95873952438,1164.10639667425,0,0,0,82,0,0,0
27,83,5,4222.57401762485,1698.05643705376,0,0,0,114,0,0,0
27,83,6,5594.38982503497,1820.06089239992,9,0,0,195,0,0,0
27,83,7,22750.0269377112,10928.9829009736,26,0,0,241,0,0,0
27,83,8,0,3,0,0,0,0,0,0,0
27,84,1,3463.98677899029,1479.68076010941,0,0,0,159,0,0,0
27,84,2,3071.80423113392,583.790764823352,0,0,0,183,0,0,0
27,84,3,2887.19395785986,1104.42659795636,0,0,0,160,0,0,0
27,84,4,3016.79921894387,1109.03918942187,0,0,0,116,0,0,0
27,84,5,4281.15622844623,1022.06050435844,0,0,0,169,0,0,0
27,84,6,5703.48421196305,1972.15300286955,0,0,0,182,0,0,0
27,84,7,22819.5374587529,7996.59571934564,24,0,0,233,0,0,0
27,84,8,0,3,0,0,0,0,0,0,0
27,85,1,3496.95220972877,1941.4151647437,0,0,0,147,0,0,0
27,85,2,3068.94446176302,978.51385430787,0,0,0,58,0,0,0
27,85,3,2902.27029321664,1728.20448648067,0,0,0,110,0,0,0
27,85,4,3028.04883242229,1098.59093749171,0,0,0,110,0,0,0
27,85,5,4310.11548343321,1638.26870134919,0,0,0,102,0,0,0
27,85,6,5781.42163798644,2868.6369449412,5,0,0,156,0,0,0
27,85,7,22898.5073271679,10013.2691915109,89,0,0,168,0,0,0
27,85,8,0,3,0,0,0,0,0,0,0
27,86,1,3532.03657423846,1446.00347136157,0,0,0,180,0,0,0
27,86,2,3083.37527032841,1052.49731320668,0,0,0,97,0,0,0
27,86,3,2927.00699725522,1170.635596395,0,0,0,172,0,0,0
27,86,4,3042.80070026406,1934.33651934212,0,0,0,109,0,0,0
27,86,5,4367.17548789951,1481.01112414622,0,0,0,163,0,0,0
27,86,6,5906.33241513533,2230.26224946514,6,0,0,184,0,0,0
27,86,7,22989.5872696678,5851.95645346872,52,0,0,211,0,0,1
27,86,8,0,3,0,0,0,0,0,0,0
27,87,1,3570.26316517152,480.944979659905,0,0,0,144,0,0,0
27,87,2,3070.80720750867,1096.12509013657,0,0,0,105,0,0,0
27,87,3,2952.87225044417,632.773999446266,0,0,0,117,0,0,0
27,87,4,3062.93986458629,1694.49830213711,11,0,0,154,0,0,0
27,87,5,4411.15549354787,2027.99929330226,5,0,0,133,0,0,0
27,87,6,6000.36686159902,1420.79682898166,22,0,0,155,0,0,0
27,87,7,23072.0537229022,11635.7079511301,129,0,0,198,0,0,0
27,87,8,0,3,0,0,0,0,0,0,0
27,88,1,3564.6274920152,707.565887301731,0,0,0,48,0,0,0
27,88,2,3078.27922222332,1015.44117016516,0,0,0,109,0,0,0
27,88,3,2955.76627898079,1554.80251436028,0,0,0,63,0,0,0
27,88,4,3083.10345080026,690.513599837573,0,0,0,169,0,0,0
27,88,5,4491.37438547137,1778.00706909067,0,0,0,202,0,0,0
27,88,6,6102.1399030633,2786.38280524673,0,0,0,142,0,0,0
27,88,7,23152.6412010831,3937.60600058613,41,0,0,203,0,0,0
27,88,8,0,3,0,0,0,0,0,0,0
27,89,1,3566.64695674577,1225.73123132895,0,0,0,70,0,0,0
27,89,2,3086.41583826771,1656.33039445737,0,0,0,101,0,0,0
27,89,3,2956.39072654628,1585.87755568325,13,0,0,130,0,0,0
27,89,4,3083.49040032885,398.677914321887,0,0,0,69,0,0,0
27,89,5,4534.62797475831,1286.83873117895,2,0,0,174,0,0,0
27,89,6,6173.8463307829,3667.90735045844,50,0,0,183,0,0,0
27,89,7,23202.6203704064,7473.9808178852,111,0,0,181,0,0,0
27,89,8,0,3,0,0,0,0,0,0,0
27,90,1,3575.72312434736,1627.31971053053,0,0,0,122,0,0,0
27,90,2,3108.98150351098,877.734795108132,0,0,0,165,0,0,0
27,90,3,2988.50834650863,1893.03239721652,0,0,0,158,0,0,0
27,90,4,3059.61091243791,1144.12976270628,0,0,0,39,0,0,0
27,90,5,4538.36978403838,1508.12143620408,0,0,0,128,0,0,0
27,90,6,6289.27857461781,1957.55684596658,11,0,0,182,0,0,0
27,90,7,23267.7549569025,9218.2183699231,36,0,0,182,0,0,0
27,90,8,0,3,0,0,0,0,0,0,0
27,91,1,3605.68846813608,810.104917282087,0,0,0,162,0,0,0
27,91,2,3110.28197706048,1656.0478793801,0,0,0,87,0,0,0
27,91,3,3019.26730355616,721.05730491474,0,0,0,182,0,0,0
27,91,4,3069.61871738097,1335.41261834072,0,0,0,114,0,0,0
27,91,5,4573.66732754367,953.879995310234,0,0,0,150,0,0,0
27,91,6,6433.75193452828,2265.80703390972,0,0,0,195,0,0,0
27,91,7,23366.7177825643,3065.04694676244,0,44,0,199,0,0,0
27,91,8,0,3,0,0,0,0,0,0,0
27,92,1,3569.04253491563,639.197430785178,0,0,0,81,0,0,0
27,92,2,3105.64514400798,1233.45626853652,0,25,0,135,0,0,0
27,92,3,3001.71095226201,1368.31212132152,0,0,0,72,0,0,0
27,92,4,3059.99352390147,530.876645652622,0,22,0,107,0,0,0
27,92,5,4567.99866911104,977.886745949754,0,0,0,95,0,0,0
27,92,6,6460.67521451879,806.276044284386,0,92,0,116,0,0,0
27,92,7,23387.7543784918,8374.48051418025,0,109,0,175,0,0,0
27,92,8,0,3,0,0,0,0,0,0,0
27,93,1,3556.6338402458,1092.36744125142,0,0,0,63,0,0,0
27,93,2,3111.8612459523,1552.76795427973,0,0,0,123,0,0,0
27,93,3,2995.04742324955,1617.83855846906,0,0,0,136,0,0,0
27,93,4,3055.22880094225,907.929324863508,0,0,0,53,0,0,0
27,93,5,4585.66441161688,2978.31374057259,0,0,0,97,0,0,0
27,93,6,6518.68665980604,2687.38227128778,0,0,0,80,0,0,0
27,93,7,23470.8532102131,9979.20149605557,25,0,0,192,0,0,0
27,93,8,0,3,0,0,0,0,0,0,0
27,94,1,3583.6856864928,1732.75201154856,0,0,0,109,0,0,0
27,94,2,3119.33453830012,2413.62730038437,0,0,0,155,0,0,0
27,94,3,3009.62971946106,920.827138275629,0,0,0,161,0,0,0
27,94,4,3055.87493539229,978.148338127865,0,0,0,90,0,0,0
27,94,5,4670.85163271622,3503.59618010826,1,0,0,215,0,0,0
27,94,6,6705.06999841381,2739.65723045714,1,0,0,221,0,0,0
27,94,7,23537.2287644769,10577.5605302503,21,0,0,197,0,0,0
27,94,8,0,3,0,0,0,0,0,0,0
27,95,1,3561.89454251278,1138.16771780672,0,105,0,68,0,0,0
27,95,2,3111.60280569181,858.265996234684,0,114,0,127,0,0,0
27,95,3,2974.80720593215,1234.5643956047,0,69,0,23,0,0,0
27,95,4,3030.89281016954,1437.53789038183,0,63,0,34,0,0,0
27,95,5,4699.81812328507,1691.55841881385,0,167,0,183,0,0,0
27,95,6,6736.13220145678,1981.66465416646,0,151,0,122,0,0,0
27,95,7,23678.728197262,5991.02210131297,0,529,0,528,0,0,0
27,95,8,0,3,0,0,0,0,0,0,0
27,96,1,3596.016633636,1551.77265128968,0,0,0,113,0,0,0
27,96,2,3138.54658428862,1578.61851005567,0,0,0,85,0,0,0
27,96,3,2988.97842069324,386.120349128767,0,0,0,123,0,0,0
27,96,4,3048.80613283867,1206.0430299611,0,0,0,143,0,0,0
27,96,5,4780.17940380095,1911.06979669276,0,0,0,169,0,0,0
27,96,6,6857.50349509886,3780.82059659876,1,0,0,176,0,0,0
27,96,7,23759.1370191776,9758.91035297154,35,0,0,186,0,0,0
27,96,8,0,3,0,0,0,0,0,0,0
27,97,1,3639.18106378371,2130.26383913506,0,0,0,155,0,0,0
27,97,2,3192.50212536047,1483.47691817594,0,0,0,157,0,0,0
27,97,3,2977.23897356216,1184.3130694177,0,0,0,38,0,0,0
27,97,4,3083.54233402659,1344.13804648094,0,0,0,120,0,0,0
27,97,5,4891.88725003771,2270.88759104013,0,0,0,191,0,0,0
27,97,6,7077.70504881453,3633.45074447393,5,0,0,244,0,0,0
27,97,7,23901.0607023242,9786.32095729703,24,2,0,225,0,0,0
27,97,8,0,3,0,0,0,0,0,0,0
27,98,1,3733.49044284775,1715.47810215054,0,0,0,213,0,0,0
27,98,2,3226.69486856383,579.367625463104,0,0,0,148,0,0,0
27,98,3,3004.65331907145,1141.14136266189,0,0,0,118,0,0,0
27,98,4,3097.87604028613,713.463665822656,0,0,0,134,0,0,0
27,98,5,5031.62595306731,2254.65047436329,0,0,0,224,0,0,0
27,98,6,7284.69924174812,2253.43639377512,6,0,0,196,0,0,0
27,98,7,24019.6731084918,7437.64859709844,27,0,0,218,0,0,0
27,98,8,0,3,0,0,0,0,0,0,0
27,99,1,3789.23854715509,1049.26423420339,4,0,0,154,0,0,0
27,99,2,3219.14061070005,1988.56334478344,0,0,0,57,0,0,0
27,99,3,3025.33381940372,1448.95917446748,0,0,0,114,0,0,0
27,99,4,3105.75124409678,1250.8206254725,0,0,0,71,0,0,0
27,99,5,5099.96936811869,2628.39845424259,13,0,0,169,0,0,0
27,99,6,7476.50341162326,4818.65688452511,16,0,0,159,0,0,0
27,99,7,24158.1796152822,7117.61933448908,132,0,0,198,0,0,0
27,99,8,0,3,0,0,0,0,0,0,0
27,100,1,3815.60330797161,1705.22861915826,0,0,0,104,0,0,0
27,100,2,3238.65114477513,1148.14920388654,24,0,0,143,0,0,0
27,100,3,3069.38688530396,939.109390475576,0,0,0,144,0,0,0
27,100,4,3130.79131516047,1453.6793976167,0,0,0,125,0,0,0
27,100,5,5197.98737255528,1959.67410256498,46,0,0,157,0,0,0
27,100,6,7707.76938111273,3827.90527383705,133,0,0,170,0,0,0
27,100,7,24344.5567510181,11033.4465040025,208,0,0,233,0,0,0
27,100,8,0,3,0,0,0,0,0,0,0
28,1,1,2880.992,593.43467898817,0,0,0,90,0,0,0
28,1,2,2871.248,1426.39201172588,0,0,0,48,0,0,0
28,1,3,2871.08,1112.81953179817,0,0,0,53,0,0,0
28,1,4,2869.67168,666.536504087513,0,0,0,61,0,0,0
28,1,5,2852.7136,1602.8699358501,0,0,0,2,0,0,0
28,1,6,2875.288,919.202741420326,0,0,0,99,0,0,0
28,1,7,19798.2191999999,11600.2858302847,0,0,0,95,0,0,0
28,1,8,0,9,0,0,0,6,0,0,0
28,2,1,2880.504,1440.59011904616,0,0,0,59,0,0,0
28,2,2,2889.776,1570.60618105498,0,0,0,142,0,0,0
28,2,3,2883.144,1932.57107553163,0,0,0,111,0,0,0
28,2,4,2871.83168,1414.55425978779,0,0,0,66,0,0,0
28,2,5,2866.2192,1094.75787078633,0,0,0,160,0,0,0
28,2,6,2879.48,1314.23240666713,0,0,0,91,0,0,0
28,2,7,19751.3791999998,6501.19291068581,12,10,0,214,0,0,0
28,2,8,0,9,0,0,0,0,0,0,0
28,3,1,2899.06559999999,1442.40455790947,0,0,0,144,0,0,0
28,3,2,2911.75359999999,1118.45471324979,0,0,0,157,0,0,0
28,3,3,2909.74399999999,1408.1048257554,1,0,0,183,0,0,0
28,3,4,2885.86368,1103.63149417761,0,0,0,141,0,0,0
28,3,5,2876.18528,1020.50442426327,0,0,0,109,0,0,0
28,3,6,2888.4672,1414.31697500575,0,0,0,131,0,0,0
28,3,7,19702.2255999998,11470.1486273969,86,0,0,184,0,0,0
28,3,8,0,9,0,0,0,0,0,0,0
28,4,1,2916.3856,1184.05582171538,0,0,0,144,0,0,0
28,4,2,2926.4624,1108.92168125794,0,0,0,111,0,0,0
28,4,3,2929.9664,1661.91212878861,0,0,0,140,0,0,0
28,4,4,2898.35488,1231.26120476253,0,0,0,110,0,0,0
28,4,5,2884.49280000001,1553.91506368582,0,0,0,102,0,0,0
28,4,6,2903.84288000001,527.052099253345,0,0,0,141,0,0,0
28,4,7,19668.0428799996,7547.89448278786,52,0,0,193,0,0,0
28,4,8,0,9,0,0,0,0,0,0,0
28,5,1,2909.472,1594.3267067399,0,68,0,50,0,0,0
28,5,2,2919.568,758.855869546562,0,71,0,39,0,0,0
28,5,3,2932.00448,1560.04830013111,0,83,0,83,0,0,0
28,5,4,2898.23328,1348.68212098961,0,50,0,73,0,0,0
28,5,5,2885.41120000001,828.125069615272,0,63,0,92,0,0,0
28,5,6,2892.93088000001,936.145367117096,0,24,0,28,0,0,0
28,5,7,19624.1036799995,8935.49637328894,6,236,0,225,0,0,0
28,5,8,0,9,0,0,0,0,0,0,0
28,6,1,2937.0992,542.756238961331,0,0,0,159,0,0,0
28,6,2,2936.75872,1490.46774032634,0,0,0,75,0,0,0
28,6,3,2965.717056,1382.90117045574,0,0,0,156,0,0,0
28,6,4,2924.97792,1457.0964268199,0,0,0,134,0,0,0
28,6,5,2897.36422400001,1006.04005798108,0,0,0,82,0,0,0
28,6,6,2906.19072000001,1482.98670955868,0,0,0,93,0,0,0
28,6,7,19634.0866559995,4671.35966977625,20,3,0,248,0,0,0
28,6,8,0,9,0,0,0,0,0,0,0
28,7,1,2935.9792,768.297745122065,28,0,0,26,0,0,0
28,7,2,2948.34592,570.732781777939,76,0,0,73,0,0,0
28,7,3,2978.382656,1002.19236925615,71,0,0,67,0,0,0
28,7,4,2934.7888,808.26323081912,63,0,0,82,0,0,0
28,7,5,2904.83782400001,706.997945241192,34,0,0,66,0,0,0
28,7,6,2912.98080000001,1004.6035541511,78,0,0,70,0,0,0
28,7,7,19631.0927359995,3981.10253329481,240,0,0,227,0,0,0
28,7,8,0,9,0,0,0,0,0,0,0
28,8,1,2929.24768,1672.64321512427,68,0,0,2,0,0,0
28,8,2,2954.89184,1540.21555304437,10,0,0,46,0,0,0
28,8,3,2990.547712,1702.87442093074,31,0,0,66,0,0,0
28,8,4,2946.0532608,767.529144335066,16,0,0,63,0,0,0
28,8,5,2914.07142400001,1442.93010250695,16,0,0,53,0,0,0
28,8,6,2922.49856000001,882.809071516337,33,0,0,64,0,0,0
28,8,7,19614.4591999994,8530.75433174966,206,0,0,171,0,0,0
28,8,8,0,9,0,0,0,0,0,0,0
28,9,1,2955.77088,1056.88538515124,0,0,0,167,0,0,0
28,9,2,2982.47776,1218.10291584677,0,0,0,154,0,0,0
28,9,3,3021.10328576,1591.62519783856,0,0,0,170,0,0,0
28,9,4,2955.3348608,1172.49478593974,0,0,0,76,0,0,0
28,9,5,2940.51206400001,713.879047167665,0,0,0,144,0,0,0
28,9,6,2934.19328000001,995.823260491846,0,0,0,88,0,0,0
28,9,7,19600.0543999994,10216.4417066125,40,0,0,208,0,0,0
28,9,8,0,9,0,0,0,0,0,0,0
28,10,1,2968.9712,1024.48314813723,0,0,0,105,0,0,0
28,10,2,3000.35296,1289.31193166764,0,0,0,121,0,0,0
28,10,3,3048.74066176,826.904081566599,0,0,0,159,0,0,0
28,10,4,2974.7348608,1916.03289611232,0,0,0,117,0,0,0
28,10,5,2948.809984,1728.33868414492,0,0,0,71,0,0,0
28,10,6,2949.35936000001,808.278176010628,0,0,0,99,0,0,0
28,10,7,19588.4844799994,8921.90765966673,41,0,0,213,0,0,0
28,10,8,0,9,0,0,0,0,0,0,0
28,11,1,2983.1456,1115.05221639886,0,0,0,102,0,0,0
28,11,2,3019.27776,860.242061353279,0,0,0,128,0,0,0
28,11,3,3063.78514176,1084.26219091361,0,0,0,82,0,0,0
28,11,4,3007.7248768,828.307815258644,0,0,0,191,0,0,0
28,11,5,2977.35590400001,1512.58505076224,0,0,0,172,0,0,0
28,11,6,2960.77760000001,454.695976297033,0,0,0,80,0,0,0
28,11,7,19591.4342399993,9583.44610514108,40,0,0,262,0,0,6
28,11,8,0,9,0,0,0,0,0,0,0
28,12,1,2996.60128,1567.91160888894,0,0,0,111,0,0,0
28,12,2,3027.16576,1254.15491710592,0,0,0,86,0,0,0
28,12,3,3079.33053696,1617.7441362396,0,0,0,108,0,0,0
28,12,4,3016.16352000001,1198.29655425406,0,0,0,82,0,0,0
28,12,5,3002.94021120001,1106.45757033241,0,0,0,151,0,0,0
28,12,6,2964.87232000001,1667.18619724368,0,0,0,45,0,0,0
28,12,7,19575.3938431992,8389.59966943829,58,0,0,192,0,0,0
28,12,8,0,9,0,0,0,0,0,0,0
28,13,1,3018.9803008,999.486831632603,20,0,0,126,0,0,0
28,13,2,3055.31136,1326.72493609555,0,0,0,125,0,0,0
28,13,3,3108.283748352,1317.11730640578,14,0,0,140,0,0,0
28,13,4,3036.99059200001,597.980689498852,0,0,0,119,0,0,0
28,13,5,3027.11220736001,1128.67866169542,0,0,0,110,0,0,0
28,13,6,2995.86676480001,776.457249518922,14,0,0,145,0,0,0
28,13,7,19602.9588863992,10143.226301841,329,0,0,333,0,0,0
28,13,8,0,9,0,0,0,0,0,0,0
28,14,1,3027.33757952,823.76022422036,0,0,0,99,0,0,0
28,14,2,3078.93440256,1431.05952066269,0,0,0,132,0,0,0
28,14,3,3126.84233789441,1593.8500583733,0,0,0,131,0,0,0
28,14,4,3038.13326336001,1367.457067465,0,0,0,59,0,0,0
28,14,5,3042.99938365441,1570.29668020936,0,0,0,112,0,0,0
28,14,6,3009.88387840001,1324.49439632193,0,0,0,77,0,0,0
28,14,7,19616.7978675191,9320.19190328113,102,0,0,170,0,0,0
28,14,8,0,9,0,0,0,0,0,0,0
28,15,1,3028.26252032,1543.42842936832,0,0,0,82,0,0,0
28,15,2,3089.43956736,1120.87672320224,0,0,0,143,0,0,0
28,15,3,3143.87760496641,647.642040942792,0,0,0,159,0,0,0
28,15,4,3051.27238195201,1633.2961945165,0,0,0,136,0,0,0
28,15,5,3061.85028720641,773.854990713269,0,0,0,157,0,0,0
28,15,6,3027.67088640001,1490.87783943716,0,0,0,132,0,0,0
28,15,7,19632.3293265911,11444.75859757,205,0,0,207,0,0,0
28,15,8,0,9,0,0,0,0,0,0,0
28,16,1,3044.06604032,860.021163599795,0,0,0,154,0,0,0
28,16,2,3093.28839936,1250.2792304371,0,0,0,112,0,0,0
28,16,3,3136.60083517441,1528.02473742275,0,0,0,64,0,0,0
28,16,4,3064.90395146241,446.281640563793,0,0,0,163,0,0,0
28,16,5,3059.40162377729,1451.7451437781,0,0,0,77,0,0,0
28,16,6,3047.31801600001,1297.82435955184,0,0,0,149,0,0,0
28,16,7,19667.2778065911,9794.23132208429,94,0,0,201,0,0,0
28,16,8,0,9,0,0,0,0,0,0,0
28,17,1,3042.37622784001,1821.15403201196,0,0,0,86,0,0,0
28,17,2,3100.4858320896,1126.52834309748,0,0,0,125,0,0,0
28,17,3,3151.21573283841,709.455043255381,0,0,0,152,0,0,0
28,17,4,3050.70256515073,1373.54632042518,0,0,0,44,0,0,0
28,17,5,3079.16109170689,2087.11263897013,0,0,0,145,0,0,0
28,17,6,3068.25040896001,625.228149449217,0,0,0,129,0,0,0
28,17,7,19692.1726577654,9836.26871197724,163,0,0,174,0,0,5
28,17,8,0,9,0,0,0,0,0,0,0
28,18,1,3059.40412774401,1597.51111448613,8,0,0,157,0,0,0
28,18,2,3105.19625256961,1506.1205047515,0,0,0,112,0,0,0
28,18,3,3144.65733898242,1779.73506294663,0,0,0,70,0,0,0
28,18,4,3057.13654659074,1884.92364796318,0,0,0,137,0,0,0
28,18,5,3105.64994488321,1464.3399145741,9,0,0,178,0,0,0
28,18,6,3072.01670656001,801.739125271336,0,0,0,62,0,0,0
28,18,7,19723.1518577654,5975.17404010185,180,2,0,154,0,0,3
28,18,8,0,9,0,0,0,0,0,0,0
28,19,1,3060.89271449601,972.890422158668,52,0,0,92,0,0,0
28,19,2,3110.46446940161,504.837366876705,20,0,0,124,0,0,0
28,19,3,3148.22619402242,867.594998863459,43,0,0,122,0,0,0
28,19,4,3059.05604483074,1524.77922921716,54,0,0,118,0,0,0
28,19,5,3117.31926968322,1682.27344971701,19,0,0,121,0,0,0
28,19,6,3080.77705728001,1366.21896676097,0,0,0,80,0,0,0
28,19,7,19786.5308847094,5787.86588165144,241,0,0,284,0,0,0
28,19,8,0,9,0,0,0,0,0,0,0
28,20,1,3062.22383718401,1550.99918312193,0,0,0,97,0,0,0
28,20,2,3093.41949317121,1409.98649986095,0,0,0,50,0,0,0
28,20,3,3134.08231565314,1756.77545169224,0,0,0,86,0,0,0
28,20,4,3065.90632620034,1089.91492820897,1,0,0,150,0,0,0
28,20,5,3126.92972216321,849.819112595285,5,0,0,156,0,0,0
28,20,6,3091.34992384001,279.693770371091,1,0,0,134,0,0,0
28,20,7,19810.6416047094,6774.93451187361,165,0,0,195,0,0,7
28,20,8,0,9,0,0,0,0,0,0,0
28,21,1,3073.74639718401,1066.90638193996,0,0,0,155,0,0,0
28,21,2,3097.48195717121,1227.25043595884,0,0,0,140,0,0,0
28,21,3,3140.55506573314,1520.74121654068,2,0,0,164,0,0,0
28,21,4,3061.35846060035,1234.08249711575,0,0,0,108,0,0,0
28,21,5,3119.63054175356,1099.06907705241,0,0,0,84,0,0,0
28,21,6,3085.22601984001,1339.5484742433,0,0,0,27,0,0,0
28,21,7,19845.1430447094,12302.4943055238,81,0,0,213,0,0,0
28,21,8,0,9,0,0,0,0,0,0,0
28,22,1,3066.84181985281,1551.50725920371,0,0,0,106,0,0,0
28,22,2,3097.16084613121,832.372740573793,0,0,0,122,0,0,0
28,22,3,3139.53935100316,1687.31181712557,0,0,0,152,0,0,0
28,22,4,3050.61111468035,766.004805154341,0,0,0,123,0,0,0
28,22,5,3121.88824210556,1343.50306049924,0,0,0,109,0,0,0
28,22,6,3101.38311731201,1720.45525682989,0,0,0,133,0,0,0
28,22,7,19874.7081647094,10955.7859959218,45,0,0,232,0,0,0
28,22,8,0,9,0,0,0,0,0,0,0
28,23,1,3083.72043757569,1536.73125029549,0,0,0,155,0,0,0
28,23,2,3093.45413351835,624.720809092185,0,0,0,83,0,0,0
28,23,3,3157.98558560258,1020.50662749533,0,0,0,168,0,0,0
28,23,4,3040.13180229635,924.437016604872,0,0,0,76,0,0,0
28,23,5,3139.47591585121,1220.19032163306,0,0,0,134,0,0,0
28,23,6,3132.90919178241,846.67125343349,0,0,0,172,0,0,0
28,23,7,19907.7946287094,10806.9199714939,55,0,0,190,0,0,0
28,23,8,0,9,0,0,0,0,0,0,0
28,24,1,3102.9174472868,997.011290862713,0,0,0,153,0,0,0
28,24,2,3084.58107920795,1415.62704267478,0,0,0,62,0,0,0
28,24,3,3153.1056048333,1274.58264889185,0,0,0,102,0,0,0
28,24,4,3027.04944801795,1248.05110699654,0,0,0,92,0,0,0
28,24,5,3145.59055873787,746.169278890024,0,0,0,122,0,0,0
28,24,6,3142.88502745499,1036.30458260654,0,0,0,84,0,0,0
28,24,7,19936.9714705398,3328.26965225662,96,0,0,192,0,0,0
28,24,8,0,9,0,0,0,0,0,0,0
28,25,1,3083.9000751268,1810.51492783611,96,0,0,3,0,0,0
28,25,2,3070.28399683995,1106.24587501462,65,0,0,76,0,0,0
28,25,3,3134.2825977037,1204.56343306237,66,0,0,61,0,0,0
28,25,4,3013.02143700995,586.411999484242,56,0,0,68,0,0,0
28,25,5,3129.43906365179,1567.9929210275,37,0,0,37,0,0,0
28,25,6,3142.90112985499,890.312887274105,45,0,0,58,0,0,0
28,25,7,19949.7729425397,10067.9757533854,171,0,0,161,0,0,0
28,25,8,0,9,0,0,0,0,0,0,0
28,26,1,3106.7423672484,756.93246211515,0,0,0,176,0,0,0
28,26,2,3069.42333251995,1313.7551614481,0,0,0,110,0,0,0
28,26,3,3129.2621063373,844.445962949055,0,0,0,120,0,0,0
28,26,4,2992.85495894428,1112.79288963237,0,0,0,58,0,0,0
28,26,5,3145.93497149179,1026.00489474273,0,0,0,156,0,0,0
28,26,6,3149.91017872181,923.727976429929,0,0,0,89,0,0,0
28,26,7,19961.2805674997,10556.5192593903,7,14,0,247,0,0,0
28,26,8,0,9,0,0,0,0,0,0,0
28,27,1,3094.4310401188,1495.22592449315,0,41,0,34,0,0,0
28,27,2,3057.88349578037,1696.46021603068,0,60,0,71,0,0,0
28,27,3,3101.56176445442,1472.94549051449,0,40,0,44,0,0,0
28,27,4,2973.75374729628,1868.03456992483,0,61,0,50,0,0,0
28,27,5,3133.56039229179,1653.22576645716,0,54,0,48,0,0,0
28,27,6,3144.93096592181,1312.96453394142,0,46,0,46,0,0,0
28,27,7,20020.9887633398,7630.08253096709,0,497,0,549,0,0,0
28,27,8,0,9,0,0,0,0,0,0,0
28,28,1,3117.8724846756,915.851278724355,0,0,0,149,0,0,0
28,28,2,3080.89031570229,1194.91757097333,0,0,0,169,0,0,0
28,28,3,3117.50357278722,1693.04566289099,0,0,0,147,0,0,0
28,28,4,2994.08997563681,696.049486654547,0,0,0,186,0,0,0
28,28,5,3170.62944880379,758.528320382791,0,0,0,165,0,0,0
28,28,6,3174.16688231221,1024.11623984964,0,0,0,131,0,0,0
28,28,7,20061.1968309443,6853.95373052623,35,0,0,158,0,0,0
28,28,8,0,9,0,0,0,0,0,0,0
28,29,1,3119.4896525476,1032.05964954805,0,0,0,91,0,0,0
28,29,2,3086.47648095029,1820.22239105845,0,0,0,119,0,0,0
28,29,3,3134.98684497922,840.506848726409,0,0,0,169,0,0,0
28,29,4,2990.37041536289,814.095410296952,0,0,0,69,0,0,0
28,29,5,3176.76831344379,994.658610191568,0,0,0,75,0,0,0
28,29,6,3190.35136666421,1648.30909416189,0,0,0,102,0,0,0
28,29,7,20118.4531381443,5345.75151589616,17,0,0,288,0,0,0
28,29,8,0,9,0,0,0,0,0,0,0
28,30,1,3123.22708530792,1151.76109274733,0,0,0,103,0,0,0
28,30,2,3101.53424878389,596.369681700822,13,0,0,140,0,0,0
28,30,3,3132.98123980802,1137.79703717478,0,0,0,84,0,0,0
28,30,4,2989.27999741217,1506.57089135576,0,0,0,81,0,0,0
28,30,5,3188.59101162849,1257.73755302535,0,0,0,99,0,0,0
28,30,6,3219.67783885621,1554.3264579215,0,0,0,164,0,0,0
28,30,7,20150.9445173442,5883.27114885129,111,0,0,178,0,0,0
28,30,8,0,9,0,0,0,0,0,0,0
28,31,1,3128.004438954,1465.76913808284,0,0,0,115,0,0,0
28,31,2,3091.24226552629,1015.40898570965,0,0,0,59,0,0,0
28,31,3,3138.01146101762,1396.0650392794,0,0,0,113,0,0,0
28,31,4,2998.59557330209,1314.92743262879,0,0,0,150,0,0,0
28,31,5,3199.04290528609,1495.90634452777,0,0,0,125,0,0,0
28,31,6,3239.54643661621,846.843220901257,1,0,0,150,0,0,0
28,31,7,20185.3776421058,6848.14518302568,73,0,0,191,0,0,0
28,31,8,0,9,0,0,0,0,0,0,0
28,32,1,3143.7802005668,1691.243032228,0,0,0,146,0,0,0
28,32,2,3093.16542292789,2025.64900635916,0,0,0,101,0,0,0
28,32,3,3152.65441531578,1607.91729786736,0,0,0,139,0,0,0
28,32,4,3011.18354572168,1123.85815143242,0,0,0,131,0,0,0
28,32,5,3217.42209492321,1081.60165255394,0,0,0,149,0,0,0
28,32,6,3254.22505739061,1546.6023547329,0,0,0,84,0,0,0
28,32,7,20230.5251749058,10177.411745607,46,0,0,201,0,0,0
28,32,8,0,9,0,0,0,0,0,0,0
28,33,1,3174.7375942861,1354.59343463411,0,0,0,169,0,0,0
28,33,2,3130.95174070684,1546.61217913433,0,0,0,202,0,0,0
28,33,3,3182.3652423033,1645.92445216716,0,0,0,160,0,0,0
28,33,4,3020.32213961608,546.786882413875,0,0,0,112,0,0,0
28,33,5,3233.82153407841,1326.69446988977,0,0,0,108,0,0,0
28,33,6,3291.46762722101,1535.76719040405,0,0,0,154,0,0,0
28,33,7,20288.270615596,8234.76976439215,37,0,0,195,0,0,0
28,33,8,0,9,0,0,0,0,0,0,0
28,34,1,3186.00957865986,1091.01387945242,0,0,0,135,0,0,0
28,34,2,3137.64416029083,1286.96037517384,0,0,0,154,0,0,0
28,34,3,3198.38905820858,2067.52019772811,0,0,0,164,0,0,0
28,34,4,3008.02359409134,891.280012387449,0,0,0,54,0,0,0
28,34,5,3247.84535151478,1384.6376165546,0,0,0,132,0,0,0
28,34,6,3321.30022148917,1361.00124836645,0,0,0,153,0,0,0
28,34,7,20330.403953708,11162.4366635737,60,0,0,228,0,0,0
28,34,8,0,9,0,0,0,0,0,0,0
28,35,1,3195.64640016385,642.069844324638,0,0,0,109,0,0,0
28,35,2,3138.97938154293,940.984222970228,0,0,0,128,0,0,0
28,35,3,3223.82385034135,1796.47892333564,0,0,0,206,0,0,0
28,35,4,3008.43458363886,790.507639741409,0,0,0,89,0,0,0
28,35,5,3267.76993618806,1580.72058537453,0,0,0,138,0,0,0
28,35,6,3344.93398538733,1173.0136965707,0,0,0,136,0,0,0
28,35,7,20383.7578711479,6154.81414734437,38,0,0,243,0,0,0
28,35,8,0,9,0,0,0,0,0,0,0
28,36,1,3193.12995948545,826.491688436743,0,0,0,64,0,0,0
28,36,2,3142.12751459125,1609.01693257962,0,0,0,94,0,0,0
28,36,3,3231.67755752343,1375.31623710826,24,0,0,143,0,0,0
28,36,4,3009.00196484942,1249.89584934099,0,0,0,79,0,0,0
28,36,5,3288.79041362806,1305.79309179512,10,0,0,143,0,0,0
28,36,6,3363.0337287627,2144.82321679513,0,0,0,117,0,0,0
28,36,7,20422.9082870199,6755.3657596706,219,1,0,195,0,0,0
28,36,8,0,9,0,0,0,0,0,0,0
28,37,1,3195.62568866203,973.001335821377,0,0,0,82,0,0,0
28,37,2,3153.50350225901,1034.69171874883,0,0,0,159,0,0,0
28,37,3,3241.48729339676,1274.07119389251,0,0,0,137,0,0,0
28,37,4,3013.7971776314,1260.70028429701,0,0,0,124,0,0,0
28,37,5,3305.75748471998,1326.97551079896,0,0,0,130,0,0,0
28,37,6,3390.00274112678,1145.12570051627,21,0,0,142,0,0,0
28,37,7,20477.3364747703,5371.19033715772,119,0,0,269,0,0,0
28,37,8,0,9,0,0,0,0,0,0,0
28,38,1,3195.46145010485,1569.2230815047,0,0,0,97,0,0,0
28,38,2,3150.8979338404,1319.57865162453,0,0,0,103,0,0,0
28,38,3,3245.65239559784,1298.2729472624,0,0,0,127,0,0,0
28,38,4,3013.48254079863,1150.53020055035,0,0,0,126,0,0,0
28,38,5,3323.04159499863,1358.60452650609,0,0,0,132,0,0,0
28,38,6,3406.80973406784,991.508361403751,0,0,0,114,0,0,0
28,38,7,20518.3530889613,12728.4285131204,148,0,0,201,0,0,5
28,38,8,0,9,0,0,0,0,0,0,0
28,39,1,3209.99393552058,1384.30526074631,0,0,0,156,0,0,0
28,39,2,3150.12709666408,696.260625093293,0,0,0,131,0,0,0
28,39,3,3244.23498162735,625.68606020691,0,0,0,129,0,0,0
28,39,4,3008.54881116637,1947.93462508784,0,0,0,115,0,0,0
28,39,5,3338.0160729306,2188.29529997925,0,0,0,135,0,0,0
28,39,6,3423.62035610176,1356.94251138993,0,0,0,99,0,0,0
28,39,7,20555.9745776014,4962.38268523719,40,0,0,228,0,0,0
28,39,8,0,9,0,0,0,0,0,0,0
28,40,1,3222.63542791538,1297.98967085238,6,0,0,130,0,0,0
28,40,2,3136.83841423362,1189.94339666583,0,0,0,69,0,0,0
28,40,3,3234.74685504374,1646.45479494498,1,0,0,61,0,0,0
28,40,4,3015.23063147628,1213.66422551354,46,0,0,130,0,0,0
28,40,5,3369.3695595253,1366.08650472908,36,0,0,168,0,0,0
28,40,6,3454.39402901343,1678.75442488705,1,0,0,134,0,0,0
28,40,7,20610.5976364429,10138.1553031886,181,0,0,230,0,0,11
28,40,8,0,9,0,0,0,0,0,0,0
28,41,1,3234.9342540497,1516.87829268118,0,0,0,129,0,0,0
28,41,2,3136.52650552035,2174.24725901505,0,0,0,118,0,0,0
28,41,3,3260.19535446097,893.721726993904,0,0,0,164,0,0,0
28,41,4,3029.00766198941,952.083737067017,0,0,0,121,0,0,0
28,41,5,3395.05435132593,848.077479704512,0,0,0,136,0,0,0
28,41,6,3499.82452242484,1900.57150592791,0,0,0,167,0,0,0
28,41,7,20680.0135084429,9895.76871894318,47,0,0,240,0,0,0
28,41,8,0,9,0,0,0,0,0,0,0
28,42,1,3255.48246538553,1564.70713569262,0,0,0,151,0,0,0
28,42,2,3157.6261417953,655.209992048201,0,0,0,205,0,0,0
28,42,3,3246.97847563746,1130.36559717591,0,0,0,89,0,0,0
28,42,4,3023.12771099477,451.570094900178,0,0,0,95,0,0,0
28,42,5,3403.07136464353,1677.83312342152,0,0,0,84,0,0,0
28,42,6,3533.77474261044,955.109339796247,2,0,0,156,0,0,0
28,42,7,20726.7652927066,7567.04282926309,59,0,0,196,0,0,0
28,42,8,0,9,0,0,0,0,0,0,0
28,43,1,3259.62334572857,1039.72484532686,3,0,0,142,0,0,0
28,43,2,3138.22405025662,1135.9737955764,0,0,0,65,0,0,0
28,43,3,3240.72832528943,1615.24049743122,0,0,0,113,0,0,0
28,43,4,3009.37247988237,1279.69868223713,0,0,0,45,0,0,0
28,43,5,3423.75242309499,1004.64438550592,0,0,0,167,0,0,0
28,43,6,3549.12605624781,1085.0371190137,0,0,0,95,0,0,0
28,43,7,20764.8620770906,5000.91328465291,127,0,0,167,0,0,0
28,43,8,0,9,0,0,0,0,0,0,0
28,44,1,3258.6821617155,558.643138758902,0,0,0,103,0,0,0
28,44,2,3134.23280290891,1396.09236326777,0,0,0,113,0,0,0
28,44,3,3258.17701932874,1297.45274749176,8,0,0,144,0,0,0
28,44,4,3015.36009448768,932.924578071898,0,0,0,127,0,0,0
28,44,5,3437.80124040421,785.069204063032,0,0,0,100,0,0,0
28,44,6,3576.44123675085,1708.27953997643,0,0,0,108,0,0,0
28,44,7,20813.6916118065,12838.5977916858,153,0,0,178,0,0,0
28,44,8,0,9,0,0,0,0,0,0,0
28,45,1,3235.73619070083,1464.63034384239,0,0,0,55,0,0,0
28,45,2,3131.78175437263,1955.43655414328,0,0,0,139,0,0,0
28,45,3,3263.3302582905,1642.04412499179,0,0,0,129,0,0,0
28,45,4,3001.9077712013,541.42964988384,0,0,0,93,0,0,0
28,45,5,3441.0976509381,984.780278321449,0,0,0,78,0,0,0
28,45,6,3611.57177529682,1746.23613923659,0,0,0,170,0,0,0
28,45,7,20854.9837657648,12028.1029488879,38,0,0,210,0,0,0
28,45,8,0,9,0,0,0,0,0,0,0
28,46,1,3251.84264397851,1475.61921696424,0,0,0,146,0,0,0
28,46,2,3157.97411118369,628.729337126549,0,0,0,184,0,0,0
28,46,3,3280.1016860285,1923.51332934656,0,0,0,164,0,0,0
28,46,4,2980.15488804307,1348.0300312217,0,0,0,54,0,0,0
28,46,5,3453.49790454193,911.824045078455,0,0,0,98,0,0,0
28,46,6,3666.17157347743,1710.64717401566,0,0,0,174,0,0,0
28,46,7,20921.1109930749,5863.74001194382,0,64,0,236,0,0,0
28,46,8,0,9,0,0,0,0,0,0,0
28,47,1,3250.95786243016,2015.23922394,0,0,0,147,0,0,0
28,47,2,3141.29238316092,1317.8474220054,0,0,0,62,0,0,0
28,47,3,3277.45870504411,2301.51179111432,2,0,0,180,0,0,0
28,47,4,2977.98182106563,1297.37825642861,0,0,0,134,0,0,0
28,47,5,3449.26699066334,624.860802548488,0,0,0,91,0,0,0
28,47,6,3696.44713473561,409.984415783746,0,0,0,171,0,0,0
28,47,7,20950.4710044413,6080.4398518042,70,0,0,162,0,0,0
28,47,8,0,9,0,0,0,0,0,0,0
28,48,1,3250.69199115317,1250.68847731433,0,7,0,159,0,0,0
28,48,2,3126.37696984562,779.242113576869,0,0,0,131,0,0,0
28,48,3,3272.54524346634,1085.42440970023,0,10,0,168,0,0,0
28,48,4,2978.70317036155,566.621543368069,0,0,0,129,0,0,0
28,48,5,3436.15260583373,1171.70304037289,0,0,0,62,0,0,0
28,48,6,3690.43696762393,1966.6843740134,0,0,0,40,0,0,0
28,48,7,20966.8299830012,3724.17782390796,0,78,0,163,0,0,0
28,48,8,0,9,0,0,0,0,0,0,0
28,49,1,3220.52516074549,668.032917301972,0,112,0,13,0,0,0
28,49,2,3098.28758177787,1028.1079236167,0,39,0,38,0,0,0
28,49,3,3245.859283574,1205.29749450315,0,56,0,52,0,0,0
28,49,4,2948.08963185266,930.825588647543,0,26,0,30,0,0,0
28,49,5,3425.30152389228,2287.2447813496,0,53,0,64,0,0,0
28,49,6,3693.72097104696,1079.13012509731,0,106,0,90,0,0,0
28,49,7,20994.6036462333,9214.50114424693,0,193,0,179,0,0,0
28,49,8,0,9,0,0,0,0,0,0,0
28,50,1,3227.33593671241,884.68313966817,0,0,0,66,0,0,0
28,50,2,3094.07739646793,512.662090461863,0,0,0,102,0,0,0
28,50,3,3259.42031983986,1155.82091219643,0,0,0,120,0,0,0
28,50,4,2940.24992212389,1035.03256506346,0,0,0,93,0,0,0
28,50,5,3465.603246372,1535.40951999326,1,0,0,197,0,0,0
28,50,6,3720.47161748417,1257.07256080474,0,0,0,107,0,0,0
28,50,7,21066.7789713148,7627.38007027773,27,0,0,247,0,0,0
28,50,8,0,9,0,0,0,0,0,0,0
28,51,1,3227.76331326021,572.252169767315,0,0,0,88,0,0,0
28,51,2,3078.03595170089,1200.089082438,0,0,0,51,0,0,0
28,51,3,3257.95625540326,834.34470820514,0,0,0,115,0,0,0
28,51,4,2943.07254965521,1033.68886686509,0,0,0,103,0,0,0
28,51,5,3499.86648244618,1565.2331490136,0,0,0,153,0,0,0
28,51,6,3762.69278494172,851.312923650733,0,0,0,125,0,0,0
28,51,7,21119.9186370751,5874.45133406672,30,0,0,204,0,0,0
28,51,8,0,9,0,0,0,0,0,0,0
28,52,1,3223.98522733121,754.041741362377,0,0,0,57,0,0,0
28,52,2,3079.27041279123,1181.54532303683,0,0,0,120,0,0,0
28,52,3,3246.3669502851,1305.89140377631,0,0,0,83,0,0,0
28,52,4,2943.02555468696,1829.74563291131,0,0,0,103,0,0,0
28,52,5,3527.28442156309,1008.52415735688,0,0,0,156,0,0,0
28,52,6,3776.26607910511,1073.29695366786,0,0,0,85,0,0,0
28,52,7,21162.3066725108,8355.70224804398,115,0,0,173,0,0,0
28,52,8,0,9,0,0,0,0,0,0,0
28,53,1,3222.86277852862,1313.793148727,0,0,0,75,0,0,0
28,53,2,3081.79949022635,1183.4920171975,0,0,0,118,0,0,0
28,53,3,3245.2747767634,1221.78747063871,0,0,0,130,0,0,0
28,53,4,2954.88624012908,1292.34070147756,0,0,0,182,0,0,0
28,53,5,3536.30063638223,1125.87799100153,0,0,0,100,0,0,0
28,53,6,3799.31439533876,1990.62570316422,0,0,0,107,0,0,0
28,53,7,21210.8224008055,8003.10696617358,45,0,0,200,0,0,0
28,53,8,0,9,0,0,0,0,0,0,0
28,54,1,3240.07399973332,961.316197084328,0,0,0,131,0,0,0
28,54,2,3090.07808979097,599.372310132039,0,0,0,118,0,0,0
28,54,3,3255.13431525091,1724.716535654,0,0,0,122,0,0,0
28,54,4,2958.77652724865,907.078719260591,0,0,0,129,0,0,0
28,54,5,3547.77619142564,996.411879569036,0,0,0,112,0,0,0
28,54,6,3845.5308393062,1976.89361345623,2,0,0,169,0,0,0
28,54,7,21264.4340277562,10940.7320727053,49,0,0,185,0,0,6
28,54,8,0,9,0,0,0,0,0,0,0
28,55,1,3251.32419004013,1739.77287625738,0,0,0,96,0,0,0
28,55,2,3078.24547890097,1386.88788024703,0,0,0,59,0,0,0
28,55,3,3284.80906337824,942.037254848333,0,0,0,172,0,0,0
28,55,4,2960.79579953014,586.837326165531,0,0,0,90,0,0,0
28,55,5,3565.96252321791,1788.47934217032,0,0,0,99,0,0,0
28,55,6,3902.18306716128,1352.03980740965,1,0,0,179,0,0,0
28,55,7,21350.7113280588,9519.42013013515,47,0,0,240,0,0,0
28,55,8,0,9,0,0,0,0,0,0,0
28,56,1,3280.7381735081,1331.86444988822,5,0,0,147,0,0,0
28,56,2,3101.21142111375,1052.75294762023,0,0,0,138,0,0,0
28,56,3,3302.37596444968,1021.99534126683,0,0,0,94,0,0,0
28,56,4,2948.82705872739,1171.75358519986,0,0,0,58,0,0,0
28,56,5,3607.64621051118,1136.89963282693,0,0,0,176,0,0,0
28,56,6,3942.91126861342,1950.60400900637,0,0,0,135,0,0,0
28,56,7,21436.0636539359,6121.84914826977,134,0,0,237,0,0,0
28,56,8,0,9,0,0,0,0,0,0,0
28,57,1,3291.71566547206,532.704327952768,0,0,0,133,0,0,0
28,57,2,3102.08658022245,1186.28010411339,0,0,0,105,0,0,0
28,57,3,3308.90453716687,1416.89146201789,0,0,0,102,0,0,0
28,57,4,2951.47538456957,1177.86159279238,0,0,0,117,0,0,0
28,57,5,3617.75933715834,2076.68895887847,0,0,0,113,0,0,0
28,57,6,3982.70336001834,1226.3544776522,28,0,0,138,0,0,0
28,57,7,21479.7337426556,12851.3977360468,204,0,0,167,0,0,6
28,57,8,0,9,0,0,0,0,0,0,0
28,58,1,3283.13178334521,587.722244737387,0,0,0,53,0,0,0
28,58,2,3100.88809771099,1426.54442120577,0,0,0,118,0,0,0
28,58,3,3314.44702440938,1966.53489399901,0,0,0,141,0,0,0
28,58,4,2957.02533647797,1045.3356771191,0,0,0,117,0,0,0
28,58,5,3652.67900084682,1582.42924819152,0,0,0,199,0,0,0
28,58,6,4010.47594765041,2373.22415563471,0,0,0,122,0,0,0
28,58,7,21534.7874386351,4218.32120480925,42,0,0,219,0,0,0
28,58,8,0,9,0,0,0,0,0,0,0
28,59,1,3260.07271330896,1270.90801091213,25,0,0,31,0,0,0
28,59,2,3087.90982448887,982.045678035987,56,0,0,81,0,0,0
28,59,3,3310.38905745911,835.445331534411,82,0,0,106,0,0,0
28,59,4,2946.04525373146,784.82963002018,33,0,0,68,0,0,0
28,59,5,3637.03250248179,1131.12775672489,82,0,0,68,0,0,0
28,59,6,4035.95984530243,1342.84046435657,103,0,0,124,0,0,0
28,59,7,21594.5285331261,7131.18122605756,178,0,0,226,0,0,0
28,59,8,0,9,0,0,0,0,0,0,0
28,60,1,3273.88950026143,1300.52327759368,0,0,0,127,0,0,0
28,60,2,3089.33251225572,1641.11402847009,0,0,0,98,0,0,0
28,60,3,3314.18521362701,1361.16690672884,0,0,0,83,0,0,0
28,60,4,2942.59191242199,1005.24729883925,0,0,0,78,0,0,0
28,60,5,3646.20621281858,1624.80941070273,0,0,0,113,0,0,0
28,60,6,4101.0705639032,1801.35750567376,0,0,0,134,0,0,0
28,60,7,21622.4279099528,11447.7803186,0,43,0,184,0,0,0
28,60,8,0,9,0,0,0,0,0,0,0
28,61,1,3296.77698139168,1154.27320481138,0,0,0,130,0,0,0
28,61,2,3114.45758407542,963.315158443699,0,1,0,160,0,0,0
28,61,3,3319.26489467493,1838.46655535461,0,0,0,136,0,0,0
28,61,4,2947.41896034455,672.899855995593,0,0,0,100,0,0,0
28,61,5,3676.97393073526,1852.37930771633,0,2,0,153,0,0,0
28,61,6,4160.45637243005,881.151005958895,0,0,0,180,0,0,0
28,61,7,21672.1034814895,8414.59441405761,0,213,0,265,0,0,0
28,61,8,0,9,0,0,0,0,0,0,0
28,62,1,3286.36855916579,1601.91436101727,0,0,0,115,0,0,0
28,62,2,3100.73187344456,1462.02299528145,0,0,0,96,0,0,0
28,62,3,3338.43281203875,2084.41820247706,0,0,0,183,0,0,0
28,62,4,2934.15169368883,1335.8921153758,0,0,0,67,0,0,0
28,62,5,3709.52205363494,1357.91516890717,0,0,0,185,0,0,0
28,62,6,4162.97360663515,1563.05186826761,0,0,0,88,0,0,0
28,62,7,21708.7892796027,15067.1205573806,30,0,0,197,0,0,0
28,62,8,0,9,0,0,0,0,0,0,0
28,63,1,3300.1018286158,1474.74454805394,0,0,0,160,0,0,0
28,63,2,3098.81427486497,1102.63845479186,0,0,0,146,0,0,0
28,63,3,3348.83837409546,996.599312092455,0,0,0,207,0,0,0
28,63,4,2925.46564830816,534.386817519882,0,0,0,133,0,0,0
28,63,5,3717.05754194675,893.108993941183,0,0,0,135,0,0,0
28,63,6,4188.38252193083,1836.38205130339,0,0,0,156,0,0,0
28,63,7,21740.775006763,8753.30204921132,0,27,0,245,0,0,0
28,63,8,0,9,0,0,0,0,0,0,0
28,64,1,3316.87463816973,1158.08725683483,0,18,0,115,0,0,0
28,64,2,3106.83639930757,1093.41823112671,0,0,0,110,0,0,0
28,64,3,3349.7138740129,1510.81010586391,0,0,0,99,0,0,0
28,64,4,2913.35458101144,761.107224532553,0,0,0,53,0,0,0
28,64,5,3728.34580838463,1987.02517226001,0,0,0,89,0,0,0
28,64,6,4230.85465003219,1945.18185096606,0,35,0,120,0,0,0
28,64,7,21875.7755690829,3536.4236419923,0,292,0,349,0,0,0
28,64,8,0,9,0,0,0,0,0,0,0
28,65,1,3317.71526724773,1382.45478195141,0,0,0,115,0,0,0
28,65,2,3090.37175096996,2008.30887236873,0,0,0,109,0,0,0
28,65,3,3351.29083523988,459.71265639528,1,0,0,148,0,0,0
28,65,4,2890.88960997276,852.01420969947,0,0,0,76,0,0,0
28,65,5,3743.62155332482,1936.59394576539,21,0,0,139,0,0,0
28,65,6,4260.81113822383,1494.02330066652,12,0,0,160,0,0,0
28,65,7,21902.1025709901,9691.16782127023,64,0,0,174,0,0,0
28,65,8,0,9,0,0,0,0,0,0,0
28,66,1,3321.11766698757,1976.09006805204,0,0,0,138,0,0,0
28,66,2,3103.97514467801,1748.60522402206,0,0,0,197,0,0,0
28,66,3,3319.61193074921,1334.50546040137,0,0,0,45,0,0,0
28,66,4,2880.6999895874,1798.33763638271,0,0,0,85,0,0,0
28,66,5,3782.80323606658,1550.69642664373,0,0,0,184,0,0,0
28,66,6,4290.30308718627,1814.79308606963,0,0,0,149,0,0,0
28,66,7,21955.9195746576,6790.92063308413,14,7,0,236,0,0,0
28,66,8,0,9,0,0,0,0,0,0,0
28,67,1,3308.33427750463,1413.66753180165,0,103,0,94,0,0,0
28,67,2,3088.3956497055,1074.71653064314,0,101,0,73,0,0,0
28,67,3,3297.89599215045,1382.34623111742,0,70,0,63,0,0,0
28,67,4,2876.57627414597,1504.03092183207,0,87,0,92,0,0,0
28,67,5,3778.73284258325,2081.20759005378,0,87,0,68,0,0,0
28,67,6,4308.33279146592,1347.51306733493,0,91,0,90,0,0,0
28,67,7,22003.5421854813,9149.80005189797,6,178,0,184,0,0,0
28,67,8,0,9,0,0,0,0,0,0,0
28,68,1,3344.21689645174,2405.02130741506,0,0,0,141,0,0,0
28,68,2,3101.25533555114,373.717453282678,0,0,0,107,0,0,0
28,68,3,3338.96282547976,1662.44830025354,0,0,0,138,0,0,0
28,68,4,2905.24702399338,560.687212594211,0,0,0,150,0,0,0
28,68,5,3844.80029535855,2200.92137237398,0,0,0,196,0,0,0
28,68,6,4366.4549586742,1822.03125852993,0,0,0,134,0,0,0
28,68,7,22105.2919028133,6228.85197857117,23,1,0,263,0,0,0
28,68,8,0,9,0,0,0,0,0,0,0
28,69,1,3381.09856479281,1654.50466755545,8,0,0,173,0,0,0
28,69,2,3090.22087151393,2208.06331283868,0,0,0,37,0,0,0
28,69,3,3377.08199017731,828.714907917036,0,0,0,166,0,0,0
28,69,4,2904.33506088847,1579.45359974908,0,0,0,56,0,0,0
28,69,5,3915.08434645911,1619.03345839731,0,0,0,220,0,0,0
28,69,6,4439.44735146557,1367.71822991886,0,0,0,182,0,0,0
28,69,7,22171.2689604922,11353.918124925,50,0,0,202,0,0,0
28,69,8,0,9,0,0,0,0,0,0,0
28,70,1,3444.4593361247,1057.8063028747,0,0,0,165,0,0,0
28,70,2,3137.79682998867,978.184926775928,0,0,0,220,0,0,0
28,70,3,3400.84278304548,1898.35761082778,0,0,0,82,0,0,0
28,70,4,2943.64389429566,1169.32236379484,0,0,0,157,0,0,0
28,70,5,3985.07961943628,2239.6201270891,0,0,0,161,0,0,0
28,70,6,4515.89501824605,765.18075282296,0,0,0,136,0,0,0
28,70,7,22271.5191607959,3242.92764453411,36,0,0,193,0,0,0
28,70,8,0,9,0,0,0,0,0,0,0
28,71,1,3454.81649621972,1550.66550094887,0,0,0,105,0,0,0
28,71,2,3139.89540163199,1875.3805436785,0,0,0,97,0,0,0
28,71,3,3410.64440021274,2228.71760481771,26,0,0,140,0,0,0
28,71,4,2949.70438855449,1223.38171720355,0,0,0,116,0,0,0
28,71,5,4015.85093367431,1549.79113517366,41,0,0,146,0,0,0
28,71,6,4526.0431330227,2997.9239549148,0,0,0,76,0,0,0
28,71,7,22294.6404080279,15852.3334844884,95,0,0,143,0,0,0
28,71,8,0,9,0,0,0,0,0,0,0
28,72,1,3477.82351488661,1639.96904135215,0,0,0,155,0,0,0
28,72,2,3165.49957018714,1862.77621202516,0,0,0,187,0,0,0
28,72,3,3441.25887663564,2284.6295366221,0,0,0,186,0,0,0
28,72,4,2964.51973894712,1143.8638443245,0,0,0,122,0,0,0
28,72,5,4052.13383865623,1599.81835086382,0,0,0,154,0,0,0
28,72,6,4592.71269300758,1417.28569979252,1,0,0,224,0,0,0
28,72,7,22350.3232650852,8332.35952520406,26,2,0,232,0,0,0
28,72,8,0,9,0,0,0,0,0,0,0
28,73,1,3525.11407269855,769.783494577325,0,0,0,163,0,0,0
28,73,2,3203.37853816517,1164.26104488847,0,0,0,186,0,0,0
28,73,3,3495.90816090394,1273.30749276992,2,0,0,191,0,0,0
28,73,4,2985.59850726627,1046.63965492985,0,0,0,114,0,0,0
28,73,5,4118.81115244063,2599.00454637387,0,0,0,159,0,0,0
28,73,6,4686.01424829406,689.27434801386,0,0,0,141,0,0,0
28,73,7,22417.4395425175,7951.82714876099,54,0,0,173,0,0,0
28,73,8,0,9,0,0,0,0,0,0,0
28,74,1,3537.69447957188,1691.75281642033,0,0,0,76,0,0,0
28,74,2,3226.68973751295,732.887996796903,0,0,0,116,0,0,0
28,74,3,3530.07257506837,1391.9861000115,0,0,0,127,0,0,0
28,74,4,3001.36608300807,1256.84312764739,0,0,0,104,0,0,0
28,74,5,4192.77202932089,2022.14557508774,5,0,0,182,0,0,2
28,74,6,4719.82996301494,1632.92089880568,0,0,0,68,0,0,0
28,74,7,22497.1254634919,9507.89793012521,46,0,0,197,0,0,1
28,74,8,0,9,0,0,0,0,0,0,0
28,75,1,3583.80930013706,1241.31896875693,0,0,0,169,0,0,0
28,75,2,3223.93701889507,1238.69912333395,0,0,0,73,0,0,0
28,75,3,3569.6246681728,1511.86958705183,0,0,0,139,0,0,0
28,75,4,3027.12732690854,1367.63500094995,0,0,0,125,0,0,0
28,75,5,4291.17352212534,465.024388542072,0,0,0,201,0,0,0
28,75,6,4805.00083747646,853.869127843364,0,0,0,163,0,0,0
28,75,7,22589.3708248236,10451.4243771518,45,0,0,208,0,0,0
28,75,8,0,9,0,0,0,0,0,0,0
28,76,1,3624.07166388183,2174.01844092948,0,0,0,124,0,0,0
28,76,2,3252.88761380201,1341.31855931492,0,0,0,123,0,0,0
28,76,3,3608.88420986376,819.553496167303,0,0,0,151,0,0,0
28,76,4,3048.52696398727,714.968935465156,0,0,0,136,0,0,0
28,76,5,4297.42722250248,3032.86102968723,0,0,0,46,0,0,0
28,76,6,4848.47752896388,1446.07891313113,0,0,0,85,0,0,0
28,76,7,22686.1443364859,9987.22130891189,38,0,0,209,0,0,0
28,76,8,0,9,0,0,0,0,0,0,0
28,77,1,3707.4128496501,2390.72510565574,0,0,0,217,0,0,0
28,77,2,3293.9146889458,1175.22173615327,0,0,0,134,0,0,0
28,77,3,3611.75347524565,1933.92174412322,0,0,0,81,0,0,0
28,77,4,3054.30860865515,907.22647315515,0,0,0,71,0,0,0
28,77,5,4390.6563074845,1466.73350350315,8,0,0,188,0,0,0
28,77,6,4926.65776875018,1899.23474645942,0,0,0,144,0,0,0
28,77,7,22776.2590017451,10336.4205736932,57,0,0,207,0,0,0
28,77,8,0,9,0,0,0,0,0,0,0
28,78,1,3824.54006618015,1132.92316844005,1,0,0,208,0,0,1
28,78,2,3343.17174310709,896.953945812946,0,0,0,117,0,0,0
28,78,3,3699.6329855822,1053.38435697088,0,0,0,193,0,0,0
28,78,4,3068.38688622359,1166.90637236418,0,0,0,90,0,0,0
28,78,5,4481.63757724008,1164.4350453464,0,0,0,146,0,0,0
28,78,6,5048.06964249068,1333.59903007756,1,0,0,170,0,0,0
28,78,7,22917.8421412651,14402.4003477756,54,0,0,236,0,0,0
28,78,8,0,9,0,0,0,0,0,0,0
28,79,1,3845.00498991322,1867.77644689231,0,0,0,113,0,0,0
28,79,2,3344.82469723886,941.322486642646,0,0,0,89,0,0,0
28,79,3,3696.00691104672,1547.82824657863,0,0,0,105,0,0,0
28,79,4,3072.26877562056,1808.73301261774,0,0,0,116,0,0,0
28,79,5,4505.20781795632,1534.647670017,0,0,0,116,0,0,0
28,79,6,5086.90830384099,2623.84022597002,0,0,0,133,0,0,0
28,79,7,22957.0958769732,12855.0507033928,43,1,0,196,0,0,0
28,79,8,0,9,0,0,0,0,0,0,0
28,80,1,3890.16422974706,1100.33251954528,0,0,0,178,0,0,0
28,80,2,3363.03825636848,1577.41274452818,0,0,0,94,0,0,0
28,80,3,3729.56188661346,1488.637290865,0,0,0,154,0,0,0
28,80,4,3095.24171105048,896.932645151773,0,0,0,172,0,0,0
28,80,5,4569.76101560151,1275.57078106244,0,0,0,153,0,0,0
28,80,6,5153.67059680117,2613.6518730856,8,0,0,166,0,0,0
28,80,7,23027.7588852116,12793.4703426581,94,0,0,191,0,0,5
28,80,8,0,9,0,0,0,0,0,0,0
28,81,1,3891.41749304741,1571.87987511164,0,0,0,110,0,0,0
28,81,2,3372.93627749342,1114.28868738026,0,0,0,157,0,0,0
28,81,3,3745.86445190259,1287.35724037874,0,0,0,148,0,0,0
28,81,4,3095.35983840651,993.846174219175,0,0,0,89,0,0,0
28,81,5,4583.61950789871,1398.41342438234,0,0,0,127,0,0,0
28,81,6,5224.33192936893,2562.85570303145,0,0,0,257,0,0,0
28,81,7,23065.7314174487,6958.08676347502,90,0,0,181,0,0,4
28,81,8,0,9,0,0,0,0,0,0,0
28,82,1,3882.49251667709,1860.36984297864,121,0,0,24,0,0,0
28,82,2,3366.92344866474,991.005155444377,44,0,0,63,0,0,0
28,82,3,3756.50388825052,1911.36352734462,33,0,0,92,0,0,0
28,82,4,3092.44935453647,799.302076387764,33,0,0,63,0,0,0
28,82,5,4608.64497075597,1738.73764616617,48,0,0,87,0,0,0
28,82,6,5311.38188810016,477.779801823814,107,0,0,138,0,0,0
28,82,7,23238.5387878474,10704.9271868531,317,0,0,317,0,0,14
28,82,8,0,9,0,0,0,0,0,0,0
28,83,1,3919.73534283202,1550.46729829887,0,0,0,185,0,0,0
28,83,2,3373.92405092941,543.325322732142,0,0,0,99,0,0,0
28,83,3,3767.25475347216,1244.38841626976,0,0,0,187,0,0,0
28,83,4,3087.15946930301,834.627357929197,0,0,0,79,0,0,0
28,83,5,4660.86923587825,766.302759813901,0,0,0,173,0,0,0
28,83,6,5323.08220283435,2827.64639388459,0,0,0,47,0,0,0
28,83,7,23309.6302132667,10118.4013522753,67,0,0,271,0,0,0
28,83,8,0,9,0,0,0,0,0,0,0
28,84,1,4024.21465020011,1769.79746725569,0,0,0,155,0,0,0
28,84,2,3388.08767301199,1518.50157089938,0,0,0,54,0,0,0
28,84,3,3818.40146302877,1061.5405533591,0,0,0,124,0,0,0
28,84,4,3092.4969659953,1550.51074704924,0,0,0,83,0,0,0
28,84,5,4677.74993634589,1970.72376984076,0,0,0,76,0,0,0
28,84,6,5497.80354124237,2327.74866560795,4,0,0,235,0,0,0
28,84,7,23436.3971475151,9735.80735174113,80,0,0,184,0,0,0
28,84,8,0,9,0,0,0,0,0,0,0
28,85,1,4166.40207571764,2023.00741273994,3,0,0,163,0,0,0
28,85,2,3457.3486028215,903.57911876629,0,0,0,151,0,0,0
28,85,3,3864.34787161795,445.363649608163,0,0,0,106,0,0,0
28,85,4,3127.95153232132,1094.48548897217,0,0,0,152,0,0,0
28,85,5,4796.13823666658,1958.5479984072,2,0,0,189,0,0,0
28,85,6,5684.21523118506,1112.31733502401,17,0,0,167,0,0,0
28,85,7,23591.0186624458,6621.49683184617,158,1,0,193,0,0,9
28,85,8,0,9,0,0,0,0,0,0,0
28,86,1,4260.96464172347,2312.53109732296,45,0,0,130,0,0,0
28,86,2,3480.99668815432,1345.38359803905,0,0,0,90,0,0,0
28,86,3,3843.40496290613,874.942639067805,0,0,0,44,0,0,0
28,86,4,3153.86579410019,652.4252196664,0,0,0,109,0,0,0
28,86,5,4887.88770857708,685.233791225078,31,0,0,146,0,0,0
28,86,6,5784.63279631777,1829.6903167429,0,0,0,111,0,0,0
28,86,7,23745.3404599983,13303.9745986382,265,0,0,237,0,0,0
28,86,8,0,9,0,0,0,0,0,0,0
28,87,1,4294.92976914423,1883.43689458783,1,0,0,195,0,0,0
28,87,2,3454.44367572341,1471.49984987929,0,0,0,134,0,0,0
28,87,3,3830.96729776107,1735.84033551282,0,0,0,87,0,0,0
28,87,4,3141.13118338967,860.500936468401,0,0,0,65,0,0,0
28,87,5,4879.25915531001,1307.21203979079,0,0,0,68,0,0,0
28,87,6,5849.96091444071,1795.4468544007,0,0,0,182,0,0,0
28,87,7,23806.942356164,10161.0969672916,43,0,0,254,0,0,0
28,87,8,0,9,0,0,0,0,0,0,0
28,88,1,4426.95329887758,2059.85993245549,1,0,0,173,0,0,0
28,88,2,3547.7248492761,822.287753301935,0,0,0,147,0,0,0
28,88,3,3911.52083317389,1110.87129540805,0,0,0,173,0,0,0
28,88,4,3155.95753355555,1724.40997057309,0,0,0,86,0,0,0
28,88,5,4992.3114738733,1667.3536039776,0,0,0,130,0,0,0
28,88,6,6053.45866941223,2457.89324201981,0,0,0,179,0,0,0
28,88,7,23939.4621867496,13985.440800666,114,0,0,168,0,0,0
28,88,8,0,9,0,0,0,0,0,0,0
28,89,1,4478.0387653098,1615.45241567266,0,0,0,203,0,0,0
28,89,2,3549.47137059836,1292.88158339767,0,0,0,82,0,0,0
28,89,3,3919.16175325194,668.054087162146,0,0,0,111,0,0,0
28,89,4,3174.20277868332,676.732490883777,0,0,0,172,0,0,0
28,89,5,5047.35319072304,1537.21545415327,0,0,0,166,0,0,0
28,89,6,6143.64022313846,2013.96519090051,2,0,0,193,0,0,0
28,89,7,24020.067283579,15813.8675778463,61,0,0,213,0,0,0
28,89,8,0,9,0,0,0,0,0,0,0
28,90,1,4483.3194201104,2513.29811512714,0,0,0,161,0,0,0
28,90,2,3538.83926247544,1241.20432424126,0,0,0,129,0,0,0
28,90,3,3896.79761941439,722.424488225214,0,0,0,66,0,0,0
28,90,4,3154.63908500731,1090.96430750007,0,0,0,67,0,0,0
28,90,5,5048.16036329115,2140.31501855493,0,0,0,153,0,0,0
28,90,6,6200.83019686235,2464.7023684312,1,0,0,175,0,0,0
28,90,7,24067.1503406428,11715.8147311201,51,0,0,243,0,0,0
28,90,8,0,9,0,0,0,0,0,0,0
28,91,1,4566.2473489539,2066.26483927681,0,2,0,199,0,0,0
28,91,2,3556.55168282185,1364.95896128356,0,0,0,124,0,0,0
28,91,3,3883.18461314624,1805.13646756618,0,0,0,72,0,0,0
28,91,4,3154.44198516025,1475.96945972245,0,0,0,109,0,0,0
28,91,5,5121.49285823194,544.866845441344,0,0,0,214,0,0,0
28,91,6,6349.4623927325,942.701141274649,0,1,0,226,0,0,0
28,91,7,24170.4109979072,11050.7684646204,0,64,0,177,0,0,0
28,91,8,0,9,0,0,0,0,0,0,0
28,92,1,4605.998055716,1514.64531936283,0,13,0,145,0,0,0
28,92,2,3578.90967619684,1288.48127234349,0,0,0,136,0,0,0
28,92,3,3922.37908189759,1086.97857517985,0,4,0,161,0,0,0
28,92,4,3176.54716032583,1681.09858485754,0,0,0,147,0,0,0
28,92,5,5108.0638932925,1809.91402855247,0,0,0,54,0,0,0
28,92,6,6432.17186908751,2592.47469973466,0,0,0,94,0,0,0
28,92,7,24377.640884878,11571.777653694,0,182,0,286,0,0,0
28,92,8,0,9,0,0,0,0,0,0,0
28,93,1,4665.38093072639,1893.32224571537,0,0,0,151,0,0,0
28,93,2,3573.15317267225,1572.91249265721,0,0,0,128,0,0,0
28,93,3,3910.59576317474,2664.2669769262,0,0,0,108,0,0,0
28,93,4,3182.82038246881,1566.41845111795,0,0,0,168,0,0,0
28,93,5,5133.43911412303,3614.35259018057,0,0,0,180,0,0,0
28,93,6,6520.0390316292,3013.73232036512,0,0,0,248,0,0,0
28,93,7,24435.6303309759,7103.11394511235,28,0,0,244,0,0,0
28,93,8,0,9,0,0,0,0,0,0,0
28,94,1,4649.09673736053,2517.14015090819,0,106,0,83,0,0,0
28,94,2,3532.09128982561,2090.96681183043,0,96,0,61,0,0,0
28,94,3,3912.62166472381,1226.51159405362,0,139,0,127,0,0,0
28,94,4,3169.97298602795,1579.0190583166,0,82,0,74,0,0,0
28,94,5,5163.50305266874,1363.34059316179,0,174,0,170,0,0,0
28,94,6,6565.11256617173,1433.92168853159,0,135,0,166,0,0,0
28,94,7,24453.5075514344,6502.19583572277,5,199,0,139,0,0,0
28,94,8,0,9,0,0,0,0,0,0,0
28,95,1,4771.28754211347,1580.40542322568,5,0,0,181,0,0,0
28,95,2,3583.88540966583,1741.58766881469,2,0,0,174,0,0,0
28,95,3,3965.02915402511,1421.03250246208,0,0,0,122,0,0,0
28,95,4,3219.93793163116,1315.9290045717,0,0,0,157,0,0,0
28,95,5,5263.24056299668,3200.53752261977,0,0,0,136,0,0,0
28,95,6,6709.42115439202,2765.92715493155,0,0,0,143,0,0,0
28,95,7,24563.2064354078,10291.6998315898,40,0,0,186,0,0,0
28,95,8,0,9,0,0,0,0,0,0,0
28,96,1,5014.78577312705,1925.20639304434,0,0,0,158,0,0,0
28,96,2,3746.54901563608,1502.68651062631,0,0,0,174,0,0,0
28,96,3,4091.96523989186,1507.83220590719,0,0,0,142,0,0,0
28,96,4,3293.97245562607,434.124708234467,0,0,0,131,0,0,0
28,96,5,5530.42495057018,3231.07686210421,2,0,0,237,0,0,0
28,96,6,7108.58261088987,2226.10704225146,0,0,0,259,0,0,0
28,96,7,24793.1336407699,7662.63459957371,28,0,0,199,0,0,1
28,96,8,0,9,0,0,0,0,0,0,0
28,97,1,5073.0836077366,2329.94406363785,0,0,0,192,0,0,0
28,97,2,3791.57957607965,1539.67608245181,0,0,0,150,0,0,0
28,97,3,4130.90622512825,2054.54283585714,0,0,0,150,0,0,0
28,97,4,3293.91080061232,657.941707564016,0,0,0,43,0,0,0
28,97,5,5623.35465594629,2909.28129296686,9,0,0,200,0,0,0
28,97,6,7266.60638596289,2714.77331101629,2,0,0,193,0,0,0
28,97,7,24881.4901178419,9307.20630249452,45,0,0,220,0,0,1
28,97,8,0,9,0,0,0,0,0,0,0
28,98,1,5169.73188533287,1947.67676577066,0,0,0,232,0,0,0
28,98,2,3869.82513547525,919.994442160639,0,0,0,153,0,0,0
28,98,3,4214.09215779196,2466.7316202598,0,0,0,202,0,0,0
28,98,4,3311.33768095882,796.004645177028,0,0,0,65,0,0,0
28,98,5,5739.66782011348,4394.88076474934,5,0,0,180,0,0,0
28,98,6,7486.98423260518,2503.4960438867,4,0,0,194,0,0,0
28,98,7,24992.5694385073,9047.42177789618,41,0,0,192,0,0,0
28,98,8,0,9,0,0,0,0,0,0,0
28,99,1,5421.61210631236,2875.66970513531,0,0,0,182,0,0,2
28,99,2,3896.79996353061,2312.25350986377,0,0,0,91,0,0,0
28,99,3,4346.13491514324,2147.86929989753,1,0,0,218,0,0,4
28,99,4,3329.43418493762,1551.9776205554,0,0,0,79,0,0,0
28,99,5,5964.35159129687,3772.81658525944,13,0,0,220,0,0,7
28,99,6,7830.80106619808,3992.65616997741,3,0,0,201,0,0,1
28,99,7,25173.9119882642,8193.63492089349,43,0,0,240,0,0,0
28,99,8,0,9,0,0,0,0,0,0,0
28,100,1,5383.27301877274,2807.25708186493,24,0,0,156,0,0,0
28,100,2,3950.26569456243,2071.2844320453,5,0,0,201,0,0,0
28,100,3,4411.23459104665,1991.75526694475,6,0,0,178,0,0,0
28,100,4,3367.22656416419,866.352217767307,0,0,0,155,0,0,0
28,100,5,6055.91612149639,2756.47837145534,40,0,0,161,0,0,0
28,100,6,7962.43434185072,2973.67877280141,41,0,0,177,0,0,0
28,100,7,25269.8460003616,3873.74439345954,104,0,0,227,0,0,11
28,100,8,0,9,0,0,0,0,0,0,0
29,1,1,2739.3344,1378.09131433409,0,0,0,58,0,0,0
29,1,2,2727.536,1270.10372275105,0,0,0,3,0,0,0
29,1,3,2742.5344,514.819313505604,0,0,0,99,0,0,0
29,1,4,2734.8337152,905.63818069754,0,0,0,60,0,0,0
29,1,5,2747.832,1177.17943390811,0,0,0,96,0,0,0
29,1,6,2742.656,1326.5933113014,0,0,0,91,0,0,0
29,1,7,20719.1535999998,6715.9346266193,0,0,0,53,0,0,0
29,1,8,0,1,0,0,0,11,0,0,0
29,2,1,2754.2304,1644.68767194035,0,0,0,137,0,0,0
29,2,2,2741,1055.10764031292,0,0,0,127,0,0,0
29,2,3,2737.152,1698.18862089453,0,0,0,51,0,0,0
29,2,4,2740.3217152,1217.2105502635,0,0,0,90,0,0,0
29,2,5,2757.1424,416.543743709499,0,0,0,117,0,0,0
29,2,6,2753.7424,1182.95392918318,0,0,0,132,0,0,0
29,2,7,20668.6303999998,7163.6025263082,18,2,0,217,0,0,0
29,2,8,0,1,0,0,0,0,0,0,0
29,3,1,2777.264,1508.88584947601,0,0,0,164,0,0,0
29,3,2,2749.5952,1009.03308941722,0,0,0,105,0,0,0
29,3,3,2759.0912,947.110481019769,0,0,0,169,0,0,0
29,3,4,2754.8209152,931.544142608048,0,0,0,121,0,0,0
29,3,5,2747.4144,1034.55018236079,0,0,0,41,0,0,0
29,3,6,2765.72192,1465.53547017168,0,0,0,118,0,0,0
29,3,7,20618.5801599996,8308.11199504408,25,0,0,186,0,0,0
29,3,8,0,1,0,0,0,0,0,0,0
29,4,1,2776.728,1487.40240211181,0,82,0,68,0,0,0
29,4,2,2746.21120000001,880.103885603299,0,43,0,57,0,0,0
29,4,3,2753.82848000001,1056.46188681777,0,48,0,46,0,0,0
29,4,4,2749.1153152,1511.2789390708,0,47,0,46,0,0,0
29,4,5,2743.704,719.167582838726,0,47,0,56,0,0,0
29,4,6,2759.26752,680.008847280045,0,82,0,64,0,0,0
29,4,7,20567.9075199995,5469.63858986538,8,165,0,198,0,0,0
29,4,8,0,1,0,0,0,0,0,0,0
29,5,1,2798.88,1554.0635678053,0,0,0,148,0,0,0
29,5,2,2759.81920000001,807.912680231731,0,0,0,88,0,0,0
29,5,3,2768.375936,912.267289828252,0,0,0,105,0,0,0
29,5,4,2773.0897152,878.372586553784,0,0,0,151,0,0,0
29,5,5,2750.3296,1112.32861499767,0,0,0,71,0,0,0
29,5,6,2767.39712,1567.21149537761,0,0,0,68,0,0,0
29,5,7,20539.1446399995,7874.39478960516,27,0,0,195,0,0,0
29,5,8,0,1,0,0,0,0,0,0,0
29,6,1,2820.05504,1096.79483311438,0,0,0,155,0,0,0
29,6,2,2771.75072000001,1547.68154045595,0,0,0,80,0,0,0
29,6,3,2778.990336,928.147377435494,0,0,0,91,0,0,0
29,6,4,2784.82413824,1544.90729302893,0,0,0,87,0,0,0
29,6,5,2765.80351999999,1173.53590389112,0,0,0,111,0,0,0
29,6,6,2789.88512,1484.75382674909,0,0,0,156,0,0,0
29,6,7,20515.5769599995,7294.72339280991,28,0,0,203,0,0,1
29,6,8,0,1,0,0,0,0,0,0,0
29,7,1,2835.73152,1469.52548651117,0,0,0,109,0,0,0
29,7,2,2794.47072000001,1699.39394564273,0,0,0,154,0,0,0
29,7,3,2792.04281600001,1078.75388586043,0,0,0,92,0,0,0
29,7,4,2808.79341824,1112.98669857809,0,0,0,154,0,0,0
29,7,5,2778.82112,2077.71911134231,0,0,0,117,0,0,0
29,7,6,2813.00864,1999.10099635924,0,0,0,148,0,0,0
29,7,7,20489.3267839994,12884.0043694135,31,0,0,183,0,0,0
29,7,8,0,1,0,0,0,0,0,0,0
29,8,1,2856.81152,789.491775637622,0,0,0,146,0,0,0
29,8,2,2818.2416,1190.11552778038,0,0,0,169,0,0,0
29,8,3,2806.79584,1356.83361786997,0,0,0,107,0,0,0
29,8,4,2825.32621824,2059.26468582497,0,0,0,111,0,0,0
29,8,5,2812.64512,296.683675911189,0,0,0,207,0,0,0
29,8,6,2842.140288,1062.53176004519,0,0,0,199,0,0,0
29,8,7,20463.6509439994,2076.58191281512,37,0,0,193,0,0,0
29,8,8,0,1,0,0,0,0,0,0,0
29,9,1,2851.43712,698.559783131306,57,0,0,21,0,0,0
29,9,2,2818.29760000001,1024.73417036084,71,0,0,48,0,0,0
29,9,3,2811.683456,895.650155580655,73,0,0,62,0,0,0
29,9,4,2834.39213824,1136.64700424436,118,0,0,87,0,0,0
29,9,5,2803.85728,961.706618466696,19,0,0,10,0,0,0
29,9,6,2844.951232,1241.0216757054,45,0,0,61,0,0,0
29,9,7,20420.4361599993,4938.02401678693,93,0,0,114,0,0,0
29,9,8,0,1,0,0,0,0,0,0,0
29,10,1,2856.646208,705.856991126506,0,0,0,69,0,0,0
29,10,2,2836.33344000001,1827.88589688323,0,0,0,102,0,0,0
29,10,3,2829.121536,1324.16184982423,0,0,0,89,0,0,0
29,10,4,2855.25997824,861.883908194538,0,0,0,113,0,0,0
29,10,5,2816.668736,894.99936649468,0,0,0,96,0,0,0
29,10,6,2863.189056,1435.08144201985,0,0,0,124,0,0,0
29,10,7,20370.5226879992,8974.95949947715,30,0,0,205,0,0,1
29,10,8,0,1,0,0,0,0,0,0,0
29,11,1,2862.829888,894.353294986543,0,0,0,70,0,0,0
29,11,2,2868.12672,923.761712402908,0,0,0,182,0,0,0
29,11,3,2854.0976,1268.11751570534,0,0,0,132,0,0,0
29,11,4,2868.83949824,1194.38103462373,0,0,0,86,0,0,0
29,11,5,2827.713152,702.569327891278,0,0,0,89,0,0,0
29,11,6,2881.6425088,780.275148934612,0,0,0,143,0,0,0
29,11,7,20306.5877631991,6046.92907018766,31,0,0,187,0,0,0
29,11,8,0,1,0,0,0,0,0,0,0
29,12,1,2873.341312,1557.55227225366,0,0,0,89,0,0,0
29,12,2,2882.621888,1233.07600141266,0,0,0,92,0,0,0
29,12,3,2876.87366400001,817.194895029545,0,0,0,126,0,0,0
29,12,4,2894.266478592,1210.2998309111,0,0,0,119,0,0,0
29,12,5,2835.701952,2028.1082942053,0,0,0,70,0,0,0
29,12,6,2888.1284096,786.855033758152,0,0,0,78,0,0,0
29,12,7,20250.0484479989,10718.2459107813,76,0,0,166,0,0,0
29,12,8,0,1,0,0,0,0,0,0,0
29,13,1,2895.094976,1351.6412059672,0,0,0,155,0,0,0
29,13,2,2900.395008,1382.91566718536,0,0,0,123,0,0,0
29,13,3,2886.83398400001,1695.42826023183,0,0,0,81,0,0,0
29,13,4,2914.847278592,728.582916677903,0,0,0,121,0,0,0
29,13,5,2869.419456,643.383669042019,0,0,0,202,0,0,0
29,13,6,2891.9518976,1125.184807773,0,0,0,78,0,0,0
29,13,7,20211.5936639989,3372.43357624046,34,0,0,288,0,0,0
29,13,8,0,1,0,0,0,0,0,0,0
29,14,1,2893.75802880001,1162.4117786563,82,0,0,53,0,0,0
29,14,2,2906.42764800001,1105.0934056408,68,0,0,70,0,0,0
29,14,3,2899.70181120001,1446.41608269078,76,0,0,93,0,0,0
29,14,4,2916.323822592,1378.98652711248,31,0,0,41,0,0,0
29,14,5,2868.512256,1986.76322904875,24,0,0,40,0,0,0
29,14,6,2889.83637760001,1010.11520054606,57,0,0,55,0,0,0
29,14,7,20148.8607359988,6169.60986345492,168,0,0,169,0,0,0
29,14,8,0,1,0,0,0,0,0,0,0
29,15,1,2913.72312320001,943.24127168332,0,0,0,116,0,0,0
29,15,2,2926.83390720001,1122.95213056395,0,0,0,110,0,0,0
29,15,3,2927.46781440001,1066.42208167913,0,0,0,144,0,0,0
29,15,4,2943.17509591041,881.027706962671,0,0,0,137,0,0,0
29,15,5,2903.300992,500.323214020917,0,0,0,198,0,0,0
29,15,6,2901.32944896001,1518.39245585701,0,0,0,101,0,0,0
29,15,7,20069.1651071987,13702.7744258989,48,0,0,179,0,0,0
29,15,8,0,1,0,0,0,0,0,0,0
29,16,1,2922.02469120001,962.409483581391,0,0,0,94,0,0,0
29,16,2,2942.42416640001,682.412535093096,0,0,0,112,0,0,0
29,16,3,2944.29283840001,477.225993350545,0,0,0,106,0,0,0
29,16,4,2953.30469591041,1123.52776252974,0,0,0,88,0,0,0
29,16,5,2902.5071872,1620.99530261543,0,0,0,50,0,0,0
29,16,6,2917.00251392001,1300.8715431892,0,0,0,151,0,0,0
29,16,7,19989.3455871986,6870.12182597362,25,1,0,209,0,0,0
29,16,8,0,1,0,0,0,0,0,0,0
29,17,1,2937.61018368001,1184.45333533618,0,0,0,96,0,0,0
29,17,2,2946.55493120001,1312.57524117234,0,0,0,68,0,0,0
29,17,3,2949.22325504001,1252.2281005849,0,0,0,47,0,0,0
29,17,4,2973.56150487041,939.183963098119,0,0,0,112,0,0,0
29,17,5,2924.7693696,1576.03837896694,0,6,0,139,0,0,0
29,17,6,2937.55101900801,1295.09820267316,0,0,0,130,0,0,0
29,17,7,19907.2576793585,7724.99752174453,0,151,0,173,0,0,0
29,17,8,0,1,0,0,0,0,0,0,0
29,18,1,2950.96039168001,1016.22216013935,0,0,0,118,0,0,0
29,18,2,2965.40344320001,1837.55241354044,0,0,0,131,0,0,0
29,18,3,2964.96731904001,1419.68799869848,0,0,0,125,0,0,0
29,18,4,2985.99105290241,1848.30462080816,0,0,0,93,0,0,0
29,18,5,2943.76144384,1418.66265687494,0,0,0,157,0,0,0
29,18,6,2952.65508812801,1080.92026694526,0,0,0,129,0,0,0
29,18,7,19852.9866803184,9012.79088961862,10,9,0,273,0,0,0
29,18,8,0,1,0,0,0,0,0,0,0
29,19,1,2949.28320768001,1068.64457123451,0,51,0,50,0,0,0
29,19,2,2970.84286720001,1234.0120316369,0,101,0,82,0,0,0
29,19,3,2965.76795904001,898.897886249355,0,83,0,58,0,0,0
29,19,4,2996.45488906241,1219.37813660289,0,107,0,77,0,0,0
29,19,5,2944.60034304001,1075.29073545443,0,76,0,65,0,0,0
29,19,6,2945.00017612801,951.092265074439,0,63,0,45,0,0,0
29,19,7,19790.9475123183,10229.4710567202,8,176,0,222,0,0,0
29,19,8,0,1,0,0,0,0,0,0,0
29,20,1,2968.07847168001,1684.81467046683,0,0,0,106,0,0,0
29,20,2,2997.28945920002,1492.85870583077,0,0,0,123,0,0,0
29,20,3,2984.90581504001,1167.76917900708,0,0,0,89,0,0,0
29,20,4,3022.38116106241,2129.54042583717,0,0,0,121,0,0,0
29,20,5,2968.19633664001,1712.27343843394,0,0,0,107,0,0,0
29,20,6,2961.69011148801,771.846421542121,0,0,0,95,0,0,0
29,20,7,19745.7071052783,9359.53758113501,27,0,0,194,0,0,1
29,20,8,0,1,0,0,0,0,0,0,0
29,21,1,3001.16914688002,349.208497069356,0,0,0,168,0,0,0
29,21,2,3031.13265920002,1279.25721683541,0,0,0,149,0,0,0
29,21,3,3013.11637504001,1000.04627314437,0,0,0,116,0,0,0
29,21,4,3065.43021066241,1015.53918897449,0,0,0,185,0,0,0
29,21,5,3005.29516748801,1435.15454644691,0,0,0,166,0,0,0
29,21,6,2977.08452864001,723.373985761132,0,0,0,77,0,0,0
29,21,7,19712.8220876782,8050.65067599398,24,0,0,245,0,0,0
29,21,8,0,1,0,0,0,0,0,0,0
29,22,1,3001.78231808002,805.117304498039,0,0,0,34,0,0,0
29,22,2,3063.86941440002,1040.91526778268,0,0,0,127,0,0,0
29,22,3,3038.78095104001,474.206967322351,0,0,0,100,0,0,0
29,22,4,3091.00905226241,1553.35088968212,0,0,0,101,0,0,0
29,22,5,3043.15246069761,1013.48637967626,0,0,0,143,0,0,0
29,22,6,2992.10572298241,645.326838965471,0,0,0,72,0,0,0
29,22,7,19675.4458572781,2856.1382792812,74,0,0,193,0,0,0
29,22,8,0,1,0,0,0,0,0,0,0
29,23,1,3005.23017728002,1227.91887133069,0,0,0,80,0,0,0
29,23,2,3080.03671040002,606.146437863588,0,0,0,104,0,0,0
29,23,3,3044.76341504001,1945.10627786496,0,0,0,47,0,0,0
29,23,4,3120.72559370241,1771.97424556768,3,0,0,143,0,0,4
29,23,5,3059.56477685761,1508.09138125213,0,0,0,101,0,0,0
29,23,6,2999.93817098241,1935.52350486889,0,0,0,64,0,0,0
29,23,7,19615.0479201261,10832.0599808395,56,0,0,140,0,0,0
29,23,8,0,1,0,0,0,0,0,0,0
29,24,1,3019.44785203202,1330.81947983234,0,0,0,122,0,0,0
29,24,2,3083.62162944002,1608.12066103353,0,0,0,60,0,0,0
29,24,3,3083.12040704001,1818.21401773196,0,0,0,194,0,0,0
29,24,4,3154.53683978241,989.542156504969,0,0,0,176,0,0,0
29,24,5,3085.78843125761,961.265440387557,0,0,0,150,0,0,0
29,24,6,3031.94146058241,1336.95068134251,0,0,0,193,0,0,0
29,24,7,19579.4822881261,5712.05782522413,26,0,0,257,0,0,0
29,24,8,0,1,0,0,0,0,0,0,0
29,25,1,3046.78271897601,1401.88919761477,1,0,0,129,0,0,0
29,25,2,3119.20160972802,1747.43594664266,2,0,0,155,0,0,0
29,25,3,3111.41013504001,1249.18785908695,12,0,0,150,0,0,0
29,25,4,3177.31237437441,1096.52962459775,0,0,0,98,0,0,0
29,25,5,3105.63645429761,1133.18849706965,0,0,0,96,0,0,0
29,25,6,3061.88433891329,1204.4101629841,0,0,0,133,0,0,0
29,25,7,19562.3199686637,5245.29133145331,131,0,0,228,0,0,0
29,25,8,0,1,0,0,0,0,0,0,0
29,26,1,3079.29894942721,1278.11344145629,11,0,0,120,0,0,0
29,26,2,3156.37131223042,1538.7311969582,17,0,0,144,0,0,0
29,26,3,3140.35801088001,934.732474421578,1,0,0,123,0,0,0
29,26,4,3208.62641336321,1637.06988460008,0,0,0,109,0,0,0
29,26,5,3131.57663682561,919.681941616902,0,0,0,113,0,0,0
29,26,6,3096.70650282394,2299.01247667167,0,0,0,120,0,0,0
29,26,7,19564.2132505581,9531.25445948992,163,0,0,231,0,0,0
29,26,8,0,1,0,0,0,0,0,0,0
29,27,1,3094.07564062721,1630.75019630872,0,0,0,127,0,0,0
29,27,2,3178.20644823042,1575.20950913617,0,0,0,153,0,0,0
29,27,3,3147.49516288001,1448.54436399876,0,0,0,93,0,0,0
29,27,4,3226.49838520321,1854.93892373553,0,0,0,163,0,0,0
29,27,5,3134.38929397761,1494.84161441118,0,0,0,91,0,0,0
29,27,6,3129.68936812954,2017.56403686215,0,0,0,216,0,0,0
29,27,7,19539.4204856301,3233.1750691377,42,0,0,229,0,0,0
29,27,8,0,1,0,0,0,0,0,0,0
29,28,1,3111.93739243522,1338.55783653023,34,0,0,122,0,0,0
29,28,2,3198.35464202242,1775.7807159146,8,0,0,147,0,0,0
29,28,3,3159.86874624001,1250.26761726147,19,0,0,122,0,0,0
29,28,4,3244.78507591681,751.8187081576,40,0,0,137,0,0,0
29,28,5,3143.91656828929,1293.9338830449,22,0,0,122,0,0,0
29,28,6,3143.45842694554,1883.03822221713,67,0,0,121,0,0,0
29,28,7,19502.6060022765,6050.19630102863,129,0,0,168,0,0,0
29,28,8,0,1,0,0,0,0,0,0,0
29,29,1,3133.41101011355,747.547936783548,0,0,0,133,0,0,0
29,29,2,3230.17617612802,812.821905190222,0,1,0,169,0,0,0
29,29,3,3176.63311564801,782.522909404091,0,0,0,125,0,0,0
29,29,4,3247.68157603841,1795.04040171912,0,0,0,75,0,0,0
29,29,5,3160.53770616423,1146.61064633628,0,0,0,129,0,0,0
29,29,6,3195.44001993524,2051.34372496968,0,0,0,188,0,0,0
29,29,7,19468.4771088364,8354.25816333452,0,56,0,181,0,0,0
29,29,8,0,1,0,0,0,0,0,0,0
29,30,1,3135.60695003548,1391.17924955747,0,0,0,74,0,0,0
29,30,2,3233.35682179074,1893.64526292279,0,0,0,81,0,0,0
29,30,3,3180.75397068801,1476.80719618008,0,0,0,78,0,0,0
29,30,4,3273.45602795521,629.445553757608,0,9,0,149,0,0,0
29,30,5,3173.99958689384,847.53255805464,0,0,0,114,0,0,0
29,30,6,3227.26125725778,617.848788914301,0,12,0,163,0,0,0
29,30,7,19453.6838400184,11483.5313429671,1,166,0,192,0,0,1
29,30,8,0,1,0,0,0,0,0,0,0
29,31,1,3147.97963688347,942.433411806667,0,0,0,139,0,0,0
29,31,2,3255.22639583234,936.410828399124,0,0,0,189,0,0,0
29,31,3,3196.53363005441,1768.93707468852,0,0,0,147,0,0,0
29,31,4,3263.92440997889,1475.56668532929,0,0,0,62,0,0,0
29,31,5,3178.87238684264,1261.58269792244,0,0,0,84,0,0,0
29,31,6,3228.20477198418,1105.5889113189,0,0,0,61,0,0,0
29,31,7,19439.0168084665,9471.00406863231,27,0,0,208,0,0,0
29,31,8,0,1,0,0,0,0,0,0,0
29,32,1,3146.60996344219,836.399721301758,0,0,0,94,0,0,0
29,32,2,3253.10606006274,990.085027885641,0,0,0,93,0,0,0
29,32,3,3211.66577008642,1376.17396259852,0,0,0,176,0,0,0
29,32,4,3278.3538356429,825.245299459306,0,0,0,147,0,0,0
29,32,5,3192.87611973223,1421.03997390886,0,0,0,126,0,0,0
29,32,6,3241.40653613155,968.808380087289,0,0,0,110,0,0,0
29,32,7,19422.1201843384,5944.28476086207,17,1,0,243,0,0,8
29,32,8,0,1,0,0,0,0,0,0,0
29,33,1,3157.71252883458,2207.79640802764,0,0,0,83,0,0,0
29,33,2,3267.47047404751,1138.18656369085,0,0,0,99,0,0,0
29,33,3,3239.8232589517,1408.51313651492,0,0,0,137,0,0,0
29,33,4,3288.6479235236,1343.83722145136,0,0,0,82,0,0,0
29,33,5,3234.24902323324,1551.05002986964,0,3,0,136,0,0,0
29,33,6,3273.34535904154,1619.22771546959,0,0,0,96,0,0,0
29,33,7,19444.8478402785,3735.60466851534,0,190,0,214,0,0,0
29,33,8,0,1,0,0,0,0,0,0,0
29,34,1,3175.21649516546,1825.91474046056,8,0,0,179,0,0,0
29,34,2,3264.86705498933,1556.53887974896,0,0,0,113,0,0,0
29,34,3,3249.85157902338,1711.64630549734,0,0,0,140,0,0,0
29,34,4,3297.234744234,1801.31230651752,0,0,0,134,0,0,0
29,34,5,3255.48060277474,530.361761739796,0,0,0,155,0,0,0
29,34,6,3297.27580097434,1830.15539342836,0,0,0,161,0,0,0
29,34,7,19437.4159042785,8529.06095488307,38,0,0,176,0,0,0
29,34,8,0,1,0,0,0,0,0,0,0
29,35,1,3201.94779367016,1254.84076110183,0,0,0,182,0,0,0
29,35,2,3280.0667067638,1656.65534010405,0,0,0,155,0,0,0
29,35,3,3267.00027507099,2050.25458533229,0,0,0,171,0,0,0
29,35,4,3328.9986839675,1533.49019776919,0,0,0,180,0,0,0
29,35,5,3248.40958991075,1244.03026167027,0,0,0,53,0,0,0
29,35,6,3336.82646380909,1119.18364247253,0,0,0,183,0,0,0
29,35,7,19443.9529854513,5073.15838344611,30,0,0,203,0,0,0
29,35,8,0,1,0,0,0,0,0,0,0
29,36,1,3202.65256074856,1010.53587249086,0,17,0,105,0,0,0
29,36,2,3285.27889856023,1486.79778267707,0,41,0,116,0,0,0
29,36,3,3261.86403830171,998.43058060597,0,65,0,127,0,0,0
29,36,4,3333.5552537723,992.412424377924,0,21,0,128,0,0,0
29,36,5,3250.54228554385,888.087235309763,0,27,0,92,0,0,0
29,36,6,3345.85126130029,958.059737856885,0,9,0,101,0,0,0
29,36,7,19455.4168528228,2910.79813930352,0,204,0,262,0,0,0
29,36,8,0,1,0,0,0,0,0,0,0
29,37,1,3191.20904586856,1548.91098368866,55,0,0,46,0,0,0
29,37,2,3288.19573171735,957.86167926546,61,0,0,87,0,0,0
29,37,3,3253.67224617371,1253.64493454658,41,0,0,58,0,0,0
29,37,4,3327.21970844468,1136.44687738904,51,0,0,48,0,0,0
29,37,5,3244.32793418385,632.171338545112,48,0,0,40,0,0,0
29,37,6,3347.44257882477,1780.67074953719,46,0,0,49,0,0,0
29,37,7,19464.7426603364,13591.9233374675,137,0,0,154,0,0,0
29,37,8,0,1,0,0,0,0,0,0,0
29,38,1,3207.86390947433,2314.52341250332,0,0,0,154,0,0,0
29,38,2,3295.15197220374,1201.24325290102,0,0,0,95,0,0,0
29,38,3,3269.07489526171,585.41965760368,0,0,0,125,0,0,0
29,38,4,3338.00943967028,2001.65094483535,0,0,0,113,0,0,0
29,38,5,3246.33592184178,1231.8873365044,0,0,0,63,0,0,0
29,38,6,3382.45312145032,1076.09032432924,0,0,0,178,0,0,0
29,38,7,19456.6007414936,11497.8804531368,28,0,0,203,0,0,1
29,38,8,0,1,0,0,0,0,0,0,0
29,39,1,3239.74113110428,2424.32413393984,0,0,0,206,0,0,0
29,39,2,3306.82532480535,1667.67386278743,0,0,0,120,0,0,0
29,39,3,3269.86973174171,1670.80044960422,0,0,0,58,0,0,0
29,39,4,3369.20929364788,1351.78772795768,0,0,0,177,0,0,0
29,39,5,3266.58461099378,1521.85399444254,0,0,0,123,0,0,0
29,39,6,3403.81213572744,1582.3545728797,0,0,0,107,0,0,0
29,39,7,19458.4024034456,9985.08244874523,14,4,0,242,0,0,0
29,39,8,0,1,0,0,0,0,0,0,0
29,40,1,3263.73864236239,1441.55407753422,6,0,0,163,0,0,0
29,40,2,3335.38427100121,503.221312798457,0,0,0,166,0,0,0
29,40,3,3304.63623002523,1408.55620183643,0,0,0,167,0,0,0
29,40,4,3394.22366667572,1300.68320422964,0,0,0,135,0,0,0
29,40,5,3294.0398448124,1748.94718473333,0,0,0,152,0,0,0
29,40,6,3437.50638079526,1293.51158535167,0,0,0,158,0,0,0
29,40,7,19456.3914949333,6572.75694514189,63,0,0,172,0,0,0
29,40,8,0,1,0,0,0,0,0,0,0
29,41,1,3267.65614705133,361.346442917943,40,0,0,96,0,0,0
29,41,2,3331.12361956313,2610.57489054849,0,0,0,50,0,0,0
29,41,3,3319.66663698842,1374.16798893682,19,0,0,118,0,0,0
29,41,4,3413.35233403209,552.901445360976,15,0,0,112,0,0,0
29,41,5,3302.66406986712,1304.89006035106,58,0,0,105,0,0,0
29,41,6,3459.88416134166,1250.88753201577,1,0,0,128,0,0,0
29,41,7,19460.1506522837,4941.24448505369,292,0,0,283,0,0,0
29,41,8,0,1,0,0,0,0,0,0,0
29,42,1,3256.0378502929,1301.92200530906,0,0,0,36,0,0,0
29,42,2,3356.85231086143,1344.6180066942,50,0,0,155,0,0,0
29,42,3,3340.61199757722,1454.70344155493,0,0,0,137,0,0,0
29,42,4,3414.03890405705,1103.80422136313,0,0,0,55,0,0,0
29,42,5,3322.61993079768,858.773367631032,0,0,0,130,0,0,0
29,42,6,3485.32837667702,786.421528058783,0,0,0,125,0,0,0
29,42,7,19456.3823931298,7739.98264236774,148,0,0,183,0,0,0
29,42,8,0,1,0,0,0,0,0,0,0
29,43,1,3267.59815700219,1828.46025259655,0,0,0,130,0,0,0
29,43,2,3367.84925561079,328.999510712413,0,0,0,134,0,0,0
29,43,3,3363.42753039156,1904.4929973184,0,0,0,145,0,0,0
29,43,4,3420.43882219767,502.511247198347,0,0,0,110,0,0,0
29,43,5,3321.052758886,980.115963566089,0,0,0,85,0,0,0
29,43,6,3490.48742937462,1306.87583424272,0,0,0,78,0,0,0
29,43,7,19443.8964969378,4477.51584434824,50,0,0,193,0,0,0
29,43,8,0,1,0,0,0,0,0,0,0
29,44,1,3271.92016788015,760.569482437584,0,92,0,90,0,0,0
29,44,2,3346.35802475235,1164.43838407248,0,22,0,10,0,0,0
29,44,3,3365.31695106868,1486.14819451919,0,88,0,102,0,0,0
29,44,4,3408.90435355281,2037.22848784856,0,9,0,41,0,0,0
29,44,5,3306.80689842701,1834.97785069755,0,51,0,47,0,0,0
29,44,6,3496.94309797197,1360.17580742422,0,48,0,82,0,0,0
29,44,7,19424.5170552738,8523.28475145079,1,197,0,197,0,0,0
29,44,8,0,1,0,0,0,0,0,0,0
29,45,1,3277.13432384046,2036.43252714675,0,0,0,76,0,0,0
29,45,2,3370.42881368803,1338.36930687821,0,0,0,116,0,0,0
29,45,3,3399.56464603956,1020.14013206736,0,0,0,148,0,0,0
29,45,4,3451.47161073813,1632.28123798706,0,0,0,199,0,0,0
29,45,5,3346.52841833383,575.95979301888,0,0,0,183,0,0,0
29,45,6,3534.17010607298,741.299553419058,0,0,0,136,0,0,0
29,45,7,19439.6726618018,6686.72778880087,30,0,0,195,0,0,0
29,45,8,0,1,0,0,0,0,0,0,0
29,46,1,3342.82114952887,2014.84838983332,0,0,0,197,0,0,0
29,46,2,3418.25195933072,702.005402260682,0,0,0,133,0,0,0
29,46,3,3432.59853425788,1353.60492735688,0,0,0,102,0,0,0
29,46,4,3512.68177783683,1142.35216150112,0,0,0,163,0,0,0
29,46,5,3365.67915354719,2101.49163184944,0,0,0,57,0,0,0
29,46,6,3572.99692033909,876.865505362185,0,0,0,74,0,0,0
29,46,7,19497.3941640828,7401.50929730474,22,0,0,210,0,0,0
29,46,8,0,1,0,0,0,0,0,0,0
29,47,1,3391.33104528817,919.471248039192,0,0,0,188,0,0,0
29,47,2,3431.20427015568,1172.34219824972,0,0,0,70,0,0,0
29,47,3,3465.59706111152,1292.14247085688,0,0,0,135,0,0,0
29,47,4,3541.60291208389,1961.87066089592,0,0,0,114,0,0,0
29,47,5,3408.75205570119,798.781494018768,2,0,0,170,0,0,0
29,47,6,3594.51383660716,1136.06884739774,0,0,0,87,0,0,0
29,47,7,19527.2004362917,8252.46808952044,29,0,0,220,0,0,0
29,47,8,0,1,0,0,0,0,0,0,0
29,48,1,3405.33213066129,1071.42412193143,0,0,0,91,0,0,0
29,48,2,3454.92131234724,1690.4120362251,0,0,0,117,0,0,0
29,48,3,3494.11086408241,1426.68052453716,0,0,0,129,0,0,0
29,48,4,3604.94657109097,1457.55737210552,0,0,0,196,0,0,0
29,48,5,3417.27929035949,1199.28572941981,0,0,0,79,0,0,0
29,48,6,3625.49201107816,1401.4230322856,0,0,0,113,0,0,0
29,48,7,19566.1463319409,5238.97338887216,29,0,0,263,0,0,8
29,48,8,0,1,0,0,0,0,0,0,0
29,49,1,3419.83525725745,1442.45814142221,0,0,0,107,0,0,0
29,49,2,3485.09328000527,1443.86238216995,1,0,0,162,0,0,0
29,49,3,3516.54517253148,929.358757284359,0,0,0,142,0,0,0
29,49,4,3630.17243753021,1249.64845690787,0,0,0,142,0,0,0
29,49,5,3433.88314118935,1312.46015353917,0,0,0,119,0,0,0
29,49,6,3655.43103622601,1427.25737358726,0,0,0,140,0,0,0
29,49,7,19565.7722043118,7672.17242895419,85,0,0,166,0,0,0
29,49,8,0,1,0,0,0,0,0,0,0
29,50,1,3463.67709242991,2633.19686023107,0,0,0,144,0,0,0
29,50,2,3522.42243253287,1511.66362676088,0,0,0,144,0,0,0
29,50,3,3546.19939463956,1837.37345381993,0,0,0,92,0,0,0
29,50,4,3666.78004430735,1520.14951396835,0,0,0,124,0,0,0
29,50,5,3462.69709327343,2193.36576492242,0,0,0,131,0,0,0
29,50,6,3707.69824959892,1277.29296246832,0,0,0,142,0,0,0
29,50,7,19608.4535617925,7923.05425042045,40,0,0,213,0,0,0
29,50,8,0,1,0,0,0,0,0,0,0
29,51,1,3550.56906169151,1278.20627340304,2,0,0,223,0,0,0
29,51,2,3567.67034002589,629.593306825883,0,0,0,151,0,0,0
29,51,3,3615.1797897768,469.448702298023,0,0,0,183,0,0,0
29,51,4,3724.44074457851,1622.45005800241,0,0,0,152,0,0,0
29,51,5,3517.43776690296,1077.29059904383,1,0,0,192,0,0,0
29,51,6,3764.64130371821,1268.44330508442,0,0,0,127,0,0,0
29,51,7,19652.1064198746,7921.5867157325,36,0,0,183,0,0,0
29,51,8,0,1,0,0,0,0,0,0,0
29,52,1,3571.92457631612,1580.16923749701,0,0,0,127,0,0,0
29,52,2,3566.34619829376,1636.10477724099,0,0,0,62,0,0,0
29,52,3,3606.09428436367,1927.07635175442,0,0,0,46,0,0,0
29,52,4,3752.30784011887,898.644476318091,0,0,0,162,0,0,0
29,52,5,3533.45350962416,1927.47883785834,0,0,0,107,0,0,0
29,52,6,3795.4259360071,2106.30498029285,0,0,0,126,0,0,0
29,52,7,19665.9228643489,6730.95437541128,38,0,0,188,0,0,4
29,52,8,0,1,0,0,0,0,0,0,0
29,53,1,3630.54501502378,1381.91601416447,0,0,0,158,0,0,0
29,53,2,3600.67755212177,1594.1893000295,0,0,0,161,0,0,0
29,53,3,3669.95322335188,1742.38271354943,0,0,0,192,0,0,0
29,53,4,3770.86229942146,894.469904817609,0,0,0,89,0,0,0
29,53,5,3604.55551806022,1171.56183696688,0,0,0,192,0,0,0
29,53,6,3873.57434359207,1590.01010664894,0,0,0,200,0,0,7
29,53,7,19700.3099626498,3588.68820986364,134,0,0,175,0,0,1
29,53,8,0,1,0,0,0,0,0,0,0
29,54,1,3651.00700481937,1620.16721028242,17,0,0,114,0,0,0
29,54,2,3616.19100840099,2034.93407290345,13,0,0,141,0,0,0
29,54,3,3681.09741292787,1721.00900820322,33,0,0,128,0,0,0
29,54,4,3766.9322988778,1714.25117844749,0,0,0,89,0,0,0
29,54,5,3621.69506344382,1919.62062467861,0,0,0,117,0,0,0
29,54,6,3897.66401151279,1633.31155256585,26,0,0,122,0,0,0
29,54,7,19710.6187828431,7890.57430000841,137,0,0,166,0,0,0
29,54,8,0,1,0,0,0,0,0,0,0
29,55,1,3737.8026603039,912.866007490602,0,0,0,162,0,0,0
29,55,2,3697.69427511958,1747.95718689687,0,0,0,194,0,0,0
29,55,3,3759.57895558121,746.425387689017,0,0,0,172,0,0,0
29,55,4,3842.20864650513,1450.16443204204,0,0,0,171,0,0,0
29,55,5,3698.14254353877,699.638100075406,0,0,0,191,0,0,0
29,55,6,3995.38943979695,1195.53603898794,0,0,0,163,0,0,0
29,55,7,19773.8555427783,4763.65502188082,34,0,0,203,0,0,0
29,55,8,0,1,0,0,0,0,0,0,0
29,56,1,3742.90696637246,979.69473997961,0,0,0,91,0,0,0
29,56,2,3730.95210774657,1328.48814569508,0,0,0,174,0,0,0
29,56,3,3760.58412997979,1278.27834230321,0,0,0,74,0,0,0
29,56,4,3859.77532013257,1552.9317095324,0,0,0,145,0,0,0
29,56,5,3695.51590160228,1019.89606617009,0,0,0,69,0,0,0
29,56,6,4020.79860850259,1560.47824048333,0,0,0,119,0,0,0
29,56,7,19788.0668106013,5146.10986306417,44,0,0,210,0,0,1
29,56,8,0,1,0,0,0,0,0,0,0
29,57,1,3732.6491760247,2043.03621934567,0,51,0,46,0,0,0
29,57,2,3712.56713903732,1043.02203531949,0,75,0,57,0,0,0
29,57,3,3751.98775149499,1360.28167439867,0,67,0,60,0,0,0
29,57,4,3860.81919508331,889.444640374469,0,68,0,87,0,0,0
29,57,5,3678.5903547722,951.758224282027,0,69,0,32,0,0,0
29,57,6,4028.54009646429,1262.59142753762,0,85,0,71,0,0,0
29,57,7,19810.9848685469,6969.74630759889,0,268,0,246,0,0,0
29,57,8,0,1,0,0,0,0,0,0,0
29,58,1,3774.2425140705,951.374260996756,0,0,0,204,0,0,0
29,58,2,3729.63941536701,2004.35874659459,0,0,0,104,0,0,0
29,58,3,3791.99277667102,1654.42555988597,0,0,0,136,0,0,0
29,58,4,3876.77580597348,1190.26840020784,0,0,0,88,0,0,0
29,58,5,3712.40087717225,1053.6969496216,0,0,0,95,0,0,0
29,58,6,4077.60323058082,1032.90366654038,0,0,0,126,0,0,0
29,58,7,19869.2703649336,14767.7817888486,24,0,0,239,0,0,0
29,58,8,0,1,0,0,0,0,0,0,0
29,59,1,3782.48064185688,1499.57614697318,0,0,0,95,0,0,0
29,59,2,3758.71072655563,2064.77478867347,0,0,0,187,0,0,0
29,59,3,3823.75537416291,1317.06307275455,0,0,0,165,0,0,0
29,59,4,3902.34422328674,1161.18051554908,0,0,0,119,0,0,0
29,59,5,3730.44492844131,2216.27456895504,0,0,0,105,0,0,0
29,59,6,4104.28546057636,926.292263037961,0,0,0,103,0,0,0
29,59,7,19899.9794863672,11113.9953887064,27,1,0,208,0,0,0
29,59,8,0,1,0,0,0,0,0,0,0
29,60,1,3803.35853929992,1160.2039516675,0,0,0,149,0,0,0
29,60,2,3792.61630879301,1495.06387928044,1,0,0,180,0,0,0
29,60,3,3846.25165183924,1990.09243847879,0,0,0,131,0,0,0
29,60,4,3927.72471946746,1361.3105451408,0,0,0,116,0,0,0
29,60,5,3781.94769982323,1484.90936436427,0,0,0,203,0,0,0
29,60,6,4130.28164401449,1549.35523283308,0,0,0,92,0,0,0
29,60,7,19929.1023543291,6463.96231775487,51,0,0,186,0,0,0
29,60,8,0,1,0,0,0,0,0,0,0
29,61,1,3825.74268095353,1283.03658744829,0,0,0,116,0,0,0
29,61,2,3816.25967591709,740.144658206115,0,0,0,148,0,0,0
29,61,3,3880.59884138928,1329.26940357711,21,0,0,147,0,0,0
29,61,4,3958.4837575744,2078.65338046128,0,0,0,136,0,0,0
29,61,5,3820.79024792992,1760.9809809017,0,0,0,148,0,0,0
29,61,6,4182.11351790954,1560.19572765146,0,0,0,154,0,0,0
29,61,7,19983.3429275888,1418.087277758,162,0,0,254,0,0,0
29,61,8,0,1,0,0,0,0,0,0,0
29,62,1,3796.76357871928,1587.47142228583,128,0,0,0,0,0,0
29,62,2,3802.54639466617,2128.65549490458,37,0,0,37,0,0,0
29,62,3,3878.85365359633,921.158757346536,77,0,0,55,0,0,0
29,62,4,3971.7555935054,1131.64151015074,106,0,0,101,0,0,0
29,62,5,3844.3519362523,2026.01674416163,86,0,0,90,0,0,0
29,62,6,4199.62279238322,1925.29584884192,87,0,0,69,0,0,0
29,62,7,19994.1852978212,9557.60478902455,64,0,0,77,0,0,0
29,62,8,0,1,0,0,0,0,0,0,0
29,63,1,3826.02136381762,1456.61099981099,0,0,0,158,0,0,0
29,63,2,3853.64092647407,1407.85447374212,0,0,0,212,0,0,0
29,63,3,3898.8056139979,896.75873661298,0,0,0,92,0,0,0
29,63,4,4012.40132299317,550.702797737525,0,0,0,113,0,0,0
29,63,5,3907.46968990121,1634.61240765266,0,0,0,202,0,0,0
29,63,6,4263.61521492271,1239.07589030519,0,0,0,192,0,0,0
29,63,7,19994.9416443456,7114.9135241193,29,0,0,222,0,0,0
29,63,8,0,1,0,0,0,0,0,0,0
29,64,1,3871.45611268301,1728.44404933648,0,0,0,145,0,0,0
29,64,2,3888.72953821206,1393.60287363683,0,0,0,140,0,0,0
29,64,3,3911.90700913031,1084.06898463375,0,0,0,89,0,0,0
29,64,4,4029.97170358509,1535.04438244985,0,0,0,55,0,0,0
29,64,5,3973.77186426382,927.794435156271,0,0,0,163,0,0,0
29,64,6,4322.95936086381,1825.1028815183,0,0,0,123,0,0,0
29,64,7,20013.8934051345,14141.2979799811,32,0,0,177,0,0,0
29,64,8,0,1,0,0,0,0,0,0,0
29,65,1,3902.95487489363,928.880588543923,0,0,0,172,0,0,0
29,65,2,3915.33200557775,1500.56552169825,0,0,0,139,0,0,0
29,65,3,3940.37953868276,1158.18611568768,0,0,0,108,0,0,0
29,65,4,4075.25741035405,2044.50507234034,0,0,0,153,0,0,0
29,65,5,3999.66421208111,2557.37517447688,0,0,0,92,0,0,0
29,65,6,4384.14507570203,2096.52744885162,0,0,0,182,0,0,0
29,65,7,20004.0621913503,9173.62296194224,31,0,0,206,0,0,0
29,65,8,0,1,0,0,0,0,0,0,0
29,66,1,3923.77863624755,1068.15121805101,0,0,0,92,0,0,0
29,66,2,3959.76122881429,1382.96501522271,0,0,0,150,0,0,0
29,66,3,3985.24346148757,1181.34176142561,0,0,0,115,0,0,0
29,66,4,4137.18547399947,2402.72925943936,6,0,0,169,0,0,0
29,66,5,4067.91809117312,1080.0061095588,14,0,0,168,0,0,0
29,66,6,4475.77634414958,750.325130858094,0,0,0,209,0,0,0
29,66,7,20010.5296806337,11205.8333529855,122,0,0,184,0,0,0
29,66,8,0,1,0,0,0,0,0,0,0
29,67,1,3940.6212306908,1364.01293865499,0,0,0,106,0,0,0
29,67,2,3977.41055481985,957.740390193202,0,0,0,138,0,0,0
29,67,3,4001.4669873995,1454.96722680577,0,0,0,118,0,0,0
29,67,4,4185.03274807205,1895.08129867481,3,0,0,197,0,0,0
29,67,5,4097.86276956528,1689.95247891681,0,0,0,108,0,0,0
29,67,6,4491.28139865331,1723.82105246921,0,0,0,75,0,0,0
29,67,7,20023.3862394223,5840.31953015968,68,0,0,245,0,0,0
29,67,8,0,1,0,0,0,0,0,0,0
29,68,1,3972.9533476027,1304.33831264268,6,0,0,126,0,0,0
29,68,2,3990.89058486118,2642.70268207313,0,0,0,95,0,0,0
29,68,3,4045.55805737771,1248.57287149715,0,0,0,145,0,0,0
29,68,4,4228.98868317003,2685.67496687068,24,0,0,151,0,0,0
29,68,5,4146.06913815918,2373.27501700847,14,0,0,146,0,0,0
29,68,6,4551.94216897595,2743.78034495096,15,0,0,148,0,0,0
29,68,7,20058.9751354243,11001.573886431,201,0,0,261,0,0,1
29,68,8,0,1,0,0,0,0,0,0,0
29,69,1,3986.26685117301,949.911338151676,0,0,0,130,0,0,0
29,69,2,4025.71738993795,2779.56571956379,5,0,0,174,0,0,0
29,69,3,4064.91836889641,2036.97527234693,0,0,0,124,0,0,0
29,69,4,4277.21151043957,1273.49682434305,3,0,0,209,0,0,0
29,69,5,4210.46714539889,1429.79576733898,1,0,0,190,0,0,0
29,69,6,4631.42572085201,647.113620789036,3,0,0,209,0,0,0
29,69,7,20069.7724875653,2661.55716743884,51,0,0,198,0,0,0
29,69,8,0,1,0,0,0,0,0,0,0
29,70,1,3995.70446865808,1331.12314816419,0,0,0,94,0,0,0
29,70,2,4050.79422760212,2534.3629725464,58,0,0,144,0,0,0
29,70,3,4094.4630802944,1884.7327104154,20,0,0,157,0,0,0
29,70,4,4296.36233672372,2304.50299083895,0,0,0,127,0,0,0
29,70,5,4240.41863362848,2051.54866025473,3,0,0,133,0,0,1
29,70,6,4643.28615685132,1577.33080583678,0,0,0,64,0,0,0
29,70,7,20075.6991717458,7093.90893747574,44,0,0,164,0,0,0
29,70,8,0,1,0,0,0,0,0,0,0
29,71,1,4050.09571450818,2507.60196654269,0,0,0,133,0,0,0
29,71,2,4127.56816148119,1566.45751232918,5,0,0,164,0,0,0
29,71,3,4177.36184545303,1735.24067038545,0,0,0,188,0,0,0
29,71,4,4408.55132127189,2465.18765588794,0,0,0,230,0,0,0
29,71,5,4333.17647527161,1953.02430824591,1,0,0,187,0,0,0
29,71,6,4771.43881366666,2241.02571394701,0,0,0,157,0,0,0
29,71,7,20127.5160808563,7946.89538312337,30,0,0,203,0,0,0
29,71,8,0,1,0,0,0,0,0,0,0
29,72,1,4191.45549748791,1131.26646459288,1,0,0,219,0,0,0
29,72,2,4212.04808615805,1276.12561995328,0,0,0,156,0,0,0
29,72,3,4295.31963399363,1684.67675092297,0,0,0,173,0,0,0
29,72,4,4534.35739659578,1335.81148848112,1,0,0,224,0,0,0
29,72,5,4461.79581601447,1895.70838901975,0,0,0,195,0,0,0
29,72,6,4936.76358001078,1535.47421340037,0,0,0,210,0,0,0
29,72,7,20196.1334473183,5439.60976815617,31,0,0,204,0,0,0
29,72,8,0,1,0,0,0,0,0,0,0
29,73,1,4210.18951142808,2355.57864617275,0,0,0,113,0,0,0
29,73,2,4238.52210171418,1049.62997075548,0,0,0,127,0,0,0
29,73,3,4331.44195141501,1841.17239758669,3,0,0,163,0,0,0
29,73,4,4569.39098020675,2982.10742933583,0,0,0,133,0,0,0
29,73,5,4487.0710669322,1807.91551635099,32,0,0,135,0,0,0
29,73,6,4993.10314504934,1797.2879836138,3,0,0,148,0,0,0
29,73,7,20211.1172022846,15378.7930445879,201,0,0,202,0,0,0
29,73,8,0,1,0,0,0,0,0,0,0
29,74,1,4227.15967732226,2317.5764067639,1,0,0,185,0,0,0
29,74,2,4237.50902929121,1083.87998440536,0,0,0,104,0,0,0
29,74,3,4363.46915256456,1498.73990037746,0,0,0,184,0,0,0
29,74,4,4598.51700101112,2175.60623923102,2,0,0,193,0,0,0
29,74,5,4513.2245114406,827.40752649737,0,0,0,178,0,0,0
29,74,6,5038.08635443376,1255.97310643403,0,0,0,175,0,0,0
29,74,7,20206.4171951719,13159.3527406797,37,0,0,221,0,0,0
29,74,8,0,1,0,0,0,0,0,0,0
29,75,1,4275.88490040225,2035.00311901543,0,0,0,229,0,0,0
29,75,2,4245.03749242648,1019.40753954648,0,0,0,108,0,0,0
29,75,3,4382.95467843061,2222.50050950222,0,0,0,149,0,0,0
29,75,4,4625.91696334847,2250.37078698601,0,1,0,188,0,0,0
29,75,5,4502.08157000605,1029.42697381695,0,0,0,82,0,0,0
29,75,6,5061.70102626533,3014.95068471148,0,0,0,125,0,0,0
29,75,7,20198.6286818446,9692.58060865711,0,64,0,207,0,0,0
29,75,8,0,1,0,0,0,0,0,0,0
29,76,1,4305.20361876707,1726.40650585899,0,31,0,141,0,0,0
29,76,2,4239.76129925369,2131.51060984876,0,0,0,101,0,0,0
29,76,3,4412.06651079713,2028.24567045204,0,37,0,148,0,0,0
29,76,4,4650.84590182458,1619.24691547018,0,37,0,150,0,0,0
29,76,5,4523.29544264518,999.560066501969,0,0,0,102,0,0,0
29,76,6,5109.02303279184,1184.59687922095,0,79,0,143,0,0,0
29,76,7,20219.1194712362,5525.26920604854,3,205,0,258,0,0,1
29,76,8,0,1,0,0,0,0,0,0,0
29,77,1,4432.22031881813,1743.1457431819,0,0,0,172,0,0,0
29,77,2,4381.90791249851,1909.90226906544,0,0,0,211,0,0,0
29,77,3,4531.81655933387,2409.2843103234,4,0,0,157,0,0,0
29,77,4,4768.84076444935,1185.45359435644,0,0,0,161,0,0,0
29,77,5,4562.27913225322,1854.27788854131,0,0,0,99,0,0,0
29,77,6,5217.98960487621,1812.75443399256,0,0,0,118,0,0,0
29,77,7,20314.1817360466,11418.899109342,36,0,0,198,0,0,0
29,77,8,0,1,0,0,0,0,0,0,0
29,78,1,4461.80628203477,1450.26619132417,0,0,0,174,0,0,0
29,78,2,4405.52419344869,1503.4455113492,0,0,0,186,0,0,0
29,78,3,4586.09199446469,1824.73538428605,0,0,0,215,0,0,0
29,78,4,4789.40875612912,1329.37261534678,0,0,0,118,0,0,0
29,78,5,4604.89636030456,211.444660599515,0,0,0,185,0,0,0
29,78,6,5271.52606452176,2679.3787179758,0,0,0,181,0,0,0
29,78,7,20339.6790699629,10612.5020071377,28,0,0,204,0,0,0
29,78,8,0,1,0,0,0,0,0,0,0
29,79,1,4468.45176630846,2069.57663439964,0,0,0,145,0,0,0
29,79,2,4439.23795905944,1315.71630944995,0,0,0,150,0,0,0
29,79,3,4636.90691276622,1034.55604100466,0,0,0,180,0,0,0
29,79,4,4807.82128199443,2154.08181058115,0,0,0,132,0,0,0
29,79,5,4589.28382619404,1534.36246364142,0,0,0,21,0,0,0
29,79,6,5384.43672726888,3418.06112768423,0,0,0,246,0,0,2
29,79,7,20365.8839129922,7084.90298636868,26,0,0,201,0,0,0
29,79,8,0,1,0,0,0,0,0,0,0
29,80,1,4495.14330325226,2925.77285468332,38,0,0,138,0,0,0
29,80,2,4448.87594897183,1353.22705002834,0,0,0,131,0,0,0
29,80,3,4660.59578465024,2356.17198053654,0,0,0,103,0,0,0
29,80,4,4845.97341944231,2317.51680071279,40,0,0,142,0,0,0
29,80,5,4640.83595018417,1084.45680082901,0,0,0,153,0,0,0
29,80,6,5459.62120070976,1925.81353089384,104,0,0,154,0,0,0
29,80,7,20403.909742832,6347.95595899642,203,1,0,214,0,0,0
29,80,8,0,1,0,0,0,0,0,0,0
29,81,1,4527.02948688413,2703.58023690657,76,0,0,132,0,0,0
29,81,2,4472.41962611163,1726.59433257194,0,0,0,135,0,0,0
29,81,3,4676.1365436869,2618.12280484192,34,0,0,164,0,0,0
29,81,4,4889.84707998975,1927.79615878941,27,0,0,175,0,0,0
29,81,5,4683.44948037661,2311.92376630975,0,0,0,108,0,0,0
29,81,6,5533.58207252889,2644.24570675706,8,0,0,175,0,0,0
29,81,7,20425.31493742,9863.95681213323,162,1,0,172,0,0,5
29,81,8,0,1,0,0,0,0,0,0,0
29,82,1,4584.52887806191,1642.68508182942,0,5,0,182,0,0,0
29,82,2,4523.47269097742,1779.21606447525,0,0,0,172,0,0,0
29,82,3,4755.02661322774,2759.47915177517,0,2,0,212,0,0,0
29,82,4,4983.75915362024,1554.80287697715,0,0,0,190,0,0,0
29,82,5,4773.87137655517,2302.83009531955,0,1,0,200,0,0,0
29,82,6,5616.72209566585,2948.17543139445,0,4,0,185,0,0,0
29,82,7,20456.1713323354,11096.7336175257,0,44,0,195,0,0,0
29,82,8,0,1,0,0,0,0,0,0,0
29,83,1,4569.03952629298,2343.13469602227,0,108,0,56,0,0,0
29,83,2,4502.75646751754,1482.96473503164,0,78,0,99,0,0,0
29,83,3,4766.36116220692,1193.02843923434,0,149,0,126,0,0,0
29,83,4,4969.37032198311,1524.24825050895,0,87,0,68,0,0,0
29,83,5,4788.81646647453,2860.28287057287,0,116,0,114,0,0,0
29,83,6,5647.22339788193,814.182520221802,0,129,0,165,0,0,0
29,83,7,20532.3083805464,12686.7308329755,0,548,0,523,0,0,0
29,83,8,0,1,0,0,0,0,0,0,0
29,84,1,4647.15180716922,2618.83296201646,0,0,0,234,0,0,0
29,84,2,4552.12506113434,1677.4106462898,0,0,0,148,0,0,0
29,84,3,4794.98496101842,1673.50199065017,0,0,0,119,0,0,0
29,84,4,5012.55906894116,2200.28753566185,0,0,0,152,0,0,0
29,84,5,4866.77861590632,2979.06975852793,1,0,0,212,0,0,0
29,84,6,5669.74464556273,2756.63203299767,0,0,0,81,0,0,0
29,84,7,20568.6124127804,8683.35174231057,28,0,0,197,0,0,0
29,84,8,0,1,0,0,0,0,0,0,0
29,85,1,4748.10332425276,2094.09339229051,8,0,0,176,0,0,0
29,85,2,4646.55487942137,1703.41748210538,0,0,0,166,0,0,0
29,85,3,4920.27236165663,2525.44611261621,0,0,0,167,0,0,0
29,85,4,5134.5256636868,1303.55590281352,2,0,0,192,0,0,0
29,85,5,5026.74784491587,1045.12271191869,11,0,0,182,0,0,0
29,85,6,5794.37798547304,1216.42863618189,10,0,0,165,0,0,0
29,85,7,20673.5870098433,6849.83001265612,63,0,0,205,0,0,0
29,85,8,0,1,0,0,0,0,0,0,0
29,86,1,4911.3780390191,2454.78513368242,8,0,0,170,0,0,0
29,86,2,4758.86729959961,2057.1248405813,0,0,0,170,0,0,0
29,86,3,5105.35428998908,2003.58324337247,11,0,0,199,0,0,0
29,86,4,5262.83959746946,1115.99434907462,0,0,0,130,0,0,0
29,86,5,5177.71097819077,1047.10205284472,0,0,0,104,0,0,0
29,86,6,5929.44581341749,3228.84269417681,0,0,0,121,0,0,0
29,86,7,20795.5513541869,8617.53377408114,107,0,0,185,0,0,3
29,86,8,0,1,0,0,0,0,0,0,0
29,87,1,5019.97918591858,2550.10094818434,5,0,0,172,0,0,0
29,87,2,4880.3214623939,2755.74160510525,0,0,0,205,0,0,0
29,87,3,5257.35087068876,2462.75239475765,2,0,0,170,0,0,0
29,87,4,5337.32081352415,2231.49972605459,0,0,0,111,0,0,0
29,87,5,5279.64178040296,2020.12851252738,0,0,0,104,0,0,0
29,87,6,6088.05658651503,1908.29178352716,10,0,0,203,0,0,0
29,87,7,20897.5881550346,12074.7859448062,58,0,0,188,0,0,2
29,87,8,0,1,0,0,0,0,0,0,0
29,88,1,5086.821685668,2059.19772475614,2,0,0,211,0,0,0
29,88,2,4957.15939514686,1991.45793844993,4,0,0,190,0,0,0
29,88,3,5326.42833628786,2383.46658014367,3,0,0,166,0,0,0
29,88,4,5427.1065117247,2170.12520013126,0,0,0,222,0,0,0
29,88,5,5389.40840699934,1423.70615301755,0,0,0,200,0,0,0
29,88,6,6180.18256948389,2787.18799081542,0,0,0,190,0,0,0
29,88,7,20974.6205529088,10257.9166728812,46,0,0,255,0,0,0
29,88,8,0,1,0,0,0,0,0,0,0
29,89,1,5153.29259345152,1781.20566065869,3,0,0,187,0,0,0
29,89,2,5022.05558514519,573.46331177869,3,0,0,179,0,0,0
29,89,3,5385.37875864266,1433.60424495805,9,0,0,180,0,0,0
29,89,4,5518.23432804099,2332.17912716166,4,0,0,189,0,0,0
29,89,5,5444.28122362365,2360.09792133402,0,0,0,142,0,0,0
29,89,6,6279.89041005526,1938.65630663915,13,0,0,196,0,0,0
29,89,7,21029.7250166938,10663.9819448996,140,0,0,183,0,0,0
29,89,8,0,1,0,0,0,0,0,0,0
29,90,1,5211.85325887696,3117.92909915074,1,0,0,170,0,0,0
29,90,2,5024.38256695598,2942.87589302454,0,0,0,57,0,0,0
29,90,3,5448.93257742184,2062.84772108983,0,0,0,143,0,0,0
29,90,4,5620.47840650702,2717.51090253995,8,0,0,187,0,0,0
29,90,5,5527.36519681072,3394.74900019888,11,0,0,167,0,0,0
29,90,6,6388.46510689017,2608.19052781044,1,0,0,183,0,0,0
29,90,7,21071.1973946334,4409.46951210491,156,0,0,172,0,0,1
29,90,8,0,1,0,0,0,0,0,0,0
29,91,1,5401.78002458941,1069.56180528978,77,0,0,134,0,0,0
29,91,2,5155.48974859268,2784.1239138976,65,0,0,144,0,0,0
29,91,3,5654.92133652489,3124.35216667577,24,0,0,151,0,0,0
29,91,4,5812.9447874335,3255.60922937021,47,0,0,161,0,0,2
29,91,5,5786.95127480959,2734.1956059471,76,0,0,162,0,0,2
29,91,6,6599.79551590061,1640.26562251277,45,0,0,157,0,0,0
29,91,7,21237.7809472525,11560.5139001693,111,0,0,185,0,0,0
29,91,8,0,1,0,0,0,0,0,0,0
29,92,1,5443.49032464682,3009.18053650269,0,0,0,106,0,0,0
29,92,2,5194.24898798495,2402.74538521328,3,0,0,180,0,0,0
29,92,3,5744.21724377791,3632.69164481652,3,0,0,217,0,0,0
29,92,4,5916.08104424199,3397.71952549595,1,0,0,292,0,0,0
29,92,5,5867.93418149757,2188.1124048484,3,0,0,190,0,0,0
29,92,6,6684.47006002569,1888.77357279804,0,0,0,164,0,0,0
29,92,7,21269.8230954015,13184.4824267186,36,0,0,184,0,0,0
29,92,8,0,1,0,0,0,0,0,0,0
29,93,1,5542.6933104589,1402.54502493695,2,0,0,219,0,0,0
29,93,2,5287.85802115048,2112.42711459109,0,0,0,221,0,0,1
29,93,3,5865.36521122518,4236.52109374526,1,0,0,255,0,0,0
29,93,4,6003.56027763627,2645.71275619118,4,0,0,182,0,0,1
29,93,5,5974.67021023422,1680.45092546317,0,0,0,217,0,0,0
29,93,6,6799.11082983596,3057.40699376786,0,0,0,187,0,0,0
29,93,7,21317.7439810592,13563.3578610214,33,0,0,217,0,0,0
29,93,8,0,1,0,0,0,0,0,0,0
29,94,1,5593.27616942483,2142.28523449358,0,0,0,140,0,0,0
29,94,2,5354.98063699972,1819.05873211215,0,0,0,199,0,0,0
29,94,3,5974.76106913072,3209.72752121902,5,0,0,208,0,0,1
29,94,4,6133.23093115797,2017.31114303076,0,0,0,233,0,0,0
29,94,5,6053.8703839617,3162.68986941374,0,0,0,168,0,0,0
29,94,6,6950.95420881591,2794.0577032055,0,0,0,239,0,0,4
29,94,7,21354.5606260007,3181.96840034169,27,0,0,268,0,0,0
29,94,8,0,1,0,0,0,0,0,0,0
29,95,1,5650.58086159413,2039.03799429368,52,0,0,136,0,0,0
29,95,2,5421.99886602092,2888.00320254889,20,0,0,151,0,0,0
29,95,3,6060.09468033105,2908.87969462668,107,0,0,160,0,0,0
29,95,4,6223.4543899842,3171.18069149809,38,0,0,144,0,0,0
29,95,5,6134.38958772228,1868.81152792075,110,0,0,151,0,0,0
29,95,6,7071.26430909997,1534.9988541503,71,0,0,172,0,0,0
29,95,7,21374.0392430754,4617.51534396612,117,0,0,142,0,0,0
29,95,8,0,1,0,0,0,0,0,0,0
29,96,1,5796.83575743654,2072.95315894207,3,0,0,175,0,0,0
29,96,2,5567.83891145529,1533.76034028186,11,0,0,189,0,0,2
29,96,3,6256.45831034208,3854.06579772474,4,0,0,250,0,0,0
29,96,4,6405.54247845091,3394.84720831075,16,0,0,175,0,0,3
29,96,5,6305.60146243316,3620.98261969535,2,0,0,164,0,0,0
29,96,6,7315.77659781059,3454.98222422802,0,0,0,153,0,0,0
29,96,7,21431.6191694722,11380.868001447,34,0,0,189,0,0,0
29,96,8,0,1,0,0,0,0,0,0,0
29,97,1,5923.35121901683,715.25604204718,0,0,0,207,0,0,0
29,97,2,5649.50828880687,2262.95141071209,0,0,0,153,0,0,0
29,97,3,6425.12493761666,3824.16083759757,2,0,0,226,0,0,0
29,97,4,6531.96886779245,3897.50001222362,4,0,0,197,0,0,0
29,97,5,6514.99629956792,2713.26631047671,5,0,0,189,0,0,0
29,97,6,7505.30296459322,2585.24706755954,3,0,0,209,0,0,0
29,97,7,21479.9022991214,5680.33515766044,28,0,0,235,0,0,0
29,97,8,0,1,0,0,0,0,0,0,0
29,98,1,5937.26822700503,1145.83068683041,0,0,0,71,0,0,0
29,98,2,5892.28544932601,2226.38801281892,0,0,0,223,0,0,0
29,98,3,6610.8449458786,2664.36139933553,21,0,0,191,0,0,1
29,98,4,6709.97142650478,3209.83936562967,25,0,0,165,0,0,0
29,98,5,6824.84627609344,2386.67408700978,3,0,0,232,0,0,3
29,98,6,7762.30290546458,4605.40827249874,7,0,0,189,0,0,0
29,98,7,21534.2580347378,12445.3969556228,43,0,0,184,0,0,0
29,98,8,0,1,0,0,0,0,0,0,0
29,99,1,6001.87009012814,2963.79607041577,0,0,0,114,0,0,0
29,99,2,5999.49670484446,1696.1456410468,1,0,0,191,0,0,0
29,99,3,6796.73675440017,3072.31021409848,1,0,0,228,0,0,0
29,99,4,6886.25077536494,2375.14787405723,1,0,0,282,0,0,0
29,99,5,6963.1817865725,3180.28084642821,1,0,0,207,0,0,0
29,99,6,7965.56495219557,2569.7650450608,6,0,0,264,0,0,0
29,99,7,21546.7012536422,10573.0113324636,34,0,0,192,0,0,0
29,99,8,0,1,0,0,0,0,0,0,0
29,100,1,6140.11694027674,3336.8704075951,1,0,0,262,0,0,1
29,100,2,6047.7463018096,1701.78091779613,0,0,0,169,0,0,0
29,100,3,6956.13304807741,3420.99432145339,2,0,0,243,0,0,0
29,100,4,7063.96726994561,2137.57878862981,0,0,0,235,0,0,0
29,100,5,7153.32760343392,4454.47841745205,4,0,0,203,0,0,0
29,100,6,8125.75141655497,2711.39660930284,1,0,0,202,0,0,0
29,100,7,21551.9744227948,5956.11918583811,29,0,0,211,0,0,0
29,100,8,0,1,0,0,0,0,0,0,0
30,1,1,2729.504,982.842064716303,0,0,0,79,0,0,0
30,1,2,2736.76,1067.61830363199,0,0,0,96,0,0,0
30,1,3,2731.936,1574.18143787984,0,0,0,79,0,0,0
30,1,4,2734.432,632.67912119049,0,0,0,95,0,0,0
30,1,5,2732.504,1523.74574091806,0,0,0,93,0,0,0
30,1,6,2721.664,847.719104163716,0,0,0,29,0,0,0
30,1,7,20780.5215999999,12448.1459475684,0,0,0,13,0,0,0
30,1,8,0,0,0,0,0,97,0,0,0
30,2,1,NA,NA,NA,NA,NA,NA,NA,NA,NA
30,2,2,NA,NA,NA,NA,NA,NA,NA,NA,NA
30,2,3,NA,NA,NA,NA,NA,NA,NA,NA,NA
30,2,4,NA,NA,NA,NA,NA,NA,NA,NA,NA
30,2,5,NA,NA,NA,NA,NA,NA,NA,NA,NA
30,2,6,NA,NA,NA,NA,NA,NA,NA,NA,NA
30,2,7,NA,NA,NA,NA,NA,NA,NA,NA,NA
30,2,8,NA,NA,NA,NA,NA,NA,NA,NA,NA
30,3,1,NA,NA,NA,NA,NA,NA,NA,NA,NA
30,3,2,NA,NA,NA,NA,NA,NA,NA,NA,NA
30,3,3,NA,NA,NA,NA,NA,NA,NA,NA,NA
30,3,4,NA,NA,NA,NA,NA,NA,NA,NA,NA
30,3,5,NA,NA,NA,NA,NA,NA,NA,NA,NA
30,3,6,NA,NA,NA,NA,NA,NA,NA,NA,NA
30,3,7,NA,NA,NA,NA,NA,NA,NA,NA,NA
30,3,8,NA,NA,NA,NA,NA,NA,NA,NA,NA
30,4,1,NA,NA,NA,NA,NA,NA,NA,NA,NA
30,4,2,NA,NA,NA,NA,NA,NA,NA,NA,NA
30,4,3,NA,NA,NA,NA,NA,NA,NA,NA,NA
30,4,4,NA,NA,NA,NA,NA,NA,NA,NA,NA
30,4,5,NA,NA,NA,NA,NA,NA,NA,NA,NA
30,4,6,NA,NA,NA,NA,NA,NA,NA,NA,NA
30,4,7,NA,NA,NA,NA,NA,NA,NA,NA,NA
30,4,8,NA,NA,NA,NA,NA,NA,NA,NA,NA
30,5,1,NA,NA,NA,NA,NA,NA,NA,NA,NA
30,5,2,NA,NA,NA,NA,NA,NA,NA,NA,NA
30,5,3,NA,NA,NA,NA,NA,NA,NA,NA,NA
30,5,4,NA,NA,NA,NA,NA,NA,NA,NA,NA
30,5,5,NA,NA,NA,NA,NA,NA,NA,NA,NA
30,5,6,NA,NA,NA,NA,NA,NA,NA,NA,NA
30,5,7,NA,NA,NA,NA,NA,NA,NA,NA,NA
30,5,8,NA,NA,NA,NA,NA,NA,NA,NA,NA
30,6,1,NA,NA,NA,NA,NA,NA,NA,NA,NA
30,6,2,NA,NA,NA,NA,NA,NA,NA,NA,NA
30,6,3,NA,NA,NA,NA,NA,NA,NA,NA,NA
30,6,4,NA,NA,NA,NA,NA,NA,NA,NA,NA
30,6,5,NA,NA,NA,NA,NA,NA,NA,NA,NA
30,6,6,NA,NA,NA,NA,NA,NA,NA,NA,NA
30,6,7,NA,NA,NA,NA,NA,NA,NA,NA,NA
30,6,8,NA,NA,NA,NA,NA,NA,NA,NA,NA
30,7,1,NA,NA,NA,NA,NA,NA,NA,NA,NA
30,7,2,NA,NA,NA,NA,NA,NA,NA,NA,NA
30,7,3,NA,NA,NA,NA,NA,NA,NA,NA,NA
30,7,4,NA,NA,NA,NA,NA,NA,NA,NA,NA
30,7,5,NA,NA,NA,NA,NA,NA,NA,NA,NA
30,7,6,NA,NA,NA,NA,NA,NA,NA,NA,NA
30,7,7,NA,NA,NA,NA,NA,NA,NA,NA,NA
30,7,8,NA,NA,NA,NA,NA,NA,NA,NA,NA
30,8,1,NA,NA,NA,NA,NA,NA,NA,NA,NA
30,8,2,NA,NA,NA,NA,NA,NA,NA,NA,NA
30,8,3,NA,NA,NA,NA,NA,NA,NA,NA,NA
30,8,4,NA,NA,NA,NA,NA,NA,NA,NA,NA
30,8,5,NA,NA,NA,NA,NA,NA,NA,NA,NA
30,8,6,NA,NA,NA,NA,NA,NA,NA,NA,NA
30,8,7,NA,NA,NA,NA,NA,NA,NA,NA,NA
30,8,8,NA,NA,NA,NA,NA,NA,NA,NA,NA
30,9,1,NA,NA,NA,NA,NA,NA,NA,NA,NA
30,9,2,NA,NA,NA,NA,NA,NA,NA,NA,NA
30,9,3,NA,NA,NA,NA,NA,NA,NA,NA,NA
30,9,4,NA,NA,NA,NA,NA,NA,NA,NA,NA
30,9,5,NA,NA,NA,NA,NA,NA,NA,NA,NA
30,9,6,NA,NA,NA,NA,NA,NA,NA,NA,NA
30,9,7,NA,NA,NA,NA,NA,NA,NA,NA,NA
30,9,8,NA,NA,NA,NA,NA,NA,NA,NA,NA
30,10,1,NA,NA,NA,NA,NA,NA,NA,NA,NA
30,10,2,NA,NA,NA,NA,NA,NA,NA,NA,NA
30,10,3,NA,NA,NA,NA,NA,NA,NA,NA,NA
30,10,4,NA,NA,NA,NA,NA,NA,NA,NA,NA
30,10,5,NA,NA,NA,NA,NA,NA,NA,NA,NA
30,10,6,NA,NA,NA,NA,NA,NA,NA,NA,NA
30,10,7,NA,NA,NA,NA,NA,NA,NA,NA,NA
30,10,8,NA,NA,NA,NA,NA,NA,NA,NA,NA
30,11,1,NA,NA,NA,NA,NA,NA,NA,NA,NA
30,11,2,NA,NA,NA,NA,NA,NA,NA,NA,NA
30,11,3,NA,NA,NA,NA,NA,NA,NA,NA,NA
30,11,4,NA,NA,NA,NA,NA,NA,NA,NA,NA
30,11,5,NA,NA,NA,NA,NA,NA,NA,NA,NA
30,11,6,NA,NA,NA,NA,NA,NA,NA,NA,NA
30,11,7,NA,NA,NA,NA,NA,NA,NA,NA,NA
30,11,8,NA,NA,NA,NA,NA,NA,NA,NA,NA
30,12,1,NA,NA,NA,NA,NA,NA,NA,NA,NA
30,12,2,NA,NA,NA,NA,NA,NA,NA,NA,NA
30,12,3,NA,NA,NA,NA,NA,NA,NA,NA,NA
30,12,4,NA,NA,NA,NA,NA,NA,NA,NA,NA
30,12,5,NA,NA,NA,NA,NA,NA,NA,NA,NA
30,12,6,NA,NA,NA,NA,NA,NA,NA,NA,NA
30,12,7,NA,NA,NA,NA,NA,NA,NA,NA,NA
30,12,8,NA,NA,NA,NA,NA,NA,NA,NA,NA
30,13,1,NA,NA,NA,NA,NA,NA,NA,NA,NA
30,13,2,NA,NA,NA,NA,NA,NA,NA,NA,NA
30,13,3,NA,NA,NA,NA,NA,NA,NA,NA,NA
30,13,4,NA,NA,NA,NA,NA,NA,NA,NA,NA
30,13,5,NA,NA,NA,NA,NA,NA,NA,NA,NA
30,13,6,NA,NA,NA,NA,NA,NA,NA,NA,NA
30,13,7,NA,NA,NA,NA,NA,NA,NA,NA,NA
30,13,8,NA,NA,NA,NA,NA,NA,NA,NA,NA
30,14,1,NA,NA,NA,NA,NA,NA,NA,NA,NA
30,14,2,NA,NA,NA,NA,NA,NA,NA,NA,NA
30,14,3,NA,NA,NA,NA,NA,NA,NA,NA,NA
30,14,4,NA,NA,NA,NA,NA,NA,NA,NA,NA
30,14,5,NA,NA,NA,NA,NA,NA,NA,NA,NA
30,14,6,NA,NA,NA,NA,NA,NA,NA,NA,NA
30,14,7,NA,NA,NA,NA,NA,NA,NA,NA,NA
30,14,8,NA,NA,NA,NA,NA,NA,NA,NA,NA
30,15,1,NA,NA,NA,NA,NA,NA,NA,NA,NA
30,15,2,NA,NA,NA,NA,NA,NA,NA,NA,NA
30,15,3,NA,NA,NA,NA,NA,NA,NA,NA,NA
30,15,4,NA,NA,NA,NA,NA,NA,NA,NA,NA
30,15,5,NA,NA,NA,NA,NA,NA,NA,NA,NA
30,15,6,NA,NA,NA,NA,NA,NA,NA,NA,NA
30,15,7,NA,NA,NA,NA,NA,NA,NA,NA,NA
30,15,8,NA,NA,NA,NA,NA,NA,NA,NA,NA
30,16,1,NA,NA,NA,NA,NA,NA,NA,NA,NA
30,16,2,NA,NA,NA,NA,NA,NA,NA,NA,NA
30,16,3,NA,NA,NA,NA,NA,NA,NA,NA,NA
30,16,4,NA,NA,NA,NA,NA,NA,NA,NA,NA
30,16,5,NA,NA,NA,NA,NA,NA,NA,NA,NA
30,16,6,NA,NA,NA,NA,NA,NA,NA,NA,NA
30,16,7,NA,NA,NA,NA,NA,NA,NA,NA,NA
30,16,8,NA,NA,NA,NA,NA,NA,NA,NA,NA
30,17,1,NA,NA,NA,NA,NA,NA,NA,NA,NA
30,17,2,NA,NA,NA,NA,NA,NA,NA,NA,NA
30,17,3,NA,NA,NA,NA,NA,NA,NA,NA,NA
30,17,4,NA,NA,NA,NA,NA,NA,NA,NA,NA
30,17,5,NA,NA,NA,NA,NA,NA,NA,NA,NA
30,17,6,NA,NA,NA,NA,NA,NA,NA,NA,NA
30,17,7,NA,NA,NA,NA,NA,NA,NA,NA,NA
30,17,8,NA,NA,NA,NA,NA,NA,NA,NA,NA
30,18,1,NA,NA,NA,NA,NA,NA,NA,NA,NA
30,18,2,NA,NA,NA,NA,NA,NA,NA,NA,NA
30,18,3,NA,NA,NA,NA,NA,NA,NA,NA,NA
30,18,4,NA,NA,NA,NA,NA,NA,NA,NA,NA
30,18,5,NA,NA,NA,NA,NA,NA,NA,NA,NA
30,18,6,NA,NA,NA,NA,NA,NA,NA,NA,NA
30,18,7,NA,NA,NA,NA,NA,NA,NA,NA,NA
30,18,8,NA,NA,NA,NA,NA,NA,NA,NA,NA
30,19,1,NA,NA,NA,NA,NA,NA,NA,NA,NA
30,19,2,NA,NA,NA,NA,NA,NA,NA,NA,NA
30,19,3,NA,NA,NA,NA,NA,NA,NA,NA,NA
30,19,4,NA,NA,NA,NA,NA,NA,NA,NA,NA
30,19,5,NA,NA,NA,NA,NA,NA,NA,NA,NA
30,19,6,NA,NA,NA,NA,NA,NA,NA,NA,NA
30,19,7,NA,NA,NA,NA,NA,NA,NA,NA,NA
30,19,8,NA,NA,NA,NA,NA,NA,NA,NA,NA
30,20,1,NA,NA,NA,NA,NA,NA,NA,NA,NA
30,20,2,NA,NA,NA,NA,NA,NA,NA,NA,NA
30,20,3,NA,NA,NA,NA,NA,NA,NA,NA,NA
30,20,4,NA,NA,NA,NA,NA,NA,NA,NA,NA
30,20,5,NA,NA,NA,NA,NA,NA,NA,NA,NA
30,20,6,NA,NA,NA,NA,NA,NA,NA,NA,NA
30,20,7,NA,NA,NA,NA,NA,NA,NA,NA,NA
30,20,8,NA,NA,NA,NA,NA,NA,NA,NA,NA
30,21,1,NA,NA,NA,NA,NA,NA,NA,NA,NA
30,21,2,NA,NA,NA,NA,NA,NA,NA,NA,NA
30,21,3,NA,NA,NA,NA,NA,NA,NA,NA,NA
30,21,4,NA,NA,NA,NA,NA,NA,NA,NA,NA
30,21,5,NA,NA,NA,NA,NA,NA,NA,NA,NA
30,21,6,NA,NA,NA,NA,NA,NA,NA,NA,NA
30,21,7,NA,NA,NA,NA,NA,NA,NA,NA,NA
30,21,8,NA,NA,NA,NA,NA,NA,NA,NA,NA
30,22,1,NA,NA,NA,NA,NA,NA,NA,NA,NA
30,22,2,NA,NA,NA,NA,NA,NA,NA,NA,NA
30,22,3,NA,NA,NA,NA,NA,NA,NA,NA,NA
30,22,4,NA,NA,NA,NA,NA,NA,NA,NA,NA
30,22,5,NA,NA,NA,NA,NA,NA,NA,NA,NA
30,22,6,NA,NA,NA,NA,NA,NA,NA,NA,NA
30,22,7,NA,NA,NA,NA,NA,NA,NA,NA,NA
30,22,8,NA,NA,NA,NA,NA,NA,NA,NA,NA
30,23,1,NA,NA,NA,NA,NA,NA,NA,NA,NA
30,23,2,NA,NA,NA,NA,NA,NA,NA,NA,NA
30,23,3,NA,NA,NA,NA,NA,NA,NA,NA,NA
30,23,4,NA,NA,NA,NA,NA,NA,NA,NA,NA
30,23,5,NA,NA,NA,NA,NA,NA,NA,NA,NA
30,23,6,NA,NA,NA,NA,NA,NA,NA,NA,NA
30,23,7,NA,NA,NA,NA,NA,NA,NA,NA,NA
30,23,8,NA,NA,NA,NA,NA,NA,NA,NA,NA
30,24,1,NA,NA,NA,NA,NA,NA,NA,NA,NA
30,24,2,NA,NA,NA,NA,NA,NA,NA,NA,NA
30,24,3,NA,NA,NA,NA,NA,NA,NA,NA,NA
30,24,4,NA,NA,NA,NA,NA,NA,NA,NA,NA
30,24,5,NA,NA,NA,NA,NA,NA,NA,NA,NA
30,24,6,NA,NA,NA,NA,NA,NA,NA,NA,NA
30,24,7,NA,NA,NA,NA,NA,NA,NA,NA,NA
30,24,8,NA,NA,NA,NA,NA,NA,NA,NA,NA
30,25,1,NA,NA,NA,NA,NA,NA,NA,NA,NA
30,25,2,NA,NA,NA,NA,NA,NA,NA,NA,NA
30,25,3,NA,NA,NA,NA,NA,NA,NA,NA,NA
30,25,4,NA,NA,NA,NA,NA,NA,NA,NA,NA
30,25,5,NA,NA,NA,NA,NA,NA,NA,NA,NA
30,25,6,NA,NA,NA,NA,NA,NA,NA,NA,NA
30,25,7,NA,NA,NA,NA,NA,NA,NA,NA,NA
30,25,8,NA,NA,NA,NA,NA,NA,NA,NA,NA
30,26,1,NA,NA,NA,NA,NA,NA,NA,NA,NA
30,26,2,NA,NA,NA,NA,NA,NA,NA,NA,NA
30,26,3,NA,NA,NA,NA,NA,NA,NA,NA,NA
30,26,4,NA,NA,NA,NA,NA,NA,NA,NA,NA
30,26,5,NA,NA,NA,NA,NA,NA,NA,NA,NA
30,26,6,NA,NA,NA,NA,NA,NA,NA,NA,NA
30,26,7,NA,NA,NA,NA,NA,NA,NA,NA,NA
30,26,8,NA,NA,NA,NA,NA,NA,NA,NA,NA
30,27,1,NA,NA,NA,NA,NA,NA,NA,NA,NA
30,27,2,NA,NA,NA,NA,NA,NA,NA,NA,NA
30,27,3,NA,NA,NA,NA,NA,NA,NA,NA,NA
30,27,4,NA,NA,NA,NA,NA,NA,NA,NA,NA
30,27,5,NA,NA,NA,NA,NA,NA,NA,NA,NA
30,27,6,NA,NA,NA,NA,NA,NA,NA,NA,NA
30,27,7,NA,NA,NA,NA,NA,NA,NA,NA,NA
30,27,8,NA,NA,NA,NA,NA,NA,NA,NA,NA
30,28,1,NA,NA,NA,NA,NA,NA,NA,NA,NA
30,28,2,NA,NA,NA,NA,NA,NA,NA,NA,NA
30,28,3,NA,NA,NA,NA,NA,NA,NA,NA,NA
30,28,4,NA,NA,NA,NA,NA,NA,NA,NA,NA
30,28,5,NA,NA,NA,NA,NA,NA,NA,NA,NA
30,28,6,NA,NA,NA,NA,NA,NA,NA,NA,NA
30,28,7,NA,NA,NA,NA,NA,NA,NA,NA,NA
30,28,8,NA,NA,NA,NA,NA,NA,NA,NA,NA
30,29,1,NA,NA,NA,NA,NA,NA,NA,NA,NA
30,29,2,NA,NA,NA,NA,NA,NA,NA,NA,NA
30,29,3,NA,NA,NA,NA,NA,NA,NA,NA,NA
30,29,4,NA,NA,NA,NA,NA,NA,NA,NA,NA
30,29,5,NA,NA,NA,NA,NA,NA,NA,NA,NA
30,29,6,NA,NA,NA,NA,NA,NA,NA,NA,NA
30,29,7,NA,NA,NA,NA,NA,NA,NA,NA,NA
30,29,8,NA,NA,NA,NA,NA,NA,NA,NA,NA
30,30,1,NA,NA,NA,NA,NA,NA,NA,NA,NA
30,30,2,NA,NA,NA,NA,NA,NA,NA,NA,NA
30,30,3,NA,NA,NA,NA,NA,NA,NA,NA,NA
30,30,4,NA,NA,NA,NA,NA,NA,NA,NA,NA
30,30,5,NA,NA,NA,NA,NA,NA,NA,NA,NA
30,30,6,NA,NA,NA,NA,NA,NA,NA,NA,NA
30,30,7,NA,NA,NA,NA,NA,NA,NA,NA,NA
30,30,8,NA,NA,NA,NA,NA,NA,NA,NA,NA
30,31,1,NA,NA,NA,NA,NA,NA,NA,NA,NA
30,31,2,NA,NA,NA,NA,NA,NA,NA,NA,NA
30,31,3,NA,NA,NA,NA,NA,NA,NA,NA,NA
30,31,4,NA,NA,NA,NA,NA,NA,NA,NA,NA
30,31,5,NA,NA,NA,NA,NA,NA,NA,NA,NA
30,31,6,NA,NA,NA,NA,NA,NA,NA,NA,NA
30,31,7,NA,NA,NA,NA,NA,NA,NA,NA,NA
30,31,8,NA,NA,NA,NA,NA,NA,NA,NA,NA
30,32,1,NA,NA,NA,NA,NA,NA,NA,NA,NA
30,32,2,NA,NA,NA,NA,NA,NA,NA,NA,NA
30,32,3,NA,NA,NA,NA,NA,NA,NA,NA,NA
30,32,4,NA,NA,NA,NA,NA,NA,NA,NA,NA
30,32,5,NA,NA,NA,NA,NA,NA,NA,NA,NA
30,32,6,NA,NA,NA,NA,NA,NA,NA,NA,NA
30,32,7,NA,NA,NA,NA,NA,NA,NA,NA,NA
30,32,8,NA,NA,NA,NA,NA,NA,NA,NA,NA
30,33,1,NA,NA,NA,NA,NA,NA,NA,NA,NA
30,33,2,NA,NA,NA,NA,NA,NA,NA,NA,NA
30,33,3,NA,NA,NA,NA,NA,NA,NA,NA,NA
30,33,4,NA,NA,NA,NA,NA,NA,NA,NA,NA
30,33,5,NA,NA,NA,NA,NA,NA,NA,NA,NA
30,33,6,NA,NA,NA,NA,NA,NA,NA,NA,NA
30,33,7,NA,NA,NA,NA,NA,NA,NA,NA,NA
30,33,8,NA,NA,NA,NA,NA,NA,NA,NA,NA
30,34,1,NA,NA,NA,NA,NA,NA,NA,NA,NA
30,34,2,NA,NA,NA,NA,NA,NA,NA,NA,NA
30,34,3,NA,NA,NA,NA,NA,NA,NA,NA,NA
30,34,4,NA,NA,NA,NA,NA,NA,NA,NA,NA
30,34,5,NA,NA,NA,NA,NA,NA,NA,NA,NA
30,34,6,NA,NA,NA,NA,NA,NA,NA,NA,NA
30,34,7,NA,NA,NA,NA,NA,NA,NA,NA,NA
30,34,8,NA,NA,NA,NA,NA,NA,NA,NA,NA
30,35,1,NA,NA,NA,NA,NA,NA,NA,NA,NA
30,35,2,NA,NA,NA,NA,NA,NA,NA,NA,NA
30,35,3,NA,NA,NA,NA,NA,NA,NA,NA,NA
30,35,4,NA,NA,NA,NA,NA,NA,NA,NA,NA
30,35,5,NA,NA,NA,NA,NA,NA,NA,NA,NA
30,35,6,NA,NA,NA,NA,NA,NA,NA,NA,NA
30,35,7,NA,NA,NA,NA,NA,NA,NA,NA,NA
30,35,8,NA,NA,NA,NA,NA,NA,NA,NA,NA
30,36,1,NA,NA,NA,NA,NA,NA,NA,NA,NA
30,36,2,NA,NA,NA,NA,NA,NA,NA,NA,NA
30,36,3,NA,NA,NA,NA,NA,NA,NA,NA,NA
30,36,4,NA,NA,NA,NA,NA,NA,NA,NA,NA
30,36,5,NA,NA,NA,NA,NA,NA,NA,NA,NA
30,36,6,NA,NA,NA,NA,NA,NA,NA,NA,NA
30,36,7,NA,NA,NA,NA,NA,NA,NA,NA,NA
30,36,8,NA,NA,NA,NA,NA,NA,NA,NA,NA
30,37,1,NA,NA,NA,NA,NA,NA,NA,NA,NA
30,37,2,NA,NA,NA,NA,NA,NA,NA,NA,NA
30,37,3,NA,NA,NA,NA,NA,NA,NA,NA,NA
30,37,4,NA,NA,NA,NA,NA,NA,NA,NA,NA
30,37,5,NA,NA,NA,NA,NA,NA,NA,NA,NA
30,37,6,NA,NA,NA,NA,NA,NA,NA,NA,NA
30,37,7,NA,NA,NA,NA,NA,NA,NA,NA,NA
30,37,8,NA,NA,NA,NA,NA,NA,NA,NA,NA
30,38,1,NA,NA,NA,NA,NA,NA,NA,NA,NA
30,38,2,NA,NA,NA,NA,NA,NA,NA,NA,NA
30,38,3,NA,NA,NA,NA,NA,NA,NA,NA,NA
30,38,4,NA,NA,NA,NA,NA,NA,NA,NA,NA
30,38,5,NA,NA,NA,NA,NA,NA,NA,NA,NA
30,38,6,NA,NA,NA,NA,NA,NA,NA,NA,NA
30,38,7,NA,NA,NA,NA,NA,NA,NA,NA,NA
30,38,8,NA,NA,NA,NA,NA,NA,NA,NA,NA
30,39,1,NA,NA,NA,NA,NA,NA,NA,NA,NA
30,39,2,NA,NA,NA,NA,NA,NA,NA,NA,NA
30,39,3,NA,NA,NA,NA,NA,NA,NA,NA,NA
30,39,4,NA,NA,NA,NA,NA,NA,NA,NA,NA
30,39,5,NA,NA,NA,NA,NA,NA,NA,NA,NA
30,39,6,NA,NA,NA,NA,NA,NA,NA,NA,NA
30,39,7,NA,NA,NA,NA,NA,NA,NA,NA,NA
30,39,8,NA,NA,NA,NA,NA,NA,NA,NA,NA
30,40,1,NA,NA,NA,NA,NA,NA,NA,NA,NA
30,40,2,NA,NA,NA,NA,NA,NA,NA,NA,NA
30,40,3,NA,NA,NA,NA,NA,NA,NA,NA,NA
30,40,4,NA,NA,NA,NA,NA,NA,NA,NA,NA
30,40,5,NA,NA,NA,NA,NA,NA,NA,NA,NA
30,40,6,NA,NA,NA,NA,NA,NA,NA,NA,NA
30,40,7,NA,NA,NA,NA,NA,NA,NA,NA,NA
30,40,8,NA,NA,NA,NA,NA,NA,NA,NA,NA
30,41,1,NA,NA,NA,NA,NA,NA,NA,NA,NA
30,41,2,NA,NA,NA,NA,NA,NA,NA,NA,NA
30,41,3,NA,NA,NA,NA,NA,NA,NA,NA,NA
30,41,4,NA,NA,NA,NA,NA,NA,NA,NA,NA
30,41,5,NA,NA,NA,NA,NA,NA,NA,NA,NA
30,41,6,NA,NA,NA,NA,NA,NA,NA,NA,NA
30,41,7,NA,NA,NA,NA,NA,NA,NA,NA,NA
30,41,8,NA,NA,NA,NA,NA,NA,NA,NA,NA
30,42,1,NA,NA,NA,NA,NA,NA,NA,NA,NA
30,42,2,NA,NA,NA,NA,NA,NA,NA,NA,NA
30,42,3,NA,NA,NA,NA,NA,NA,NA,NA,NA
30,42,4,NA,NA,NA,NA,NA,NA,NA,NA,NA
30,42,5,NA,NA,NA,NA,NA,NA,NA,NA,NA
30,42,6,NA,NA,NA,NA,NA,NA,NA,NA,NA
30,42,7,NA,NA,NA,NA,NA,NA,NA,NA,NA
30,42,8,NA,NA,NA,NA,NA,NA,NA,NA,NA
30,43,1,NA,NA,NA,NA,NA,NA,NA,NA,NA
30,43,2,NA,NA,NA,NA,NA,NA,NA,NA,NA
30,43,3,NA,NA,NA,NA,NA,NA,NA,NA,NA
30,43,4,NA,NA,NA,NA,NA,NA,NA,NA,NA
30,43,5,NA,NA,NA,NA,NA,NA,NA,NA,NA
30,43,6,NA,NA,NA,NA,NA,NA,NA,NA,NA
30,43,7,NA,NA,NA,NA,NA,NA,NA,NA,NA
30,43,8,NA,NA,NA,NA,NA,NA,NA,NA,NA
30,44,1,NA,NA,NA,NA,NA,NA,NA,NA,NA
30,44,2,NA,NA,NA,NA,NA,NA,NA,NA,NA
30,44,3,NA,NA,NA,NA,NA,NA,NA,NA,NA
30,44,4,NA,NA,NA,NA,NA,NA,NA,NA,NA
30,44,5,NA,NA,NA,NA,NA,NA,NA,NA,NA
30,44,6,NA,NA,NA,NA,NA,NA,NA,NA,NA
30,44,7,NA,NA,NA,NA,NA,NA,NA,NA,NA
30,44,8,NA,NA,NA,NA,NA,NA,NA,NA,NA
30,45,1,NA,NA,NA,NA,NA,NA,NA,NA,NA
30,45,2,NA,NA,NA,NA,NA,NA,NA,NA,NA
30,45,3,NA,NA,NA,NA,NA,NA,NA,NA,NA
30,45,4,NA,NA,NA,NA,NA,NA,NA,NA,NA
30,45,5,NA,NA,NA,NA,NA,NA,NA,NA,NA
30,45,6,NA,NA,NA,NA,NA,NA,NA,NA,NA
30,45,7,NA,NA,NA,NA,NA,NA,NA,NA,NA
30,45,8,NA,NA,NA,NA,NA,NA,NA,NA,NA
30,46,1,NA,NA,NA,NA,NA,NA,NA,NA,NA
30,46,2,NA,NA,NA,NA,NA,NA,NA,NA,NA
30,46,3,NA,NA,NA,NA,NA,NA,NA,NA,NA
30,46,4,NA,NA,NA,NA,NA,NA,NA,NA,NA
30,46,5,NA,NA,NA,NA,NA,NA,NA,NA,NA
30,46,6,NA,NA,NA,NA,NA,NA,NA,NA,NA
30,46,7,NA,NA,NA,NA,NA,NA,NA,NA,NA
30,46,8,NA,NA,NA,NA,NA,NA,NA,NA,NA
30,47,1,NA,NA,NA,NA,NA,NA,NA,NA,NA
30,47,2,NA,NA,NA,NA,NA,NA,NA,NA,NA
30,47,3,NA,NA,NA,NA,NA,NA,NA,NA,NA
30,47,4,NA,NA,NA,NA,NA,NA,NA,NA,NA
30,47,5,NA,NA,NA,NA,NA,NA,NA,NA,NA
30,47,6,NA,NA,NA,NA,NA,NA,NA,NA,NA
30,47,7,NA,NA,NA,NA,NA,NA,NA,NA,NA
30,47,8,NA,NA,NA,NA,NA,NA,NA,NA,NA
30,48,1,NA,NA,NA,NA,NA,NA,NA,NA,NA
30,48,2,NA,NA,NA,NA,NA,NA,NA,NA,NA
30,48,3,NA,NA,NA,NA,NA,NA,NA,NA,NA
30,48,4,NA,NA,NA,NA,NA,NA,NA,NA,NA
30,48,5,NA,NA,NA,NA,NA,NA,NA,NA,NA
30,48,6,NA,NA,NA,NA,NA,NA,NA,NA,NA
30,48,7,NA,NA,NA,NA,NA,NA,NA,NA,NA
30,48,8,NA,NA,NA,NA,NA,NA,NA,NA,NA
30,49,1,NA,NA,NA,NA,NA,NA,NA,NA,NA
30,49,2,NA,NA,NA,NA,NA,NA,NA,NA,NA
30,49,3,NA,NA,NA,NA,NA,NA,NA,NA,NA
30,49,4,NA,NA,NA,NA,NA,NA,NA,NA,NA
30,49,5,NA,NA,NA,NA,NA,NA,NA,NA,NA
30,49,6,NA,NA,NA,NA,NA,NA,NA,NA,NA
30,49,7,NA,NA,NA,NA,NA,NA,NA,NA,NA
30,49,8,NA,NA,NA,NA,NA,NA,NA,NA,NA
30,50,1,NA,NA,NA,NA,NA,NA,NA,NA,NA
30,50,2,NA,NA,NA,NA,NA,NA,NA,NA,NA
30,50,3,NA,NA,NA,NA,NA,NA,NA,NA,NA
30,50,4,NA,NA,NA,NA,NA,NA,NA,NA,NA
30,50,5,NA,NA,NA,NA,NA,NA,NA,NA,NA
30,50,6,NA,NA,NA,NA,NA,NA,NA,NA,NA
30,50,7,NA,NA,NA,NA,NA,NA,NA,NA,NA
30,50,8,NA,NA,NA,NA,NA,NA,NA,NA,NA
30,51,1,NA,NA,NA,NA,NA,NA,NA,NA,NA
30,51,2,NA,NA,NA,NA,NA,NA,NA,NA,NA
30,51,3,NA,NA,NA,NA,NA,NA,NA,NA,NA
30,51,4,NA,NA,NA,NA,NA,NA,NA,NA,NA
30,51,5,NA,NA,NA,NA,NA,NA,NA,NA,NA
30,51,6,NA,NA,NA,NA,NA,NA,NA,NA,NA
30,51,7,NA,NA,NA,NA,NA,NA,NA,NA,NA
30,51,8,NA,NA,NA,NA,NA,NA,NA,NA,NA
30,52,1,NA,NA,NA,NA,NA,NA,NA,NA,NA
30,52,2,NA,NA,NA,NA,NA,NA,NA,NA,NA
30,52,3,NA,NA,NA,NA,NA,NA,NA,NA,NA
30,52,4,NA,NA,NA,NA,NA,NA,NA,NA,NA
30,52,5,NA,NA,NA,NA,NA,NA,NA,NA,NA
30,52,6,NA,NA,NA,NA,NA,NA,NA,NA,NA
30,52,7,NA,NA,NA,NA,NA,NA,NA,NA,NA
30,52,8,NA,NA,NA,NA,NA,NA,NA,NA,NA
30,53,1,NA,NA,NA,NA,NA,NA,NA,NA,NA
30,53,2,NA,NA,NA,NA,NA,NA,NA,NA,NA
30,53,3,NA,NA,NA,NA,NA,NA,NA,NA,NA
30,53,4,NA,NA,NA,NA,NA,NA,NA,NA,NA
30,53,5,NA,NA,NA,NA,NA,NA,NA,NA,NA
30,53,6,NA,NA,NA,NA,NA,NA,NA,NA,NA
30,53,7,NA,NA,NA,NA,NA,NA,NA,NA,NA
30,53,8,NA,NA,NA,NA,NA,NA,NA,NA,NA
30,54,1,NA,NA,NA,NA,NA,NA,NA,NA,NA
30,54,2,NA,NA,NA,NA,NA,NA,NA,NA,NA
30,54,3,NA,NA,NA,NA,NA,NA,NA,NA,NA
30,54,4,NA,NA,NA,NA,NA,NA,NA,NA,NA
30,54,5,NA,NA,NA,NA,NA,NA,NA,NA,NA
30,54,6,NA,NA,NA,NA,NA,NA,NA,NA,NA
30,54,7,NA,NA,NA,NA,NA,NA,NA,NA,NA
30,54,8,NA,NA,NA,NA,NA,NA,NA,NA,NA
30,55,1,NA,NA,NA,NA,NA,NA,NA,NA,NA
30,55,2,NA,NA,NA,NA,NA,NA,NA,NA,NA
30,55,3,NA,NA,NA,NA,NA,NA,NA,NA,NA
30,55,4,NA,NA,NA,NA,NA,NA,NA,NA,NA
30,55,5,NA,NA,NA,NA,NA,NA,NA,NA,NA
30,55,6,NA,NA,NA,NA,NA,NA,NA,NA,NA
30,55,7,NA,NA,NA,NA,NA,NA,NA,NA,NA
30,55,8,NA,NA,NA,NA,NA,NA,NA,NA,NA
30,56,1,NA,NA,NA,NA,NA,NA,NA,NA,NA
30,56,2,NA,NA,NA,NA,NA,NA,NA,NA,NA
30,56,3,NA,NA,NA,NA,NA,NA,NA,NA,NA
30,56,4,NA,NA,NA,NA,NA,NA,NA,NA,NA
30,56,5,NA,NA,NA,NA,NA,NA,NA,NA,NA
30,56,6,NA,NA,NA,NA,NA,NA,NA,NA,NA
30,56,7,NA,NA,NA,NA,NA,NA,NA,NA,NA
30,56,8,NA,NA,NA,NA,NA,NA,NA,NA,NA
30,57,1,NA,NA,NA,NA,NA,NA,NA,NA,NA
30,57,2,NA,NA,NA,NA,NA,NA,NA,NA,NA
30,57,3,NA,NA,NA,NA,NA,NA,NA,NA,NA
30,57,4,NA,NA,NA,NA,NA,NA,NA,NA,NA
30,57,5,NA,NA,NA,NA,NA,NA,NA,NA,NA
30,57,6,NA,NA,NA,NA,NA,NA,NA,NA,NA
30,57,7,NA,NA,NA,NA,NA,NA,NA,NA,NA
30,57,8,NA,NA,NA,NA,NA,NA,NA,NA,NA
30,58,1,NA,NA,NA,NA,NA,NA,NA,NA,NA
30,58,2,NA,NA,NA,NA,NA,NA,NA,NA,NA
30,58,3,NA,NA,NA,NA,NA,NA,NA,NA,NA
30,58,4,NA,NA,NA,NA,NA,NA,NA,NA,NA
30,58,5,NA,NA,NA,NA,NA,NA,NA,NA,NA
30,58,6,NA,NA,NA,NA,NA,NA,NA,NA,NA
30,58,7,NA,NA,NA,NA,NA,NA,NA,NA,NA
30,58,8,NA,NA,NA,NA,NA,NA,NA,NA,NA
30,59,1,NA,NA,NA,NA,NA,NA,NA,NA,NA
30,59,2,NA,NA,NA,NA,NA,NA,NA,NA,NA
30,59,3,NA,NA,NA,NA,NA,NA,NA,NA,NA
30,59,4,NA,NA,NA,NA,NA,NA,NA,NA,NA
30,59,5,NA,NA,NA,NA,NA,NA,NA,NA,NA
30,59,6,NA,NA,NA,NA,NA,NA,NA,NA,NA
30,59,7,NA,NA,NA,NA,NA,NA,NA,NA,NA
30,59,8,NA,NA,NA,NA,NA,NA,NA,NA,NA
30,60,1,NA,NA,NA,NA,NA,NA,NA,NA,NA
30,60,2,NA,NA,NA,NA,NA,NA,NA,NA,NA
30,60,3,NA,NA,NA,NA,NA,NA,NA,NA,NA
30,60,4,NA,NA,NA,NA,NA,NA,NA,NA,NA
30,60,5,NA,NA,NA,NA,NA,NA,NA,NA,NA
30,60,6,NA,NA,NA,NA,NA,NA,NA,NA,NA
30,60,7,NA,NA,NA,NA,NA,NA,NA,NA,NA
30,60,8,NA,NA,NA,NA,NA,NA,NA,NA,NA
30,61,1,NA,NA,NA,NA,NA,NA,NA,NA,NA
30,61,2,NA,NA,NA,NA,NA,NA,NA,NA,NA
30,61,3,NA,NA,NA,NA,NA,NA,NA,NA,NA
30,61,4,NA,NA,NA,NA,NA,NA,NA,NA,NA
30,61,5,NA,NA,NA,NA,NA,NA,NA,NA,NA
30,61,6,NA,NA,NA,NA,NA,NA,NA,NA,NA
30,61,7,NA,NA,NA,NA,NA,NA,NA,NA,NA
30,61,8,NA,NA,NA,NA,NA,NA,NA,NA,NA
30,62,1,NA,NA,NA,NA,NA,NA,NA,NA,NA
30,62,2,NA,NA,NA,NA,NA,NA,NA,NA,NA
30,62,3,NA,NA,NA,NA,NA,NA,NA,NA,NA
30,62,4,NA,NA,NA,NA,NA,NA,NA,NA,NA
30,62,5,NA,NA,NA,NA,NA,NA,NA,NA,NA
30,62,6,NA,NA,NA,NA,NA,NA,NA,NA,NA
30,62,7,NA,NA,NA,NA,NA,NA,NA,NA,NA
30,62,8,NA,NA,NA,NA,NA,NA,NA,NA,NA
30,63,1,NA,NA,NA,NA,NA,NA,NA,NA,NA
30,63,2,NA,NA,NA,NA,NA,NA,NA,NA,NA
30,63,3,NA,NA,NA,NA,NA,NA,NA,NA,NA
30,63,4,NA,NA,NA,NA,NA,NA,NA,NA,NA
30,63,5,NA,NA,NA,NA,NA,NA,NA,NA,NA
30,63,6,NA,NA,NA,NA,NA,NA,NA,NA,NA
30,63,7,NA,NA,NA,NA,NA,NA,NA,NA,NA
30,63,8,NA,NA,NA,NA,NA,NA,NA,NA,NA
30,64,1,NA,NA,NA,NA,NA,NA,NA,NA,NA
30,64,2,NA,NA,NA,NA,NA,NA,NA,NA,NA
30,64,3,NA,NA,NA,NA,NA,NA,NA,NA,NA
30,64,4,NA,NA,NA,NA,NA,NA,NA,NA,NA
30,64,5,NA,NA,NA,NA,NA,NA,NA,NA,NA
30,64,6,NA,NA,NA,NA,NA,NA,NA,NA,NA
30,64,7,NA,NA,NA,NA,NA,NA,NA,NA,NA
30,64,8,NA,NA,NA,NA,NA,NA,NA,NA,NA
30,65,1,NA,NA,NA,NA,NA,NA,NA,NA,NA
30,65,2,NA,NA,NA,NA,NA,NA,NA,NA,NA
30,65,3,NA,NA,NA,NA,NA,NA,NA,NA,NA
30,65,4,NA,NA,NA,NA,NA,NA,NA,NA,NA
30,65,5,NA,NA,NA,NA,NA,NA,NA,NA,NA
30,65,6,NA,NA,NA,NA,NA,NA,NA,NA,NA
30,65,7,NA,NA,NA,NA,NA,NA,NA,NA,NA
30,65,8,NA,NA,NA,NA,NA,NA,NA,NA,NA
30,66,1,NA,NA,NA,NA,NA,NA,NA,NA,NA
30,66,2,NA,NA,NA,NA,NA,NA,NA,NA,NA
30,66,3,NA,NA,NA,NA,NA,NA,NA,NA,NA
30,66,4,NA,NA,NA,NA,NA,NA,NA,NA,NA
30,66,5,NA,NA,NA,NA,NA,NA,NA,NA,NA
30,66,6,NA,NA,NA,NA,NA,NA,NA,NA,NA
30,66,7,NA,NA,NA,NA,NA,NA,NA,NA,NA
30,66,8,NA,NA,NA,NA,NA,NA,NA,NA,NA
30,67,1,NA,NA,NA,NA,NA,NA,NA,NA,NA
30,67,2,NA,NA,NA,NA,NA,NA,NA,NA,NA
30,67,3,NA,NA,NA,NA,NA,NA,NA,NA,NA
30,67,4,NA,NA,NA,NA,NA,NA,NA,NA,NA
30,67,5,NA,NA,NA,NA,NA,NA,NA,NA,NA
30,67,6,NA,NA,NA,NA,NA,NA,NA,NA,NA
30,67,7,NA,NA,NA,NA,NA,NA,NA,NA,NA
30,67,8,NA,NA,NA,NA,NA,NA,NA,NA,NA
30,68,1,NA,NA,NA,NA,NA,NA,NA,NA,NA
30,68,2,NA,NA,NA,NA,NA,NA,NA,NA,NA
30,68,3,NA,NA,NA,NA,NA,NA,NA,NA,NA
30,68,4,NA,NA,NA,NA,NA,NA,NA,NA,NA
30,68,5,NA,NA,NA,NA,NA,NA,NA,NA,NA
30,68,6,NA,NA,NA,NA,NA,NA,NA,NA,NA
30,68,7,NA,NA,NA,NA,NA,NA,NA,NA,NA
30,68,8,NA,NA,NA,NA,NA,NA,NA,NA,NA
30,69,1,NA,NA,NA,NA,NA,NA,NA,NA,NA
30,69,2,NA,NA,NA,NA,NA,NA,NA,NA,NA
30,69,3,NA,NA,NA,NA,NA,NA,NA,NA,NA
30,69,4,NA,NA,NA,NA,NA,NA,NA,NA,NA
30,69,5,NA,NA,NA,NA,NA,NA,NA,NA,NA
30,69,6,NA,NA,NA,NA,NA,NA,NA,NA,NA
30,69,7,NA,NA,NA,NA,NA,NA,NA,NA,NA
30,69,8,NA,NA,NA,NA,NA,NA,NA,NA,NA
30,70,1,NA,NA,NA,NA,NA,NA,NA,NA,NA
30,70,2,NA,NA,NA,NA,NA,NA,NA,NA,NA
30,70,3,NA,NA,NA,NA,NA,NA,NA,NA,NA
30,70,4,NA,NA,NA,NA,NA,NA,NA,NA,NA
30,70,5,NA,NA,NA,NA,NA,NA,NA,NA,NA
30,70,6,NA,NA,NA,NA,NA,NA,NA,NA,NA
30,70,7,NA,NA,NA,NA,NA,NA,NA,NA,NA
30,70,8,NA,NA,NA,NA,NA,NA,NA,NA,NA
30,71,1,NA,NA,NA,NA,NA,NA,NA,NA,NA
30,71,2,NA,NA,NA,NA,NA,NA,NA,NA,NA
30,71,3,NA,NA,NA,NA,NA,NA,NA,NA,NA
30,71,4,NA,NA,NA,NA,NA,NA,NA,NA,NA
30,71,5,NA,NA,NA,NA,NA,NA,NA,NA,NA
30,71,6,NA,NA,NA,NA,NA,NA,NA,NA,NA
30,71,7,NA,NA,NA,NA,NA,NA,NA,NA,NA
30,71,8,NA,NA,NA,NA,NA,NA,NA,NA,NA
30,72,1,NA,NA,NA,NA,NA,NA,NA,NA,NA
30,72,2,NA,NA,NA,NA,NA,NA,NA,NA,NA
30,72,3,NA,NA,NA,NA,NA,NA,NA,NA,NA
30,72,4,NA,NA,NA,NA,NA,NA,NA,NA,NA
30,72,5,NA,NA,NA,NA,NA,NA,NA,NA,NA
30,72,6,NA,NA,NA,NA,NA,NA,NA,NA,NA
30,72,7,NA,NA,NA,NA,NA,NA,NA,NA,NA
30,72,8,NA,NA,NA,NA,NA,NA,NA,NA,NA
30,73,1,NA,NA,NA,NA,NA,NA,NA,NA,NA
30,73,2,NA,NA,NA,NA,NA,NA,NA,NA,NA
30,73,3,NA,NA,NA,NA,NA,NA,NA,NA,NA
30,73,4,NA,NA,NA,NA,NA,NA,NA,NA,NA
30,73,5,NA,NA,NA,NA,NA,NA,NA,NA,NA
30,73,6,NA,NA,NA,NA,NA,NA,NA,NA,NA
30,73,7,NA,NA,NA,NA,NA,NA,NA,NA,NA
30,73,8,NA,NA,NA,NA,NA,NA,NA,NA,NA
30,74,1,NA,NA,NA,NA,NA,NA,NA,NA,NA
30,74,2,NA,NA,NA,NA,NA,NA,NA,NA,NA
30,74,3,NA,NA,NA,NA,NA,NA,NA,NA,NA
30,74,4,NA,NA,NA,NA,NA,NA,NA,NA,NA
30,74,5,NA,NA,NA,NA,NA,NA,NA,NA,NA
30,74,6,NA,NA,NA,NA,NA,NA,NA,NA,NA
30,74,7,NA,NA,NA,NA,NA,NA,NA,NA,NA
30,74,8,NA,NA,NA,NA,NA,NA,NA,NA,NA
30,75,1,NA,NA,NA,NA,NA,NA,NA,NA,NA
30,75,2,NA,NA,NA,NA,NA,NA,NA,NA,NA
30,75,3,NA,NA,NA,NA,NA,NA,NA,NA,NA
30,75,4,NA,NA,NA,NA,NA,NA,NA,NA,NA
30,75,5,NA,NA,NA,NA,NA,NA,NA,NA,NA
30,75,6,NA,NA,NA,NA,NA,NA,NA,NA,NA
30,75,7,NA,NA,NA,NA,NA,NA,NA,NA,NA
30,75,8,NA,NA,NA,NA,NA,NA,NA,NA,NA
30,76,1,NA,NA,NA,NA,NA,NA,NA,NA,NA
30,76,2,NA,NA,NA,NA,NA,NA,NA,NA,NA
30,76,3,NA,NA,NA,NA,NA,NA,NA,NA,NA
30,76,4,NA,NA,NA,NA,NA,NA,NA,NA,NA
30,76,5,NA,NA,NA,NA,NA,NA,NA,NA,NA
30,76,6,NA,NA,NA,NA,NA,NA,NA,NA,NA
30,76,7,NA,NA,NA,NA,NA,NA,NA,NA,NA
30,76,8,NA,NA,NA,NA,NA,NA,NA,NA,NA
30,77,1,NA,NA,NA,NA,NA,NA,NA,NA,NA
30,77,2,NA,NA,NA,NA,NA,NA,NA,NA,NA
30,77,3,NA,NA,NA,NA,NA,NA,NA,NA,NA
30,77,4,NA,NA,NA,NA,NA,NA,NA,NA,NA
30,77,5,NA,NA,NA,NA,NA,NA,NA,NA,NA
30,77,6,NA,NA,NA,NA,NA,NA,NA,NA,NA
30,77,7,NA,NA,NA,NA,NA,NA,NA,NA,NA
30,77,8,NA,NA,NA,NA,NA,NA,NA,NA,NA
30,78,1,NA,NA,NA,NA,NA,NA,NA,NA,NA
30,78,2,NA,NA,NA,NA,NA,NA,NA,NA,NA
30,78,3,NA,NA,NA,NA,NA,NA,NA,NA,NA
30,78,4,NA,NA,NA,NA,NA,NA,NA,NA,NA
30,78,5,NA,NA,NA,NA,NA,NA,NA,NA,NA
30,78,6,NA,NA,NA,NA,NA,NA,NA,NA,NA
30,78,7,NA,NA,NA,NA,NA,NA,NA,NA,NA
30,78,8,NA,NA,NA,NA,NA,NA,NA,NA,NA
30,79,1,NA,NA,NA,NA,NA,NA,NA,NA,NA
30,79,2,NA,NA,NA,NA,NA,NA,NA,NA,NA
30,79,3,NA,NA,NA,NA,NA,NA,NA,NA,NA
30,79,4,NA,NA,NA,NA,NA,NA,NA,NA,NA
30,79,5,NA,NA,NA,NA,NA,NA,NA,NA,NA
30,79,6,NA,NA,NA,NA,NA,NA,NA,NA,NA
30,79,7,NA,NA,NA,NA,NA,NA,NA,NA,NA
30,79,8,NA,NA,NA,NA,NA,NA,NA,NA,NA
30,80,1,NA,NA,NA,NA,NA,NA,NA,NA,NA
30,80,2,NA,NA,NA,NA,NA,NA,NA,NA,NA
30,80,3,NA,NA,NA,NA,NA,NA,NA,NA,NA
30,80,4,NA,NA,NA,NA,NA,NA,NA,NA,NA
30,80,5,NA,NA,NA,NA,NA,NA,NA,NA,NA
30,80,6,NA,NA,NA,NA,NA,NA,NA,NA,NA
30,80,7,NA,NA,NA,NA,NA,NA,NA,NA,NA
30,80,8,NA,NA,NA,NA,NA,NA,NA,NA,NA
30,81,1,NA,NA,NA,NA,NA,NA,NA,NA,NA
30,81,2,NA,NA,NA,NA,NA,NA,NA,NA,NA
30,81,3,NA,NA,NA,NA,NA,NA,NA,NA,NA
30,81,4,NA,NA,NA,NA,NA,NA,NA,NA,NA
30,81,5,NA,NA,NA,NA,NA,NA,NA,NA,NA
30,81,6,NA,NA,NA,NA,NA,NA,NA,NA,NA
30,81,7,NA,NA,NA,NA,NA,NA,NA,NA,NA
30,81,8,NA,NA,NA,NA,NA,NA,NA,NA,NA
30,82,1,NA,NA,NA,NA,NA,NA,NA,NA,NA
30,82,2,NA,NA,NA,NA,NA,NA,NA,NA,NA
30,82,3,NA,NA,NA,NA,NA,NA,NA,NA,NA
30,82,4,NA,NA,NA,NA,NA,NA,NA,NA,NA
30,82,5,NA,NA,NA,NA,NA,NA,NA,NA,NA
30,82,6,NA,NA,NA,NA,NA,NA,NA,NA,NA
30,82,7,NA,NA,NA,NA,NA,NA,NA,NA,NA
30,82,8,NA,NA,NA,NA,NA,NA,NA,NA,NA
30,83,1,NA,NA,NA,NA,NA,NA,NA,NA,NA
30,83,2,NA,NA,NA,NA,NA,NA,NA,NA,NA
30,83,3,NA,NA,NA,NA,NA,NA,NA,NA,NA
30,83,4,NA,NA,NA,NA,NA,NA,NA,NA,NA
30,83,5,NA,NA,NA,NA,NA,NA,NA,NA,NA
30,83,6,NA,NA,NA,NA,NA,NA,NA,NA,NA
30,83,7,NA,NA,NA,NA,NA,NA,NA,NA,NA
30,83,8,NA,NA,NA,NA,NA,NA,NA,NA,NA
30,84,1,NA,NA,NA,NA,NA,NA,NA,NA,NA
30,84,2,NA,NA,NA,NA,NA,NA,NA,NA,NA
30,84,3,NA,NA,NA,NA,NA,NA,NA,NA,NA
30,84,4,NA,NA,NA,NA,NA,NA,NA,NA,NA
30,84,5,NA,NA,NA,NA,NA,NA,NA,NA,NA
30,84,6,NA,NA,NA,NA,NA,NA,NA,NA,NA
30,84,7,NA,NA,NA,NA,NA,NA,NA,NA,NA
30,84,8,NA,NA,NA,NA,NA,NA,NA,NA,NA
30,85,1,NA,NA,NA,NA,NA,NA,NA,NA,NA
30,85,2,NA,NA,NA,NA,NA,NA,NA,NA,NA
30,85,3,NA,NA,NA,NA,NA,NA,NA,NA,NA
30,85,4,NA,NA,NA,NA,NA,NA,NA,NA,NA
30,85,5,NA,NA,NA,NA,NA,NA,NA,NA,NA
30,85,6,NA,NA,NA,NA,NA,NA,NA,NA,NA
30,85,7,NA,NA,NA,NA,NA,NA,NA,NA,NA
30,85,8,NA,NA,NA,NA,NA,NA,NA,NA,NA
30,86,1,NA,NA,NA,NA,NA,NA,NA,NA,NA
30,86,2,NA,NA,NA,NA,NA,NA,NA,NA,NA
30,86,3,NA,NA,NA,NA,NA,NA,NA,NA,NA
30,86,4,NA,NA,NA,NA,NA,NA,NA,NA,NA
30,86,5,NA,NA,NA,NA,NA,NA,NA,NA,NA
30,86,6,NA,NA,NA,NA,NA,NA,NA,NA,NA
30,86,7,NA,NA,NA,NA,NA,NA,NA,NA,NA
30,86,8,NA,NA,NA,NA,NA,NA,NA,NA,NA
30,87,1,NA,NA,NA,NA,NA,NA,NA,NA,NA
30,87,2,NA,NA,NA,NA,NA,NA,NA,NA,NA
30,87,3,NA,NA,NA,NA,NA,NA,NA,NA,NA
30,87,4,NA,NA,NA,NA,NA,NA,NA,NA,NA
30,87,5,NA,NA,NA,NA,NA,NA,NA,NA,NA
30,87,6,NA,NA,NA,NA,NA,NA,NA,NA,NA
30,87,7,NA,NA,NA,NA,NA,NA,NA,NA,NA
30,87,8,NA,NA,NA,NA,NA,NA,NA,NA,NA
30,88,1,NA,NA,NA,NA,NA,NA,NA,NA,NA
30,88,2,NA,NA,NA,NA,NA,NA,NA,NA,NA
30,88,3,NA,NA,NA,NA,NA,NA,NA,NA,NA
30,88,4,NA,NA,NA,NA,NA,NA,NA,NA,NA
30,88,5,NA,NA,NA,NA,NA,NA,NA,NA,NA
30,88,6,NA,NA,NA,NA,NA,NA,NA,NA,NA
30,88,7,NA,NA,NA,NA,NA,NA,NA,NA,NA
30,88,8,NA,NA,NA,NA,NA,NA,NA,NA,NA
30,89,1,NA,NA,NA,NA,NA,NA,NA,NA,NA
30,89,2,NA,NA,NA,NA,NA,NA,NA,NA,NA
30,89,3,NA,NA,NA,NA,NA,NA,NA,NA,NA
30,89,4,NA,NA,NA,NA,NA,NA,NA,NA,NA
30,89,5,NA,NA,NA,NA,NA,NA,NA,NA,NA
30,89,6,NA,NA,NA,NA,NA,NA,NA,NA,NA
30,89,7,NA,NA,NA,NA,NA,NA,NA,NA,NA
30,89,8,NA,NA,NA,NA,NA,NA,NA,NA,NA
30,90,1,NA,NA,NA,NA,NA,NA,NA,NA,NA
30,90,2,NA,NA,NA,NA,NA,NA,NA,NA,NA
30,90,3,NA,NA,NA,NA,NA,NA,NA,NA,NA
30,90,4,NA,NA,NA,NA,NA,NA,NA,NA,NA
30,90,5,NA,NA,NA,NA,NA,NA,NA,NA,NA
30,90,6,NA,NA,NA,NA,NA,NA,NA,NA,NA
30,90,7,NA,NA,NA,NA,NA,NA,NA,NA,NA
30,90,8,NA,NA,NA,NA,NA,NA,NA,NA,NA
30,91,1,NA,NA,NA,NA,NA,NA,NA,NA,NA
30,91,2,NA,NA,NA,NA,NA,NA,NA,NA,NA
30,91,3,NA,NA,NA,NA,NA,NA,NA,NA,NA
30,91,4,NA,NA,NA,NA,NA,NA,NA,NA,NA
30,91,5,NA,NA,NA,NA,NA,NA,NA,NA,NA
30,91,6,NA,NA,NA,NA,NA,NA,NA,NA,NA
30,91,7,NA,NA,NA,NA,NA,NA,NA,NA,NA
30,91,8,NA,NA,NA,NA,NA,NA,NA,NA,NA
30,92,1,NA,NA,NA,NA,NA,NA,NA,NA,NA
30,92,2,NA,NA,NA,NA,NA,NA,NA,NA,NA
30,92,3,NA,NA,NA,NA,NA,NA,NA,NA,NA
30,92,4,NA,NA,NA,NA,NA,NA,NA,NA,NA
30,92,5,NA,NA,NA,NA,NA,NA,NA,NA,NA
30,92,6,NA,NA,NA,NA,NA,NA,NA,NA,NA
30,92,7,NA,NA,NA,NA,NA,NA,NA,NA,NA
30,92,8,NA,NA,NA,NA,NA,NA,NA,NA,NA
30,93,1,NA,NA,NA,NA,NA,NA,NA,NA,NA
30,93,2,NA,NA,NA,NA,NA,NA,NA,NA,NA
30,93,3,NA,NA,NA,NA,NA,NA,NA,NA,NA
30,93,4,NA,NA,NA,NA,NA,NA,NA,NA,NA
30,93,5,NA,NA,NA,NA,NA,NA,NA,NA,NA
30,93,6,NA,NA,NA,NA,NA,NA,NA,NA,NA
30,93,7,NA,NA,NA,NA,NA,NA,NA,NA,NA
30,93,8,NA,NA,NA,NA,NA,NA,NA,NA,NA
30,94,1,NA,NA,NA,NA,NA,NA,NA,NA,NA
30,94,2,NA,NA,NA,NA,NA,NA,NA,NA,NA
30,94,3,NA,NA,NA,NA,NA,NA,NA,NA,NA
30,94,4,NA,NA,NA,NA,NA,NA,NA,NA,NA
30,94,5,NA,NA,NA,NA,NA,NA,NA,NA,NA
30,94,6,NA,NA,NA,NA,NA,NA,NA,NA,NA
30,94,7,NA,NA,NA,NA,NA,NA,NA,NA,NA
30,94,8,NA,NA,NA,NA,NA,NA,NA,NA,NA
30,95,1,NA,NA,NA,NA,NA,NA,NA,NA,NA
30,95,2,NA,NA,NA,NA,NA,NA,NA,NA,NA
30,95,3,NA,NA,NA,NA,NA,NA,NA,NA,NA
30,95,4,NA,NA,NA,NA,NA,NA,NA,NA,NA
30,95,5,NA,NA,NA,NA,NA,NA,NA,NA,NA
30,95,6,NA,NA,NA,NA,NA,NA,NA,NA,NA
30,95,7,NA,NA,NA,NA,NA,NA,NA,NA,NA
30,95,8,NA,NA,NA,NA,NA,NA,NA,NA,NA
30,96,1,NA,NA,NA,NA,NA,NA,NA,NA,NA
30,96,2,NA,NA,NA,NA,NA,NA,NA,NA,NA
30,96,3,NA,NA,NA,NA,NA,NA,NA,NA,NA
30,96,4,NA,NA,NA,NA,NA,NA,NA,NA,NA
30,96,5,NA,NA,NA,NA,NA,NA,NA,NA,NA
30,96,6,NA,NA,NA,NA,NA,NA,NA,NA,NA
30,96,7,NA,NA,NA,NA,NA,NA,NA,NA,NA
30,96,8,NA,NA,NA,NA,NA,NA,NA,NA,NA
30,97,1,NA,NA,NA,NA,NA,NA,NA,NA,NA
30,97,2,NA,NA,NA,NA,NA,NA,NA,NA,NA
30,97,3,NA,NA,NA,NA,NA,NA,NA,NA,NA
30,97,4,NA,NA,NA,NA,NA,NA,NA,NA,NA
30,97,5,NA,NA,NA,NA,NA,NA,NA,NA,NA
30,97,6,NA,NA,NA,NA,NA,NA,NA,NA,NA
30,97,7,NA,NA,NA,NA,NA,NA,NA,NA,NA
30,97,8,NA,NA,NA,NA,NA,NA,NA,NA,NA
30,98,1,NA,NA,NA,NA,NA,NA,NA,NA,NA
30,98,2,NA,NA,NA,NA,NA,NA,NA,NA,NA
30,98,3,NA,NA,NA,NA,NA,NA,NA,NA,NA
30,98,4,NA,NA,NA,NA,NA,NA,NA,NA,NA
30,98,5,NA,NA,NA,NA,NA,NA,NA,NA,NA
30,98,6,NA,NA,NA,NA,NA,NA,NA,NA,NA
30,98,7,NA,NA,NA,NA,NA,NA,NA,NA,NA
30,98,8,NA,NA,NA,NA,NA,NA,NA,NA,NA
30,99,1,NA,NA,NA,NA,NA,NA,NA,NA,NA
30,99,2,NA,NA,NA,NA,NA,NA,NA,NA,NA
30,99,3,NA,NA,NA,NA,NA,NA,NA,NA,NA
30,99,4,NA,NA,NA,NA,NA,NA,NA,NA,NA
30,99,5,NA,NA,NA,NA,NA,NA,NA,NA,NA
30,99,6,NA,NA,NA,NA,NA,NA,NA,NA,NA
30,99,7,NA,NA,NA,NA,NA,NA,NA,NA,NA
30,99,8,NA,NA,NA,NA,NA,NA,NA,NA,NA
30,100,1,NA,NA,NA,NA,NA,NA,NA,NA,NA
30,100,2,NA,NA,NA,NA,NA,NA,NA,NA,NA
30,100,3,NA,NA,NA,NA,NA,NA,NA,NA,NA
30,100,4,NA,NA,NA,NA,NA,NA,NA,NA,NA
30,100,5,NA,NA,NA,NA,NA,NA,NA,NA,NA
30,100,6,NA,NA,NA,NA,NA,NA,NA,NA,NA
30,100,7,NA,NA,NA,NA,NA,NA,NA,NA,NA
30,100,8,NA,NA,NA,NA,NA,NA,NA,NA,NA
31,1,1,2936.2464,1075.91870930475,0,0,0,97,0,0,0
31,1,2,2929.056,1503.09431807696,0,0,0,99,0,0,0
31,1,3,2937.32,1705.72783027596,0,0,0,99,0,0,0
31,1,4,2922.832,1446.87145136867,0,0,0,81,0,0,0
31,1,5,2928.272,1425.00622815931,0,0,0,85,0,0,0
31,1,6,2914.144,878.915649938281,0,0,0,44,0,0,0
31,1,7,19440.7929599999,6317.47544513437,0,0,0,81,0,0,0
31,1,8,0,4,0,0,0,5,0,0,0
31,2,1,2945.9776,1528.08821181862,0,0,0,107,0,0,0
31,2,2,2947.456,1245.15913672468,0,0,0,150,0,0,0
31,2,3,2962.0704,1719.21144527968,0,0,0,170,0,0,0
31,2,4,2939.53408,335.145648067336,0,0,0,144,0,0,0
31,2,5,2940.912,1493.39617720901,0,0,0,142,0,0,0
31,2,6,2918.096,1077.49289118189,0,0,0,87,0,0,0
31,2,7,19395.8457599999,4752.851674749,6,11,0,218,0,0,0
31,2,8,0,4,0,0,0,0,0,0,0
31,3,1,2966.03679999999,656.521101256287,0,0,0,152,0,0,0
31,3,2,2962.26367999999,860.77255315592,0,0,0,124,0,0,0
31,3,3,2985.24479999999,1515.79236218019,0,0,0,171,0,0,0
31,3,4,2932.63776,1262.54650298123,0,0,0,33,0,0,0
31,3,5,2955.576,738.042811310539,0,0,0,149,0,0,0
31,3,6,2923.248,748.369021189515,0,0,0,107,0,0,0
31,3,7,19353.2790399998,2306.85551246683,24,0,0,194,0,0,0
31,3,8,0,4,0,0,0,0,0,0,0
31,4,1,2959.5168,1382.61977594305,41,0,0,24,0,0,0
31,4,2,2960.28448,1045.19535189669,47,0,0,39,0,0,0
31,4,3,2990.80128,2017.52790858995,75,0,0,76,0,0,0
31,4,4,2925.366784,906.924181998616,78,0,0,48,0,0,0
31,4,5,2946.7696,879.750402308357,37,0,0,36,0,0,0
31,4,6,2918.096,1142.84136697878,36,0,0,38,0,0,0
31,4,7,19300.3862399997,11132.3703262448,98,0,0,132,0,0,0
31,4,8,0,4,0,0,0,0,0,0,0
31,5,1,2976.34022399999,927.080551718993,0,0,0,138,0,0,0
31,5,2,2971.33247999999,938.537765915258,0,0,0,104,0,0,0
31,5,3,3023.20895999999,867.857062194357,0,0,0,198,0,0,0
31,5,4,2933.587584,1389.06752194929,0,0,0,90,0,0,0
31,5,5,2950.0576,1463.52912667813,0,0,0,87,0,0,0
31,5,6,2925.085824,1338.01977204121,0,0,0,114,0,0,0
31,5,7,19227.7001599997,5926.53910489728,0,41,0,197,0,0,0
31,5,8,0,4,0,0,0,0,0,0,0
31,6,1,2984.71782399999,767.858298256406,0,0,0,92,0,0,0
31,6,2,2981.20575999999,1046.8405450765,0,0,0,93,0,0,0
31,6,3,3029.94367999999,1024.35500250128,0,0,0,86,0,0,0
31,6,4,2949.449344,737.777459375904,0,0,0,138,0,0,0
31,6,5,2965.52608,2005.15333005899,0,0,0,146,0,0,0
31,6,6,2937.76742399999,778.241646039798,0,0,0,133,0,0,0
31,6,7,19163.0041599996,9005.16723797301,0,38,0,198,0,0,0
31,6,8,0,4,0,0,0,0,0,0,0
31,7,1,2988.03622399999,1608.46440841328,0,1,0,75,0,0,0
31,7,2,2990.68095999999,1447.60892003878,0,0,0,104,0,0,0
31,7,3,3038.24159999999,1034.86316065987,0,0,0,102,0,0,0
31,7,4,2953.537664,1042.57687670884,0,0,0,73,0,0,0
31,7,5,2979.9584,1702.66336335095,0,39,0,142,0,0,0
31,7,6,2937.68582399999,2036.08551870906,0,0,0,77,0,0,0
31,7,7,19093.9663999995,6626.30017804203,7,197,0,202,0,0,0
31,7,8,0,4,0,0,0,0,0,0,0
31,8,1,3011.29702399999,813.353247419075,0,0,0,160,0,0,0
31,8,2,3012.34848,1726.13787857284,0,0,0,144,0,0,0
31,8,3,3050.301184,1080.46414224313,0,0,0,103,0,0,0
31,8,4,2964.396224,961.369816038241,0,0,0,104,0,0,0
31,8,5,3007.0084352,1104.2713332324,0,0,0,168,0,0,0
31,8,6,2965.650624,939.776603238251,0,0,0,201,0,0,0
31,8,7,19074.3478399994,8364.70458423721,22,0,0,250,0,0,0
31,8,8,0,4,0,0,0,0,0,0,0
31,9,1,3015.49414399999,616.39012880658,0,0,0,81,0,0,0
31,9,2,3032.31071999999,1727.20992866373,0,0,0,172,0,0,0
31,9,3,3062.291904,1899.84365145502,0,0,0,108,0,0,0
31,9,4,2972.436224,1466.90575140091,0,0,0,96,0,0,0
31,9,5,3017.41428224,710.949436775683,0,0,0,110,0,0,0
31,9,6,2972.756544,1662.23040732854,0,0,0,93,0,0,0
31,9,7,19045.8428799993,10145.0152071473,20,0,0,230,0,0,0
31,9,8,0,4,0,0,0,0,0,0,0
31,10,1,3012.02694399999,994.615289460629,0,0,0,61,0,0,0
31,10,2,3057.38321919999,1488.87697223914,0,0,0,167,0,0,0
31,10,3,3087.0149248,1082.89724104696,0,0,0,189,0,0,0
31,10,4,2990.585088,2018.88467728831,0,0,0,146,0,0,0
31,10,5,3018.97108224,1578.7459143085,0,0,0,71,0,0,0
31,10,6,2994.4793088,1602.017657523,0,0,0,166,0,0,0
31,10,7,19017.0070399993,8827.06069252982,21,0,0,228,0,0,0
31,10,8,0,4,0,0,0,0,0,0,0
31,11,1,3018.87206399999,1891.43091484869,0,0,0,99,0,0,0
31,11,2,3074.5237632,1586.73363687305,0,0,0,148,0,0,0
31,11,3,3098.4997248,1036.08668145081,0,0,0,108,0,0,0
31,11,4,3018.469888,1008.24385945796,0,0,0,193,0,0,0
31,11,5,3033.76941824,1960.98059802179,0,0,0,157,0,0,0
31,11,6,3015.45434879999,1621.5935382526,0,0,0,160,0,0,0
31,11,7,18983.5535359993,5658.45025649903,53,0,0,209,0,0,0
31,11,8,0,4,0,0,0,0,0,0,0
31,12,1,3026.45369599999,1106.69588873178,48,0,0,111,0,0,0
31,12,2,3089.5201792,1327.57246019842,8,0,0,145,0,0,0
31,12,3,3106.3480448,1560.83949538942,1,0,0,102,0,0,0
31,12,4,3025.117824,976.158509954126,1,0,0,99,0,0,0
31,12,5,3048.15610624001,1835.07766687106,30,0,0,148,0,0,0
31,12,6,3033.5871488,1538.89210433995,12,0,0,142,0,0,0
31,12,7,18965.2936959992,10364.9112365963,185,0,0,265,0,0,0
31,12,8,0,4,0,0,0,0,0,0,0
31,13,1,3036.62894079999,1060.14629508441,0,0,0,110,0,0,0
31,13,2,3097.7627392,1630.13589503943,0,0,0,132,0,0,0
31,13,3,3125.5847808,1359.67156767921,0,0,0,156,0,0,0
31,13,4,3029.87718400001,870.587324951839,0,0,0,97,0,0,0
31,13,5,3069.40929024,2060.46814333988,0,0,0,183,0,0,0
31,13,6,3053.5733248,1278.15817842945,0,0,0,153,0,0,0
31,13,7,18943.6894719991,7230.19673363798,41,0,0,267,0,0,0
31,13,8,0,4,0,0,0,0,0,0,0
31,14,1,3042.57646079999,1291.16023515101,0,0,0,106,0,0,0
31,14,2,3115.7688832,974.06497106447,0,0,0,163,0,0,0
31,14,3,3134.6839936,1205.28530015367,0,0,0,135,0,0,0
31,14,4,3029.78887680001,531.43536510884,0,0,0,87,0,0,0
31,14,5,3092.01461760001,1366.26296091848,3,0,0,184,0,0,0
31,14,6,3066.7964928,1587.89515298735,0,0,0,127,0,0,0
31,14,7,18907.5372159991,8463.78330520057,100,0,0,199,0,0,0
31,14,8,0,4,0,0,0,0,0,0,0
31,15,1,3052.3147008,1037.44565016966,0,0,0,129,0,0,0
31,15,2,3125.4555392,1389.09521709963,0,0,0,97,0,0,0
31,15,3,3132.97416960001,2186.85009371688,0,0,0,120,0,0,0
31,15,4,3017.05302016001,1119.6284890263,0,0,0,53,0,0,0
31,15,5,3104.30700595201,1217.91935272146,0,0,0,136,0,0,0
31,15,6,3090.1176576,1511.54245402488,0,0,0,158,0,0,0
31,15,7,18877.144767999,11419.4776768162,0,39,0,194,0,0,0
31,15,8,0,4,0,0,0,0,0,0,0
31,16,1,3058.4182528,1074.31582561821,0,0,0,103,0,0,0
31,16,2,3143.781184,834.202645403989,0,0,0,138,0,0,0
31,16,3,3146.27229696001,527.770615081983,0,21,0,149,0,0,0
31,16,4,3021.21741363201,1708.4056487833,0,0,0,111,0,0,0
31,16,5,3110.10548275201,1479.10399278738,0,0,0,121,0,0,0
31,16,6,3114.46317312,871.36521120669,0,0,0,151,0,0,0
31,16,7,18857.901506559,5045.71978838831,2,217,0,265,0,0,0
31,16,8,0,4,0,0,0,0,0,0,0
31,17,1,3068.64625664001,2215.98568975636,0,0,0,107,0,0,0
31,17,2,3144.212864,1817.86453721753,0,0,0,83,0,0,0
31,17,3,3138.60892416001,1070.29776561181,0,0,0,52,0,0,0
31,17,4,3035.96954163201,670.747204263829,1,0,0,157,0,0,0
31,17,5,3126.28156979201,469.326903107984,0,0,0,147,0,0,0
31,17,6,3121.47220992,379.981062225239,0,0,0,87,0,0,0
31,17,7,18886.0258585589,6464.75216269612,26,0,0,309,0,0,0
31,17,8,0,4,0,0,0,0,0,0,0
31,18,1,3091.18724864001,1170.18417525017,1,0,0,195,0,0,0
31,18,2,3161.57128960001,2187.96742249652,0,0,0,178,0,0,0
31,18,3,3135.46533324801,1468.49226218872,0,0,0,107,0,0,0
31,18,4,3030.27702323202,197.036789300469,0,0,0,67,0,0,0
31,18,5,3115.76988979201,1760.33236559095,0,0,0,46,0,0,0
31,18,6,3113.58138112001,694.158491271834,0,0,0,37,0,0,0
31,18,7,18890.5560755189,11492.1623658627,22,0,0,249,0,0,1
31,18,8,0,4,0,0,0,0,0,0,0
31,19,1,3103.41632000001,1683.2118121422,0,0,0,117,0,0,0
31,19,2,3192.12422400001,1357.21000162296,0,0,0,203,0,0,0
31,19,3,3152.04351528961,1555.38608069517,0,0,0,146,0,0,0
31,19,4,3010.77663139842,1457.03464869332,0,0,0,19,0,0,0
31,19,5,3142.71604838402,1070.52117529831,0,0,0,176,0,0,0
31,19,6,3116.20626534401,397.455717903868,0,0,0,69,0,0,0
31,19,7,18888.9101496308,5602.79924352016,28,0,0,197,0,0,0
31,19,8,0,4,0,0,0,0,0,0,0
31,20,1,3108.55942656001,1658.03611421277,0,70,0,98,0,0,0
31,20,2,3177.84193536001,662.016812365484,0,69,0,66,0,0,0
31,20,3,3136.89478184961,547.61031929015,0,87,0,68,0,0,0
31,20,4,3009.30827171841,1279.21345142362,0,58,0,87,0,0,0
31,20,5,3129.96874815489,1700.47846514196,0,61,0,46,0,0,0
31,20,6,3103.49260134401,1058.81344349945,0,24,0,15,0,0,0
31,20,7,18898.3167319028,7324.62343670464,0,276,0,284,0,0,0
31,20,8,0,4,0,0,0,0,0,0,0
31,21,1,3137.03825203201,1440.60633778082,0,0,0,165,0,0,0
31,21,2,3188.48250060801,1574.18483027662,0,0,0,66,0,0,0
31,21,3,3139.93319972456,1564.41530029998,0,0,0,54,0,0,0
31,21,4,3030.96817571842,1991.25137030787,0,0,0,127,0,0,0
31,21,5,3167.03122700289,1571.26425331235,0,0,0,170,0,0,0
31,21,6,3128.3786128384,1935.66628300338,0,0,0,105,0,0,0
31,21,7,18938.9783670772,6803.25345902857,28,0,0,194,0,0,0
31,21,8,0,4,0,0,0,0,0,0,0
31,22,1,3154.91744317441,1560.29287636557,0,0,0,143,0,0,0
31,22,2,3208.49358540801,1538.90244826927,0,0,0,157,0,0,0
31,22,3,3156.11564826216,1085.06045418486,0,0,0,156,0,0,0
31,22,4,3056.14946263042,1518.71673771522,0,0,0,199,0,0,0
31,22,5,3187.89559769089,1384.81575877846,0,0,0,157,0,0,0
31,22,6,3162.25626583041,387.50343921194,0,0,0,193,0,0,0
31,22,7,18969.2721910772,5459.49227210394,25,0,0,207,0,0,0
31,22,8,0,4,0,0,0,0,0,0,0
31,23,1,3178.90769174529,554.0441955377,3,0,0,142,0,0,0
31,23,2,3229.40360908801,1086.9985364627,0,0,0,153,0,0,0
31,23,3,3164.63770906216,813.201611094315,0,0,0,108,0,0,0
31,23,4,3070.39631370242,1778.57664587115,0,0,0,151,0,0,0
31,23,5,3209.1781775565,757.379336778324,0,0,0,138,0,0,0
31,23,6,3163.85266903041,1485.39063995411,0,0,0,38,0,0,0
31,23,7,18999.9887960051,8864.88884674274,92,0,0,196,0,0,0
31,23,8,0,4,0,0,0,0,0,0,0
31,24,1,3179.16037654529,1239.03736623549,0,0,0,55,0,0,0
31,24,2,3237.93219993601,1597.37195074418,0,0,0,108,0,0,0
31,24,3,3158.23604762216,677.425039319556,0,0,0,81,0,0,0
31,24,4,3094.49912125442,1612.58376968861,0,0,0,177,0,0,0
31,24,5,3208.79881943042,829.513462622461,0,0,0,75,0,0,0
31,24,6,3193.38518487041,941.02609651701,0,0,0,148,0,0,0
31,24,7,19041.8872254451,6495.25926997225,38,0,0,244,0,0,0
31,24,8,0,4,0,0,0,0,0,0,0
31,25,1,3175.70582755329,1599.84770480342,76,0,0,47,0,0,0
31,25,2,3238.37280911361,917.209893603962,71,0,0,88,0,0,0
31,25,3,3138.69854439016,1417.79701779519,44,0,0,23,0,0,0
31,25,4,3097.41944903682,1177.93730790486,73,0,0,88,0,0,0
31,25,5,3195.34080266242,1259.65868839702,38,0,0,44,0,0,0
31,25,6,3197.74705930241,422.465009593836,41,0,0,53,0,0,0
31,25,7,19091.2728740851,6092.27267656056,350,0,0,266,0,0,18
31,25,8,0,4,0,0,0,0,0,0,0
31,26,1,3185.4447408333,917.032028877882,24,0,0,119,0,0,0
31,26,2,3242.01548687362,1025.73833000008,0,0,0,91,0,0,0
31,26,3,3147.68143273576,1364.63513278426,5,0,0,133,0,0,0
31,26,4,3098.89137336322,1438.67105136791,0,0,0,117,0,0,0
31,26,5,3200.56644300802,1286.82342364136,0,0,0,125,0,0,0
31,26,6,3192.18120970241,1796.25725449455,0,0,0,42,0,0,0
31,26,7,19115.6667070451,8737.87188247849,216,0,0,242,0,0,0
31,26,8,0,4,0,0,0,0,0,0,0
31,27,1,3191.2145430733,1844.87557437966,0,0,0,91,0,0,0
31,27,2,3247.6200034509,1457.62765776648,0,0,0,102,0,0,0
31,27,3,3159.18824930019,1267.07949157733,0,0,0,136,0,0,0
31,27,4,3108.2050723021,1482.09263076551,0,0,0,143,0,0,0
31,27,5,3209.42371264514,1264.28916726307,0,0,0,128,0,0,0
31,27,6,3214.48235337729,1772.66959617146,0,0,0,179,0,0,0
31,27,7,19153.3037154291,9543.76377802015,65,0,0,237,0,0,0
31,27,8,0,4,0,0,0,0,0,0,0
31,28,1,3229.29159553435,1173.32322384722,0,0,0,184,0,0,0
31,28,2,3275.45284024322,918.95147533648,0,0,0,145,0,0,0
31,28,3,3178.34208686476,1537.48292080701,0,0,0,126,0,0,0
31,28,4,3128.28577234946,1854.19971034946,0,0,0,148,0,0,0
31,28,5,3228.50710351874,1284.19967216132,0,0,0,126,0,0,0
31,28,6,3258.22702629275,1116.87818100157,0,0,0,177,0,0,0
31,28,7,19192.0007023808,8744.42405123884,51,0,0,206,0,0,0
31,28,8,0,4,0,0,0,0,0,0,0
31,29,1,3243.60286019996,1566.30811572014,0,0,0,117,0,0,0
31,29,2,3285.68460492801,1339.34940376685,0,0,0,91,0,0,0
31,29,3,3193.46112225675,1198.91178578815,0,0,0,153,0,0,0
31,29,4,3151.44717991693,2271.98830538613,2,0,0,169,0,0,0
31,29,5,3247.02786216757,719.406049381492,0,0,0,128,0,0,0
31,29,6,3278.88452082075,1242.87968934714,0,0,0,111,0,0,0
31,29,7,19226.7941650623,6901.86809611107,119,0,0,195,0,0,0
31,29,8,0,4,0,0,0,0,0,0,0
31,30,1,3263.77446230428,1097.5771397608,1,0,0,154,0,0,0
31,30,2,3293.27984598632,1311.61122354287,0,0,0,133,0,0,0
31,30,3,3194.97173125515,771.505740212064,0,0,0,119,0,0,0
31,30,4,3170.45636710435,1986.36646691221,24,0,0,170,0,0,0
31,30,5,3237.57312414517,1032.35401468692,0,0,0,71,0,0,0
31,30,6,3299.79098313115,1095.20034719785,0,0,0,124,0,0,0
31,30,7,19293.8302709131,7210.74065759571,180,0,0,276,0,0,0
31,30,8,0,4,0,0,0,0,0,0,0
31,31,1,3282.31349727234,1247.57255345639,0,0,0,109,0,0,0
31,31,2,3314.63201133283,1601.67433592647,0,0,0,131,0,0,0
31,31,3,3195.8590956305,1200.44959033538,0,0,0,77,0,0,0
31,31,4,3194.20714965357,1329.79472416875,40,0,0,138,0,0,0
31,31,5,3247.7765933882,1112.1663896025,0,0,0,103,0,0,0
31,31,6,3330.09047761307,769.647719689681,1,0,0,108,0,0,0
31,31,7,19394.0310542813,8004.61333559381,288,0,0,289,0,0,0
31,31,8,0,4,0,0,0,0,0,0,0
31,32,1,3297.28054558722,1073.32081708804,0,0,0,124,0,0,0
31,32,2,3336.48204189026,1361.68904063324,0,0,0,160,0,0,0
31,32,3,3202.55934850402,1988.47196875196,0,0,0,120,0,0,0
31,32,4,3218.5192256834,1311.24101671397,0,0,0,132,0,0,0
31,32,5,3263.43519446223,908.879182300718,0,0,0,111,0,0,0
31,32,6,3340.99213472974,1094.01091164976,0,0,0,76,0,0,0
31,32,7,19441.828898536,6813.52560189497,110,0,0,169,0,0,0
31,32,8,0,4,0,0,0,0,0,0,0
31,33,1,3298.93058185956,1006.72354665071,0,0,0,107,0,0,0
31,33,2,3343.52205356386,1283.29130029105,0,0,0,136,0,0,0
31,33,3,3207.76613265407,2011.33185033226,20,0,0,166,0,0,0
31,33,4,3220.37130902267,1087.8812154569,0,0,0,130,0,0,0
31,33,5,3262.07520234703,1114.30201137472,0,0,0,90,0,0,0
31,33,6,3353.30539338221,1381.39849605269,0,0,0,109,0,0,0
31,33,7,19482.8504541014,7336.55176125814,214,1,0,199,0,0,6
31,33,8,0,4,0,0,0,0,0,0,0
31,34,1,3311.81933877087,1102.96194566841,0,0,0,100,0,0,0
31,34,2,3358.10632543094,1901.67372992161,0,0,0,128,0,0,0
31,34,3,3239.24139542055,1202.54921314833,1,0,0,196,0,0,0
31,34,4,3236.88991606372,1350.72971020425,0,0,0,108,0,0,0
31,34,5,3281.51433329517,2141.31625002692,0,0,0,111,0,0,0
31,34,6,3392.28202786015,495.452547812482,0,0,0,138,0,0,0
31,34,7,19557.2809905137,5638.43915027929,166,0,0,215,0,0,0
31,34,8,0,4,0,0,0,0,0,0,0
31,35,1,3318.92680083294,656.137940323547,1,0,0,108,0,0,0
31,35,2,3364.49526110357,1887.78844394557,28,0,0,141,0,0,0
31,35,3,3233.53753366055,1955.54291564538,0,0,0,120,0,0,0
31,35,4,3228.54586478988,1279.57429978816,0,0,0,135,0,0,0
31,35,5,3298.28824652752,2305.04194710735,34,0,0,155,0,0,0
31,35,6,3389.67001593055,683.48529280527,0,0,0,49,0,0,0
31,35,7,19612.5150403774,3727.27586157864,204,0,0,217,0,0,0
31,35,8,0,4,0,0,0,0,0,0,0
31,36,1,3299.31805792094,1337.71266999741,0,41,0,24,0,0,0
31,36,2,3353.81854523131,2103.67461309593,0,87,0,101,0,0,0
31,36,3,3210.12718679509,1774.04228704272,0,100,0,95,0,0,0
31,36,4,3205.436185051,594.259714018291,0,69,0,58,0,0,0
31,36,5,3296.20921488336,1278.80018807929,0,118,0,112,0,0,0
31,36,6,3380.23931011172,318.740002122765,0,31,0,37,0,0,0
31,36,7,19631.3597891774,7279.33629320802,0,200,0,172,0,0,0
31,36,8,0,4,0,0,0,0,0,0,0
31,37,1,3316.60087295167,1456.1694719908,0,0,0,133,0,0,0
31,37,2,3400.87082875438,1393.56651623284,1,0,0,194,0,0,0
31,37,3,3244.8431273033,1751.98724926484,0,0,0,177,0,0,0
31,37,4,3203.29270659058,735.887334231308,0,0,0,59,0,0,0
31,37,5,3322.12412163814,1835.31359082382,0,0,0,127,0,0,0
31,37,6,3384.59380355172,1819.4661407245,0,0,0,31,0,0,0
31,37,7,19694.0679170599,11499.0823369554,33,0,0,217,0,0,0
31,37,8,0,4,0,0,0,0,0,0,0
31,38,1,3335.51382930704,1225.00439962852,0,0,0,145,0,0,0
31,38,2,3407.98750351509,1780.01475233773,0,0,0,139,0,0,0
31,38,3,3264.38337896205,788.722109452061,0,0,0,175,0,0,0
31,38,4,3208.55951682932,575.055866753285,0,0,0,73,0,0,0
31,38,5,3365.72961276113,1327.72729603481,0,0,0,183,0,0,0
31,38,6,3424.409907143,1006.83705583476,0,0,0,181,0,0,0
31,38,7,19744.0209854736,5983.34592814143,27,0,0,217,0,0,0
31,38,8,0,4,0,0,0,0,0,0,0
31,39,1,3345.65333113735,1527.77720692185,0,0,0,122,0,0,0
31,39,2,3436.42009426887,1367.59755700277,0,0,0,173,0,0,0
31,39,3,3264.8439450809,1600.0109006189,0,0,0,78,0,0,0
31,39,4,3211.03265498893,1892.40622029915,0,0,0,57,0,0,0
31,39,5,3398.43258874655,1324.20273791507,0,0,0,132,0,0,0
31,39,6,3447.3024955846,1326.38298539945,0,0,0,100,0,0,0
31,39,7,19796.8063997036,7574.47365603721,41,0,0,204,0,0,0
31,39,8,0,4,0,0,0,0,0,0,0
31,40,1,3376.29608026436,988.11632687036,0,0,0,152,0,0,0
31,40,2,3459.6670252037,1460.82518949344,0,0,0,136,0,0,0
31,40,3,3293.47504375415,1550.10636820323,0,0,0,160,0,0,0
31,40,4,3246.17856734619,1169.75777549248,0,0,0,189,0,0,0
31,40,5,3439.40535629217,978.79655208834,0,0,0,132,0,0,0
31,40,6,3482.27218746214,617.595200543,0,0,0,132,0,0,0
31,40,7,19881.501257244,9967.24830739578,32,0,0,263,0,0,0
31,40,8,0,4,0,0,0,0,0,0,0
31,41,1,3394.43833777798,1015.77772765131,0,0,0,98,0,0,0
31,41,2,3485.16986893239,1226.58342076027,0,0,0,146,0,0,0
31,41,3,3315.80362227056,1012.6310980948,0,0,0,155,0,0,0
31,41,4,3264.97194391614,1446.95963833598,0,0,0,116,0,0,0
31,41,5,3461.86632162762,830.451268216054,0,0,0,97,0,0,0
31,41,6,3495.62682678446,1299.64299808696,0,0,0,61,0,0,0
31,41,7,19938.9941961846,6281.61773966561,32,0,0,235,0,0,0
31,41,8,0,4,0,0,0,0,0,0,0
31,42,1,3395.12451680275,1410.87644155338,0,0,0,101,0,0,0
31,42,2,3500.6318059017,1033.69035296744,0,0,0,122,0,0,0
31,42,3,3315.83222997974,1732.60263323996,0,0,0,101,0,0,0
31,42,4,3279.12060270295,1628.80243919625,0,0,0,144,0,0,0
31,42,5,3468.0311643219,1568.89501842762,0,0,0,83,0,0,0
31,42,6,3519.31110855854,2069.31555638242,0,0,0,129,0,0,0
31,42,7,19970.0060023967,11861.6573848096,49,0,0,173,0,0,0
31,42,8,0,4,0,0,0,0,0,0,0
31,43,1,3408.83488422253,1426.72666904622,0,0,0,141,0,0,0
31,43,2,3500.1698389518,1530.38423833169,0,0,0,103,0,0,0
31,43,3,3329.44325079531,1788.13846207616,0,0,0,173,0,0,0
31,43,4,3292.58889247996,624.621911379323,0,0,0,162,0,0,0
31,43,5,3478.80020017408,1367.46784888718,0,0,0,156,0,0,0
31,43,6,3557.68196295362,1436.98560782044,0,0,0,206,0,0,0
31,43,7,20002.2183939231,4925.5165958494,32,0,0,247,0,0,1
31,43,8,0,4,0,0,0,0,0,0,0
31,44,1,3422.2157995477,1717.33076217976,0,0,0,142,0,0,0
31,44,2,3515.36643650293,483.687298651382,0,0,0,153,0,0,0
31,44,3,3350.60594666237,1171.85017927034,0,0,0,178,0,0,0
31,44,4,3278.40261262308,1410.74514706387,0,0,0,62,0,0,0
31,44,5,3492.86645846764,1660.43813156108,0,0,0,136,0,0,0
31,44,6,3582.85550070548,1157.878369523,0,0,0,143,0,0,0
31,44,7,20013.4388654444,5368.84151854352,102,0,0,153,0,0,0
31,44,8,0,4,0,0,0,0,0,0,0
31,45,1,3449.91100381786,1711.75415657693,0,0,0,171,0,0,0
31,45,2,3505.06458453129,1409.18615218313,0,0,0,48,0,0,0
31,45,3,3357.27594003982,1586.39550518326,0,0,0,117,0,0,0
31,45,4,3289.42550241156,975.041654879959,0,0,0,141,0,0,0
31,45,5,3526.51590977694,1064.47350822978,0,0,0,166,0,0,0
31,45,6,3602.19594723789,1388.74702133728,0,0,0,115,0,0,0
31,45,7,20050.4800926059,11218.8756004679,60,0,0,188,0,0,0
31,45,8,0,4,0,0,0,0,0,0,0
31,46,1,3472.17378235397,2766.6256828027,0,0,0,171,0,0,0
31,46,2,3515.96499239521,783.167101243774,0,0,0,140,0,0,0
31,46,3,3369.85072259213,1507.98478681092,0,0,0,158,0,0,0
31,46,4,3292.46358270319,1482.47013517374,0,0,0,97,0,0,0
31,46,5,3530.96713470401,1561.09665822749,0,0,0,106,0,0,0
31,46,6,3629.04784265939,1497.52931286136,0,0,0,138,0,0,0
31,46,7,20078.8195301416,8631.16486059752,38,0,0,211,0,0,0
31,46,8,0,4,0,0,0,0,0,0,0
31,47,1,3547.73485600557,1954.01644506856,5,0,0,244,0,0,0
31,47,2,3520.98066753283,1316.84096554756,0,0,0,78,0,0,0
31,47,3,3392.55631954241,1588.76343411259,0,0,0,150,0,0,0
31,47,4,3330.88435573047,1232.58872944136,0,0,0,148,0,0,0
31,47,5,3567.49570441174,2056.63785775673,0,0,0,156,0,0,0
31,47,6,3677.58721465879,1345.73143694651,0,0,0,149,0,0,0
31,47,7,20137.5013687449,13242.7693325544,103,0,0,192,0,0,0
31,47,8,0,4,0,0,0,0,0,0,0
31,48,1,3570.05145260608,1675.5032421414,0,0,0,176,0,0,0
31,48,2,3525.0063094068,1241.07300930082,0,0,0,131,0,0,0
31,48,3,3398.55262680017,1236.62492433376,0,0,0,158,0,0,0
31,48,4,3330.06280200376,731.599801647605,0,0,0,123,0,0,0
31,48,5,3594.53051845871,2528.4726967682,0,0,0,205,0,0,0
31,48,6,3699.54179934947,1114.54430318113,0,0,0,134,0,0,0
31,48,7,20164.5837761101,8868.76066541501,49,0,0,223,0,0,0
31,48,8,0,4,0,0,0,0,0,0,0
31,49,1,3601.17464776365,2352.77758937461,0,0,0,167,0,0,0
31,49,2,3537.65529090334,1666.71020058924,0,0,0,124,0,0,0
31,49,3,3402.45498547712,967.853473487005,0,0,0,123,0,0,0
31,49,4,3312.27148611347,919.4793153458,0,0,0,73,0,0,0
31,49,5,3651.85540559547,1267.34137435051,3,0,0,215,0,0,1
31,49,6,3723.09946678078,1169.79156810886,0,0,0,111,0,0,0
31,49,7,20227.0966483208,8726.9043393488,89,0,0,215,0,0,0
31,49,8,0,4,0,0,0,0,0,0,0
31,50,1,3607.4303516507,1362.73441038,38,0,0,136,0,0,0
31,50,2,3545.04202947459,510.776771165341,0,0,0,166,0,0,0
31,50,3,3402.36291322615,1033.05850586479,0,0,0,96,0,0,0
31,50,4,3299.1980202116,1132.65632537528,0,0,0,91,0,0,0
31,50,5,3659.63108405603,1289.68866263718,0,0,0,126,0,0,0
31,50,6,3745.0671860819,990.790963717365,0,0,0,116,0,0,0
31,50,7,20284.234048523,7626.84794963849,223,0,0,292,0,0,0
31,50,8,0,4,0,0,0,0,0,0,0
31,51,1,3649.29407024666,1453.86484057749,0,0,0,136,0,0,0
31,51,2,3521.98933123089,2033.26357393904,0,0,0,51,0,0,0
31,51,3,3403.16441452853,1689.5357845487,0,0,0,103,0,0,0
31,51,4,3317.68685225181,834.641818395371,0,0,0,113,0,0,0
31,51,5,3675.26587141696,2142.12488784178,0,0,0,128,0,0,0
31,51,6,3770.59584275957,306.034471990547,0,0,0,99,0,0,0
31,51,7,20361.6602741206,9123.07983997214,138,1,0,193,0,0,6
31,51,8,0,4,0,0,0,0,0,0,0
31,52,1,3665.89939587726,1591.35492988277,0,0,0,145,0,0,0
31,52,2,3536.81333238675,2068.17834640812,0,0,0,203,0,0,0
31,52,3,3407.99620566091,1399.37432821437,0,0,0,163,0,0,0
31,52,4,3307.09629624528,648.666079302879,0,0,0,83,0,0,0
31,52,5,3726.08204726014,1568.59759515779,0,0,0,214,0,0,0
31,52,6,3758.88944733541,2651.14408762149,0,0,0,30,0,0,0
31,52,7,20437.6115083347,7470.47733901751,0,48,0,205,0,0,0
31,52,8,0,4,0,0,0,0,0,0,0
31,53,1,3649.06458797567,468.508354240212,0,92,0,67,0,0,0
31,53,2,3529.0541360839,1308.65071195018,0,108,0,98,0,0,0
31,53,3,3388.72974206338,1639.0203546355,0,78,0,61,0,0,0
31,53,4,3281.9868586711,517.887456767575,0,31,0,33,0,0,0
31,53,5,3716.60649399835,1997.64366369481,0,85,0,71,0,0,0
31,53,6,3786.04652452069,1291.41124471815,0,135,0,130,0,0,0
31,53,7,20556.8273853309,3318.79014724783,0,411,0,336,0,0,0
31,53,8,0,4,0,0,0,0,0,0,0
31,54,1,3630.3077702356,1675.62443854714,29,0,0,17,0,0,0
31,54,2,3522.7635656387,965.738189857156,48,0,0,82,0,0,0
31,54,3,3386.63684898187,825.340948876225,64,0,0,99,0,0,0
31,54,4,3264.63574092289,1429.66945516921,27,0,0,24,0,0,0
31,54,5,3727.63220921561,972.295030061371,96,0,0,103,0,0,0
31,54,6,3804.55629764428,1461.90155545962,58,0,0,71,0,0,0
31,54,7,20603.1075628453,13525.8917952136,169,0,0,161,0,0,0
31,54,8,0,4,0,0,0,0,0,0,0
31,55,1,3645.4676364202,1706.40582659203,0,0,0,167,0,0,0
31,55,2,3517.06249013757,1452.21820586337,0,0,0,96,0,0,0
31,55,3,3383.07015871965,1115.42386915049,0,0,0,82,0,0,0
31,55,4,3279.69373528052,934.464500056249,0,0,0,142,0,0,0
31,55,5,3741.45329503387,1266.02136002301,0,0,0,97,0,0,0
31,55,6,3838.37405400908,686.290499535039,0,0,0,146,0,0,0
31,55,7,20627.4007433076,9041.60993237125,30,0,0,202,0,0,0
31,55,8,0,4,0,0,0,0,0,0,0
31,56,1,3696.03559884812,1044.21339139986,0,0,0,170,0,0,0
31,56,2,3568.74212330963,837.461540570214,0,0,0,145,0,0,0
31,56,3,3418.11911744699,883.584164863101,0,0,0,111,0,0,0
31,56,4,3323.22848320216,1687.85389103303,0,0,0,93,0,0,0
31,56,5,3802.86905933158,2059.49630207436,0,0,0,126,0,0,0
31,56,6,3880.10306704929,1081.36400871062,0,0,0,68,0,0,0
31,56,7,20698.3555569763,7180.73737881416,123,0,0,164,0,0,0
31,56,8,0,4,0,0,0,0,0,0,0
31,57,1,3724.35679048215,1924.62131489575,0,0,0,104,0,0,0
31,57,2,3593.88449137954,712.696702660596,0,0,0,83,0,0,0
31,57,3,3445.87675650606,1870.87155842806,0,0,0,88,0,0,0
31,57,4,3394.4617954327,1233.0520290584,17,0,0,133,0,0,0
31,57,5,3866.81015213232,1390.11104500337,32,0,0,138,0,0,0
31,57,6,3946.16221744276,1692.60955027249,0,0,0,108,0,0,0
31,57,7,20847.9867601273,8597.00516762933,210,0,0,277,0,0,0
31,57,8,0,4,0,0,0,0,0,0,0
31,58,1,3814.1474273732,1505.00569123733,0,0,0,192,0,0,0
31,58,2,3616.28018279886,1221.63589290094,0,0,0,71,0,0,0
31,58,3,3520.89300645534,2179.44971668193,1,0,0,179,0,0,0
31,58,4,3479.78239071999,1751.59141949542,0,0,0,123,0,0,0
31,58,5,3941.70099160729,1837.00367245906,0,0,0,139,0,0,0
31,58,6,4048.25931069422,2100.82427674241,1,0,0,158,0,0,0
31,58,7,20993.6815840492,4834.29408989518,82,0,0,200,0,0,4
31,58,8,0,4,0,0,0,0,0,0,0
31,59,1,3816.20954201932,1809.37214694324,16,0,0,118,0,0,0
31,59,2,3624.95070715957,1159.05069888244,0,0,0,122,0,0,0
31,59,3,3529.73497075193,1753.52957267024,36,0,0,144,0,0,0
31,59,4,3496.49058301947,1869.23185120253,17,0,0,141,0,0,0
31,59,5,3973.95091409022,2418.83245398112,19,0,0,145,0,0,0
31,59,6,4080.891810457,1533.00465007765,31,0,0,148,0,0,0
31,59,7,21032.9727044113,8274.38421592062,150,0,0,183,0,0,0
31,59,8,0,4,0,0,0,0,0,0,0
31,60,1,3855.52330794804,2297.13697435823,0,0,0,180,0,0,0
31,60,2,3651.3567483662,2228.76511213206,0,0,0,115,0,0,0
31,60,3,3551.94173566589,1360.0924818859,0,0,0,175,0,0,0
31,60,4,3531.68883142905,1694.60850003345,0,0,0,184,0,0,0
31,60,5,4037.63985399067,1635.52478458326,3,0,0,185,0,0,0
31,60,6,4136.07381197254,1414.31206240606,0,0,0,153,0,0,0
31,60,7,21124.7808593738,8852.17184129762,45,0,0,197,0,0,0
31,60,8,0,4,0,0,0,0,0,0,0
31,61,1,3902.68437548601,2521.77203264807,2,0,0,184,0,0,0
31,61,2,3712.90223653302,1708.08676515763,2,0,0,180,0,0,1
31,61,3,3575.80885206799,1650.15516311108,0,0,0,136,0,0,0
31,61,4,3571.57958697931,1306.86670827129,0,0,0,169,0,0,0
31,61,5,4094.77081934467,2136.45196730927,0,0,0,163,0,0,0
31,61,6,4196.91465373783,1412.01535387083,0,0,0,141,0,0,0
31,61,7,21223.9201935012,10852.9818946011,39,0,0,200,0,0,0
31,61,8,0,4,0,0,0,0,0,0,0
31,62,1,3976.03204651176,833.269216705743,2,0,0,195,0,0,0
31,62,2,3757.47795830793,2570.08031898188,0,0,0,170,0,0,0
31,62,3,3605.32675664707,1307.14041036116,0,0,0,165,0,0,0
31,62,4,3588.84372838376,1204.63093920858,0,0,0,130,0,0,0
31,62,5,4174.3251856686,1669.10757830793,0,0,0,192,0,0,0
31,62,6,4253.74397614045,1048.3350063076,0,0,0,141,0,0,0
31,62,7,21306.4722644984,10592.8519037704,39,0,0,203,0,0,2
31,62,8,0,4,0,0,0,0,0,0,0
31,63,1,3976.63205042026,1340.46615996547,0,0,0,83,0,0,0
31,63,2,3805.74326046323,993.703938667035,0,0,0,257,0,0,0
31,63,3,3613.82203031366,993.286682064188,0,0,0,130,0,0,0
31,63,4,3593.60176271748,1124.40122548342,0,0,0,120,0,0,0
31,63,5,4204.63323610552,2238.88303582545,0,0,0,166,0,0,0
31,63,6,4267.51648276258,1855.90134967364,0,0,0,104,0,0,0
31,63,7,21340.7073346404,11398.8901606439,38,0,0,185,0,0,0
31,63,8,0,4,0,0,0,0,0,0,0
31,64,1,4002.94412906438,2843.04108805675,0,0,0,134,0,0,0
31,64,2,3811.29386045002,1485.37815988757,0,0,0,99,0,0,0
31,64,3,3616.61237212457,1126.82671595854,0,0,0,99,0,0,0
31,64,4,3602.82346265366,821.499761968095,0,0,0,112,0,0,0
31,64,5,4253.8738610868,1575.24075012621,1,0,0,179,0,0,0
31,64,6,4317.3798619246,2313.03049351061,0,0,0,181,0,0,0
31,64,7,21382.7374231481,16522.287515164,37,0,0,223,0,0,0
31,64,8,0,4,0,0,0,0,0,0,0
31,65,1,4033.78125341353,3454.64349591255,0,0,0,189,0,0,3
31,65,2,3814.25660065712,1954.89864567598,0,0,0,148,0,0,0
31,65,3,3615.06364784599,1225.87534847961,0,0,0,112,0,0,0
31,65,4,3591.37225281569,1470.38575388045,0,0,0,82,0,0,0
31,65,5,4273.19319320406,2144.45076151755,0,0,0,157,0,0,0
31,65,6,4362.87610182172,2318.59503462401,1,0,0,187,0,0,0
31,65,7,21408.37954806,10971.8139632403,35,0,0,209,0,0,0
31,65,8,0,4,0,0,0,0,0,0,0
31,66,1,4047.75081217631,1997.13985557369,97,0,0,160,0,0,0
31,66,2,3821.82439990657,2068.27977777733,21,0,0,154,0,0,0
31,66,3,3615.45553668688,1230.90987128677,0,0,0,122,0,0,0
31,66,4,3580.99606736657,1621.96222676012,5,0,0,137,0,0,0
31,66,5,4294.79692639837,3332.07141798216,26,0,0,165,0,0,0
31,66,6,4389.74607203297,1138.42228136039,34,0,0,167,0,0,0
31,66,7,21475.6179432895,14538.3765951984,306,1,0,337,0,0,1
31,66,8,0,4,0,0,0,0,0,0,0
31,67,1,4084.72996493104,664.90954737013,0,0,0,194,0,0,0
31,67,2,3827.88949273585,1589.58301546108,1,0,0,192,0,0,0
31,67,3,3608.01836656172,2230.83440370461,0,0,0,123,0,0,0
31,67,4,3594.95459720684,2111.91914220519,0,0,0,162,0,0,0
31,67,5,4318.04643127415,1268.86383773739,11,0,0,175,0,0,0
31,67,6,4408.49289531736,1625.49959287906,0,0,0,113,0,0,0
31,67,7,21511.9578045068,5056.82206811465,87,0,0,259,0,0,0
31,67,8,0,4,0,0,0,0,0,0,0
31,68,1,4071.93489116058,1670.50344112594,0,0,0,66,0,0,0
31,68,2,3847.09570282038,949.487827136116,1,0,0,156,0,0,0
31,68,3,3617.16786915713,2174.60452449713,27,0,0,155,0,0,0
31,68,4,3607.39080561641,2159.60810083055,23,0,0,153,0,0,0
31,68,5,4339.23118040115,2794.73405615147,0,0,0,126,0,0,0
31,68,6,4444.78501720839,728.108052014588,1,0,0,160,0,0,0
31,68,7,21561.7727688339,5899.97412529455,135,0,0,168,0,0,0
31,68,8,0,4,0,0,0,0,0,0,0
31,69,1,4060.79025947889,1242.64567200535,0,83,0,84,0,0,0
31,69,2,3818.14085250253,2145.16260555196,0,46,0,48,0,0,0
31,69,3,3601.94822243467,1299.1839766948,0,96,0,121,0,0,0
31,69,4,3597.69460267613,1195.80507355393,0,109,0,106,0,0,0
31,69,5,4343.08953896366,1345.22347500481,0,157,0,122,0,0,0
31,69,6,4439.74809618388,2257.18654943018,0,28,0,44,0,0,0
31,69,7,21640.4000975296,9697.33660654392,0,279,0,310,0,0,0
31,69,8,0,4,0,0,0,0,0,0,0
31,70,1,4080.09382802853,1514.3330922109,0,0,0,124,0,0,0
31,70,2,3834.09994970051,2209.14317724951,0,0,0,179,0,0,0
31,70,3,3610.64262247682,500.792464059199,0,0,0,129,0,0,0
31,70,4,3612.01119362419,1381.73963568047,0,0,0,119,0,0,0
31,70,5,4367.12182268124,1354.55099599338,0,0,0,134,0,0,0
31,70,6,4508.12119613726,1946.78063304274,0,0,0,206,0,0,0
31,70,7,21702.3573002397,12654.931155069,27,0,0,272,0,0,0
31,70,8,0,4,0,0,0,0,0,0,0
31,71,1,4098.70583661911,2219.28099849345,0,0,0,151,0,0,0
31,71,2,3872.84239095793,1963.95971843542,0,0,0,220,0,0,0
31,71,3,3605.24110528877,1184.3597485277,0,0,0,50,0,0,0
31,71,4,3625.40582718133,1713.45900402453,0,0,0,138,0,0,0
31,71,5,4394.41444714896,1696.18337051641,0,0,0,135,0,0,0
31,71,6,4570.17761801801,2016.37008696831,0,0,0,193,0,0,0
31,71,7,21776.6306086798,5789.26293465374,22,0,0,323,0,0,0
31,71,8,0,4,0,0,0,0,0,0,0
31,72,1,4145.28914169734,1874.76091566965,4,0,0,183,0,0,0
31,72,2,3902.02198987806,1370.98157686399,2,0,0,174,0,0,0
31,72,3,3625.07527030114,1551.9374269544,0,0,0,118,0,0,0
31,72,4,3667.60587082421,1353.8522367889,0,0,0,171,0,0,0
31,72,5,4455.32302064827,1437.23463525743,0,0,0,169,0,0,0
31,72,6,4632.5360844413,1491.20610145029,3,0,0,170,0,0,0
31,72,7,21821.738853281,10610.6437933459,45,0,0,186,0,0,0
31,72,8,0,4,0,0,0,0,0,0,0
31,73,1,4240.60398406702,1657.26510925986,0,0,0,167,0,0,0
31,73,2,3955.48082409052,1371.22865667792,0,0,0,137,0,0,0
31,73,3,3684.78857670967,1712.73709416108,0,0,0,155,0,0,0
31,73,4,3720.36260777197,978.693872125249,0,0,0,135,0,0,0
31,73,5,4553.25656216748,2063.03387545093,0,0,0,143,0,0,0
31,73,6,4731.87289401237,1443.85250583603,0,0,0,149,0,0,0
31,73,7,21955.6568055329,5933.64670222694,31,0,0,215,0,0,0
31,73,8,0,4,0,0,0,0,0,0,0
31,74,1,4282.48528167352,2681.59194928528,0,0,0,165,0,0,0
31,74,2,3978.16811235223,1646.92223195699,0,0,0,137,0,0,0
31,74,3,3721.01545509166,2087.76385061622,0,0,0,171,0,0,0
31,74,4,3734.69146129834,2443.11862445006,0,0,0,97,0,0,0
31,74,5,4611.73067468327,2220.04619102149,0,0,0,191,0,0,0
31,74,6,4788.51464940475,1547.0525030257,0,0,0,144,0,0,0
31,74,7,22002.3718743274,9779.14324830688,38,0,0,176,0,0,7
31,74,8,0,4,0,0,0,0,0,0,0
31,75,1,4445.41946343014,1698.27383842569,0,0,0,260,0,0,0
31,75,2,4085.98516318589,1457.47221146229,0,0,0,163,0,0,0
31,75,3,3828.79989619567,1361.27947088985,0,0,0,202,0,0,0
31,75,4,3955.85362378922,941.018720049626,2,0,0,190,0,0,0
31,75,5,4822.3517273821,1466.89625601102,0,0,0,222,0,0,0
31,75,6,4945.28716480811,842.201484024405,0,0,0,154,0,0,0
31,75,7,22155.4958494549,10607.7149079201,30,0,0,182,0,0,0
31,75,8,0,4,0,0,0,0,0,0,0
31,76,1,4484.50220227287,1122.40339494363,0,0,0,169,0,0,0
31,76,2,4112.22225280491,1722.07304459628,0,0,0,145,0,0,0
31,76,3,3855.07934041469,1258.96204206791,0,0,0,136,0,0,0
31,76,4,3971.35769555181,700.700150453185,0,0,0,94,0,0,0
31,76,5,4859.66713703716,1599.96936598313,0,0,0,146,0,0,0
31,76,6,4978.85781899637,1683.84038119985,0,0,0,84,0,0,0
31,76,7,22218.1963534084,7690.10004147488,29,0,0,205,0,0,0
31,76,8,0,4,0,0,0,0,0,0,0
31,77,1,4609.03833450883,2424.20800842554,0,0,0,112,0,0,0
31,77,2,4175.96115727604,1306.9207272232,5,0,0,160,0,0,0
31,77,3,3913.29143175517,2080.23831453697,0,0,0,125,0,0,0
31,77,4,4004.01550704533,463.752642893101,0,0,0,70,0,0,0
31,77,5,4989.48629127448,1225.17471937421,5,0,0,148,0,0,0
31,77,6,5113.93760425496,2959.49608999909,0,0,0,168,0,0,0
31,77,7,22418.8696004189,7404.18304123591,214,0,0,276,0,0,0
31,77,8,0,4,0,0,0,0,0,0,0
31,78,1,4656.29397883418,2977.68694952287,142,0,0,72,0,0,0
31,78,2,4205.26131185283,1365.59320413681,1,0,0,129,0,0,0
31,78,3,3994.62265320076,2825.1225212426,43,0,0,156,0,0,0
31,78,4,4003.99646883572,2076.84184905513,0,0,0,46,0,0,0
31,78,5,5081.25634934511,2968.2100475595,2,0,0,120,0,0,0
31,78,6,5211.72748860776,2305.24636678175,119,0,0,153,0,0,0
31,78,7,22575.6776287837,7497.69387498461,204,3,0,202,0,0,11
31,78,8,0,4,0,0,0,0,0,0,0
31,79,1,4665.11156891548,1141.73394082134,157,0,0,93,0,0,0
31,79,2,4230.66042880825,1299.06167584065,8,0,0,126,0,0,0
31,79,3,4022.02928470465,800.481849549094,94,0,0,160,0,0,0
31,79,4,4014.20048110149,1594.95312978028,70,0,0,116,0,0,0
31,79,5,5126.35472307914,2203.58009331569,111,0,0,152,0,0,0
31,79,6,5265.66210635199,1920.34822576362,55,0,0,159,0,0,0
31,79,7,22677.3786717574,9067.88311504339,291,0,0,357,0,0,8
31,79,8,0,4,0,0,0,0,0,0,0
31,80,1,4720.15065088467,1016.93962166599,0,0,0,114,0,0,0
31,80,2,4271.26223038953,1705.95219628983,0,0,0,129,0,0,0
31,80,3,4019.87487532112,1929.08365967803,0,0,0,80,0,0,0
31,80,4,4050.61842010184,1601.67243452168,0,0,0,159,0,0,0
31,80,5,5193.09435385835,1685.10699506599,9,0,0,178,0,0,0
31,80,6,5338.19702303395,1422.99009081632,6,0,0,165,0,0,0
31,80,7,22717.2174931743,10876.0916682118,162,0,0,186,0,0,0
31,80,8,0,4,0,0,0,0,0,0,0
31,81,1,4757.5122685769,3763.26561295366,0,0,0,101,0,0,0
31,81,2,4320.23274233074,1024.41231292662,0,0,0,169,0,0,0
31,81,3,4058.64236468618,2928.83849579407,2,0,0,165,0,0,0
31,81,4,4083.29165579411,1583.374031562,0,0,0,160,0,0,0
31,81,5,5281.71865670265,2577.27215806962,0,0,0,168,0,0,0
31,81,6,5396.42557499272,3259.69932109677,0,0,0,142,0,0,0
31,81,7,22779.329257086,4960.28112951786,78,0,0,199,0,0,0
31,81,8,0,4,0,0,0,0,0,0,0
31,82,1,4774.41117428183,1382.55831977075,67,0,0,166,0,0,0
31,82,2,4337.86362880862,1921.63150885445,0,0,0,102,0,0,0
31,82,3,4093.51225687483,1098.88087968773,35,0,0,182,0,0,0
31,82,4,4099.18819856383,2087.96302307286,4,0,0,145,0,0,0
31,82,5,5358.33860992424,2221.47969491101,30,0,0,164,0,0,0
31,82,6,5465.72564565058,2485.08262833229,49,0,0,173,0,0,0
31,82,7,22823.4981486278,4646.16146174435,107,0,0,164,0,0,0
31,82,8,0,4,0,0,0,0,0,0,0
31,83,1,4806.75619398688,1731.6674728127,0,0,0,138,0,0,0
31,83,2,4395.99276759589,1030.51096364535,10,0,0,167,0,0,0
31,83,3,4113.81209285786,2303.64305442762,0,0,0,109,0,0,0
31,83,4,4150.70491352011,2159.27930927599,16,0,0,170,0,0,0
31,83,5,5421.59754742385,2119.62149289925,26,0,0,156,0,0,0
31,83,6,5549.68636573761,2293.13883703454,37,0,0,159,0,0,0
31,83,7,22868.8588359386,14301.2231580022,119,0,0,179,0,0,0
31,83,8,0,4,0,0,0,0,0,0,0
31,84,1,4830.64379388851,2529.56804115967,0,0,0,173,0,0,0
31,84,2,4391.57252413901,1756.67438145116,0,0,0,103,0,0,0
31,84,3,4130.92717945884,1783.91116605897,0,0,0,215,0,0,0
31,84,4,4178.33030152572,2275.90521223706,0,0,0,213,0,0,0
31,84,5,5484.44469115641,2740.06052429864,0,0,0,192,0,0,0
31,84,6,5622.47945978573,2254.55620956562,1,0,0,187,0,0,0
31,84,7,22888.7786950579,7920.41494623399,31,0,0,224,0,0,2
31,84,8,0,4,0,0,0,0,0,0,0
31,85,1,4862.23846462723,1858.55674158487,147,0,0,105,0,0,0
31,85,2,4395.90647463721,2454.64590606164,87,0,0,88,0,0,0
31,85,3,4124.11350438939,1194.22381034558,96,0,0,82,0,0,0
31,85,4,4201.92485991037,1407.27475775529,126,0,0,101,0,0,0
31,85,5,5546.4907547076,1587.6264619914,126,0,0,148,0,0,0
31,85,6,5653.31164335703,2509.43610326146,138,0,0,87,0,0,0
31,85,7,23001.5274375838,13590.7075440333,319,1,0,304,0,0,30
31,85,8,0,4,0,0,0,0,0,0,0
31,86,1,4911.1538552096,1159.89932544276,0,0,0,185,0,0,0
31,86,2,4444.50346239767,2549.21058792012,1,0,0,217,0,0,0
31,86,3,4138.73901935025,2172.09553534417,0,0,0,119,0,0,0
31,86,4,4266.37077940032,2281.70303703663,0,0,0,140,0,0,0
31,86,5,5593.12879863038,1486.70759468983,0,0,0,158,0,0,0
31,86,6,5722.52988592298,1635.83024818915,3,0,0,182,0,0,0
31,86,7,22979.8702952694,8054.23570003026,52,0,0,191,0,0,0
31,86,8,0,4,0,0,0,0,0,0,0
31,87,1,4884.36820309358,1818.38103201672,0,49,0,66,0,0,0
31,87,2,4448.79469784381,860.00127142483,0,107,0,147,0,0,0
31,87,3,4135.42960218187,1741.31873024742,0,127,0,90,0,0,0
31,87,4,4273.69021373389,1163.14613298596,0,126,0,102,0,0,0
31,87,5,5613.08418411116,2616.19255598485,0,56,0,92,0,0,0
31,87,6,5743.25317976564,1939.27564611018,0,83,0,80,0,0,0
31,87,7,22988.5488930352,11906.7073089418,7,205,0,184,0,0,0
31,87,8,0,4,0,0,0,0,0,0,0
31,88,1,4906.99586846612,2630.08084997892,0,0,0,176,0,0,0
31,88,2,4458.98069812947,1965.62767530169,0,0,0,86,0,0,0
31,88,3,4181.51605876838,1658.64060406859,0,0,0,174,0,0,0
31,88,4,4303.29964410702,995.299033449138,0,0,0,116,0,0,0
31,88,5,5707.05039086841,2222.86657251462,2,0,0,178,0,0,0
31,88,6,5809.58579821554,1431.29377902029,0,0,0,193,0,0,0
31,88,7,23016.0525509515,8259.76617096044,29,0,0,246,0,0,0
31,88,8,0,4,0,0,0,0,0,0,0
31,89,1,4960.54763515646,1950.14839828965,9,0,0,154,0,0,0
31,89,2,4531.03495415458,1822.40589877432,0,0,0,194,0,0,0
31,89,3,4267.53172250012,1042.0475986129,0,0,0,165,0,0,0
31,89,4,4351.16052951705,1530.08854163242,0,0,0,99,0,0,0
31,89,5,5813.63873930096,1967.13642898606,4,0,0,175,0,0,0
31,89,6,5920.60038935018,1173.69747098533,0,0,0,143,0,0,0
31,89,7,23120.3603062372,10593.1302660056,49,0,0,239,0,0,0
31,89,8,0,4,0,0,0,0,0,0,0
31,90,1,5155.69847919002,2774.61736802118,0,0,0,185,0,0,0
31,90,2,4611.14752670172,3122.04913430232,0,0,0,182,0,0,0
31,90,3,4321.44606189723,1605.42615745686,0,0,0,104,0,0,0
31,90,4,4444.49195973049,2298.13197463592,0,0,0,153,0,0,0
31,90,5,6004.75661718499,1686.27337044475,0,0,0,186,0,0,0
31,90,6,5996.35814094465,1572.92737073047,0,0,0,117,0,0,0
31,90,7,23231.4288630041,5096.49789877952,39,0,0,212,0,0,0
31,90,8,0,4,0,0,0,0,0,0,0
31,91,1,5213.18311206314,3097.87999379559,74,0,0,136,0,0,0
31,91,2,4676.26270378351,912.689828469103,86,0,0,148,0,0,0
31,91,3,4400.33088874265,1978.8938626762,3,0,0,154,0,0,0
31,91,4,4491.71373249077,1095.55131956797,57,0,0,121,0,0,0
31,91,5,6107.36302821242,2518.41835904245,12,0,0,145,0,0,0
31,91,6,6109.99781955891,3214.29512722304,0,0,0,156,0,0,0
31,91,7,23273.4692641398,15734.0499681087,166,0,0,188,0,0,2
31,91,8,0,4,0,0,0,0,0,0,0
31,92,1,5278.13371523018,2153.34247846503,2,0,0,199,0,0,0
31,92,2,4700.90493221434,1643.32210862916,0,0,0,91,0,0,0
31,92,3,4457.00555605332,1287.98738532184,0,0,0,197,0,0,0
31,92,4,4520.56502589665,1168.62259991133,0,0,0,109,0,0,0
31,92,5,6198.58237610501,2381.83307392946,0,0,0,211,0,0,0
31,92,6,6233.99457108163,3799.48616741798,0,0,0,256,0,0,1
31,92,7,23291.9903880494,10883.7709309178,35,0,0,232,0,0,0
31,92,8,0,4,0,0,0,0,0,0,0
31,93,1,5331.0447157524,3184.05262743572,2,0,0,179,0,0,0
31,93,2,4764.61552753606,2935.93948668761,0,0,0,164,0,0,0
31,93,3,4502.48467973,2371.78902834626,0,0,0,128,0,0,0
31,93,4,4554.2296959255,1624.69639034707,0,0,0,116,0,0,0
31,93,5,6305.76250366876,2997.93432072711,1,0,0,222,0,0,0
31,93,6,6314.37498052621,3890.0110071372,17,0,0,199,0,0,0
31,93,7,23336.864971508,10635.8400705219,87,0,0,185,0,0,0
31,93,8,0,4,0,0,0,0,0,0,0
31,94,1,5410.53109722801,2689.59572085746,17,0,0,170,0,0,0
31,94,2,4821.30528755805,2059.35281114968,13,0,0,177,0,0,0
31,94,3,4552.88036836966,1999.47373262288,5,0,0,182,0,0,2
31,94,4,4603.39829203579,947.543844021146,0,0,0,162,0,0,0
31,94,5,6370.10540396994,2045.39267827639,7,0,0,228,0,0,1
31,94,6,6457.27925897343,3097.80168875754,10,0,0,300,0,0,0
31,94,7,23365.8159814961,11127.8089633686,101,0,0,182,0,0,0
31,94,8,0,4,0,0,0,0,0,0,0
31,95,1,5463.93579423698,1835.09355290567,9,0,0,177,0,0,0
31,95,2,4875.02198459794,3060.76451899495,0,0,0,182,0,0,0
31,95,3,4613.73462559349,2360.0941985767,0,0,0,199,0,0,0
31,95,4,4626.24905649653,2946.57938330586,0,0,0,94,0,0,0
31,95,5,6443.27239758338,2150.1469358761,0,0,0,204,0,0,0
31,95,6,6568.07386371234,1753.96475138559,11,0,0,206,0,0,1
31,95,7,23394.8917118637,8133.46589179824,107,0,0,187,0,0,0
31,95,8,0,4,0,0,0,0,0,0,0
31,96,1,5534.93278639054,1739.40611532797,7,0,0,165,0,0,0
31,96,2,4910.22345434064,2107.15178706715,53,0,0,166,0,0,0
31,96,3,4671.30312327592,2080.71151519349,31,0,0,155,0,0,0
31,96,4,4670.31505605722,1710.99702283476,39,0,0,193,0,0,0
31,96,5,6502.35903073953,1837.6681437603,24,0,0,151,0,0,0
31,96,6,6642.56259620389,3272.67415762761,0,0,0,174,0,0,0
31,96,7,23470.9079218022,11568.7971794763,213,0,0,259,0,0,0
31,96,8,0,4,0,0,0,0,0,0,0
31,97,1,5631.88584260779,1917.56363359929,0,0,0,173,0,0,0
31,97,2,4978.19480801746,3047.7954758263,1,0,0,187,0,0,0
31,97,3,4740.20216054754,2517.27692501029,0,0,0,206,0,0,0
31,97,4,4718.21090021535,2481.74956995661,0,0,0,171,0,0,0
31,97,5,6569.1945847877,2533.38056526358,0,0,0,182,0,0,0
31,97,6,6765.53261360944,3320.15737440709,7,0,0,221,0,0,0
31,97,7,23531.958335462,4167.18460529956,66,0,0,188,0,0,0
31,97,8,0,4,0,0,0,0,0,0,0
31,98,1,5659.42320322093,1530.45484631483,54,0,0,116,0,0,0
31,98,2,5014.32844978591,2152.66810188159,119,0,0,137,0,0,0
31,98,3,4779.5386231966,1281.40743681483,76,0,0,145,0,0,0
31,98,4,4749.4724991371,2126.69872493485,81,0,0,134,0,0,0
31,98,5,6638.2487096177,3060.83362492241,65,0,0,162,0,0,0
31,98,6,6853.14435251705,2976.88559689707,105,0,0,185,0,0,0
31,98,7,23557.9140524586,8914.58971257325,163,0,0,168,0,0,0
31,98,8,0,4,0,0,0,0,0,0,0
31,99,1,5832.41953885303,2602.52010904599,0,0,0,153,0,0,0
31,99,2,5143.98704149666,2303.82363910434,1,0,0,183,0,0,0
31,99,3,4879.39081364356,2653.85165816735,0,0,0,128,0,0,0
31,99,4,4878.7222261405,1373.26228672018,1,0,0,192,0,0,0
31,99,5,6890.29921578615,1316.62807422176,6,0,0,179,0,0,0
31,99,6,7016.73740308592,3721.6866418053,3,1,0,176,0,0,0
31,99,7,23670.7943043336,8094.96810496301,34,0,0,259,0,0,0
31,99,8,0,4,0,0,0,0,0,0,0
31,100,1,5993.97217945114,3426.46469164159,1,0,0,234,0,0,1
31,100,2,5278.26233965307,2927.68087784141,1,0,0,188,0,0,1
31,100,3,5034.02103841458,1124.85069426598,0,0,0,258,0,0,0
31,100,4,4965.62738549736,3134.96592499076,0,0,0,137,0,0,0
31,100,5,7009.2736456618,2893.55716301719,0,0,0,131,0,0,0
31,100,6,7208.38658915397,2809.79800261351,8,0,0,189,0,0,3
31,100,7,23767.7042817846,8416.6142365057,29,0,0,191,0,0,0
31,100,8,0,4,0,0,0,0,0,0,0
32,1,1,2789.336,933.625019053195,0,0,0,72,0,0,0
32,1,2,2792.0016,1544.76976110946,0,0,0,97,0,0,0
32,1,3,2784.808,1031.11769113436,0,0,0,34,0,0,0
32,1,4,2797.75168,1389.54915975945,0,0,0,98,0,0,0
32,1,5,2797.896,901.3608032231,0,0,0,97,0,0,0
32,1,6,2794.752,1180.88368753694,0,0,0,78,0,0,0
32,1,7,20365.9356799999,11207.6400414871,0,0,0,99,0,0,0
32,1,8,0,8,0,0,0,18,0,0,0
32,2,1,2791.9296,1109.74321986825,0,0,0,93,0,0,0
32,2,2,2808.7936,1065.52012380877,0,0,0,154,0,0,0
32,2,3,2795.12,1391.32370194386,0,0,0,103,0,0,0
32,2,4,2808.52608,1409.19768271206,0,0,0,138,0,0,0
32,2,5,2802.64,909.396501685805,0,0,0,90,0,0,0
32,2,6,2807.5984,1560.83426592263,0,0,0,118,0,0,0
32,2,7,20318.4070399998,4577.68649649607,12,11,0,246,0,0,0
32,2,8,0,8,0,0,0,0,0,0,0
32,3,1,2785.4416,1215.9976215479,0,62,0,48,0,0,0
32,3,2,2806.544,1323.95223100277,0,45,0,61,0,0,0
32,3,3,2793.0576,1050.86549934378,0,76,0,63,0,0,0
32,3,4,2804.80608,905.82571174251,0,74,0,66,0,0,0
32,3,5,2801.784,1088.63630399327,0,46,0,44,0,0,0
32,3,6,2807.24,872.434121217924,0,74,0,82,0,0,0
32,3,7,20272.3382399998,8960.88128436298,0,200,0,248,0,0,0
32,3,8,0,8,0,0,0,0,0,0,0
32,4,1,2802.60288,361.786651582979,0,0,0,121,0,0,0
32,4,2,2829.728,949.995493455417,0,0,0,132,0,0,0
32,4,3,2811.1056,512.520106284676,0,0,0,105,0,0,0
32,4,4,2821.73408,822.339172278011,0,0,0,90,0,0,0
32,4,5,2820.8048,1223.69560820698,0,0,0,108,0,0,0
32,4,6,2822.14431999999,1561.28885517884,0,0,0,87,0,0,0
32,4,7,20268.9177599997,7816.03828070232,23,0,0,283,0,0,0
32,4,8,0,8,0,0,0,0,0,0,0
32,5,1,2799.70336,1403.90302197171,0,0,0,36,0,0,0
32,5,2,2840.4224,897.634686727005,0,0,0,94,0,0,0
32,5,3,2817.4736,1243.22264528055,0,0,0,51,0,0,0
32,5,4,2835.95008,1490.06552655623,0,0,0,82,0,0,0
32,5,5,2843.31007999999,626.306127404942,0,0,0,122,0,0,0
32,5,6,2850.77951999999,1497.41018406908,0,0,0,156,0,0,0
32,5,7,20241.7497599997,4739.60082165769,30,0,0,212,0,0,0
32,5,8,0,8,0,0,0,0,0,0,0
32,6,1,2813.57568000001,707.994468503462,0,0,0,140,0,0,0
32,6,2,2849.568,1451.03927777821,0,0,0,89,0,0,0
32,6,3,2839.0096,1317.3834614777,0,0,0,124,0,0,0
32,6,4,2863.26368,1509.53431208549,0,0,0,149,0,0,0
32,6,5,2852.75807999999,1173.32613911856,0,0,0,62,0,0,0
32,6,6,2876.07039999999,1334.3844825161,0,0,0,149,0,0,0
32,6,7,20213.0697599997,6841.47107825235,56,0,0,189,0,0,0
32,6,8,0,8,0,0,0,0,0,0,0
32,7,1,2813.321024,1317.22978462037,0,0,0,70,0,0,0
32,7,2,2869.71168,1367.03969720069,0,0,0,145,0,0,0
32,7,3,2861.2816,663.037686426283,0,0,0,131,0,0,0
32,7,4,2888.4432,803.947988550601,0,0,0,150,0,0,0
32,7,5,2872.55327999999,1264.12304980324,0,0,0,117,0,0,0
32,7,6,2898.47327999999,1221.85411916788,0,0,0,133,0,0,0
32,7,7,20185.0934399996,8547.96774800968,40,0,0,203,0,0,0
32,7,8,0,8,0,0,0,0,0,0,0
32,8,1,2824.08422400001,860.628340027557,0,0,0,131,0,0,0
32,8,2,2887.2704,1048.76220854364,0,0,0,136,0,0,0
32,8,3,2867.7552,675.847150292279,0,0,0,66,0,0,0
32,8,4,2900.0352,949.683956340969,0,0,0,80,0,0,0
32,8,5,2891.92927999999,1008.82599781894,0,0,0,126,0,0,0
32,8,6,2918.97567999999,1700.79150243518,0,0,0,122,0,0,0
32,8,7,20175.8291839996,9919.17904778392,30,0,0,302,0,0,0
32,8,8,0,8,0,0,0,0,0,0,0
32,9,1,2831.30854400001,1763.40990005286,0,0,0,86,0,0,0
32,9,2,2899.100864,864.315021062804,0,0,0,104,0,0,0
32,9,3,2876.8368,1071.69433841996,0,0,0,67,0,0,0
32,9,4,2916.32288,1863.27249765663,0,0,0,94,0,0,0
32,9,5,2907.83551999999,792.007032888238,0,0,0,100,0,0,0
32,9,6,2952.73030399999,1221.3646712802,0,0,0,170,0,0,0
32,9,7,20158.5578239994,12408.6387670803,31,0,0,238,0,0,2
32,9,8,0,8,0,0,0,0,0,0,0
32,10,1,2852.10348800001,1169.77929430893,0,0,0,173,0,0,0
32,10,2,2904.60646400001,761.776835875238,0,0,0,86,0,0,0
32,10,3,2886.92032,909.072331896486,0,0,0,107,0,0,0
32,10,4,2947.320192,1394.30137734903,0,0,0,186,0,0,0
32,10,5,2914.74367999999,1532.52976061833,0,0,0,79,0,0,0
32,10,6,2969.41606399999,1278.10423339489,0,0,0,122,0,0,0
32,10,7,20132.2961151993,12691.5621824661,30,0,0,217,0,0,0
32,10,8,0,8,0,0,0,0,0,0,0
32,11,1,2857.63165440001,1348.5662289406,0,0,0,116,0,0,0
32,11,2,2904.72454400001,926.069148725598,0,0,0,76,0,0,0
32,11,3,2895.74272,966.083867001045,0,0,0,90,0,0,0
32,11,4,2966.7144192,776.786906138672,0,0,0,139,0,0,0
32,11,5,2933.02719999999,2215.42457060237,0,0,0,153,0,0,0
32,11,6,2986.8562048,1177.50609286908,0,0,0,127,0,0,0
32,11,7,20106.2123391993,9277.97020890741,28,0,0,252,0,0,0
32,11,8,0,8,0,0,0,0,0,0,0
32,12,1,2868.95482624001,920.580904493801,0,0,0,134,0,0,0
32,12,2,2913.72684800001,1401.55814883645,0,0,0,92,0,0,0
32,12,3,2905.35904,1168.63713205553,0,0,0,96,0,0,0
32,12,4,2973.00496384,1169.27740094294,0,0,0,77,0,0,0
32,12,5,2960.70713599999,1043.81317101174,17,0,0,162,0,0,0
32,12,6,3005.06469376,993.209540378479,0,0,0,117,0,0,0
32,12,7,20077.5466751992,10720.0841367218,178,0,0,206,0,0,1
32,12,8,0,8,0,0,0,0,0,0,0
32,13,1,2877.17889536001,1835.44902855073,0,0,0,92,0,0,0
32,13,2,2930.52647936001,1054.23668108789,0,0,0,140,0,0,0
32,13,3,2920.23424000001,1151.86626777982,0,0,0,116,0,0,0
32,13,4,2990.20300072961,1014.52163292336,0,0,0,116,0,0,0
32,13,5,2977.8800512,1492.8750499604,0,0,0,104,0,0,0
32,13,6,3022.211177472,924.783125978906,0,0,0,99,0,0,0
32,13,7,20060.9998463991,8237.65197944376,0,39,0,199,0,0,0
32,13,8,0,8,0,0,0,0,0,0,0
32,14,1,2884.11049932801,1022.67355507569,0,25,0,136,0,0,0
32,14,2,2933.22586931201,1449.21536767409,0,0,0,105,0,0,0
32,14,3,2924.37438720001,1572.46204452343,0,0,0,115,0,0,0
32,14,4,2996.23373352961,851.276922142617,0,0,0,101,0,0,0
32,14,5,2991.072704,842.411487174375,0,2,0,145,0,0,0
32,14,6,3028.6368080896,937.448358201587,0,0,0,92,0,0,0
32,14,7,20040.3020415991,7179.10681983277,0,282,0,287,0,0,0
32,14,8,0,8,0,0,0,0,0,0,0
32,15,1,2885.92183500801,1449.87369776033,0,0,0,102,0,0,0
32,15,2,2945.63311411201,1242.32752206707,0,0,0,144,0,0,0
32,15,3,2942.04234240001,1319.03829909882,0,0,0,157,0,0,0
32,15,4,2993.57250344961,1399.79105449872,0,0,0,85,0,0,0
32,15,5,2995.1868928,1047.31120671562,0,0,0,84,0,0,0
32,15,6,3039.59834093568,1321.2110889877,0,0,0,93,0,0,0
32,15,7,20051.714572799,7684.70117104948,31,0,0,206,0,0,0
32,15,8,0,8,0,0,0,0,0,0,0
32,16,1,2896.52873676801,766.238011763038,0,0,0,144,0,0,0
32,16,2,2948.39129600001,765.093978559104,0,0,0,124,0,0,0
32,16,3,2947.39356160001,1227.95675716325,0,0,0,131,0,0,0
32,16,4,3005.77438289922,1319.88315102623,0,0,0,139,0,0,0
32,16,5,3001.5989248,1232.23632765417,0,0,0,104,0,0,0
32,16,6,3055.20535533568,624.140614393684,0,0,0,132,0,0,0
32,16,7,20055.454476799,4976.94963214259,24,0,0,214,0,0,0
32,16,8,0,8,0,0,0,0,0,0,0
32,17,1,2890.09664460802,897.75426904493,0,0,0,76,0,0,0
32,17,2,2941.01007360001,993.527440250839,0,0,0,76,0,0,0
32,17,3,2954.55183360001,918.100773414359,0,0,0,122,0,0,0
32,17,4,3012.28740689922,1459.3007740356,0,0,0,131,0,0,0
32,17,5,3005.72060160001,879.995848260712,0,0,0,123,0,0,0
32,17,6,3056.75601133568,1714.56715824041,0,0,0,62,0,0,0
32,17,7,20049.369241599,13183.4684665698,131,0,0,187,0,0,0
32,17,8,0,8,0,0,0,0,0,0,0
32,18,1,2888.89633484802,587.125602698703,0,0,0,89,0,0,0
32,18,2,2935.04320051202,2054.69534523293,0,0,0,99,0,0,0
32,18,3,2951.09276160001,583.186427664762,0,0,0,91,0,0,0
32,18,4,3020.58025039874,1006.19941710673,0,0,0,145,0,0,0
32,18,5,2999.69254144001,771.941938577294,0,0,0,87,0,0,0
32,18,6,3084.10557673882,1561.56243698904,0,0,0,170,0,0,0
32,18,7,20063.3691647989,7861.92543364096,35,0,0,254,0,0,1
32,18,8,0,8,0,0,0,0,0,0,0
32,19,1,2869.13427404802,1462.41894631878,0,20,0,38,0,0,0
32,19,2,2942.6149965005,1672.46280036093,0,83,0,122,0,0,0
32,19,3,2928.78866176001,1531.21927026098,0,23,0,35,0,0,0
32,19,4,3000.39788419074,2305.48698619889,0,51,0,49,0,0,0
32,19,5,2986.11359744001,393.494294510242,0,36,0,41,0,0,0
32,19,6,3087.90473193882,1076.04560197762,0,78,0,78,0,0,0
32,19,7,20130.5779251189,7745.74587586401,0,375,0,411,0,0,0
32,19,8,0,8,0,0,0,0,0,0,0
32,20,1,2883.41535375362,906.424171651847,0,0,0,146,0,0,0
32,20,2,2963.5198791885,843.091118807955,0,0,0,167,0,0,0
32,20,3,2938.36408576001,907.40832381903,0,0,0,153,0,0,0
32,20,4,3032.97442860648,1973.67531528794,0,0,0,230,0,0,0
32,20,5,2979.88961536001,1862.51916588273,0,0,0,39,0,0,0
32,20,6,3106.98105270682,240.235182590455,0,0,0,107,0,0,0
32,20,7,20166.0216627188,7034.92408572693,31,0,0,196,0,0,0
32,20,8,0,8,0,0,0,0,0,0,0
32,21,1,2884.41581455362,1063.24772738465,0,0,0,90,0,0,0
32,21,2,2965.76375623682,389.556853950826,0,0,0,84,0,0,0
32,21,3,2934.09747456001,1196.2800381755,0,0,0,90,0,0,0
32,21,4,3060.81739735779,1763.05836739961,0,0,0,197,0,0,0
32,21,5,3007.24455116802,1112.20448081726,0,0,0,186,0,0,0
32,21,6,3105.25056950682,1129.90133349883,0,0,0,24,0,0,0
32,21,7,20193.0412359668,5242.70046130436,23,0,0,188,0,0,0
32,21,8,0,8,0,0,0,0,0,0,0
32,22,1,2885.38505164802,2017.10018780067,0,0,0,106,0,0,0
32,22,2,2952.28055623682,1059.04553704688,0,0,0,38,0,0,0
32,22,3,2938.35028736001,1067.90549710912,0,0,0,119,0,0,0
32,22,4,3075.68673751779,1696.91309267207,1,0,0,173,0,0,0
32,22,5,3016.77202892802,1931.06525249966,0,0,0,111,0,0,0
32,22,6,3121.14355126682,2191.16933189807,0,0,0,112,0,0,0
32,22,7,20226.1952967668,6598.51468037432,108,0,0,242,0,0,0
32,22,8,0,8,0,0,0,0,0,0,0
32,23,1,2901.52738396163,626.603087602357,3,0,0,182,0,0,0
32,23,2,2951.61049210882,663.734911766172,0,0,0,105,0,0,0
32,23,3,2939.48273920002,1743.24736287605,0,0,0,106,0,0,0
32,23,4,3087.82501847779,1575.99628728571,0,0,0,161,0,0,0
32,23,5,3041.66641356802,1097.05078322454,1,0,0,185,0,0,0
32,23,6,3161.71215542682,1911.07708605374,2,0,0,205,0,0,0
32,23,7,20254.2221071348,8120.15857225952,73,0,0,190,0,0,0
32,23,8,0,8,0,0,0,0,0,0,0
32,24,1,2892.20654684163,1583.48280910822,0,0,0,62,0,0,0
32,24,2,2935.53359534082,1590.38983400809,0,0,0,66,0,0,0
32,24,3,2955.36526950402,758.146322634336,0,0,0,173,0,0,0
32,24,4,3098.71716487351,1309.52340180642,0,0,0,157,0,0,0
32,24,5,3048.61778329602,1950.73107260184,0,0,0,109,0,0,0
32,24,6,3202.3675622441,1427.97812296056,0,0,0,191,0,0,0
32,24,7,20282.5370474483,10832.3670121235,47,0,0,196,0,0,1
32,24,8,0,8,0,0,0,0,0,0,0
32,25,1,2910.83194540444,1049.26890241268,0,0,0,158,0,0,0
32,25,2,2958.31068970928,1212.47435933157,0,0,0,159,0,0,0
32,25,3,2946.35503144962,310.357312107629,0,0,0,75,0,0,0
32,25,4,3106.24410554551,1741.7999557328,0,0,0,130,0,0,0
32,25,5,3083.52905512962,1673.19279033502,0,0,0,192,0,0,0
32,25,6,3234.84272112436,1057.46309484462,0,0,0,142,0,0,0
32,25,7,20334.2886582259,14347.8091493314,33,0,0,224,0,0,0
32,25,8,0,8,0,0,0,0,0,0,0
32,26,1,2909.26511225244,1141.70829139746,0,0,0,104,0,0,0
32,26,2,2955.53141508032,1030.25265114891,0,0,0,121,0,0,0
32,26,3,2925.67629404162,712.0338852986,0,0,0,31,0,0,0
32,26,4,3115.00423139511,1910.35379078594,0,0,0,174,0,0,0
32,26,5,3100.33260385896,1382.93166841701,0,0,0,167,0,0,0
32,26,6,3240.51813913396,1560.3469344465,0,0,0,105,0,0,0
32,26,7,20359.7830454259,10435.8494431793,33,0,0,238,0,0,0
32,26,8,0,8,0,0,0,0,0,0,0
32,27,1,2911.86487632284,1508.61656287759,0,0,0,114,0,0,0
32,27,2,2954.40959399872,641.695649289179,0,0,0,103,0,0,0
32,27,3,2908.45328271362,1230.63223968349,0,0,0,71,0,0,0
32,27,4,3120.9121406062,1006.21714151876,6,0,0,164,0,0,0
32,27,5,3113.90076595816,1842.66706558677,0,0,0,138,0,0,0
32,27,6,3258.02124409324,1569.68778429932,3,0,0,141,0,0,0
32,27,7,20383.2628559859,11762.128690295,199,0,0,229,0,0,6
32,27,8,0,8,0,0,0,0,0,0,0
32,28,1,2917.83157590428,1356.07073241331,0,0,0,150,0,0,0
32,28,2,2930.27425575763,934.887507664065,0,0,0,64,0,0,0
32,28,3,2899.64472401922,1438.56968536727,0,0,0,123,0,0,0
32,28,4,3112.89282276428,613.343199955748,0,0,0,100,0,0,0
32,28,5,3128.01021159017,2070.63258804457,0,0,0,184,0,0,0
32,28,6,3272.01672825324,1939.60693129317,0,0,0,156,0,0,0
32,28,7,20399.2820252659,6050.94866848947,0,38,0,202,0,0,0
32,28,8,0,8,0,0,0,0,0,0,0
32,29,1,2900.72681988508,1186.39270347156,0,87,0,48,0,0,0
32,29,2,2902.46059068242,1592.35818092732,0,56,0,37,0,0,0
32,29,3,2882.12385267714,1352.51002307342,0,62,0,81,0,0,0
32,29,4,3087.51471529036,1232.75301531957,0,31,0,30,0,0,0
32,29,5,3119.45218535017,2073.23062089596,0,98,0,109,0,0,0
32,29,6,3279.54005625324,1423.63863664758,0,92,0,101,0,0,0
32,29,7,20443.4531049459,7652.00487566797,0,262,0,285,0,0,0
32,29,8,0,8,0,0,0,0,0,0,0
32,30,1,2917.0811573494,1034.1707576009,0,0,0,118,0,0,0
32,30,2,2924.20812634962,941.514968332441,0,0,0,157,0,0,0
32,30,3,2893.46575089666,1054.52845739613,0,0,0,135,0,0,0
32,30,4,3101.3356599082,949.335751691102,0,0,0,123,0,0,0
32,30,5,3151.67291170408,1251.87654837112,1,0,0,181,0,0,0
32,30,6,3313.34150336595,840.760127397366,0,0,0,142,0,0,0
32,30,7,20494.9951754022,15000.7429117783,30,0,0,207,0,0,0
32,30,8,0,8,0,0,0,0,0,0,0
32,31,1,2918.3660460278,1401.53914136318,0,0,0,103,0,0,0
32,31,2,2922.57317047123,671.630701996443,0,0,0,94,0,0,0
32,31,3,2890.56315193346,184.290701825302,0,0,0,105,0,0,0
32,31,4,3099.02260158372,1086.22674400612,0,0,0,94,0,0,0
32,31,5,3162.71967368809,1635.17357715535,0,0,0,125,0,0,0
32,31,6,3327.94797258835,1456.06067402783,0,0,0,84,0,0,0
32,31,7,20531.7140413222,2436.36143554052,27,0,0,223,0,0,0
32,31,8,0,8,0,0,0,0,0,0,0
32,32,1,2913.8942355702,352.723746731473,82,0,0,58,0,0,0
32,32,2,2903.04659795265,1921.88059867012,29,0,0,38,0,0,0
32,32,3,2873.2597372961,1582.02953674087,7,0,0,11,0,0,0
32,32,4,3094.11880374589,1254.58252322875,36,0,0,72,0,0,0
32,32,5,3163.70689015401,1555.75298691326,76,0,0,87,0,0,0
32,32,6,3333.27350218835,1701.63354225776,82,0,0,63,0,0,0
32,32,7,20546.9889085222,6830.23979777047,106,0,0,137,0,0,0
32,32,8,0,8,0,0,0,0,0,0,0
32,33,1,2903.1543699702,1283.349667689,0,0,0,35,0,0,0
32,33,2,2929.95255624697,1163.84233286137,0,0,0,187,0,0,0
32,33,3,2888.5707013112,983.583579910473,0,0,0,158,0,0,0
32,33,4,3112.19362177341,1117.15996451988,0,0,0,125,0,0,0
32,33,5,3194.39257785961,1167.09767917694,0,0,0,155,0,0,0
32,33,6,3384.91568134243,768.747158601626,0,0,0,170,0,0,0
32,33,7,20572.5763218377,10337.4303274469,30,0,0,231,0,0,0
32,33,8,0,8,0,0,0,0,0,0,0
32,34,1,2924.88196314401,1160.41553812111,0,0,0,128,0,0,0
32,34,2,2951.80862965325,1498.38744818259,0,0,0,116,0,0,0
32,34,3,2897.37192907819,1435.49254368448,0,0,0,98,0,0,0
32,34,4,3126.52509379527,1219.24629998761,0,0,0,111,0,0,0
32,34,5,3226.78266984287,1233.19494540655,0,0,0,116,0,0,0
32,34,6,3410.48480399557,1395.81505327795,0,0,0,76,0,0,0
32,34,7,20611.9849587452,14565.9868762377,24,0,0,200,0,0,0
32,34,8,0,8,0,0,0,0,0,0,0
32,35,1,2933.41841102113,999.034260824403,0,0,0,116,0,0,0
32,35,2,2962.59247549226,2264.40569126279,0,0,0,149,0,0,0
32,35,3,2907.251848473,1088.47812211078,0,0,0,143,0,0,0
32,35,4,3133.31812532388,890.226520932524,0,0,0,121,0,0,0
32,35,5,3239.32418152286,2380.34453044502,0,0,0,123,0,0,0
32,35,6,3441.5653348488,1077.2173536276,0,0,0,139,0,0,0
32,35,7,20624.7600833275,12316.0399075217,22,1,0,231,0,0,0
32,35,8,0,8,0,0,0,0,0,0,0
32,36,1,2937.67600178055,1510.97853267509,0,0,0,99,0,0,0
32,36,2,2988.11315170077,1711.34409628846,0,0,0,191,0,0,2
32,36,3,2910.49462593456,1212.739818963,0,0,0,108,0,0,0
32,36,4,3129.81923194516,1447.24249343255,0,0,0,89,0,0,0
32,36,5,3286.62550208842,1849.29594134016,0,0,0,238,0,0,0
32,36,6,3465.76122217808,1899.82783267283,0,0,0,107,0,0,0
32,36,7,20624.5268194043,9528.11522277742,61,0,0,184,0,0,0
32,36,8,0,8,0,0,0,0,0,0,0
32,37,1,2944.47447363586,1716.71787351294,30,0,0,112,0,0,0
32,37,2,2987.66053085228,1346.96449082491,43,0,0,115,0,0,0
32,37,3,2915.00123293616,637.516419166529,0,0,0,121,0,0,0
32,37,4,3139.33655921341,664.866465882636,2,0,0,142,0,0,0
32,37,5,3299.8283191329,852.547320656235,37,0,0,136,0,0,0
32,37,6,3486.16300525795,1040.52756913462,46,0,0,130,0,0,0
32,37,7,20616.4548973306,9057.68797917291,190,4,0,180,0,0,36
32,37,8,0,8,0,0,0,0,0,0,0
32,38,1,2952.24272617556,1336.29471758731,0,0,0,171,0,0,0
32,38,2,2993.25989970373,1144.50506401435,0,0,0,134,0,0,0
32,38,3,2905.0857410552,1131.27929686441,0,0,0,63,0,0,0
32,38,4,3132.02077382951,1864.12576715283,0,0,0,66,0,0,0
32,38,5,3305.09564133362,1320.44042132199,0,0,0,85,0,0,0
32,38,6,3500.17637777635,900.666070381177,0,0,0,104,0,0,0
32,38,7,20599.9910381305,5465.65720105871,0,77,0,178,0,0,0
32,38,8,0,8,0,0,0,0,0,0,0
32,39,1,2934.85114031802,1116.97639618126,0,96,0,28,0,0,0
32,39,2,2978.77424695339,883.815662801236,0,34,0,77,0,0,0
32,39,3,2893.8899306488,1237.6270575882,0,38,0,71,0,0,0
32,39,4,3128.49491061175,1078.0134123217,0,94,0,83,0,0,0
32,39,5,3305.26176229772,1019.54247842542,0,38,0,90,0,0,0
32,39,6,3506.71119577315,2275.38486201041,0,16,0,72,0,0,0
32,39,7,20593.1690896736,6884.4612716182,1,230,0,215,0,0,0
32,39,8,0,8,0,0,0,0,0,0,0
32,40,1,2943.28588409243,1131.25752293211,0,0,0,111,0,0,0
32,40,2,2982.54885115947,1062.30601385785,0,0,0,88,0,0,0
32,40,3,2904.13583867823,747.439793677088,0,0,0,123,0,0,0
32,40,4,3137.68927004687,900.512914995396,0,0,0,107,0,0,0
32,40,5,3319.89669523344,859.074578659347,0,0,0,101,0,0,0
32,40,6,3540.50901457123,1051.32289881434,3,0,0,164,0,0,0
32,40,7,20624.1368746336,7532.10539898764,31,0,0,219,0,0,0
32,40,8,0,8,0,0,0,0,0,0,0
32,41,1,2952.83424384206,1018.25224726034,0,0,0,113,0,0,0
32,41,2,2992.29533043482,1619.17494969192,0,0,0,106,0,0,0
32,41,3,2911.42504257455,1110.25983699739,0,0,0,74,0,0,0
32,41,4,3147.78407826586,1427.33785527106,0,0,0,90,0,0,0
32,41,5,3331.7096304424,976.83815678189,0,0,0,85,0,0,0
32,41,6,3572.76489648443,1543.89841079396,0,0,0,105,0,0,0
32,41,7,20661.3942961249,3712.6364199782,26,0,0,217,0,0,0
32,41,8,0,8,0,0,0,0,0,0,0
32,42,1,2958.42861431523,1418.57265231744,18,0,0,80,0,0,0
32,42,2,2991.79691100953,1035.27879130528,34,0,0,121,0,0,0
32,42,3,2911.91005848209,1346.50361727283,29,0,0,76,0,0,0
32,42,4,3156.28003230219,1474.02891845933,26,0,0,111,0,0,0
32,42,5,3338.94854412785,1638.60818247429,3,0,0,94,0,0,0
32,42,6,3588.80125798305,1814.46030406627,41,0,0,105,0,0,0
32,42,7,20676.8259173474,11599.9876375654,151,0,0,190,0,0,0
32,42,8,0,8,0,0,0,0,0,0,0
32,43,1,2975.92511331056,1248.62045142198,0,0,0,141,0,0,0
32,43,2,2993.73949856947,1188.37732627419,0,0,0,103,0,0,0
32,43,3,2931.76235072636,788.311980742338,0,0,0,134,0,0,0
32,43,4,3177.12327391574,1024.31051112676,0,0,0,147,0,0,0
32,43,5,3370.60297126565,1218.9261113245,0,0,0,163,0,0,0
32,43,6,3630.43048140705,2577.01599742688,0,0,0,181,0,0,0
32,43,7,20691.702718187,5725.58621755816,30,0,0,205,0,0,1
32,43,8,0,8,0,0,0,0,0,0,0
32,44,1,2992.86242513353,547.914663808547,0,0,0,124,0,0,0
32,44,2,2999.97075792237,1281.36289802842,0,0,0,118,0,0,0
32,44,3,2936.30878054729,1307.12707083135,0,0,0,78,0,0,0
32,44,4,3195.93917392975,1176.39888186408,0,0,0,102,0,0,0
32,44,5,3392.71152414463,1777.74357589337,0,0,0,121,0,0,0
32,44,6,3675.81826193313,1079.62424215319,8,0,0,170,0,0,0
32,44,7,20728.4865038936,8439.39197077215,34,0,0,239,0,0,0
32,44,8,0,8,0,0,0,0,0,0,0
32,45,1,2989.65279455279,1221.15276197189,0,0,0,54,0,0,0
32,45,2,3015.2234394248,2081.49198707306,0,0,0,128,0,0,0
32,45,3,2958.13091152955,1649.66187008788,0,0,0,130,0,0,0
32,45,4,3210.17636707288,1257.14349945991,0,0,0,117,0,0,0
32,45,5,3439.15034148443,2652.26485653824,0,0,0,177,0,0,0
32,45,6,3717.18747552417,1405.4775137769,0,0,0,107,0,0,0
32,45,7,20756.431089556,9982.86250907903,31,0,0,185,0,0,3
32,45,8,0,8,0,0,0,0,0,0,0
32,46,1,2995.87600820078,1419.80145477378,0,0,0,122,0,0,0
32,46,2,3043.03819747814,1527.08359282526,0,0,0,207,0,0,0
32,46,3,2976.2688048852,1706.54886169703,0,0,0,164,0,0,0
32,46,4,3222.55982690005,1415.80537104135,0,0,0,125,0,0,0
32,46,5,3478.05121313986,1990.04785094353,3,0,0,190,0,0,0
32,46,6,3750.85314084391,1926.59198636748,0,0,0,140,0,0,0
32,46,7,20760.576440724,8114.61186980917,34,0,0,179,0,0,1
32,46,8,0,8,0,0,0,0,0,0,0
32,47,1,3011.75929724402,1768.18781371041,0,0,0,141,0,0,0
32,47,2,3081.30111002087,1996.22127541027,0,0,0,152,0,0,0
32,47,3,3008.67231136531,1010.02860691769,1,0,0,162,0,0,0
32,47,4,3250.19125460632,1157.31455394286,0,0,0,141,0,0,0
32,47,5,3530.7873300063,1052.65514074069,5,0,0,162,0,0,0
32,47,6,3833.11030172403,2253.96126833563,0,0,0,183,0,0,1
32,47,7,20793.8206552246,8396.82796966469,96,0,0,200,0,0,0
32,47,8,0,8,0,0,0,0,0,0,0
32,48,1,3027.19393217244,1838.24924706963,0,0,0,176,0,0,0
32,48,2,3087.68345373072,1481.18091071583,2,0,0,179,0,0,0
32,48,3,3006.95704336962,1166.50244864173,0,0,0,101,0,0,0
32,48,4,3248.48328380462,761.982001317675,0,0,0,115,0,0,0
32,48,5,3538.07968230321,954.589512060738,0,0,0,105,0,0,0
32,48,6,3871.76146137106,1048.18631778623,6,0,0,178,0,0,0
32,48,7,20800.4742827189,6989.29183022765,90,0,0,176,0,0,0
32,48,8,0,8,0,0,0,0,0,0,0
32,49,1,3040.88670141839,1225.36109868156,0,0,0,183,0,0,0
32,49,2,3093.75330600388,1576.65934958009,0,0,0,148,0,0,0
32,49,3,3004.55363874398,1114.39886875535,0,0,0,116,0,0,0
32,49,4,3244.08763749826,960.637764299939,0,0,0,76,0,0,0
32,49,5,3541.6108442227,2089.4036132621,0,0,0,95,0,0,0
32,49,6,3886.5439892778,1843.31133123281,0,0,0,104,0,0,0
32,49,7,20803.1079508927,5547.53643714598,0,62,0,170,0,0,0
32,49,8,0,8,0,0,0,0,0,0,0
32,50,1,3021.64403027523,1698.54497414736,0,75,0,40,0,0,0
32,50,2,3085.72419103035,1647.94039052248,0,36,0,118,0,0,0
32,50,3,2991.47153083392,1471.13994333366,0,22,0,87,0,0,0
32,50,4,3229.45345986261,1425.31000910998,0,39,0,53,0,0,0
32,50,5,3548.41942953356,1423.22790472942,0,87,0,113,0,0,0
32,50,6,3902.59181579172,1914.38187711473,0,79,0,97,0,0,0
32,50,7,20826.6890827711,9870.01116171517,0,286,0,240,0,0,0
32,50,8,0,8,0,0,0,0,0,0,0
32,51,1,3044.67278799839,1231.05296134344,0,0,0,169,0,0,0
32,51,2,3111.78149512505,648.541010075875,0,0,0,164,0,0,0
32,51,3,3007.09153500236,1371.51873937193,0,0,0,147,0,0,0
32,51,4,3254.26728848047,1254.53902223669,0,0,0,142,0,0,0
32,51,5,3584.11223218928,1582.52824845933,0,0,0,142,0,0,0
32,51,6,3967.10856626895,1996.22745916297,0,0,0,191,0,0,0
32,51,7,20886.8402883347,5507.34041748438,31,0,0,189,0,0,0
32,51,8,0,8,0,0,0,0,0,0,0
32,52,1,3050.31294110687,936.749186715068,0,0,0,123,0,0,0
32,52,2,3098.41883699603,659.998835791506,0,0,0,64,0,0,0
32,52,3,3018.65039836973,703.900135750575,0,0,0,137,0,0,0
32,52,4,3270.81549012762,1818.60662904144,0,0,0,125,0,0,0
32,52,5,3618.81952100267,1814.69581671757,0,0,0,158,0,0,0
32,52,6,4024.18752655981,1328.23596969415,2,0,0,186,0,0,0
32,52,7,20930.4970173362,4596.20369484986,57,0,0,202,0,0,0
32,52,8,0,8,0,0,0,0,0,0,0
32,53,1,3038.5697214796,1426.8386768813,0,0,0,93,0,0,0
32,53,2,3088.87813515176,1670.73574636121,1,0,0,64,0,0,0
32,53,3,3008.51441360603,954.50409382821,0,0,0,70,0,0,0
32,53,4,3280.51409402118,1215.37319363302,35,0,0,121,0,0,0
32,53,5,3640.48420417093,2111.7766741264,33,0,0,125,0,0,0
32,53,6,4055.35446291053,1864.23339502111,0,0,0,132,0,0,0
32,53,7,20965.3304817585,8407.7402717254,160,0,0,186,0,0,0
32,53,8,0,8,0,0,0,0,0,0,0
32,54,1,3048.46181562185,1556.16876860244,0,0,0,142,0,0,0
32,54,2,3109.38487545804,838.897811857514,0,0,0,167,0,0,0
32,54,3,3007.7986720621,1048.29467727104,0,0,0,95,0,0,0
32,54,4,3296.9357919235,971.808240677312,0,0,0,121,0,0,0
32,54,5,3689.28611909464,1671.06259038669,1,0,0,187,0,0,0
32,54,6,4122.59467386753,2236.42918276062,0,0,0,186,0,0,0
32,54,7,21019.3623773924,6853.99094969727,45,0,0,227,0,0,0
32,54,8,0,8,0,0,0,0,0,0,0
32,55,1,3068.30348044187,1200.59921780748,0,0,0,155,0,0,0
32,55,2,3103.70395786108,1175.25183438584,0,0,0,83,0,0,0
32,55,3,3001.45346538637,598.160313424281,0,0,0,104,0,0,0
32,55,4,3308.01944776361,760.380595825378,0,0,0,97,0,0,0
32,55,5,3723.97078310856,1308.34425414852,0,0,0,165,0,0,0
32,55,6,4167.62484993756,979.599456946786,10,0,0,156,0,0,0
32,55,7,21047.6298754315,8724.7432366866,79,0,0,155,0,0,0
32,55,8,0,8,0,0,0,0,0,0,0
32,56,1,3078.68953172928,1532.08333377403,0,0,0,120,0,0,0
32,56,2,3105.09085504916,1362.63564938043,0,0,0,117,0,0,0
32,56,3,2985.3688197942,1123.33208249971,0,0,0,59,0,0,0
32,56,4,3308.80868855219,1948.00841075229,0,0,0,76,0,0,0
32,56,5,3762.8783631421,1640.42190264166,0,0,0,130,0,0,0
32,56,6,4196.35404359916,1448.77567340593,0,0,0,97,0,0,0
32,56,7,21083.7733117195,9827.27997722226,60,0,0,161,0,0,0
32,56,8,0,8,0,0,0,0,0,0,0
32,57,1,3093.21093701397,1835.65907658752,0,0,0,153,0,0,0
32,57,2,3126.81387675699,771.010687008192,0,0,0,136,0,0,0
32,57,3,2985.8285052909,1158.5773323899,0,0,0,112,0,0,0
32,57,4,3348.6162171936,1375.00631148689,0,0,0,193,0,0,0
32,57,5,3800.24706157932,2446.38812012925,0,0,0,164,0,0,0
32,57,6,4242.78976446365,1275.35303079304,0,0,0,144,0,0,0
32,57,7,21130.9453453018,5690.36351434716,64,0,0,188,0,0,0
32,57,8,0,8,0,0,0,0,0,0,0
32,58,1,3097.52798621231,679.046244357818,20,0,0,144,0,0,0
32,58,2,3113.10911626626,1440.47949123074,0,0,0,77,0,0,0
32,58,3,2976.53651050764,1013.19210312738,0,0,0,115,0,0,0
32,58,4,3350.80112126625,2023.19843133348,5,0,0,127,0,0,0
32,58,5,3821.37360340414,1426.74139252339,50,0,0,149,0,0,0
32,58,6,4283.5178240949,1686.44819510508,0,0,0,127,0,0,0
32,58,7,21192.6494309204,10179.4371269383,174,0,0,237,0,0,0
32,58,8,0,8,0,0,0,0,0,0,0
32,59,1,3088.64356619578,1047.84506292904,0,0,0,67,0,0,0
32,59,2,3122.53745343698,1842.12041494176,0,0,0,144,0,0,0
32,59,3,2973.17195762571,1063.73535073757,0,0,0,101,0,0,0
32,59,4,3379.27440360051,1002.01321730128,0,1,0,181,0,0,0
32,59,5,3871.68860145753,2280.66381005966,0,0,0,142,0,0,0
32,59,6,4347.41332935428,1463.57129542689,0,0,0,168,0,0,0
32,59,7,21242.2879163015,7506.112510038,0,39,0,207,0,0,0
32,59,8,0,8,0,0,0,0,0,0,0
32,60,1,3063.56964510241,949.403673504174,0,87,0,17,0,0,0
32,60,2,3115.5584812236,1376.90099816718,0,88,0,96,0,0,0
32,60,3,2944.35778150353,1456.99366438674,0,56,0,50,0,0,0
32,60,4,3361.04234910667,1277.41086199319,0,60,0,40,0,0,0
32,60,5,3878.16821081592,1564.68342041596,0,116,0,112,0,0,0
32,60,6,4355.19870950329,720.469230947619,0,75,0,71,0,0,0
32,60,7,21269.1312479879,9657.329455607,7,149,0,182,0,0,0
32,60,8,0,8,0,0,0,0,0,0,0
32,61,1,3072.95425514686,802.285447150426,0,0,0,94,0,0,0
32,61,2,3133.35466506102,1615.02045259281,0,0,0,137,0,0,0
32,61,3,2962.10884330905,440.799431687514,0,0,0,145,0,0,0
32,61,4,3382.47367921894,2239.41676090074,0,0,0,127,0,0,0
32,61,5,3925.70665876858,1900.61125719989,0,0,0,156,0,0,0
32,61,6,4382.53972344949,1420.20721148639,0,0,0,72,0,0,0
32,61,7,21318.047694073,7625.28193985424,29,0,0,197,0,0,0
32,61,8,0,8,0,0,0,0,0,0,0
32,62,1,3081.30277570858,959.637238327088,0,0,0,80,0,0,0
32,62,2,3159.31858337972,1536.88713802906,0,0,0,161,0,0,0
32,62,3,2954.43697360372,1290.02064571609,0,0,0,44,0,0,0
32,62,4,3438.50897492617,2050.92213304893,0,0,0,198,0,0,0
32,62,5,3983.22773869761,1298.27562471169,0,0,0,190,0,0,0
32,62,6,4447.03941204683,1692.90552812282,0,0,0,142,0,0,0
32,62,7,21391.9190760749,7739.46085129758,22,0,0,230,0,0,0
32,62,8,0,8,0,0,0,0,0,0,0
32,63,1,3094.61970847598,1743.71769769823,0,0,0,95,0,0,0
32,63,2,3186.94603628574,789.159646392466,0,0,0,153,0,0,0
32,63,3,2968.92062783282,875.395412632952,0,0,0,129,0,0,0
32,63,4,3491.6294441197,847.229488947693,0,0,0,186,0,0,0
32,63,5,4028.55739863259,1446.57871079179,0,0,0,129,0,0,0
32,63,6,4535.53837807994,2306.86220825156,0,0,0,169,0,0,0
32,63,7,21471.6287697658,9684.41925213429,33,0,0,220,0,0,0
32,63,8,0,8,0,0,0,0,0,0,0
32,64,1,3130.09171758554,1181.41706483983,0,0,0,174,0,0,0
32,64,2,3186.59340014108,960.879509554549,0,0,0,78,0,0,0
32,64,3,2971.61295109215,1946.66903174632,0,0,0,87,0,0,0
32,64,4,3506.31599795055,782.49464638901,0,0,0,84,0,0,0
32,64,5,4070.24912908738,1317.84254516603,0,0,0,144,0,0,0
32,64,6,4632.35764008845,2699.90794194766,0,0,0,203,0,0,0
32,64,7,21537.8799878965,12691.7547681966,32,0,0,217,0,0,0
32,64,8,0,8,0,0,0,0,0,0,0
32,65,1,3147.12535014977,1583.39040619643,0,0,0,118,0,0,0
32,65,2,3188.54431577346,842.757931055575,0,0,0,96,0,0,0
32,65,3,2992.24525393367,1879.9508096896,0,0,0,194,0,0,0
32,65,4,3504.96696608448,1860.31984880454,0,0,0,78,0,0,0
32,65,5,4088.03617277478,1122.88359045307,0,0,0,131,0,0,0
32,65,6,4695.81795063106,2082.64317123046,2,0,0,201,0,0,0
32,65,7,21584.1175159851,7283.1022170132,32,0,0,216,0,0,0
32,65,8,0,8,0,0,0,0,0,0,0
32,66,1,3181.61988502376,1343.78095846639,0,0,0,158,0,0,0
32,66,2,3214.02755151649,631.883420643955,0,0,0,84,0,0,0
32,66,3,3039.10924960491,1140.49850452495,0,0,0,187,0,0,0
32,66,4,3550.30415120357,999.643895225969,2,0,0,168,0,0,0
32,66,5,4145.1955758967,2422.53450061015,0,0,0,112,0,0,0
32,66,6,4811.47542947976,2796.04861027994,4,0,0,174,0,0,0
32,66,7,21664.4764096078,7498.31373702289,62,0,0,187,0,0,4
32,66,8,0,8,0,0,0,0,0,0,0
32,67,1,3205.39173516129,810.711367695859,0,0,0,134,0,0,0
32,67,2,3213.4080690874,1203.08219264019,0,0,0,63,0,0,0
32,67,3,3051.08633709299,1249.44563534981,0,0,0,114,0,0,0
32,67,4,3570.56509012692,2019.41777946043,0,0,0,99,0,0,0
32,67,5,4252.84493486488,1125.11750149683,2,0,0,224,0,0,1
32,67,6,4907.3607674199,2576.46098844102,14,0,0,177,0,0,0
32,67,7,21734.1230714814,11762.4863369539,71,0,0,227,0,0,0
32,67,8,0,8,0,0,0,0,0,0,0
32,68,1,3200.99789619689,740.68155153457,0,0,0,81,0,0,0
32,68,2,3216.62670739649,1719.33588282112,0,0,0,120,0,0,0
32,68,3,3050.60911493798,1582.18607449863,0,0,0,124,0,0,0
32,68,4,3595.5370058573,1732.93398517659,1,0,0,176,0,0,0
32,68,5,4274.50757203892,1174.86284770231,0,0,0,112,0,0,0
32,68,6,4970.52776322889,1888.86824289998,2,0,0,197,0,0,0
32,68,7,21766.5615462498,14423.6770713399,44,0,0,204,0,0,0
32,68,8,0,8,0,0,0,0,0,0,0
32,69,1,3192.02574681184,732.154470220091,0,0,0,74,0,0,0
32,69,2,3223.89018308521,545.34953127313,0,0,0,171,0,0,0
32,69,3,3059.72876888859,912.682357953107,0,0,0,158,0,0,0
32,69,4,3619.31958477996,1064.14879540663,0,0,0,173,0,0,0
32,69,5,4293.85779253375,2454.40020285344,0,0,0,117,0,0,0
32,69,6,5026.06724295403,2166.65915619159,0,0,0,188,0,0,0
32,69,7,21778.0623586402,6108.40505354357,40,0,0,174,0,0,1
32,69,8,0,8,0,0,0,0,0,0,0
32,70,1,3188.97816386465,1432.98917197661,0,0,0,73,0,0,0
32,70,2,3210.54070876977,785.894768645902,0,0,0,54,0,0,0
32,70,3,3063.38624579316,1620.84602730245,0,0,0,91,0,0,0
32,70,4,3638.90373907367,692.633624358376,0,0,0,106,0,0,0
32,70,5,4327.74435188966,2028.11261452279,86,0,0,125,0,0,0
32,70,6,5089.23307988154,2978.70326046954,50,0,0,146,0,0,0
32,70,7,21859.7762443495,6152.64440988847,242,0,0,272,0,0,0
32,70,8,0,8,0,0,0,0,0,0,0
32,71,1,3198.97999259401,1181.39766070076,0,0,0,143,0,0,0
32,71,2,3195.64894264568,1932.75168366792,0,0,0,78,0,0,0
32,71,3,3075.71229451944,888.878923719896,0,0,0,162,0,0,0
32,71,4,3633.8091080958,1450.23893156646,0,0,0,69,0,0,0
32,71,5,4380.90275943621,1962.56801014863,0,6,0,162,0,0,0
32,71,6,5166.48900010201,2041.06008706605,0,19,0,168,0,0,0
32,71,7,21884.6493012254,7953.07917400676,0,68,0,153,0,0,0
32,71,8,0,8,0,0,0,0,0,0,0
32,72,1,3202.93625237939,745.282167899259,0,0,0,118,0,0,0
32,72,2,3225.79145134353,1395.44092874046,0,0,0,193,0,0,0
32,72,3,3072.52488228367,738.675656632146,0,0,0,88,0,0,0
32,72,4,3676.34036349817,817.519267909225,0,0,0,145,0,0,0
32,72,5,4464.89556938909,1574.80733451243,0,0,0,195,0,0,0
32,72,6,5320.1664228353,2595.13388733154,0,0,0,200,0,0,0
32,72,7,21986.238569568,11908.4187524349,28,0,0,207,0,0,0
32,72,8,0,8,0,0,0,0,0,0,0
32,73,1,3185.99603837641,1405.32460863268,0,0,0,74,0,0,0
32,73,2,3239.61944232105,1341.93900303903,0,0,0,139,0,0,0
32,73,3,3058.18405298582,1820.55686401157,0,0,0,73,0,0,0
32,73,4,3684.60651852534,928.393236828053,0,0,0,81,0,0,0
32,73,5,4500.42341472249,2464.76381766936,0,0,0,157,0,0,0
32,73,6,5423.70554658929,2384.04117515018,0,0,0,242,0,0,0
32,73,7,22046.1958086732,10897.4696373419,0,41,0,256,0,0,0
32,73,8,0,8,0,0,0,0,0,0,0
32,74,1,3194.77459314331,1334.27259501155,0,0,0,140,0,0,0
32,74,2,3238.41138306,918.630395107895,0,0,0,134,0,0,0
32,74,3,3053.76574331796,1221.62679713005,0,18,0,133,0,0,0
32,74,4,3683.15083626466,2184.88236707092,0,0,0,92,0,0,0
32,74,5,4578.76858714368,1658.90537339339,0,23,0,185,0,0,0
32,74,6,5537.70163530075,1335.42256914111,0,27,0,168,0,0,0
32,74,7,22116.9345366528,11025.1774482243,3,229,0,224,0,0,0
32,74,8,0,8,0,0,0,0,0,0,0
32,75,1,3200.91805994768,1582.01363664467,0,0,0,133,0,0,0
32,75,2,3233.72114790288,672.340619408145,0,0,0,91,0,0,0
32,75,3,3045.53262832204,898.526089333285,0,0,0,122,0,0,0
32,75,4,3730.72136620411,1181.44259416549,0,0,0,186,0,0,0
32,75,5,4655.68757285596,1204.72063591674,0,0,0,165,0,0,0
32,75,6,5611.23472847359,1769.7735089823,0,0,0,133,0,0,0
32,75,7,22177.8291208738,6419.92894506871,27,0,0,201,0,0,0
32,75,8,0,8,0,0,0,0,0,0,0
32,76,1,3226.70429486064,1158.24370600239,0,0,0,157,0,0,0
32,76,2,3216.53807737625,933.798427440164,0,0,0,67,0,0,0
32,76,3,3038.07700957708,592.134531569786,0,0,0,89,0,0,0
32,76,4,3744.73214056877,2643.10915719132,0,0,0,118,0,0,0
32,76,5,4710.3826696484,2383.83713307959,0,0,0,120,0,0,0
32,76,6,5735.91610688803,3876.97220720238,5,0,0,161,0,0,0
32,76,7,22292.84463979,4161.12496615047,158,0,0,166,0,0,0
32,76,8,0,8,0,0,0,0,0,0,0
32,77,1,3216.499045067,1256.35407516557,0,0,0,115,0,0,0
32,77,2,3197.39735116425,979.050338962917,0,0,0,93,0,0,0
32,77,3,3012.48120796704,440.031279234686,0,0,0,59,0,0,0
32,77,4,3759.86714867032,1520.53933221412,51,0,0,150,0,0,0
32,77,5,4753.22168681646,2786.26099139195,31,0,0,170,0,0,0
32,77,6,5808.2164933154,3470.16238117976,105,0,0,155,0,0,0
32,77,7,22339.0741832154,7854.33295495451,111,0,0,170,0,0,0
32,77,8,0,8,0,0,0,0,0,0,0
32,78,1,3214.67623841377,1026.67271451771,0,0,0,125,0,0,0
32,78,2,3222.56880481197,1655.98357309571,0,0,0,97,0,0,0
32,78,3,2986.2285428674,1136.90268359757,0,0,0,44,0,0,0
32,78,4,3793.13148787753,1660.69248765938,0,0,0,152,0,0,0
32,78,5,4837.54672860083,531.646834490456,0,7,0,183,0,0,0
32,78,6,6020.6862754736,963.990086225921,0,5,0,277,0,0,0
32,78,7,22440.9275089094,6210.28121844831,0,42,0,211,0,0,0
32,78,8,0,8,0,0,0,0,0,0,0
32,79,1,3177.58539632192,1777.98925432348,0,79,0,23,0,0,0
32,79,2,3199.08015038617,1020.54676022802,0,94,0,71,0,0,0
32,79,3,2963.26283140704,1656.88192038118,0,62,0,51,0,0,0
32,79,4,3789.71212871389,1262.56288928583,0,87,0,79,0,0,0
32,79,5,4840.24559239781,1065.4124804036,0,23,0,30,0,0,0
32,79,6,6041.29009708103,3133.14797119099,0,43,0,53,0,0,0
32,79,7,22600.8115673086,11970.4397348583,0,317,0,304,0,0,0
32,79,8,0,8,0,0,0,0,0,0,0
32,80,1,3196.55457571806,561.522233313889,0,0,0,177,0,0,0
32,80,2,3197.28047405956,1830.58242330901,0,0,0,102,0,0,0
32,80,3,2975.32909926476,1261.72388263762,0,0,0,165,0,0,0
32,80,4,3801.137805804,919.806717577409,0,0,0,126,0,0,0
32,80,5,4869.57890884789,1510.47158396288,0,0,0,106,0,0,0
32,80,6,6114.14410609178,2974.40469584405,3,0,0,184,0,0,0
32,80,7,22658.1619867759,5399.04926928833,22,2,0,296,0,0,0
32,80,8,0,8,0,0,0,0,0,0,0
32,81,1,3181.52078239777,1257.65779773325,37,0,0,19,0,0,0
32,81,2,3223.03043574574,1539.37333748631,82,0,0,101,0,0,0
32,81,3,2978.45067359558,1466.48901119645,78,0,0,48,0,0,0
32,81,4,3803.89081501716,2066.32638385529,39,0,0,52,0,0,0
32,81,5,4931.58512096991,2665.35489159674,74,0,0,77,0,0,0
32,81,6,6248.0676845938,2932.10651609736,137,0,0,160,0,0,0
32,81,7,22804.8204821833,7872.46096213068,279,0,0,257,0,0,0
32,81,8,0,8,0,0,0,0,0,0,0
32,82,1,3191.69320379645,873.028825038577,0,0,0,125,0,0,0
32,82,2,3244.87709834318,1195.03359992326,0,0,0,153,0,0,0
32,82,3,3002.01787825103,1543.79850745558,0,0,0,146,0,0,0
32,82,4,3841.45201502319,1651.05280539833,0,0,0,201,0,0,0
32,82,5,5016.41741836647,2109.84116871834,5,0,0,211,0,0,0
32,82,6,6340.98486883781,1733.52620867202,11,0,0,168,0,0,0
32,82,7,22842.1797837244,4500.15523119645,61,0,0,166,0,0,0
32,82,8,0,8,0,0,0,0,0,0,0
32,83,1,3183.05886414525,1557.67755224058,0,0,0,87,0,0,0
32,83,2,3256.28143336978,762.369522799395,0,0,0,119,0,0,0
32,83,3,3018.5548181789,730.753592103944,6,0,0,144,0,0,0
32,83,4,3877.5739764048,1174.01566252964,11,0,0,146,0,0,0
32,83,5,5082.03053236515,2294.722214023,31,0,0,158,0,0,0
32,83,6,6428.71096552903,1658.88624270512,14,0,0,149,0,0,0
32,83,7,22873.6658649335,8297.71782999009,164,0,0,171,0,0,0
32,83,8,0,8,0,0,0,0,0,0,0
32,84,1,3204.33810179138,1440.94121674522,0,0,0,155,0,0,0
32,84,2,3247.35603667444,1395.51777871589,0,0,0,76,0,0,0
32,84,3,3015.64074803945,1271.39736190002,0,0,0,73,0,0,0
32,84,4,3908.68665916541,1547.14093781849,0,0,0,117,0,0,0
32,84,5,5217.84026616575,1507.00563008135,2,0,0,199,0,0,0
32,84,6,6555.50228774922,2781.1993131834,0,0,0,165,0,0,0
32,84,7,22923.2665296104,10106.1708815682,43,0,0,190,0,0,0
32,84,8,0,8,0,0,0,0,0,0,0
32,85,1,3234.4795097853,1059.01417464892,0,0,0,144,0,0,0
32,85,2,3297.15162582501,1440.15903886998,0,0,0,139,0,0,0
32,85,3,3038.82070683095,1635.58846241403,0,0,0,127,0,0,0
32,85,4,3975.22878973164,1152.49713410846,0,0,0,154,0,0,0
32,85,5,5322.29633281163,1610.49926236406,0,0,0,150,0,0,0
32,85,6,6756.46453828513,1921.47487648798,1,0,0,234,0,0,1
32,85,7,23043.9819950222,8510.30135881583,32,0,0,224,0,0,0
32,85,8,0,8,0,0,0,0,0,0,0
32,86,1,3236.61048016305,1264.7540668355,0,0,0,105,0,0,0
32,86,2,3353.54020731863,1418.85572900128,0,0,0,144,0,0,0
32,86,3,3087.11281037307,1175.40742842975,0,0,0,159,0,0,1
32,86,4,4019.59091631289,1608.10750658562,0,0,0,115,0,0,0
32,86,5,5454.13287604552,2442.93112435326,0,0,0,160,0,0,0
32,86,6,6988.84633598648,3972.69760219528,1,0,0,183,0,0,0
32,86,7,23128.6231457302,11724.8942369313,79,0,0,187,0,0,0
32,86,8,0,8,0,0,0,0,0,0,0
32,87,1,3239.36460334837,1349.20383159129,0,0,0,126,0,0,0
32,87,2,3368.72702416327,807.704633830769,0,0,0,141,0,0,0
32,87,3,3102.16372187399,1094.3570227735,0,0,0,117,0,0,0
32,87,4,4052.94890760417,2044.72978192857,0,0,0,160,0,0,0
32,87,5,5549.01758123981,3397.95569774068,1,0,0,222,0,0,0
32,87,6,7125.41245416407,3724.36430941509,8,0,0,249,0,0,0
32,87,7,23169.5274935542,2824.16669645036,49,0,0,270,0,0,0
32,87,8,0,8,0,0,0,0,0,0,0
32,88,1,3220.75876843141,1152.62565382803,0,76,0,58,0,0,0
32,88,2,3348.1116668993,1672.19156417398,0,36,0,44,0,0,0
32,88,3,3084.84461057199,1090.69758060189,0,56,0,53,0,0,0
32,88,4,4059.7271749462,1562.33468409888,0,103,0,101,0,0,0
32,88,5,5611.01182541677,2840.57127809114,0,169,0,164,0,0,0
32,88,6,7238.55986702172,4616.28792143864,0,184,0,188,0,0,0
32,88,7,23154.2467439034,8363.33298564156,0,164,0,118,0,0,0
32,88,8,0,8,0,0,0,0,0,0,0
32,89,1,3235.42393733137,999.921006386185,0,0,0,115,0,0,0
32,89,2,3376.36511425356,882.657043021766,0,0,0,167,0,0,0
32,89,3,3102.74331787494,535.826130781147,0,0,0,109,0,0,0
32,89,4,4100.7262599074,1604.40223069073,0,0,0,156,0,0,0
32,89,5,5753.42867108649,2771.29538440062,0,0,0,265,0,0,0
32,89,6,7348.87160024074,2135.2815244382,11,0,0,210,0,0,0
32,89,7,23216.1009588984,7711.36544979006,27,0,0,208,0,0,0
32,89,8,0,8,0,0,0,0,0,0,0
32,90,1,3258.34070525196,1314.49965013005,0,0,0,99,0,0,0
32,90,2,3453.14749631009,1182.99687867681,0,0,0,88,0,0,0
32,90,3,3126.71820528084,708.645012196256,0,0,0,53,0,0,0
32,90,4,4174.01097609021,2182.90300900537,0,0,0,160,0,0,0
32,90,5,5930.16634336105,2733.71688491724,6,0,0,178,0,0,0
32,90,6,7658.97508630429,2497.62404811295,0,0,0,213,0,0,0
32,90,7,23375.5460846857,5812.76369991259,35,0,0,188,0,0,0
32,90,8,0,8,0,0,0,0,0,0,0
32,91,1,3281.15839402283,1121.42280748337,0,0,0,131,0,0,0
32,91,2,3479.87300796274,2397.83925840179,0,0,0,118,0,0,0
32,91,3,3137.56979507504,1106.84605690792,0,0,0,70,0,0,0
32,91,4,4235.50938147283,1853.89399917811,25,0,0,158,0,0,0
32,91,5,6047.2657743749,2958.55140463503,35,0,0,188,0,0,0
32,91,6,7809.97566931275,3075.9012166524,33,0,0,170,0,0,0
32,91,7,23438.4079655399,11019.8243294841,157,0,0,197,0,0,3
32,91,8,0,8,0,0,0,0,0,0,0
32,92,1,3294.42717621854,1620.10912149193,0,0,0,112,0,0,0
32,92,2,3519.51388067607,1287.60408499575,3,0,0,179,0,0,0
32,92,3,3147.98334203613,1043.31394560586,0,0,0,110,0,0,0
32,92,4,4329.73302342376,1758.78538656598,0,0,0,185,0,0,0
32,92,5,6239.67585861642,2624.29989411889,4,0,0,210,0,0,0
32,92,6,7989.16033434415,2745.660059614,4,0,0,221,0,0,0
32,92,7,23496.6970172031,12812.3989603813,48,0,0,196,0,0,0
32,92,8,0,8,0,0,0,0,0,0,0
32,93,1,3325.61038175401,1029.67724494938,0,0,0,162,0,0,0
32,93,2,3551.76081570327,661.349772745183,0,0,0,128,0,0,0
32,93,3,3167.9235730213,1261.73512195638,0,0,0,104,0,0,0
32,93,4,4385.66489457806,1294.05765865384,0,0,0,173,0,0,0
32,93,5,6333.89260193479,2267.41546287016,0,0,0,178,0,0,0
32,93,6,8139.5481461415,4221.60613065823,2,0,0,212,0,0,0
32,93,7,23558.8378820956,14505.0055092823,36,0,0,226,0,0,0
32,93,8,0,8,0,0,0,0,0,0,0
32,94,1,3332.11232168128,1205.08302503912,0,0,0,102,0,0,0
32,94,2,3550.40129070756,1703.7285379293,0,0,0,66,0,0,0
32,94,3,3168.94622511867,1118.45583092303,0,0,0,126,0,0,0
32,94,4,4421.73922853844,2300.54227093441,0,0,0,129,0,0,0
32,94,5,6420.24093540891,1921.95906548686,1,0,0,194,0,0,0
32,94,6,8249.50025597917,1914.85220389334,7,0,0,202,0,0,0
32,94,7,23591.3705563625,10679.9397169545,41,0,0,207,0,0,0
32,94,8,0,8,0,0,0,0,0,0,0
32,95,1,3333.72021922606,1919.90230997486,0,0,0,120,0,0,0
32,95,2,3545.8464820127,1336.23527702295,21,0,0,134,0,0,0
32,95,3,3163.26088129591,1823.86376036927,0,0,0,111,0,0,0
32,95,4,4455.91450284357,1083.52740207127,32,0,0,174,0,0,0
32,95,5,6480.02446425109,3310.15063087444,18,0,0,161,0,0,0
32,95,6,8336.05275576192,3063.2519401733,33,0,0,135,0,0,0
32,95,7,23642.0334525611,12135.2042286295,412,0,0,366,0,0,0
32,95,8,0,8,0,0,0,0,0,0,0
32,96,1,3337.29326735226,1997.69125318673,5,0,0,159,0,0,0
32,96,2,3541.22556505495,2113.65667600625,0,0,0,133,0,0,0
32,96,3,3173.30792536224,1068.21958865005,2,0,0,166,0,0,0
32,96,4,4465.0641291129,866.158706895676,0,0,0,108,0,0,0
32,96,5,6572.69651289522,2974.17868079799,16,0,0,222,0,0,0
32,96,6,8498.74706430784,3341.99210290831,15,0,0,205,0,0,0
32,96,7,23694.8290598377,8755.89769061801,152,0,0,235,0,0,0
32,96,8,0,8,0,0,0,0,0,0,0
32,97,1,3308.02894512038,1720.46048121943,194,0,0,5,0,0,0
32,97,2,3540.02270853796,1649.07571443909,116,0,0,95,0,0,0
32,97,3,3156.38940004118,735.589188158726,52,0,0,54,0,0,0
32,97,4,4442.11229663961,1995.40281903146,28,0,0,58,0,0,0
32,97,5,6747.81318247643,2974.82870779535,121,0,0,176,0,0,0
32,97,6,8694.39062246463,3730.92072833671,173,0,0,161,0,0,0
32,97,7,23791.039313752,16463.2760277639,176,4,0,199,0,0,45
32,97,8,0,8,0,0,0,0,0,0,0
32,98,1,3322.21338750562,1070.24711594546,0,0,0,172,0,0,0
32,98,2,3555.82475853516,2293.78634566171,0,0,0,164,0,0,0
32,98,3,3143.17681216236,989.791321678437,0,0,0,73,0,0,0
32,98,4,4458.39895807411,3251.63631135242,0,0,0,180,0,0,0
32,98,5,6827.66675465264,3811.87779066271,1,0,0,236,0,0,0
32,98,6,8845.36825361835,3845.46883520833,6,0,0,200,0,0,0
32,98,7,23766.7710524951,7790.54362446383,52,0,0,202,0,0,0
32,98,8,0,8,0,0,0,0,0,0,0
32,99,1,3315.9228030194,1324.91377213652,60,0,0,41,0,0,0
32,99,2,3591.87337896021,1564.22431694389,83,0,0,138,0,0,0
32,99,3,3135.52376368461,1968.82071623761,46,0,0,48,0,0,0
32,99,4,4495.77429326099,1115.64387696763,146,0,0,164,0,0,0
32,99,5,6958.38830364957,2144.41743902307,200,0,0,161,0,0,0
32,99,6,9056.0628080163,2690.32110839777,191,0,0,174,0,0,0
32,99,7,23820.8964430738,12421.9563476733,201,3,0,208,0,0,9
32,99,8,0,8,0,0,0,0,0,0,0
32,100,1,3325.56459517027,1803.08477637513,0,0,0,132,0,0,0
32,100,2,3612.52547661488,890.403774055014,0,0,0,156,0,0,0
32,100,3,3166.2818044087,583.72834244514,0,0,0,192,0,0,0
32,100,4,4523.16284220433,1183.87017139536,0,0,0,111,0,0,0
32,100,5,7078.76733393573,952.354171557487,0,1,0,188,0,0,0
32,100,6,9220.68730704814,3539.65822355111,0,0,0,247,0,0,0
32,100,7,23777.5726987589,13227.884908743,0,42,0,244,0,0,0
32,100,8,0,8,0,0,0,0,0,0,0
33,1,1,2726.216,645.271003245056,0,15,0,78,0,0,0
33,1,2,2724.1136,528.278746991416,0,48,0,46,0,0,0
33,1,3,2727.4064,1037.13461061501,0,17,0,79,0,0,0
33,1,4,2726.696,890.610043347737,0,23,0,50,0,0,0
33,1,5,2729.7216,1611.2574211941,0,0,0,98,0,0,0
33,1,6,2724.89088,1261.71802478326,0,17,0,69,0,0,0
33,1,7,20793.8655999999,12633.7266771091,0,31,0,42,0,0,0
33,1,8,0,6,0,1,0,19,0,0,0
33,2,1,2726.3216,1076.67789767243,0,0,0,64,0,0,0
33,2,2,2723.8416,971.380756670347,0,0,0,52,0,0,0
33,2,3,2742.1008,1464.40344205198,0,0,0,103,0,0,0
33,2,4,2732.3056,1737.92986102439,0,0,0,89,0,0,0
33,2,5,2751.8176,587.024307606527,0,0,0,161,0,0,0
33,2,6,2737.84288,987.689716702954,0,0,0,126,0,0,0
33,2,7,20746.9692799998,13767.1161366394,25,0,0,276,0,0,0
33,2,8,0,6,0,0,0,0,0,0,0
33,3,1,2736.44,695.474043379471,0,0,0,107,0,0,0
33,3,2,2731.2528,870.35784407184,0,0,0,97,0,0,0
33,3,3,2759.6608,1274.03888602631,0,0,0,146,0,0,0
33,3,4,2756.68992,377.283553992146,0,0,0,173,0,0,0
33,3,5,2752.2016,750.690390519703,0,0,0,58,0,0,0
33,3,6,2745.408,1078.84205290137,0,0,0,98,0,0,0
33,3,7,20679.0025599997,8541.79128528117,28,0,0,186,0,0,0
33,3,8,0,6,0,0,0,0,0,0,0
33,4,1,2729.4,1352.04238599605,0,44,0,25,0,0,0
33,4,2,2728.1648,1131.51612665263,0,38,0,49,0,0,0
33,4,3,2759.3152,1291.94719991709,0,60,0,67,0,0,0
33,4,4,2744.50272,746.483477369433,0,26,0,11,0,0,0
33,4,5,2745.56,1069.42264031947,0,34,0,41,0,0,0
33,4,6,2739.0048,1290.06764478532,0,65,0,42,0,0,0
33,4,7,20655.6265599997,12523.7159202945,0,445,0,409,0,0,0
33,4,8,0,6,0,0,0,0,0,0,0
33,5,1,2749.04448,1196.44511437437,0,0,0,135,0,0,0
33,5,2,2748.3296,1314.43385208726,0,0,0,113,0,0,0
33,5,3,2778.9296,959.718110388418,0,0,0,129,0,0,0
33,5,4,2752.22112,1406.15196874024,0,0,0,74,0,0,0
33,5,5,2758.59008,1272.45746496778,0,0,0,106,0,0,0
33,5,6,2759.15392,848.471676861008,0,0,0,129,0,0,0
33,5,7,20665.9481599997,10841.7536761306,26,0,0,205,0,0,0
33,5,8,0,6,0,0,0,0,0,0,0
33,6,1,2766.26528,721.841247716998,0,0,0,119,0,0,0
33,6,2,2770.49568,1011.67272496814,0,0,0,131,0,0,0
33,6,3,2790.6608,1497.66359199912,0,0,0,95,0,0,0
33,6,4,2773.50944,835.423113805479,0,0,0,140,0,0,0
33,6,5,2774.6576,762.903060682026,0,0,0,127,0,0,0
33,6,6,2772.80063999999,1720.92747876207,0,0,0,84,0,0,0
33,6,7,20691.9353599997,9456.65546887036,20,0,0,277,0,0,3
33,6,8,0,6,0,0,0,0,0,0,0
33,7,1,2774.69087999999,1705.09652470399,0,0,0,72,0,0,0
33,7,2,2784.68352,988.694365894523,0,0,0,101,0,0,0
33,7,3,2813.45728,1385.75477164594,0,0,0,149,0,0,0
33,7,4,2783.43103999999,481.766385472648,0,0,0,83,0,0,0
33,7,5,2780.968,988.513627096731,0,0,0,76,0,0,0
33,7,6,2795.69286399999,1043.50037464646,0,0,0,169,0,0,0
33,7,7,20698.7372799997,8675.57352260002,50,0,0,188,0,0,0
33,7,8,0,6,0,0,0,0,0,0,0
33,8,1,2799.72479999999,645.002971918349,0,0,0,170,0,0,0
33,8,2,2794.55872,1056.171847429,0,0,0,98,0,0,0
33,8,3,2835.41376,894.234690049346,0,0,0,138,0,0,0
33,8,4,2782.96025599999,1163.38846787419,0,0,0,48,0,0,0
33,8,5,2790.2176,1434.44555934278,0,0,0,98,0,0,0
33,8,6,2807.61958399999,1353.34428961813,0,0,0,104,0,0,0
33,8,7,20707.6984959997,13685.0246188833,76,0,0,197,0,0,0
33,8,8,0,6,0,0,0,0,0,0,0
33,9,1,2802.56031999999,398.148563341773,0,0,0,64,0,0,0
33,9,2,2803.46624,999.005893250029,0,0,0,105,0,0,0
33,9,3,2842.121216,1472.49754214696,0,0,0,89,0,0,0
33,9,4,2794.32191999999,1043.12016593742,0,0,0,116,0,0,0
33,9,5,2809.75712,788.041160498579,0,0,0,143,0,0,0
33,9,6,2826.96524799999,715.885510935455,0,0,0,135,0,0,0
33,9,7,20721.4595199996,7530.09901164652,48,0,0,195,0,0,0
33,9,8,0,6,0,0,0,0,0,0,0
33,10,1,2801.00864,1628.90821127214,0,0,0,39,0,0,0
33,10,2,2812.871424,1148.9743555061,0,0,0,99,0,0,0
33,10,3,2864.96984320001,777.634744610711,0,0,0,147,0,0,0
33,10,4,2799.523776,1072.8555397728,0,0,0,104,0,0,0
33,10,5,2814.32448,1582.25362354531,0,0,0,78,0,0,0
33,10,6,2833.64915199999,1122.39403952302,0,0,0,71,0,0,0
33,10,7,20745.4237439996,9777.91214590095,229,0,0,243,0,0,0
33,10,8,0,6,0,0,0,0,0,0,0
33,11,1,2819.47328,1091.09400840109,0,0,0,162,0,0,0
33,11,2,2821.8350336,1298.31780325057,0,0,0,114,0,0,0
33,11,3,2864.65464320001,2431.28994740181,0,0,0,77,0,0,0
33,11,4,2804.232576,1155.89451236826,0,0,0,107,0,0,0
33,11,5,2830.326272,1441.69060148179,0,0,0,158,0,0,0
33,11,6,2845.897152,935.183485837464,0,0,0,112,0,0,0
33,11,7,20776.7818239996,8307.44338794396,78,0,0,229,0,0,0
33,11,8,0,6,0,0,0,0,0,0,0
33,12,1,2831.48128,531.264643259371,0,0,0,109,0,0,0
33,12,2,2830.5390976,1704.44011652402,0,0,0,129,0,0,0
33,12,3,2881.03646720001,1085.36571008792,25,0,0,162,0,0,1
33,12,4,2806.84352,2144.86193427701,0,0,0,115,0,0,0
33,12,5,2842.132032,1252.17492763662,0,0,0,144,0,0,0
33,12,6,2854.857152,507.167028328504,0,0,0,93,0,0,0
33,12,7,20801.3402239996,8524.83238122128,196,0,0,211,0,0,0
33,12,8,0,6,0,0,0,0,0,0,0
33,13,1,2825.765248,1147.83524979632,0,0,0,53,0,0,0
33,13,2,2848.45648640001,763.106300004783,0,0,0,170,0,0,0
33,13,3,2886.24952320001,1233.44541386473,0,0,0,108,0,0,0
33,13,4,2825.0576128,1026.86464622611,8,0,0,184,0,0,0
33,13,5,2851.28256000001,842.160910592622,0,0,0,125,0,0,0
33,13,6,2852.214272,528.014346391442,0,0,0,50,0,0,0
33,13,7,20827.3297279996,11837.5806165707,169,0,0,172,0,0,9
33,13,8,0,6,0,0,0,0,0,0,0
33,14,1,2831.710912,930.875244791282,0,0,0,114,0,0,0
33,14,2,2844.64124672001,914.03261186566,0,0,0,76,0,0,0
33,14,3,2892.92645120001,1102.89732287622,0,0,0,123,0,0,0
33,14,4,2823.65830400001,1164.46825228411,0,0,0,102,0,0,0
33,14,5,2850.67513600001,1267.89255847456,0,0,0,84,0,0,0
33,14,6,2853.242368,1236.08047932814,0,0,0,52,0,0,0
33,14,7,20855.1764479996,7185.00547840758,73,0,0,176,0,0,0
33,14,8,0,6,0,0,0,0,0,0,0
33,15,1,2835.291392,491.475799605015,0,0,0,93,0,0,0
33,15,2,2846.16669952001,1392.76412490793,0,0,0,91,0,0,0
33,15,3,2898.39520716801,778.424598304289,0,0,0,110,0,0,0
33,15,4,2828.09113344001,848.340404721287,0,0,0,116,0,0,0
33,15,5,2860.94969600001,1368.00373442218,0,0,0,126,0,0,0
33,15,6,2872.0018688,944.67048802743,0,0,0,123,0,0,0
33,15,7,20908.6739839995,8259.66487609423,269,0,0,279,0,0,0
33,15,8,0,6,0,0,0,0,0,0,0
33,16,1,2830.06841600001,1315.16967911217,0,0,0,49,0,0,0
33,16,2,2856.11207014401,1928.1792999307,0,0,0,139,0,0,0
33,16,3,2896.55795916801,1046.47409207887,0,0,0,77,0,0,0
33,16,4,2825.96562636801,1973.3975954558,0,0,0,84,0,0,0
33,16,5,2873.65378560001,514.102408134449,0,0,0,136,0,0,0
33,16,6,2883.9617408,1423.78781830513,0,0,0,94,0,0,0
33,16,7,20943.8044159995,4226.83498091288,97,0,0,180,0,0,0
33,16,8,0,6,0,0,0,0,0,0,0
33,17,1,2832.15993600001,1641.40176786122,14,0,0,111,0,0,0
33,17,2,2866.27254374402,1468.2229752455,31,0,0,149,0,0,0
33,17,3,2890.04154316801,1728.77047099812,1,0,0,103,0,0,0
33,17,4,2834.33202636801,781.992318213431,33,0,0,151,0,0,0
33,17,5,2861.07719731201,314.298783057299,0,0,0,51,0,0,0
33,17,6,2898.4427008,1595.35238452673,18,0,0,117,0,0,0
33,17,7,20974.3708159995,10550.3866329019,159,0,0,199,0,0,0
33,17,8,0,6,0,0,0,0,0,0,0
33,18,1,2838.86894080001,1687.53459529883,0,0,0,164,0,0,0
33,18,2,2878.80540774402,1808.26217962277,0,0,0,146,0,0,0
33,18,3,2899.06883932161,1386.01261057252,0,0,0,172,0,0,0
33,18,4,2823.09980989441,787.697127473923,0,0,0,78,0,0,0
33,18,5,2847.78414592001,1495.06442216053,0,0,0,31,0,0,0
33,18,6,2921.9292928,1529.19680289424,0,0,0,159,0,0,0
33,18,7,21013.2035199995,6318.77537027149,34,0,0,215,0,0,0
33,18,8,0,6,0,0,0,0,0,0,0
33,19,1,2841.68213760001,760.229129827581,41,0,0,119,0,0,0
33,19,2,2870.34941091842,1102.49895194241,64,0,0,104,0,0,0
33,19,3,2896.07630735362,872.395876156011,13,0,0,123,0,0,0
33,19,4,2813.19675709441,984.340712387476,2,0,0,76,0,0,0
33,19,5,2853.31687424001,2161.65945364508,20,0,0,125,0,0,0
33,19,6,2937.54283264,1081.95570360099,2,0,0,150,0,0,0
33,19,7,21043.0579199995,7606.12294655757,249,0,0,252,0,0,23
33,19,8,0,6,0,0,0,0,0,0,0
33,20,1,2838.01722112001,981.01216777717,0,0,0,76,0,0,0
33,20,2,2869.98874327042,1601.16518444614,0,0,0,110,0,0,0
33,20,3,2894.24254932994,1673.27525864712,0,0,0,87,0,0,0
33,20,4,2805.88113213441,1379.32714356606,0,0,0,98,0,0,0
33,20,5,2880.44513771521,839.191570547553,0,0,0,216,0,0,0
33,20,6,2950.96890828801,941.341793863978,0,0,0,108,0,0,0
33,20,7,21071.9517951995,5948.73744140831,79,0,0,197,0,0,0
33,20,8,0,6,0,0,0,0,0,0,0
33,21,1,2819.63709952001,1252.83710301841,0,50,0,48,0,0,0
33,21,2,2857.98468567042,391.712589838366,0,89,0,71,0,0,0
33,21,3,2877.49527160834,1119.21543062667,0,87,0,80,0,0,0
33,21,4,2790.66396477441,750.211817590453,0,69,0,68,0,0,0
33,21,5,2863.94214881281,1329.15084718579,0,39,0,44,0,0,0
33,21,6,2945.67847628801,1334.96939869163,0,41,0,53,0,0,0
33,21,7,21100.1705471994,6161.92588693304,3,216,0,246,0,0,0
33,21,8,0,6,0,0,0,0,0,0,0
33,22,1,2827.95595008001,1529.31403866905,0,0,0,125,0,0,0
33,22,2,2849.53611866114,667.663065826511,0,0,0,39,0,0,0
33,22,3,2882.02413944834,1210.22178619503,0,0,0,111,0,0,0
33,22,4,2785.26032957441,1069.55463325417,0,0,0,75,0,0,0
33,22,5,2876.69307617281,1466.26221049242,0,0,0,132,0,0,0
33,22,6,2962.35649228801,1649.17330916917,0,0,0,133,0,0,0
33,22,7,21129.3334911994,12659.1448644493,30,0,0,190,0,0,0
33,22,8,0,6,0,0,0,0,0,0,0
33,23,1,2845.37051392002,1536.39433361114,0,0,0,152,0,0,0
33,23,2,2846.69871706114,915.729344682697,0,0,0,66,0,0,0
33,23,3,2892.93600716802,1069.1781651181,0,0,0,121,0,0,0
33,23,4,2786.60548966401,1138.53359860258,0,0,0,106,0,0,0
33,23,5,2896.96497930241,919.536868897667,0,0,0,146,0,0,0
33,23,6,2994.53731481601,1334.49960140761,0,0,0,164,0,0,0
33,23,7,21189.4187519994,8935.085106569,25,0,0,290,0,0,0
33,23,8,0,6,0,0,0,0,0,0,0
33,24,1,2860.65500928002,1096.61313982399,0,0,0,153,0,0,0
33,24,2,2843.04926797826,1150.65924165558,0,0,0,91,0,0,0
33,24,3,2895.86907599751,973.248995945144,0,0,0,106,0,0,0
33,24,4,2792.32882823907,1372.29900254489,0,0,0,113,0,0,0
33,24,5,2901.89775040513,1203.27553433113,0,0,0,91,0,0,0
33,24,6,3015.11732776961,2142.14645782586,0,0,0,133,0,0,0
33,24,7,21232.7996287993,8280.93805470786,66,0,0,228,0,0,0
33,24,8,0,6,0,0,0,0,0,0,0
33,25,1,2864.17746739202,1102.04370976875,0,0,0,109,0,0,0
33,25,2,2842.43640653826,1758.43575598189,0,0,0,115,0,0,0
33,25,3,2893.47581214574,1833.7471960744,0,0,0,97,0,0,0
33,25,4,2802.38870407907,909.375468584529,0,0,0,137,0,0,0
33,25,5,2914.35009646184,703.429274943386,0,0,0,120,0,0,0
33,25,6,3036.52229672961,1122.67465130485,32,0,0,134,0,0,0
33,25,7,21273.1831039993,7891.08619825339,214,0,0,246,0,0,4
33,25,8,0,6,0,0,0,0,0,0,0
33,26,1,2870.57871718402,1166.5461187526,0,0,0,110,0,0,0
33,26,2,2851.15574705768,1360.50282340935,14,0,0,150,0,0,0
33,26,3,2902.29504583534,575.434145512212,20,0,0,147,0,0,0
33,26,4,2804.68450951907,1009.67065961739,0,0,0,90,0,0,0
33,26,5,2911.70075919976,985.017306655762,0,0,0,70,0,0,0
33,26,6,3058.73245429761,2111.6513365549,0,0,0,112,0,0,0
33,26,7,21320.7289062393,8589.98937386263,211,2,0,207,0,0,0
33,26,8,0,6,0,0,0,0,0,0,0
33,27,1,2879.19538391042,1245.36195222126,0,0,0,116,0,0,0
33,27,2,2862.22279153666,1369.32579781208,0,0,0,136,0,0,0
33,27,3,2886.8784021937,931.933265477292,0,0,0,57,0,0,0
33,27,4,2806.29474951907,1817.40890181242,0,0,0,100,0,0,0
33,27,5,2924.75925120124,784.974874349552,0,0,0,98,0,0,0
33,27,6,3097.9047678976,2282.56787953268,7,0,0,173,0,0,0
33,27,7,21373.0521415673,11428.3338536317,121,0,0,195,0,0,2
33,27,8,0,6,0,0,0,0,0,0,0
33,28,1,2874.29181685762,1790.7843852134,0,0,0,124,0,0,0
33,28,2,2862.31745572866,1845.61783154686,0,0,0,136,0,0,0
33,28,3,2879.04845381456,668.552256077404,0,0,0,93,0,0,0
33,28,4,2818.87528133347,1042.42823773883,0,0,0,181,0,0,0
33,28,5,2926.14945664124,643.728708932818,0,0,0,78,0,0,0
33,28,6,3129.69613279232,2009.0288472957,3,0,0,185,0,0,0
33,28,7,21428.9730145272,6111.02132099783,60,0,0,262,0,0,2
33,28,8,0,6,0,0,0,0,0,0,0
33,29,1,2882.15494696962,1798.8109110196,0,9,0,159,0,0,0
33,29,2,2859.01601715325,1645.60104568459,0,15,0,151,0,0,0
33,29,3,2862.74019347977,494.308197008989,0,0,0,66,0,0,0
33,29,4,2815.14486246115,832.562460805358,0,0,0,104,0,0,0
33,29,5,2916.49341793404,980.46895013615,0,0,0,64,0,0,0
33,29,6,3153.83612260353,1434.36308288481,0,24,0,147,0,0,0
33,29,7,21462.1050465271,3084.45580338496,0,180,0,213,0,0,0
33,29,8,0,6,0,0,0,0,0,0,0
33,30,1,2886.50873221122,1132.88048532278,10,0,0,158,0,0,0
33,30,2,2856.60254442211,679.636360383533,9,0,0,145,0,0,0
33,30,3,2836.62920347225,1003.35082186102,0,0,0,49,0,0,0
33,30,4,2801.59732146915,1014.31636664712,0,0,0,83,0,0,0
33,30,5,2915.85905607804,1511.09904428539,0,0,0,98,0,0,0
33,30,6,3172.56395364353,710.050415450393,0,0,0,143,0,0,0
33,30,7,21481.8317153271,7705.55973069638,73,0,0,161,0,0,0
33,30,8,0,6,0,0,0,0,0,0,0
33,31,1,2883.14935541762,1618.46227922056,0,0,0,113,0,0,0
33,31,2,2832.05703607011,685.956591203229,0,0,0,67,0,0,0
33,31,3,2816.91054921305,1093.97543876018,0,0,0,100,0,0,0
33,31,4,2787.82038709372,851.716250727557,0,0,0,101,0,0,0
33,31,5,2923.02892958844,1034.26518557008,0,0,0,151,0,0,0
33,31,6,3177.38900140442,737.43637211083,0,0,0,71,0,0,0
33,31,7,21512.9268474872,13547.4412138523,0,35,0,244,0,0,0
33,31,8,0,6,0,0,0,0,0,0,0
33,32,1,2895.08498898946,683.508311127661,0,0,0,161,0,0,0
33,32,2,2811.84318327523,1374.69867527989,0,0,0,68,0,0,0
33,32,3,2804.76869391878,951.156025244876,0,0,0,109,0,0,0
33,32,4,2776.67205342332,849.191081445189,0,0,0,85,0,0,0
33,32,5,2927.79179934336,858.317847430623,0,0,0,103,0,0,0
33,32,6,3180.54669228442,1153.27993720301,0,0,0,73,0,0,0
33,32,7,21541.4484116471,7365.60749448148,0,123,0,192,0,0,0
33,32,8,0,6,0,0,0,0,0,0,0
33,33,1,2882.76417726465,876.738088207476,0,0,0,68,0,0,0
33,33,2,2803.26284868322,866.704207605935,0,0,0,137,0,0,0
33,33,3,2788.98762935749,821.312005791244,0,0,0,95,0,0,0
33,33,4,2757.06757178492,687.405430976299,0,0,0,84,0,0,0
33,33,5,2924.787853728,902.211218917176,0,0,0,85,0,0,0
33,33,6,3191.18587224884,1678.85651292429,0,0,0,115,0,0,0
33,33,7,21568.2732538871,9422.74246974659,0,189,0,172,0,0,4
33,33,8,0,6,0,0,0,0,0,0,0
33,34,1,2853.47432228865,1024.87223349638,0,84,0,3,0,0,0
33,34,2,2777.02854488802,1574.44699248037,0,37,0,49,0,0,0
33,34,3,2761.49730958789,1297.34934427607,0,28,0,54,0,0,0
33,34,4,2732.71228947581,1027.76377439504,0,33,0,35,0,0,0
33,34,5,2910.3242210368,815.811544675639,0,45,0,45,0,0,0
33,34,6,3194.93645390644,1284.01856252891,0,82,0,85,0,0,0
33,34,7,21608.6201471991,8221.59363821,6,200,0,193,0,0,3
33,34,8,0,6,0,0,0,0,0,0,0
33,35,1,2861.35754088039,1234.63060575897,0,0,0,102,0,0,0
33,35,2,2788.3434049405,1141.85493254729,0,0,0,157,0,0,0
33,35,3,2765.57186073955,1307.62437187954,0,0,0,129,0,0,0
33,35,4,2728.74879781783,908.585643469515,0,0,0,102,0,0,0
33,35,5,2910.32126664935,1854.39190068787,0,0,0,81,0,0,0
33,35,6,3225.91645434676,1157.63575753506,0,0,0,128,0,0,0
33,35,7,21681.8551710711,4559.81053262357,24,0,0,274,0,0,0
33,35,8,0,6,0,0,0,0,0,0,0
33,36,1,2865.75421912679,823.905294965587,0,0,0,123,0,0,0
33,36,2,2783.8513738621,1351.05640241983,0,0,0,114,0,0,0
33,36,3,2757.53192035273,1027.81249631343,16,0,0,108,0,0,0
33,36,4,2720.17136474621,1858.11890387017,0,0,0,90,0,0,0
33,36,5,2923.77543900104,1373.82651787211,21,0,0,156,0,0,0
33,36,6,3239.18094226228,1193.61235222043,3,0,0,111,0,0,0
33,36,7,21708.0639518711,7502.41726134574,183,0,0,193,0,0,1
33,36,8,0,6,0,0,0,0,0,0,0
33,37,1,2862.04310304359,967.163221105525,0,0,0,82,0,0,0
33,37,2,2783.97568142607,1671.65283661117,0,0,0,135,0,0,0
33,37,3,2758.90118570953,1088.91647305198,0,0,0,102,0,0,0
33,37,4,2738.46755467773,520.863009573716,0,0,0,185,0,0,0
33,37,5,2934.42440852834,828.612643246479,0,0,0,137,0,0,0
33,37,6,3261.57731679766,2034.97962603096,0,0,0,119,0,0,0
33,37,7,21744.7929758711,10889.3241536616,48,0,0,178,0,0,0
33,37,8,0,6,0,0,0,0,0,0,0
33,38,1,2853.42447943271,646.980884605901,0,0,0,96,0,0,0
33,38,2,2793.85173433615,1423.31028755107,0,0,0,167,0,0,0
33,38,3,2749.55436395137,1526.31874922487,0,0,0,108,0,0,0
33,38,4,2721.68594123261,680.668629322476,0,0,0,52,0,0,0
33,38,5,2929.45613782517,1122.32193262295,0,0,0,82,0,0,0
33,38,6,3304.1784383185,831.364151635701,0,0,0,185,0,0,0
33,38,7,21791.065851391,10755.7692149005,37,0,0,194,0,0,0
33,38,8,0,6,0,0,0,0,0,0,0
33,39,1,2842.00844852839,898.617934462167,0,0,0,64,0,0,0
33,39,2,2792.87769700267,921.697526213942,0,0,0,142,0,0,0
33,39,3,2757.68758830913,900.154515168123,0,0,0,152,0,0,0
33,39,4,2708.60226087421,741.577811590859,0,0,0,68,0,0,0
33,39,5,2925.81654041082,813.883159785257,0,0,0,112,0,0,0
33,39,6,3309.82640788522,1527.73963745452,0,0,0,83,0,0,0
33,39,7,21825.793559551,10787.7841868368,0,52,0,186,0,0,0
33,39,8,0,6,0,0,0,0,0,0,0
33,40,1,2818.86942106092,1377.77174040993,0,70,0,19,0,0,0
33,40,2,2768.01025080358,1190.02800069907,0,48,0,44,0,0,0
33,40,3,2727.08614731584,654.420954243854,0,46,0,44,0,0,0
33,40,4,2692.47586580579,1475.69740234918,0,32,0,42,0,0,0
33,40,5,2909.71293519968,1039.39715903562,0,40,0,41,0,0,0
33,40,6,3313.9537940177,1672.30547298391,0,56,0,96,0,0,0
33,40,7,21878.6878094326,9644.51012791875,5,267,0,240,0,0,0
33,40,8,0,6,0,0,0,0,0,0,0
33,41,1,2837.95181299303,1729.10802944957,0,0,0,137,0,0,0
33,41,2,2774.6602930315,1117.91170612865,0,0,0,119,0,0,0
33,41,3,2721.28327683904,1234.29021528144,0,0,0,65,0,0,0
33,41,4,2705.72350257661,401.281835384969,0,0,0,147,0,0,0
33,41,5,2922.33191080032,889.598823058633,0,0,0,103,0,0,0
33,41,6,3351.40644507338,1292.54640700805,0,0,0,167,0,0,0
33,41,7,21939.052965375,9400.41334089326,28,0,0,207,0,0,0
33,41,8,0,6,0,0,0,0,0,0,0
33,42,1,2865.72200873984,1070.6877391138,0,0,0,172,0,0,0
33,42,2,2775.65573471385,1019.25623535004,0,0,0,111,0,0,0
33,42,3,2726.21066154939,803.766465553587,0,0,0,123,0,0,0
33,42,4,2690.42754516435,1299.63797492934,0,0,0,40,0,0,0
33,42,5,2932.77293300633,1193.6474203714,0,0,0,88,0,0,0
33,42,6,3384.0727873505,1421.75865904815,0,0,0,129,0,0,0
33,42,7,21997.0124481116,9078.40406320277,27,0,0,204,0,0,0
33,42,8,0,6,0,0,0,0,0,0,0
33,43,1,2875.28172357878,1136.06782048957,0,0,0,107,0,0,0
33,43,2,2783.19475774298,886.585439918556,0,0,0,101,0,0,0
33,43,3,2720.32632217474,924.847757727895,0,0,0,80,0,0,0
33,43,4,2702.51986679965,1290.61652211174,0,0,0,129,0,0,0
33,43,5,2947.68979504435,776.600685756387,0,0,0,119,0,0,0
33,43,6,3419.14558166258,2045.94031080181,0,0,0,142,0,0,0
33,43,7,22075.8542054307,12771.9722447053,23,0,0,245,0,0,0
33,43,8,0,6,0,0,0,0,0,0,0
33,44,1,2883.87812327736,1759.69320092666,0,0,0,113,0,0,0
33,44,2,2774.66295295629,406.230176788243,0,0,0,88,0,0,0
33,44,3,2712.40779418555,1106.25028166344,0,0,0,92,0,0,0
33,44,4,2706.29484452914,927.704905332666,0,0,0,129,0,0,0
33,44,5,2948.48558536314,1255.17231862662,0,0,0,77,0,0,0
33,44,6,3452.48402841965,1501.06775786435,0,0,0,192,0,0,0
33,44,7,22117.3683400611,7545.59679113815,25,0,0,258,0,0,0
33,44,8,0,6,0,0,0,0,0,0,0
33,45,1,2905.14786857694,737.022181078295,0,0,0,175,0,0,0
33,45,2,2762.767109616,1380.74626334083,0,0,0,40,0,0,0
33,45,3,2704.18602762863,993.03449160391,0,0,0,110,0,0,0
33,45,4,2702.57409600562,641.777562165988,0,0,0,92,0,0,0
33,45,5,2955.4204451629,1933.65841480679,0,0,0,125,0,0,0
33,45,6,3474.84692271469,1191.20433003399,0,0,0,150,0,0,0
33,45,7,22136.067848797,10374.9603800268,43,0,0,180,0,0,3
33,45,8,0,6,0,0,0,0,0,0,0
33,46,1,2900.83622426755,1136.14056133641,0,0,0,73,0,0,0
33,46,2,2776.33106836343,1723.61165163694,0,0,0,138,0,0,0
33,46,3,2706.77941110719,768.495623292507,0,0,0,99,0,0,0
33,46,4,2681.57773824684,1365.44616228829,0,0,0,64,0,0,0
33,46,5,2999.6098263123,1948.38596653307,0,0,0,183,0,0,0
33,46,6,3498.62936898589,785.577752645186,0,0,0,119,0,0,0
33,46,7,22163.8515583701,13137.6839590571,0,44,0,194,0,0,0
33,46,8,0,6,0,0,0,0,0,0,0
33,47,1,2903.87049116025,871.563757206912,0,0,0,113,0,0,0
33,47,2,2788.35498600221,1834.24497207152,0,0,0,172,0,0,0
33,47,3,2695.09696885359,1177.46328046353,0,0,0,76,0,0,0
33,47,4,2694.40521606295,1720.42263595357,0,0,0,136,0,0,0
33,47,5,3013.30256168036,1384.36850266414,0,12,0,136,0,0,0
33,47,6,3496.45243427869,1688.28359203047,0,0,0,78,0,0,0
33,47,7,22195.9613128814,9902.86793700649,0,204,0,192,0,0,2
33,47,8,0,6,0,0,0,0,0,0,0
33,48,1,2903.78060036568,1554.28415390938,0,0,0,87,0,0,0
33,48,2,2818.83272105677,885.538693615902,0,0,0,183,0,0,0
33,48,3,2705.67450375668,1016.10850956897,0,0,0,117,0,0,0
33,48,4,2720.85077240114,1155.47060800571,0,0,0,172,0,0,0
33,48,5,3032.38321199986,1217.65194106035,0,0,0,138,0,0,0
33,48,6,3547.08354229053,2027.5877864288,0,0,0,168,0,0,0
33,48,7,22273.9926807859,10054.2929770075,30,0,0,205,0,0,0
33,48,8,0,6,0,0,0,0,0,0,0
33,49,1,2930.94954213994,808.797015749081,0,0,0,155,0,0,0
33,49,2,2819.82161959568,1258.14474045701,0,0,0,88,0,0,0
33,49,3,2708.34328524892,1545.61864215696,0,0,0,101,0,0,0
33,49,4,2727.53766014379,937.260942776529,0,0,0,115,0,0,0
33,49,5,3048.36378411977,1050.70265896512,0,0,0,121,0,0,0
33,49,6,3606.96385508261,1536.150485925,0,1,0,182,0,0,0
33,49,7,22355.9743937006,8218.91108835256,1,45,0,216,0,0,0
33,49,8,0,6,0,0,0,0,0,0,0
33,50,1,2932.10380150747,1353.2247286066,0,0,0,80,0,0,0
33,50,2,2811.05296078732,1097.65010506502,0,0,0,125,0,0,0
33,50,3,2708.9066332848,703.451933898736,0,0,0,154,0,0,0
33,50,4,2724.8346810341,1608.89455635244,0,0,0,93,0,0,0
33,50,5,3048.38463588931,1080.43112165456,0,0,0,105,0,0,0
33,50,6,3634.70212184243,1946.60999425609,0,0,0,153,0,0,0
33,50,7,22382.7099722017,5763.0712957944,0,165,0,185,0,0,2
33,50,8,0,6,0,0,0,0,0,0,0
33,51,1,2938.91455820223,804.543521622735,0,0,0,135,0,0,0
33,51,2,2805.95831598758,856.576543190459,0,0,0,109,0,0,0
33,51,3,2695.80379457203,1342.40960203178,0,0,0,70,0,0,0
33,51,4,2728.38280767955,1487.86694551681,0,0,0,160,0,0,0
33,51,5,3046.21737313787,1752.80862101517,0,0,0,108,0,0,0
33,51,6,3659.34516359265,1621.17752565211,2,0,0,166,0,0,0
33,51,7,22423.7606422141,6695.45268627874,32,0,0,192,0,0,0
33,51,8,0,6,0,0,0,0,0,0,0
33,52,1,2937.99986504028,661.152039496504,0,0,0,80,0,0,0
33,52,2,2801.36801722878,1809.12225846075,0,0,0,85,0,0,0
33,52,3,2694.83653724939,1434.90163349549,0,0,0,134,0,0,0
33,52,4,2743.16922277484,924.648582934586,0,0,0,148,0,0,0
33,52,5,3061.13640970995,2121.75198329943,0,0,0,169,0,0,0
33,52,6,3691.4377122013,2138.2500064888,0,0,0,162,0,0,0
33,52,7,22462.5427676805,9112.69677421667,0,69,0,184,0,0,0
33,52,8,0,6,0,0,0,0,0,0,0
33,53,1,2917.71351462766,890.443326063049,0,0,0,66,0,0,0
33,53,2,2804.39545891774,1430.94111002858,0,11,0,156,0,0,0
33,53,3,2705.81601098171,1308.04976013242,0,1,0,141,0,0,0
33,53,4,2735.19303496324,1066.09780715236,0,0,0,92,0,0,0
33,53,5,3080.70097797911,1303.84789495013,0,33,0,146,0,0,0
33,53,6,3728.98701776481,2171.31871640975,0,30,0,153,0,0,0
33,53,7,22561.424470563,9023.90144396073,1,239,0,294,0,0,0
33,53,8,0,6,0,0,0,0,0,0,0
33,54,1,2914.76485007222,1487.51821115991,0,0,0,89,0,0,0
33,54,2,2817.88889659469,1799.09984077301,0,0,0,143,0,0,0
33,54,3,2711.61523384405,919.080258683823,0,0,0,130,0,0,0
33,54,4,2749.89824356068,852.403607602704,0,0,0,106,0,0,0
33,54,5,3103.05889861408,1771.44148863467,0,0,0,130,0,0,0
33,54,6,3800.36455134207,1497.15497079121,0,0,0,193,0,0,0
33,54,7,22647.7502360146,12513.7040644984,29,0,0,200,0,0,0
33,54,8,0,6,0,0,0,0,0,0,0
33,55,1,2921.67655565174,866.380699460958,0,0,0,148,0,0,0
33,55,2,2827.376297643,987.113106065708,0,0,0,179,0,0,0
33,55,3,2700.85071969789,901.525787656196,0,0,0,91,0,0,0
33,55,4,2741.66980758679,945.821458225394,0,0,0,85,0,0,0
33,55,5,3119.60215595528,835.094852437958,0,0,0,175,0,0,0
33,55,6,3826.51988938226,1070.96907760925,0,0,0,149,0,0,0
33,55,7,22696.0635281552,5035.55360703672,23,0,0,252,0,0,0
33,55,8,0,6,0,0,0,0,0,0,0
33,56,1,2898.14610048693,1861.86064307584,0,47,0,39,0,0,0
33,56,2,2808.39621193414,1902.23808444534,0,51,0,47,0,0,0
33,56,3,2680.56304887919,1131.47826215749,0,40,0,50,0,0,0
33,56,4,2727.63583126804,1453.94478420301,0,41,0,53,0,0,0
33,56,5,3101.1807050222,535.614319773534,0,44,0,39,0,0,0
33,56,6,3825.19412329774,1788.98265590942,0,50,0,57,0,0,0
33,56,7,22714.375653142,5937.00480212736,3,182,0,176,0,0,0
33,56,8,0,6,0,0,0,0,0,0,0
33,57,1,2922.12448570012,1404.76101611479,0,0,0,186,0,0,0
33,57,2,2830.82474653222,1049.50687675135,0,0,0,190,0,0,0
33,57,3,2686.55435560401,1303.05905877988,0,0,0,113,0,0,0
33,57,4,2735.70272355883,758.35711559125,0,0,0,145,0,0,0
33,57,5,3094.44845460447,1225.56063436537,0,0,0,53,0,0,0
33,57,6,3868.82237816568,2474.32743369068,0,0,0,178,0,0,0
33,57,7,22763.5720739793,9141.71042742326,28,0,0,195,0,0,0
33,57,8,0,6,0,0,0,0,0,0,0
33,58,1,2942.74975893884,699.270594674203,0,0,0,140,0,0,0
33,58,2,2847.36065227089,1484.91826391716,0,0,0,104,0,0,0
33,58,3,2701.90821498443,1183.44500006987,0,0,0,130,0,0,0
33,58,4,2736.16652676983,943.984867354126,0,0,0,75,0,0,0
33,58,5,3135.04761698227,611.78458798974,0,0,0,122,0,0,0
33,58,6,3963.35216506461,1010.15092225313,1,0,0,209,0,0,0
33,58,7,22864.298328907,5577.23759315887,28,0,0,223,0,0,0
33,58,8,0,6,0,0,0,0,0,0,0
33,59,1,2934.42990474742,1683.73293185828,1,0,0,68,0,0,0
33,59,2,2847.72139052824,858.119184166568,0,0,0,148,0,0,0
33,59,3,2703.0341048874,902.248892692756,0,0,0,118,0,0,0
33,59,4,2732.78496408125,1254.26332946241,0,0,0,94,0,0,0
33,59,5,3131.88387637184,805.201437190172,0,0,0,61,0,0,0
33,59,6,3977.83249236022,2111.43331829285,0,0,0,101,0,0,0
33,59,7,22889.1231478817,14026.0904795174,154,2,0,152,0,0,2
33,59,8,0,6,0,0,0,0,0,0,0
33,60,1,2948.14983265045,1414.626612686,0,0,0,168,0,0,0
33,60,2,2837.59496337502,1242.58307462378,0,0,0,85,0,0,0
33,60,3,2692.00222124939,766.279077186403,0,0,0,90,0,0,0
33,60,4,2730.25333245047,1621.47962496415,0,0,0,125,0,0,0
33,60,5,3124.5259900975,1480.41416349643,0,0,0,80,0,0,0
33,60,6,4026.04137427385,699.65494837168,0,0,0,211,0,0,0
33,60,7,22925.5226118996,5843.73270827875,41,0,0,222,0,0,0
33,60,8,0,6,0,0,0,0,0,0,0
33,61,1,2958.81875771491,1785.11984969664,2,0,0,136,0,0,0
33,61,2,2837.44568113338,1562.41292739304,0,0,0,124,0,0,0
33,61,3,2674.09803538931,1236.19655336502,0,0,0,76,0,0,0
33,61,4,2746.98787148371,641.142847746357,0,0,0,162,0,0,0
33,61,5,3137.40822730139,1380.8439164859,0,0,0,148,0,0,0
33,61,6,4027.54566466917,1535.74468603512,0,0,0,69,0,0,0
33,61,7,22960.169606946,9197.80403899532,178,0,0,169,0,0,2
33,61,8,0,6,0,0,0,0,0,0,0
33,62,1,2975.40246520083,1028.64521313532,0,0,0,178,0,0,0
33,62,2,2844.81294771617,1418.32954771414,0,0,0,156,0,0,0
33,62,3,2667.29899495152,1217.97487312157,0,0,0,123,0,0,0
33,62,4,2731.33675249405,795.027264765955,0,0,0,64,0,0,0
33,62,5,3142.66874975325,465.654882649493,0,0,0,138,0,0,0
33,62,6,4060.51269516907,1380.70366766513,0,0,0,153,0,0,0
33,62,7,23007.3038908244,5738.30300693034,0,37,0,212,0,0,0
33,62,8,0,6,0,0,0,0,0,0,0
33,63,1,2971.71062909437,1357.94565318722,0,4,0,98,0,0,0
33,63,2,2834.88973315968,1682.3800179227,0,29,0,107,0,0,0
33,63,3,2657.93829855261,845.911570156367,0,7,0,113,0,0,0
33,63,4,2715.92426669841,1559.37709657671,0,1,0,78,0,0,0
33,63,5,3120.83861301342,596.666606366127,0,0,0,46,0,0,0
33,63,6,4077.75243588834,1010.73011612421,0,13,0,122,0,0,0
33,63,7,23064.1848945901,9922.19089611181,0,250,0,250,0,0,0
33,63,8,0,6,0,0,0,0,0,0,0
33,64,1,2986.1785258961,930.548632229583,0,0,0,135,0,0,0
33,64,2,2846.11868732447,1304.47660725922,0,0,0,168,0,0,0
33,64,3,2646.99189968355,764.525489927953,0,0,0,84,0,0,0
33,64,4,2740.57682622778,1223.74444717683,0,0,0,155,0,0,0
33,64,5,3102.93705610455,1776.11608967906,0,0,0,59,0,0,0
33,64,6,4107.60208518429,1271.1258935293,0,0,0,101,0,0,0
33,64,7,23149.3347264938,8793.48686351281,20,4,0,214,0,0,0
33,64,8,0,6,0,0,0,0,0,0,0
33,65,1,2970.94681654366,1269.29278521214,0,41,0,52,0,0,0
33,65,2,2835.53339204545,879.35825840279,0,48,0,82,0,0,0
33,65,3,2620.21505974427,1242.19737161108,0,48,0,28,0,0,0
33,65,4,2719.45153115962,1323.5600692836,0,57,0,65,0,0,0
33,65,5,3095.85814905042,1696.66462798574,0,88,0,89,0,0,0
33,65,6,4111.75235029522,1738.36446688275,0,64,0,63,0,0,0
33,65,7,23221.7004076048,9444.68957190167,5,211,0,282,0,0,2
33,65,8,0,6,0,0,0,0,0,0,0
33,66,1,2986.03735596161,738.932604624749,0,0,0,126,0,0,0
33,66,2,2842.47672763949,926.632607283312,0,0,0,87,0,0,0
33,66,3,2628.93044264623,1405.21887662025,0,0,0,124,0,0,0
33,66,4,2731.92475620386,1006.494684658,0,0,0,132,0,0,0
33,66,5,3128.42248780691,1024.172351942,0,0,0,169,0,0,0
33,66,6,4172.99644514765,1369.95467403229,0,0,0,173,0,0,0
33,66,7,23296.6110652778,10208.6683968684,27,0,0,210,0,0,0
33,66,8,0,6,0,0,0,0,0,0,0
33,67,1,2990.27891964095,1431.56863852413,0,0,0,73,0,0,0
33,67,2,2852.69546903863,562.078138243238,0,0,0,92,0,0,0
33,67,3,2651.7601181946,1032.14855088002,0,0,0,140,0,0,0
33,67,4,2750.31023925034,1611.46269716515,0,0,0,100,0,0,0
33,67,5,3156.55487165219,411.672559154316,0,0,0,102,0,0,0
33,67,6,4232.68081697976,1320.12796433367,0,0,0,136,0,0,0
33,67,7,23403.7238091006,5942.74925502303,23,0,0,226,0,0,0
33,67,8,0,6,0,0,0,0,0,0,0
33,68,1,3016.21318022372,804.657857717197,0,0,0,143,0,0,0
33,68,2,2841.90718091047,861.707676137695,0,0,0,56,0,0,0
33,68,3,2661.92308577648,434.503078442736,0,0,0,103,0,0,0
33,68,4,2780.80937942941,1844.22865189974,7,0,0,142,0,0,0
33,68,5,3149.78673208906,1598.97407785965,0,0,0,41,0,0,0
33,68,6,4275.8277835593,1236.94994142123,0,0,0,132,0,0,0
33,68,7,23465.0571412611,3495.95995139434,146,0,0,191,0,0,4
33,68,8,0,6,0,0,0,0,0,0,0
33,69,1,3007.96405495863,1352.12648297053,0,0,0,80,0,0,0
33,69,2,2832.11560620804,1309.86142273822,0,0,0,86,0,0,0
33,69,3,2650.56573171274,2048.72377132958,0,0,0,43,0,0,0
33,69,4,2786.08586224506,892.760796067592,26,0,0,145,0,0,0
33,69,5,3168.34309791057,754.411614338878,13,0,0,140,0,0,0
33,69,6,4301.40598920946,1989.35958295532,5,0,0,116,0,0,0
33,69,7,23494.8076564611,8640.08627901222,124,0,0,163,0,0,0
33,69,8,0,6,0,0,0,0,0,0,0
33,70,1,3034.60705252991,615.315440511226,0,0,0,135,0,0,0
33,70,2,2866.6634002288,1229.36157796654,0,0,0,130,0,0,0
33,70,3,2699.64365501193,1236.7280384613,0,0,0,204,0,0,0
33,70,4,2793.74198174981,1293.12122149358,0,0,0,89,0,0,0
33,70,5,3181.06648391921,2050.54908166071,0,0,0,75,0,0,0
33,70,6,4406.80064062307,1517.75388552141,0,0,0,182,0,0,0
33,70,7,23601.0066742548,8491.4850921078,30,0,0,202,0,0,1
33,70,8,0,6,0,0,0,0,0,0,0
33,71,1,3037.89374866395,1630.39140922306,0,0,0,61,0,0,0
33,71,2,2894.52773378871,1044.74982588595,0,0,0,122,0,0,0
33,71,3,2729.19751861695,1391.71658470035,0,0,0,123,0,0,0
33,71,4,2805.52174758819,1254.01807636073,0,0,0,129,0,0,0
33,71,5,3277.61675236762,723.871012619359,0,0,0,201,0,0,0
33,71,6,4510.34533879762,1696.3152105807,0,0,0,151,0,0,0
33,71,7,23746.9815373871,10009.5628233425,26,0,0,271,0,0,0
33,71,8,0,6,0,0,0,0,0,0,0
33,72,1,3055.58458960352,969.8026495525,0,0,0,163,0,0,0
33,72,2,2910.78817641827,151.943021880619,0,0,0,104,0,0,0
33,72,3,2748.81943884897,1521.03948368333,0,0,0,139,0,0,0
33,72,4,2825.57492826134,1160.9377718665,0,0,0,125,0,0,0
33,72,5,3282.05620718769,2009.30630574151,0,0,0,72,0,0,0
33,72,6,4596.8822366289,1835.83967550428,0,0,0,169,0,0,0
33,72,7,23866.2505588524,3810.5975257335,24,0,0,257,0,0,0
33,72,8,0,6,0,0,0,0,0,0,0
33,73,1,3047.67374403974,1451.26657524037,0,39,0,57,0,0,0
33,73,2,2884.28882412787,954.107866639292,0,12,0,3,0,0,0
33,73,3,2729.21986099024,696.17636826026,0,66,0,86,0,0,0
33,73,4,2815.46763534488,718.933920112907,0,52,0,64,0,0,0
33,73,5,3273.198729407,1302.50165521438,0,105,0,95,0,0,0
33,73,6,4607.84630513901,1729.30188833124,0,82,0,101,0,0,0
33,73,7,23874.6640726377,8508.60074120004,0,212,0,169,0,0,0
33,73,8,0,6,0,0,0,0,0,0,0
33,74,1,3070.11191561797,1879.64438864436,0,0,0,145,0,0,0
33,74,2,2891.07901299429,820.069184087462,0,0,0,95,0,0,0
33,74,3,2735.91214523568,878.572116047076,0,0,0,69,0,0,0
33,74,4,2824.41997646481,1003.42610962716,0,0,0,71,0,0,0
33,74,5,3320.51042928895,880.189324005358,0,0,0,130,0,0,0
33,74,6,4706.04890526774,1503.72873963585,0,0,0,172,0,0,0
33,74,7,24008.9191394702,10267.9097480212,25,0,0,223,0,0,0
33,74,8,0,6,0,0,0,0,0,0,0
33,75,1,3116.66966938381,2032.80378103253,0,0,0,180,0,0,0
33,75,2,2913.84603785692,1285.92169234145,0,0,0,82,0,0,0
33,75,3,2743.27540350264,983.438386663675,0,0,0,87,0,0,0
33,75,4,2852.23347346965,1653.6736952122,0,0,0,100,0,0,0
33,75,5,3351.49751008697,1014.53348761128,0,0,0,88,0,0,0
33,75,6,4801.59780000002,1487.84818241908,0,0,0,150,0,0,0
33,75,7,24136.1934946421,10467.1705530193,18,0,0,200,0,0,0
33,75,8,0,6,0,0,0,0,0,0,0
33,76,1,3171.57446828598,865.663896039759,0,0,0,203,0,0,0
33,76,2,2943.08678069826,1514.14133057821,0,0,0,128,0,0,0
33,76,3,2753.76637201437,749.984951217383,0,0,0,98,0,0,0
33,76,4,2901.37101054299,1130.0715145524,0,0,0,165,0,0,0
33,76,5,3382.31697272605,2332.70943879482,0,0,0,101,0,0,0
33,76,6,4890.22798933345,2069.16273652271,0,0,0,148,0,0,0
33,76,7,24271.2860708949,3873.897107607,24,0,0,237,0,0,0
33,76,8,0,6,0,0,0,0,0,0,0
33,77,1,3172.38214056653,1133.53707153448,0,0,0,86,0,0,0
33,77,2,2956.64185220607,1045.15182044972,3,0,0,145,0,0,0
33,77,3,2736.73590434765,1329.95737959531,0,0,0,74,0,0,0
33,77,4,2904.90189862233,1432.23199974303,0,0,0,113,0,0,0
33,77,5,3429.61021823919,2201.77511433849,43,0,0,151,0,0,0
33,77,6,4935.20819773443,1784.15481154238,31,0,0,146,0,0,1
33,77,7,24304.4646544648,11774.6162769076,110,0,0,178,0,0,0
33,77,8,0,6,0,0,0,0,0,0,0
33,78,1,3183.64961368725,879.85059983373,0,0,0,113,0,0,0
33,78,2,2954.97809309258,1555.39031531012,0,0,0,104,0,0,0
33,78,3,2748.87503992645,692.402554315815,0,0,0,132,0,0,0
33,78,4,2918.91609674059,1280.04541018821,0,0,0,143,0,0,0
33,78,5,3475.88904364209,1641.36011136338,0,0,0,220,0,0,0
33,78,6,5004.56143015577,1444.0116741362,0,0,0,178,0,0,0
33,78,7,24351.9428657012,13416.3979696221,34,0,0,195,0,0,0
33,78,8,0,6,0,0,0,0,0,0,0
33,79,1,3177.60749020084,1549.6375286623,0,0,0,87,0,0,0
33,79,2,2960.87357752706,1274.40165938271,0,0,0,155,0,0,0
33,79,3,2734.67255351513,873.891695578492,0,0,0,69,0,0,0
33,79,4,2932.34955930671,655.23423338047,0,0,0,128,0,0,0
33,79,5,3508.38709547394,1797.59809587512,0,0,0,164,0,0,0
33,79,6,5054.46347673511,319.450414331344,0,0,0,144,0,0,0
33,79,7,24383.7935767151,9065.2632947408,32,0,0,187,0,0,0
33,79,8,0,6,0,0,0,0,0,0,0
33,80,1,3218.88524002038,1911.1291806621,0,0,0,153,0,0,0
33,80,2,2978.64108159691,2187.25144928633,0,0,0,127,0,0,0
33,80,3,2746.94710673312,1032.1028711638,0,0,0,87,0,0,0
33,80,4,2950.05792751008,1642.0192006079,0,0,0,65,0,0,0
33,80,5,3575.48494674428,1435.12710631171,4,0,0,164,0,0,0
33,80,6,5066.16835212437,1879.12723290064,0,0,0,31,0,0,0
33,80,7,24534.3801442089,5625.26308428221,188,0,0,248,0,0,0
33,80,8,0,6,0,0,0,0,0,0,0
33,81,1,3236.52683881804,2378.58837550206,15,0,0,149,0,0,0
33,81,2,3008.48212098443,1133.90244449009,21,0,0,158,0,0,1
33,81,3,2743.31186612321,329.628946275468,0,0,0,103,0,0,0
33,81,4,2981.80804581756,1317.08347564526,9,0,0,138,0,0,0
33,81,5,3602.71285288595,1183.71856923048,0,0,0,143,0,0,0
33,81,6,5144.33695011053,574.66303385013,9,0,0,162,0,0,0
33,81,7,24573.3447703704,13081.6289700086,141,0,0,157,0,0,0
33,81,8,0,6,0,0,0,0,0,0,0
33,82,1,3253.86695967233,1638.77281713327,2,0,0,186,0,0,0
33,82,2,2997.71857558294,1389.19753744908,0,0,0,113,0,0,0
33,82,3,2723.17036753313,1532.97294104167,0,0,0,32,0,0,0
33,82,4,2979.49375163046,1318.65956314442,0,0,0,131,0,0,0
33,82,5,3606.82468912708,698.119510292108,0,0,0,118,0,0,0
33,82,6,5155.13348591076,2657.96668892319,0,0,0,57,0,0,0
33,82,7,24608.8852558858,6780.59889298508,42,0,0,215,0,0,0
33,82,8,0,6,0,0,0,0,0,0,0
33,83,1,3241.35851036954,1304.26651758595,0,70,0,93,0,0,0
33,83,2,2981.92520685966,1236.53236629493,0,61,0,77,0,0,0
33,83,3,2714.18327583957,1222.99316235643,0,73,0,80,0,0,0
33,83,4,2974.5576742692,855.696187381956,0,63,0,68,0,0,0
33,83,5,3579.56135551771,1299.99935645142,0,37,0,32,0,0,0
33,83,6,5165.78931514477,2737.54072231486,0,164,0,101,0,0,0
33,83,7,24675.8452391711,9518.11962842174,3,230,0,264,0,0,0
33,83,8,0,6,0,0,0,0,0,0,0
33,84,1,3265.00894644705,1490.95361978233,0,0,0,130,0,0,0
33,84,2,3002.7300247439,1705.53680135664,0,0,0,123,0,0,0
33,84,3,2736.81398781189,877.931628546634,0,0,0,122,0,0,0
33,84,4,2984.22947726725,1422.85735951791,0,0,0,85,0,0,0
33,84,5,3618.50603601017,1500.45302891997,0,0,0,129,0,0,0
33,84,6,5258.95723652536,1614.59420844046,2,0,0,203,0,0,0
33,84,7,24753.0041783758,8749.23524622521,27,0,0,211,0,0,0
33,84,8,0,6,0,0,0,0,0,0,0
33,85,1,3288.74757820751,715.268105407374,0,0,0,149,0,0,0
33,85,2,3026.71641625075,1043.91860852315,0,0,0,170,0,0,0
33,85,3,2739.55800018137,1465.92710976062,0,0,0,87,0,0,0
33,85,4,3010.22718449175,1906.46789139906,0,0,0,142,0,0,0
33,85,5,3654.83912232509,1395.5768998787,0,0,0,150,0,0,0
33,85,6,5328.95272081457,2365.85792770849,0,0,0,161,0,0,0
33,85,7,24838.0675113248,9797.66811872295,27,0,0,242,0,0,0
33,85,8,0,6,0,0,0,0,0,0,0
33,86,1,3292.22049165169,1923.42413920398,0,0,0,71,0,0,0
33,86,2,3049.83148369612,688.641033012093,0,0,0,104,0,0,0
33,86,3,2782.23936272313,869.712202115359,0,0,0,146,0,0,0
33,86,4,3067.36056269535,863.354542392739,0,0,0,190,0,0,0
33,86,5,3720.22229427896,1367.45696363866,0,0,0,139,0,0,0
33,86,6,5471.52380966753,3302.39362572972,1,0,0,191,0,0,0
33,86,7,24984.2643181693,15689.6196315763,33,0,0,205,0,0,0
33,86,8,0,6,0,0,0,0,0,0,0
33,87,1,3323.99520543368,1328.9528465123,0,0,0,192,0,0,0
33,87,2,3042.81412035706,1921.2753530213,0,0,0,68,0,0,0
33,87,3,2784.68364861887,1642.80896839337,0,0,0,86,0,0,0
33,87,4,3065.14509585523,1767.86607766966,0,0,0,86,0,0,0
33,87,5,3733.43434437014,1515.4802175854,0,0,0,136,0,0,0
33,87,6,5545.55268288948,1885.74508087226,3,0,0,186,0,0,0
33,87,7,25036.3222446219,17851.7867521463,28,1,0,237,0,0,1
33,87,8,0,6,0,0,0,0,0,0,0
33,88,1,3331.76820054969,1376.96526363933,0,0,0,132,0,0,0
33,88,2,3061.86457788292,1027.76277174532,0,0,0,192,0,0,0
33,88,3,2801.55635715299,1108.83055489257,0,0,0,164,0,0,0
33,88,4,3083.66290796383,990.953035072221,0,0,0,176,0,0,0
33,88,5,3757.66776735864,1607.61291378567,0,0,0,151,0,0,0
33,88,6,5575.73831893567,2550.73597899411,0,0,0,170,0,0,0
33,88,7,25052.2327400911,16219.9320179573,26,0,0,188,0,0,7
33,88,8,0,6,0,0,0,0,0,0,0
33,89,1,3341.18555126038,1390.16680462163,0,0,0,137,0,0,0
33,89,2,3057.54043179885,1045.70425662866,0,0,0,102,0,0,0
33,89,3,2798.65867012368,1166.39661171278,0,0,0,110,0,0,0
33,89,4,3089.81930639092,1481.7695523183,0,0,0,99,0,0,0
33,89,5,3779.77519836673,1245.0043263149,0,0,0,160,0,0,0
33,89,6,5618.10155049559,2432.55299159548,1,0,0,185,0,0,1
33,89,7,25069.280264465,15289.664200385,38,0,0,196,0,0,2
33,89,8,0,6,0,0,0,0,0,0,0
33,90,1,3358.4196895117,1790.76319626001,0,0,0,139,0,0,0
33,90,2,3046.93999980477,1360.01136416121,0,0,0,104,0,0,0
33,90,3,2800.47529097474,958.180169464678,0,0,0,116,0,0,0
33,90,4,3107.1383307853,1261.64255933006,0,0,0,148,0,0,0
33,90,5,3793.0920875383,2585.73268597422,0,0,0,124,0,0,0
33,90,6,5698.56136136731,2412.90906590532,2,0,0,186,0,0,0
33,90,7,25106.551350027,9639.6876768101,76,0,0,183,0,0,1
33,90,8,0,6,0,0,0,0,0,0,0
33,91,1,3361.90169063261,1847.56293612528,59,0,0,108,0,0,0
33,91,2,3045.20996134315,1866.90943694362,14,0,0,119,0,0,0
33,91,3,2799.06816843486,2022.73071727116,3,0,0,92,0,0,0
33,91,4,3105.56204096088,1164.52882486313,25,0,0,96,0,0,0
33,91,5,3815.40679715821,1847.55680822157,96,0,0,143,0,0,0
33,91,6,5743.18698586526,3745.03178682017,86,0,0,138,0,0,0
33,91,7,25143.870144584,9845.09748111383,262,3,0,217,0,0,22
33,91,8,0,6,0,0,0,0,0,0,0
33,92,1,3362.82759587452,926.512009457523,40,0,0,108,0,0,0
33,92,2,3046.67320032087,1806.38352721725,14,0,0,160,0,0,0
33,92,3,2807.9407437388,958.097175321194,22,0,0,159,0,0,0
33,92,4,3114.18616492717,1151.86471990448,0,0,0,116,0,0,0
33,92,5,3846.28018439041,1760.76445486106,20,0,0,146,0,0,0
33,92,6,5836.21707733707,2953.86176322156,106,0,0,173,0,0,0
33,92,7,25209.8771298363,6927.19427824225,323,0,0,362,0,0,0
33,92,8,0,6,0,0,0,0,0,0,0
33,93,1,3352.79762672409,1227.78994561932,0,0,0,92,0,0,0
33,93,2,3090.14735664205,1003.03933698428,0,2,0,169,0,0,0
33,93,3,2819.36094017751,1163.76000856952,0,0,0,95,0,0,0
33,93,4,3137.47365953103,698.207362578553,0,0,0,115,0,0,0
33,93,5,3957.40622385072,2682.72495140058,0,0,0,176,0,0,0
33,93,6,5968.57227437376,2385.533216066,0,22,0,169,0,0,0
33,93,7,25356.6255605763,12629.6260989348,0,83,0,227,0,0,0
33,93,8,0,6,0,0,0,0,0,0,0
33,94,1,3355.75614650485,1393.13218425076,0,0,0,122,0,0,0
33,94,2,3087.88319542343,1974.29829482164,0,0,0,100,0,0,0
33,94,3,2814.91111329885,594.318326477241,0,0,0,116,0,0,0
33,94,4,3127.25770349811,1800.94301885974,0,0,0,69,0,0,0
33,94,5,4013.37674011243,1532.49709054718,1,0,0,200,0,0,0
33,94,6,6068.53814158415,2367.04062930097,0,0,0,211,0,0,0
33,94,7,25416.6583297174,5624.15848433827,27,1,0,226,0,0,0
33,94,8,0,6,0,0,0,0,0,0,0
33,95,1,3360.36765340097,574.149672413414,0,61,0,78,0,0,0
33,95,2,3077.87994129428,1190.71533607004,0,99,0,98,0,0,0
33,95,3,2793.85550149994,322.537512509389,0,26,0,33,0,0,0
33,95,4,3129.09982969889,899.161232893678,0,95,0,85,0,0,0
33,95,5,4015.29906201963,1394.59597149396,0,77,0,76,0,0,0
33,95,6,6111.30718975461,1730.80315774975,0,111,0,125,0,0,0
33,95,7,25477.873944217,4391.75230600005,3,201,0,206,0,0,1
33,95,8,0,6,0,0,0,0,0,0,0
33,96,1,3358.83668438134,664.026050718724,0,0,0,57,0,0,0
33,96,2,3102.5304591984,1589.29402170245,0,0,0,119,0,0,0
33,96,3,2781.82967704721,1120.33687720003,0,0,0,32,0,0,0
33,96,4,3135.87906511001,643.169509748654,0,0,0,89,0,0,0
33,96,5,4044.35003715764,1699.11923871495,0,0,0,139,0,0,0
33,96,6,6200.25761569382,2943.87887169702,1,0,0,167,0,0,0
33,96,7,25544.2499162271,11132.8863695267,47,0,0,186,0,0,0
33,96,8,0,6,0,0,0,0,0,0,0
33,97,1,3370.04908530943,1638.42473727006,0,0,0,66,0,0,0
33,97,2,3139.08916783032,1289.59386716032,0,0,0,158,0,0,0
33,97,3,2820.56760248097,1601.84750663306,0,0,0,112,0,0,0
33,97,4,3148.47711623428,1083.39870406187,0,0,0,64,0,0,0
33,97,5,4180.35869520665,1403.00026017243,0,0,0,169,0,0,0
33,97,6,6385.54715259222,1564.10012238767,2,0,0,230,0,0,0
33,97,7,25742.1590808431,14239.1170868749,30,0,0,210,0,0,0
33,97,8,0,6,0,0,0,0,0,0,0
33,98,1,3398.80159927217,2421.45711266776,0,0,0,163,0,0,0
33,98,2,3152.72635230518,1686.59114919044,0,0,0,128,0,0,0
33,98,3,2834.27275747517,888.660673046757,0,0,0,160,0,0,0
33,98,4,3170.67962842917,2311.54658288955,0,0,0,108,0,0,0
33,98,5,4222.22793626059,2902.02116690973,0,0,0,140,0,0,0
33,98,6,6465.56817706935,1983.17839385692,0,0,0,156,0,0,0
33,98,7,25802.8262854152,13509.7618348813,26,0,0,198,0,0,0
33,98,8,0,6,0,0,0,0,0,0,0
33,99,1,3426.20947133225,2216.29453488438,1,0,0,193,0,0,0
33,99,2,3174.61414561889,2193.28350893363,0,0,0,168,0,0,0
33,99,3,2839.19253981769,1385.0378285644,0,0,0,88,0,0,0
33,99,4,3201.80421757936,740.296957283011,0,0,0,226,0,0,0
33,99,5,4267.17339612983,2485.40741780934,3,0,0,193,0,0,0
33,99,6,6559.88785562868,3861.69431614934,0,0,0,196,0,0,0
33,99,7,25865.0611930078,13956.000314775,41,0,0,250,0,0,0
33,99,8,0,6,0,0,0,0,0,0,0
33,100,1,3468.14701989127,1690.52332007396,0,0,0,198,0,0,2
33,100,2,3200.99824155832,1502.03757856497,0,0,0,218,0,0,0
33,100,3,2860.45340205991,1377.96587051894,0,0,0,138,0,0,0
33,100,4,3208.34626994499,1346.65597904179,0,0,0,74,0,0,0
33,100,5,4310.60673394277,1841.529837268,0,0,0,224,0,0,0
33,100,6,6662.0119201022,3595.87996618535,3,0,0,202,0,0,6
33,100,7,25940.7377618191,10821.2155243695,36,0,0,230,0,0,1
33,100,8,0,6,0,0,0,0,0,0,0
34,1,1,2998.4,1332.97220611076,38,0,0,39,0,0,0
34,1,2,3005.712,602.615022681783,30,0,0,55,0,0,0
34,1,3,3005.7536,950.274536780582,53,0,0,42,0,0,0
34,1,4,3007.552,557.827405122988,38,0,0,46,0,0,0
34,1,5,3006.968,929.730505897525,47,0,0,44,0,0,0
34,1,6,2998.1296,686.191631666475,54,0,0,41,0,0,0
34,1,7,18817.7551999999,9510.67465551379,44,0,0,52,0,0,0
34,1,8,0,6,23,0,0,2,0,0,0
34,2,1,3015.9984,1994.55594444653,0,0,0,133,0,0,0
34,2,2,3011.48,1114.87174246961,0,0,0,60,0,0,0
34,2,3,3018.42752,784.960807414543,0,0,0,95,0,0,0
34,2,4,3015.496,1331.95803489091,0,0,0,55,0,0,0
34,2,5,3020.568,824.128093440772,0,0,0,92,0,0,0
34,2,6,3005.7456,1119.6771735753,0,0,0,68,0,0,0
34,2,7,18794.5391999999,9099.32833698309,19,3,0,227,0,0,0
34,2,8,0,6,0,0,0,0,0,0,0
34,3,1,3048.88672,1678.69002035293,0,0,0,197,0,0,0
34,3,2,3026.6224,994.730619022868,0,0,0,111,0,0,0
34,3,3,3027.96352,1113.37932596644,0,0,0,78,0,0,0
34,3,4,3036.93759999999,1184.64807107101,0,0,0,133,0,0,0
34,3,5,3030.07199999999,627.187530021181,0,0,0,82,0,0,0
34,3,6,3021.928,953.857006141139,0,0,0,111,0,0,0
34,3,7,18766.4319999999,5685.824110951,16,2,0,194,0,0,0
34,3,8,0,6,0,0,0,0,0,0,0
34,4,1,3070.75071999999,916.147338381625,3,0,0,150,0,0,0
34,4,2,3041.2384,853.03789681661,0,0,0,99,0,0,0
34,4,3,3043.52511999999,1330.62227842596,0,0,0,111,0,0,0
34,4,4,3054.95359999999,1806.97375425515,0,0,0,118,0,0,0
34,4,5,3032.83359999999,529.859664582636,0,0,0,62,0,0,0
34,4,6,3036.35999999999,1829.12349353614,0,0,0,95,0,0,0
34,4,7,18736.9071999998,4619.53013332568,87,0,0,170,0,0,0
34,4,8,0,6,0,0,0,0,0,0,0
34,5,1,3078.12511999999,1422.47502793318,0,0,0,91,0,0,0
34,5,2,3047.47839999999,1435.43906607978,0,0,0,85,0,0,0
34,5,3,3059.25951999999,1832.5423275026,2,0,0,129,0,0,0
34,5,4,3080.70399999999,1736.85479687268,8,0,0,167,0,0,0
34,5,5,3032.04319999999,1209.14103758425,0,0,0,52,0,0,0
34,5,6,3056.50687999999,1666.98384611893,24,0,0,141,0,0,0
34,5,7,18708.8639999998,8520.9977694839,172,0,0,168,0,0,0
34,5,8,0,6,0,0,0,0,0,0,0
34,6,1,3093.77759999999,609.713120701612,0,0,0,142,0,0,0
34,6,2,3060.2528,996.6522861335,0,0,0,143,0,0,0
34,6,3,3085.53311999999,1282.00237051817,0,0,0,183,0,0,0
34,6,4,3101.23647999999,1894.93561426226,0,0,0,173,0,0,0
34,6,5,3044.33119999999,1731.49309225749,0,0,0,120,0,0,0
34,6,6,3082.23193599999,708.185655940157,0,0,0,164,0,0,0
34,6,7,18692.8284799998,5775.81506826309,43,0,0,185,0,0,0
34,6,8,0,6,0,0,0,0,0,0,0
34,7,1,3078.5090688,1223.11888936391,46,0,0,10,0,0,0
34,7,2,3063.18304,1289.92636470297,24,0,0,73,0,0,0
34,7,3,3088.00031999999,1680.18650662533,42,0,0,82,0,0,0
34,7,4,3111.27807999999,1502.42106551659,73,0,0,109,0,0,0
34,7,5,3048.45055999999,920.777633927057,68,0,0,98,0,0,0
34,7,6,3089.04248319999,661.510086723225,7,0,0,63,0,0,0
34,7,7,18696.7865599997,8014.22484034676,289,0,0,259,0,0,0
34,7,8,0,6,0,0,0,0,0,0,0
34,8,1,3083.8725248,2163.8622078855,0,0,0,122,0,0,0
34,8,2,3072.75072,1338.02471021437,0,0,0,128,0,0,0
34,8,3,3107.39871999999,923.046567928707,0,0,0,168,0,0,0
34,8,4,3131.87007999999,1358.62290253246,0,0,0,150,0,0,0
34,8,5,3055.12895999999,1515.55995071548,0,0,0,92,0,0,0
34,8,6,3089.30008319999,816.375558402652,0,0,0,66,0,0,0
34,8,7,18681.0570521597,5854.12183118351,68,0,0,189,0,0,0
34,8,8,0,6,0,0,0,0,0,0,0
34,9,1,3094.9033216,929.576065363825,43,0,0,134,0,0,0
34,9,2,3082.1657088,907.423987477545,2,0,0,130,0,0,0
34,9,3,3113.25478399999,2213.05005042969,0,0,0,92,0,0,0
34,9,4,3144.65568,1889.40001643135,0,0,0,135,0,0,0
34,9,5,3074.01375999999,890.826308489346,9,0,0,134,0,0,0
34,9,6,3096.1148032,702.101482414987,0,0,0,81,0,0,0
34,9,7,18676.8490521596,7483.96618471642,190,0,0,221,0,0,0
34,9,8,0,6,0,0,0,0,0,0,0
34,10,1,3095.397788672,1557.02899845637,0,0,0,92,0,0,0
34,10,2,3079.1730688,984.851239525006,0,0,0,90,0,0,0
34,10,3,3132.91628799999,1867.86078403394,0,0,0,217,0,0,0
34,10,4,3166.406144,924.618588483317,0,0,0,187,0,0,0
34,10,5,3075.138176,891.615910573107,0,0,0,89,0,0,0
34,10,6,3096.50086656,806.374230071979,0,0,0,70,0,0,0
34,10,7,18666.2550681596,5533.08992743662,85,0,0,176,0,0,0
34,10,8,0,6,0,0,0,0,0,0,0
34,11,1,3105.6935358464,1997.37169925934,4,0,0,144,0,0,0
34,11,2,3072.6389888,1371.54709052326,0,0,0,98,0,0,0
34,11,3,3147.36837119999,785.807022418657,0,0,0,186,0,0,0
34,11,4,3162.688064,1300.45772761948,0,0,0,92,0,0,0
34,11,5,3069.432256,1414.51612310524,0,0,0,89,0,0,0
34,11,6,3098.85362176,1739.50515220604,0,0,0,80,0,0,0
34,11,7,18657.4125081596,8656.92290817589,148,0,0,183,0,0,0
34,11,8,0,6,0,0,0,0,0,0,0
34,12,1,3122.99766384641,920.083291763213,0,0,0,198,0,0,0
34,12,2,3073.02460160001,1165.31369635919,0,0,0,137,0,0,0
34,12,3,3144.064256,1570.00183062083,0,0,0,78,0,0,0
34,12,4,3169.653632,829.255208856318,0,0,0,130,0,0,0
34,12,5,3079.7665792,1761.88664500155,0,0,0,141,0,0,0
34,12,6,3126.38265907201,1337.77814419622,0,0,0,173,0,0,0
34,12,7,18672.7922841595,6685.47863431628,0,35,0,226,0,0,0
34,12,8,0,6,0,0,0,0,0,0,0
34,13,1,3102.63413104641,1169.68385618515,0,64,0,28,0,0,0
34,13,2,3049.34598144001,1325.82054107408,0,67,0,49,0,0,0
34,13,3,3133.3073792,1762.93392647859,0,96,0,61,0,0,0
34,13,4,3149.5547648,643.377372442199,0,48,0,34,0,0,0
34,13,5,3071.56766464001,1270.91877854508,0,86,0,90,0,0,0
34,13,6,3131.92192307201,1536.77893899035,0,64,0,69,0,0,0
34,13,7,18711.2665241594,8025.31667424028,0,316,0,352,0,0,0
34,13,8,0,6,0,0,0,0,0,0,0
34,14,1,3109.44603504641,2021.25550341123,0,0,0,116,0,0,0
34,14,2,3057.02246144001,1171.69342524075,0,0,0,132,0,0,0
34,14,3,3157.9720192,1287.73516606989,0,0,0,176,0,0,0
34,14,4,3148.23797760001,923.45691921946,0,0,0,64,0,0,0
34,14,5,3087.36766464,1251.26020729862,0,0,0,127,0,0,0
34,14,6,3159.77984307201,1323.66615813779,0,0,0,153,0,0,0
34,14,7,18738.8694041595,7638.94584804937,31,0,0,177,0,0,0
34,14,8,0,6,0,0,0,0,0,0,0
34,15,1,3127.07862128641,2023.67280552697,1,0,0,173,0,0,0
34,15,2,3062.40802304002,1259.06774423699,0,0,0,117,0,0,0
34,15,3,3172.6028544,1251.59233565816,0,0,0,128,0,0,0
34,15,4,3154.00911360001,1698.87662259904,0,0,0,92,0,0,0
34,15,5,3104.42616064001,1609.09694276925,0,0,0,125,0,0,0
34,15,6,3183.28301107201,1537.91116888482,0,0,0,132,0,0,0
34,15,7,18776.9388313595,5632.02378344736,24,0,0,221,0,0,0
34,15,8,0,6,0,0,0,0,0,0,0
34,16,1,3144.28383805441,1908.52601212988,15,0,0,152,0,0,0
34,16,2,3069.48500940802,1325.08307727728,0,0,0,125,0,0,0
34,16,3,3185.81601792,1199.93278031298,0,0,0,125,0,0,0
34,16,4,3182.57248512001,1454.46431283545,0,0,0,169,0,0,0
34,16,5,3130.69763584001,1417.3377537753,0,0,0,160,0,0,0
34,16,6,3215.98402867201,1216.09485747965,0,0,0,153,0,0,0
34,16,7,18816.5765273594,5728.69223433789,104,0,0,220,0,0,0
34,16,8,0,6,0,0,0,0,0,0,0
34,17,1,3151.94246586369,627.439036302198,30,0,0,123,0,0,0
34,17,2,3072.44453416961,963.46920678898,0,0,0,132,0,0,0
34,17,3,3192.91290112001,955.69383691185,0,0,0,119,0,0,0
34,17,4,3194.81608192001,1977.01915714924,0,0,0,145,0,0,0
34,17,5,3145.84312064001,1724.94780068432,0,0,0,141,0,0,0
34,17,6,3233.96265267201,1438.93678229243,0,0,0,121,0,0,0
34,17,7,18862.6080153594,7141.93523144,146,0,0,250,0,0,0
34,17,8,0,6,0,0,0,0,0,0,0
34,18,1,3144.59255482369,1098.80816519073,0,0,0,62,0,0,0
34,18,2,3073.17159157761,1651.67658609711,0,0,0,96,0,0,0
34,18,3,3197.38657228801,1878.70738550026,0,0,0,95,0,0,0
34,18,4,3224.33528104961,1598.22910761424,1,0,0,183,0,0,0
34,18,5,3173.38974105601,1025.96420502811,0,0,0,172,0,0,0
34,18,6,3266.00195440641,1179.60783002454,0,0,0,143,0,0,0
34,18,7,18897.2374169594,6008.39555401631,59,0,0,168,0,0,0
34,18,8,0,6,0,0,0,0,0,0,0
34,19,1,3130.20447162369,1756.98889852906,82,0,0,27,0,0,0
34,19,2,3067.51736309761,1244.86807321408,76,0,0,89,0,0,0
34,19,3,3190.63276492801,1472.68034552249,111,0,0,76,0,0,0
34,19,4,3213.81595125761,1341.81886268846,82,0,0,77,0,0,0
34,19,5,3166.90533785601,545.767413754592,49,0,0,53,0,0,0
34,19,6,3266.27854960641,1915.32373666509,62,0,0,55,0,0,0
34,19,7,18963.2178892794,7184.73979105432,253,0,0,291,0,0,18
34,19,8,0,6,0,0,0,0,0,0,0
34,20,1,3153.4873495757,1634.82469370608,0,0,0,175,0,0,0
34,20,2,3081.22639861762,751.515398863652,0,0,0,124,0,0,0
34,20,3,3206.00854476801,1161.87791599795,0,0,0,146,0,0,0
34,20,4,3223.59856373761,1060.85710728477,0,0,0,134,0,0,0
34,20,5,3163.35346585601,709.864445912586,0,0,0,54,0,0,0
34,20,6,3298.30443376641,670.744882180829,1,0,0,184,0,0,0
34,20,7,18970.1641420793,7092.68219237676,75,0,0,204,0,0,0
34,20,8,0,6,0,0,0,0,0,0,0
34,21,1,3179.05184657409,1160.31329199044,0,0,0,163,0,0,0
34,21,2,3087.26034257922,1380.94470199691,0,0,0,75,0,0,0
34,21,3,3221.79597969409,882.345897422525,0,0,0,116,0,0,0
34,21,4,3239.39120926721,1920.14419758595,0,0,0,106,0,0,0
34,21,5,3169.96101691393,1359.164012123,0,0,0,70,0,0,0
34,21,6,3307.55156643841,1176.43401366111,0,0,0,67,0,0,0
34,21,7,18994.1927224313,5367.71015175776,88,0,0,178,0,0,0
34,21,8,0,6,0,0,0,0,0,0,0
34,22,1,3192.82182793218,1996.56572438114,0,0,0,116,0,0,0
34,22,2,3103.71844032514,1345.01012704983,0,0,0,138,0,0,0
34,22,3,3226.80409049089,1029.8109872166,0,0,0,88,0,0,0
34,22,4,3254.59836676507,2248.27482958787,28,0,0,136,0,0,0
34,22,5,3187.97645934593,1480.29199070455,5,0,0,125,0,0,0
34,22,6,3328.84994160641,1058.64721805359,0,0,0,117,0,0,0
34,22,7,19017.9127505913,6618.91891528787,168,0,0,195,0,0,2
34,22,8,0,6,0,0,0,0,0,0,0
34,23,1,3213.9677030605,1420.64796591175,0,0,0,199,0,0,0
34,23,2,3110.32583503874,655.194476126029,0,0,0,134,0,0,0
34,23,3,3232.4504905933,1550.39025741856,0,0,0,102,0,0,0
34,23,4,3270.16507150747,2313.65400492836,6,0,0,178,0,0,0
34,23,5,3204.73494382593,610.120981795351,0,0,0,148,0,0,0
34,23,6,3345.69440327681,779.299279140974,0,0,0,105,0,0,0
34,23,7,19035.0621778936,8627.69581764205,68,0,0,177,0,0,0
34,23,8,0,6,0,0,0,0,0,0,0
34,24,1,3214.70780655618,1055.91683517494,0,0,0,142,0,0,0
34,24,2,3094.38907215874,1056.43173280866,0,0,0,65,0,0,0
34,24,3,3241.87161726978,1124.87554310631,0,0,0,155,0,0,0
34,24,4,3289.77458160436,925.234180183794,0,2,0,182,0,0,0
34,24,5,3188.62446446594,1528.56144984345,0,0,0,61,0,0,0
34,24,6,3350.96216903681,1660.9638300323,0,0,0,77,0,0,0
34,24,7,19067.1622226936,8666.8079656682,0,32,0,266,0,0,0
34,24,8,0,6,0,0,0,0,0,0,0
34,25,1,3195.23554748418,1328.54613454995,0,66,0,39,0,0,0
34,25,2,3079.24575107074,1512.81591604621,0,38,0,67,0,0,0
34,25,3,3229.26230910978,1324.20778681253,0,52,0,60,0,0,0
34,25,4,3276.19721569077,1025.57720790019,0,38,0,54,0,0,0
34,25,5,3184.70259310594,687.401201095316,0,56,0,96,0,0,0
34,25,6,3345.10450503682,1640.57569456324,0,97,0,69,0,0,0
34,25,7,19092.8746348536,8671.12790537653,3,313,0,292,0,0,0
34,25,8,0,6,0,0,0,0,0,0,0
34,26,1,3200.81265596418,770.976069709788,0,0,0,132,0,0,0
34,26,2,3092.25711511964,1392.65856978301,0,0,0,151,0,0,0
34,26,3,3236.23848574978,1448.15233588791,0,0,0,132,0,0,0
34,26,4,3280.86572886837,1886.42968551558,0,0,0,102,0,0,0
34,26,5,3188.01229074434,2431.940500258,0,0,0,68,0,0,0
34,26,6,3376.95132538882,2383.58466752299,0,0,0,164,0,0,0
34,26,7,19121.0111596536,7126.84362681913,32,0,0,180,0,0,0
34,26,8,0,6,0,0,0,0,0,0,0
34,27,1,3204.40080410216,1860.8671004748,0,0,0,77,0,0,0
34,27,2,3110.95399604636,1268.73820577052,0,0,0,139,0,0,0
34,27,3,3260.25523513346,1478.36346448597,0,0,0,144,0,0,0
34,27,4,3318.98708455835,1139.20162409361,0,0,0,188,0,0,0
34,27,5,3236.35489462274,1742.60374562048,0,0,0,231,0,0,0
34,27,6,3432.62064150529,1018.84398775187,1,0,0,202,0,0,0
34,27,7,19168.789526138,5367.18294975316,34,0,0,191,0,0,0
34,27,8,0,6,0,0,0,0,0,0,0
34,28,1,3231.37887238064,2103.49854095245,28,0,0,141,0,0,0
34,28,2,3122.82715158202,729.11017680157,0,0,0,126,0,0,0
34,28,3,3284.70342896437,753.739748328692,5,0,0,139,0,0,0
34,28,4,3336.82727084033,1624.16452140018,1,0,0,112,0,0,0
34,28,5,3268.93209116674,1989.78897887126,20,0,0,142,0,0,0
34,28,6,3462.29366327297,652.999476808022,0,0,0,101,0,0,0
34,28,7,19213.217706618,6636.1143363944,219,0,0,186,0,0,0
34,28,8,0,6,0,0,0,0,0,0,0
34,29,1,3242.43653095344,1157.05147285131,9,0,0,158,0,0,0
34,29,2,3113.96484701882,1452.18264297668,0,0,0,72,0,0,0
34,29,3,3277.85433228495,1605.91020456476,0,0,0,75,0,0,0
34,29,4,3356.86632655259,895.33291158016,0,0,0,157,0,0,0
34,29,5,3303.36779560962,1192.38957122134,0,0,0,198,0,0,0
34,29,6,3473.49395521538,1231.37669145299,0,0,0,65,0,0,0
34,29,7,19275.20064985,6062.1552083328,73,0,0,237,0,0,0
34,29,8,0,6,0,0,0,0,0,0,0
34,30,1,3246.17095037258,1661.08535024839,0,0,0,115,0,0,0
34,30,2,3120.3141821858,992.81511072877,0,0,0,145,0,0,0
34,30,3,3291.5691089101,604.288220364766,1,0,0,158,0,0,0
34,30,4,3355.27588428187,843.308954552454,0,0,0,89,0,0,0
34,30,5,3312.99473721756,822.023340662889,0,0,0,119,0,0,0
34,30,6,3500.98409660418,903.469481418946,0,0,0,123,0,0,0
34,30,7,19328.2252085444,6268.26610990831,157,0,0,210,0,0,1
34,30,8,0,6,0,0,0,0,0,0,0
34,31,1,3266.30369233225,1389.82096613748,0,0,0,165,0,0,0
34,31,2,3117.61695184979,690.540146744513,0,0,0,99,0,0,0
34,31,3,3278.91483361282,769.330056950948,0,0,0,60,0,0,0
34,31,4,3353.02160977495,1287.40789747836,0,0,0,84,0,0,0
34,31,5,3315.83791367181,817.73625653904,0,0,0,82,0,0,0
34,31,6,3515.34035388418,1356.99056907242,0,0,0,90,0,0,0
34,31,7,19391.3724462521,9540.25804264077,153,0,0,209,0,0,4
34,31,8,0,6,0,0,0,0,0,0,0
34,32,1,3273.758403498,1985.08462807688,0,0,0,138,0,0,0
34,32,2,3104.11096160339,1713.92137126876,0,0,0,69,0,0,0
34,32,3,3271.47429267867,861.036461491636,0,0,0,76,0,0,0
34,32,4,3352.78444162238,1008.57494531488,0,0,0,128,0,0,0
34,32,5,3317.11190791182,1994.94408351892,0,0,0,81,0,0,0
34,32,6,3540.11827810306,793.941369990952,0,0,0,135,0,0,0
34,32,7,19434.8971520441,9361.86022578033,55,0,0,217,0,0,1
34,32,8,0,6,0,0,0,0,0,0,0
34,33,1,3295.15098855917,1606.65444832865,0,0,0,198,0,0,0
34,33,2,3110.51540810221,546.677901190684,0,0,0,171,0,0,0
34,33,3,3262.17594802587,972.13377444597,0,0,0,86,0,0,0
34,33,4,3347.14497312344,1009.58958137519,0,0,0,100,0,0,0
34,33,5,3342.58069439502,1153.03199841323,0,0,0,185,0,0,0
34,33,6,3544.17269551106,2906.23619515677,0,0,0,79,0,0,0
34,33,7,19467.2382081465,15058.5311168727,48,0,0,193,0,0,0
34,33,8,0,6,0,0,0,0,0,0,0
34,34,1,3296.30150785517,1839.72145560423,0,0,0,160,0,0,0
34,34,2,3088.59809450887,1014.17640503092,0,0,0,54,0,0,0
34,34,3,3243.15083219765,1361.30150591362,0,0,0,97,0,0,0
34,34,4,3343.28265053783,1243.20171263568,0,0,0,100,0,0,0
34,34,5,3346.80377996302,1535.14057657855,0,0,0,115,0,0,0
34,34,6,3568.29426018306,2190.83347494908,2,0,0,193,0,0,0
34,34,7,19493.2121202105,8421.34467340429,38,0,0,227,0,0,0
34,34,8,0,6,0,0,0,0,0,0,0
34,35,1,3295.79590394202,1866.98797541818,0,82,0,101,0,0,0
34,35,2,3066.54271134599,1634.32170192315,0,47,0,54,0,0,0
34,35,3,3221.36485090428,1448.43655048093,0,67,0,69,0,0,0
34,35,4,3324.47161706071,1121.8711640118,0,58,0,66,0,0,0
34,35,5,3345.31102231156,926.74091014246,0,81,0,72,0,0,0
34,35,6,3585.87828703234,1323.23791711082,0,105,0,114,0,0,0
34,35,7,19556.6804251474,6686.09305696136,3,310,0,332,0,0,1
34,35,8,0,6,0,0,0,0,0,0,0
34,36,1,3329.70021997398,605.054114958643,0,0,0,186,0,0,0
34,36,2,3077.27753738733,1391.84319730733,0,0,0,163,0,0,0
34,36,3,3231.0736309027,262.709409377088,0,0,0,144,0,0,0
34,36,4,3338.83763521111,1405.65492198171,0,0,0,112,0,0,0
34,36,5,3365.1541476968,950.51305177876,0,0,0,92,0,0,0
34,36,6,3618.62241628162,1118.48162231135,0,0,0,132,0,0,0
34,36,7,19618.5844681554,6881.37736524975,30,0,0,212,0,0,0
34,36,8,0,6,0,0,0,0,0,0,0
34,37,1,3332.16190088825,1203.8755850199,0,0,0,60,0,0,0
34,37,2,3094.18434410854,1432.02581460736,0,0,0,139,0,0,0
34,37,3,3215.21386916644,822.024418875607,0,0,0,26,0,0,0
34,37,4,3362.27295951963,1791.60354816528,0,0,0,140,0,0,0
34,37,5,3392.17114355728,1197.2591541152,0,0,0,95,0,0,0
34,37,6,3654.96774142363,1470.80894112461,0,0,0,111,0,0,0
34,37,7,19681.0471168736,6867.26004073816,23,1,0,208,0,0,0
34,37,8,0,6,0,0,0,0,0,0,0
34,38,1,3356.53469594352,1433.4482012284,0,0,0,120,0,0,0
34,38,2,3115.87344104516,1105.25661647131,0,0,0,143,0,0,0
34,38,3,3230.84451768007,839.690450687208,0,0,0,82,0,0,0
34,38,4,3409.20333137197,2188.41619378049,0,0,0,179,0,0,0
34,38,5,3432.78738896175,1050.51400780452,0,0,0,119,0,0,0
34,38,6,3717.36077198624,690.453194218206,0,0,0,147,0,0,0
34,38,7,19779.5906047779,6040.18400674822,21,0,0,273,0,0,0
34,38,8,0,6,0,0,0,0,0,0,0
34,39,1,3388.99338196286,1595.69407281841,0,0,0,143,0,0,0
34,39,2,3126.55598052826,1098.98915691345,0,0,0,110,0,0,0
34,39,3,3236.34872441306,1123.8855382559,0,0,0,83,0,0,0
34,39,4,3445.77771801426,1514.53370793786,3,0,0,195,0,0,0
34,39,5,3460.27738475823,2157.59039364361,0,0,0,105,0,0,0
34,39,6,3742.08438683076,1869.0666987111,0,0,0,69,0,0,0
34,39,7,19832.9425935139,6104.67177946651,62,0,0,183,0,0,0
34,39,8,0,6,0,0,0,0,0,0,0
34,40,1,3414.81706142005,1020.02807666537,0,0,0,159,0,0,0
34,40,2,3132.42858563299,1442.67891914225,0,0,0,109,0,0,0
34,40,3,3253.23936146095,1767.55456089737,0,0,0,112,0,0,0
34,40,4,3484.37973241903,2123.72086365225,0,0,0,151,0,0,0
34,40,5,3525.16731919027,1258.22085010558,0,0,0,215,0,0,0
34,40,6,3825.49613708511,1676.67377957458,0,0,0,186,0,0,0
34,40,7,19911.2807013572,8961.71308818339,59,0,0,232,0,0,0
34,40,8,0,6,0,0,0,0,0,0,0
34,41,1,3423.12916688456,1145.35383761048,0,0,0,102,0,0,0
34,41,2,3142.4037065403,1239.06396153587,0,0,0,144,0,0,0
34,41,3,3280.1291898475,1065.04700221984,0,0,0,176,0,0,0
34,41,4,3528.52016636613,2020.726855629,0,0,0,212,0,0,0
34,41,5,3548.43683318943,1987.22812034297,0,0,0,125,0,0,0
34,41,6,3869.24121994725,2849.5729078725,0,0,0,167,0,0,0
34,41,7,19968.1234199953,10513.460894034,47,0,0,198,0,0,0
34,41,8,0,6,0,0,0,0,0,0,0
34,42,1,3425.6515074604,562.236587366199,0,0,0,114,0,0,0
34,42,2,3139.11209147787,585.391799489636,0,0,0,123,0,0,0
34,42,3,3277.48634489547,1476.07510938439,0,0,0,106,0,0,0
34,42,4,3548.82189010739,1949.53736726239,0,0,0,194,0,0,0
34,42,5,3574.06558853385,906.396273232142,0,0,0,196,0,0,0
34,42,6,3915.89905106405,1650.53948312984,2,0,0,223,0,0,0
34,42,7,19996.6749464977,5141.4770322569,39,0,0,206,0,0,0
34,42,8,0,6,0,0,0,0,0,0,0
34,43,1,3413.1253296418,1583.00290093186,0,0,0,56,0,0,0
34,43,2,3130.22058405914,2129.51845068737,0,0,0,58,0,0,0
34,43,3,3282.95812203659,1240.39039309164,1,0,0,146,0,0,0
34,43,4,3574.66104129744,1715.30475663213,29,0,0,147,0,0,0
34,43,5,3578.43830243284,2209.59913843654,1,0,0,89,0,0,0
34,43,6,3952.47168960382,1111.95546172668,18,0,0,136,0,0,0
34,43,7,20032.4828702426,7238.90001390544,158,1,0,182,0,0,4
34,43,8,0,6,0,0,0,0,0,0,0
34,44,1,3452.12483037762,1221.53968777327,0,0,0,158,0,0,0
34,44,2,3163.82514588104,2149.85908106064,0,0,0,206,0,0,0
34,44,3,3304.21992333365,687.007771582274,0,0,0,124,0,0,0
34,44,4,3617.32771444646,1789.99497946766,0,0,0,167,0,0,0
34,44,5,3624.53975780058,1248.78315503357,0,5,0,171,0,0,0
34,44,6,4000.16070007522,408.269967934814,0,0,0,111,0,0,0
34,44,7,20086.0372093331,11317.568077768,0,66,0,184,0,0,0
34,44,8,0,6,0,0,0,0,0,0,0
34,45,1,3464.01264385499,1081.53805135935,0,0,0,122,0,0,0
34,45,2,3173.36560880955,1426.49722056293,0,12,0,159,0,0,0
34,45,3,3284.13342059236,749.315231771507,0,0,0,68,0,0,0
34,45,4,3633.69150502918,1344.23578490431,0,0,0,178,0,0,0
34,45,5,3634.75817605387,1268.5754119355,0,0,0,124,0,0,0
34,45,6,4001.1170231124,1945.02929385577,0,0,0,40,0,0,0
34,45,7,20164.0435000436,10400.7191052037,0,191,0,303,0,0,0
34,45,8,0,6,0,0,0,0,0,0,0
34,46,1,3459.77558240173,1162.97011449703,0,0,0,108,0,0,0
34,46,2,3159.35346266318,1178.73387438314,0,0,0,142,0,0,0
34,46,3,3260.49580356256,1714.25464766421,0,0,0,74,0,0,0
34,46,4,3633.98312247015,1478.15903248264,0,0,0,134,0,0,0
34,46,5,3641.90456080015,1468.29283020382,0,0,0,126,0,0,0
34,46,6,4035.59203944448,2687.83348052864,0,0,0,188,0,0,0
34,46,7,20207.191631089,8405.64713389827,28,0,0,236,0,0,0
34,46,8,0,6,0,0,0,0,0,0,0
34,47,1,3451.1716728273,917.302415875967,0,59,0,57,0,0,0
34,47,2,3138.22731930649,1196.46588239406,0,56,0,61,0,0,0
34,47,3,3241.05703322024,646.976083450455,0,73,0,98,0,0,0
34,47,4,3625.22654260229,1195.79359794766,0,64,0,83,0,0,0
34,47,5,3630.83265010927,1595.39995377155,0,75,0,71,0,0,0
34,47,6,4062.66821261329,1556.22178328613,0,137,0,131,0,0,0
34,47,7,20338.4288645384,6907.14026736333,0,376,0,464,0,0,0
34,47,8,0,6,0,0,0,0,0,0,0
34,48,1,3444.74942204029,845.73408504305,0,0,0,91,0,0,0
34,48,2,3139.66835896661,1053.92084309636,0,0,0,119,0,0,0
34,48,3,3235.57002628626,1209.30559814822,0,0,0,64,0,0,0
34,48,4,3639.23623699805,1567.62222850415,0,0,0,119,0,0,0
34,48,5,3667.53914265281,2023.91216179576,0,0,0,159,0,0,0
34,48,6,4107.8847497062,1628.16788745625,0,0,0,155,0,0,0
34,48,7,20421.8960175048,10044.1710385813,21,0,0,345,0,0,0
34,48,8,0,6,0,0,0,0,0,0,0
34,49,1,3441.35638224323,726.320231180436,0,0,0,84,0,0,0
34,49,2,3140.42401923782,1323.72636460717,0,0,0,105,0,0,0
34,49,3,3242.80694430877,1329.48622620258,0,0,0,120,0,0,0
34,49,4,3673.64304078574,1103.78992997305,0,0,0,156,0,0,0
34,49,5,3714.86709175381,2218.32478181754,0,0,0,178,0,0,0
34,49,6,4158.98982367894,2187.26039782052,0,0,0,162,0,0,0
34,49,7,20476.7105338114,5974.86282604025,24,0,0,214,0,0,0
34,49,8,0,6,0,0,0,0,0,0,0
34,50,1,3423.94869783495,1390.42575153977,51,0,0,21,0,0,0
34,50,2,3131.92572438879,1553.19298646568,65,0,0,67,0,0,0
34,50,3,3232.04741789947,674.54523173967,69,0,0,63,0,0,0
34,50,4,3678.79676616034,1571.35913433414,46,0,0,64,0,0,0
34,50,5,3740.16480009023,1063.29905464678,108,0,0,113,0,0,0
34,50,6,4196.53742301699,2834.80031420055,106,0,0,112,0,0,0
34,50,7,20543.0236183577,11782.0020821277,226,2,0,195,0,0,2
34,50,8,0,6,0,0,0,0,0,0,0
34,51,1,3425.61560523402,1172.91943695863,0,0,0,139,0,0,0
34,51,2,3140.91250829873,466.000364210118,0,0,0,155,0,0,0
34,51,3,3227.69270344487,1556.79469725974,0,0,0,67,0,0,0
34,51,4,3698.36870509451,1532.26699451981,0,0,0,157,0,0,0
34,51,5,3764.57386549931,1617.96009064727,0,0,0,106,0,0,0
34,51,6,4258.32906322107,2288.7562432035,1,0,0,245,0,0,0
34,51,7,20556.6134942991,5347.45166883497,47,0,0,212,0,0,0
34,51,8,0,6,0,0,0,0,0,0,0
34,52,1,3440.33985187323,234.593368356429,3,0,0,113,0,0,0
34,52,2,3134.5503690402,1865.77779347073,0,0,0,46,0,0,0
34,52,3,3247.93211092315,935.35200904436,23,0,0,123,0,0,0
34,52,4,3733.68362196805,2977.42177023539,18,0,0,128,0,0,0
34,52,5,3813.24856271626,1901.44718354698,11,0,0,146,0,0,0
34,52,6,4319.51525894652,1702.88045112377,64,0,0,139,0,0,0
34,52,7,20595.2527386025,6038.05458484736,163,2,0,168,0,0,3
34,52,8,0,6,0,0,0,0,0,0,0
34,53,1,3422.36815237768,1675.97454358152,0,0,0,23,0,0,0
34,53,2,3182.47691974946,2006.61903188226,0,0,0,183,0,0,0
34,53,3,3275.79191069343,1114.96432804875,0,0,0,93,0,0,0
34,53,4,3804.06045500775,1156.83317117934,23,0,0,171,0,0,0
34,53,5,3893.98977300152,1996.10475370772,7,0,0,151,0,0,0
34,53,6,4442.70143595018,2187.79372672557,0,0,0,170,0,0,0
34,53,7,20672.5051787317,3341.59797225419,74,0,0,201,0,0,0
34,53,8,0,6,0,0,0,0,0,0,0
34,54,1,3400.78223918379,1203.38617443899,132,0,0,35,0,0,0
34,54,2,3181.10145446685,1517.3359942494,89,0,0,111,0,0,0
34,54,3,3261.77939102694,648.852238421658,47,0,0,64,0,0,0
34,54,4,3804.22418380371,1423.83331216901,52,0,0,63,0,0,0
34,54,5,3906.84000091835,1263.78162537435,102,0,0,97,0,0,0
34,54,6,4470.5840352305,1195.71886184721,101,0,0,117,0,0,0
34,54,7,20677.0874357608,10782.8539481061,166,0,0,168,0,0,0
34,54,8,0,6,0,0,0,0,0,0,0
34,55,1,3409.11178287005,1497.03182375843,0,0,0,120,0,0,0
34,55,2,3194.68765540723,1884.58730076166,0,0,0,151,0,0,0
34,55,3,3251.90845820685,1812.18102488799,0,0,0,64,0,0,0
34,55,4,3820.05012530771,656.470328968242,0,0,0,142,0,0,0
34,55,5,3932.99338990213,1887.37718938469,0,0,0,126,0,0,0
34,55,6,4505.57533070954,1614.8016481204,0,0,0,119,0,0,0
34,55,7,20650.8965427048,5578.92580318746,33,0,0,179,0,0,0
34,55,8,0,6,0,0,0,0,0,0,0
34,56,1,3444.54759805187,1383.10898016067,0,0,0,149,0,0,0
34,56,2,3253.12624683526,1810.59686255363,0,0,0,182,0,0,0
34,56,3,3318.60266658516,845.013900774818,0,0,0,181,0,0,0
34,56,4,3833.19495425233,2021.25689697943,0,0,0,65,0,0,0
34,56,5,4048.25600294839,1427.5376242098,0,0,0,187,0,0,0
34,56,6,4634.0166054712,2340.57637354738,0,0,0,161,0,0,0
34,56,7,20716.2757889933,10721.160941812,52,0,0,230,0,0,0
34,56,8,0,6,0,0,0,0,0,0,0
34,57,1,3463.36030983111,458.852663605558,0,0,0,138,0,0,0
34,57,2,3271.91586702311,1810.08875715257,0,0,0,178,0,0,0
34,57,3,3324.51862289485,1018.20501603804,0,0,0,84,0,0,0
34,57,4,3893.9596316123,1298.83295671534,0,0,0,202,0,0,0
34,57,5,4089.14741651634,1292.29664405677,0,0,0,142,0,0,0
34,57,6,4712.5624619658,1939.5553579878,0,0,0,219,0,0,0
34,57,7,20724.1394772337,8308.9662181798,0,36,0,200,0,0,0
34,57,8,0,6,0,0,0,0,0,0,0
34,58,1,3443.83934772849,1245.78498905225,0,4,0,41,0,0,0
34,58,2,3282.81810180379,782.803974438033,0,50,0,126,0,0,0
34,58,3,3319.34899620222,1849.29237249387,0,18,0,82,0,0,0
34,58,4,3893.99872977184,1444.06420309033,0,48,0,77,0,0,0
34,58,5,4100.90541114538,1032.19696796611,0,32,0,94,0,0,0
34,58,6,4742.20353605483,1473.46284820036,0,78,0,108,0,0,0
34,58,7,20771.2469468841,5655.02152284213,2,327,0,299,0,0,1
34,58,8,0,6,0,0,0,0,0,0,0
34,59,1,3453.77129902209,1411.81269515918,0,0,0,124,0,0,0
34,59,2,3292.63647854091,1134.27915493732,0,0,0,78,0,0,0
34,59,3,3375.0068764261,509.28670434968,0,0,0,184,0,0,0
34,59,4,3932.23184643815,916.886225641071,0,0,0,144,0,0,0
34,59,5,4133.17817383291,2267.42260362208,0,0,0,103,0,0,0
34,59,6,4785.99674979243,1666.22536764278,0,0,0,147,0,0,0
34,59,7,20849.4402222239,10468.4165411622,31,0,0,197,0,0,0
34,59,8,0,6,0,0,0,0,0,0,0
34,60,1,3479.20778859135,1068.05063933452,0,0,0,141,0,0,0
34,60,2,3305.00614167677,762.311340427985,0,0,0,113,0,0,0
34,60,3,3361.59404803662,1612.22477555838,0,0,0,50,0,0,0
34,60,4,3947.57308534713,692.425608147213,0,0,0,91,0,0,0
34,60,5,4214.81899070709,1924.62887863395,0,0,0,220,0,0,0
34,60,6,4849.48024197079,3570.04640437429,0,0,0,166,0,0,0
34,60,7,20904.277636013,9440.21505771619,29,0,0,191,0,0,0
34,60,8,0,6,0,0,0,0,0,0,0
34,61,1,3507.19655762772,2363.2054514015,0,0,0,106,0,0,0
34,61,2,3310.41458771994,804.238785241646,0,0,0,76,0,0,0
34,61,3,3395.49181641757,1630.06615097948,0,0,0,161,0,0,0
34,61,4,3978.80580836877,2362.29010626159,0,0,0,69,0,0,0
34,61,5,4288.65373765275,1540.19512378403,0,0,0,181,0,0,0
34,61,6,4931.52712603634,2939.87216629225,1,2,0,185,0,0,0
34,61,7,20993.1989163987,4671.91824627995,30,0,0,257,0,0,0
34,61,8,0,6,0,0,0,0,0,0,0
34,62,1,3530.73335767346,1522.54253402908,47,0,0,147,0,0,0
34,62,2,3297.70373077021,411.250243749564,0,0,0,80,0,0,0
34,62,3,3430.72976212369,1316.64856294774,2,0,0,158,0,0,0
34,62,4,4023.20130227421,1230.34328189062,37,0,0,165,0,0,0
34,62,5,4323.56611979656,2310.97065939003,4,0,0,145,0,0,0
34,62,6,4984.82925696028,1075.42317355133,81,0,0,140,0,0,0
34,62,7,21023.3822196896,9870.81008791798,158,0,0,166,0,0,0
34,62,8,0,6,0,0,0,0,0,0,0
34,63,1,3552.64914761554,1159.31904560969,0,0,0,152,0,0,0
34,63,2,3275.8572385323,1500.52433964025,0,0,0,41,0,0,0
34,63,3,3450.1998692719,2006.19535510492,0,0,0,131,0,0,0
34,63,4,4042.28841474623,1677.7950196054,0,0,0,123,0,0,0
34,63,5,4384.01033656658,2411.76949717673,2,0,0,185,0,0,0
34,63,6,5031.0149136875,2198.62329558177,0,0,0,107,0,0,0
34,63,7,21093.2608982771,7599.45216485885,40,0,0,208,0,0,0
34,63,8,0,6,0,0,0,0,0,0,0
34,64,1,3587.55628907585,1655.84259312826,0,0,0,115,0,0,0
34,64,2,3326.93739705363,865.878023398137,0,0,0,150,0,0,0
34,64,3,3508.93948712987,1412.37740645113,4,0,0,170,0,0,0
34,64,4,4124.33923672938,1981.87023813205,0,0,0,167,0,0,0
34,64,5,4526.54508750733,2187.34021888946,8,0,0,182,0,0,0
34,64,6,5184.78063864489,3035.12439952935,2,0,0,188,0,0,5
34,64,7,21199.2107178227,14196.9066158384,83,0,0,178,0,0,0
34,64,8,0,6,0,0,0,0,0,0,0
34,65,1,3606.16340837329,1290.49557503752,0,0,0,165,0,0,0
34,65,2,3317.56308307778,1104.72660409453,0,0,0,86,0,0,0
34,65,3,3515.70417237947,1421.55309237096,0,0,0,141,0,0,0
34,65,4,4140.48303203769,848.161396401351,0,0,0,198,0,0,0
34,65,5,4578.7361571078,2071.63375758778,0,0,0,196,0,0,0
34,65,6,5250.59117418781,2578.11920187623,3,0,0,186,0,0,0
34,65,7,21214.2260188739,4953.52698958183,37,0,0,164,0,0,0
34,65,8,0,6,0,0,0,0,0,0,0
34,66,1,3603.8510435935,1445.3067241739,49,0,0,75,0,0,0
34,66,2,3312.75644045286,1623.23882511492,34,0,0,73,0,0,0
34,66,3,3500.0004881406,757.443851533749,70,0,0,65,0,0,0
34,66,4,4129.43049361435,1831.78240808601,28,0,0,54,0,0,0
34,66,5,4615.63677745335,2565.21909778728,89,0,0,109,0,0,0
34,66,6,5315.81360346479,1009.76290098764,105,0,0,142,0,0,0
34,66,7,21315.223734989,9197.1021938165,233,0,0,239,0,0,0
34,66,8,0,6,0,0,0,0,0,0,0
34,67,1,3618.43106042208,2373.96848564564,0,0,0,144,0,0,0
34,67,2,3311.0316796851,1102.73713847351,0,0,0,162,0,0,0
34,67,3,3479.79589210426,1453.19347298839,0,0,0,75,0,0,0
34,67,4,4165.59106588409,1719.40345688775,0,0,0,183,0,0,0
34,67,5,4672.54968017537,2789.04875165315,2,0,0,211,0,0,0
34,67,6,5355.12423737372,2277.7706451041,0,0,0,100,0,0,0
34,67,7,21340.5671017337,5257.8624955723,44,0,0,205,0,0,0
34,67,8,0,6,0,0,0,0,0,0,0
34,68,1,3627.30914521525,1553.96326296207,28,0,0,148,0,0,0
34,68,2,3301.49719411966,1825.24826241728,0,0,0,110,0,0,0
34,68,3,3485.72323062195,1581.20028802674,0,0,0,145,0,0,0
34,68,4,4185.30847001473,1936.86924356896,1,0,0,168,0,0,0
34,68,5,4716.193111677,1440.22329862436,39,0,0,155,0,0,0
34,68,6,5408.93044894943,1075.73244036588,26,0,0,147,0,0,0
34,68,7,21340.4207404357,6424.78314621133,124,0,0,141,0,0,0
34,68,8,0,6,0,0,0,0,0,0,0
34,69,1,3625.65126267219,1706.77433382475,0,0,0,155,0,0,0
34,69,2,3294.94404545066,2347.0175939668,0,0,0,178,0,0,0
34,69,3,3480.26610676808,1521.42526614434,0,0,0,158,0,0,0
34,69,4,4186.4349143976,935.035317722889,0,5,0,160,0,0,0
34,69,5,4751.68033828931,2272.20279530117,0,0,0,144,0,0,0
34,69,6,5451.45796366367,3371.93971661406,0,0,0,107,0,0,0
34,69,7,21340.0403266188,14140.2321215475,0,76,0,178,0,0,0
34,69,8,0,6,0,0,0,0,0,0,0
34,70,1,3643.9871621775,2488.6810225504,0,0,0,170,0,0,0
34,70,2,3296.5082602242,943.10299855966,0,5,0,171,0,0,0
34,70,3,3485.05176834739,877.77226870505,0,0,0,152,0,0,0
34,70,4,4184.8150273283,891.967328405462,0,0,0,93,0,0,0
34,70,5,4803.25867395845,1633.08372162956,0,6,0,159,0,0,0
34,70,6,5535.85920008305,1928.65638603432,0,13,0,187,0,0,0
34,70,7,21365.1204642015,8322.38438572372,0,108,0,184,0,0,0
34,70,8,0,6,0,0,0,0,0,0,0
34,71,1,3655.42484553337,884.361586451359,4,0,0,187,0,0,0
34,71,2,3291.46053883669,1597.29369483406,0,0,0,94,0,0,0
34,71,3,3472.05032482754,1740.98483490319,0,0,0,87,0,0,0
34,71,4,4182.46968628963,958.763935728769,0,0,0,89,0,0,0
34,71,5,4865.76999023348,2062.32939149022,0,0,0,163,0,0,0
34,71,6,5626.70089456277,1434.25909106647,0,0,0,192,0,0,0
34,71,7,21441.7137599424,4315.32383437638,42,0,0,208,0,0,0
34,71,8,0,6,0,0,0,0,0,0,0
34,72,1,3621.41076274435,1716.99898609557,0,50,0,38,0,0,0
34,72,2,3273.22970365649,1396.68676509073,0,71,0,88,0,0,0
34,72,3,3457.57894615077,1323.58463374595,0,82,0,92,0,0,0
34,72,4,4151.01284826358,3073.51544270274,0,64,0,31,0,0,0
34,72,5,4869.11018155675,2287.98439450192,0,105,0,101,0,0,0
34,72,6,5640.03069032425,2130.40067205414,0,67,0,76,0,0,0
34,72,7,21465.3041786763,9984.01736520407,0,222,0,209,0,0,0
34,72,8,0,6,0,0,0,0,0,0,0
34,73,1,3655.04861012034,1712.83769203048,0,0,0,171,0,0,0
34,73,2,3295.00764070258,853.40783675837,0,0,0,139,0,0,0
34,73,3,3465.89369721308,2071.40856594934,0,0,0,132,0,0,0
34,73,4,4212.41187756749,2037.70205466063,3,0,0,198,0,0,0
34,73,5,4944.31473437981,2343.43074426114,0,0,0,194,0,0,0
34,73,6,5760.81937627242,1722.27996539766,0,0,0,212,0,0,0
34,73,7,21541.3771472848,8069.04935818248,27,0,0,212,0,0,0
34,73,8,0,6,0,0,0,0,0,0,0
34,74,1,3683.55171764879,1608.51485343472,0,0,0,171,0,0,0
34,74,2,3297.61820046996,802.371921518663,0,0,0,85,0,0,0
34,74,3,3508.67527716359,482.278988404974,0,0,0,205,0,0,0
34,74,4,4274.64353144125,1930.67296136531,0,0,0,201,0,0,0
34,74,5,5060.95146889739,1695.69334716469,0,0,0,232,0,0,0
34,74,6,5857.83925307146,1014.69496798089,0,0,0,172,0,0,0
34,74,7,21666.0425342278,7864.80656921025,18,0,0,239,0,0,1
34,74,8,0,6,0,0,0,0,0,0,0
34,75,1,3715.64646987846,790.272629861556,0,0,0,160,0,0,0
34,75,2,3307.92919956641,1386.46150478711,0,0,0,80,0,0,0
34,75,3,3513.85345329488,1773.6378794903,0,0,0,48,0,0,0
34,75,4,4339.17569020936,1344.35424819546,0,0,0,189,0,0,0
34,75,5,5146.50292019102,2273.9300576865,0,0,0,169,0,0,0
34,75,6,5928.43675043127,621.012757777834,0,0,0,101,0,0,0
34,75,7,21816.68196889,8200.0700536753,29,0,0,261,0,0,2
34,75,8,0,6,0,0,0,0,0,0,0
34,76,1,3724.56942605514,852.616182288929,0,0,0,79,0,0,0
34,76,2,3334.9799526229,1213.82164605942,0,0,0,138,0,0,0
34,76,3,3576.93453381234,865.138965196425,0,0,0,177,0,0,0
34,76,4,4393.8929919502,1422.40474263509,0,0,0,134,0,0,0
34,76,5,5262.20815577525,1486.84291651315,1,0,0,190,0,0,3
34,76,6,5959.6065686781,1958.4180105651,0,0,0,62,0,0,0
34,76,7,21970.7526885786,7697.11651075572,37,0,0,227,0,0,0
34,76,8,0,6,0,0,0,0,0,0,0
34,77,1,3730.55129728203,793.850050489757,0,0,0,85,0,0,0
34,77,2,3371.77133356708,758.681507662414,0,0,0,121,0,0,0
34,77,3,3598.65188784279,2318.37463024228,0,0,0,86,0,0,0
34,77,4,4457.99439285169,1440.01353282704,0,0,0,142,0,0,0
34,77,5,5353.6375349353,3204.48259023721,0,0,0,148,0,0,0
34,77,6,6084.82896877374,1939.61901239596,6,0,0,154,0,0,0
34,77,7,22130.6755138854,11259.8781695014,84,0,0,199,0,0,1
34,77,8,0,6,0,0,0,0,0,0,0
34,78,1,3712.04803563724,2470.44150621726,0,0,0,79,0,0,0
34,78,2,3369.87216743971,891.164978827619,0,0,0,75,0,0,0
34,78,3,3634.1920211852,819.19351839176,0,0,0,230,0,0,0
34,78,4,4501.79664912627,2188.83565190754,0,0,0,144,0,0,0
34,78,5,5445.88337237881,2930.11844357273,6,0,0,193,0,0,0
34,78,6,6226.8222184296,2150.60645418634,0,0,0,193,0,0,0
34,78,7,22205.0120584505,11572.1555448484,50,0,0,211,0,0,1
34,78,8,0,6,0,0,0,0,0,0,0
34,79,1,3761.51552599229,1923.01359613145,2,0,0,203,0,0,0
34,79,2,3373.54876423546,1438.66828214016,0,0,0,89,0,0,0
34,79,3,3623.02451919624,686.771567543262,0,0,0,81,0,0,0
34,79,4,4582.55727939802,808.999880295584,0,0,0,204,0,0,0
34,79,5,5554.99949654788,1813.77279819895,0,0,0,225,0,0,0
34,79,6,6360.86863707014,606.833322338795,0,0,0,215,0,0,0
34,79,7,22274.2146503762,7376.66533323607,45,0,0,192,0,0,0
34,79,8,0,6,0,0,0,0,0,0,0
34,80,1,3804.05821145368,1063.18100081016,25,0,0,141,0,0,0
34,80,2,3395.5755125186,1222.47587869474,0,0,0,143,0,0,0
34,80,3,3626.69652144194,2032.05226153017,0,0,0,68,0,0,0
34,80,4,4578.75723877151,2554.68462652263,0,0,0,80,0,0,0
34,80,5,5606.82273324202,2287.56339617004,16,0,0,149,0,0,0
34,80,6,6388.18490386602,3400.57422224044,0,0,0,60,0,0,0
34,80,7,22404.4135550007,6839.44911417535,220,0,0,293,0,0,1
34,80,8,0,6,0,0,0,0,0,0,0
34,81,1,3768.05913549549,2186.71778752403,102,0,0,4,0,0,0
34,81,2,3387.41268252403,2243.57327117773,62,0,0,60,0,0,0
34,81,3,3631.24340820388,1250.17245467664,96,0,0,107,0,0,0
34,81,4,4604.51094001414,2080.88327282894,122,0,0,133,0,0,0
34,81,5,5627.78528814407,2335.45616950385,106,0,0,122,0,0,0
34,81,6,6466.03865832588,2490.65999423617,178,0,0,162,0,0,0
34,81,7,22501.9400557009,8972.72913066395,266,2,0,253,0,0,2
34,81,8,0,6,0,0,0,0,0,0,0
34,82,1,3812.34810759691,1650.27479842765,0,6,0,169,0,0,0
34,82,2,3439.18862273619,1275.43144146849,0,6,0,173,0,0,0
34,82,3,3653.37856162231,1301.27013434804,0,0,0,125,0,0,0
34,82,4,4677.9550970693,3045.65725115049,0,2,0,185,0,0,0
34,82,5,5752.5379046712,4254.42845323772,0,3,0,207,0,0,0
34,82,6,6631.14219363928,1069.31695619597,0,6,0,195,0,0,0
34,82,7,22529.6019415873,12682.5478324562,0,93,0,169,0,0,0
34,82,8,0,6,0,0,0,0,0,0,0
34,83,1,3869.3207449658,1361.70268615833,0,0,0,165,0,0,0
34,83,2,3467.30879355611,1407.09599967724,0,0,0,127,0,0,0
34,83,3,3673.44124822198,2085.15560367048,0,0,0,130,0,0,0
34,83,4,4761.02686512118,1542.92427603918,0,17,0,177,0,0,0
34,83,5,5894.7866568499,2577.82638034567,0,28,0,203,0,0,0
34,83,6,6760.96239545339,2074.70644790599,0,0,0,106,0,0,0
34,83,7,22618.8710365254,10157.6190523172,0,137,0,240,0,0,0
34,83,8,0,6,0,0,0,0,0,0,0
34,84,1,3892.88997910005,1574.9482609742,0,0,0,136,0,0,0
34,84,2,3472.50539529564,1171.82198666519,0,0,0,140,0,0,0
34,84,3,3708.71891135304,1338.95811474325,0,0,0,208,0,0,0
34,84,4,4798.03834832661,1823.91092644123,0,0,0,154,0,0,0
34,84,5,5975.29514596356,2646.74515497007,0,0,0,251,0,0,0
34,84,6,6828.50912199546,3910.43999971507,1,0,0,176,0,0,0
34,84,7,22683.7804584137,7224.51783904367,29,0,0,238,0,0,1
34,84,8,0,6,0,0,0,0,0,0,0
34,85,1,3952.35245372002,2103.36691821501,0,0,0,155,0,0,0
34,85,2,3513.49819465868,653.029030357471,0,0,0,117,0,0,0
34,85,3,3738.12090060239,1512.75272264216,0,0,0,133,0,0,0
34,85,4,4910.61854487929,942.223421376803,2,0,0,169,0,0,0
34,85,5,6170.22057441047,3180.3418027515,10,0,0,198,0,0,0
34,85,6,7012.1270359157,1906.18468773691,36,0,0,158,0,0,0
34,85,7,22813.477485906,9681.54567378309,85,0,0,178,0,0,0
34,85,8,0,6,0,0,0,0,0,0,0
34,86,1,3998.78010466459,1370.52480709617,0,0,0,206,0,0,0
34,86,2,3515.88598237141,854.74058617163,0,0,0,65,0,0,0
34,86,3,3757.96769046768,1374.00951295391,0,0,0,151,0,0,0
34,86,4,4914.00674706079,2649.28491711608,0,0,0,94,0,0,0
34,86,5,6311.56822602032,2569.47859812442,0,1,0,272,0,0,0
34,86,6,7133.64468792659,1458.01459570107,0,0,0,180,0,0,0
34,86,7,22933.9904884037,7440.27199398044,0,33,0,279,0,0,0
34,86,8,0,6,0,0,0,0,0,0,0
34,87,1,3968.29068404946,1688.52009488198,0,76,0,61,0,0,0
34,87,2,3486.40262790509,1663.49004279524,0,46,0,39,0,0,0
34,87,3,3741.12565407366,1048.78142056431,0,71,0,66,0,0,0
34,87,4,4918.84199366659,2812.77032036039,0,140,0,124,0,0,0
34,87,5,6370.24958174625,1752.92239543943,0,117,0,139,0,0,0
34,87,6,7151.1159092237,1539.75948384939,0,87,0,58,0,0,0
34,87,7,22935.5225690297,7351.68902520724,4,185,0,172,0,0,6
34,87,8,0,6,0,0,0,0,0,0,0
34,88,1,4027.72694211973,1701.201459507,0,0,0,168,0,0,0
34,88,2,3567.5251846882,2126.55261484388,0,0,0,166,0,0,0
34,88,3,3758.91165980244,1452.52533122549,0,0,0,104,0,0,0
34,88,4,5027.31284997354,2418.2864398838,2,0,0,240,0,0,0
34,88,5,6521.99281089951,4124.88908714046,0,0,0,175,0,0,0
34,88,6,7281.31248428736,2922.10187393335,0,0,0,153,0,0,0
34,88,7,23026.7499671725,7331.81106265609,34,0,0,194,0,0,0
34,88,8,0,6,0,0,0,0,0,0,0
34,89,1,4054.51178580552,2264.27480697294,0,0,0,170,0,0,0
34,89,2,3627.70205522041,2059.14757100371,0,0,0,212,0,0,0
34,89,3,3805.47095490369,1640.18682407491,0,0,0,145,0,0,0
34,89,4,5196.38069447135,3013.59878056568,0,0,0,231,0,0,0
34,89,5,6769.44290414093,3454.47343244792,7,0,0,264,0,0,0
34,89,6,7556.54617891033,4155.9425466283,0,0,0,271,0,0,0
34,89,7,23168.2782864543,9937.1722157514,27,0,0,189,0,0,0
34,89,8,0,6,0,0,0,0,0,0,0
34,90,1,4164.79518623385,1451.32516935824,1,0,0,201,0,0,0
34,90,2,3746.77699701956,1280.42537049565,0,0,0,205,0,0,0
34,90,3,3870.15172027066,2043.96229588032,0,0,0,164,0,0,0
34,90,4,5331.77906464797,3075.65179229045,3,0,0,227,0,0,0
34,90,5,6998.42495336893,1724.35273587639,5,0,0,226,0,0,0
34,90,6,7819.26378854106,2159.72024484356,8,0,0,229,0,0,0
34,90,7,23318.3711021508,7786.36188948143,37,0,0,222,0,0,0
34,90,8,0,6,0,0,0,0,0,0,0
34,91,1,4197.68593846886,2258.64215064606,0,0,0,145,0,0,0
34,91,2,3787.99297773272,1691.33275265928,0,0,0,128,0,0,0
34,91,3,3944.4983400126,1534.79442401397,0,0,0,200,0,0,0
34,91,4,5483.35151817437,856.672937836176,23,0,0,165,0,0,0
34,91,5,7198.91344265472,2957.36987489672,2,0,0,160,0,0,0
34,91,6,8057.88519858759,2229.06590609957,4,0,0,190,0,0,0
34,91,7,23485.8001259519,7509.89995324893,90,0,0,224,0,0,0
34,91,8,0,6,0,0,0,0,0,0,0
34,92,1,4231.15093215393,1904.6537814611,26,0,0,142,0,0,0
34,92,2,3821.35776968782,1551.37076057966,0,0,0,169,0,0,0
34,92,3,3999.73068475444,1986.78320870979,1,0,0,150,0,0,0
34,92,4,5588.85786633086,1167.18665910896,0,0,0,85,0,0,0
34,92,5,7414.94125488188,4402.23967811421,41,0,0,163,0,0,0
34,92,6,8311.42646457491,1467.69990901749,18,0,0,164,0,0,0
34,92,7,23637.3912900655,8650.29658169096,165,0,0,222,0,0,0
34,92,8,0,6,0,0,0,0,0,0,0
34,93,1,4334.64566563377,3367.70692581531,0,0,0,189,0,0,0
34,93,2,3932.98292883731,1475.15248602296,0,0,0,155,0,0,0
34,93,3,4056.49494782657,554.322792645883,3,0,0,172,0,0,0
34,93,4,5642.97827824225,3578.38812872642,0,0,0,116,0,0,0
34,93,5,7625.69257334051,3407.79694345256,31,0,0,181,0,0,0
34,93,6,8467.71544650686,4516.00775489882,0,0,0,145,0,0,0
34,93,7,23763.9358743947,8370.6644389445,82,0,0,185,0,0,0
34,93,8,0,6,0,0,0,0,0,0,0
34,94,1,4393.91857230486,1152.31425790417,31,0,0,153,0,0,0
34,94,2,3960.45549275557,1331.96862745277,0,0,0,147,0,0,0
34,94,3,4052.16975037209,2115.9944126058,0,0,0,55,0,0,0
34,94,4,5797.17088403501,3261.13047350947,26,0,0,199,0,0,0
34,94,5,7846.57680700755,2696.39821667766,28,0,0,175,0,0,0
34,94,6,8783.89975731011,2481.21247046371,42,0,0,203,0,0,0
34,94,7,23910.0883317146,4554.96461519535,109,0,0,188,0,0,0
34,94,8,0,6,0,0,0,0,0,0,0
34,95,1,4417.39301678214,1499.72181965251,0,0,0,115,0,0,0
34,95,2,4026.11367990712,1314.53042999032,0,0,0,133,0,0,0
34,95,3,4133.57191521973,1797.06440983227,20,0,0,155,0,0,0
34,95,4,5954.48994665913,2334.10323639538,58,0,0,163,0,0,0
34,95,5,8116.75467519528,3096.33449910828,28,0,0,191,0,0,0
34,95,6,9169.20219812341,4664.17160101112,34,0,0,151,0,0,0
34,95,7,24045.6350692849,16757.9488132457,92,0,0,192,0,0,4
34,95,8,0,6,0,0,0,0,0,0,0
34,96,1,4415.53817461129,1913.11046129591,0,0,0,149,0,0,0
34,96,2,4027.27911607259,3043.63316656097,0,0,0,131,0,0,0
34,96,3,4140.51673768409,1710.71412174417,0,0,0,179,0,0,0
34,96,4,5976.91738151475,3419.5131405481,0,0,0,204,0,0,0
34,96,5,8223.74211204625,3568.30946303011,1,0,0,231,0,0,0
34,96,6,9291.55318615183,3329.37984293319,5,0,0,211,0,0,0
34,96,7,24062.2855144659,11068.0609263092,32,0,0,238,0,0,0
34,96,8,0,6,0,0,0,0,0,0,0
34,97,1,4379.91981069129,1583.27131699665,0,101,0,90,0,0,0
34,97,2,4017.30627538246,1247.78225261627,0,146,0,158,0,0,0
34,97,3,4132.84555935285,1273.24715008537,0,89,0,82,0,0,0
34,97,4,6030.18558060003,1227.48260555075,0,170,0,171,0,0,0
34,97,5,8365.06035102172,3351.43043607138,0,174,0,181,0,0,0
34,97,6,9537.70274549626,3194.10512656808,0,177,0,155,0,0,0
34,97,7,24100.2287256921,15258.2362305111,8,168,0,190,0,0,1
34,97,8,0,6,0,0,0,0,0,0,0
34,98,1,4392.71203054001,1233.07656125242,0,0,0,158,0,0,0
34,98,2,4031.85032740223,1860.87148058508,0,0,0,124,0,0,0
34,98,3,4160.1115248437,1396.90749045362,0,0,0,127,0,0,0
34,98,4,6065.41339893496,2243.73911905832,0,0,0,122,0,0,0
34,98,5,8504.01327688585,4396.50836891825,1,0,0,262,0,0,0
34,98,6,9670.84186735569,4201.29534630167,1,0,0,258,0,0,0
34,98,7,24127.9137312902,3778.52604083564,30,0,0,208,0,0,0
34,98,8,0,6,0,0,0,0,0,0,0
34,99,1,4512.4172992753,1292.83197243166,0,0,0,123,0,0,0
34,99,2,4186.29490444207,868.170674899296,0,0,0,180,0,0,0
34,99,3,4270.42159536022,1647.38236044144,0,0,0,139,0,0,0
34,99,4,6338.10854340021,2132.41468878966,0,0,0,218,0,0,0
34,99,5,9025.97662846082,1728.73940433628,18,0,0,273,0,0,0
34,99,6,10271.0621057197,3126.13172233299,24,0,0,195,0,0,0
34,99,7,24372.5731026391,13093.4484117825,18,0,0,211,0,0,0
34,99,8,0,6,0,0,0,0,0,0,0
34,100,1,4545.00039419195,1647.50158717497,0,0,0,129,0,0,0
34,100,2,4186.84895612467,1180.91539416343,0,0,0,86,0,0,0
34,100,3,4302.37805335529,1305.48069417325,0,0,0,164,0,0,0
34,100,4,6450.07567619123,2535.76642067156,0,0,0,213,0,0,0
34,100,5,9140.82086664008,1850.45918391335,0,0,0,172,0,0,0
34,100,6,10591.8676543351,3324.54892454664,2,0,0,221,0,0,0
34,100,7,24417.105770776,11280.9603343168,25,0,0,244,0,0,1
34,100,8,0,6,0,0,0,0,0,0,0
35,1,1,2811.136,1788.60155277914,0,0,0,59,0,0,0
35,1,2,2816.8576,1316.94829305072,0,0,0,84,0,0,0
35,1,3,2815.712,1016.38813710666,0,0,0,43,0,0,0
35,1,4,2819.304,1676.15893760212,0,0,0,81,0,0,0
35,1,5,2805.232,1402.84410172233,0,0,0,24,0,0,0
35,1,6,2815.008,1147.34027182882,0,0,0,82,0,0,0
35,1,7,20190.5231999999,4896.81367955966,0,0,0,63,0,0,0
35,1,8,0,6,0,0,0,60,0,0,0
35,2,1,2832.256,735.817028254385,0,0,0,178,0,0,0
35,2,2,2830.624,1142.34129101549,0,0,0,131,0,0,0
35,2,3,2827.32,671.727875411425,0,0,0,101,0,0,0
35,2,4,2843.23199999999,678.434799068546,0,0,0,167,0,0,0
35,2,5,2821.488,714.613735900903,0,0,0,140,0,0,0
35,2,6,2824.7664,1096.55649455798,0,0,0,114,0,0,0
35,2,7,20124.7187199998,11817.2379927274,1,14,0,201,0,0,0
35,2,8,0,6,0,0,0,0,0,0,0
35,3,1,2836.3456,1648.64414899175,0,0,0,73,0,0,0
35,3,2,2834.5824,1761.72268558483,0,0,0,114,0,0,0
35,3,3,2832.2272,1776.21753511364,0,0,0,67,0,0,0
35,3,4,2845.50399999999,915.781020626849,0,0,0,67,0,0,0
35,3,5,2821.6944,1087.24110567767,0,0,0,71,0,0,0
35,3,6,2833.97439999999,718.197094550361,0,0,0,109,0,0,0
35,3,7,20074.6163199997,8641.99107644251,26,0,0,260,0,0,0
35,3,8,0,6,0,0,0,0,0,0,0
35,4,1,2837.3808,678.690854889932,0,98,0,66,0,0,0
35,4,2,2841.76799999999,1228.45678242757,0,76,0,100,0,0,0
35,4,3,2836.3248,707.518362056004,0,85,0,92,0,0,0
35,4,4,2840.71199999999,631.372246591255,0,47,0,44,0,0,0
35,4,5,2817.82048,810.644132861751,0,60,0,48,0,0,0
35,4,6,2830.29279999999,697.472010147094,0,23,0,48,0,0,0
35,4,7,20047.1519999997,9301.13914731837,2,378,0,372,0,0,0
35,4,8,0,6,0,0,0,0,0,0,0
35,5,1,2846.2608,711.289417966283,0,0,0,67,0,0,0
35,5,2,2865.73439999999,1464.33965386321,0,0,0,122,0,0,0
35,5,3,2849.4608,1123.07699028858,0,0,0,70,0,0,0
35,5,4,2850.87359999999,1401.82708566153,0,0,0,63,0,0,0
35,5,5,2827.47808,1180.77446178253,0,0,0,81,0,0,0
35,5,6,2838.18879999999,1596.43138167425,0,0,0,69,0,0,0
35,5,7,20043.2979199997,5344.40963759049,27,0,0,180,0,0,0
35,5,8,0,6,0,0,0,0,0,0,0
35,6,1,2855.43808,1121.83444280973,0,0,0,71,0,0,0
35,6,2,2893.59967999999,1241.52353512484,0,0,0,146,0,0,0
35,6,3,2870.2304,829.527590081668,0,0,0,112,0,0,0
35,6,4,2874.14239999999,1142.67028632808,0,0,0,140,0,0,0
35,6,5,2846.11008,1495.04349854273,0,0,0,118,0,0,0
35,6,6,2863.48479999999,765.099954063656,4,0,0,149,0,0,0
35,6,7,20041.6115199997,10539.1884742405,137,0,0,191,0,0,0
35,6,8,0,6,0,0,0,0,0,0,0
35,7,1,2871.78688,1125.82720939308,0,0,0,112,0,0,0
35,7,2,2913.23871999999,1060.87912879245,0,0,0,124,0,0,0
35,7,3,2879.96927999999,696.930613910712,0,0,0,82,0,0,0
35,7,4,2890.60159999999,1082.87242894587,0,0,0,114,0,0,0
35,7,5,2868.5776,1271.59285752201,0,0,0,149,0,0,0
35,7,6,2873.37759999999,728.550462920662,0,0,0,76,0,0,0
35,7,7,20051.6044799997,7476.02899010293,44,0,0,201,0,0,0
35,7,8,0,6,0,0,0,0,0,0,0
35,8,1,2886.372224,2037.78917537318,0,0,0,112,0,0,0
35,8,2,2926.64351999999,376.469775243769,0,0,0,106,0,0,0
35,8,3,2888.92767999999,1652.96671500251,0,0,0,69,0,0,0
35,8,4,2904.90047999999,520.44097056914,0,0,0,108,0,0,0
35,8,5,2885.682304,1087.34265472041,0,0,0,127,0,0,0
35,8,6,2882.37119999999,1073.18959412457,0,0,0,72,0,0,0
35,8,7,20086.9820159996,9048.66138509123,297,0,0,302,0,0,0
35,8,8,0,6,0,0,0,0,0,0,0
35,9,1,2911.4076288,1675.45857779049,8,0,0,163,0,0,0
35,9,2,2923.44832,566.92980351516,0,0,0,37,0,0,0
35,9,3,2913.3696,1543.1703167985,0,0,0,165,0,0,0
35,9,4,2904.37728,983.485534345898,0,0,0,52,0,0,0
35,9,5,2897.863424,1765.4417134808,0,0,0,108,0,0,0
35,9,6,2900.06111999999,1550.28630206342,0,0,0,107,0,0,0
35,9,7,20133.5109759995,9523.91193826216,138,0,0,214,0,0,0
35,9,8,0,6,0,0,0,0,0,0,0
35,10,1,2934.1081088,861.963141302916,0,0,0,167,0,0,0
35,10,2,2918.6180352,1890.3003019671,0,0,0,56,0,0,0
35,10,3,2934.78848,916.00914292806,0,0,0,154,0,0,0
35,10,4,2910.58528,1519.37573711769,0,0,0,98,0,0,0
35,10,5,2923.335744,807.206794464119,0,0,0,176,0,0,0
35,10,6,2923.97727999999,1403.22284126264,0,0,0,155,0,0,0
35,10,7,20166.2885759995,6459.21114234441,91,0,0,197,0,0,0
35,10,8,0,6,0,0,0,0,0,0,0
35,11,1,2941.5977088,1116.17278798101,0,0,0,86,0,0,0
35,11,2,2932.74349824,772.761906160366,33,0,0,146,0,0,0
35,11,3,2937.71232,1120.50648526586,1,0,0,90,0,0,0
35,11,4,2916.556416,1885.60675104148,38,0,0,102,0,0,0
35,11,5,2927.369856,1014.92781966201,1,0,0,79,0,0,0
35,11,6,2944.18662399999,1255.40506568592,2,0,0,137,0,0,0
35,11,7,20212.9340159996,10159.0224699872,235,0,0,256,0,0,13
35,11,8,0,6,0,0,0,0,0,0,0
35,12,1,2954.3196288,1156.92493759771,0,0,0,111,0,0,0
35,12,2,2935.55655424,1666.34889196929,0,0,0,77,0,0,0
35,12,3,2944.57856,1061.2185373095,0,0,0,112,0,0,0
35,12,4,2940.1413888,1167.51469765746,0,0,0,188,0,0,0
35,12,5,2941.258496,1124.08402329844,0,0,0,101,0,0,0
35,12,6,2961.23404799999,1475.54351132325,0,0,0,125,0,0,0
35,12,7,20248.9183999996,10026.6189488144,52,0,0,188,0,0,0
35,12,8,0,6,0,0,0,0,0,0,0
35,13,1,2969.7269888,596.465976890841,0,0,0,115,0,0,0
35,13,2,2962.42541824,791.380150009874,0,0,0,166,0,0,0
35,13,3,2953.22193920001,1484.77803517026,0,0,0,106,0,0,0
35,13,4,2950.8322688,1236.08361138808,0,0,0,116,0,0,0
35,13,5,2955.012224,337.379734076752,0,0,0,112,0,0,0
35,13,6,2989.48954879999,1351.63765004026,0,0,0,147,0,0,0
35,13,7,20286.3646079995,11848.3589384353,71,0,0,179,0,0,0
35,13,8,0,6,0,0,0,0,0,0,0
35,14,1,2970.0709888,2012.70854021782,0,0,0,59,0,0,0
35,14,2,2962.43239424,938.24357506132,0,0,0,79,0,0,0
35,14,3,2969.70371840001,1403.53349354924,0,0,0,148,0,0,0
35,14,4,2960.7502848,1685.61160013508,0,0,0,123,0,0,0
35,14,5,2951.982016,872.433567090585,0,0,0,33,0,0,0
35,14,6,3010.73665279999,1064.1995264983,0,0,0,135,0,0,0
35,14,7,20317.8030079996,6956.43370340731,55,0,0,180,0,0,0
35,14,8,0,6,0,0,0,0,0,0,0
35,15,1,2977.26526464,1463.85841615401,122,0,0,67,0,0,0
35,15,2,2956.46319104,810.166885220777,48,0,0,41,0,0,0
35,15,3,2972.00333568001,1635.67950950863,63,0,0,71,0,0,0
35,15,4,2968.8495616,979.08796139721,75,0,0,86,0,0,0
35,15,5,2956.6580224,1239.24658700925,17,0,0,68,0,0,0
35,15,6,3028.66803455999,426.890816369494,23,0,0,81,0,0,0
35,15,7,20411.9050137595,8723.66663250887,316,0,0,348,0,0,0
35,15,8,0,6,0,0,0,0,0,0,0
35,16,1,2998.12502476801,1512.37788396164,0,0,0,146,0,0,0
35,16,2,2965.01013504,1670.32473523977,0,0,0,81,0,0,0
35,16,3,2998.36325580801,1045.68343188388,0,0,0,163,0,0,0
35,16,4,2981.2461184,2075.53642950724,0,0,0,97,0,0,0
35,16,5,2971.94654720001,1278.87614683208,0,0,0,123,0,0,0
35,16,6,3030.08259072,678.611615407732,0,0,0,42,0,0,0
35,16,7,20448.8341099515,11048.4681794866,73,0,0,186,0,0,0
35,16,8,0,6,0,0,0,0,0,0,0
35,17,1,3025.869539328,591.116958540096,0,0,0,151,0,0,0
35,17,2,2995.56757504001,1708.72706508585,0,0,0,167,0,0,0
35,17,3,3007.03458764802,760.073909727483,0,0,0,104,0,0,0
35,17,4,3016.37153536001,1382.03452490594,0,0,0,183,0,0,1
35,17,5,2987.95217715201,1695.26158477864,0,0,0,127,0,0,0
35,17,6,3033.50473472,778.549367579747,0,0,0,67,0,0,0
35,17,7,20506.7426228219,11833.8142012558,49,0,0,203,0,0,0
35,17,8,0,6,0,0,0,0,0,0,0
35,18,1,3026.19145932801,1307.13709135217,0,0,0,59,0,0,0
35,18,2,3021.11969024001,1805.22666819919,0,0,0,170,0,0,0
35,18,3,3009.87439308802,1511.30655112583,0,0,0,76,0,0,0
35,18,4,3036.03380736001,740.858380892701,0,0,0,138,0,0,0
35,18,5,3011.48615229441,930.996294279562,0,0,0,169,0,0,0
35,18,6,3042.7650461696,1295.26752429731,0,0,0,77,0,0,0
35,18,7,20552.7685669063,7515.34596503276,43,0,0,249,0,0,1
35,18,8,0,6,0,0,0,0,0,0,0
35,19,1,3039.89622732801,1622.93972076512,0,0,0,130,0,0,0
35,19,2,3039.27143424001,1078.91624624001,8,0,0,150,0,0,0
35,19,3,3027.35557068802,1077.63874607609,0,0,0,151,0,0,0
35,19,4,3035.28878336001,1496.72437684158,0,0,0,74,0,0,0
35,19,5,3017.74138429441,733.008877777294,0,0,0,93,0,0,0
35,19,6,3060.1808541696,1251.34866370923,0,0,0,129,0,0,0
35,19,7,20579.6983594183,9081.26862483647,127,0,0,185,0,0,13
35,19,8,0,6,0,0,0,0,0,0,0
35,20,1,3059.27208796161,966.133654771645,0,0,0,162,0,0,0
35,20,2,3047.89721344001,1695.98332165688,0,0,0,107,0,0,0
35,20,3,3035.57944268802,1080.88487221768,0,0,0,107,0,0,0
35,20,4,3049.66587136001,2077.96627192909,0,0,0,149,0,0,0
35,20,5,3018.75763722241,1395.16835599677,0,0,0,73,0,0,0
35,20,6,3074.4246921216,911.797961159024,0,0,0,125,0,0,0
35,20,7,20608.6414122183,6724.73247067032,84,0,0,195,0,0,0
35,20,8,0,6,0,0,0,0,0,0,0
35,21,1,3046.46845532161,995.939296688887,84,0,0,12,0,0,0
35,21,2,3047.95013120001,1470.23275453607,87,0,0,82,0,0,0
35,21,3,3029.1955418317,967.931158344241,56,0,0,52,0,0,0
35,21,4,3056.20655616001,1549.52452558295,105,0,0,102,0,0,0
35,21,5,3016.25401571329,1642.36200992953,71,0,0,68,0,0,0
35,21,6,3076.9445769216,1268.21482406228,44,0,0,47,0,0,0
35,21,7,20672.3460647111,10235.9967441456,297,0,0,313,0,0,1
35,21,8,0,6,0,0,0,0,0,0,0
35,22,1,3052.49157724161,1828.7941759536,0,0,0,99,0,0,0
35,22,2,3064.83417600001,805.120252648813,0,0,0,147,0,0,0
35,22,3,3035.61615755676,1099.2424022151,0,0,0,96,0,0,0
35,22,4,3077.44321280002,536.220731213688,0,0,0,154,0,0,0
35,22,5,3038.91620839835,682.01068346837,0,0,0,164,0,0,0
35,22,6,3091.4567202816,1654.46966494491,0,0,0,126,0,0,0
35,22,7,20679.8247335111,8805.22753952537,63,0,0,183,0,0,0
35,22,8,0,6,0,0,0,0,0,0,0
35,23,1,3083.17673379841,1017.64603856723,1,0,0,170,0,0,0
35,23,2,3071.14592000002,2042.92888311934,0,0,0,80,0,0,0
35,23,3,3048.03577432476,1164.20961556543,0,0,0,109,0,0,0
35,23,4,3073.37817600002,598.194071747414,0,0,0,53,0,0,0
35,23,5,3044.52680311195,1958.36774150879,0,0,0,68,0,0,0
35,23,6,3122.89528166401,1970.45903374871,0,0,0,165,0,0,0
35,23,7,20702.864181063,9546.59585722599,93,0,0,208,0,0,0
35,23,8,0,6,0,0,0,0,0,0,0
35,24,1,3104.85926381569,1766.88423747073,0,0,0,101,0,0,0
35,24,2,3100.12915456002,635.043079931378,2,0,0,183,0,0,0
35,24,3,3071.41271429139,1441.40661401438,0,0,0,116,0,0,0
35,24,4,3074.62163763202,587.536542393997,0,0,0,59,0,0,0
35,24,5,3091.50056689682,1111.19744379012,0,0,0,193,0,0,0
35,24,6,3173.77346426881,1187.9001187844,0,0,0,197,0,0,0
35,24,7,20733.3294596703,3349.99579244735,91,0,0,190,0,0,0
35,24,8,0,6,0,0,0,0,0,0,0
35,25,1,3129.60349933569,1391.85078763837,0,0,0,176,0,0,0
35,25,2,3098.92323072002,1380.40979546537,0,0,0,63,0,0,0
35,25,3,3087.82961817619,327.918854633883,0,0,0,144,0,0,0
35,25,4,3070.73308723202,2159.67826783687,0,0,0,58,0,0,0
35,25,5,3105.51442468882,809.285971331432,0,0,0,111,0,0,0
35,25,6,3194.09395886081,640.06788627651,0,0,0,118,0,0,0
35,25,7,20737.1014775358,6382.53715228535,53,0,0,160,0,0,0
35,25,8,0,6,0,0,0,0,0,0,0
35,26,1,3145.57301229569,1589.15689788272,0,0,0,139,0,0,0
35,26,2,3105.41461555202,1300.82161359491,0,0,0,138,0,0,0
35,26,3,3075.97836238457,1149.97868558034,0,0,0,32,0,0,0
35,26,4,3099.28501555202,326.541642965816,0,0,0,215,0,0,0
35,26,5,3106.36235812882,803.439425551858,0,0,0,80,0,0,0
35,26,6,3196.27538954241,1871.6503752483,0,0,0,64,0,0,0
35,26,7,20769.6317815358,7432.85557654185,22,0,0,300,0,0,0
35,26,8,0,6,0,0,0,0,0,0,0
35,27,1,3161.54666272769,2432.09106407066,0,0,0,158,0,0,0
35,27,2,3109.63585894402,1388.59352312293,0,0,0,130,0,0,0
35,27,3,3077.75493582457,777.141437660634,0,0,0,114,0,0,0
35,27,4,3087.76652288002,938.631217154895,0,0,0,32,0,0,0
35,27,5,3109.38805397522,1558.96127771986,0,0,0,80,0,0,0
35,27,6,3225.19710625793,907.763060425068,0,0,0,186,0,0,0
35,27,7,20775.1378295358,6816.86081143299,28,0,0,197,0,0,0
35,27,8,0,6,0,0,0,0,0,0,0
35,28,1,3186.3828810957,1886.53557197346,10,0,0,180,0,0,0
35,28,2,3124.52885555202,344.6608356916,0,0,0,138,0,0,0
35,28,3,3074.96888065657,1837.84582082233,0,0,0,77,0,0,0
35,28,4,3081.8085193933,1573.54572988373,0,0,0,93,0,0,0
35,28,5,3132.90131605522,1880.31174783691,0,0,0,155,0,0,0
35,28,6,3232.28087250536,1292.14386116883,0,0,0,90,0,0,0
35,28,7,20779.8482863678,7549.72858969986,82,0,0,191,0,0,0
35,28,8,0,6,0,0,0,0,0,0,0
35,29,1,3204.37752342529,1457.91720179221,4,0,0,150,0,0,0
35,29,2,3106.87063142402,1405.8314600903,0,0,0,34,0,0,0
35,29,3,3096.11776513658,550.672369080841,2,0,0,165,0,0,0
35,29,4,3096.6570805453,1177.63194335121,0,0,0,157,0,0,0
35,29,5,3160.68709218322,1275.19204012585,0,0,0,182,0,0,0
35,29,6,3254.72781069026,1877.07947184197,0,0,0,129,0,0,0
35,29,7,20781.5712047677,9565.57757697241,70,0,0,180,0,0,0
35,29,8,0,6,0,0,0,0,0,0,0
35,30,1,3221.20488606189,1521.43478916965,0,0,0,145,0,0,0
35,30,2,3115.95611136002,764.402014176816,0,0,0,140,0,0,0
35,30,3,3081.8700200921,1506.30656468042,0,0,0,55,0,0,0
35,30,4,3101.98130366876,1180.28831875755,0,0,0,117,0,0,0
35,30,5,3170.44271151122,915.08097334427,0,0,0,127,0,0,0
35,30,6,3286.14031253833,1454.96611276655,0,0,0,174,0,0,0
35,30,7,20794.4161487216,7338.84060554912,43,0,0,204,0,0,0
35,30,8,0,6,0,0,0,0,0,0,0
35,31,1,3242.43692968839,1759.45199610804,0,0,0,152,0,0,0
35,31,2,3110.09845657602,711.721515665748,0,0,0,76,0,0,0
35,31,3,3095.39036497529,1898.51026561621,0,0,0,150,0,0,0
35,31,4,3107.97298622876,2114.99165755253,0,0,0,118,0,0,0
35,31,5,3170.2704396085,952.429383618959,0,0,0,91,0,0,0
35,31,6,3312.92870396233,1092.78212287871,0,0,0,145,0,0,0
35,31,7,20814.3712744487,5285.1770848386,196,0,0,204,0,0,0
35,31,8,0,6,0,0,0,0,0,0,0
35,32,1,3235.06535863502,1571.08451893076,0,89,0,86,0,0,0
35,32,2,3086.95333529602,1016.04597737989,0,48,0,23,0,0,0
35,32,3,3086.78453870202,1121.47789519612,0,93,0,96,0,0,0
35,32,4,3098.17357969082,1546.32583811151,0,109,0,102,0,0,0
35,32,5,3148.1554346805,1480.0079702129,0,50,0,45,0,0,0
35,32,6,3309.97611465033,1931.0078090209,0,51,0,58,0,0,0
35,32,7,20823.2462266407,8339.84300384266,3,205,0,222,0,0,0
35,32,8,0,6,0,0,0,0,0,0,0
35,33,1,3271.44038847432,943.960494396223,0,0,0,157,0,0,0
35,33,2,3102.8437091533,1197.2806653407,0,0,0,101,0,0,0
35,33,3,3106.202033144,999.548844718342,0,0,0,112,0,0,0
35,33,4,3130.0699877173,1458.78779064694,0,0,0,154,0,0,0
35,33,5,3178.71244627495,747.35221444243,0,0,0,148,0,0,0
35,33,6,3364.60304129296,1546.80086325003,0,0,0,189,0,0,0
35,33,7,20886.6746905969,3459.43918973315,30,0,0,224,0,0,0
35,33,8,0,6,0,0,0,0,0,0,0
35,34,1,3284.02104726472,1706.31385025733,0,0,0,94,0,0,0
35,34,2,3114.77570093468,1322.59993244021,0,0,0,119,0,0,0
35,34,3,3112.92681932,1227.30832755938,0,0,0,99,0,0,0
35,34,4,3149.4162881333,1290.96455050257,0,0,0,145,0,0,0
35,34,5,3184.71190816295,2233.529562285,0,0,0,74,0,0,0
35,34,6,3387.05292936873,2163.11490208439,2,0,0,146,0,0,0
35,34,7,20916.1399112049,7844.7714149538,37,0,0,208,0,0,0
35,34,8,0,6,0,0,0,0,0,0,0
35,35,1,3317.98399227725,2228.22339037213,0,0,0,170,0,0,0
35,35,2,3130.96971420469,1200.77300980971,0,0,0,132,0,0,0
35,35,3,3122.499265016,1004.88611858196,0,0,0,122,0,0,0
35,35,4,3167.30008645651,489.557803961631,0,0,0,129,0,0,0
35,35,5,3221.60667229735,1164.74460666984,0,0,0,210,0,0,0
35,35,6,3438.00786255038,1641.21910728571,0,0,0,207,0,0,0
35,35,7,20948.5464939889,4179.82946459555,29,0,0,187,0,0,0
35,35,8,0,6,0,0,0,0,0,0,0
35,36,1,3341.87394666317,1428.74976162334,16,0,0,157,0,0,0
35,36,2,3138.49914893109,832.684655635624,0,0,0,120,0,0,0
35,36,3,3128.15912037599,1130.5309324123,0,0,0,100,0,0,0
35,36,4,3160.2969239349,1665.93700982005,0,0,0,48,0,0,0
35,36,5,3235.18478374849,683.215821384837,0,0,0,116,0,0,0
35,36,6,3470.2848296254,419.028528529102,0,0,0,164,0,0,0
35,36,7,20968.2072299889,5965.69870824306,61,0,0,165,0,0,0
35,36,8,0,6,0,0,0,0,0,0,0
35,37,1,3363.28817822665,1234.46530952028,0,0,0,142,0,0,0
35,37,2,3146.37017869109,1643.25412295287,0,0,0,83,0,0,0
35,37,3,3141.22483627231,848.689106019565,0,0,0,113,0,0,0
35,37,4,3184.50499002386,1670.11171352252,0,0,0,166,0,0,0
35,37,5,3240.01406861249,1303.38325793042,0,0,0,68,0,0,0
35,37,6,3469.78619165804,2105.1907659726,0,0,0,41,0,0,0
35,37,7,21002.1471908209,14646.4833438325,36,0,0,199,0,0,0
35,37,8,0,6,0,0,0,0,0,0,0
35,38,1,3384.57465324747,1624.38635588651,0,0,0,123,0,0,0
35,38,2,3169.04965094196,1107.47476405743,0,0,0,164,0,0,0
35,38,3,3143.70575244511,971.699378634364,0,0,0,84,0,0,0
35,38,4,3201.17933680658,1244.76062897894,0,0,0,167,0,0,0
35,38,5,3261.03260025178,1210.27853906653,0,0,0,130,0,0,0
35,38,6,3502.98958363755,1486.47536219796,0,0,0,193,0,0,0
35,38,7,21027.3477028209,5567.69826275338,29,0,0,214,0,0,0
35,38,8,0,6,0,0,0,0,0,0,0
35,39,1,3409.26737982258,1236.13712092439,0,0,0,162,0,0,0
35,39,2,3182.46709096121,595.323280954494,0,0,0,110,0,0,0
35,39,3,3152.32670194911,1086.87377777106,0,0,0,97,0,0,0
35,39,4,3208.49303971858,778.024758524964,0,0,0,124,0,0,0
35,39,5,3276.18762821568,1463.50464582135,0,0,0,121,0,0,0
35,39,6,3526.96067494761,1449.87415690987,0,0,0,148,0,0,0
35,39,7,21049.6974316913,3379.08294455632,45,0,0,183,0,0,0
35,39,8,0,6,0,0,0,0,0,0,0
35,40,1,3430.08978012977,2017.40652660525,0,0,0,123,0,0,0
35,40,2,3181.01152446399,788.443789706506,0,0,0,59,0,0,0
35,40,3,3159.72134219385,1356.80474166654,0,0,0,108,0,0,0
35,40,4,3210.00053854226,855.227705987063,0,0,0,77,0,0,0
35,40,5,3297.37630479911,1113.63841244346,0,0,0,146,0,0,0
35,40,6,3559.32130562184,1211.35371663833,0,0,0,144,0,0,0
35,40,7,21067.3313542512,9810.35595371647,96,0,0,174,0,0,0
35,40,8,0,6,0,0,0,0,0,0,0
35,41,1,3478.15501950008,1325.84908439235,0,0,0,197,0,0,0
35,41,2,3185.16979023398,1411.33943078626,0,0,0,78,0,0,0
35,41,3,3179.39541340506,1299.64210993763,0,0,0,135,0,0,0
35,41,4,3215.88509302802,2252.0443542435,0,0,0,85,0,0,0
35,41,5,3315.96025427904,1129.84250371022,0,0,0,111,0,0,0
35,41,6,3581.99632867464,1239.8283547622,0,0,0,121,0,0,0
35,41,7,21113.9491872112,12195.5715419558,30,0,0,225,0,0,0
35,41,8,0,6,0,0,0,0,0,0,0
35,42,1,3497.63904475314,1057.06758275866,0,0,0,132,0,0,0
35,42,2,3205.69624143397,1540.87246421598,0,0,0,141,0,0,0
35,42,3,3201.87669436339,1544.3443171381,0,0,0,129,0,0,0
35,42,4,3250.89965058066,1037.10637379275,0,0,0,212,0,0,0
35,42,5,3334.31136880986,1582.12779332287,0,0,0,112,0,0,0
35,42,6,3614.70293734953,669.879534932244,0,0,0,123,0,0,0
35,42,7,21162.6311955045,8603.48144304012,30,0,0,243,0,0,0
35,42,8,0,6,0,0,0,0,0,0,0
35,43,1,3519.68328432232,2186.55657884996,0,0,0,105,0,0,0
35,43,2,3237.02958462911,759.137229476212,0,0,0,154,0,0,0
35,43,3,3225.99550127645,1654.15069058843,0,0,0,154,0,0,0
35,43,4,3258.12967036946,876.044890700179,0,0,0,103,0,0,0
35,43,5,3373.19976470549,985.407413904114,0,0,0,158,0,0,0
35,43,6,3626.7437340756,1777.84046840049,0,0,0,66,0,0,0
35,43,7,21250.6062709753,8391.5346129831,124,0,0,277,0,0,0
35,43,8,0,6,0,0,0,0,0,0,0
35,44,1,3558.10789637007,2240.89782214323,9,0,0,166,0,0,0
35,44,2,3240.03866586333,1163.72846689923,0,0,0,75,0,0,0
35,44,3,3252.97421035074,1233.90963291682,0,0,0,165,0,0,0
35,44,4,3263.67567804434,1087.57577594914,0,0,0,87,0,0,0
35,44,5,3384.65865857148,928.522157560547,0,0,0,98,0,0,0
35,44,6,3666.21262340674,1132.36550459322,3,0,0,162,0,0,0
35,44,7,21308.4817036738,12943.3400738332,116,0,0,225,0,0,0
35,44,8,0,6,0,0,0,0,0,0,0
35,45,1,3608.575252199,1315.91108080813,0,0,0,224,0,0,0
35,45,2,3249.59752834613,1108.68272174468,0,0,0,116,0,0,0
35,45,3,3255.99327401718,793.250348340853,0,0,0,123,0,0,0
35,45,4,3273.65188555589,1484.1350737916,0,0,0,108,0,0,0
35,45,5,3388.73841854558,1683.73786515358,0,0,0,92,0,0,0
35,45,6,3686.40047508034,1132.88610533777,0,0,0,113,0,0,0
35,45,7,21333.5735487938,8476.28218651722,58,0,0,194,0,0,0
35,45,8,0,6,0,0,0,0,0,0,0
35,46,1,3618.12334776252,917.73957059558,1,0,0,130,0,0,0
35,46,2,3246.92455618101,1628.37454341503,1,0,0,109,0,0,0
35,46,3,3250.45416731738,726.208168448051,0,0,0,79,0,0,0
35,46,4,3272.03174693701,1650.91768390807,10,0,0,132,0,0,0
35,46,5,3405.37236611237,1597.9128666513,24,0,0,132,0,0,0
35,46,6,3704.87636183208,1719.92581340213,0,0,0,113,0,0,0
35,46,7,21392.2474892738,3705.66513360356,343,0,0,333,0,0,0
35,46,8,0,6,0,0,0,0,0,0,0
35,47,1,3620.78137320095,1044.43417020067,0,0,0,91,0,0,0
35,47,2,3250.10365160604,1698.37217408942,19,0,0,136,0,0,0
35,47,3,3239.65121974701,1674.58817550884,0,0,0,72,0,0,0
35,47,4,3286.3329176817,1648.44216114387,6,0,0,156,0,0,0
35,47,5,3422.98112552387,1979.75886497081,25,0,0,124,0,0,0
35,47,6,3738.65595074936,1254.81885848766,29,0,0,131,0,0,0
35,47,7,21429.0621449665,13809.6819887755,146,0,0,166,0,0,0
35,47,8,0,6,0,0,0,0,0,0,0
35,48,1,3615.14245877598,1738.75844971175,0,0,0,104,0,0,0
35,48,2,3260.67951772828,2220.3081916151,0,0,0,169,0,0,0
35,48,3,3237.6419873802,698.303338756719,0,0,0,167,0,0,0
35,48,4,3294.67952139749,972.64506577845,0,0,0,164,0,0,0
35,48,5,3445.24452263294,965.489920339859,0,0,0,197,0,0,0
35,48,6,3756.66442677209,2434.5757519257,0,0,0,125,0,0,0
35,48,7,21462.5453731265,16010.9175308778,32,0,0,223,0,0,0
35,48,8,0,6,0,0,0,0,0,0,0
35,49,1,3628.27551804589,2516.24263226349,0,0,0,169,0,0,0
35,49,2,3279.21252985819,1717.3589564535,0,0,0,211,0,0,0
35,49,3,3220.22176558696,1381.34176142034,0,0,0,69,0,0,0
35,49,4,3283.60368763487,1681.06283210641,0,0,0,97,0,0,0
35,49,5,3452.36295495448,1887.6632325693,0,0,0,96,0,0,0
35,49,6,3799.71680802671,625.502548682635,1,0,0,195,0,0,0
35,49,7,21493.9788359105,7762.6716238112,28,0,0,210,0,0,0
35,49,8,0,6,0,0,0,0,0,0,0
35,50,1,3638.83830146093,1410.55869091231,0,108,0,143,0,0,0
35,50,2,3254.77963687202,1403.63584837435,0,102,0,69,0,0,0
35,50,3,3202.86479995622,1066.67775894868,0,71,0,67,0,0,0
35,50,4,3269.47367426098,1360.04733529627,0,94,0,74,0,0,0
35,50,5,3453.38954551473,2250.77063406601,0,101,0,87,0,0,0
35,50,6,3791.78349496519,843.892206569273,0,39,0,23,0,0,0
35,50,7,21551.8972145081,9362.68000493782,3,236,0,259,0,0,1
35,50,8,0,6,0,0,0,0,0,0,0
35,51,1,3668.97379145257,2400.24315742597,0,0,0,141,0,0,0
35,51,2,3278.76007274254,1246.59354056331,0,0,0,140,0,0,0
35,51,3,3222.5609783358,1448.02408135138,0,0,0,106,0,0,0
35,51,4,3297.86433329268,1642.25463822895,0,0,0,136,0,0,0
35,51,5,3513.38547210584,1618.63716648504,1,0,0,197,0,0,0
35,51,6,3821.34078158772,1411.68378844132,0,0,0,84,0,0,0
35,51,7,21620.9355244806,5269.7545832587,26,0,0,230,0,0,0
35,51,8,0,6,0,0,0,0,0,0,0
35,52,1,3693.7529916554,1713.56095116614,15,0,0,167,0,0,0
35,52,2,3290.13511016815,1068.43760331686,0,0,0,124,0,0,0
35,52,3,3238.15430104004,815.409500391248,0,0,0,144,0,0,0
35,52,4,3320.20735047468,935.880958402853,0,0,0,164,0,0,0
35,52,5,3547.91590707003,992.858532585501,0,0,0,161,0,0,0
35,52,6,3854.88978384329,1180.6370033397,0,0,0,141,0,0,0
35,52,7,21657.0078589394,9536.68330444469,72,0,0,187,0,0,0
35,52,8,0,6,0,0,0,0,0,0,0
35,53,1,3748.35241670192,2411.67197465074,0,0,0,171,0,0,0
35,53,2,3305.8436892912,1231.86647677023,0,0,0,106,0,0,0
35,53,3,3248.83063184036,880.467912206477,0,0,0,81,0,0,0
35,53,4,3330.89873550001,1517.00059357145,0,0,0,93,0,0,0
35,53,5,3569.50873562939,2101.16017727675,0,0,0,99,0,0,0
35,53,6,3895.98007170259,2601.55300264856,0,0,0,118,0,0,0
35,53,7,21721.3555297746,8615.3285669075,37,0,0,194,0,0,0
35,53,8,0,6,0,0,0,0,0,0,0
35,54,1,3819.28818688816,1704.76825405424,1,0,0,207,0,0,0
35,54,2,3321.88214846386,1011.98680640971,0,0,0,123,0,0,0
35,54,3,3266.99476172501,1164.87619183614,0,0,0,88,0,0,0
35,54,4,3365.43027440007,1085.75118973869,0,0,0,151,0,0,0
35,54,5,3628.84060906933,2240.39878152349,0,0,0,210,0,0,0
35,54,6,3996.55767483403,1652.9974599935,0,0,0,260,0,0,0
35,54,7,21789.6370141977,13216.3606173617,32,0,0,201,0,0,0
35,54,8,0,6,0,0,0,0,0,0,0
35,55,1,3868.4980482488,2043.99438232819,0,0,0,170,0,0,0
35,55,2,3329.85027081056,965.084544619999,0,0,0,101,0,0,0
35,55,3,3277.96132477688,1359.08439946413,0,0,0,116,0,0,0
35,55,4,3380.22739027641,1360.17185984327,0,0,0,108,0,0,0
35,55,5,3696.87202320935,966.053319508211,0,0,0,221,0,0,0
35,55,6,4038.0686779425,1019.37901874794,0,0,0,165,0,0,0
35,55,7,21842.4340823832,8379.73483266267,31,0,0,231,0,0,1
35,55,8,0,6,0,0,0,0,0,0,0
35,56,1,3915.21121345128,2185.25141104398,16,0,0,161,0,0,0
35,56,2,3342.19238937903,1336.95889076055,0,0,0,96,0,0,0
35,56,3,3297.74055626155,1591.30781429488,0,0,0,135,0,0,0
35,56,4,3419.39645331103,2172.46613458312,0,0,0,136,0,0,0
35,56,5,3723.85747122319,1326.32715396527,0,0,0,96,0,0,0
35,56,6,4075.93777813041,1938.18564639037,0,0,0,101,0,0,0
35,56,7,21892.3764849029,10345.9629588561,196,1,0,156,0,0,18
35,56,8,0,6,0,0,0,0,0,0,0
35,57,1,3961.45023325069,1029.37730749308,8,0,0,152,0,0,0
35,57,2,3368.73628585623,1268.25104355031,0,0,0,133,0,0,0
35,57,3,3328.83823793502,2012.19382880656,0,0,0,156,0,0,0
35,57,4,3460.82595819019,1028.15383127333,0,0,0,217,0,0,0
35,57,5,3763.06289173658,1467.05099099273,0,0,0,132,0,0,0
35,57,6,4123.62116015599,1660.61648402656,0,0,0,191,0,0,0
35,57,7,21977.9964729986,10320.7476943995,96,0,0,280,0,0,0
35,57,8,0,6,0,0,0,0,0,0,0
35,58,1,3980.3142570316,1269.50087938472,0,0,0,102,0,0,0
35,58,2,3379.06974792072,385.079028816264,0,0,0,126,0,0,0
35,58,3,3365.8525745794,1680.77385895633,0,0,0,201,0,0,0
35,58,4,3467.74355284126,1130.15347173137,0,0,0,102,0,0,0
35,58,5,3792.76377827969,593.335552313425,0,0,0,146,0,0,0
35,58,6,4168.166343981,2215.32409059691,0,0,0,166,0,0,0
35,58,7,22020.1756438351,4505.18349186372,116,0,0,193,0,0,0
35,58,8,0,6,0,0,0,0,0,0,0
35,59,1,3960.66174489029,1908.64260932324,121,0,0,5,0,0,0
35,59,2,3364.39112354652,742.424435108765,24,0,0,14,0,0,0
35,59,3,3371.06337664513,1705.49824349531,100,0,0,68,0,0,0
35,59,4,3467.94973399146,969.535313587673,57,0,0,56,0,0,0
35,59,5,3785.51792888039,2344.66805399132,28,0,0,31,0,0,0
35,59,6,4201.96495312524,920.994530700136,108,0,0,113,0,0,0
35,59,7,22072.5618720476,12987.1029199177,250,0,0,200,0,0,0
35,59,8,0,6,0,0,0,0,0,0,0
35,60,1,3996.39624129711,1043.59133095553,0,0,0,190,0,0,0
35,60,2,3367.83900935004,2146.14809144278,0,0,0,74,0,0,0
35,60,3,3394.00976944403,1654.08362182277,0,0,0,170,0,0,0
35,60,4,3472.72395387706,963.310879138442,0,0,0,96,0,0,0
35,60,5,3825.20756509243,2452.80987609359,1,0,0,198,0,0,0
35,60,6,4214.51571872753,1791.376962168,0,0,0,92,0,0,0
35,60,7,22085.9456052751,11849.6570177675,36,0,0,197,0,0,0
35,60,8,0,6,0,0,0,0,0,0,0
35,61,1,4022.46257684591,1215.43459736315,0,0,0,104,0,0,0
35,61,2,3415.7806266774,2136.34817189782,0,0,0,179,0,0,0
35,61,3,3436.79342295977,466.964056758631,0,0,0,165,0,0,0
35,61,4,3478.22523297957,899.654731456584,0,0,0,96,0,0,0
35,61,5,3889.39791126293,1508.23438885352,0,0,0,212,0,0,5
35,61,6,4277.98412062169,501.178454997249,0,0,0,179,0,0,0
35,61,7,22119.1571994159,5019.52372143791,26,0,0,206,0,0,0
35,61,8,0,6,0,0,0,0,0,0,0
35,62,1,4050.36574908085,784.478002598794,0,0,0,121,0,0,0
35,62,2,3445.28832034132,683.417415686351,13,0,0,154,0,0,0
35,62,3,3437.94645305315,1652.44041216107,0,0,0,46,0,0,0
35,62,4,3498.20753149684,1307.40636454122,0,0,0,89,0,0,0
35,62,5,3940.5760501363,1342.86693119172,0,0,0,150,0,0,0
35,62,6,4289.39385751083,2316.37260985485,0,0,0,50,0,0,0
35,62,7,22146.3021363289,8378.49165974998,77,0,0,175,0,0,0
35,62,8,0,6,0,0,0,0,0,0,0
35,63,1,4078.93314657274,1734.25423209057,0,0,0,78,0,0,0
35,63,2,3446.17787088407,1012.60748881674,0,0,0,68,0,0,0
35,63,3,3482.2839568253,1870.41333609463,0,0,0,165,0,0,0
35,63,4,3542.86856594557,1445.2303547259,0,0,0,130,0,0,0
35,63,5,3978.55826739207,1821.0041018921,0,0,0,134,0,0,0
35,63,6,4379.07076296938,1758.16248062192,2,0,0,197,0,0,0
35,63,7,22246.0076867763,5613.21440094508,35,0,0,270,0,0,0
35,63,8,0,6,0,0,0,0,0,0,0
35,64,1,4097.19052398294,1707.64846765373,52,0,0,111,0,0,0
35,64,2,3458.98188390539,1141.40107468833,0,0,0,101,0,0,0
35,64,3,3493.52417878903,1487.21480670333,51,0,0,125,0,0,0
35,64,4,3557.51953279325,2664.02168946257,32,0,0,106,0,0,0
35,64,5,4008.88327363103,1172.74836749279,45,0,0,128,0,0,0
35,64,6,4416.2221714082,2839.11260834479,53,0,0,112,0,0,0
35,64,7,22289.1440053439,5396.72793721308,251,0,0,260,0,0,0
35,64,8,0,6,0,0,0,0,0,0,0
35,65,1,4129.26623531089,828.531306220369,6,0,0,158,0,0,0
35,65,2,3470.80045723315,1833.55048932011,0,0,0,114,0,0,0
35,65,3,3510.57428312386,1094.69701851292,0,0,0,148,0,0,0
35,65,4,3578.81842461486,1381.28303360575,47,0,0,167,0,0,0
35,65,5,4011.822633959,1613.92256365367,0,0,0,117,0,0,0
35,65,6,4477.53868183139,1782.01954093561,56,0,0,166,0,0,0
35,65,7,22317.3980306649,6023.20912285049,152,0,0,207,0,0,0
35,65,8,0,6,0,0,0,0,0,0,0
35,66,1,4131.75892195835,1762.00004774856,0,0,0,82,0,0,0
35,66,2,3495.61897372219,1806.72422865608,0,0,0,183,0,0,0
35,66,3,3512.9781715512,1595.89643264988,0,0,0,109,0,0,0
35,66,4,3598.59603126027,1235.80117077287,0,0,0,138,0,0,0
35,66,5,4054.27335485292,1776.52125077636,0,0,0,161,0,0,0
35,66,6,4538.15858977744,648.641159370393,0,0,0,178,0,0,0
35,66,7,22344.0762865175,10220.9381412675,80,0,0,192,0,0,0
35,66,8,0,6,0,0,0,0,0,0,0
35,67,1,4184.05101317089,1826.98082554131,0,0,0,176,0,0,0
35,67,2,3526.35643683627,806.07600062566,0,0,0,165,0,0,0
35,67,3,3553.70634997854,1883.77781057122,0,0,0,159,0,0,0
35,67,4,3646.11904928103,1028.99615229083,0,0,0,123,0,0,0
35,67,5,4117.97856190646,2020.39746853813,0,0,0,177,0,0,0
35,67,6,4554.29412475494,2060.20869082243,0,0,0,64,0,0,0
35,67,7,22417.3083218817,9733.67739562351,44,0,0,212,0,0,1
35,67,8,0,6,0,0,0,0,0,0,0
35,68,1,4252.25069112845,908.610449818949,0,0,0,178,0,0,0
35,68,2,3524.30443491865,2612.34520451504,0,0,0,80,0,0,0
35,68,3,3609.01006431495,1637.39706958008,0,0,0,188,0,0,0
35,68,4,3670.99935452351,1486.10245115466,0,0,0,102,0,0,0
35,68,5,4201.34203303067,1912.87781843299,0,0,0,202,0,0,0
35,68,6,4642.28439160816,822.971104754528,0,0,0,196,0,0,0
35,68,7,22474.9887151417,13337.4693265868,39,0,0,182,0,0,0
35,68,8,0,6,0,0,0,0,0,0,0
35,69,1,4241.68487169058,2262.37915237884,0,0,0,90,0,0,0
35,69,2,3562.94395340638,1732.05588507984,1,0,0,226,0,0,0
35,69,3,3633.1829969986,2090.6568700554,0,0,0,163,0,0,0
35,69,4,3690.83464038585,944.940303034784,0,0,0,148,0,0,0
35,69,5,4263.51401474971,800.965577629163,0,0,0,191,0,0,0
35,69,6,4652.77942532473,1295.8870246659,0,0,0,82,0,0,0
35,69,7,22505.0836036868,12752.6948524495,38,0,0,281,0,0,0
35,69,8,0,6,0,0,0,0,0,0,0
35,70,1,4279.01808018311,932.498728513997,0,0,0,226,0,0,0
35,70,2,3579.27267970778,1387.40287724439,0,0,0,167,0,0,0
35,70,3,3663.4153297727,1138.13980634309,0,0,0,208,0,0,0
35,70,4,3697.5039101252,936.01894732595,0,0,0,94,0,0,0
35,70,5,4265.17925077789,1437.9452158193,0,0,0,80,0,0,0
35,70,6,4676.17540930585,1352.18364206265,0,0,0,129,0,0,0
35,70,7,22526.6971206155,11753.4422691871,0,57,0,250,0,0,0
35,70,8,0,6,0,0,0,0,0,0,0
35,71,1,4274.67619749576,1888.06887397595,0,0,0,93,0,0,0
35,71,2,3595.7444644511,1045.77115731564,0,0,0,138,0,0,0
35,71,3,3668.72428443385,2022.48102832226,0,0,0,113,0,0,0
35,71,4,3703.8245541925,2212.24529942531,0,0,0,93,0,0,0
35,71,5,4299.77073587849,2292.80294080487,0,0,0,143,0,0,0
35,71,6,4708.20985833636,2369.66502889033,0,0,0,135,0,0,0
35,71,7,22563.2596546313,12731.1995941923,3,223,0,175,0,0,3
35,71,8,0,6,0,0,0,0,0,0,0
35,72,1,4318.8551592396,2027.53361328493,0,0,0,188,0,0,0
35,72,2,3592.93189571755,1178.49990783137,0,0,0,104,0,0,0
35,72,3,3709.02212921853,1257.83504846282,0,0,0,202,0,0,0
35,72,4,3745.61658460303,1571.09225956326,0,0,0,221,0,0,0
35,72,5,4364.17324633875,1464.18309678453,0,0,0,220,0,0,0
35,72,6,4787.11885425572,1935.30727395818,0,0,0,235,0,0,0
35,72,7,22627.1268934237,8303.92654475471,25,1,0,246,0,0,0
35,72,8,0,6,0,0,0,0,0,0,0
35,73,1,4354.13026073459,1729.86358150572,3,0,0,168,0,0,0
35,73,2,3595.47060233105,2228.33332652484,0,0,0,117,0,0,0
35,73,3,3706.48947154133,1282.54874932537,0,0,0,125,0,0,0
35,73,4,3770.34393867544,1215.99879723713,0,0,0,157,0,0,0
35,73,5,4382.87131682635,1974.58130331893,0,0,0,146,0,0,0
35,73,6,4853.43594957215,2677.61810532314,0,0,0,193,0,0,0
35,73,7,22660.1769039429,6278.70350202045,64,0,0,162,0,0,0
35,73,8,0,6,0,0,0,0,0,0,0
35,74,1,4434.20235402923,1170.19735215572,17,0,0,138,0,0,0
35,74,2,3614.28790371145,662.641492960531,38,0,0,145,0,0,0
35,74,3,3736.01162777002,2601.31503779039,0,0,0,128,0,0,0
35,74,4,3788.90772251614,598.385400899742,0,0,0,121,0,0,0
35,74,5,4429.02795723259,2256.2957226582,15,0,0,167,0,0,0
35,74,6,4921.9628614321,942.458419467803,57,0,0,152,0,0,0
35,74,7,22785.0666629696,6352.92259188628,169,0,0,289,0,0,0
35,74,8,0,6,0,0,0,0,0,0,0
35,75,1,4446.27930566273,2279.47625791258,0,0,0,117,0,0,0
35,75,2,3604.37458141078,975.49036163645,0,0,0,66,0,0,0
35,75,3,3760.56378167941,1641.39511599233,0,34,0,175,0,0,0
35,75,4,3771.08262054933,1219.70813480445,0,0,0,59,0,0,0
35,75,5,4468.14815997972,1875.42277787175,0,31,0,148,0,0,0
35,75,6,4938.43098579706,2512.037844739,0,0,0,94,0,0,0
35,75,7,22813.860534752,7511.04217932636,0,181,0,172,0,0,0
35,75,8,0,6,0,0,0,0,0,0,0
35,76,1,4512.32066311096,2171.03580320503,0,0,0,218,0,0,0
35,76,2,3600.05330450978,1318.81085819981,0,0,0,97,0,0,0
35,76,3,3800.68705484165,1307.98354706876,0,0,0,164,0,0,0
35,76,4,3788.06422257527,1007.01924363184,0,0,0,121,0,0,0
35,76,5,4543.82513661832,1049.76400871933,0,0,0,170,0,0,0
35,76,6,5045.49743453608,1652.35837595109,1,0,0,208,0,0,0
35,76,7,22889.8975057826,11871.5984833117,27,0,0,171,0,0,1
35,76,8,0,6,0,0,0,0,0,0,0
35,77,1,4576.44319744383,2813.76355228863,0,0,0,216,0,0,0
35,77,2,3620.22320749359,1152.77884064558,0,0,0,131,0,0,0
35,77,3,3840.99594086451,1753.26364129323,0,0,0,130,0,0,0
35,77,4,3801.32881429508,2094.34783454531,0,0,0,100,0,0,0
35,77,5,4580.48688937725,2274.69073196597,0,0,0,104,0,0,0
35,77,6,5121.28028625864,1678.13314706986,0,0,0,165,0,0,0
35,77,7,22977.0678683374,10469.4409769003,23,1,0,220,0,0,0
35,77,8,0,6,0,0,0,0,0,0,0
35,78,1,4667.31454826125,2649.49174593922,1,0,0,225,0,0,1
35,78,2,3633.50933653361,2461.39493859258,0,0,0,115,0,0,0
35,78,3,3881.55630280198,1241.48106036223,0,0,0,175,0,0,0
35,78,4,3842.1077891418,1861.60898929672,0,0,0,182,0,0,4
35,78,5,4669.62405334789,2191.66338536391,0,0,0,189,0,0,1
35,78,6,5196.95961368823,1550.75534257177,0,0,0,167,0,0,0
35,78,7,23088.6147237254,9423.64903857907,20,0,0,222,0,0,8
35,78,8,0,6,0,0,0,0,0,0,0
35,79,1,4775.25103559296,2207.27572893987,5,0,0,204,0,0,0
35,79,2,3674.70415565428,1329.34672828663,7,0,0,163,0,0,0
35,79,3,3922.80335876561,1595.19930024648,0,0,0,124,0,0,0
35,79,4,3916.71049754188,2178.00270082737,0,0,0,186,0,0,0
35,79,5,4784.56038028304,1396.65992650524,4,0,0,175,0,0,0
35,79,6,5294.34147559436,1906.87377660492,0,0,0,155,0,0,0
35,79,7,23199.2316994632,8583.36983004524,72,0,0,184,0,0,0
35,79,8,0,6,0,0,0,0,0,0,0
35,80,1,4835.30718652937,1180.97408774009,0,1,0,195,0,0,0
35,80,2,3693.49375249656,1223.91627971141,0,0,0,132,0,0,0
35,80,3,3956.83364729908,1657.78870497204,0,0,0,159,0,0,0
35,80,4,3959.91207354613,2275.24488785091,0,0,0,217,0,0,0
35,80,5,4806.0367218275,2471.83294692892,0,0,0,139,0,0,0
35,80,6,5384.49195005339,3047.79747897251,0,0,0,190,0,0,0
35,80,7,23259.1817913586,6730.30590657833,0,44,0,209,0,0,0
35,80,8,0,6,0,0,0,0,0,0,0
35,81,1,4850.9129369686,2620.99628493258,0,0,0,118,0,0,0
35,81,2,3697.94228546551,1854.44826316254,0,0,0,122,0,0,0
35,81,3,3981.55486081711,2374.1904143345,0,0,0,165,0,0,0
35,81,4,3970.66073992391,1587.15352251144,0,21,0,157,0,0,0
35,81,5,4875.88658617288,1983.60320641157,0,17,0,190,0,0,0
35,81,6,5477.44457255206,3091.88088117503,0,41,0,167,0,0,0
35,81,7,23298.6446357012,10258.8513004269,0,157,0,153,0,0,0
35,81,8,0,6,0,0,0,0,0,0,0
35,82,1,5018.97991643893,2667.7312073145,1,0,0,210,0,0,0
35,82,2,3752.57015999608,1613.50516654931,0,0,0,185,0,0,0
35,82,3,4084.47275195662,2297.90627470387,0,0,0,213,0,0,0
35,82,4,4069.73297701365,1230.75009566819,0,0,0,158,0,0,0
35,82,5,5043.09098341491,1940.94231260982,0,0,0,187,0,0,0
35,82,6,5653.03371353804,3369.13740975318,4,0,0,194,0,0,0
35,82,7,23476.0473996468,8354.06159414099,32,0,0,191,0,0,0
35,82,8,0,6,0,0,0,0,0,0,0
35,83,1,5096.68041706855,3367.72381840567,1,0,0,209,0,0,3
35,83,2,3787.78913439883,2501.478157657,0,0,0,161,0,0,0
35,83,3,4125.1570578347,1592.74975845727,1,0,0,194,0,0,0
35,83,4,4083.00793657704,926.312030252131,0,0,0,123,0,0,0
35,83,5,5106.47516875137,729.24189062365,0,0,0,183,0,0,0
35,83,6,5804.43186755901,2133.15123584162,3,0,0,238,0,0,0
35,83,7,23552.3519291994,7473.87517923623,23,0,0,196,0,0,0
35,83,8,0,6,0,0,0,0,0,0,0
35,84,1,5187.54653666083,2116.93373601686,16,0,0,184,0,0,0
35,84,2,3837.8873570759,1613.51131729736,6,0,0,196,0,0,0
35,84,3,4170.06770817901,630.558137884795,0,0,0,159,0,0,0
35,84,4,4075.4276262919,3031.63672484449,0,0,0,92,0,0,0
35,84,5,5126.4015164771,1354.9521098492,0,0,0,72,0,0,0
35,84,6,5914.04960197874,1522.93397367299,6,0,0,156,0,0,0
35,84,7,23636.6344382472,9460.54784639748,62,0,0,180,0,0,0
35,84,8,0,6,0,0,0,0,0,0,0
35,85,1,5245.25242451837,2945.93429027358,0,0,0,211,0,0,0
35,85,2,3841.99002103947,899.795747922219,0,0,0,161,0,0,0
35,85,3,4149.44413202176,523.528088608192,0,0,0,63,0,0,0
35,85,4,4108.7366984792,1013.04018263439,0,4,0,218,0,0,0
35,85,5,5141.12366686869,942.977190203202,0,0,0,135,0,0,0
35,85,6,5973.49598749287,3526.3391523092,0,0,0,152,0,0,0
35,85,7,23681.8754787336,12371.2502468152,0,38,0,197,0,0,0
35,85,8,0,6,0,0,0,0,0,0,0
35,86,1,5270.56833763795,1066.59511038863,0,23,0,154,0,0,0
35,86,2,3824.86590074722,1318.26771411339,0,0,0,89,0,0,0
35,86,3,4129.3199201003,1197.05211885177,0,0,0,52,0,0,0
35,86,4,4106.09606197441,1553.66388519697,0,0,0,101,0,0,0
35,86,5,5167.0476056367,1536.36896144799,0,0,0,94,0,0,0
35,86,6,6048.53744944042,3336.53708484577,0,23,0,199,0,0,0
35,86,7,23751.3342556716,9261.12497217298,0,169,0,221,0,0,0
35,86,8,0,6,0,0,0,0,0,0,0
35,87,1,5370.39365310622,338.079093591155,0,0,0,106,0,0,0
35,87,2,3855.00093583118,1748.25116482477,0,0,0,131,0,0,0
35,87,3,4160.7918185673,1299.0964761505,0,0,0,119,0,0,0
35,87,4,4135.59614677697,1381.18273897153,0,0,0,155,0,0,0
35,87,5,5251.14773261846,2273.2210536391,0,0,0,153,0,0,0
35,87,6,6187.91831681871,3689.93629308786,7,0,0,186,0,0,0
35,87,7,23907.6437210635,8222.67019461445,31,0,0,268,0,0,0
35,87,8,0,6,0,0,0,0,0,0,0
35,88,1,5341.32939094525,2231.71996317267,0,0,0,33,0,0,0
35,88,2,3898.52605050306,924.042386251866,0,6,0,151,0,0,0
35,88,3,4175.12644619647,1625.60027003838,0,0,0,129,0,0,0
35,88,4,4176.49012464527,1983.24405036559,0,0,0,138,0,0,0
35,88,5,5331.83666772124,2618.75859478347,0,1,0,223,0,0,0
35,88,6,6333.81943660755,1933.0686830164,0,57,0,149,0,0,0
35,88,7,24010.7321419186,11671.1772846684,0,157,0,225,0,0,0
35,88,8,0,6,0,0,0,0,0,0,0
35,89,1,5412.86724467423,3861.00089714368,0,0,0,223,0,0,0
35,89,2,3902.71169856061,447.460227341588,0,0,0,92,0,0,0
35,89,3,4221.91796161721,2915.52270384589,0,0,0,162,0,0,0
35,89,4,4229.66483084162,2360.6056173951,0,0,0,198,0,0,0
35,89,5,5407.99603014426,1477.12488871934,2,0,0,191,0,0,0
35,89,6,6415.59511459389,2909.82011057186,0,0,0,189,0,0,0
35,89,7,24136.7742746594,9125.23582005019,25,1,0,272,0,0,0
35,89,8,0,6,0,0,0,0,0,0,0
35,90,1,5507.96288725231,2973.72894550187,5,0,0,209,0,0,0
35,90,2,3900.72191331244,1137.59221770204,0,0,0,44,0,0,0
35,90,3,4281.50981705366,3829.90216727649,1,0,0,191,0,0,4
35,90,4,4285.40843883166,1297.26742450851,1,0,0,178,0,0,0
35,90,5,5482.69883830588,1383.39421493322,0,0,0,147,0,0,0
35,90,6,6596.08603530318,3046.33916550333,2,0,0,200,0,0,0
35,90,7,24236.6460927741,9510.40759288206,21,0,0,191,0,0,2
35,90,8,0,6,0,0,0,0,0,0,0
35,91,1,5536.84811535076,4424.55461491861,0,150,0,147,0,0,0
35,91,2,3885.80473219523,1418.66980195838,0,62,0,51,0,0,0
35,91,3,4325.01006681506,2021.58527254181,0,214,0,166,0,0,0
35,91,4,4266.31540717647,2382.37106672089,0,61,0,68,0,0,0
35,91,5,5472.62747616963,2376.12352207813,0,70,0,68,0,0,0
35,91,6,6641.08984909593,3942.03518623224,0,151,0,129,0,0,0
35,91,7,24427.2912162529,9666.16211530302,0,492,0,459,0,0,0
35,91,8,0,6,0,0,0,0,0,0,0
35,92,1,5646.88659286952,1773.91744694763,10,0,0,189,0,0,0
35,92,2,3939.52384194383,1274.03691534422,0,0,0,141,0,0,0
35,92,3,4416.58155064499,2145.32016505051,0,0,0,182,0,0,0
35,92,4,4361.71754043518,2125.19516729417,0,0,0,224,0,0,0
35,92,5,5670.80652699465,1609.05709588613,0,0,0,207,0,0,0
35,92,6,6754.39052633797,2389.6890360025,8,0,0,193,0,0,0
35,92,7,24512.9517699761,14023.2125967679,30,0,0,215,0,0,0
35,92,8,0,6,0,0,0,0,0,0,0
35,93,1,5745.94310582101,2883.61568786645,0,0,0,177,0,0,0
35,93,2,3989.92265949712,2422.03916058478,0,0,0,127,0,0,0
35,93,3,4493.42520294421,1103.57709271382,0,0,0,193,0,0,0
35,93,4,4451.82841851815,1709.23915797251,0,0,0,209,0,0,0
35,93,5,5877.65264811952,2422.08628033309,0,0,0,160,0,0,0
35,93,6,6885.66153848082,2550.59407494425,1,0,0,195,0,0,0
35,93,7,24610.2811936708,9397.52136302059,26,0,0,236,0,0,0
35,93,8,0,6,0,0,0,0,0,0,0
35,94,1,5918.52360775942,3725.04882232431,15,0,0,172,0,0,0
35,94,2,4072.96136168577,2656.16682804504,8,0,0,181,0,0,0
35,94,3,4551.18746178655,2136.7452148405,0,0,0,110,0,0,0
35,94,4,4530.69123705379,1977.54016966076,1,0,0,163,0,0,0
35,94,5,6094.25176254518,3252.92237633741,10,0,0,167,0,0,0
35,94,6,7085.25166192371,1066.34060856505,11,0,0,170,0,0,0
35,94,7,24751.0635681923,8553.2837038067,101,0,0,203,0,0,0
35,94,8,0,6,0,0,0,0,0,0,0
35,95,1,6018.29211539661,2870.01052884534,94,0,0,136,0,0,0
35,95,2,4130.1438521067,1017.42220040193,47,0,0,148,0,0,0
35,95,3,4634.07545971838,1384.5663178194,18,0,0,168,0,0,0
35,95,4,4605.37704334792,1065.05554456798,16,0,0,156,0,0,0
35,95,5,6212.37991009325,906.486279408615,62,0,0,168,0,0,0
35,95,6,7174.83160345502,1994.97987003355,0,0,0,106,0,0,0
35,95,7,24957.9797728435,12834.285116627,217,0,0,302,0,0,2
35,95,8,0,6,0,0,0,0,0,0,0
35,96,1,6086.34628562443,1549.24803152782,5,0,0,189,0,0,0
35,96,2,4155.36883074579,1259.72575508466,0,0,0,101,0,0,0
35,96,3,4674.17313220503,1525.58362661295,0,0,0,138,0,0,0
35,96,4,4626.96069643948,2819.85722014072,0,0,0,106,0,0,0
35,96,5,6229.66237173837,2180.26036105111,0,0,0,90,0,0,0
35,96,6,7274.71253448755,2079.17982035133,0,0,0,196,0,0,0
35,96,7,25008.9949866951,15536.4580935288,63,0,0,186,0,0,0
35,96,8,0,6,0,0,0,0,0,0,0
35,97,1,6136.62127546471,2988.39344353574,0,0,0,154,0,0,0
35,97,2,4198.5716095098,932.435755152189,0,0,0,125,0,0,0
35,97,3,4717.88199353507,933.619998165135,0,0,0,152,0,0,0
35,97,4,4685.13469442512,3611.81265294218,2,0,0,196,0,0,1
35,97,5,6324.11041521272,1850.49777571993,0,0,0,204,0,0,0
35,97,6,7417.50408535294,4344.52404838594,0,0,0,204,0,0,0
35,97,7,25079.3078981484,8305.49296550101,45,0,0,218,0,0,0
35,97,8,0,6,0,0,0,0,0,0,0
35,98,1,6357.30362935612,2222.68057388149,86,0,0,152,0,0,0
35,98,2,4249.88171361083,1138.52136662005,0,0,0,93,0,0,0
35,98,3,4759.70151766013,2129.91811275065,0,0,0,93,0,0,0
35,98,4,4786.01255273045,1635.47197488948,113,0,0,169,0,0,0
35,98,5,6457.98406135252,1719.34117641487,22,0,0,146,0,0,0
35,98,6,7629.87341205724,2223.4451779468,158,0,0,165,0,0,0
35,98,7,25194.2897143615,10925.9951670877,158,4,0,150,0,0,5
35,98,8,0,6,0,0,0,0,0,0,0
35,99,1,6462.81543079179,3284.24443354925,4,0,0,178,0,0,0
35,99,2,4305.09660046876,1818.59832564488,0,0,0,113,0,0,0
35,99,3,4902.35853652143,901.941493964142,0,0,0,206,0,0,0
35,99,4,4885.56004344177,2450.43823321798,0,0,0,163,0,0,0
35,99,5,6704.49138098539,3816.53744232574,0,0,0,164,0,0,0
35,99,6,7754.30626198048,3033.36734906076,7,0,0,150,0,0,0
35,99,7,25305.2814508595,10647.1085343499,80,0,0,263,0,0,0
35,99,8,0,6,0,0,0,0,0,0,0
35,100,1,6593.8727217005,2523.80557290629,11,0,0,187,0,0,0
35,100,2,4370.5281299989,1895.27731323169,0,0,0,178,0,0,0
35,100,3,4946.81770805048,1716.01586652294,0,0,0,90,0,0,0
35,100,4,5022.94206759712,2333.8086436419,1,0,0,232,0,0,0
35,100,5,6921.30038664913,4146.91373992979,14,0,0,197,0,0,1
35,100,6,7889.24654193421,3782.36329950633,7,0,0,200,0,0,0
35,100,7,25426.3286297787,11153.5801933345,70,0,0,176,0,0,0
35,100,8,0,6,0,0,0,0,0,0,0
36,1,1,2941.04,1170.67176235912,0,0,0,18,0,0,0
36,1,2,2955.848,1083.31649910365,0,0,0,99,0,0,0
36,1,3,2952.12,1179.14124804277,0,0,0,99,0,0,0
36,1,4,2949.576,349.437245148808,0,0,0,81,0,0,0
36,1,5,2959.4256,1179.11140317629,0,0,0,86,0,0,0
36,1,6,2953.544,1608.06921195663,0,0,0,75,0,0,0
36,1,7,19261.4655999999,8672.13811923955,0,0,0,98,0,0,0
36,1,8,0,3,0,0,0,83,0,0,0
36,2,1,2951.1824,1169.47151784639,0,0,0,117,0,0,0
36,2,2,2960.5536,1287.0622386001,0,0,0,108,0,0,0
36,2,3,2963.4976,1416.73316017434,0,0,0,117,0,0,0
36,2,4,2944.0096,1184.21166335314,0,0,0,34,0,0,0
36,2,5,2970.4736,1223.24142452271,0,0,0,117,0,0,0
36,2,6,2974.4896,414.788075152419,0,0,0,160,0,0,0
36,2,7,19220.6479999999,6467.12585472097,10,10,0,219,0,0,0
36,2,8,0,3,0,0,0,0,0,0,0
36,3,1,2958.9776,1697.49535803419,0,0,0,116,0,0,0
36,3,2,2971.528,1546.29027984311,0,0,0,128,0,0,0
36,3,3,2977.25887999999,1042.72400658135,0,0,0,141,0,0,0
36,3,4,2956.6912,1767.1873197101,0,0,0,118,0,0,0
36,3,5,2984.31359999999,1878.56231613936,0,0,0,122,0,0,0
36,3,6,2971.6016,1680.74168573108,0,0,0,41,0,0,0
36,3,7,19169.7983999998,6965.30941543883,36,0,0,164,0,0,0
36,3,8,0,3,0,0,0,0,0,0,0
36,4,1,2976.6208,1068.58920194329,0,0,0,169,0,0,0
36,4,2,2985.9024,1222.61189661675,0,0,0,154,0,0,0
36,4,3,2982.54207999999,346.532250757315,0,0,0,104,0,0,0
36,4,4,2979.5504,1410.5381551905,0,0,0,176,0,0,0
36,4,5,3013.57152,962.302837117184,0,0,0,186,0,0,0
36,4,6,2996.1152,1289.12634172584,0,0,0,168,0,0,0
36,4,7,19127.5775999997,7336.41172077935,30,0,0,180,0,0,0
36,4,8,0,3,0,0,0,0,0,0,0
36,5,1,2969.392,1196.97980838913,0,51,0,55,0,0,0
36,5,2,2977.70432,1740.02979185307,0,70,0,52,0,0,0
36,5,3,2964.08198399999,1180.12669481885,0,22,0,12,0,0,0
36,5,4,2978.98848,276.058530481263,0,64,0,77,0,0,0
36,5,5,3012.80992,832.400225582213,0,41,0,55,0,0,0
36,5,6,2996.2576,1089.39077677375,0,63,0,65,0,0,0
36,5,7,19094.1695999997,3933.95969301571,2,262,0,285,0,0,2
36,5,8,0,3,0,0,0,0,0,0,0
36,6,1,2984.25664,1519.91360331677,0,0,0,119,0,0,0
36,6,2,3010.70150400001,721.321265646119,0,0,0,174,0,0,0
36,6,3,2982.12128,1133.38871951318,0,0,0,118,0,0,0
36,6,4,2976.481984,1002.8827944265,0,0,0,27,0,0,0
36,6,5,3029.610624,1160.12499934789,0,0,0,83,0,0,0
36,6,6,3018.27232,1097.71055084324,0,0,0,108,0,0,0
36,6,7,19092.8127999996,4967.60309602889,39,0,0,168,0,0,0
36,6,8,0,3,0,0,0,0,0,0,0
36,7,1,3003.517824,1289.89667818533,0,0,0,151,0,0,0
36,7,2,3015.26022400001,1806.20097841351,0,0,0,72,0,0,0
36,7,3,2995.00097279999,1314.76909830802,0,0,0,113,0,0,0
36,7,4,2989.497088,1742.17890538333,0,0,0,100,0,0,0
36,7,5,3046.719424,1318.270399464,0,0,0,116,0,0,0
36,7,6,3036.016,1135.7996517317,0,0,0,109,0,0,0
36,7,7,19088.4463999996,3998.94201516924,40,0,0,183,0,0,0
36,7,8,0,3,0,0,0,0,0,0,0
36,8,1,3012.687552,845.864147907762,24,0,0,100,0,0,0
36,8,2,3036.52806400001,374.613620097979,36,0,0,137,0,0,0
36,8,3,3006.57140736,516.615035389023,21,0,0,106,0,0,0
36,8,4,3004.10790656,1224.36194059999,56,0,0,107,0,0,0
36,8,5,3064.27494400001,361.307198288319,19,0,0,109,0,0,0
36,8,6,3057.10361600001,2061.47788114822,0,0,0,113,0,0,0
36,8,7,19095.3036799995,8033.24837505452,163,0,0,204,0,0,0
36,8,8,0,3,0,0,0,0,0,0,0
36,9,1,3014.470848,1362.20124366272,0,0,0,84,0,0,0
36,9,2,3029.55174400001,1381.64604437561,0,0,0,37,0,0,0
36,9,3,3007.80852736,1032.923434675,0,0,0,51,0,0,0
36,9,4,3023.42950656,624.107761469438,0,0,0,122,0,0,0
36,9,5,3066.55654400001,1400.90688090496,0,0,0,36,0,0,0
36,9,6,3087.32864000001,1381.76618787357,2,0,0,176,0,0,0
36,9,7,19092.4297599995,6843.87568303751,39,0,0,199,0,0,0
36,9,8,0,3,0,0,0,0,0,0,0
36,10,1,3026.027392,831.930230224808,0,0,0,136,0,0,0
36,10,2,3039.74528000001,963.717093155636,0,0,0,138,0,0,0
36,10,3,3017.44692736,1550.59873534459,0,0,0,103,0,0,0
36,10,4,3021.92550656,924.226581446902,0,0,0,62,0,0,0
36,10,5,3088.066624,607.281077156053,0,0,0,140,0,0,0
36,10,6,3109.20345600001,473.854136239662,0,0,0,138,0,0,0
36,10,7,19102.7660159994,11603.2359055886,35,0,0,253,0,0,0
36,10,8,0,3,0,0,0,0,0,0,0
36,11,1,3024.291712,1246.43352359374,0,0,0,83,0,0,0
36,11,2,3042.7549568,1278.95598605688,0,0,0,96,0,0,0
36,11,3,3032.60718336,1496.92011501317,0,0,0,155,0,0,0
36,11,4,3029.56160256,1662.04523017382,0,0,0,92,0,0,0
36,11,5,3086.314624,358.70249946441,0,0,0,60,0,0,0
36,11,6,3113.61465600001,1391.40305204864,0,0,0,47,0,0,0
36,11,7,19093.4495359995,11487.9928438293,33,0,0,180,0,0,3
36,11,8,0,3,0,0,0,0,0,0,0
36,12,1,3029.682496,919.455158255553,0,0,0,124,0,0,0
36,12,2,3051.017216,1194.88182129902,0,0,0,127,0,0,0
36,12,3,3041.5030784,1644.40518355141,0,0,0,149,0,0,0
36,12,4,3044.80270336001,1012.67907492606,0,0,0,166,0,0,0
36,12,5,3083.257024,545.087996016581,0,0,0,35,0,0,0
36,12,6,3129.974272,796.045556570203,0,0,0,139,0,0,0
36,12,7,19084.4424959994,7221.8790671545,28,0,0,205,0,0,1
36,12,8,0,3,0,0,0,0,0,0,0
36,13,1,3028.7324288,1690.32595156822,0,0,0,91,0,0,0
36,13,2,3050.495616,1452.54895831433,0,0,0,119,0,0,0
36,13,3,3055.586890752,953.061069678509,0,0,0,164,0,0,0
36,13,4,3050.95758336001,1256.26084345109,0,0,0,101,0,0,0
36,13,5,3079.477824,1825.72410075494,0,0,0,54,0,0,0
36,13,6,3135.831552,904.79574815263,0,0,0,79,0,0,0
36,13,7,19085.0187519994,8561.76058943007,52,0,0,261,0,0,0
36,13,8,0,3,0,0,0,0,0,0,0
36,14,1,3042.6159104,1045.61340831932,0,0,0,169,0,0,0
36,14,2,3062.91987200001,1747.47863303385,0,0,0,145,0,0,0
36,14,3,3052.426954752,1591.60956732214,0,0,0,95,0,0,0
36,14,4,3061.08014336001,1530.51254864288,0,0,0,125,0,0,0
36,14,5,3103.755072,1439.30006265085,0,0,0,182,0,0,0
36,14,6,3143.155968,1997.24391878764,0,0,0,90,0,0,0
36,14,7,19080.8024959994,6737.61944504292,58,0,0,199,0,0,0
36,14,8,0,3,0,0,0,0,0,0,0
36,15,1,3040.3214464,2251.77816080645,0,0,0,104,0,0,0
36,15,2,3076.26964224001,1331.15987260333,0,0,0,171,0,0,0
36,15,3,3067.68183050241,1458.92935335393,0,0,0,159,0,0,0
36,15,4,3069.27810816001,948.346176474677,0,0,0,153,0,0,0
36,15,5,3114.4608512,1350.77277240125,0,0,0,143,0,0,0
36,15,6,3173.963484672,860.609399148906,0,1,0,192,0,0,0
36,15,7,19071.3452159993,3372.87509020558,0,70,0,190,0,0,0
36,15,8,0,3,0,0,0,0,0,0,0
36,16,1,3064.6084352,1532.0245104025,0,0,0,224,0,0,0
36,16,2,3075.35550668801,1199.37494651564,0,0,0,133,0,0,0
36,16,3,3072.38270568449,456.736353861813,0,0,0,145,0,0,0
36,16,4,3063.56087040001,744.618816546097,0,0,0,94,0,0,0
36,16,5,3120.86173184,2314.48280049332,0,0,0,135,0,0,0
36,16,6,3178.241142272,1222.99398317644,0,0,0,86,0,0,0
36,16,7,19065.8028159993,10863.6347563839,0,15,0,194,0,0,0
36,16,8,0,3,0,0,0,0,0,0,0
36,17,1,3078.84629043201,1681.67050145754,0,0,0,152,0,0,0
36,17,2,3079.01913804801,951.170294701046,0,0,0,119,0,0,0
36,17,3,3061.39040042599,1223.86625030357,0,0,0,45,0,0,0
36,17,4,3056.31326720001,1722.97185341612,0,0,0,74,0,0,0
36,17,5,3144.99215104001,1645.22391506024,0,2,0,178,0,0,0
36,17,6,3193.24722995201,671.849804907019,0,0,0,122,0,0,0
36,17,7,19063.4848767993,7408.43303056756,0,49,0,163,0,0,0
36,17,8,0,3,0,0,0,0,0,0,0
36,18,1,3077.45976883201,1103.02862829103,0,43,0,107,0,0,0
36,18,2,3076.91189229569,1468.33296013499,0,0,0,95,0,0,0
36,18,3,3068.270733226,1626.17212400341,0,0,0,122,0,0,0
36,18,4,3067.34582435841,393.605030637439,0,33,0,126,0,0,0
36,18,5,3162.42996736001,670.717197636949,0,17,0,140,0,0,0
36,18,6,3191.77024819201,1433.97686396543,0,0,0,67,0,0,0
36,18,7,19099.5862169592,7391.8803244236,0,292,0,302,0,0,0
36,18,8,0,3,0,0,0,0,0,0,0
36,19,1,3086.39849635841,1206.12099349771,0,0,0,110,0,0,0
36,19,2,3094.23484921103,1107.30585403937,0,0,0,146,0,0,0
36,19,3,3091.02632234599,1419.1600806352,0,0,0,162,0,0,0
36,19,4,3053.94936995842,1343.67599993651,0,0,0,39,0,0,0
36,19,5,3163.03921971201,1176.17857899062,0,0,0,67,0,0,0
36,19,6,3219.36568627201,1943.50815246243,0,0,0,143,0,0,0
36,19,7,19150.5353016312,11191.8700438517,29,0,0,190,0,0,0
36,19,8,0,3,0,0,0,0,0,0,0
36,20,1,3091.88100771841,2062.87415925779,0,0,0,120,0,0,0
36,20,2,3088.11647574643,1630.71244274342,0,0,0,110,0,0,0
36,20,3,3098.1680250192,1330.62066569821,0,0,0,141,0,0,0
36,20,4,3057.90002595841,1429.3020113523,0,0,0,134,0,0,0
36,20,5,3169.69579110401,1640.50841220742,0,0,0,117,0,0,0
36,20,6,3251.28647362561,2197.61232226818,0,0,0,186,0,0,0
36,20,7,19180.5225809912,5276.5557479833,24,0,0,218,0,0,0
36,20,8,0,3,0,0,0,0,0,0,0
36,21,1,3118.04648663041,668.859699096327,0,0,0,206,0,0,0
36,21,2,3111.13385471191,1087.81005419455,0,0,0,163,0,0,0
36,21,3,3108.7156735312,1702.71026494549,0,0,0,133,0,0,0
36,21,4,3069.27941292034,1252.48471805894,0,0,0,142,0,0,0
36,21,5,3194.83022356481,729.972405065338,0,0,0,164,0,0,0
36,21,6,3287.94887749223,1755.18007449205,2,0,0,191,0,0,0
36,21,7,19223.3392466935,10757.3421776339,28,0,0,221,0,0,0
36,21,8,0,3,0,0,0,0,0,0,0
36,22,1,3113.83993968641,1358.10728411191,0,0,0,66,0,0,0
36,22,2,3112.00641023191,904.04041210948,0,0,0,108,0,0,0
36,22,3,3126.9353922896,1840.19514701209,0,0,0,170,0,0,0
36,22,4,3073.12325804034,967.076462033654,0,0,0,125,0,0,0
36,22,5,3193.59958908929,1734.10003341385,0,0,0,72,0,0,0
36,22,6,3321.75282153063,1020.3730672355,0,0,0,175,0,0,0
36,22,7,19245.0042937335,4080.74106164964,32,0,0,185,0,0,0
36,22,8,0,3,0,0,0,0,0,0,0
36,23,1,3101.30914160641,1306.44459911401,0,82,0,53,0,0,0
36,23,2,3093.27818351831,1765.02308060084,0,39,0,51,0,0,0
36,23,3,3112.278790792,1393.46265906537,0,82,0,102,0,0,0
36,23,4,3049.62477484034,1096.2354101734,0,58,0,38,0,0,0
36,23,5,3189.92256829441,1246.00077743904,0,77,0,96,0,0,0
36,23,6,3318.21114089064,2209.00087086058,0,54,0,48,0,0,0
36,23,7,19254.9349786614,7033.16278537004,0,223,0,184,0,0,0
36,23,8,0,3,0,0,0,0,0,0,0
36,24,1,3126.74440644609,703.639513359792,0,0,0,130,0,0,0
36,24,2,3118.69714457815,1311.97298164682,0,0,0,174,0,0,0
36,24,3,3127.96897490208,994.07037392704,0,0,0,139,0,0,0
36,24,4,3069.95705633179,909.737390049183,0,0,0,109,0,0,0
36,24,5,3219.13670289,1402.35859841216,0,0,0,124,0,0,0
36,24,6,3375.69729216104,1549.98095868483,1,0,0,197,0,0,0
36,24,7,19305.7895482358,10095.7558435954,33,0,0,181,0,0,0
36,24,8,0,3,0,0,0,0,0,0,0
36,25,1,3125.81513209857,1848.64848424757,0,0,0,70,0,0,0
36,25,2,3128.49551501012,1336.89317263386,0,0,0,131,0,0,0
36,25,3,3134.18000327968,1777.30415300769,0,0,0,99,0,0,0
36,25,4,3073.3060267254,927.821085339083,0,0,0,90,0,0,0
36,25,5,3243.26561550337,952.49802883338,0,0,0,140,0,0,0
36,25,6,3413.91083449468,1347.47606946526,0,0,0,154,0,0,0
36,25,7,19353.7748742339,8378.15842276091,29,0,0,214,0,0,0
36,25,8,0,3,0,0,0,0,0,0,0
36,26,1,3170.87410874369,780.800525176191,0,0,0,184,0,0,0
36,26,2,3150.06142240521,968.574327413596,0,0,0,133,0,0,0
36,26,3,3170.72554516154,1373.10910551123,0,0,0,177,0,0,0
36,26,4,3085.71393838221,749.492432897783,0,0,0,92,0,0,0
36,26,5,3264.91834759087,1105.52294098786,0,0,0,95,0,0,0
36,26,6,3460.31002332513,2024.10638922652,0,0,0,134,0,0,0
36,26,7,19424.1568276675,8750.88666814761,40,0,0,191,0,0,0
36,26,8,0,3,0,0,0,0,0,0,0
36,27,1,3165.43325216769,1602.60401621579,0,0,0,78,0,0,0
36,27,2,3145.45469064231,1381.98340734719,0,0,0,96,0,0,0
36,27,3,3177.08092594178,823.375367371279,0,0,0,137,0,0,0
36,27,4,3084.58649123981,447.514766805739,0,0,0,74,0,0,0
36,27,5,3275.81277636527,1448.74776164664,0,0,0,110,0,0,0
36,27,6,3498.51427036513,1886.97190350849,0,0,0,193,0,0,0
36,27,7,19458.3101716675,7821.39248566996,34,0,0,214,0,0,7
36,27,8,0,3,0,0,0,0,0,0,0
36,28,1,3183.82066400052,1274.77650303733,0,0,0,159,0,0,0
36,28,2,3152.72774337916,1175.80659962421,0,0,0,138,0,0,0
36,28,3,3169.18166579612,843.906458254827,0,0,0,82,0,0,0
36,28,4,3079.12932621453,1089.6116503186,0,0,0,44,0,0,0
36,28,5,3301.95738663733,1547.38568213711,0,0,0,144,0,0,0
36,28,6,3536.37855234556,939.9100192177,5,0,0,158,0,0,0
36,28,7,19506.7775562128,6716.97007622101,111,0,0,204,0,0,0
36,28,8,0,3,0,0,0,0,0,0,0
36,29,1,3191.47194818561,1279.17974059177,0,0,0,127,0,0,0
36,29,2,3148.15310675323,1358.08919126613,0,0,0,117,0,0,0
36,29,3,3161.87853904693,1526.94159885138,0,0,0,84,0,0,0
36,29,4,3082.73641658714,1189.17224822395,0,0,0,108,0,0,0
36,29,5,3329.04937995061,1253.08425170234,0,0,0,154,0,0,0
36,29,6,3548.60167733756,1575.91139371678,0,0,0,93,0,0,0
36,29,7,19543.3934312848,9553.43000572582,148,0,0,168,0,0,0
36,29,8,0,3,0,0,0,0,0,0,0
36,30,1,3192.29751105947,229.841642043084,0,0,0,127,0,0,0
36,30,2,3147.91719415163,1161.83402656693,0,0,0,135,0,0,0
36,30,3,3157.86798405244,1227.76093530191,0,0,0,148,0,0,0
36,30,4,3084.30911367514,1507.79651983024,0,0,0,118,0,0,0
36,30,5,3338.09323131701,2316.54707891262,0,0,0,125,0,0,0
36,30,6,3576.98856660864,1295.2692144777,0,0,0,157,0,0,0
36,30,7,19598.9393106566,8155.26021201825,56,0,0,272,0,0,0
36,30,8,0,3,0,0,0,0,0,0,0
36,31,1,3170.12180638107,1606.68984200435,0,0,0,22,0,0,0
36,31,2,3132.19466061179,964.890086580773,0,0,0,116,0,0,0
36,31,3,3160.11508186748,1132.21196511546,0,0,0,122,0,0,0
36,31,4,3089.13558561114,1829.45263760472,0,0,0,150,0,0,0
36,31,5,3357.52501087029,987.538436257317,45,0,0,141,0,0,0
36,31,6,3602.95858644864,1163.94831827738,0,0,0,129,0,0,0
36,31,7,19668.909247573,6863.30290280154,261,0,0,291,0,0,0
36,31,8,0,3,0,0,0,0,0,0,0
36,32,1,3171.23715828614,441.869245234596,0,0,0,160,0,0,0
36,32,2,3105.30289134971,850.932190812133,0,0,0,96,0,0,0
36,32,3,3145.39346889135,443.656267113551,0,0,0,113,0,0,0
36,32,4,3097.25709283673,1541.28920871426,0,0,0,182,0,0,0
36,32,5,3361.07409349429,1083.68164068429,0,0,0,98,0,0,0
36,32,6,3616.09500884864,1617.44029124446,0,0,0,116,0,0,0
36,32,7,19691.637388373,5731.06005519339,0,52,0,160,0,0,0
36,32,8,0,3,0,0,0,0,0,0,0
36,33,1,3147.96949267334,1111.27095737074,0,0,0,44,0,0,0
36,33,2,3078.78455344917,599.048778992592,0,0,0,85,0,0,0
36,33,3,3115.22927581615,1112.70894285817,0,0,0,44,0,0,0
36,33,4,3099.14659222603,1277.23457269438,0,22,0,123,0,0,0
36,33,5,3365.13227381557,653.928138138308,0,0,0,108,0,0,0
36,33,6,3642.08348301184,1652.10519739575,0,13,0,143,0,0,0
36,33,7,19723.245339221,6053.70111402479,3,184,0,180,0,0,0
36,33,8,0,3,0,0,0,0,0,0,0
36,34,1,3129.96124723119,1659.82497977745,0,20,0,87,0,0,0
36,34,2,3053.67561255823,1006.54641494782,0,0,0,59,0,0,0
36,34,3,3095.75804748452,1382.83444124443,0,4,0,106,0,0,0
36,34,4,3087.43434493003,1287.36281970038,0,18,0,106,0,0,0
36,34,5,3361.99459132623,1142.06612290355,0,0,0,65,0,0,0
36,34,6,3670.02770878336,811.264849162699,0,26,0,134,0,0,0
36,34,7,19803.5074505554,7330.31448547761,0,265,0,287,0,0,0
36,34,8,0,3,0,0,0,0,0,0,0
36,35,1,3147.13896381973,1472.47461434997,0,0,0,165,0,0,0
36,35,2,3041.5028917693,561.547951259472,0,0,0,100,0,0,0
36,35,3,3091.4214711937,1387.01080750665,0,0,0,138,0,0,0
36,35,4,3095.66916986295,1488.16117965962,0,0,0,128,0,0,0
36,35,5,3379.50594622163,1238.78438713614,0,0,0,114,0,0,0
36,35,6,3694.37989968973,687.800412236684,0,0,0,81,0,0,0
36,35,7,19873.3522583125,8097.67216148984,24,0,0,217,0,0,0
36,35,8,0,3,0,0,0,0,0,0,0
36,36,1,3141.27606869997,1705.48254632295,0,0,0,147,0,0,0
36,36,2,3009.76933958723,1217.98209078107,0,0,0,56,0,0,0
36,36,3,3083.0768283265,1175.29200650301,0,0,0,138,0,0,0
36,36,4,3085.07099473215,1944.62720573521,0,0,0,148,0,0,0
36,36,5,3382.71725632558,1112.30969661137,0,0,0,123,0,0,0
36,36,6,3696.43285072973,1818.96692268477,0,0,0,68,0,0,0
36,36,7,19895.4898903801,10466.7545133783,1,163,0,160,0,0,0
36,36,8,0,3,0,0,0,0,0,0,0
36,37,1,3104.13135709042,1018.8410247484,0,169,0,1,0,0,0
36,37,2,2986.33894396506,1223.76686946446,0,54,0,67,0,0,0
36,37,3,3051.8629114538,733.924153013713,0,70,0,47,0,0,0
36,37,4,3071.18565936447,1682.95669490168,0,98,0,96,0,0,0
36,37,5,3369.4827081835,1422.86337490238,0,58,0,53,0,0,0
36,37,6,3712.07620156493,1284.90831472878,0,86,0,95,0,0,0
36,37,7,19933.6748573228,6795.00303056174,7,193,0,191,0,0,1
36,37,8,0,3,0,0,0,0,0,0,0
36,38,1,3109.96484282431,977.779826022145,0,0,0,101,0,0,0
36,38,2,2985.71163170513,1831.76113607851,0,0,0,122,0,0,0
36,38,3,3041.92137661583,1481.13622398754,0,0,0,73,0,0,0
36,38,4,3093.41228315213,1166.16167165175,0,0,0,168,0,0,0
36,38,5,3394.4484167787,1615.91744713688,0,0,0,142,0,0,0
36,38,6,3745.66409881063,1106.70181839693,0,0,0,128,0,0,0
36,38,7,19977.1127094828,10178.7115300001,29,0,0,202,0,0,0
36,38,8,0,3,0,0,0,0,0,0,0
36,39,1,3116.11984916474,452.959287001859,0,0,0,97,0,0,0
36,39,2,3002.40524691806,1893.19746345506,0,0,0,183,0,0,0
36,39,3,3056.47968950535,1070.86748931587,0,0,0,148,0,0,0
36,39,4,3100.73825003303,867.860932913757,0,0,0,116,0,0,0
36,39,5,3424.52397755438,454.662009812694,0,0,0,161,0,0,0
36,39,6,3770.9718717632,789.489462126487,0,0,0,110,0,0,0
36,39,7,20050.8005473015,5115.6810964372,24,0,0,284,0,0,0
36,39,8,0,3,0,0,0,0,0,0,0
36,40,1,3105.75944816468,1704.71976514808,0,0,0,45,0,0,0
36,40,2,3023.17943529776,1422.87801575765,0,0,0,186,0,0,0
36,40,3,3054.77069932807,619.303990550448,0,0,0,107,0,0,0
36,40,4,3102.44892454285,2265.74601315712,0,0,0,86,0,0,0
36,40,5,3416.82303930291,1537.74039768301,0,0,0,45,0,0,0
36,40,6,3790.56584669466,1246.89346798498,0,0,0,78,0,0,0
36,40,7,20117.7719048951,10332.7990061873,24,0,0,228,0,0,0
36,40,8,0,3,0,0,0,0,0,0,0
36,41,1,3135.29963013087,1039.23415529823,0,0,0,170,0,0,0
36,41,2,3038.43003994703,834.666863358173,0,0,0,142,0,0,0
36,41,3,3044.23963364328,1276.19944045745,0,0,0,61,0,0,0
36,41,4,3137.87542458642,1361.21278412741,1,0,0,193,0,0,0
36,41,5,3445.31415403975,1166.22003534561,0,0,0,153,0,0,0
36,41,6,3827.89840154103,1413.81567157637,0,0,0,124,0,0,0
36,41,7,20177.1869254826,11368.9522279586,30,0,0,215,0,0,0
36,41,8,0,3,0,0,0,0,0,0,0
36,42,1,3131.22841549856,1173.43095122302,0,0,0,103,0,0,0
36,42,2,3028.11087660352,1721.12493454114,0,0,0,83,0,0,0
36,42,3,3044.64894972494,901.523088199234,0,0,0,127,0,0,0
36,42,4,3140.02765689515,1290.65748864529,0,0,0,136,0,0,0
36,42,5,3460.44474254382,1725.67380720068,0,0,0,116,0,0,0
36,42,6,3853.40216653303,780.539983600886,0,0,0,141,0,0,0
36,42,7,20205.1476305271,8741.5270466875,28,0,0,202,0,0,0
36,42,8,0,3,0,0,0,0,0,0,0
36,43,1,3137.96035224676,965.136478240816,0,0,0,117,0,0,0
36,43,2,3043.25520724205,850.17088598686,0,0,0,172,0,0,0
36,43,3,3038.69128382317,1038.77006628377,0,0,0,90,0,0,0
36,43,4,3152.55876333691,903.909775510774,0,0,0,129,0,0,0
36,43,5,3476.32524298176,1403.40620520757,1,0,0,164,0,0,0
36,43,6,3867.57833149435,620.346473148619,0,0,0,78,0,0,0
36,43,7,20235.1195857271,10931.1172521245,88,0,0,196,0,0,0
36,43,8,0,3,0,0,0,0,0,0,0
36,44,1,3139.13119535884,1075.20718975056,0,0,0,96,0,0,0
36,44,2,3028.84533222943,320.532661099444,0,0,0,85,0,0,0
36,44,3,3034.21041658626,280.450632978118,0,0,0,103,0,0,0
36,44,4,3152.70492126945,2161.44561056384,0,0,0,90,0,0,0
36,44,5,3495.5728439986,1851.67156661887,0,0,0,140,0,0,0
36,44,6,3872.68426411003,2565.0492211443,0,0,0,62,0,0,0
36,44,7,20271.206666814,10861.7463319105,55,0,0,213,0,0,0
36,44,8,0,3,0,0,0,0,0,0,0
36,45,1,3140.17110098441,2162.14959934632,0,0,0,107,0,0,0
36,45,2,3010.29349250095,425.989188540718,0,0,0,32,0,0,0
36,45,3,3009.07969265241,1546.21523545911,0,0,0,28,0,0,0
36,45,4,3169.35533952147,1640.00734632105,1,0,0,178,0,0,1
36,45,5,3520.27746254374,831.00524382861,0,0,0,184,0,0,0
36,45,6,3915.26007143747,2083.57545980657,2,0,0,193,0,0,2
36,45,7,20308.6499677804,7972.20542213569,43,0,0,255,0,0,2
36,45,8,0,3,0,0,0,0,0,0,0
36,46,1,3158.3171273901,1192.43400794459,0,33,0,145,0,0,0
36,46,2,2989.43057160638,1103.36622836157,0,0,0,42,0,0,0
36,46,3,3017.36512570232,684.162918814157,0,6,0,142,0,0,0
36,46,4,3183.29380066681,1140.34129134224,0,6,0,151,0,0,0
36,46,5,3521.80329319827,2310.09667368852,0,0,0,83,0,0,0
36,46,6,3967.41247284718,1470.15087305483,0,17,0,172,0,0,0
36,46,7,20361.1430815094,6038.4047119524,3,180,0,202,0,0,0
36,46,8,0,3,0,0,0,0,0,0,0
36,47,1,3161.23458539126,1616.87544867758,0,0,0,119,0,0,0
36,47,2,2984.52561472032,892.303123258132,0,0,0,110,0,0,0
36,47,3,3006.45967629176,1398.99072000845,0,0,0,68,0,0,0
36,47,4,3183.89220544766,1347.11612091986,0,0,0,114,0,0,0
36,47,5,3541.81828962829,1547.97274399158,3,0,0,184,0,0,0
36,47,6,3993.22500264143,2039.33430562774,0,0,0,147,0,0,0
36,47,7,20400.6105614292,6598.56927190896,26,0,0,205,0,0,0
36,47,8,0,3,0,0,0,0,0,0,0
36,48,1,3178.4393333265,825.165034241809,0,0,0,161,0,0,0
36,48,2,2976.92146332759,1014.95148485707,0,0,0,89,0,0,0
36,48,3,3015.31850900115,1546.08085101984,0,0,0,139,0,0,0
36,48,4,3182.21382972599,1553.92035592478,0,0,0,134,0,0,0
36,48,5,3560.60339631409,1014.4658754727,0,0,0,154,0,0,0
36,48,6,4038.20101122501,1167.31428631192,0,0,0,197,0,0,0
36,48,7,20459.4269056069,7303.98231435232,21,0,0,270,0,0,0
36,48,8,0,3,0,0,0,0,0,0,0
36,49,1,3172.74369888238,481.587265918408,0,0,0,82,0,0,0
36,49,2,2971.43409868927,1372.94885758778,0,0,0,101,0,0,0
36,49,3,3025.26425989352,677.8515961684,0,0,0,154,0,0,0
36,49,4,3185.21330751475,1536.97445033385,0,0,0,155,0,0,0
36,49,5,3554.69276783685,1215.23648002516,0,0,0,101,0,0,0
36,49,6,4057.97736497032,872.608642015174,0,0,0,116,0,0,0
36,49,7,20485.6270387056,5545.09634922781,31,0,0,175,0,0,0
36,49,8,0,3,0,0,0,0,0,0,0
36,50,1,3154.22704775124,1264.4423468971,0,20,0,28,0,0,0
36,50,2,2960.88739845046,1574.33473907432,0,74,0,63,0,0,0
36,50,3,3000.42695050268,656.356104819748,0,14,0,53,0,0,0
36,50,4,3177.60221647585,1358.11664375244,0,74,0,79,0,0,0
36,50,5,3530.46861900375,1754.16575857033,0,73,0,48,0,0,0
36,50,6,4054.82226003025,1666.78619611517,0,36,0,51,0,0,0
36,50,7,20549.6218898073,6622.35844323094,0,268,0,286,0,0,0
36,50,8,0,3,0,0,0,0,0,0,0
36,51,1,3180.14970914159,1436.29287448081,0,0,0,126,0,0,0
36,51,2,2983.21990624841,1659.06816751044,0,0,0,157,0,0,0
36,51,3,2998.37003908828,1115.20475528906,0,0,0,65,0,0,0
36,51,4,3201.84528683253,1088.61263079289,0,0,0,135,0,0,0
36,51,5,3579.33653591162,1111.08555312925,0,0,0,175,0,0,0
36,51,6,4124.47005903189,2670.79866902337,0,0,0,166,0,0,0
36,51,7,20650.3539468432,5302.54372673629,26,0,0,278,0,0,0
36,51,8,0,3,0,0,0,0,0,0,0
36,52,1,3191.63020889769,1326.9808867533,0,0,0,143,0,0,0
36,52,2,2996.94799803699,1055.36770150976,0,0,0,165,0,0,0
36,52,3,2996.9235837759,1011.50463514166,0,0,0,111,0,0,0
36,52,4,3206.19836933898,1414.02599729273,0,0,0,108,0,0,0
36,52,5,3593.06698871116,1292.15747447926,0,0,0,111,0,0,0
36,52,6,4204.29745806145,1393.96632611962,0,0,0,267,0,0,0
36,52,7,20689.3757065974,8076.60808326074,35,0,0,185,0,0,2
36,52,8,0,3,0,0,0,0,0,0,0
36,53,1,3207.79761940178,1198.49891373525,0,0,0,132,0,0,0
36,53,2,3000.81121382008,474.96565135739,0,0,0,105,0,0,0
36,53,3,3012.33611780272,1804.7237304367,0,0,0,101,0,0,0
36,53,4,3221.8894244521,1226.24883218897,0,0,0,141,0,0,0
36,53,5,3624.8141151092,1434.31557629395,0,0,0,129,0,0,0
36,53,6,4249.47143397861,1858.04954992213,0,0,0,139,0,0,0
36,53,7,20759.2610687439,7258.39351745493,41,0,0,178,0,0,0
36,53,8,0,3,0,0,0,0,0,0,0
36,54,1,3213.84130297147,923.191811655848,0,0,0,119,0,0,0
36,54,2,2990.73354310421,1203.68151611921,0,0,0,47,0,0,0
36,54,3,3038.54343428433,1427.23520003143,0,0,0,180,0,0,0
36,54,4,3241.69916108556,1794.42776975545,0,0,0,122,0,0,0
36,54,5,3656.96522193246,1383.86052227716,0,0,0,143,0,0,0
36,54,6,4303.71254787417,1037.71500506051,0,0,0,185,0,0,0
36,54,7,20801.8693510353,6451.97467296198,50,0,0,184,0,0,0
36,54,8,0,3,0,0,0,0,0,0,0
36,55,1,3222.72686542155,1152.23587187776,0,0,0,92,0,0,0
36,55,2,2994.09413540494,881.018166035704,0,0,0,120,0,0,0
36,55,3,3064.08090455583,1224.69667468748,0,0,0,142,0,0,0
36,55,4,3270.83784284625,1544.07468316746,9,0,0,158,0,0,0
36,55,5,3683.60849934258,1445.16306545739,0,0,0,138,0,0,0
36,55,6,4337.55436040083,1453.71068989872,0,0,0,103,0,0,0
36,55,7,20864.3534644912,11616.1558557839,173,0,0,221,0,0,0
36,55,8,0,3,0,0,0,0,0,0,0
36,56,1,3222.59711835299,1862.34058991511,0,0,0,115,0,0,0
36,56,2,2984.79098462894,1318.17533673208,0,0,0,88,0,0,0
36,56,3,3064.72434962825,1713.17735688025,0,0,0,122,0,0,0
36,56,4,3284.87942828036,1354.36723529031,0,0,0,154,0,0,0
36,56,5,3690.82474406075,1591.61527448641,0,0,0,144,0,0,0
36,56,6,4356.91934299412,2280.45699435007,0,0,0,145,0,0,0
36,56,7,20899.2446084989,3700.07809298654,46,0,0,241,0,0,0
36,56,8,0,3,0,0,0,0,0,0,0
36,57,1,3237.50076128108,756.800840172628,32,0,0,135,0,0,0
36,57,2,3003.76369035698,1569.63377453446,0,0,0,131,0,0,0
36,57,3,3081.75528344262,1277.26715056195,15,0,0,147,0,0,0
36,57,4,3293.65076228897,1955.49430413497,1,0,0,133,0,0,0
36,57,5,3713.88718912278,1343.94047245369,21,0,0,125,0,0,0
36,57,6,4384.21773411034,3234.04742760291,55,0,0,139,0,0,0
36,57,7,20935.7523079232,7099.44991677789,128,0,0,164,0,0,0
36,57,8,0,3,0,0,0,0,0,0,0
36,58,1,3237.09143479954,1739.28215109859,0,0,0,75,0,0,0
36,58,2,3011.96825915262,1119.82214029487,0,0,0,156,0,0,0
36,58,3,3094.28427051201,1590.7436060124,0,0,0,127,0,0,0
36,58,4,3337.5184675094,1584.05838076208,0,0,0,194,0,0,0
36,58,5,3732.02021907671,1150.78889922412,0,0,0,134,0,0,0
36,58,6,4462.79585477753,2801.92049625342,0,6,0,212,0,0,0
36,58,7,20998.0935893948,5977.72972427414,0,29,0,230,0,0,0
36,58,8,0,3,0,0,0,0,0,0,0
36,59,1,3225.96107552061,433.819142561099,0,102,0,71,0,0,0
36,59,2,2993.80108170251,854.923240218778,0,49,0,62,0,0,0
36,59,3,3076.80807837169,1693.56858877623,0,83,0,76,0,0,0
36,59,4,3329.33409073431,1641.76763546029,0,74,0,84,0,0,0
36,59,5,3718.90331804012,981.167969640987,0,58,0,57,0,0,0
36,59,6,4491.50294705987,972.872352346545,0,142,0,138,0,0,0
36,59,7,21037.7395546207,7336.63770638062,2,230,0,221,0,0,0
36,59,8,0,3,0,0,0,0,0,0,0
36,60,1,3220.80374894295,1310.59790965721,0,0,0,43,0,0,0
36,60,2,2996.17656509156,1079.82963289605,0,0,0,85,0,0,0
36,60,3,3100.85753689634,678.655831154486,0,0,0,169,0,0,0
36,60,4,3360.17476154726,1825.10671174966,0,0,0,164,0,0,0
36,60,5,3733.17541245177,1688.99422279937,0,0,0,98,0,0,0
36,60,6,4513.86513891479,2299.54820112753,0,0,0,97,0,0,0
36,60,7,21094.3487936369,7239.07933495108,28,0,0,201,0,0,0
36,60,8,0,3,0,0,0,0,0,0,0
36,61,1,3242.77392710601,432.575165795008,0,0,0,131,0,0,0
36,61,2,3005.88086357204,955.571610597219,0,0,0,107,0,0,0
36,61,3,3096.49934266732,792.320475139402,0,0,0,67,0,0,0
36,61,4,3403.81091606954,1293.57627992865,0,0,0,182,0,0,0
36,61,5,3771.28794991552,2617.54323752158,0,0,0,168,0,0,0
36,61,6,4599.82303811027,2925.97424375619,0,0,0,216,0,0,1
36,61,7,21174.2875488492,9795.2571243135,27,0,0,199,0,0,0
36,61,8,0,3,0,0,0,0,0,0,0
36,62,1,3240.39100036841,1745.87272122885,0,0,0,43,0,0,0
36,62,2,3016.74604604412,1113.53458297926,0,0,0,95,0,0,0
36,62,3,3096.55577627792,1418.72300127911,0,0,0,79,0,0,0
36,62,4,3429.74548133829,1767.6836532821,0,0,0,129,0,0,0
36,62,5,3820.18781967995,1320.5474669327,2,0,0,188,0,0,0
36,62,6,4680.49904885433,1343.45904188494,2,0,0,210,0,0,0
36,62,7,21246.803504336,5112.00675323075,24,0,0,233,0,0,0
36,62,8,0,3,0,0,0,0,0,0,0
36,63,1,3282.326569764,923.674626209805,1,0,0,166,0,0,0
36,63,2,3032.31603895317,1620.62644548898,0,0,0,111,0,0,0
36,63,3,3132.08606934033,1024.31398273832,0,0,0,141,0,0,0
36,63,4,3488.75550570684,1967.14551943218,1,0,0,169,0,0,0
36,63,5,3863.84451179374,1013.83701808152,0,0,0,132,0,0,0
36,63,6,4756.74007696779,1371.52103635268,0,0,0,134,0,0,0
36,63,7,21353.9183808469,7477.00382578199,35,0,0,253,0,0,0
36,63,8,0,3,0,0,0,0,0,0,0
36,64,1,3306.98950405768,1087.13295080782,0,0,0,92,0,0,0
36,64,2,3069.4433965284,1306.39936185475,0,0,0,161,0,0,0
36,64,3,3150.52128499557,789.563942392001,0,0,0,102,0,0,0
36,64,4,3541.91645681567,2298.61841921138,0,0,0,195,0,0,0
36,64,5,3889.35120125882,535.506841852664,0,0,0,101,0,0,0
36,64,6,4824.4858438066,1331.59633069578,0,0,0,137,0,0,0
36,64,7,21480.7324119002,7575.73954291673,30,0,0,248,0,0,0
36,64,8,0,3,0,0,0,0,0,0,0
36,65,1,3333.5590084605,900.406630770078,0,0,0,108,0,0,0
36,65,2,3099.11538277581,1422.16213108049,0,0,0,130,0,0,0
36,65,3,3160.7667583291,1028.28275310968,0,0,0,78,0,0,0
36,65,4,3604.7684628425,1169.06887188174,1,0,0,201,0,0,0
36,65,5,3892.84231482863,1517.80994944334,0,0,0,53,0,0,0
36,65,6,4900.06100162252,2922.80616653501,0,0,0,133,0,0,0
36,65,7,21623.1374792902,13462.6413780311,26,0,0,252,0,0,5
36,65,8,0,3,0,0,0,0,0,0,0
36,66,1,3335.34726518518,1267.16641970161,0,0,0,90,0,0,0
36,66,2,3110.82085315474,915.702256493583,0,0,0,142,0,0,0
36,66,3,3152.98399891382,1219.4080705252,0,0,0,102,0,0,0
36,66,4,3615.61811329054,1314.07313958575,0,0,0,116,0,0,0
36,66,5,3911.12802077559,1486.33159417782,0,0,0,151,0,0,0
36,66,6,4958.08263410195,3186.11135263924,2,0,0,206,0,0,0
36,66,7,21657.0734309451,8603.71583127473,30,0,0,238,0,0,0
36,66,8,0,3,0,0,0,0,0,0,0
36,67,1,3351.48502407155,1368.73556045336,0,0,0,126,0,0,0
36,67,2,3119.67876218674,1362.56059629871,0,0,0,91,0,0,0
36,67,3,3161.40582232799,910.932809235983,0,0,0,121,0,0,0
36,67,4,3648.14270176146,619.404373161569,0,0,0,131,0,0,0
36,67,5,3944.40870184094,1660.82398308599,0,0,0,148,0,0,0
36,67,6,5041.87450549356,1847.93825430478,29,0,0,192,0,0,0
36,67,7,21708.2290059272,6517.84999477258,143,0,0,184,0,0,4
36,67,8,0,3,0,0,0,0,0,0,0
36,68,1,3386.34504776393,1825.16902448553,0,0,0,135,0,0,0
36,68,2,3141.8190709979,1532.79727220162,0,0,0,136,0,0,0
36,68,3,3167.74166816848,958.588552550511,0,0,0,91,0,0,0
36,68,4,3648.57923654776,1211.91294781105,0,0,0,61,0,0,0
36,68,5,4001.22490209518,2227.8400604828,7,0,0,151,0,0,0
36,68,6,5131.71098080688,1762.72854108312,28,0,0,131,0,0,0
36,68,7,21820.2328112659,9963.35231029395,165,1,0,214,0,0,34
36,68,8,0,3,0,0,0,0,0,0,0
36,69,1,3406.71954022101,1020.80246332125,0,0,0,180,0,0,0
36,69,2,3150.89139552141,1123.68034647605,0,0,0,153,0,0,0
36,69,3,3162.67223845603,1151.55053301388,0,0,0,95,0,0,0
36,69,4,3657.9146847282,968.993834098684,0,0,0,121,0,0,0
36,69,5,4045.73473449077,938.479709180612,1,0,0,206,0,0,0
36,69,6,5215.84792509471,2952.94445828449,0,0,0,176,0,0,0
36,69,7,21897.3737211269,6360.826293646,56,0,0,215,0,0,2
36,69,8,0,3,0,0,0,0,0,0,0
36,70,1,3425.35663344244,818.646308193844,0,0,0,102,0,0,0
36,70,2,3168.88020298476,1330.57784518118,0,0,0,112,0,0,0
36,70,3,3183.77600530096,1813.07622137757,10,0,0,102,0,0,0
36,70,4,3681.46421101332,2132.58115704137,0,0,0,96,0,0,0
36,70,5,4076.86307021845,1510.99089567787,0,0,0,93,0,0,0
36,70,6,5325.89934246952,2379.04685583493,120,0,0,139,0,0,0
36,70,7,22094.2220530993,7194.463586047,262,0,0,270,0,0,7
36,70,8,0,3,0,0,0,0,0,0,0
36,71,1,3425.03205780246,1789.87051841222,0,0,0,81,0,0,0
36,71,2,3169.1259607317,1810.55916046855,0,0,0,133,0,0,0
36,71,3,3225.81292325385,663.33297479132,0,0,0,178,0,0,0
36,71,4,3746.72598482797,1325.40033948895,0,3,0,170,0,0,0
36,71,5,4125.59804341478,1072.95024074369,0,0,0,151,0,0,0
36,71,6,5451.77302582644,2540.58749835755,0,4,0,191,0,0,0
36,71,7,22187.2103493287,14991.4918825835,0,52,0,173,0,0,0
36,71,8,0,3,0,0,0,0,0,0,0
36,72,1,3423.14378960069,748.354752679877,0,0,0,178,0,0,0
36,72,2,3169.34125313432,652.731764148114,0,0,0,181,0,0,0
36,72,3,3209.46248167697,1503.80403415938,0,0,0,66,0,0,0
36,72,4,3736.7422276233,2608.81959566889,0,0,0,132,0,0,0
36,72,5,4128.34197512253,1916.90954845067,0,0,0,107,0,0,0
36,72,6,5496.89490506471,2171.94708042539,0,5,0,184,0,0,0
36,72,7,22215.140376305,11604.9274049387,0,110,0,151,0,0,0
36,72,8,0,3,0,0,0,0,0,0,0
36,73,1,3412.84123959667,1590.2744275862,0,9,0,64,0,0,0
36,73,2,3137.43507438098,1737.41862959878,0,1,0,64,0,0,0
36,73,3,3190.59495456941,2148.81368634825,0,35,0,108,0,0,0
36,73,4,3721.12013396592,2013.90427866189,0,109,0,130,0,0,0
36,73,5,4133.25519505831,1236.95175895711,0,57,0,123,0,0,0
36,73,6,5518.52423494061,2062.60353722148,0,74,0,128,0,0,0
36,73,7,22334.3374373587,5442.63927422958,0,513,0,516,0,0,0
36,73,8,0,3,0,0,0,0,0,0,0
36,74,1,3418.4828502774,884.087522228956,0,0,0,159,0,0,0
36,74,2,3146.34636267737,2064.32210487078,0,0,0,173,0,0,0
36,74,3,3192.74215963793,429.766852105284,2,0,0,188,0,0,0
36,74,4,3746.8146035943,977.177219033666,0,0,0,201,0,0,0
36,74,5,4166.60965853534,1608.92256214611,0,0,0,123,0,0,0
36,74,6,5591.5663419921,2546.7945477173,3,0,0,165,0,0,0
36,74,7,22400.8639948557,7956.45539512747,29,0,0,208,0,0,0
36,74,8,0,3,0,0,0,0,0,0,0
36,75,1,3409.33340776292,1409.18669293986,0,0,0,88,0,0,0
36,75,2,3191.07830340796,1785.46582499388,0,0,0,200,0,0,0
36,75,3,3169.97614973494,2161.48417352401,0,0,0,42,0,0,0
36,75,4,3755.30596920819,912.467571545082,0,0,0,97,0,0,0
36,75,5,4230.06587957654,2805.26308555245,0,0,0,160,0,0,0
36,75,6,5763.8989758561,1001.94439482064,0,0,0,240,0,0,0
36,75,7,22515.4798122252,6939.84966446787,29,0,0,188,0,0,0
36,75,8,0,3,0,0,0,0,0,0,0
36,76,1,3418.61028909757,992.040972314714,0,8,0,128,0,0,0
36,76,2,3182.48225670272,1408.15107079207,0,29,0,131,0,0,0
36,76,3,3172.55076958215,1858.39745377652,0,53,0,130,0,0,0
36,76,4,3739.23956966267,2009.24888810422,0,0,0,91,0,0,0
36,76,5,4269.86708007803,1492.670744934,0,77,0,157,0,0,0
36,76,6,5800.82653641849,1450.39044569748,0,0,0,100,0,0,0
36,76,7,22589.2121151335,6213.13938349956,1,252,0,219,0,0,0
36,76,8,0,3,0,0,0,0,0,0,0
36,77,1,3427.38065012138,2293.20898926713,0,0,0,99,0,0,0
36,77,2,3200.8176422139,1936.54531204037,0,0,0,140,0,0,0
36,77,3,3225.71607910796,1358.98345296429,0,0,0,185,0,0,0
36,77,4,3845.65850487426,2559.16947794786,0,0,0,188,0,0,0
36,77,5,4350.78018975427,1286.342703448,0,0,0,149,0,0,0
36,77,6,5947.79521779574,2725.37450765093,0,0,0,145,0,0,0
36,77,7,22715.8108693291,12656.6339633556,31,0,0,182,0,0,0
36,77,8,0,3,0,0,0,0,0,0,0
36,78,1,3441.18960218263,1953.53373173779,0,0,0,216,0,0,0
36,78,2,3214.15375774525,706.511137941876,0,0,0,193,0,0,0
36,78,3,3233.34298941912,895.381984877989,0,0,0,135,0,0,0
36,78,4,3879.99142485033,2082.2011743855,0,0,0,232,0,0,0
36,78,5,4380.80239420052,1117.97416281906,0,0,0,128,0,0,0
36,78,6,6037.40749086252,3395.86301331588,2,0,0,188,0,0,0
36,78,7,22767.1687999561,9122.57229549639,26,1,0,199,0,0,1
36,78,8,0,3,0,0,0,0,0,0,0
36,79,1,3478.35374998448,915.771478931704,0,0,0,195,0,0,0
36,79,2,3211.14683506581,724.364161535108,0,0,0,70,0,0,0
36,79,3,3231.8981024766,1406.54788504041,0,0,0,89,0,0,0
36,79,4,3928.93099971172,1920.4899800186,3,0,0,173,0,0,0
36,79,5,4426.20681308717,1398.56149506175,0,0,0,111,0,0,0
36,79,6,6161.70824950198,1471.67442429879,10,0,0,226,0,0,0
36,79,7,22865.625556083,7350.5411840152,61,0,0,240,0,0,0
36,79,8,0,3,0,0,0,0,0,0,0
36,80,1,3486.52716590939,419.018409795103,0,0,0,91,0,0,0
36,80,2,3202.65053210137,1909.36062517809,0,0,0,72,0,0,0
36,80,3,3250.80553444302,927.13853276541,0,0,0,140,0,0,0
36,80,4,3951.79181105947,1022.86749630846,0,3,0,169,0,0,0
36,80,5,4453.31327548907,1187.21900454773,0,0,0,139,0,0,0
36,80,6,6214.33197935304,3690.72764182711,0,0,0,147,0,0,0
36,80,7,22917.5298582661,9449.81104682214,0,86,0,176,0,0,0
36,80,8,0,3,0,0,0,0,0,0,0
36,81,1,3462.34934465418,1721.78198121279,0,0,0,41,0,0,0
36,81,2,3253.0931589599,1776.39168317894,0,0,0,190,0,0,0
36,81,3,3250.81795336684,1225.399242445,0,0,0,92,0,0,0
36,81,4,3965.28684413756,866.491477232834,0,0,0,102,0,0,0
36,81,5,4502.98027831866,981.560720847696,0,0,0,118,0,0,0
36,81,6,6362.6222268502,1659.34342152445,4,0,0,212,0,0,0
36,81,7,23077.3507892192,4410.56527825306,22,1,0,301,0,0,0
36,81,8,0,3,0,0,0,0,0,0,0
36,82,1,3454.93127362897,1763.15526502549,0,87,0,85,0,0,0
36,82,2,3241.93236428433,731.073586851631,0,94,0,83,0,0,0
36,82,3,3229.06320878112,1520.65858609707,0,49,0,73,0,0,0
36,82,4,3952.33156962671,2465.53344898922,0,30,0,56,0,0,0
36,82,5,4474.78649224336,962.748357407121,0,57,0,41,0,0,0
36,82,6,6391.30111007258,1606.09380773737,0,63,0,102,0,0,0
36,82,7,23143.3389343608,11645.0191248266,0,200,0,223,0,0,0
36,82,8,0,3,0,0,0,0,0,0,0
36,83,1,3482.36480215546,1682.45094660871,0,0,0,176,0,0,0
36,83,2,3242.89739283698,1155.15513881347,0,0,0,73,0,0,0
36,83,3,3244.49593553488,982.050712133316,0,0,0,152,0,0,0
36,83,4,3987.67403298468,1958.37006901922,0,0,0,232,0,0,0
36,83,5,4488.38080377752,1631.05837548492,0,0,0,96,0,0,0
36,83,6,6476.28168371564,2430.9685423338,0,0,0,160,0,0,0
36,83,7,23192.4974325015,7392.55915352835,26,0,0,197,0,0,0
36,83,8,0,3,0,0,0,0,0,0,0
36,84,1,3520.85078729616,1502.24646505484,0,0,0,165,0,0,0
36,84,2,3260.10530516455,1852.13344351926,0,0,0,115,0,0,0
36,84,3,3256.48171282887,745.05348036599,0,0,0,98,0,0,0
36,84,4,4059.81687136939,2210.35693295234,3,0,0,165,0,0,0
36,84,5,4543.97125246471,1558.42689417745,0,0,0,163,0,0,0
36,84,6,6577.07551989924,2707.24116772142,10,0,0,154,0,0,0
36,84,7,23295.8342242259,10655.3452805392,68,0,0,185,0,0,0
36,84,8,0,3,0,0,0,0,0,0,0
36,85,1,3568.5150489843,657.626414594052,0,0,0,150,0,0,0
36,85,2,3295.0818369938,1235.91247726075,0,0,0,184,0,0,0
36,85,3,3249.04225201379,1159.70692409267,0,0,0,74,0,0,0
36,85,4,4121.42938636341,1866.70767568626,0,0,0,209,0,0,0
36,85,5,4574.48524070931,3171.51418135874,0,0,0,155,0,0,0
36,85,6,6726.80615988128,2991.2701702003,4,0,0,194,0,0,0
36,85,7,23402.9954158901,8876.94420784445,47,0,0,213,0,0,0
36,85,8,0,3,0,0,0,0,0,0,0
36,86,1,3562.23600506454,789.781578576333,0,0,0,65,0,0,0
36,86,2,3333.75017307716,485.516067476216,0,0,0,123,0,0,0
36,86,3,3262.86891045775,1260.77282821934,0,0,0,115,0,0,0
36,86,4,4200.97735729588,1470.14936519537,0,0,0,186,0,0,0
36,86,5,4634.36696961368,2198.9585430219,17,0,0,158,0,0,0
36,86,6,6920.01515407914,3810.10852416635,6,0,0,240,0,0,0
36,86,7,23491.2794644196,14884.3312116554,77,0,0,182,0,0,0
36,86,8,0,3,0,0,0,0,0,0,0
36,87,1,3557.3124236731,642.655060779205,0,0,0,78,0,0,0
36,87,2,3312.55740579228,1799.07329104223,0,0,0,48,0,0,0
36,87,3,3269.04647967349,1017.28666758633,0,0,0,126,0,0,0
36,87,4,4219.5050956557,1006.15510551591,0,0,0,147,0,0,0
36,87,5,4657.60382429813,2063.10264555864,0,0,0,193,0,0,0
36,87,6,7013.87741388851,3962.71130176069,6,0,0,183,0,0,0
36,87,7,23531.2214515053,7661.1852849554,44,0,0,217,0,0,0
36,87,8,0,3,0,0,0,0,0,0,0
36,88,1,3550.76074780903,2585.6089712964,0,0,0,64,0,0,0
36,88,2,3371.73269652141,392.828788504723,7,0,0,160,0,0,0
36,88,3,3281.25217099432,1307.37252774455,0,0,0,101,0,0,0
36,88,4,4256.32062691829,902.345896184254,0,0,0,100,0,0,0
36,88,5,4751.96727739331,2863.96310266779,11,0,0,175,0,0,0
36,88,6,7198.76242253328,2715.21380429113,78,0,0,177,0,0,0
36,88,7,23604.6890128098,10790.2066689068,157,1,0,159,0,0,6
36,88,8,0,3,0,0,0,0,0,0,0
36,89,1,3582.85714944218,590.9418467333,3,0,0,214,0,0,0
36,89,2,3341.08914693306,1405.03673551366,0,0,0,39,0,0,0
36,89,3,3282.07783417718,1469.1974044278,0,0,0,130,0,0,0
36,89,4,4248.74436302093,2514.66079944212,0,0,0,90,0,0,0
36,89,5,4818.58257360603,1716.73404894701,0,0,0,275,0,0,0
36,89,6,7277.59696830401,3776.23431343195,6,0,0,187,0,0,0
36,89,7,23650.7576369906,8936.30477557019,64,0,0,180,0,0,0
36,89,8,0,3,0,0,0,0,0,0,0
36,90,1,3572.08549375975,1564.0091902146,0,0,0,59,0,0,0
36,90,2,3327.86685246035,1537.23513730424,0,0,0,140,0,0,0
36,90,3,3273.77173445202,1382.4197572262,7,0,0,135,0,0,0
36,90,4,4263.29570668621,2189.22393884409,62,0,0,152,0,0,0
36,90,5,4827.06089745382,2965.89265222606,26,0,0,130,0,0,0
36,90,6,7334.18369127273,2214.46921076927,136,0,0,156,0,0,0
36,90,7,23736.6004553741,6829.5788422742,355,0,0,324,0,0,0
36,90,8,0,3,0,0,0,0,0,0,0
36,91,1,3586.45641498732,1266.56274682912,15,0,0,127,0,0,0
36,91,2,3336.76076410881,1169.26957868936,13,0,0,129,0,0,0
36,91,3,3282.19875871435,504.037797525745,0,0,0,138,0,0,0
36,91,4,4296.97334372969,2438.77194189118,31,0,0,160,0,0,0
36,91,5,4890.85001765484,2790.32187107363,71,0,0,160,0,0,0
36,91,6,7441.71446055342,3115.00166615695,36,0,0,153,0,0,0
36,91,7,23839.9347842186,8217.02004385035,186,2,0,177,0,0,1
36,91,8,0,3,0,0,0,0,0,0,0
36,92,1,3594.05991602161,2070.57038392446,0,0,0,126,0,0,0
36,92,2,3333.92285231063,1519.10255512902,0,0,0,116,0,0,0
36,92,3,3251.92531490304,1614.30297121325,0,0,0,50,0,0,0
36,92,4,4342.9314453565,1518.1977359992,0,4,0,207,0,0,0
36,92,5,5006.76983125364,1849.2400112166,0,8,0,202,0,0,0
36,92,6,7564.70953779021,2719.61415037457,0,19,0,169,0,0,0
36,92,7,23927.3349151004,13018.7805029462,0,81,0,204,0,0,0
36,92,8,0,3,0,0,0,0,0,0,0
36,93,1,3613.21543117539,1121.27242996834,0,0,0,199,0,0,0
36,93,2,3334.64501559182,1341.90099282506,0,0,0,151,0,0,0
36,93,3,3254.96965700517,1539.85781530657,0,0,0,161,0,0,0
36,93,4,4371.64739848284,2850.52694759203,0,0,0,151,0,0,0
36,93,5,5057.36888394182,3564.12811692364,0,0,0,183,0,0,0
36,93,6,7662.92861879748,4390.13230467953,0,1,0,204,0,0,0
36,93,7,23991.5163145282,7106.19120612578,13,12,0,220,0,0,0
36,93,8,0,3,0,0,0,0,0,0,0
36,94,1,3595.61679371021,983.832445719755,0,56,0,56,0,0,0
36,94,2,3311.86013888258,998.414150289322,0,63,0,71,0,0,0
36,94,3,3223.11098768236,1280.31272128498,0,82,0,71,0,0,0
36,94,4,4394.59379463131,2341.87498465743,0,145,0,140,0,0,0
36,94,5,5114.35212227473,1581.99640203747,0,182,0,174,0,0,0
36,94,6,7881.65233797923,2374.81300314186,0,231,0,208,0,0,0
36,94,7,24070.9399313623,8282.51423599135,6,156,0,148,0,0,0
36,94,8,0,3,0,0,0,0,0,0,0
36,95,1,3598.64022830275,2167.14856298634,0,0,0,98,0,0,0
36,95,2,3321.52026447917,1679.07596066252,0,0,0,99,0,0,0
36,95,3,3239.95381733673,1379.94759691345,0,0,0,128,0,0,0
36,95,4,4463.27927596976,1914.78005100027,0,0,0,233,0,0,0
36,95,5,5184.34810481391,1612.54751310167,0,0,0,158,0,0,0
36,95,6,8048.42875320854,2336.7866402081,0,0,0,209,0,0,0
36,95,7,24163.3926729296,10379.5918473909,29,0,0,257,0,0,0
36,95,8,0,3,0,0,0,0,0,0,0
36,96,1,3667.92019171128,1508.86782367724,0,0,0,216,0,0,0
36,96,2,3329.46756341205,852.406535970664,0,0,0,167,0,0,0
36,96,3,3271.68668766492,1120.22017488944,0,0,0,137,0,0,0
36,96,4,4544.97470496557,2207.68786473122,0,0,0,191,0,0,0
36,96,5,5283.07436546893,1959.97532727282,0,0,0,161,0,0,0
36,96,6,8238.88826284872,5664.15198515462,0,0,0,188,0,0,0
36,96,7,24300.5886976049,8830.58655571748,27,0,0,207,0,0,0
36,96,8,0,3,0,0,0,0,0,0,0
36,97,1,3723.66820546868,1293.81968273901,0,0,0,150,0,0,0
36,97,2,3339.29787431168,716.160136886514,0,0,0,85,0,0,0
36,97,3,3296.8837127193,1144.32516161842,0,0,0,112,0,0,0
36,97,4,4657.28505371011,1809.69875368743,1,0,0,187,0,0,0
36,97,5,5426.3063274021,2913.97173116605,0,0,0,178,0,0,0
36,97,6,8466.37493171233,2646.93735986265,22,0,0,196,0,0,0
36,97,7,24422.5376783076,7656.8985765869,42,0,0,181,0,0,0
36,97,8,0,3,0,0,0,0,0,0,0
36,98,1,3787.16803051196,1554.04246004503,0,0,0,129,0,0,0
36,98,2,3336.68861503242,666.005455904531,0,0,0,71,0,0,0
36,98,3,3323.24158861908,1629.29107213546,0,0,0,114,0,0,0
36,98,4,4783.25708833692,1300.92163039843,0,0,0,178,0,0,0
36,98,5,5568.54880113747,2190.59289365733,21,0,0,165,0,0,0
36,98,6,8738.03600827127,3155.30883499768,11,0,0,199,0,0,0
36,98,7,24609.8201155744,9957.88960684299,97,0,0,188,0,0,0
36,98,8,0,3,0,0,0,0,0,0,0
36,99,1,3857.4393273174,1390.00279336181,0,0,0,155,0,0,0
36,99,2,3354.81765546013,1811.47261367522,0,0,0,66,0,0,0
36,99,3,3357.69580192453,490.525896274346,0,0,0,162,0,0,0
36,99,4,4891.34923552292,1634.19207539639,0,0,0,130,0,0,0
36,99,5,5744.15525991529,2382.70959707842,2,0,0,190,0,0,0
36,99,6,8994.22839446515,2069.50479316226,9,0,0,175,0,0,0
36,99,7,24785.678097631,12387.1250782309,54,0,0,202,0,0,0
36,99,8,0,3,0,0,0,0,0,0,0
36,100,1,3857.52486230571,763.063625398689,0,0,0,139,0,0,0
36,100,2,3368.08291732705,949.863102927751,0,0,0,181,0,0,0
36,100,3,3334.12657893719,1208.71486790433,0,0,0,49,0,0,0
36,100,4,4901.95035904183,2604.81942839118,0,0,0,163,0,0,0
36,100,5,5837.63001910288,2075.32902261965,0,0,0,238,0,0,0
36,100,6,9069.67288134722,3417.02883706648,1,0,0,181,0,0,0
36,100,7,24877.440610712,13227.5005499194,34,0,0,353,0,0,0
36,100,8,0,3,0,0,0,0,0,0,0
37,1,1,2949.1296,297.027415019669,0,48,0,41,0,0,0
37,1,2,2940.088,1162.78871643233,0,38,0,26,0,0,0
37,1,3,2950.6416,1491.72395338179,0,40,0,48,0,0,0
37,1,4,2946.704,1489.56943207133,0,39,0,38,0,0,0
37,1,5,2945.384,892.232949890394,0,12,0,17,0,0,0
37,1,6,2939.392,980.304709149042,0,34,0,53,0,0,0
37,1,7,19223.8991999999,12884.4082358089,0,48,0,51,0,0,0
37,1,8,0,0,0,50,0,41,0,0,0
37,2,1,NA,NA,NA,NA,NA,NA,NA,NA,NA
37,2,2,NA,NA,NA,NA,NA,NA,NA,NA,NA
37,2,3,NA,NA,NA,NA,NA,NA,NA,NA,NA
37,2,4,NA,NA,NA,NA,NA,NA,NA,NA,NA
37,2,5,NA,NA,NA,NA,NA,NA,NA,NA,NA
37,2,6,NA,NA,NA,NA,NA,NA,NA,NA,NA
37,2,7,NA,NA,NA,NA,NA,NA,NA,NA,NA
37,2,8,NA,NA,NA,NA,NA,NA,NA,NA,NA
37,3,1,NA,NA,NA,NA,NA,NA,NA,NA,NA
37,3,2,NA,NA,NA,NA,NA,NA,NA,NA,NA
37,3,3,NA,NA,NA,NA,NA,NA,NA,NA,NA
37,3,4,NA,NA,NA,NA,NA,NA,NA,NA,NA
37,3,5,NA,NA,NA,NA,NA,NA,NA,NA,NA
37,3,6,NA,NA,NA,NA,NA,NA,NA,NA,NA
37,3,7,NA,NA,NA,NA,NA,NA,NA,NA,NA
37,3,8,NA,NA,NA,NA,NA,NA,NA,NA,NA
37,4,1,NA,NA,NA,NA,NA,NA,NA,NA,NA
37,4,2,NA,NA,NA,NA,NA,NA,NA,NA,NA
37,4,3,NA,NA,NA,NA,NA,NA,NA,NA,NA
37,4,4,NA,NA,NA,NA,NA,NA,NA,NA,NA
37,4,5,NA,NA,NA,NA,NA,NA,NA,NA,NA
37,4,6,NA,NA,NA,NA,NA,NA,NA,NA,NA
37,4,7,NA,NA,NA,NA,NA,NA,NA,NA,NA
37,4,8,NA,NA,NA,NA,NA,NA,NA,NA,NA
37,5,1,NA,NA,NA,NA,NA,NA,NA,NA,NA
37,5,2,NA,NA,NA,NA,NA,NA,NA,NA,NA
37,5,3,NA,NA,NA,NA,NA,NA,NA,NA,NA
37,5,4,NA,NA,NA,NA,NA,NA,NA,NA,NA
37,5,5,NA,NA,NA,NA,NA,NA,NA,NA,NA
37,5,6,NA,NA,NA,NA,NA,NA,NA,NA,NA
37,5,7,NA,NA,NA,NA,NA,NA,NA,NA,NA
37,5,8,NA,NA,NA,NA,NA,NA,NA,NA,NA
37,6,1,NA,NA,NA,NA,NA,NA,NA,NA,NA
37,6,2,NA,NA,NA,NA,NA,NA,NA,NA,NA
37,6,3,NA,NA,NA,NA,NA,NA,NA,NA,NA
37,6,4,NA,NA,NA,NA,NA,NA,NA,NA,NA
37,6,5,NA,NA,NA,NA,NA,NA,NA,NA,NA
37,6,6,NA,NA,NA,NA,NA,NA,NA,NA,NA
37,6,7,NA,NA,NA,NA,NA,NA,NA,NA,NA
37,6,8,NA,NA,NA,NA,NA,NA,NA,NA,NA
37,7,1,NA,NA,NA,NA,NA,NA,NA,NA,NA
37,7,2,NA,NA,NA,NA,NA,NA,NA,NA,NA
37,7,3,NA,NA,NA,NA,NA,NA,NA,NA,NA
37,7,4,NA,NA,NA,NA,NA,NA,NA,NA,NA
37,7,5,NA,NA,NA,NA,NA,NA,NA,NA,NA
37,7,6,NA,NA,NA,NA,NA,NA,NA,NA,NA
37,7,7,NA,NA,NA,NA,NA,NA,NA,NA,NA
37,7,8,NA,NA,NA,NA,NA,NA,NA,NA,NA
37,8,1,NA,NA,NA,NA,NA,NA,NA,NA,NA
37,8,2,NA,NA,NA,NA,NA,NA,NA,NA,NA
37,8,3,NA,NA,NA,NA,NA,NA,NA,NA,NA
37,8,4,NA,NA,NA,NA,NA,NA,NA,NA,NA
37,8,5,NA,NA,NA,NA,NA,NA,NA,NA,NA
37,8,6,NA,NA,NA,NA,NA,NA,NA,NA,NA
37,8,7,NA,NA,NA,NA,NA,NA,NA,NA,NA
37,8,8,NA,NA,NA,NA,NA,NA,NA,NA,NA
37,9,1,NA,NA,NA,NA,NA,NA,NA,NA,NA
37,9,2,NA,NA,NA,NA,NA,NA,NA,NA,NA
37,9,3,NA,NA,NA,NA,NA,NA,NA,NA,NA
37,9,4,NA,NA,NA,NA,NA,NA,NA,NA,NA
37,9,5,NA,NA,NA,NA,NA,NA,NA,NA,NA
37,9,6,NA,NA,NA,NA,NA,NA,NA,NA,NA
37,9,7,NA,NA,NA,NA,NA,NA,NA,NA,NA
37,9,8,NA,NA,NA,NA,NA,NA,NA,NA,NA
37,10,1,NA,NA,NA,NA,NA,NA,NA,NA,NA
37,10,2,NA,NA,NA,NA,NA,NA,NA,NA,NA
37,10,3,NA,NA,NA,NA,NA,NA,NA,NA,NA
37,10,4,NA,NA,NA,NA,NA,NA,NA,NA,NA
37,10,5,NA,NA,NA,NA,NA,NA,NA,NA,NA
37,10,6,NA,NA,NA,NA,NA,NA,NA,NA,NA
37,10,7,NA,NA,NA,NA,NA,NA,NA,NA,NA
37,10,8,NA,NA,NA,NA,NA,NA,NA,NA,NA
37,11,1,NA,NA,NA,NA,NA,NA,NA,NA,NA
37,11,2,NA,NA,NA,NA,NA,NA,NA,NA,NA
37,11,3,NA,NA,NA,NA,NA,NA,NA,NA,NA
37,11,4,NA,NA,NA,NA,NA,NA,NA,NA,NA
37,11,5,NA,NA,NA,NA,NA,NA,NA,NA,NA
37,11,6,NA,NA,NA,NA,NA,NA,NA,NA,NA
37,11,7,NA,NA,NA,NA,NA,NA,NA,NA,NA
37,11,8,NA,NA,NA,NA,NA,NA,NA,NA,NA
37,12,1,NA,NA,NA,NA,NA,NA,NA,NA,NA
37,12,2,NA,NA,NA,NA,NA,NA,NA,NA,NA
37,12,3,NA,NA,NA,NA,NA,NA,NA,NA,NA
37,12,4,NA,NA,NA,NA,NA,NA,NA,NA,NA
37,12,5,NA,NA,NA,NA,NA,NA,NA,NA,NA
37,12,6,NA,NA,NA,NA,NA,NA,NA,NA,NA
37,12,7,NA,NA,NA,NA,NA,NA,NA,NA,NA
37,12,8,NA,NA,NA,NA,NA,NA,NA,NA,NA
37,13,1,NA,NA,NA,NA,NA,NA,NA,NA,NA
37,13,2,NA,NA,NA,NA,NA,NA,NA,NA,NA
37,13,3,NA,NA,NA,NA,NA,NA,NA,NA,NA
37,13,4,NA,NA,NA,NA,NA,NA,NA,NA,NA
37,13,5,NA,NA,NA,NA,NA,NA,NA,NA,NA
37,13,6,NA,NA,NA,NA,NA,NA,NA,NA,NA
37,13,7,NA,NA,NA,NA,NA,NA,NA,NA,NA
37,13,8,NA,NA,NA,NA,NA,NA,NA,NA,NA
37,14,1,NA,NA,NA,NA,NA,NA,NA,NA,NA
37,14,2,NA,NA,NA,NA,NA,NA,NA,NA,NA
37,14,3,NA,NA,NA,NA,NA,NA,NA,NA,NA
37,14,4,NA,NA,NA,NA,NA,NA,NA,NA,NA
37,14,5,NA,NA,NA,NA,NA,NA,NA,NA,NA
37,14,6,NA,NA,NA,NA,NA,NA,NA,NA,NA
37,14,7,NA,NA,NA,NA,NA,NA,NA,NA,NA
37,14,8,NA,NA,NA,NA,NA,NA,NA,NA,NA
37,15,1,NA,NA,NA,NA,NA,NA,NA,NA,NA
37,15,2,NA,NA,NA,NA,NA,NA,NA,NA,NA
37,15,3,NA,NA,NA,NA,NA,NA,NA,NA,NA
37,15,4,NA,NA,NA,NA,NA,NA,NA,NA,NA
37,15,5,NA,NA,NA,NA,NA,NA,NA,NA,NA
37,15,6,NA,NA,NA,NA,NA,NA,NA,NA,NA
37,15,7,NA,NA,NA,NA,NA,NA,NA,NA,NA
37,15,8,NA,NA,NA,NA,NA,NA,NA,NA,NA
37,16,1,NA,NA,NA,NA,NA,NA,NA,NA,NA
37,16,2,NA,NA,NA,NA,NA,NA,NA,NA,NA
37,16,3,NA,NA,NA,NA,NA,NA,NA,NA,NA
37,16,4,NA,NA,NA,NA,NA,NA,NA,NA,NA
37,16,5,NA,NA,NA,NA,NA,NA,NA,NA,NA
37,16,6,NA,NA,NA,NA,NA,NA,NA,NA,NA
37,16,7,NA,NA,NA,NA,NA,NA,NA,NA,NA
37,16,8,NA,NA,NA,NA,NA,NA,NA,NA,NA
37,17,1,NA,NA,NA,NA,NA,NA,NA,NA,NA
37,17,2,NA,NA,NA,NA,NA,NA,NA,NA,NA
37,17,3,NA,NA,NA,NA,NA,NA,NA,NA,NA
37,17,4,NA,NA,NA,NA,NA,NA,NA,NA,NA
37,17,5,NA,NA,NA,NA,NA,NA,NA,NA,NA
37,17,6,NA,NA,NA,NA,NA,NA,NA,NA,NA
37,17,7,NA,NA,NA,NA,NA,NA,NA,NA,NA
37,17,8,NA,NA,NA,NA,NA,NA,NA,NA,NA
37,18,1,NA,NA,NA,NA,NA,NA,NA,NA,NA
37,18,2,NA,NA,NA,NA,NA,NA,NA,NA,NA
37,18,3,NA,NA,NA,NA,NA,NA,NA,NA,NA
37,18,4,NA,NA,NA,NA,NA,NA,NA,NA,NA
37,18,5,NA,NA,NA,NA,NA,NA,NA,NA,NA
37,18,6,NA,NA,NA,NA,NA,NA,NA,NA,NA
37,18,7,NA,NA,NA,NA,NA,NA,NA,NA,NA
37,18,8,NA,NA,NA,NA,NA,NA,NA,NA,NA
37,19,1,NA,NA,NA,NA,NA,NA,NA,NA,NA
37,19,2,NA,NA,NA,NA,NA,NA,NA,NA,NA
37,19,3,NA,NA,NA,NA,NA,NA,NA,NA,NA
37,19,4,NA,NA,NA,NA,NA,NA,NA,NA,NA
37,19,5,NA,NA,NA,NA,NA,NA,NA,NA,NA
37,19,6,NA,NA,NA,NA,NA,NA,NA,NA,NA
37,19,7,NA,NA,NA,NA,NA,NA,NA,NA,NA
37,19,8,NA,NA,NA,NA,NA,NA,NA,NA,NA
37,20,1,NA,NA,NA,NA,NA,NA,NA,NA,NA
37,20,2,NA,NA,NA,NA,NA,NA,NA,NA,NA
37,20,3,NA,NA,NA,NA,NA,NA,NA,NA,NA
37,20,4,NA,NA,NA,NA,NA,NA,NA,NA,NA
37,20,5,NA,NA,NA,NA,NA,NA,NA,NA,NA
37,20,6,NA,NA,NA,NA,NA,NA,NA,NA,NA
37,20,7,NA,NA,NA,NA,NA,NA,NA,NA,NA
37,20,8,NA,NA,NA,NA,NA,NA,NA,NA,NA
37,21,1,NA,NA,NA,NA,NA,NA,NA,NA,NA
37,21,2,NA,NA,NA,NA,NA,NA,NA,NA,NA
37,21,3,NA,NA,NA,NA,NA,NA,NA,NA,NA
37,21,4,NA,NA,NA,NA,NA,NA,NA,NA,NA
37,21,5,NA,NA,NA,NA,NA,NA,NA,NA,NA
37,21,6,NA,NA,NA,NA,NA,NA,NA,NA,NA
37,21,7,NA,NA,NA,NA,NA,NA,NA,NA,NA
37,21,8,NA,NA,NA,NA,NA,NA,NA,NA,NA
37,22,1,NA,NA,NA,NA,NA,NA,NA,NA,NA
37,22,2,NA,NA,NA,NA,NA,NA,NA,NA,NA
37,22,3,NA,NA,NA,NA,NA,NA,NA,NA,NA
37,22,4,NA,NA,NA,NA,NA,NA,NA,NA,NA
37,22,5,NA,NA,NA,NA,NA,NA,NA,NA,NA
37,22,6,NA,NA,NA,NA,NA,NA,NA,NA,NA
37,22,7,NA,NA,NA,NA,NA,NA,NA,NA,NA
37,22,8,NA,NA,NA,NA,NA,NA,NA,NA,NA
37,23,1,NA,NA,NA,NA,NA,NA,NA,NA,NA
37,23,2,NA,NA,NA,NA,NA,NA,NA,NA,NA
37,23,3,NA,NA,NA,NA,NA,NA,NA,NA,NA
37,23,4,NA,NA,NA,NA,NA,NA,NA,NA,NA
37,23,5,NA,NA,NA,NA,NA,NA,NA,NA,NA
37,23,6,NA,NA,NA,NA,NA,NA,NA,NA,NA
37,23,7,NA,NA,NA,NA,NA,NA,NA,NA,NA
37,23,8,NA,NA,NA,NA,NA,NA,NA,NA,NA
37,24,1,NA,NA,NA,NA,NA,NA,NA,NA,NA
37,24,2,NA,NA,NA,NA,NA,NA,NA,NA,NA
37,24,3,NA,NA,NA,NA,NA,NA,NA,NA,NA
37,24,4,NA,NA,NA,NA,NA,NA,NA,NA,NA
37,24,5,NA,NA,NA,NA,NA,NA,NA,NA,NA
37,24,6,NA,NA,NA,NA,NA,NA,NA,NA,NA
37,24,7,NA,NA,NA,NA,NA,NA,NA,NA,NA
37,24,8,NA,NA,NA,NA,NA,NA,NA,NA,NA
37,25,1,NA,NA,NA,NA,NA,NA,NA,NA,NA
37,25,2,NA,NA,NA,NA,NA,NA,NA,NA,NA
37,25,3,NA,NA,NA,NA,NA,NA,NA,NA,NA
37,25,4,NA,NA,NA,NA,NA,NA,NA,NA,NA
37,25,5,NA,NA,NA,NA,NA,NA,NA,NA,NA
37,25,6,NA,NA,NA,NA,NA,NA,NA,NA,NA
37,25,7,NA,NA,NA,NA,NA,NA,NA,NA,NA
37,25,8,NA,NA,NA,NA,NA,NA,NA,NA,NA
37,26,1,NA,NA,NA,NA,NA,NA,NA,NA,NA
37,26,2,NA,NA,NA,NA,NA,NA,NA,NA,NA
37,26,3,NA,NA,NA,NA,NA,NA,NA,NA,NA
37,26,4,NA,NA,NA,NA,NA,NA,NA,NA,NA
37,26,5,NA,NA,NA,NA,NA,NA,NA,NA,NA
37,26,6,NA,NA,NA,NA,NA,NA,NA,NA,NA
37,26,7,NA,NA,NA,NA,NA,NA,NA,NA,NA
37,26,8,NA,NA,NA,NA,NA,NA,NA,NA,NA
37,27,1,NA,NA,NA,NA,NA,NA,NA,NA,NA
37,27,2,NA,NA,NA,NA,NA,NA,NA,NA,NA
37,27,3,NA,NA,NA,NA,NA,NA,NA,NA,NA
37,27,4,NA,NA,NA,NA,NA,NA,NA,NA,NA
37,27,5,NA,NA,NA,NA,NA,NA,NA,NA,NA
37,27,6,NA,NA,NA,NA,NA,NA,NA,NA,NA
37,27,7,NA,NA,NA,NA,NA,NA,NA,NA,NA
37,27,8,NA,NA,NA,NA,NA,NA,NA,NA,NA
37,28,1,NA,NA,NA,NA,NA,NA,NA,NA,NA
37,28,2,NA,NA,NA,NA,NA,NA,NA,NA,NA
37,28,3,NA,NA,NA,NA,NA,NA,NA,NA,NA
37,28,4,NA,NA,NA,NA,NA,NA,NA,NA,NA
37,28,5,NA,NA,NA,NA,NA,NA,NA,NA,NA
37,28,6,NA,NA,NA,NA,NA,NA,NA,NA,NA
37,28,7,NA,NA,NA,NA,NA,NA,NA,NA,NA
37,28,8,NA,NA,NA,NA,NA,NA,NA,NA,NA
37,29,1,NA,NA,NA,NA,NA,NA,NA,NA,NA
37,29,2,NA,NA,NA,NA,NA,NA,NA,NA,NA
37,29,3,NA,NA,NA,NA,NA,NA,NA,NA,NA
37,29,4,NA,NA,NA,NA,NA,NA,NA,NA,NA
37,29,5,NA,NA,NA,NA,NA,NA,NA,NA,NA
37,29,6,NA,NA,NA,NA,NA,NA,NA,NA,NA
37,29,7,NA,NA,NA,NA,NA,NA,NA,NA,NA
37,29,8,NA,NA,NA,NA,NA,NA,NA,NA,NA
37,30,1,NA,NA,NA,NA,NA,NA,NA,NA,NA
37,30,2,NA,NA,NA,NA,NA,NA,NA,NA,NA
37,30,3,NA,NA,NA,NA,NA,NA,NA,NA,NA
37,30,4,NA,NA,NA,NA,NA,NA,NA,NA,NA
37,30,5,NA,NA,NA,NA,NA,NA,NA,NA,NA
37,30,6,NA,NA,NA,NA,NA,NA,NA,NA,NA
37,30,7,NA,NA,NA,NA,NA,NA,NA,NA,NA
37,30,8,NA,NA,NA,NA,NA,NA,NA,NA,NA
37,31,1,NA,NA,NA,NA,NA,NA,NA,NA,NA
37,31,2,NA,NA,NA,NA,NA,NA,NA,NA,NA
37,31,3,NA,NA,NA,NA,NA,NA,NA,NA,NA
37,31,4,NA,NA,NA,NA,NA,NA,NA,NA,NA
37,31,5,NA,NA,NA,NA,NA,NA,NA,NA,NA
37,31,6,NA,NA,NA,NA,NA,NA,NA,NA,NA
37,31,7,NA,NA,NA,NA,NA,NA,NA,NA,NA
37,31,8,NA,NA,NA,NA,NA,NA,NA,NA,NA
37,32,1,NA,NA,NA,NA,NA,NA,NA,NA,NA
37,32,2,NA,NA,NA,NA,NA,NA,NA,NA,NA
37,32,3,NA,NA,NA,NA,NA,NA,NA,NA,NA
37,32,4,NA,NA,NA,NA,NA,NA,NA,NA,NA
37,32,5,NA,NA,NA,NA,NA,NA,NA,NA,NA
37,32,6,NA,NA,NA,NA,NA,NA,NA,NA,NA
37,32,7,NA,NA,NA,NA,NA,NA,NA,NA,NA
37,32,8,NA,NA,NA,NA,NA,NA,NA,NA,NA
37,33,1,NA,NA,NA,NA,NA,NA,NA,NA,NA
37,33,2,NA,NA,NA,NA,NA,NA,NA,NA,NA
37,33,3,NA,NA,NA,NA,NA,NA,NA,NA,NA
37,33,4,NA,NA,NA,NA,NA,NA,NA,NA,NA
37,33,5,NA,NA,NA,NA,NA,NA,NA,NA,NA
37,33,6,NA,NA,NA,NA,NA,NA,NA,NA,NA
37,33,7,NA,NA,NA,NA,NA,NA,NA,NA,NA
37,33,8,NA,NA,NA,NA,NA,NA,NA,NA,NA
37,34,1,NA,NA,NA,NA,NA,NA,NA,NA,NA
37,34,2,NA,NA,NA,NA,NA,NA,NA,NA,NA
37,34,3,NA,NA,NA,NA,NA,NA,NA,NA,NA
37,34,4,NA,NA,NA,NA,NA,NA,NA,NA,NA
37,34,5,NA,NA,NA,NA,NA,NA,NA,NA,NA
37,34,6,NA,NA,NA,NA,NA,NA,NA,NA,NA
37,34,7,NA,NA,NA,NA,NA,NA,NA,NA,NA
37,34,8,NA,NA,NA,NA,NA,NA,NA,NA,NA
37,35,1,NA,NA,NA,NA,NA,NA,NA,NA,NA
37,35,2,NA,NA,NA,NA,NA,NA,NA,NA,NA
37,35,3,NA,NA,NA,NA,NA,NA,NA,NA,NA
37,35,4,NA,NA,NA,NA,NA,NA,NA,NA,NA
37,35,5,NA,NA,NA,NA,NA,NA,NA,NA,NA
37,35,6,NA,NA,NA,NA,NA,NA,NA,NA,NA
37,35,7,NA,NA,NA,NA,NA,NA,NA,NA,NA
37,35,8,NA,NA,NA,NA,NA,NA,NA,NA,NA
37,36,1,NA,NA,NA,NA,NA,NA,NA,NA,NA
37,36,2,NA,NA,NA,NA,NA,NA,NA,NA,NA
37,36,3,NA,NA,NA,NA,NA,NA,NA,NA,NA
37,36,4,NA,NA,NA,NA,NA,NA,NA,NA,NA
37,36,5,NA,NA,NA,NA,NA,NA,NA,NA,NA
37,36,6,NA,NA,NA,NA,NA,NA,NA,NA,NA
37,36,7,NA,NA,NA,NA,NA,NA,NA,NA,NA
37,36,8,NA,NA,NA,NA,NA,NA,NA,NA,NA
37,37,1,NA,NA,NA,NA,NA,NA,NA,NA,NA
37,37,2,NA,NA,NA,NA,NA,NA,NA,NA,NA
37,37,3,NA,NA,NA,NA,NA,NA,NA,NA,NA
37,37,4,NA,NA,NA,NA,NA,NA,NA,NA,NA
37,37,5,NA,NA,NA,NA,NA,NA,NA,NA,NA
37,37,6,NA,NA,NA,NA,NA,NA,NA,NA,NA
37,37,7,NA,NA,NA,NA,NA,NA,NA,NA,NA
37,37,8,NA,NA,NA,NA,NA,NA,NA,NA,NA
37,38,1,NA,NA,NA,NA,NA,NA,NA,NA,NA
37,38,2,NA,NA,NA,NA,NA,NA,NA,NA,NA
37,38,3,NA,NA,NA,NA,NA,NA,NA,NA,NA
37,38,4,NA,NA,NA,NA,NA,NA,NA,NA,NA
37,38,5,NA,NA,NA,NA,NA,NA,NA,NA,NA
37,38,6,NA,NA,NA,NA,NA,NA,NA,NA,NA
37,38,7,NA,NA,NA,NA,NA,NA,NA,NA,NA
37,38,8,NA,NA,NA,NA,NA,NA,NA,NA,NA
37,39,1,NA,NA,NA,NA,NA,NA,NA,NA,NA
37,39,2,NA,NA,NA,NA,NA,NA,NA,NA,NA
37,39,3,NA,NA,NA,NA,NA,NA,NA,NA,NA
37,39,4,NA,NA,NA,NA,NA,NA,NA,NA,NA
37,39,5,NA,NA,NA,NA,NA,NA,NA,NA,NA
37,39,6,NA,NA,NA,NA,NA,NA,NA,NA,NA
37,39,7,NA,NA,NA,NA,NA,NA,NA,NA,NA
37,39,8,NA,NA,NA,NA,NA,NA,NA,NA,NA
37,40,1,NA,NA,NA,NA,NA,NA,NA,NA,NA
37,40,2,NA,NA,NA,NA,NA,NA,NA,NA,NA
37,40,3,NA,NA,NA,NA,NA,NA,NA,NA,NA
37,40,4,NA,NA,NA,NA,NA,NA,NA,NA,NA
37,40,5,NA,NA,NA,NA,NA,NA,NA,NA,NA
37,40,6,NA,NA,NA,NA,NA,NA,NA,NA,NA
37,40,7,NA,NA,NA,NA,NA,NA,NA,NA,NA
37,40,8,NA,NA,NA,NA,NA,NA,NA,NA,NA
37,41,1,NA,NA,NA,NA,NA,NA,NA,NA,NA
37,41,2,NA,NA,NA,NA,NA,NA,NA,NA,NA
37,41,3,NA,NA,NA,NA,NA,NA,NA,NA,NA
37,41,4,NA,NA,NA,NA,NA,NA,NA,NA,NA
37,41,5,NA,NA,NA,NA,NA,NA,NA,NA,NA
37,41,6,NA,NA,NA,NA,NA,NA,NA,NA,NA
37,41,7,NA,NA,NA,NA,NA,NA,NA,NA,NA
37,41,8,NA,NA,NA,NA,NA,NA,NA,NA,NA
37,42,1,NA,NA,NA,NA,NA,NA,NA,NA,NA
37,42,2,NA,NA,NA,NA,NA,NA,NA,NA,NA
37,42,3,NA,NA,NA,NA,NA,NA,NA,NA,NA
37,42,4,NA,NA,NA,NA,NA,NA,NA,NA,NA
37,42,5,NA,NA,NA,NA,NA,NA,NA,NA,NA
37,42,6,NA,NA,NA,NA,NA,NA,NA,NA,NA
37,42,7,NA,NA,NA,NA,NA,NA,NA,NA,NA
37,42,8,NA,NA,NA,NA,NA,NA,NA,NA,NA
37,43,1,NA,NA,NA,NA,NA,NA,NA,NA,NA
37,43,2,NA,NA,NA,NA,NA,NA,NA,NA,NA
37,43,3,NA,NA,NA,NA,NA,NA,NA,NA,NA
37,43,4,NA,NA,NA,NA,NA,NA,NA,NA,NA
37,43,5,NA,NA,NA,NA,NA,NA,NA,NA,NA
37,43,6,NA,NA,NA,NA,NA,NA,NA,NA,NA
37,43,7,NA,NA,NA,NA,NA,NA,NA,NA,NA
37,43,8,NA,NA,NA,NA,NA,NA,NA,NA,NA
37,44,1,NA,NA,NA,NA,NA,NA,NA,NA,NA
37,44,2,NA,NA,NA,NA,NA,NA,NA,NA,NA
37,44,3,NA,NA,NA,NA,NA,NA,NA,NA,NA
37,44,4,NA,NA,NA,NA,NA,NA,NA,NA,NA
37,44,5,NA,NA,NA,NA,NA,NA,NA,NA,NA
37,44,6,NA,NA,NA,NA,NA,NA,NA,NA,NA
37,44,7,NA,NA,NA,NA,NA,NA,NA,NA,NA
37,44,8,NA,NA,NA,NA,NA,NA,NA,NA,NA
37,45,1,NA,NA,NA,NA,NA,NA,NA,NA,NA
37,45,2,NA,NA,NA,NA,NA,NA,NA,NA,NA
37,45,3,NA,NA,NA,NA,NA,NA,NA,NA,NA
37,45,4,NA,NA,NA,NA,NA,NA,NA,NA,NA
37,45,5,NA,NA,NA,NA,NA,NA,NA,NA,NA
37,45,6,NA,NA,NA,NA,NA,NA,NA,NA,NA
37,45,7,NA,NA,NA,NA,NA,NA,NA,NA,NA
37,45,8,NA,NA,NA,NA,NA,NA,NA,NA,NA
37,46,1,NA,NA,NA,NA,NA,NA,NA,NA,NA
37,46,2,NA,NA,NA,NA,NA,NA,NA,NA,NA
37,46,3,NA,NA,NA,NA,NA,NA,NA,NA,NA
37,46,4,NA,NA,NA,NA,NA,NA,NA,NA,NA
37,46,5,NA,NA,NA,NA,NA,NA,NA,NA,NA
37,46,6,NA,NA,NA,NA,NA,NA,NA,NA,NA
37,46,7,NA,NA,NA,NA,NA,NA,NA,NA,NA
37,46,8,NA,NA,NA,NA,NA,NA,NA,NA,NA
37,47,1,NA,NA,NA,NA,NA,NA,NA,NA,NA
37,47,2,NA,NA,NA,NA,NA,NA,NA,NA,NA
37,47,3,NA,NA,NA,NA,NA,NA,NA,NA,NA
37,47,4,NA,NA,NA,NA,NA,NA,NA,NA,NA
37,47,5,NA,NA,NA,NA,NA,NA,NA,NA,NA
37,47,6,NA,NA,NA,NA,NA,NA,NA,NA,NA
37,47,7,NA,NA,NA,NA,NA,NA,NA,NA,NA
37,47,8,NA,NA,NA,NA,NA,NA,NA,NA,NA
37,48,1,NA,NA,NA,NA,NA,NA,NA,NA,NA
37,48,2,NA,NA,NA,NA,NA,NA,NA,NA,NA
37,48,3,NA,NA,NA,NA,NA,NA,NA,NA,NA
37,48,4,NA,NA,NA,NA,NA,NA,NA,NA,NA
37,48,5,NA,NA,NA,NA,NA,NA,NA,NA,NA
37,48,6,NA,NA,NA,NA,NA,NA,NA,NA,NA
37,48,7,NA,NA,NA,NA,NA,NA,NA,NA,NA
37,48,8,NA,NA,NA,NA,NA,NA,NA,NA,NA
37,49,1,NA,NA,NA,NA,NA,NA,NA,NA,NA
37,49,2,NA,NA,NA,NA,NA,NA,NA,NA,NA
37,49,3,NA,NA,NA,NA,NA,NA,NA,NA,NA
37,49,4,NA,NA,NA,NA,NA,NA,NA,NA,NA
37,49,5,NA,NA,NA,NA,NA,NA,NA,NA,NA
37,49,6,NA,NA,NA,NA,NA,NA,NA,NA,NA
37,49,7,NA,NA,NA,NA,NA,NA,NA,NA,NA
37,49,8,NA,NA,NA,NA,NA,NA,NA,NA,NA
37,50,1,NA,NA,NA,NA,NA,NA,NA,NA,NA
37,50,2,NA,NA,NA,NA,NA,NA,NA,NA,NA
37,50,3,NA,NA,NA,NA,NA,NA,NA,NA,NA
37,50,4,NA,NA,NA,NA,NA,NA,NA,NA,NA
37,50,5,NA,NA,NA,NA,NA,NA,NA,NA,NA
37,50,6,NA,NA,NA,NA,NA,NA,NA,NA,NA
37,50,7,NA,NA,NA,NA,NA,NA,NA,NA,NA
37,50,8,NA,NA,NA,NA,NA,NA,NA,NA,NA
37,51,1,NA,NA,NA,NA,NA,NA,NA,NA,NA
37,51,2,NA,NA,NA,NA,NA,NA,NA,NA,NA
37,51,3,NA,NA,NA,NA,NA,NA,NA,NA,NA
37,51,4,NA,NA,NA,NA,NA,NA,NA,NA,NA
37,51,5,NA,NA,NA,NA,NA,NA,NA,NA,NA
37,51,6,NA,NA,NA,NA,NA,NA,NA,NA,NA
37,51,7,NA,NA,NA,NA,NA,NA,NA,NA,NA
37,51,8,NA,NA,NA,NA,NA,NA,NA,NA,NA
37,52,1,NA,NA,NA,NA,NA,NA,NA,NA,NA
37,52,2,NA,NA,NA,NA,NA,NA,NA,NA,NA
37,52,3,NA,NA,NA,NA,NA,NA,NA,NA,NA
37,52,4,NA,NA,NA,NA,NA,NA,NA,NA,NA
37,52,5,NA,NA,NA,NA,NA,NA,NA,NA,NA
37,52,6,NA,NA,NA,NA,NA,NA,NA,NA,NA
37,52,7,NA,NA,NA,NA,NA,NA,NA,NA,NA
37,52,8,NA,NA,NA,NA,NA,NA,NA,NA,NA
37,53,1,NA,NA,NA,NA,NA,NA,NA,NA,NA
37,53,2,NA,NA,NA,NA,NA,NA,NA,NA,NA
37,53,3,NA,NA,NA,NA,NA,NA,NA,NA,NA
37,53,4,NA,NA,NA,NA,NA,NA,NA,NA,NA
37,53,5,NA,NA,NA,NA,NA,NA,NA,NA,NA
37,53,6,NA,NA,NA,NA,NA,NA,NA,NA,NA
37,53,7,NA,NA,NA,NA,NA,NA,NA,NA,NA
37,53,8,NA,NA,NA,NA,NA,NA,NA,NA,NA
37,54,1,NA,NA,NA,NA,NA,NA,NA,NA,NA
37,54,2,NA,NA,NA,NA,NA,NA,NA,NA,NA
37,54,3,NA,NA,NA,NA,NA,NA,NA,NA,NA
37,54,4,NA,NA,NA,NA,NA,NA,NA,NA,NA
37,54,5,NA,NA,NA,NA,NA,NA,NA,NA,NA
37,54,6,NA,NA,NA,NA,NA,NA,NA,NA,NA
37,54,7,NA,NA,NA,NA,NA,NA,NA,NA,NA
37,54,8,NA,NA,NA,NA,NA,NA,NA,NA,NA
37,55,1,NA,NA,NA,NA,NA,NA,NA,NA,NA
37,55,2,NA,NA,NA,NA,NA,NA,NA,NA,NA
37,55,3,NA,NA,NA,NA,NA,NA,NA,NA,NA
37,55,4,NA,NA,NA,NA,NA,NA,NA,NA,NA
37,55,5,NA,NA,NA,NA,NA,NA,NA,NA,NA
37,55,6,NA,NA,NA,NA,NA,NA,NA,NA,NA
37,55,7,NA,NA,NA,NA,NA,NA,NA,NA,NA
37,55,8,NA,NA,NA,NA,NA,NA,NA,NA,NA
37,56,1,NA,NA,NA,NA,NA,NA,NA,NA,NA
37,56,2,NA,NA,NA,NA,NA,NA,NA,NA,NA
37,56,3,NA,NA,NA,NA,NA,NA,NA,NA,NA
37,56,4,NA,NA,NA,NA,NA,NA,NA,NA,NA
37,56,5,NA,NA,NA,NA,NA,NA,NA,NA,NA
37,56,6,NA,NA,NA,NA,NA,NA,NA,NA,NA
37,56,7,NA,NA,NA,NA,NA,NA,NA,NA,NA
37,56,8,NA,NA,NA,NA,NA,NA,NA,NA,NA
37,57,1,NA,NA,NA,NA,NA,NA,NA,NA,NA
37,57,2,NA,NA,NA,NA,NA,NA,NA,NA,NA
37,57,3,NA,NA,NA,NA,NA,NA,NA,NA,NA
37,57,4,NA,NA,NA,NA,NA,NA,NA,NA,NA
37,57,5,NA,NA,NA,NA,NA,NA,NA,NA,NA
37,57,6,NA,NA,NA,NA,NA,NA,NA,NA,NA
37,57,7,NA,NA,NA,NA,NA,NA,NA,NA,NA
37,57,8,NA,NA,NA,NA,NA,NA,NA,NA,NA
37,58,1,NA,NA,NA,NA,NA,NA,NA,NA,NA
37,58,2,NA,NA,NA,NA,NA,NA,NA,NA,NA
37,58,3,NA,NA,NA,NA,NA,NA,NA,NA,NA
37,58,4,NA,NA,NA,NA,NA,NA,NA,NA,NA
37,58,5,NA,NA,NA,NA,NA,NA,NA,NA,NA
37,58,6,NA,NA,NA,NA,NA,NA,NA,NA,NA
37,58,7,NA,NA,NA,NA,NA,NA,NA,NA,NA
37,58,8,NA,NA,NA,NA,NA,NA,NA,NA,NA
37,59,1,NA,NA,NA,NA,NA,NA,NA,NA,NA
37,59,2,NA,NA,NA,NA,NA,NA,NA,NA,NA
37,59,3,NA,NA,NA,NA,NA,NA,NA,NA,NA
37,59,4,NA,NA,NA,NA,NA,NA,NA,NA,NA
37,59,5,NA,NA,NA,NA,NA,NA,NA,NA,NA
37,59,6,NA,NA,NA,NA,NA,NA,NA,NA,NA
37,59,7,NA,NA,NA,NA,NA,NA,NA,NA,NA
37,59,8,NA,NA,NA,NA,NA,NA,NA,NA,NA
37,60,1,NA,NA,NA,NA,NA,NA,NA,NA,NA
37,60,2,NA,NA,NA,NA,NA,NA,NA,NA,NA
37,60,3,NA,NA,NA,NA,NA,NA,NA,NA,NA
37,60,4,NA,NA,NA,NA,NA,NA,NA,NA,NA
37,60,5,NA,NA,NA,NA,NA,NA,NA,NA,NA
37,60,6,NA,NA,NA,NA,NA,NA,NA,NA,NA
37,60,7,NA,NA,NA,NA,NA,NA,NA,NA,NA
37,60,8,NA,NA,NA,NA,NA,NA,NA,NA,NA
37,61,1,NA,NA,NA,NA,NA,NA,NA,NA,NA
37,61,2,NA,NA,NA,NA,NA,NA,NA,NA,NA
37,61,3,NA,NA,NA,NA,NA,NA,NA,NA,NA
37,61,4,NA,NA,NA,NA,NA,NA,NA,NA,NA
37,61,5,NA,NA,NA,NA,NA,NA,NA,NA,NA
37,61,6,NA,NA,NA,NA,NA,NA,NA,NA,NA
37,61,7,NA,NA,NA,NA,NA,NA,NA,NA,NA
37,61,8,NA,NA,NA,NA,NA,NA,NA,NA,NA
37,62,1,NA,NA,NA,NA,NA,NA,NA,NA,NA
37,62,2,NA,NA,NA,NA,NA,NA,NA,NA,NA
37,62,3,NA,NA,NA,NA,NA,NA,NA,NA,NA
37,62,4,NA,NA,NA,NA,NA,NA,NA,NA,NA
37,62,5,NA,NA,NA,NA,NA,NA,NA,NA,NA
37,62,6,NA,NA,NA,NA,NA,NA,NA,NA,NA
37,62,7,NA,NA,NA,NA,NA,NA,NA,NA,NA
37,62,8,NA,NA,NA,NA,NA,NA,NA,NA,NA
37,63,1,NA,NA,NA,NA,NA,NA,NA,NA,NA
37,63,2,NA,NA,NA,NA,NA,NA,NA,NA,NA
37,63,3,NA,NA,NA,NA,NA,NA,NA,NA,NA
37,63,4,NA,NA,NA,NA,NA,NA,NA,NA,NA
37,63,5,NA,NA,NA,NA,NA,NA,NA,NA,NA
37,63,6,NA,NA,NA,NA,NA,NA,NA,NA,NA
37,63,7,NA,NA,NA,NA,NA,NA,NA,NA,NA
37,63,8,NA,NA,NA,NA,NA,NA,NA,NA,NA
37,64,1,NA,NA,NA,NA,NA,NA,NA,NA,NA
37,64,2,NA,NA,NA,NA,NA,NA,NA,NA,NA
37,64,3,NA,NA,NA,NA,NA,NA,NA,NA,NA
37,64,4,NA,NA,NA,NA,NA,NA,NA,NA,NA
37,64,5,NA,NA,NA,NA,NA,NA,NA,NA,NA
37,64,6,NA,NA,NA,NA,NA,NA,NA,NA,NA
37,64,7,NA,NA,NA,NA,NA,NA,NA,NA,NA
37,64,8,NA,NA,NA,NA,NA,NA,NA,NA,NA
37,65,1,NA,NA,NA,NA,NA,NA,NA,NA,NA
37,65,2,NA,NA,NA,NA,NA,NA,NA,NA,NA
37,65,3,NA,NA,NA,NA,NA,NA,NA,NA,NA
37,65,4,NA,NA,NA,NA,NA,NA,NA,NA,NA
37,65,5,NA,NA,NA,NA,NA,NA,NA,NA,NA
37,65,6,NA,NA,NA,NA,NA,NA,NA,NA,NA
37,65,7,NA,NA,NA,NA,NA,NA,NA,NA,NA
37,65,8,NA,NA,NA,NA,NA,NA,NA,NA,NA
37,66,1,NA,NA,NA,NA,NA,NA,NA,NA,NA
37,66,2,NA,NA,NA,NA,NA,NA,NA,NA,NA
37,66,3,NA,NA,NA,NA,NA,NA,NA,NA,NA
37,66,4,NA,NA,NA,NA,NA,NA,NA,NA,NA
37,66,5,NA,NA,NA,NA,NA,NA,NA,NA,NA
37,66,6,NA,NA,NA,NA,NA,NA,NA,NA,NA
37,66,7,NA,NA,NA,NA,NA,NA,NA,NA,NA
37,66,8,NA,NA,NA,NA,NA,NA,NA,NA,NA
37,67,1,NA,NA,NA,NA,NA,NA,NA,NA,NA
37,67,2,NA,NA,NA,NA,NA,NA,NA,NA,NA
37,67,3,NA,NA,NA,NA,NA,NA,NA,NA,NA
37,67,4,NA,NA,NA,NA,NA,NA,NA,NA,NA
37,67,5,NA,NA,NA,NA,NA,NA,NA,NA,NA
37,67,6,NA,NA,NA,NA,NA,NA,NA,NA,NA
37,67,7,NA,NA,NA,NA,NA,NA,NA,NA,NA
37,67,8,NA,NA,NA,NA,NA,NA,NA,NA,NA
37,68,1,NA,NA,NA,NA,NA,NA,NA,NA,NA
37,68,2,NA,NA,NA,NA,NA,NA,NA,NA,NA
37,68,3,NA,NA,NA,NA,NA,NA,NA,NA,NA
37,68,4,NA,NA,NA,NA,NA,NA,NA,NA,NA
37,68,5,NA,NA,NA,NA,NA,NA,NA,NA,NA
37,68,6,NA,NA,NA,NA,NA,NA,NA,NA,NA
37,68,7,NA,NA,NA,NA,NA,NA,NA,NA,NA
37,68,8,NA,NA,NA,NA,NA,NA,NA,NA,NA
37,69,1,NA,NA,NA,NA,NA,NA,NA,NA,NA
37,69,2,NA,NA,NA,NA,NA,NA,NA,NA,NA
37,69,3,NA,NA,NA,NA,NA,NA,NA,NA,NA
37,69,4,NA,NA,NA,NA,NA,NA,NA,NA,NA
37,69,5,NA,NA,NA,NA,NA,NA,NA,NA,NA
37,69,6,NA,NA,NA,NA,NA,NA,NA,NA,NA
37,69,7,NA,NA,NA,NA,NA,NA,NA,NA,NA
37,69,8,NA,NA,NA,NA,NA,NA,NA,NA,NA
37,70,1,NA,NA,NA,NA,NA,NA,NA,NA,NA
37,70,2,NA,NA,NA,NA,NA,NA,NA,NA,NA
37,70,3,NA,NA,NA,NA,NA,NA,NA,NA,NA
37,70,4,NA,NA,NA,NA,NA,NA,NA,NA,NA
37,70,5,NA,NA,NA,NA,NA,NA,NA,NA,NA
37,70,6,NA,NA,NA,NA,NA,NA,NA,NA,NA
37,70,7,NA,NA,NA,NA,NA,NA,NA,NA,NA
37,70,8,NA,NA,NA,NA,NA,NA,NA,NA,NA
37,71,1,NA,NA,NA,NA,NA,NA,NA,NA,NA
37,71,2,NA,NA,NA,NA,NA,NA,NA,NA,NA
37,71,3,NA,NA,NA,NA,NA,NA,NA,NA,NA
37,71,4,NA,NA,NA,NA,NA,NA,NA,NA,NA
37,71,5,NA,NA,NA,NA,NA,NA,NA,NA,NA
37,71,6,NA,NA,NA,NA,NA,NA,NA,NA,NA
37,71,7,NA,NA,NA,NA,NA,NA,NA,NA,NA
37,71,8,NA,NA,NA,NA,NA,NA,NA,NA,NA
37,72,1,NA,NA,NA,NA,NA,NA,NA,NA,NA
37,72,2,NA,NA,NA,NA,NA,NA,NA,NA,NA
37,72,3,NA,NA,NA,NA,NA,NA,NA,NA,NA
37,72,4,NA,NA,NA,NA,NA,NA,NA,NA,NA
37,72,5,NA,NA,NA,NA,NA,NA,NA,NA,NA
37,72,6,NA,NA,NA,NA,NA,NA,NA,NA,NA
37,72,7,NA,NA,NA,NA,NA,NA,NA,NA,NA
37,72,8,NA,NA,NA,NA,NA,NA,NA,NA,NA
37,73,1,NA,NA,NA,NA,NA,NA,NA,NA,NA
37,73,2,NA,NA,NA,NA,NA,NA,NA,NA,NA
37,73,3,NA,NA,NA,NA,NA,NA,NA,NA,NA
37,73,4,NA,NA,NA,NA,NA,NA,NA,NA,NA
37,73,5,NA,NA,NA,NA,NA,NA,NA,NA,NA
37,73,6,NA,NA,NA,NA,NA,NA,NA,NA,NA
37,73,7,NA,NA,NA,NA,NA,NA,NA,NA,NA
37,73,8,NA,NA,NA,NA,NA,NA,NA,NA,NA
37,74,1,NA,NA,NA,NA,NA,NA,NA,NA,NA
37,74,2,NA,NA,NA,NA,NA,NA,NA,NA,NA
37,74,3,NA,NA,NA,NA,NA,NA,NA,NA,NA
37,74,4,NA,NA,NA,NA,NA,NA,NA,NA,NA
37,74,5,NA,NA,NA,NA,NA,NA,NA,NA,NA
37,74,6,NA,NA,NA,NA,NA,NA,NA,NA,NA
37,74,7,NA,NA,NA,NA,NA,NA,NA,NA,NA
37,74,8,NA,NA,NA,NA,NA,NA,NA,NA,NA
37,75,1,NA,NA,NA,NA,NA,NA,NA,NA,NA
37,75,2,NA,NA,NA,NA,NA,NA,NA,NA,NA
37,75,3,NA,NA,NA,NA,NA,NA,NA,NA,NA
37,75,4,NA,NA,NA,NA,NA,NA,NA,NA,NA
37,75,5,NA,NA,NA,NA,NA,NA,NA,NA,NA
37,75,6,NA,NA,NA,NA,NA,NA,NA,NA,NA
37,75,7,NA,NA,NA,NA,NA,NA,NA,NA,NA
37,75,8,NA,NA,NA,NA,NA,NA,NA,NA,NA
37,76,1,NA,NA,NA,NA,NA,NA,NA,NA,NA
37,76,2,NA,NA,NA,NA,NA,NA,NA,NA,NA
37,76,3,NA,NA,NA,NA,NA,NA,NA,NA,NA
37,76,4,NA,NA,NA,NA,NA,NA,NA,NA,NA
37,76,5,NA,NA,NA,NA,NA,NA,NA,NA,NA
37,76,6,NA,NA,NA,NA,NA,NA,NA,NA,NA
37,76,7,NA,NA,NA,NA,NA,NA,NA,NA,NA
37,76,8,NA,NA,NA,NA,NA,NA,NA,NA,NA
37,77,1,NA,NA,NA,NA,NA,NA,NA,NA,NA
37,77,2,NA,NA,NA,NA,NA,NA,NA,NA,NA
37,77,3,NA,NA,NA,NA,NA,NA,NA,NA,NA
37,77,4,NA,NA,NA,NA,NA,NA,NA,NA,NA
37,77,5,NA,NA,NA,NA,NA,NA,NA,NA,NA
37,77,6,NA,NA,NA,NA,NA,NA,NA,NA,NA
37,77,7,NA,NA,NA,NA,NA,NA,NA,NA,NA
37,77,8,NA,NA,NA,NA,NA,NA,NA,NA,NA
37,78,1,NA,NA,NA,NA,NA,NA,NA,NA,NA
37,78,2,NA,NA,NA,NA,NA,NA,NA,NA,NA
37,78,3,NA,NA,NA,NA,NA,NA,NA,NA,NA
37,78,4,NA,NA,NA,NA,NA,NA,NA,NA,NA
37,78,5,NA,NA,NA,NA,NA,NA,NA,NA,NA
37,78,6,NA,NA,NA,NA,NA,NA,NA,NA,NA
37,78,7,NA,NA,NA,NA,NA,NA,NA,NA,NA
37,78,8,NA,NA,NA,NA,NA,NA,NA,NA,NA
37,79,1,NA,NA,NA,NA,NA,NA,NA,NA,NA
37,79,2,NA,NA,NA,NA,NA,NA,NA,NA,NA
37,79,3,NA,NA,NA,NA,NA,NA,NA,NA,NA
37,79,4,NA,NA,NA,NA,NA,NA,NA,NA,NA
37,79,5,NA,NA,NA,NA,NA,NA,NA,NA,NA
37,79,6,NA,NA,NA,NA,NA,NA,NA,NA,NA
37,79,7,NA,NA,NA,NA,NA,NA,NA,NA,NA
37,79,8,NA,NA,NA,NA,NA,NA,NA,NA,NA
37,80,1,NA,NA,NA,NA,NA,NA,NA,NA,NA
37,80,2,NA,NA,NA,NA,NA,NA,NA,NA,NA
37,80,3,NA,NA,NA,NA,NA,NA,NA,NA,NA
37,80,4,NA,NA,NA,NA,NA,NA,NA,NA,NA
37,80,5,NA,NA,NA,NA,NA,NA,NA,NA,NA
37,80,6,NA,NA,NA,NA,NA,NA,NA,NA,NA
37,80,7,NA,NA,NA,NA,NA,NA,NA,NA,NA
37,80,8,NA,NA,NA,NA,NA,NA,NA,NA,NA
37,81,1,NA,NA,NA,NA,NA,NA,NA,NA,NA
37,81,2,NA,NA,NA,NA,NA,NA,NA,NA,NA
37,81,3,NA,NA,NA,NA,NA,NA,NA,NA,NA
37,81,4,NA,NA,NA,NA,NA,NA,NA,NA,NA
37,81,5,NA,NA,NA,NA,NA,NA,NA,NA,NA
37,81,6,NA,NA,NA,NA,NA,NA,NA,NA,NA
37,81,7,NA,NA,NA,NA,NA,NA,NA,NA,NA
37,81,8,NA,NA,NA,NA,NA,NA,NA,NA,NA
37,82,1,NA,NA,NA,NA,NA,NA,NA,NA,NA
37,82,2,NA,NA,NA,NA,NA,NA,NA,NA,NA
37,82,3,NA,NA,NA,NA,NA,NA,NA,NA,NA
37,82,4,NA,NA,NA,NA,NA,NA,NA,NA,NA
37,82,5,NA,NA,NA,NA,NA,NA,NA,NA,NA
37,82,6,NA,NA,NA,NA,NA,NA,NA,NA,NA
37,82,7,NA,NA,NA,NA,NA,NA,NA,NA,NA
37,82,8,NA,NA,NA,NA,NA,NA,NA,NA,NA
37,83,1,NA,NA,NA,NA,NA,NA,NA,NA,NA
37,83,2,NA,NA,NA,NA,NA,NA,NA,NA,NA
37,83,3,NA,NA,NA,NA,NA,NA,NA,NA,NA
37,83,4,NA,NA,NA,NA,NA,NA,NA,NA,NA
37,83,5,NA,NA,NA,NA,NA,NA,NA,NA,NA
37,83,6,NA,NA,NA,NA,NA,NA,NA,NA,NA
37,83,7,NA,NA,NA,NA,NA,NA,NA,NA,NA
37,83,8,NA,NA,NA,NA,NA,NA,NA,NA,NA
37,84,1,NA,NA,NA,NA,NA,NA,NA,NA,NA
37,84,2,NA,NA,NA,NA,NA,NA,NA,NA,NA
37,84,3,NA,NA,NA,NA,NA,NA,NA,NA,NA
37,84,4,NA,NA,NA,NA,NA,NA,NA,NA,NA
37,84,5,NA,NA,NA,NA,NA,NA,NA,NA,NA
37,84,6,NA,NA,NA,NA,NA,NA,NA,NA,NA
37,84,7,NA,NA,NA,NA,NA,NA,NA,NA,NA
37,84,8,NA,NA,NA,NA,NA,NA,NA,NA,NA
37,85,1,NA,NA,NA,NA,NA,NA,NA,NA,NA
37,85,2,NA,NA,NA,NA,NA,NA,NA,NA,NA
37,85,3,NA,NA,NA,NA,NA,NA,NA,NA,NA
37,85,4,NA,NA,NA,NA,NA,NA,NA,NA,NA
37,85,5,NA,NA,NA,NA,NA,NA,NA,NA,NA
37,85,6,NA,NA,NA,NA,NA,NA,NA,NA,NA
37,85,7,NA,NA,NA,NA,NA,NA,NA,NA,NA
37,85,8,NA,NA,NA,NA,NA,NA,NA,NA,NA
37,86,1,NA,NA,NA,NA,NA,NA,NA,NA,NA
37,86,2,NA,NA,NA,NA,NA,NA,NA,NA,NA
37,86,3,NA,NA,NA,NA,NA,NA,NA,NA,NA
37,86,4,NA,NA,NA,NA,NA,NA,NA,NA,NA
37,86,5,NA,NA,NA,NA,NA,NA,NA,NA,NA
37,86,6,NA,NA,NA,NA,NA,NA,NA,NA,NA
37,86,7,NA,NA,NA,NA,NA,NA,NA,NA,NA
37,86,8,NA,NA,NA,NA,NA,NA,NA,NA,NA
37,87,1,NA,NA,NA,NA,NA,NA,NA,NA,NA
37,87,2,NA,NA,NA,NA,NA,NA,NA,NA,NA
37,87,3,NA,NA,NA,NA,NA,NA,NA,NA,NA
37,87,4,NA,NA,NA,NA,NA,NA,NA,NA,NA
37,87,5,NA,NA,NA,NA,NA,NA,NA,NA,NA
37,87,6,NA,NA,NA,NA,NA,NA,NA,NA,NA
37,87,7,NA,NA,NA,NA,NA,NA,NA,NA,NA
37,87,8,NA,NA,NA,NA,NA,NA,NA,NA,NA
37,88,1,NA,NA,NA,NA,NA,NA,NA,NA,NA
37,88,2,NA,NA,NA,NA,NA,NA,NA,NA,NA
37,88,3,NA,NA,NA,NA,NA,NA,NA,NA,NA
37,88,4,NA,NA,NA,NA,NA,NA,NA,NA,NA
37,88,5,NA,NA,NA,NA,NA,NA,NA,NA,NA
37,88,6,NA,NA,NA,NA,NA,NA,NA,NA,NA
37,88,7,NA,NA,NA,NA,NA,NA,NA,NA,NA
37,88,8,NA,NA,NA,NA,NA,NA,NA,NA,NA
37,89,1,NA,NA,NA,NA,NA,NA,NA,NA,NA
37,89,2,NA,NA,NA,NA,NA,NA,NA,NA,NA
37,89,3,NA,NA,NA,NA,NA,NA,NA,NA,NA
37,89,4,NA,NA,NA,NA,NA,NA,NA,NA,NA
37,89,5,NA,NA,NA,NA,NA,NA,NA,NA,NA
37,89,6,NA,NA,NA,NA,NA,NA,NA,NA,NA
37,89,7,NA,NA,NA,NA,NA,NA,NA,NA,NA
37,89,8,NA,NA,NA,NA,NA,NA,NA,NA,NA
37,90,1,NA,NA,NA,NA,NA,NA,NA,NA,NA
37,90,2,NA,NA,NA,NA,NA,NA,NA,NA,NA
37,90,3,NA,NA,NA,NA,NA,NA,NA,NA,NA
37,90,4,NA,NA,NA,NA,NA,NA,NA,NA,NA
37,90,5,NA,NA,NA,NA,NA,NA,NA,NA,NA
37,90,6,NA,NA,NA,NA,NA,NA,NA,NA,NA
37,90,7,NA,NA,NA,NA,NA,NA,NA,NA,NA
37,90,8,NA,NA,NA,NA,NA,NA,NA,NA,NA
37,91,1,NA,NA,NA,NA,NA,NA,NA,NA,NA
37,91,2,NA,NA,NA,NA,NA,NA,NA,NA,NA
37,91,3,NA,NA,NA,NA,NA,NA,NA,NA,NA
37,91,4,NA,NA,NA,NA,NA,NA,NA,NA,NA
37,91,5,NA,NA,NA,NA,NA,NA,NA,NA,NA
37,91,6,NA,NA,NA,NA,NA,NA,NA,NA,NA
37,91,7,NA,NA,NA,NA,NA,NA,NA,NA,NA
37,91,8,NA,NA,NA,NA,NA,NA,NA,NA,NA
37,92,1,NA,NA,NA,NA,NA,NA,NA,NA,NA
37,92,2,NA,NA,NA,NA,NA,NA,NA,NA,NA
37,92,3,NA,NA,NA,NA,NA,NA,NA,NA,NA
37,92,4,NA,NA,NA,NA,NA,NA,NA,NA,NA
37,92,5,NA,NA,NA,NA,NA,NA,NA,NA,NA
37,92,6,NA,NA,NA,NA,NA,NA,NA,NA,NA
37,92,7,NA,NA,NA,NA,NA,NA,NA,NA,NA
37,92,8,NA,NA,NA,NA,NA,NA,NA,NA,NA
37,93,1,NA,NA,NA,NA,NA,NA,NA,NA,NA
37,93,2,NA,NA,NA,NA,NA,NA,NA,NA,NA
37,93,3,NA,NA,NA,NA,NA,NA,NA,NA,NA
37,93,4,NA,NA,NA,NA,NA,NA,NA,NA,NA
37,93,5,NA,NA,NA,NA,NA,NA,NA,NA,NA
37,93,6,NA,NA,NA,NA,NA,NA,NA,NA,NA
37,93,7,NA,NA,NA,NA,NA,NA,NA,NA,NA
37,93,8,NA,NA,NA,NA,NA,NA,NA,NA,NA
37,94,1,NA,NA,NA,NA,NA,NA,NA,NA,NA
37,94,2,NA,NA,NA,NA,NA,NA,NA,NA,NA
37,94,3,NA,NA,NA,NA,NA,NA,NA,NA,NA
37,94,4,NA,NA,NA,NA,NA,NA,NA,NA,NA
37,94,5,NA,NA,NA,NA,NA,NA,NA,NA,NA
37,94,6,NA,NA,NA,NA,NA,NA,NA,NA,NA
37,94,7,NA,NA,NA,NA,NA,NA,NA,NA,NA
37,94,8,NA,NA,NA,NA,NA,NA,NA,NA,NA
37,95,1,NA,NA,NA,NA,NA,NA,NA,NA,NA
37,95,2,NA,NA,NA,NA,NA,NA,NA,NA,NA
37,95,3,NA,NA,NA,NA,NA,NA,NA,NA,NA
37,95,4,NA,NA,NA,NA,NA,NA,NA,NA,NA
37,95,5,NA,NA,NA,NA,NA,NA,NA,NA,NA
37,95,6,NA,NA,NA,NA,NA,NA,NA,NA,NA
37,95,7,NA,NA,NA,NA,NA,NA,NA,NA,NA
37,95,8,NA,NA,NA,NA,NA,NA,NA,NA,NA
37,96,1,NA,NA,NA,NA,NA,NA,NA,NA,NA
37,96,2,NA,NA,NA,NA,NA,NA,NA,NA,NA
37,96,3,NA,NA,NA,NA,NA,NA,NA,NA,NA
37,96,4,NA,NA,NA,NA,NA,NA,NA,NA,NA
37,96,5,NA,NA,NA,NA,NA,NA,NA,NA,NA
37,96,6,NA,NA,NA,NA,NA,NA,NA,NA,NA
37,96,7,NA,NA,NA,NA,NA,NA,NA,NA,NA
37,96,8,NA,NA,NA,NA,NA,NA,NA,NA,NA
37,97,1,NA,NA,NA,NA,NA,NA,NA,NA,NA
37,97,2,NA,NA,NA,NA,NA,NA,NA,NA,NA
37,97,3,NA,NA,NA,NA,NA,NA,NA,NA,NA
37,97,4,NA,NA,NA,NA,NA,NA,NA,NA,NA
37,97,5,NA,NA,NA,NA,NA,NA,NA,NA,NA
37,97,6,NA,NA,NA,NA,NA,NA,NA,NA,NA
37,97,7,NA,NA,NA,NA,NA,NA,NA,NA,NA
37,97,8,NA,NA,NA,NA,NA,NA,NA,NA,NA
37,98,1,NA,NA,NA,NA,NA,NA,NA,NA,NA
37,98,2,NA,NA,NA,NA,NA,NA,NA,NA,NA
37,98,3,NA,NA,NA,NA,NA,NA,NA,NA,NA
37,98,4,NA,NA,NA,NA,NA,NA,NA,NA,NA
37,98,5,NA,NA,NA,NA,NA,NA,NA,NA,NA
37,98,6,NA,NA,NA,NA,NA,NA,NA,NA,NA
37,98,7,NA,NA,NA,NA,NA,NA,NA,NA,NA
37,98,8,NA,NA,NA,NA,NA,NA,NA,NA,NA
37,99,1,NA,NA,NA,NA,NA,NA,NA,NA,NA
37,99,2,NA,NA,NA,NA,NA,NA,NA,NA,NA
37,99,3,NA,NA,NA,NA,NA,NA,NA,NA,NA
37,99,4,NA,NA,NA,NA,NA,NA,NA,NA,NA
37,99,5,NA,NA,NA,NA,NA,NA,NA,NA,NA
37,99,6,NA,NA,NA,NA,NA,NA,NA,NA,NA
37,99,7,NA,NA,NA,NA,NA,NA,NA,NA,NA
37,99,8,NA,NA,NA,NA,NA,NA,NA,NA,NA
37,100,1,NA,NA,NA,NA,NA,NA,NA,NA,NA
37,100,2,NA,NA,NA,NA,NA,NA,NA,NA,NA
37,100,3,NA,NA,NA,NA,NA,NA,NA,NA,NA
37,100,4,NA,NA,NA,NA,NA,NA,NA,NA,NA
37,100,5,NA,NA,NA,NA,NA,NA,NA,NA,NA
37,100,6,NA,NA,NA,NA,NA,NA,NA,NA,NA
37,100,7,NA,NA,NA,NA,NA,NA,NA,NA,NA
37,100,8,NA,NA,NA,NA,NA,NA,NA,NA,NA
38,1,1,2930.416,760.12092273107,0,0,0,36,0,0,0
38,1,2,2941.0016,913.684013310318,0,0,0,60,0,0,0
38,1,3,2931.0416,666.487075504207,0,0,0,80,0,0,0
38,1,4,2937.856,889.117460334694,0,0,0,79,0,0,0
38,1,5,2946.168,1232.25125725423,0,0,0,98,0,0,0
38,1,6,2941.0256,1811.12455387171,0,0,0,94,0,0,0
38,1,7,19328.0604799999,7750.92939219288,0,0,0,3,0,0,0
38,1,8,0,6,0,0,0,97,0,0,0
38,2,1,2932.34368,1809.10989893583,0,0,0,76,0,0,0
38,2,2,2946.1728,1409.95646182987,0,0,0,91,0,0,0
38,2,3,2931.75552,1123.02117138572,0,0,0,66,0,0,0
38,2,4,2941.0944,1740.68184098523,0,0,0,88,0,0,0
38,2,5,2956.3744,1286.78531638831,0,0,0,123,0,0,0
38,2,6,2965.2512,803.345682617515,0,0,0,181,0,0,0
38,2,7,19277.4553599998,7832.30443039138,2,14,0,233,0,0,3
38,2,8,0,6,0,0,0,0,0,0,0
38,3,1,2955.01728,838.678017704509,0,0,0,180,0,0,0
38,3,2,2957.7904,1049.36299145848,0,0,0,139,0,0,0
38,3,3,2941.3024,1513.44236108822,0,0,0,112,0,0,0
38,3,4,2959.47392,545.967962080554,0,6,0,157,0,0,0
38,3,5,2967.6784,1195.73624880134,0,0,0,128,0,0,0
38,3,6,2969.87519999999,1462.0018353093,0,0,0,80,0,0,0
38,3,7,19235.1289599998,5811.59824732245,0,190,0,270,0,0,0
38,3,8,0,6,0,0,0,0,0,0,0
38,4,1,2956.73088,846.503529439263,0,0,0,83,0,0,0
38,4,2,2963,819.007383206902,0,0,0,104,0,0,0
38,4,3,2958.576,746.823840114052,0,0,0,151,0,0,0
38,4,4,2953.40512,736.851435704279,0,0,0,54,0,0,0
38,4,5,2979.0224,1425.44340297447,0,0,0,119,0,0,0
38,4,6,2986.48799999999,1097.834854815,0,0,0,146,0,0,0
38,4,7,19224.4601599998,11563.9815058803,26,0,0,257,0,0,0
38,4,8,0,6,0,0,0,0,0,0,0
38,5,1,2955.66848,1368.23135722664,0,0,0,84,0,0,0
38,5,2,2960.534144,795.625354625959,0,0,0,81,0,0,0
38,5,3,2955.05632,1429.1551086606,0,0,0,74,0,0,0
38,5,4,2946.86272,1469.71540759229,0,0,0,73,0,0,0
38,5,5,2989.9648,867.621114707563,0,0,0,142,0,0,0
38,5,6,2994.91359999999,721.605592397399,0,0,0,109,0,0,0
38,5,7,19204.4742399998,2015.11744015176,1,23,0,260,0,0,0
38,5,8,0,6,0,0,0,0,0,0,0
38,6,1,2963.71808,1408.61294263591,0,0,0,136,0,0,0
38,6,2,2958.866304,785.780697941929,0,0,0,79,0,0,0
38,6,3,2958.00544,1337.55462676124,0,11,0,120,0,0,0
38,6,4,2959.596864,717.766506928633,0,0,0,146,0,0,0
38,6,5,2985.8608,1556.91266368264,0,0,0,86,0,0,0
38,6,6,2994.74111999999,602.19796003532,0,0,0,72,0,0,0
38,6,7,19166.9257599997,6901.88767002474,0,15,0,171,0,0,0
38,6,8,0,6,0,0,0,0,0,0,0
38,7,1,2972.9696,1394.28213651902,0,0,0,140,0,0,0
38,7,2,2954.39776,618.149237633162,0,0,0,78,0,0,0
38,7,3,2967.56704,1937.47339528675,0,0,0,133,0,0,0
38,7,4,2956.913344,1698.4381984911,0,0,0,71,0,0,0
38,7,5,2998.0213888,1393.00086732998,0,0,0,155,0,0,0
38,7,6,2990.49119999999,1849.06678928159,0,0,0,60,0,0,0
38,7,7,19127.4729599997,10311.7881330118,0,101,0,192,0,0,0
38,7,8,0,6,0,0,0,0,0,0,0
38,8,1,2982.05024,1530.56139648247,0,0,0,139,0,0,0
38,8,2,2946.43616000001,658.265842415755,0,0,0,61,0,0,0
38,8,3,2978.58432,1826.96254885225,0,3,0,156,0,0,0
38,8,4,2972.648064,1357.08435240444,0,0,0,169,0,0,0
38,8,5,3005.526912,618.226312017006,0,0,0,139,0,0,0
38,8,6,3012.739008,830.111025772266,0,0,0,182,0,0,0
38,8,7,19102.5692799996,5184.41232951308,0,85,0,184,0,0,0
38,8,8,0,6,0,0,0,0,0,0,0
38,9,1,2995.456,880.553076289167,0,0,0,153,0,0,0
38,9,2,2936.37600000001,1213.35606029024,0,0,0,65,0,0,0
38,9,3,2999.3670272,885.293393591375,0,0,0,182,0,0,0
38,9,4,2980.97548800001,1088.29518249026,0,0,0,135,0,0,0
38,9,5,2998.347392,1211.8463278302,0,0,0,61,0,0,0
38,9,6,3011.755328,1656.93407643208,0,0,0,83,0,0,0
38,9,7,19087.6364799996,11270.3966954257,44,0,0,179,0,0,0
38,9,8,0,6,0,0,0,0,0,0,0
38,10,1,2991.2730368,1023.52475539963,0,0,0,88,0,0,0
38,10,2,2934.55360000001,1340.13756099791,0,0,0,121,0,0,0
38,10,3,2994.3057792,961.967548938757,0,0,0,88,0,0,0
38,10,4,2981.73004800001,1734.40208730019,0,0,0,108,0,0,0
38,10,5,3001.90177024,1039.62254596245,0,0,0,121,0,0,0
38,10,6,3031.0312064,2098.9189153354,0,0,0,165,0,0,0
38,10,7,19090.6406399996,7030.25036726523,0,38,0,294,0,0,1
38,10,8,0,6,0,0,0,0,0,0,0
38,11,1,2990.9589248,1036.73914616268,0,0,0,102,0,0,0
38,11,2,2935.16736000001,822.16771201345,0,0,0,134,0,0,0
38,11,3,2992.86129920001,1061.33210679975,0,0,0,96,0,0,0
38,11,4,2987.54419200001,1430.65845460898,0,32,0,128,0,0,0
38,11,5,3004.25676288,1308.12297719949,0,1,0,102,0,0,0
38,11,6,3049.26924032,1610.04520023705,0,44,0,148,0,0,0
38,11,7,19103.6041599995,4668.43193198739,0,296,0,288,0,0,0
38,11,8,0,6,0,0,0,0,0,0,0
38,12,1,2993.88692736001,1104.94729647312,0,0,0,103,0,0,0
38,12,2,2927.65734400002,684.28657893814,0,0,0,82,0,0,0
38,12,3,2990.40350720001,1209.44464470007,0,0,0,106,0,0,0
38,12,4,2996.90085120001,1460.54381569119,0,0,0,143,0,0,0
38,12,5,3018.89294991361,902.402336259746,0,0,0,130,0,0,0
38,12,6,3071.73307392,1573.32372301845,0,0,0,161,0,0,0
38,12,7,19137.9973759995,3441.40876355978,35,0,0,190,0,0,0
38,12,8,0,6,0,0,0,0,0,0,0
38,13,1,2977.73876736001,1379.34268519992,82,0,0,28,0,0,0
38,13,2,2908.53762560002,1275.31461666223,38,0,0,30,0,0,0
38,13,3,2975.94764800002,1302.22634047416,50,0,0,70,0,0,0
38,13,4,2991.57245184001,960.669517427568,71,0,0,75,0,0,0
38,13,5,3006.91880591361,1064.26007429332,45,0,0,45,0,0,0
38,13,6,3081.95765248,694.279890597461,75,0,0,82,0,0,0
38,13,7,19162.1359999995,5747.91063322331,173,0,0,171,0,0,0
38,13,8,0,6,0,0,0,0,0,0,0
38,14,1,2981.34356736001,1201.14875257854,0,0,0,137,0,0,0
38,14,2,2908.05706240002,872.003086453994,0,0,0,127,0,0,0
38,14,3,2976.45599242242,1556.56713069952,0,0,0,130,0,0,0
38,14,4,2987.50366464002,741.062491338338,0,0,0,96,0,0,0
38,14,5,3016.93301391361,1589.44498175047,0,0,0,106,0,0,0
38,14,6,3087.59125248,1932.04479198977,0,0,0,69,0,0,0
38,14,7,19179.6670079995,9226.11462797368,31,0,0,232,0,0,0
38,14,8,0,6,0,0,0,0,0,0,0
38,15,1,2984.43307520001,1054.73250909791,0,0,0,120,0,0,0
38,15,2,2902.06142976002,534.501073631796,0,0,0,87,0,0,0
38,15,3,2980.90951229442,579.276015208685,0,0,0,155,0,0,0
38,15,4,2981.38360064002,804.635039425414,0,0,0,74,0,0,0
38,15,5,3032.47034294273,1581.08216550782,0,0,0,158,0,0,0
38,15,6,3117.60141568,1016.37635921262,0,0,0,193,0,0,0
38,15,7,19191.1793279994,8164.45572161131,28,0,0,212,0,0,0
38,15,8,0,6,0,0,0,0,0,0,0
38,16,1,2983.33111552002,1137.08526709801,0,0,0,105,0,0,0
38,16,2,2880.99476736002,1358.56716572801,0,0,0,53,0,0,0
38,16,3,2963.72686909442,459.31915269168,0,0,0,57,0,0,0
38,16,4,2975.61691904002,1076.82542797341,0,0,0,80,0,0,0
38,16,5,3048.11432374273,1341.66051204926,0,7,0,145,0,0,0
38,16,6,3126.35021568001,1600.76700510894,0,0,0,101,0,0,0
38,16,7,19200.3732479994,8291.46894272981,2,243,0,219,0,0,0
38,16,8,0,6,0,0,0,0,0,0,0
38,17,1,2987.99007180802,379.865124821474,0,0,0,113,0,0,0
38,17,2,2880.12589619202,626.089889797886,0,0,0,135,0,0,0
38,17,3,2947.00147886082,1437.04869154509,0,0,0,45,0,0,0
38,17,4,2980.39499264002,726.00957615738,0,0,0,107,0,0,0
38,17,5,3064.78723766273,1103.96095047525,0,0,0,134,0,0,0
38,17,6,3153.54647552001,1612.65887610695,0,0,0,160,0,0,0
38,17,7,19237.0218111993,6932.00368492202,28,0,0,193,0,0,0
38,17,8,0,6,0,0,0,0,0,0,0
38,18,1,2969.01642444802,1276.20200978992,0,0,0,37,0,0,0
38,18,2,2862.28638566402,653.817596986348,0,0,0,62,0,0,0
38,18,3,2954.1145472205,1397.74374176932,0,0,0,143,0,0,0
38,18,4,2962.15351040002,1189.78855506294,0,0,0,72,0,0,0
38,18,5,3074.70089191016,1540.93524129174,0,0,0,110,0,0,0
38,18,6,3179.38877952002,702.522581393273,0,0,0,161,0,0,0
38,18,7,19255.9852671992,9231.16292394421,22,0,0,167,0,0,1
38,18,8,0,6,0,0,0,0,0,0,0
38,19,1,2964.41717411842,578.064155100682,0,0,0,127,0,0,0
38,19,2,2841.88775270402,1377.4325365966,0,0,0,65,0,0,0
38,19,3,2957.63270658051,1728.80359547352,0,0,0,139,0,0,0
38,19,4,2964.00833638402,1179.93015391754,0,0,0,118,0,0,0
38,19,5,3091.99136033507,1695.20786691174,0,0,0,154,0,0,0
38,19,6,3183.26483712002,1199.82216506023,0,0,0,70,0,0,0
38,19,7,19271.4851071992,8499.08404931745,0,168,0,147,0,0,0
38,19,8,0,6,0,0,0,0,0,0,0
38,20,1,2955.11503523842,1599.74099902953,0,0,0,57,0,0,0
38,20,2,2837.87648307202,1391.8268505664,0,0,0,137,0,0,0
38,20,3,2970.58239950851,1099.7267932439,0,0,0,172,0,0,0
38,20,4,2967.56743065603,1381.86544307818,0,0,0,117,0,0,0
38,20,5,3115.31930553059,815.934684532622,0,0,0,169,0,0,0
38,20,6,3198.96848384002,576.43316498698,0,0,0,119,0,0,0
38,20,7,19318.8625561591,8025.59558248443,29,0,0,211,0,0,0
38,20,8,0,6,0,0,0,0,0,0,0
38,21,1,2969.98399139842,950.215983273479,0,0,0,159,0,0,0
38,21,2,2838.99409162242,1041.42854415818,0,0,0,139,0,0,0
38,21,3,2970.31615386012,1132.97907888945,0,0,0,109,0,0,0
38,21,4,2978.55889201155,2086.86749789541,0,0,0,138,0,0,0
38,21,5,3116.81139397347,1107.17464444097,0,0,0,81,0,0,0
38,21,6,3200.69525811202,947.222779605382,0,0,0,57,0,0,0
38,21,7,19372.8259921911,7101.90624177816,24,0,0,229,0,0,0
38,21,8,0,6,0,0,0,0,0,0,0
38,22,1,2955.65618186242,1713.14363722249,0,44,0,51,0,0,0
38,22,2,2817.48635146242,1333.08191249652,0,58,0,46,0,0,0
38,22,3,2940.56298701212,1014.67502100023,0,54,0,59,0,0,0
38,22,4,2976.72998174722,591.920718982082,0,96,0,112,0,0,0
38,22,5,3108.04091720976,546.643427660735,0,57,0,53,0,0,0
38,22,6,3196.44669388802,1054.39656551028,0,53,0,41,0,0,0
38,22,7,19458.613773946,7800.38086138709,0,347,0,363,0,0,0
38,22,8,0,6,0,0,0,0,0,0,0
38,23,1,2972.1126465741,404.399557791414,0,0,0,171,0,0,0
38,23,2,2818.83308052482,1577.32067381061,0,0,0,133,0,0,0
38,23,3,2936.28758321564,1078.60158536006,0,0,0,101,0,0,0
38,23,4,2971.00324894722,864.474094739204,0,0,0,59,0,0,0
38,23,5,3106.34631496976,1217.55731116216,0,0,0,54,0,0,0
38,23,6,3214.70552012802,847.674519789057,0,0,0,105,0,0,0
38,23,7,19503.204718714,10861.8670890327,24,1,0,246,0,0,0
38,23,8,0,6,0,0,0,0,0,0,0
38,24,1,2963.69266831771,1565.67796627676,0,0,0,40,0,0,0
38,24,2,2829.3331626189,1460.83910703183,0,0,0,157,0,0,0
38,24,3,2936.26264881564,1624.18374894406,0,0,0,107,0,0,0
38,24,4,2967.24913950722,1406.58092321313,0,0,0,86,0,0,0
38,24,5,3120.48806286608,786.359127559402,0,0,0,121,0,0,0
38,24,6,3229.53197772802,2204.39657787084,0,0,0,84,0,0,0
38,24,7,19538.8422611139,10005.5547217134,34,0,0,191,0,0,0
38,24,8,0,6,0,0,0,0,0,0,0
38,25,1,2978.66368389531,1156.26209578633,0,0,0,156,0,0,0
38,25,2,2829.70852182018,1438.03820119739,0,0,0,146,0,0,0
38,25,3,2949.65713867164,1443.851335992,0,0,0,162,0,0,0
38,25,4,2978.07721934851,754.57387390193,0,0,0,140,0,0,0
38,25,5,3121.49275073808,1794.21081955237,0,0,0,78,0,0,0
38,25,6,3274.70860544002,745.429629133613,0,0,0,216,0,0,0
38,25,7,19583.7089491139,11282.9898762002,24,0,0,262,0,0,0
38,25,8,0,6,0,0,0,0,0,0,0
38,26,1,2983.42944448923,974.614484375222,0,0,0,115,0,0,0
38,26,2,2827.9168436429,1473.33124043702,0,0,0,143,0,0,0
38,26,3,2955.29204273564,1156.11278657093,0,0,0,144,0,0,0
38,26,4,2970.67332159491,1263.22947275307,0,0,0,75,0,0,0
38,26,5,3147.70085252368,1414.11070932603,0,0,0,179,0,0,0
38,26,6,3282.00824320002,1111.57208870885,0,0,0,74,0,0,0
38,26,7,19623.8391864515,9698.51705961662,23,0,0,252,0,0,0
38,26,8,0,6,0,0,0,0,0,0,0
38,27,1,2980.95969175963,1427.42320581913,0,0,0,97,0,0,0
38,27,2,2830.43311525889,936.335052498247,0,0,0,147,0,0,0
38,27,3,2952.67801969052,1129.79092649758,0,0,0,115,0,0,0
38,27,4,2979.39593535491,1747.72009844578,0,0,0,126,0,0,0
38,27,5,3160.42090792208,726.813241221094,0,0,0,141,0,0,0
38,27,6,3298.26561708034,476.13329013932,0,0,0,111,0,0,0
38,27,7,19668.7854059714,8309.68582320001,71,0,0,258,0,0,0
38,27,8,0,6,0,0,0,0,0,0,0
38,28,1,2984.90696487323,522.406796800787,1,0,0,140,0,0,0
38,28,2,2827.35456328091,1369.94170285517,0,0,0,93,0,0,0
38,28,3,2952.14615253404,2074.53328773084,0,0,0,112,0,0,0
38,28,4,2994.9164636365,1027.21750272771,3,0,0,167,0,0,0
38,28,5,3160.62592974096,1232.85223708574,0,0,0,72,0,0,0
38,28,6,3294.00358633474,719.432361751291,0,0,0,47,0,0,0
38,28,7,19724.2206791874,3512.73690607352,231,0,0,299,0,0,0
38,28,8,0,6,0,0,0,0,0,0,0
38,29,1,2967.68873511323,1137.5459878221,0,0,0,52,0,0,0
38,29,2,2819.90372690331,971.887307028644,0,0,0,136,0,0,0
38,29,3,2947.21864100252,1101.34317673165,44,0,0,132,0,0,0
38,29,4,2990.8928112845,987.42217372068,0,0,0,102,0,0,0
38,29,5,3167.6692536081,1349.2424585564,0,0,0,123,0,0,0
38,29,6,3293.15046991874,1078.40135492973,0,0,0,71,0,0,0
38,29,7,19745.8142991554,8428.74859189832,106,0,0,171,0,0,0
38,29,8,0,6,0,0,0,0,0,0,0
38,30,1,2971.88579256321,1529.35968919679,0,0,0,113,0,0,0
38,30,2,2816.90183813531,568.342547374355,0,0,0,97,0,0,0
38,30,3,2940.207139455,674.03319026566,0,0,0,110,0,0,0
38,30,4,2994.32537173609,1258.687486195,0,0,0,98,0,0,0
38,30,5,3185.20659428883,1432.74703337533,0,0,0,134,0,0,0
38,30,6,3313.09032722434,934.49977489021,0,0,0,107,0,0,0
38,30,7,19772.5944955074,7606.22054703861,0,43,0,159,0,0,0
38,30,8,0,6,0,0,0,0,0,0,0
38,31,1,2976.92095934285,1435.39823494358,0,33,0,110,0,0,0
38,31,2,2797.87839034165,876.89011709275,0,2,0,54,0,0,0
38,31,3,2926.05217220692,935.232049578649,0,0,0,67,0,0,0
38,31,4,3002.82111722523,1084.93372583955,0,6,0,118,0,0,0
38,31,5,3193.2044168726,1527.82093180126,0,20,0,117,0,0,0
38,31,6,3322.34675419548,1560.69410201853,0,0,0,93,0,0,0
38,31,7,19866.9747711915,11060.648717585,0,307,0,326,0,0,0
38,31,8,0,6,0,0,0,0,0,0,0
38,32,1,2984.30235828045,1127.37991168893,0,0,0,143,0,0,0
38,32,2,2790.62271749326,1063.30052623553,0,0,0,87,0,0,0
38,32,3,2910.17214007789,1461.00200291619,0,0,0,93,0,0,0
38,32,4,2996.58960260123,1876.18531809543,0,0,0,108,0,0,0
38,32,5,3209.45846831135,1332.12069900848,0,0,0,152,0,0,0
38,32,6,3342.67876037019,1268.93050979184,0,0,0,156,0,0,0
38,32,7,19904.2172635051,7992.87851159164,28,0,0,229,0,0,0
38,32,8,0,6,0,0,0,0,0,0,0
38,33,1,2998.14349034603,1102.02408573656,0,0,0,112,0,0,0
38,33,2,2794.05976200726,1736.73448225114,0,0,0,106,0,0,0
38,33,3,2922.85398290925,1379.41842487947,0,0,0,146,0,0,0
38,33,4,3033.75988659753,1620.6313399123,0,0,0,185,0,0,0
38,33,5,3238.08677571921,1331.41052005413,0,0,0,133,0,0,0
38,33,6,3373.7467152589,1647.22818267435,0,0,0,126,0,0,0
38,33,7,19957.7623413675,10143.4842421734,29,0,0,196,0,0,0
38,33,8,0,6,0,0,0,0,0,0,0
38,34,1,2999.41470744069,974.991092678563,0,0,0,110,0,0,0
38,34,2,2801.48484498147,433.081969730363,0,0,0,173,0,0,0
38,34,3,2920.7730277884,866.266827163731,0,0,0,137,0,0,0
38,34,4,3040.62964001444,941.734138280901,0,0,0,162,0,0,0
38,34,5,3243.07131035191,1132.95562639483,0,0,0,133,0,0,0
38,34,6,3393.32768040961,1843.73875485217,0,0,0,164,0,0,0
38,34,7,20029.7016028279,10864.7793542187,29,0,0,350,0,0,1
38,34,8,0,6,0,0,0,0,0,0,0
38,35,1,2997.18491960837,1100.21273531547,0,0,0,97,0,0,0
38,35,2,2779.23568817457,973.422035327484,0,0,0,43,0,0,0
38,35,3,2905.2274469413,1344.2430828155,0,0,0,86,0,0,0
38,35,4,3027.44234050213,1626.45311685043,0,0,0,94,0,0,0
38,35,5,3242.80614472451,1658.16754013107,0,0,0,113,0,0,0
38,35,6,3415.31694304872,1575.05673728236,0,0,0,169,0,0,0
38,35,7,20047.5163931563,13682.676122821,0,56,0,210,0,0,0
38,35,8,0,6,0,0,0,0,0,0,0
38,36,1,2999.80314739819,1113.67750135313,0,0,0,110,0,0,0
38,36,2,2770.9845062584,1154.34305562734,0,0,0,97,0,0,0
38,36,3,2898.49162581326,1557.23294995774,0,0,0,134,0,0,0
38,36,4,3028.6308165331,1560.73580329345,0,0,0,162,0,0,0
38,36,5,3255.44391551977,1441.73425572,0,0,0,165,0,0,0
38,36,6,3430.47931902035,1546.71158882859,0,0,0,157,0,0,0
38,36,7,20066.7875339957,4630.44312371368,31,0,0,191,0,0,0
38,36,8,0,6,0,0,0,0,0,0,0
38,37,1,2988.52113681008,1407.61688553145,0,60,0,51,0,0,0
38,37,2,2755.23250269898,902.244879472811,0,70,0,45,0,0,0
38,37,3,2890.61795442735,1621.58762122833,0,73,0,82,0,0,0
38,37,4,3013.61747770348,1141.48640663702,0,89,0,67,0,0,0
38,37,5,3243.36344864868,1533.97378137143,0,78,0,66,0,0,0
38,37,6,3431.96577000343,1091.11402925048,0,72,0,82,0,0,0
38,37,7,20094.5376211637,4658.65663914724,0,240,0,223,0,0,0
38,37,8,0,6,0,0,0,0,0,0,0
38,38,1,3009.93326070465,2029.58035321565,0,0,0,140,0,0,0
38,38,2,2767.18694007784,1016.55630822903,0,0,0,90,0,0,0
38,38,3,2920.97979745613,826.758583789199,0,0,0,162,0,0,0
38,38,4,3025.38918644487,1525.08488010426,0,0,0,114,0,0,0
38,38,5,3274.93664965354,1203.89366259544,0,0,0,153,0,0,0
38,38,6,3459.06360285693,1225.38888979316,0,0,0,109,0,0,0
38,38,7,20134.8996102837,9397.4487614987,34,0,0,168,0,0,1
38,38,8,0,6,0,0,0,0,0,0,0
38,39,1,3041.47032430576,876.187946365122,0,0,0,202,0,0,0
38,39,2,2777.19276815337,1803.39676461923,0,0,0,101,0,0,0
38,39,3,2927.91989528705,595.318819956642,0,0,0,82,0,0,0
38,39,4,3046.4954742116,1314.96720242762,0,0,0,152,0,0,0
38,39,5,3294.16223020393,691.200075474345,0,0,0,120,0,0,0
38,39,6,3484.67040799639,1095.89862768597,0,0,0,122,0,0,0
38,39,7,20185.2898029236,4241.63620618318,28,0,0,224,0,0,0
38,39,8,0,6,0,0,0,0,0,0,0
38,40,1,3046.30227934433,1223.5594570067,0,0,0,87,0,0,0
38,40,2,2798.17900216455,1120.25694294842,0,0,0,180,0,0,0
38,40,3,2927.1469343747,1094.71756892605,0,0,0,59,0,0,0
38,40,4,3065.46454517224,1402.9186277402,0,0,0,131,0,0,0
38,40,5,3297.53366102048,1823.89701512669,0,0,0,69,0,0,0
38,40,6,3504.72188832171,1578.6818853675,0,0,0,109,0,0,0
38,40,7,20222.4634997183,5160.49002647859,46,0,0,187,0,0,0
38,40,8,0,6,0,0,0,0,0,0,0
38,41,1,3053.91644441825,721.108571020142,0,0,0,122,0,0,0
38,41,2,2802.10097843196,1732.5187597592,0,0,0,112,0,0,0
38,41,3,2928.53758852249,1531.36868337216,0,0,0,109,0,0,0
38,41,4,3077.78288934375,1127.84665786693,0,0,0,140,0,0,0
38,41,5,3328.99635761184,939.189780281415,0,0,0,180,0,0,0
38,41,6,3530.64795349419,1421.66267395203,0,0,0,157,0,0,0
38,41,7,20251.3617422783,8564.18966543206,33,0,0,192,0,0,0
38,41,8,0,6,0,0,0,0,0,0,0
38,42,1,3058.95981062702,1158.00989143182,0,0,0,72,0,0,0
38,42,2,2831.04919860102,1438.3130777597,0,0,0,173,0,0,0
38,42,3,2961.04609273224,1542.91671207794,0,0,0,153,0,0,0
38,42,4,3090.05906472371,853.658138883792,0,0,0,112,0,0,0
38,42,5,3347.78359814507,1321.18175431362,0,0,0,93,0,0,0
38,42,6,3569.91712487441,1195.34021138326,0,0,0,142,0,0,0
38,42,7,20334.8865863931,5936.17741750331,31,0,0,204,0,0,0
38,42,8,0,6,0,0,0,0,0,0,0
38,43,1,3071.24391264939,766.06534190817,0,0,0,115,0,0,0
38,43,2,2845.05387942498,1486.96781616212,0,0,0,142,0,0,0
38,43,3,2982.58038181699,320.286457460748,0,0,0,154,0,0,0
38,43,4,3090.61866826316,656.01862443495,0,0,0,85,0,0,0
38,43,5,3363.65150968832,1499.75314091731,0,0,0,132,0,0,0
38,43,6,3595.45587631556,1615.80836100292,0,0,0,119,0,0,0
38,43,7,20369.6578768229,6053.63242014205,108,0,0,179,0,0,1
38,43,8,0,6,0,0,0,0,0,0,0
38,44,1,3073.25033473649,1704.43964418335,0,0,0,76,0,0,0
38,44,2,2856.14849492272,1527.57377971255,0,0,0,148,0,0,0
38,44,3,2965.88609282396,1661.87460033474,0,0,0,32,0,0,0
38,44,4,3084.16801185151,968.977813584487,0,0,0,65,0,0,0
38,44,5,3383.52896905608,775.777682181546,0,0,0,149,0,0,0
38,44,6,3629.68781408994,1176.52051292918,0,0,0,161,0,0,0
38,44,7,20400.7516173618,9187.19219202864,98,0,0,153,0,0,0
38,44,8,0,6,0,0,0,0,0,0,0
38,45,1,3093.47999736723,793.760174898447,0,0,0,170,0,0,0
38,45,2,2870.3135819958,910.477683537198,0,0,0,152,0,0,0
38,45,3,2981.47889507864,1498.12101377876,0,0,0,166,0,0,0
38,45,4,3080.76446221286,1177.44288566562,0,0,0,96,0,0,0
38,45,5,3387.45564254548,1672.96438670245,0,0,0,77,0,0,0
38,45,6,3653.81598043669,1183.35540714139,0,0,0,117,0,0,0
38,45,7,20443.6742322482,3529.75417652269,51,0,0,192,0,0,0
38,45,8,0,6,0,0,0,0,0,0,0
38,46,1,3087.45393688036,1426.23761145953,0,0,0,79,0,0,0
38,46,2,2857.49728931003,1547.74996674355,0,0,0,91,0,0,0
38,46,3,2979.32384160845,1602.71256249741,26,0,0,116,0,0,0
38,46,4,3072.73461297412,1077.97865413989,15,0,0,98,0,0,0
38,46,5,3393.10719375992,1188.56051054301,20,0,0,141,0,0,0
38,46,6,3662.38983253115,1517.03715924217,0,0,0,118,0,0,0
38,46,7,20455.2667509042,6320.85052569864,145,0,0,164,0,0,0
38,46,8,0,6,0,0,0,0,0,0,0
38,47,1,3099.72017682471,2163.94987853347,0,0,0,142,0,0,0
38,47,2,2863.39149096742,325.027114338437,0,0,0,154,0,0,0
38,47,3,2988.85444346144,1632.12341220031,0,0,0,160,0,0,0
38,47,4,3072.3910962744,1942.55516225159,0,0,0,107,0,0,0
38,47,5,3399.84224361723,848.269562210687,0,0,0,118,0,0,0
38,47,6,3692.88604941091,2389.30489020553,0,0,0,151,0,0,0
38,47,7,20490.2539980737,3413.66452248282,37,0,0,222,0,0,0
38,47,8,0,6,0,0,0,0,0,0,0
38,48,1,3099.48536877505,1424.2173929783,0,104,0,112,0,0,0
38,48,2,2835.82356041916,1052.42106440101,0,15,0,17,0,0,0
38,48,3,2978.78875519755,1504.22985358107,0,78,0,85,0,0,0
38,48,4,3065.49679265868,1354.66024231466,0,102,0,92,0,0,0
38,48,5,3378.84211756594,1703.49912200231,0,46,0,38,0,0,0
38,48,6,3702.82578590663,1707.55782939479,0,112,0,126,0,0,0
38,48,7,20496.7148226137,9948.68522117208,0,159,0,182,0,0,0
38,48,8,0,6,0,0,0,0,0,0,0
38,49,1,3121.42090116667,1056.44280552317,0,0,0,142,0,0,0
38,49,2,2846.98548039873,968.254771341135,0,0,0,105,0,0,0
38,49,3,2996.26260646235,1185.40020554143,0,0,0,150,0,0,0
38,49,4,3082.49008296091,768.541011436548,0,0,0,135,0,0,0
38,49,5,3426.0164358125,1340.84633595484,0,0,0,170,0,0,0
38,49,6,3744.3789929975,1561.06589801175,0,0,0,170,0,0,0
38,49,7,20565.7739041369,10272.3054348439,26,0,0,239,0,0,0
38,49,8,0,6,0,0,0,0,0,0,0
38,50,1,3134.73384671516,1468.57056735838,0,0,0,105,0,0,0
38,50,2,2852.68327098073,1910.7641941328,0,0,0,96,0,0,0
38,50,3,3014.61208879779,1244.45428195455,0,0,0,118,0,0,0
38,50,4,3091.09309195653,1269.58462116435,0,0,0,76,0,0,0
38,50,5,3451.88251334615,2104.6384535115,0,0,0,134,0,0,0
38,50,6,3792.25474484355,728.65815918657,0,0,0,156,0,0,0
38,50,7,20628.7765277608,13344.457243632,30,0,0,224,0,0,0
38,50,8,0,6,0,0,0,0,0,0,0
38,51,1,3153.89653377649,1446.26615908127,0,0,0,146,0,0,0
38,51,2,2874.05328750304,1077.27225871296,0,0,0,191,0,0,0
38,51,3,3024.10963449856,1075.99311997705,0,0,0,124,0,0,0
38,51,4,3102.39069818884,764.814131664427,0,0,0,126,0,0,0
38,51,5,3490.17299636993,1658.05763168407,0,0,0,193,0,0,1
38,51,6,3808.83013721683,1325.77667460484,0,0,0,72,0,0,0
38,51,7,20683.3231734491,8621.4749917136,27,0,0,236,0,0,4
38,51,8,0,6,0,0,0,0,0,0,0
38,52,1,3177.66398369844,771.853676003594,0,0,0,144,0,0,0
38,52,2,2872.24612616572,1421.16470616634,0,0,0,107,0,0,0
38,52,3,3032.30252852154,2140.27139119268,0,0,0,107,0,0,0
38,52,4,3102.90875214589,1857.75034345475,0,0,0,76,0,0,0
38,52,5,3523.39157519025,1660.73598610187,1,0,0,161,0,0,0
38,52,6,3843.0775466703,1120.79195063648,0,0,0,132,0,0,0
38,52,7,20763.3136808594,7771.61742148595,220,1,0,248,0,0,2
38,52,8,0,6,0,0,0,0,0,0,0
38,53,1,3186.50786730236,213.892138698527,0,0,0,77,0,0,0
38,53,2,2890.9482579529,1205.97716720933,0,0,0,142,0,0,0
38,53,3,3047.09427868493,1609.941392741,41,0,0,148,0,0,0
38,53,4,3117.49988065369,1563.0218358661,34,0,0,131,0,0,0
38,53,5,3561.22223425788,1042.69140032713,5,0,0,158,0,0,0
38,53,6,3882.62909013685,1064.67382908765,0,0,0,112,0,0,0
38,53,7,20835.5269251667,8409.16403505888,222,1,0,203,0,0,43
38,53,8,0,6,0,0,0,0,0,0,0
38,54,1,3170.14170970364,797.060670422326,0,0,0,21,0,0,0
38,54,2,2899.18337211224,679.744260581656,0,0,0,120,0,0,0
38,54,3,3057.03198412994,1696.29439880163,0,0,0,160,0,0,0
38,54,4,3124.76265155357,1021.487653008,0,0,0,156,0,0,0
38,54,5,3570.26768897952,876.963598444951,0,0,0,104,0,0,0
38,54,6,3896.80559661983,961.037288993472,0,0,0,106,0,0,0
38,54,7,20871.8877768275,5333.12822374627,112,0,0,162,0,0,3
38,54,8,0,6,0,0,0,0,0,0,0
38,55,1,3144.11392408157,1712.43161413627,79,0,0,0,0,0,0
38,55,2,2885.09389069709,1220.0074445644,29,0,0,38,0,0,0
38,55,3,3055.15444346483,1029.48616955008,87,0,0,82,0,0,0
38,55,4,3114.60006454476,1333.03811539435,53,0,0,49,0,0,0
38,55,5,3565.33826698366,2055.10576059825,49,0,0,38,0,0,0
38,55,6,3898.6950753086,2040.96963197701,56,0,0,40,0,0,0
38,55,7,20962.3821760499,3997.19296086017,233,0,0,249,0,0,8
38,55,8,0,6,0,0,0,0,0,0,0
38,56,1,3161.64003597453,1119.42568309133,10,0,0,139,0,0,0
38,56,2,2895.25548707758,600.067550347671,0,0,0,122,0,0,0
38,56,3,3060.85532449972,1141.52256383331,0,0,0,102,0,0,0
38,56,4,3136.74761143216,793.783789403755,0,0,0,133,0,0,0
38,56,5,3594.45225011287,1447.61019814361,15,0,0,159,0,0,0
38,56,6,3954.9936285853,1806.23419087869,10,0,0,173,0,0,0
38,56,7,21007.3083925286,7522.68942348121,62,0,0,206,0,0,0
38,56,8,0,6,0,0,0,0,0,0,0
38,57,1,3169.60625270817,1020.39083686288,0,0,0,111,0,0,0
38,57,2,2887.17537832171,1801.23266304816,0,0,0,60,0,0,0
38,57,3,3063.69874580767,1181.19194063063,0,0,0,114,0,0,0
38,57,4,3150.66832084339,1846.88184489615,0,0,0,79,0,0,0
38,57,5,3641.18413585603,2011.54887320958,0,0,0,144,0,0,0
38,57,6,4020.47688319514,1053.23264286257,0,0,0,180,0,0,0
38,57,7,21075.1721714273,4532.50845771196,37,0,0,209,0,0,0
38,57,8,0,6,0,0,0,0,0,0,0
38,58,1,3164.00487180062,847.91633355218,0,0,0,102,0,0,0
38,58,2,2893.63980138157,1645.60659950275,0,0,0,180,0,0,0
38,58,3,3060.29906374527,2447.70700743152,0,0,0,118,0,0,0
38,58,4,3151.98545095033,1094.31880667449,7,0,0,155,0,0,0
38,58,5,3668.43663517291,1447.81237720087,8,0,0,164,0,0,0
38,58,6,4038.83485038233,1280.83963463415,0,0,0,105,0,0,0
38,58,7,21084.6708690529,5680.6867673817,68,0,0,164,0,0,0
38,58,8,0,6,0,0,0,0,0,0,0
38,59,1,3155.1942616522,1792.95576587096,0,0,0,84,0,0,0
38,59,2,2907.18475312479,1010.85960196298,0,0,0,164,0,0,0
38,59,3,3076.36261171613,1681.18941832526,8,0,0,168,0,0,0
38,59,4,3155.491600436,1216.97616370518,0,0,0,109,0,0,0
38,59,5,3689.44346009974,1296.75907363295,0,0,0,144,0,0,0
38,59,6,4063.82329556407,1547.46203786639,0,0,0,128,0,0,0
38,59,7,21110.5412062967,8759.62222766575,40,0,0,203,0,0,0
38,59,8,0,6,0,0,0,0,0,0,0
38,60,1,3177.47466613537,1658.19737312702,0,0,0,176,0,0,0
38,60,2,2905.43377385432,1133.77854138038,0,0,0,101,0,0,0
38,60,3,3087.84817861091,1012.77767912171,0,0,0,168,0,0,0
38,60,4,3160.76417882277,1982.4416943014,0,0,0,121,0,0,0
38,60,5,3716.82030526276,975.490435853708,0,0,0,129,0,0,0
38,60,6,4107.65170107696,2057.92511068949,0,0,0,154,0,0,0
38,60,7,21142.4505350043,11832.7004147714,0,41,0,205,0,0,0
38,60,8,0,6,0,0,0,0,0,0,0
38,61,1,3181.58190537059,612.204435749314,0,12,0,128,0,0,0
38,61,2,2902.60765711356,1693.83396193325,0,0,0,113,0,0,0
38,61,3,3081.57432072653,1562.32662771241,0,0,0,101,0,0,0
38,61,4,3182.634543925,870.410514279018,0,17,0,147,0,0,0
38,61,5,3725.99551063209,1516.45935517907,0,0,0,97,0,0,0
38,61,6,4169.84575279302,1803.13590963744,0,0,0,205,0,0,0
38,61,7,21189.1412700795,10210.1950886966,1,204,0,204,0,0,6
38,61,8,0,6,0,0,0,0,0,0,0
38,62,1,3181.21900071289,1419.67900939182,0,0,0,61,0,0,0
38,62,2,2928.00791564062,1404.84750385054,0,0,0,169,0,0,0
38,62,3,3106.12667644117,1605.12471349366,0,0,0,156,0,0,0
38,62,4,3182.87776143845,1526.25575548371,0,0,0,87,0,0,0
38,62,5,3772.53808300855,1723.61682332228,0,0,0,151,0,0,0
38,62,6,4231.85452087236,2281.5572196095,0,0,0,180,0,0,0
38,62,7,21281.7048660222,11835.1869256866,29,0,0,204,0,0,0
38,62,8,0,6,0,0,0,0,0,0,0
38,63,1,3194.47413310757,1255.73213763836,0,0,0,141,0,0,0
38,63,2,2935.13168198101,1160.32894183316,0,0,0,140,0,0,0
38,63,3,3121.84670513448,1047.35170625243,0,0,0,160,0,0,0
38,63,4,3195.24719780267,1342.27205437378,0,0,0,152,0,0,0
38,63,5,3812.52978779933,1579.55673383843,0,0,0,172,0,0,0
38,63,6,4275.12531352785,1419.03381244514,0,0,0,193,0,0,1
38,63,7,21354.0756577328,8190.95286569053,26,0,0,222,0,0,0
38,63,8,0,6,0,0,0,0,0,0,0
38,64,1,3179.25786630298,870.218766502949,0,72,0,53,0,0,0
38,64,2,2926.60852849091,1157.08093630993,0,49,0,67,0,0,0
38,64,3,3094.99532049041,1255.18580903556,0,58,0,46,0,0,0
38,64,4,3183.29349015546,1526.91827113432,0,73,0,61,0,0,0
38,64,5,3824.91249893589,1749.08612694807,0,61,0,96,0,0,0
38,64,6,4287.31916065413,1548.96669378638,0,69,0,72,0,0,0
38,64,7,21430.8113323425,10001.4210744841,3,278,0,296,0,0,0
38,64,8,0,6,0,0,0,0,0,0,0
38,65,1,3180.46197544954,1573.13685925884,0,0,0,87,0,0,0
38,65,2,2931.19857255263,1169.48780051152,0,0,0,115,0,0,0
38,65,3,3107.78827316926,1401.14540588694,0,0,0,125,0,0,0
38,65,4,3195.43049552932,1221.53265308263,0,0,0,152,0,0,0
38,65,5,3858.27152196642,1472.3102499647,0,0,0,174,0,0,0
38,65,6,4328.08819053021,1713.7517899776,0,0,0,154,0,0,0
38,65,7,21496.5874613868,8829.86557313269,25,1,0,200,0,0,0
38,65,8,0,6,0,0,0,0,0,0,0
38,66,1,3215.74532696182,1347.98498652401,0,0,0,157,0,0,0
38,66,2,2949.31092873573,1004.88617712375,0,0,0,116,0,0,0
38,66,3,3137.7934600619,1542.60558300154,0,0,0,140,0,0,0
38,66,4,3229.83843375419,1918.10167254289,0,0,0,122,0,0,0
38,66,5,3916.25689455814,2600.15876308715,0,0,0,147,0,0,0
38,66,6,4396.65372770899,2547.01569677165,0,0,0,171,0,0,0
38,66,7,21630.0496386469,13292.0239148316,16,1,0,257,0,0,0
38,66,8,0,6,0,0,0,0,0,0,0
38,67,1,3232.99723308914,2410.6318417527,0,0,0,134,0,0,0
38,67,2,2949.50126622393,1844.01598521641,0,0,0,100,0,0,0
38,67,3,3147.62198766715,742.83908279836,0,0,0,154,0,0,0
38,67,4,3248.58581612909,2535.29319567537,0,0,0,171,0,0,0
38,67,5,3963.88677938352,1851.77184873395,1,0,0,217,0,0,0
38,67,6,4451.80520473362,1661.52267054804,1,0,0,191,0,0,0
38,67,7,21681.839170127,9443.1984083571,33,0,0,212,0,0,0
38,67,8,0,6,0,0,0,0,0,0,0
38,68,1,3251.13607992917,1500.37701153274,7,0,0,183,0,0,0
38,68,2,2956.12037009588,1001.38354313111,3,0,0,159,0,0,0
38,68,3,3132.61343452712,1873.46074761453,0,0,0,74,0,0,0
38,68,4,3263.38081048794,1047.67344562983,8,0,0,190,0,0,0
38,68,5,3993.42850225976,1455.53771816023,0,0,0,178,0,0,0
38,68,6,4499.01107686591,1311.6180037714,0,0,0,166,0,0,0
38,68,7,21716.879403472,5130.49326694127,104,0,0,190,0,0,0
38,68,8,0,6,0,0,0,0,0,0,0
38,69,1,3284.30315515161,1738.87069219148,0,0,0,148,0,0,0
38,69,2,2956.47711088793,982.173498013391,0,0,0,100,0,0,0
38,69,3,3178.03796319949,1296.09935329973,0,0,0,187,0,0,0
38,69,4,3285.05887828667,594.138237040308,0,0,0,104,0,0,0
38,69,5,4045.46723115502,1499.97626459782,0,0,0,145,0,0,0
38,69,6,4555.03621744647,1494.01806224163,0,0,0,131,0,0,0
38,69,7,21828.0852524413,5565.19365511578,111,0,0,212,0,0,0
38,69,8,0,6,0,0,0,0,0,0,0
38,70,1,3315.25361729491,1434.73935400623,0,0,0,173,0,0,0
38,70,2,2960.98817938746,1047.0088212499,0,0,0,98,0,0,0
38,70,3,3201.57651938724,1406.2065128663,0,0,0,129,0,0,0
38,70,4,3277.15737848878,1017.13871357504,0,0,0,59,0,0,0
38,70,5,4081.71655911886,988.941530566268,2,0,0,142,0,0,0
38,70,6,4613.30280387937,2146.45207808909,0,0,0,149,0,0,0
38,70,7,21883.1884388146,6433.24525511129,109,0,0,164,0,0,0
38,70,8,0,6,0,0,0,0,0,0,0
38,71,1,3332.50036523034,2116.18309857765,0,0,0,143,0,0,0
38,71,2,2959.4176210188,1053.96133689159,0,0,0,104,0,0,0
38,71,3,3219.86248909331,1287.35230975557,0,0,0,140,0,0,0
38,71,4,3277.18315652162,516.831930854053,0,0,0,101,0,0,0
38,71,5,4082.6848934841,829.281315325373,0,0,0,98,0,0,0
38,71,6,4658.17628788429,1173.32636237876,10,0,0,171,0,0,0
38,71,7,21934.9122932314,8400.66183513342,106,0,0,184,0,0,0
38,71,8,0,6,0,0,0,0,0,0,0
38,72,1,3371.66532884935,1870.69827683259,4,0,0,164,0,0,0
38,72,2,2973.38788106589,1556.50446759221,0,0,0,105,0,0,0
38,72,3,3248.34148702705,1697.71700649592,0,0,0,128,0,0,0
38,72,4,3262.26944009482,1464.3643469867,0,0,0,51,0,0,0
38,72,5,4107.14458498736,861.327653186589,0,0,0,82,0,0,0
38,72,6,4707.71114492397,899.097639279614,0,0,0,117,0,0,0
38,72,7,22035.6606043258,5556.62413994391,56,0,0,172,0,0,0
38,72,8,0,6,0,0,0,0,0,0,0
38,73,1,3363.51674264999,1150.44971342404,0,95,0,92,0,0,0
38,73,2,2962.45872241255,1164.05301748331,0,82,0,73,0,0,0
38,73,3,3243.53336162866,1587.38190279447,0,82,0,87,0,0,0
38,73,4,3246.7439537334,1015.97839582247,0,75,0,71,0,0,0
38,73,5,4083.98074841176,2096.98390502196,0,35,0,51,0,0,0
38,73,6,4703.47279964737,2659.22485597847,0,48,0,41,0,0,0
38,73,7,22077.8682309048,11292.2857448394,5,178,0,181,0,0,0
38,73,8,0,6,0,0,0,0,0,0,0
38,74,1,3385.85397877636,798.693407786979,0,0,0,115,0,0,0
38,74,2,2975.78094873244,1308.25998446127,0,0,0,116,0,0,0
38,74,3,3267.84547371921,1102.39569255618,0,0,0,158,0,0,0
38,74,4,3248.4235030065,1076.10763763862,0,0,0,101,0,0,0
38,74,5,4140.50044911381,2937.52252901642,0,0,0,209,0,0,0
38,74,6,4784.51812367334,2658.63974030331,1,0,0,208,0,0,0
38,74,7,22142.7063472215,4948.61733927536,28,0,0,195,0,0,0
38,74,8,0,6,0,0,0,0,0,0,0
38,75,1,3404.58650964294,1043.99905193567,0,0,0,79,0,0,0
38,75,2,3007.76568956323,867.18623032376,0,0,0,130,0,0,0
38,75,3,3305.9449251256,558.120538992667,0,0,0,110,0,0,0
38,75,4,3261.75983528295,731.837394079885,0,0,0,107,0,0,0
38,75,5,4236.59877369883,1899.73889542016,3,0,0,240,0,0,1
38,75,6,4903.70933397626,1811.56085769637,1,0,0,247,0,0,0
38,75,7,22220.8162138447,7379.11674050345,23,0,0,179,0,0,0
38,75,8,0,6,0,0,0,0,0,0,0
38,76,1,3412.6448090892,794.474352880994,0,0,0,104,0,0,0
38,76,2,3016.56813481657,899.547120958781,0,0,0,86,0,0,0
38,76,3,3310.86207668594,1793.4535985788,0,0,0,55,0,0,0
38,76,4,3258.89106836323,1360.6287412422,0,0,0,73,0,0,0
38,76,5,4275.75756868377,1713.81366361388,0,0,0,189,0,0,0
38,76,6,4974.51308211953,1580.24476436425,0,0,0,181,0,0,0
38,76,7,22288.9185381056,13556.6032813755,27,0,0,204,0,0,0
38,76,8,0,6,0,0,0,0,0,0,0
38,77,1,3425.94891109341,1749.70231973656,0,0,0,79,0,0,0
38,77,2,3025.96375599685,1201.20837213952,0,0,0,89,0,0,0
38,77,3,3354.81013614203,1092.74361377166,0,0,0,179,0,0,0
38,77,4,3272.80015653105,495.152766101008,0,0,0,136,0,0,0
38,77,5,4337.36455848348,1759.05048751716,0,0,0,171,0,0,0
38,77,6,5035.46546420942,2166.12029583555,0,0,0,158,0,0,0
38,77,7,22360.8321442662,9381.75018456858,25,0,0,216,0,0,1
38,77,8,0,6,0,0,0,0,0,0,0
38,78,1,3458.4557626312,2097.41808473831,0,0,0,174,0,0,0
38,78,2,3037.71828450198,1062.39205289935,0,0,0,120,0,0,0
38,78,3,3360.15008682593,2121.29475873573,0,0,0,109,0,0,0
38,78,4,3261.67910049423,1612.72339528483,0,0,0,49,0,0,0
38,78,5,4364.00035051752,1289.60948858493,0,0,0,175,0,0,0
38,78,6,5087.25654553347,1256.0186577259,1,0,0,185,0,0,2
38,78,7,22420.7317641204,13242.6355924548,72,0,0,186,0,0,1
38,78,8,0,6,0,0,0,0,0,0,0
38,79,1,3497.27650814006,1174.56760402858,0,0,0,205,0,0,0
38,79,2,3036.52901355575,1917.37095399712,0,0,0,106,0,0,0
38,79,3,3374.04055216706,857.221356877213,1,0,0,184,0,0,0
38,79,4,3277.87586449371,1672.08681492948,0,0,0,161,0,0,0
38,79,5,4371.16590473181,2718.41810458336,0,0,0,128,0,0,0
38,79,6,5103.97322200375,2343.60383024336,0,0,0,125,0,0,0
38,79,7,22456.736770619,4828.79840260996,49,0,0,224,0,0,0
38,79,8,0,6,0,0,0,0,0,0,0
38,80,1,3514.58617916605,963.019498115394,0,0,0,117,0,0,0
38,80,2,3066.14464496448,1871.87955928589,25,0,0,149,0,0,0
38,80,3,3382.9920818062,1259.09453741893,0,0,0,85,0,0,0
38,80,4,3300.56754732657,2017.80916239665,11,0,0,148,0,0,0
38,80,5,4401.7806226155,3029.5126593234,66,0,0,159,0,0,0
38,80,6,5180.5679525315,2293.56321470522,36,0,0,173,0,0,0
38,80,7,22512.2319000754,6569.25913535841,185,0,0,167,0,0,0
38,80,8,0,6,0,0,0,0,0,0,0
38,81,1,3532.10589858419,968.664217494134,0,0,0,96,0,0,0
38,81,2,3106.08651768884,1294.74170083124,3,0,0,165,0,0,0
38,81,3,3424.84534119496,1384.86769833278,0,0,0,125,0,0,0
38,81,4,3335.41603226257,684.115940528383,2,0,0,183,0,0,0
38,81,5,4453.33706014917,1843.14070709919,20,0,0,157,0,0,0
38,81,6,5269.34687980788,1709.79498011379,9,0,0,164,0,0,0
38,81,7,22569.6858406097,13960.4258111877,72,0,0,160,0,0,0
38,81,8,0,6,0,0,0,0,0,0,0
38,82,1,3521.05596961248,1888.96283259981,0,0,0,96,0,0,0
38,82,2,3096.51924695264,1868.22825966021,0,0,0,129,0,0,0
38,82,3,3417.21208250112,832.724372880281,0,0,0,138,0,0,0
38,82,4,3321.61738149073,2268.0812362579,0,0,0,68,0,0,0
38,82,5,4467.88846394155,2778.18899760876,0,0,0,176,0,0,0
38,82,6,5317.34150602287,1864.68401743412,0,0,0,170,0,0,0
38,82,7,22594.6825271021,9468.01640889339,33,0,0,238,0,0,0
38,82,8,0,6,0,0,0,0,0,0,0
38,83,1,3538.00162604091,1904.59420698686,0,92,0,96,0,0,0
38,83,2,3097.76611840395,1079.81919012497,0,96,0,90,0,0,0
38,83,3,3396.89513360187,646.76572467018,0,37,0,46,0,0,0
38,83,4,3343.07723641221,1238.65711307875,0,102,0,124,0,0,0
38,83,5,4503.35171358985,825.507397269902,0,135,0,142,0,0,0
38,83,6,5332.07352681394,1556.6605036859,0,111,0,75,0,0,0
38,83,7,22769.0123867883,10411.876730281,0,386,0,411,0,0,2
38,83,8,0,6,0,0,0,0,0,0,0
38,84,1,3578.99898904712,1648.19499732766,0,0,0,187,0,0,0
38,84,2,3118.76667801989,612.962786611779,0,0,0,107,0,0,0
38,84,3,3399.0809248075,1484.98153172696,0,0,0,64,0,0,0
38,84,4,3365.19700625786,1103.71730765061,0,0,0,123,0,0,0
38,84,5,4528.86637122039,1438.4672829619,0,0,0,82,0,0,0
38,84,6,5391.80516645504,3181.06334349029,0,0,0,155,0,0,0
38,84,7,22814.5171526115,8473.23557746636,28,0,0,175,0,0,0
38,84,8,0,6,0,0,0,0,0,0,0
38,85,1,3630.25143085678,1828.03869641739,0,0,0,164,0,0,0
38,85,2,3130.9578972519,1206.5238232131,0,0,0,61,0,0,0
38,85,3,3447.92950638176,1372.92532292267,0,0,0,148,0,0,0
38,85,4,3393.24940888868,1567.01981444047,0,0,0,110,0,0,0
38,85,5,4619.05807207457,1681.32686106228,0,0,0,143,0,0,0
38,85,6,5504.23816669022,2457.62189422525,4,0,0,172,0,0,7
38,85,7,22948.8039663683,5392.08010872412,28,0,0,206,0,0,1
38,85,8,0,6,0,0,0,0,0,0,0
38,86,1,3677.80238733858,1953.13409233853,1,0,0,169,0,0,0
38,86,2,3162.15743460639,1889.2207432481,0,0,0,120,0,0,0
38,86,3,3494.30074183628,1346.92638178622,0,0,0,137,0,0,0
38,86,4,3440.06574995939,1956.83387695506,0,0,0,156,0,0,0
38,86,5,4705.33413561177,975.030495250435,0,0,0,168,0,0,0
38,86,6,5636.38554338326,2274.2395744681,1,0,0,216,0,0,5
38,86,7,23038.2124649892,8459.55599542027,33,0,0,196,0,0,0
38,86,8,0,6,0,0,0,0,0,0,0
38,87,1,3734.34123496124,1849.51920300381,0,0,0,186,0,0,0
38,87,2,3233.85730956058,1610.42402812563,0,0,0,188,0,0,0
38,87,3,3558.08517871869,2415.13135749879,0,0,0,134,0,0,0
38,87,4,3506.23278169265,1052.93810210865,0,0,0,195,0,0,0
38,87,5,4749.20921863184,2133.53574680146,0,0,0,97,0,0,0
38,87,6,5792.08863564152,2079.20992567291,1,0,0,183,0,0,1
38,87,7,23151.0821536931,14182.6855547073,31,0,0,198,0,0,0
38,87,8,0,6,0,0,0,0,0,0,0
38,88,1,3783.20646989637,1512.48281038264,0,0,0,184,0,0,0
38,88,2,3271.50632205568,1174.74070147323,0,0,0,161,0,0,0
38,88,3,3593.69313109045,2355.07231003342,0,0,0,224,0,0,0
38,88,4,3515.79477449503,1271.00434091066,0,0,0,105,0,0,0
38,88,5,4811.02981998032,1897.09332916148,0,0,0,178,0,0,0
38,88,6,5875.50748134397,3923.38847957734,0,0,0,207,0,0,0
38,88,7,23205.2303333652,14094.552391402,29,0,0,200,0,0,0
38,88,8,0,6,0,0,0,0,0,0,0
38,89,1,3805.30106933923,1480.95651853968,0,0,0,151,0,0,0
38,89,2,3269.98309507252,1115.89096676603,0,0,0,117,0,0,0
38,89,3,3626.09226834471,1388.29822020533,0,0,0,235,0,0,0
38,89,4,3529.38541661806,1546.82510704094,0,0,0,127,0,0,0
38,89,5,4874.50740568079,1711.2416719243,0,0,0,186,0,0,0
38,89,6,5962.38285958414,2765.53424451274,4,0,0,205,0,0,0
38,89,7,23266.5950588756,13182.7496310193,28,0,0,242,0,0,0
38,89,8,0,6,0,0,0,0,0,0,0
38,90,1,3844.04721869542,1472.39882236866,0,0,0,148,0,0,0
38,90,2,3277.44569174845,2059.56882825091,0,0,0,111,0,0,0
38,90,3,3659.80214306791,1509.48836960549,0,0,0,138,0,0,0
38,90,4,3571.07638996845,1107.90061390437,0,0,0,154,0,0,0
38,90,5,4951.27428239957,1012.29939355299,0,0,0,171,0,0,0
38,90,6,6096.95625796588,2358.25921374233,2,0,0,184,0,0,4
38,90,7,23349.3105767744,14410.9274465778,32,0,0,225,0,0,1
38,90,8,0,6,0,0,0,0,0,0,0
38,91,1,3885.15782469481,999.231253735761,0,0,0,147,0,0,0
38,91,2,3311.08347291278,1231.85060796716,0,0,0,191,0,0,0
38,91,3,3678.71688605966,1382.01627817413,0,0,0,150,0,0,0
38,91,4,3593.75584567847,1314.10396440224,0,0,0,110,0,0,0
38,91,5,4989.46880575377,2455.52630524249,0,0,0,101,0,0,0
38,91,6,6187.84212748117,2714.26963689964,0,0,0,210,0,0,0
38,91,7,23396.9533833949,8212.33971729885,35,0,0,198,0,0,1
38,91,8,0,6,0,0,0,0,0,0,0
38,92,1,3885.47632513649,1206.41504603725,0,0,0,99,0,0,0
38,92,2,3317.95973722952,1112.74699324745,0,0,0,123,0,0,0
38,92,3,3683.10846882318,1898.57972338557,0,0,0,138,0,0,0
38,92,4,3606.7625355258,1762.48838880169,0,0,0,131,0,0,0
38,92,5,5042.7562028069,2577.02316830166,9,0,0,184,0,0,0
38,92,6,6265.77667075236,2586.70009311374,17,0,0,169,0,0,0
38,92,7,23437.3499724044,7294.38297284053,100,0,0,217,0,0,2
38,92,8,0,6,0,0,0,0,0,0,0
38,93,1,3930.91383145728,1005.76789097785,18,0,0,97,0,0,0
38,93,2,3339.98941332982,1017.19813675772,0,0,0,111,0,0,0
38,93,3,3733.66081076705,1617.74691723817,46,0,0,130,0,0,0
38,93,4,3637.95078510447,2212.99091847575,49,0,0,112,0,0,0
38,93,5,5129.26158333595,1747.89720318716,95,0,0,134,0,0,0
38,93,6,6369.92506681076,3576.8705331261,91,0,0,140,0,0,0
38,93,7,23606.3622470243,13224.4493406563,246,1,0,277,0,0,12
38,93,8,0,6,0,0,0,0,0,0,0
38,94,1,3914.08410956817,1194.5776021285,0,0,0,100,0,0,0
38,94,2,3326.85641621115,2011.42025498828,0,0,0,101,0,0,0
38,94,3,3724.50376865181,1559.73659820615,0,0,0,161,0,0,0
38,94,4,3693.6486974738,1849.16744844541,0,0,0,221,0,0,0
38,94,5,5156.44940175656,1289.3322977788,0,0,0,174,0,0,0
38,94,6,6441.47603184615,3062.69933419824,7,0,0,187,0,0,0
38,94,7,23626.8946479483,9153.31207969243,46,0,0,212,0,0,0
38,94,8,0,6,0,0,0,0,0,0,0
38,95,1,3931.75428392421,1119.03597230285,19,0,0,96,0,0,0
38,95,2,3362.85082741962,1451.36292996718,40,0,0,153,0,0,0
38,95,3,3751.5163535,991.880417722584,33,0,0,116,0,0,0
38,95,4,3724.94126242023,1637.99682131097,54,0,0,120,0,0,0
38,95,5,5207.0573965768,2202.99392167962,18,0,0,107,0,0,0
38,95,6,6560.51021198503,696.813794721065,121,0,0,161,0,0,0
38,95,7,23743.0570339959,10537.5344335068,192,4,0,209,0,0,11
38,95,8,0,6,0,0,0,0,0,0,0
38,96,1,3925.7037034583,1166.4767838009,0,0,0,111,0,0,0
38,96,2,3372.28378006914,738.077970182236,0,0,0,145,0,0,0
38,96,3,3755.12165213196,770.993711717034,0,0,0,99,0,0,0
38,96,4,3757.77984217262,1260.00457357942,1,0,0,153,0,0,0
38,96,5,5288.4009202645,1158.46438969935,9,0,0,166,0,0,0
38,96,6,6595.42826651488,2862.53031387244,0,0,0,69,0,0,0
38,96,7,23820.6397487058,10718.8237289236,139,0,0,256,0,0,0
38,96,8,0,6,0,0,0,0,0,0,0
38,97,1,3917.11286420319,1476.37693958839,0,0,0,116,0,0,0
38,97,2,3372.37163463081,1461.85658980711,0,0,0,73,0,0,0
38,97,3,3745.92358282544,899.067059709565,0,0,0,77,0,0,0
38,97,4,3775.66639701916,1295.64825809995,0,0,0,126,0,0,0
38,97,5,5344.66985650728,1781.21584396107,0,0,0,115,0,0,0
38,97,6,6689.30867915981,3630.36489575211,20,0,0,159,0,0,0
38,97,7,23892.4012088346,4377.6106819614,137,0,0,207,0,0,3
38,97,8,0,6,0,0,0,0,0,0,0
38,98,1,3885.81147921562,2368.85082940612,0,58,0,89,0,0,0
38,98,2,3349.46942507246,1034.29444205709,0,84,0,62,0,0,0
38,98,3,3722.38330740609,818.455183441977,0,48,0,41,0,0,0
38,98,4,3778.85626523866,902.443632692534,0,63,0,66,0,0,0
38,98,5,5369.14234922101,1415.1831673228,0,82,0,96,0,0,0
38,98,6,6781.69699468532,3704.4710991242,0,182,0,181,0,0,0
38,98,7,23979.6967730831,9423.92271107554,0,226,0,209,0,0,0
38,98,8,0,6,0,0,0,0,0,0,0
38,99,1,3973.42172808117,2842.40956523634,0,0,0,235,0,0,0
38,99,2,3375.46208594429,1398.77305287206,0,0,0,103,0,0,0
38,99,3,3731.05756131937,945.314438705697,0,0,0,81,0,0,0
38,99,4,3802.74673210981,1560.45594560624,0,0,0,90,0,0,0
38,99,5,5491.12152882255,3509.48916348356,0,0,0,141,0,0,0
38,99,6,7029.06850857936,1934.49735953195,5,0,0,238,0,0,0
38,99,7,24094.2304631075,12071.168607384,30,0,0,228,0,0,0
38,99,8,0,6,0,0,0,0,0,0,0
38,100,1,4019.90363890583,1442.4052898099,1,0,0,210,0,0,0
38,100,2,3381.62734069885,1762.74918857803,0,0,0,139,0,0,0
38,100,3,3752.80758502954,1978.17187748428,0,0,0,94,0,0,0
38,100,4,3836.4088088584,1507.2153656729,0,0,0,156,0,0,0
38,100,5,5589.4150852109,1392.87936705345,3,0,0,202,0,0,0
38,100,6,7141.95861686903,1378.01438376331,0,0,0,193,0,0,0
38,100,7,24245.3702967631,10698.1551541512,23,0,0,301,0,0,0
38,100,8,0,6,0,0,0,0,0,0,0
39,1,1,2729.6464,1014.99964789095,0,52,0,46,0,0,0
39,1,2,2730.765824,595.97231205656,0,38,0,49,0,0,0
39,1,3,2720.512,1696.96399713166,0,34,0,25,0,0,0
39,1,4,2722.584,1352.61518021111,0,17,0,17,0,0,0
39,1,5,2719.8112,339.564600299014,0,26,0,14,0,0,0
39,1,6,2722.44,1139.55503014713,0,57,0,17,0,0,0
39,1,7,20757.1263999999,12688.8358262696,0,14,0,15,0,0,0
39,1,8,0,1,0,0,0,3,0,0,0
39,2,1,2740.344,455.574734219051,0,0,0,101,0,0,0
39,2,2,2735.023424,759.689601304351,0,0,0,59,0,0,0
39,2,3,2747.424,831.721178665147,0,0,0,169,0,0,0
39,2,4,2738.048,1424.73312836334,0,0,0,135,0,0,0
39,2,5,2718.152,1319.55473831521,0,0,0,33,0,0,0
39,2,6,2736.68,1559.64898655507,0,0,0,113,0,0,0
39,2,7,20710.9615999998,13140.9776595604,23,0,0,227,0,0,0
39,2,8,0,1,0,0,0,0,0,0,0
39,3,1,2738.04,1294.82863086908,0,0,0,45,0,0,0
39,3,2,2742.045504,1223.34341527706,0,0,0,75,0,0,0
39,3,3,2755.9616,1133.45996167539,0,0,0,83,0,0,0
39,3,4,2753.52,814.605790679481,0,0,0,142,0,0,0
39,3,5,2735.3504,1551.01502679656,0,0,0,131,0,0,0
39,3,6,2760.3056,635.62054837856,0,0,0,155,0,0,0
39,3,7,20673.9881599998,6851.27905007212,21,0,0,275,0,0,0
39,3,8,0,1,0,0,0,0,0,0,0
39,4,1,2752.4112,1262.10350304385,10,0,0,116,0,0,0
39,4,2,2751.768704,1488.33420368685,11,0,0,108,0,0,0
39,4,3,2767.4192,715.066377974832,1,0,0,112,0,0,0
39,4,4,2759.296,1311.45365591241,1,0,0,80,0,0,0
39,4,5,2751.3808,1295.47818770078,12,0,0,139,0,0,0
39,4,6,2767.0032,985.970614765848,0,0,0,63,0,0,0
39,4,7,20632.8012799997,6001.18254139891,297,0,0,296,0,0,0
39,4,8,0,1,0,0,0,0,0,0,0
39,5,1,2756.89632,1075.59613543343,0,0,0,126,0,0,0
39,5,2,2765.112704,608.00370759076,0,0,0,148,0,0,0
39,5,3,2762.31872,741.461772193184,0,0,0,71,0,0,0
39,5,4,2770.7808,1820.22289705402,0,0,0,131,0,0,0
39,5,5,2759.74112,1605.82802402335,0,0,0,129,0,0,0
39,5,6,2771.4592,1174.75804765623,0,0,0,98,0,0,0
39,5,7,20583.0841599997,10292.3817191936,0,140,0,206,0,0,0
39,5,8,0,1,0,0,0,0,0,0,0
39,6,1,2762.88832,1402.61946539972,0,0,0,107,0,0,0
39,6,2,2757.691264,795.556388340994,0,0,0,60,0,0,0
39,6,3,2761.0988032,1663.72443583168,0,0,0,74,0,0,0
39,6,4,2788.264,644.973375816836,0,5,0,167,0,0,0
39,6,5,2772.96384,1702.7456380941,0,5,0,144,0,0,0
39,6,6,2782.6064,976.17973641988,0,0,0,117,0,0,0
39,6,7,20572.0447231996,7152.64070522637,0,240,0,308,0,0,0
39,6,8,0,1,0,0,0,0,0,0,0
39,7,1,2774.3056,871.577941064785,0,0,0,140,0,0,0
39,7,2,2752.636864,1368.55342339929,0,0,0,79,0,0,0
39,7,3,2774.6505472,1245.20765143942,0,0,0,166,0,0,0
39,7,4,2781.247104,1130.71870901352,0,0,0,64,0,0,0
39,7,5,2793.533312,595.235296825618,0,0,0,170,0,0,0
39,7,6,2789.30688,2054.79019026937,0,0,0,97,0,0,0
39,7,7,20587.4684031996,9030.71035734324,25,0,0,281,0,0,2
39,7,8,0,1,0,0,0,0,0,0,0
39,8,1,2772.61305600001,1412.42844245939,0,0,0,87,0,0,0
39,8,2,2759.324224,1259.88642606716,0,0,0,136,0,0,0
39,8,3,2778.3980672,497.579770053662,0,0,0,124,0,0,0
39,8,4,2782.04620800001,654.342324676747,0,0,0,113,0,0,0
39,8,5,2791.184832,1489.06056768624,0,0,0,59,0,0,0
39,8,6,2818.00928,1122.85532805809,0,0,0,204,0,0,0
39,8,7,20579.5640831996,12507.6687999735,28,0,0,192,0,0,0
39,8,8,0,1,0,0,0,0,0,0,0
39,9,1,2781.568256,1333.78712541633,0,0,0,141,0,0,0
39,9,2,2762.216704,951.250639629015,0,0,0,125,0,0,0
39,9,3,2764.0959232,2167.81446312272,0,0,0,49,0,0,0
39,9,4,2770.37324800001,1910.71716820041,0,0,0,65,0,0,0
39,9,5,2804.4528,588.550819194939,0,0,0,148,0,0,0
39,9,6,2825.617216,933.510548534007,0,0,0,112,0,0,0
39,9,7,20570.6149631996,8285.06124061591,0,36,0,229,0,0,0
39,9,8,0,1,0,0,0,0,0,0,0
39,10,1,2785.20056320001,1133.1847250078,0,6,0,126,0,0,0
39,10,2,2758.37777920001,754.523229508305,0,0,0,95,0,0,0
39,10,3,2765.82571520001,1772.67772808317,0,72,0,130,0,0,0
39,10,4,2775.35641856001,892.620481806642,0,58,0,121,0,0,0
39,10,5,2796.992,1020.3862466066,0,4,0,54,0,0,0
39,10,6,2830.05347584,853.71770671905,0,0,0,93,0,0,0
39,10,7,20577.5590271995,6884.82908792659,3,278,0,286,0,0,0
39,10,8,0,1,0,0,0,0,0,0,0
39,11,1,2792.13169408001,1171.22000530171,0,0,0,113,0,0,0
39,11,2,2755.41650636801,841.539385781682,0,0,0,75,0,0,0
39,11,3,2794.28287744001,1497.72317770084,0,0,0,177,0,0,0
39,11,4,2780.02359296001,938.581568734275,0,0,0,89,0,0,0
39,11,5,2805.8395008,1066.73586226545,0,0,0,102,0,0,0
39,11,6,2839.6098717696,1632.56391917164,0,0,0,85,0,0,0
39,11,7,20626.8124671994,9514.09396915526,27,0,0,265,0,0,0
39,11,8,0,1,0,0,0,0,0,0,0
39,12,1,2802.51243008001,1292.19601517511,0,0,0,117,0,0,0
39,12,2,2751.41012940801,1088.52088685783,0,0,0,84,0,0,0
39,12,3,2809.55416320001,927.431586445921,0,0,0,149,0,0,0
39,12,4,2781.36893696001,1055.87100235983,0,0,0,93,0,0,0
39,12,5,2809.03319040001,1917.62591820225,0,0,0,106,0,0,0
39,12,6,2865.53510674022,840.777933533975,0,0,0,163,0,0,0
39,12,7,20654.5249279994,6840.78131469799,29,0,0,180,0,0,0
39,12,8,0,1,0,0,0,0,0,0,0
39,13,1,2813.05473484801,966.811731742929,0,0,0,129,0,0,0
39,13,2,2755.51510220801,1509.07436750448,0,0,0,108,0,0,0
39,13,3,2806.47152384001,1306.88967333106,0,0,0,92,0,0,0
39,13,4,2781.62334976001,2002.76240125882,0,0,0,105,0,0,0
39,13,5,2828.79214643201,801.590256172481,2,0,0,176,0,0,0
39,13,6,2869.97368594023,1026.52257491305,0,0,0,84,0,0,0
39,13,7,20665.5121919993,2464.56815673848,108,0,0,173,0,0,0
39,13,8,0,1,0,0,0,0,0,0,0
39,14,1,2805.66489804801,1474.29739030437,46,0,0,46,0,0,0
39,14,2,2749.81577676801,807.122958093225,58,0,0,87,0,0,0
39,14,3,2795.96127426561,870.369463806735,56,0,0,69,0,0,0
39,14,4,2768.75511091201,1695.84331078221,90,0,0,101,0,0,0
39,14,5,2818.97518643201,1417.01317571275,20,0,0,58,0,0,0
39,14,6,2871.65842194023,1040.216623565,14,0,0,87,0,0,0
39,14,7,20660.8609279993,10509.0345763932,104,0,0,132,0,0,0
39,14,8,0,1,0,0,0,0,0,0,0
39,15,1,2818.17933004801,653.186053975251,0,0,0,147,0,0,0
39,15,2,2747.20976076801,948.211871878999,0,0,0,80,0,0,0
39,15,3,2791.38192578561,944.145236526831,0,0,0,87,0,0,0
39,15,4,2789.14680371202,761.948161928229,0,0,0,169,0,0,0
39,15,5,2825.65436835841,507.482181452102,0,0,0,141,0,0,0
39,15,6,2873.27772690023,560.97422439448,0,0,0,104,0,0,0
39,15,7,20647.1932287992,7252.02978603046,3,30,0,204,0,0,0
39,15,8,0,1,0,0,0,0,0,0,0
39,16,1,2800.41549004801,1225.03694203451,0,56,0,9,0,0,0
39,16,2,2736.02073600001,1425.43235941528,0,41,0,53,0,0,0
39,16,3,2781.52562370562,1508.35634361223,0,46,0,48,0,0,0
39,16,4,2777.44902656002,800.590451052865,0,23,0,53,0,0,0
39,16,5,2809.19148451842,1113.32539972833,0,33,0,17,0,0,0
39,16,6,2855.60069394023,1252.47285696017,0,28,0,28,0,0,0
39,16,7,20672.5424670711,8446.15855688215,0,358,0,340,0,0,0
39,16,8,0,1,0,0,0,0,0,0,0
39,17,1,2819.52187289601,970.970323521647,0,0,0,122,0,0,0
39,17,2,2755.38512640001,807.463562695356,0,0,0,142,0,0,0
39,17,3,2799.73582825474,787.359638643058,0,0,0,150,0,0,0
39,17,4,2781.11725312002,1348.12491643196,0,0,0,80,0,0,0
39,17,5,2823.4703466701,500.267075470069,0,0,0,111,0,0,0
39,17,6,2872.32179166823,1333.53984934035,0,0,0,125,0,0,0
39,17,7,20718.3679518711,13872.5189954708,23,0,0,213,0,0,0
39,17,8,0,1,0,0,0,0,0,0,0
39,18,1,2827.72774809601,893.250169574239,0,0,0,97,0,0,0
39,18,2,2757.09122764801,935.436544263892,0,0,0,80,0,0,0
39,18,3,2800.01208809474,872.814054613645,0,0,0,78,0,0,0
39,18,4,2792.67371315202,1353.34900194839,0,0,0,134,0,0,0
39,18,5,2818.3307626701,374.855747819904,0,0,0,50,0,0,0
39,18,6,2890.33496030823,1088.17450019149,0,0,0,133,0,0,0
39,18,7,20758.010112511,8825.33927935044,26,0,0,241,0,0,0
39,18,8,0,1,0,0,0,0,0,0,0
39,19,1,2834.03293685762,1395.94616639111,0,0,0,89,0,0,0
39,19,2,2757.19501260801,1741.79921037315,0,0,0,93,0,0,0
39,19,3,2804.06296809474,1407.06207909166,0,0,0,87,0,0,0
39,19,4,2802.63164968961,812.392852599845,0,0,0,135,0,0,0
39,19,5,2806.4712938701,803.434202291062,0,0,0,37,0,0,0
39,19,6,2903.02277690984,1162.5508733128,0,0,0,108,0,0,0
39,19,7,20784.0625440758,10166.2642719082,129,0,0,185,0,0,0
39,19,8,0,1,0,0,0,0,0,0,0
39,20,1,2848.86650101762,1210.12141284704,0,0,0,139,0,0,0
39,20,2,2775.38438645762,849.425134819526,0,0,0,174,0,0,0
39,20,3,2816.93862633474,1510.28473584684,0,0,0,140,0,0,0
39,20,4,2801.82765062145,1127.37240640653,0,0,0,81,0,0,0
39,20,5,2801.7684330701,1459.96656608256,0,0,0,80,0,0,0
39,20,6,2914.94637678184,1077.65110381838,0,0,0,116,0,0,0
39,20,7,20816.2614816757,8006.8476703485,82,0,0,205,0,0,0
39,20,8,0,1,0,0,0,0,0,0,0
39,21,1,2834.90285301762,1101.89961427625,102,0,0,19,0,0,0
39,21,2,2766.00701685762,1395.03310631023,47,0,0,37,0,0,0
39,21,3,2810.97122998274,1297.40449642461,83,0,0,68,0,0,0
39,21,4,2794.65321017345,976.309025773085,56,0,0,56,0,0,0
39,21,5,2801.82555126172,911.321240386258,82,0,0,63,0,0,0
39,21,6,2910.04088942184,744.072148252163,47,0,0,60,0,0,0
39,21,7,20874.1450641398,13463.3916347375,341,1,0,313,0,0,26
39,21,8,0,1,0,0,0,0,0,0,0
39,22,1,2838.15000821762,1197.18709497772,0,0,0,110,0,0,0
39,22,2,2779.81572085762,1628.04111983591,0,0,0,139,0,0,0
39,22,3,2818.57625526274,1190.34330605635,0,0,0,129,0,0,0
39,22,4,2794.35561273346,491.58722127963,0,0,0,97,0,0,0
39,22,5,2799.91987446172,1506.81666363073,0,0,0,91,0,0,0
39,22,6,2912.70116462184,1501.72350614508,0,0,0,74,0,0,0
39,22,7,20878.1531409398,6497.79333120853,63,0,0,227,0,0,0
39,22,8,0,1,0,0,0,0,0,0,0
39,23,1,2846.84675061762,1061.35581235684,7,0,0,108,0,0,0
39,23,2,2792.92535357441,522.975443228802,21,0,0,129,0,0,0
39,23,3,2831.44223455234,1193.79924522744,0,0,0,119,0,0,0
39,23,4,2787.40889659803,1944.63927697832,0,0,0,49,0,0,0
39,23,5,2808.73177065966,1399.04963597823,4,0,0,144,0,0,0
39,23,6,2939.7649348518,1112.0395355462,3,0,0,145,0,0,0
39,23,7,20901.3359751567,13566.9601080512,202,1,0,231,0,0,2
39,23,8,0,1,0,0,0,0,0,0,0
39,24,1,2850.96775413761,1160.76598178223,0,0,0,106,0,0,0
39,24,2,2783.08055357442,997.53982400515,0,0,0,52,0,0,0
39,24,3,2834.97447995394,1858.35124731543,0,0,0,119,0,0,0
39,24,4,2811.62772191643,1297.8218318319,0,0,0,194,0,0,0
39,24,5,2815.38581174766,1082.90901032673,0,0,0,139,0,0,0
39,24,6,2946.8412100518,1285.93934150657,0,0,0,111,0,0,0
39,24,7,20905.3740321166,11654.7962557648,46,0,0,185,0,0,0
39,24,8,0,1,0,0,0,0,0,0,0
39,25,1,2865.89077073921,1324.75628429138,0,0,0,116,0,0,0
39,25,2,2789.53859235842,920.969106247711,0,0,0,99,0,0,0
39,25,3,2860.35887153481,693.993302149501,0,0,0,184,0,0,0
39,25,4,2814.85561502517,1079.1327838977,0,0,0,129,0,0,0
39,25,5,2816.93303325166,1524.98207626438,0,0,0,108,0,0,0
39,25,6,2955.79429303421,1571.30854747649,0,0,0,128,0,0,0
39,25,7,20902.8945190286,12534.9442574678,0,69,0,171,0,0,0
39,25,8,0,1,0,0,0,0,0,0,0
39,26,1,2855.00945489921,1031.40096429266,0,95,0,37,0,0,0
39,26,2,2777.36874608642,1532.17661534372,0,56,0,36,0,0,0
39,26,3,2846.56594686281,929.512449341242,0,35,0,34,0,0,0
39,26,4,2791.84864199477,1167.94893039846,0,59,0,48,0,0,0
39,26,5,2799.32360761838,1820.15826591619,0,78,0,74,0,0,0
39,26,6,2955.10752019581,1101.78782105424,0,56,0,101,0,0,0
39,26,7,20989.2195627406,9345.33374744374,0,597,0,656,0,0,0
39,26,8,0,1,0,0,0,0,0,0,0
39,27,1,2869.54096465921,1001.60661349952,0,0,0,103,0,0,0
39,27,2,2797.40993382402,1761.63052999976,0,0,0,153,0,0,0
39,27,3,2851.63648305481,490.003650030857,0,0,0,92,0,0,0
39,27,4,2794.97915335477,1696.91028667779,0,0,0,116,0,0,0
39,27,5,2815.11172973038,986.302487478166,0,0,0,182,0,0,0
39,27,6,2968.47002950781,1879.08260691777,0,0,0,110,0,0,0
39,27,7,21026.8889515406,7034.54418943986,27,0,0,235,0,0,0
39,27,8,0,1,0,0,0,0,0,0,0
39,28,1,2884.87708096513,1250.04125263915,0,0,0,100,0,0,0
39,28,2,2828.10108313602,824.168967760579,0,0,0,176,0,0,0
39,28,3,2844.74551243081,1140.30223344465,0,0,0,49,0,0,0
39,28,4,2810.19958420358,706.648621088257,0,0,0,169,0,0,0
39,28,5,2823.32406852077,908.400153988148,0,0,0,98,0,0,0
39,28,6,2993.10503662946,768.323635464693,0,0,0,187,0,0,0
39,28,7,21069.4274475406,7245.35858657131,32,0,0,248,0,0,0
39,28,8,0,1,0,0,0,0,0,0,0
39,29,1,2903.87770888193,1608.64016127474,0,0,0,125,0,0,0
39,29,2,2833.34798694402,1044.67238507702,0,0,0,82,0,0,0
39,29,3,2854.26041506121,1270.64215513292,0,0,0,114,0,0,0
39,29,4,2800.60284144109,865.007717895888,0,0,0,70,0,0,0
39,29,5,2823.26398317038,1205.66088708853,0,0,0,90,0,0,0
39,29,6,2994.47988411746,950.594977898484,0,0,0,76,0,0,0
39,29,7,21098.810190683,8883.06152339487,38,0,0,207,0,0,0
39,29,8,0,1,0,0,0,0,0,0,0
39,30,1,2937.41307367016,1228.90691492372,0,0,0,160,0,0,0
39,30,2,2849.27510763522,713.578776145215,0,0,0,104,0,0,0
39,30,3,2866.86469695408,1632.66683672259,0,0,0,127,0,0,0
39,30,4,2799.76020195821,973.473873038231,0,0,0,86,0,0,0
39,30,5,2835.46833947118,1040.09114725316,0,0,0,120,0,0,0
39,30,6,2999.41722555746,760.752365503591,0,0,0,95,0,0,0
39,30,7,21137.8811589047,3362.49476904913,47,0,0,178,0,0,0
39,30,8,0,1,0,0,0,0,0,0,0
39,31,1,2934.31314099816,829.357158005816,78,0,0,44,0,0,0
39,31,2,2835.55817707522,941.04929629656,48,0,0,23,0,0,0
39,31,3,2868.44200939849,977.632374525233,74,0,0,89,0,0,0
39,31,4,2787.41657274861,956.429062462965,41,0,0,56,0,0,0
39,31,5,2826.39841051118,1191.4605743114,46,0,0,58,0,0,0
39,31,6,2991.39980782946,1403.06586752319,48,0,0,28,0,0,0
39,31,7,21157.5554975323,13333.4845246556,145,0,0,191,0,0,0
39,31,8,0,1,0,0,0,0,0,0,0
39,32,1,2942.3806378918,1777.52752657687,0,0,0,82,0,0,0
39,32,2,2844.27634751489,1136.81972991182,0,0,0,94,0,0,0
39,32,3,2873.93629880649,984.905487593677,0,0,0,97,0,0,0
39,32,4,2791.20859242989,1568.82690867577,0,0,0,95,0,0,0
39,32,5,2829.9007397087,1611.2588344466,0,0,0,119,0,0,0
39,32,6,3007.51211502946,1062.81842701512,0,0,0,140,0,0,0
39,32,7,21155.0176625243,7408.53095014366,32,0,0,202,0,0,0
39,32,8,0,1,0,0,0,0,0,0,0
39,33,1,2967.4042272678,655.522827573157,8,0,0,153,0,0,0
39,33,2,2862.0559938765,1233.42583582975,0,0,0,113,0,0,0
39,33,3,2887.18406252136,842.899016684582,0,0,0,98,0,0,0
39,33,4,2807.55492704667,600.748092719396,0,0,0,156,0,0,0
39,33,5,2848.1896121567,1746.90389406883,4,0,0,147,0,0,0
39,33,6,3024.66603707746,577.252207231774,0,0,0,106,0,0,0
39,33,7,21158.8146899751,6325.31507780873,172,0,0,213,0,0,0
39,33,8,0,1,0,0,0,0,0,0,0
39,34,1,2968.8615696294,549.961061986738,2,0,0,63,0,0,0
39,34,2,2870.29016272488,901.095048005224,11,0,0,110,0,0,0
39,34,3,2883.26673989224,1296.39022723726,0,0,0,84,0,0,0
39,34,4,2800.12178881824,815.232746758816,0,0,0,60,0,0,0
39,34,5,2857.84845940918,1790.83147744127,37,0,0,130,0,0,0
39,34,6,3021.38483019106,1415.35931451591,0,0,0,57,0,0,0
39,34,7,21190.3617154535,10724.4889166878,230,1,0,255,0,0,1
39,34,8,0,1,0,0,0,0,0,0,0
39,35,1,2964.55222367687,669.771059041327,0,0,0,54,0,0,0
39,35,2,2861.66706949736,1410.42428661145,0,0,0,90,0,0,0
39,35,3,2884.95348170343,1774.53769580236,0,0,0,129,0,0,0
39,35,4,2787.12046263993,1021.11156561247,0,0,0,81,0,0,0
39,35,5,2870.77374955292,859.262229333517,0,0,0,179,0,0,0
39,35,6,3037.52770923874,799.241361267407,0,0,0,141,0,0,0
39,35,7,21202.0707141094,3554.23024720172,49,0,0,221,0,0,0
39,35,8,0,1,0,0,0,0,0,0,0
39,36,1,2946.42434950599,1339.47550275751,0,44,0,22,0,0,0
39,36,2,2855.74023158991,1039.57336859982,0,64,0,77,0,0,0
39,36,3,2870.20384282215,975.190472310484,0,97,0,80,0,0,0
39,36,4,2759.79733431994,1470.22126853624,0,64,0,38,0,0,0
39,36,5,2854.52032726812,1757.06841218444,0,48,0,37,0,0,0
39,36,6,3027.38855306594,1628.21287800422,0,32,0,47,0,0,0
39,36,7,21192.5272389094,11230.0168363346,0,184,0,171,0,0,0
39,36,8,0,1,0,0,0,0,0,0,0
39,37,1,2962.62642873799,1580.27606113442,0,0,0,133,0,0,0
39,37,2,2863.90488270031,339.589440505976,0,0,0,103,0,0,0
39,37,3,2878.46972193998,1420.66027502549,0,0,0,97,0,0,0
39,37,4,2773.67064538318,564.686544068805,0,0,0,147,0,0,0
39,37,5,2873.62186403612,1552.56548727479,0,0,0,175,0,0,0
39,37,6,3053.18187931387,2206.54988481678,0,0,0,162,0,0,0
39,37,7,21220.8211980773,8990.665841491,29,0,0,208,0,0,0
39,37,8,0,1,0,0,0,0,0,0,0
39,38,1,3002.82612462949,1109.2377013949,0,0,0,158,0,0,0
39,38,2,2864.02802048616,1768.70989270835,0,0,0,33,0,0,0
39,38,3,2915.35033303024,686.085066300153,0,0,0,142,0,0,0
39,38,4,2772.33070752237,1745.73676329316,0,0,0,56,0,0,0
39,38,5,2906.50146811302,581.579842869299,0,0,0,155,0,0,0
39,38,6,3108.67689233302,1487.98184117543,0,0,0,210,0,0,0
39,38,7,21293.7411198496,4945.11066846546,22,0,0,227,0,0,0
39,38,8,0,1,0,0,0,0,0,0,0
39,39,1,3013.34772751717,481.096401911148,0,0,0,110,0,0,0
39,39,2,2881.66221903464,1664.42858125998,0,0,0,169,0,0,2
39,39,3,2910.08168987018,2102.5030275585,0,0,0,68,0,0,0
39,39,4,2787.16256452773,1515.42432687446,0,0,0,174,0,0,0
39,39,5,2896.35570496934,1257.75803430204,0,0,0,58,0,0,0
39,39,6,3128.04366680572,1240.16515034334,0,0,0,148,0,0,0
39,39,7,21315.019774928,9908.69066595924,28,0,0,220,0,0,0
39,39,8,0,1,0,0,0,0,0,0,0
39,40,1,3009.48025204069,1036.6875003981,0,0,0,48,0,0,0
39,40,2,2904.99406899202,511.456833530094,0,0,0,166,0,0,0
39,40,3,2955.93845840594,796.299007898381,0,0,0,210,0,0,0
39,40,4,2803.57991563117,1464.59045715794,0,0,0,151,0,0,0
39,40,5,2904.35797890552,1329.70365482124,0,0,0,125,0,0,0
39,40,6,3154.52736611632,922.308978692137,0,0,0,124,0,0,0
39,40,7,21363.4845269945,11944.8955833774,32,0,0,227,0,0,0
39,40,8,0,1,0,0,0,0,0,0,0
39,41,1,3017.15554486424,1422.49620987232,0,0,0,103,0,0,0
39,41,2,2900.75811084289,1404.94910848299,0,0,0,51,0,0,0
39,41,3,2952.30086603474,991.562784305714,0,0,0,79,0,0,0
39,41,4,2812.97235883574,1749.19823038273,0,0,0,146,0,0,0
39,41,5,2914.9433084835,444.439076758503,0,0,0,132,0,0,0
39,41,6,3158.87993902383,1610.82685101381,0,0,0,92,0,0,0
39,41,7,21386.6719366892,7617.0829543696,31,0,0,234,0,0,0
39,41,8,0,1,0,0,0,0,0,0,0
39,42,1,3041.91963381174,1049.6698666193,6,0,0,132,0,0,0
39,42,2,2913.0557783163,1556.62082139012,4,0,0,133,0,0,0
39,42,3,2966.45271055939,1283.75274100936,0,0,0,99,0,0,0
39,42,4,2840.55091550225,1517.66000269494,11,0,0,156,0,0,0
39,42,5,2903.38204533117,1258.85210347997,0,0,0,44,0,0,0
39,42,6,3173.86180068491,1805.15655734636,17,0,0,132,0,0,0
39,42,7,21451.2862975404,4805.18960491348,262,0,0,315,0,0,0
39,42,8,0,1,0,0,0,0,0,0,0
39,43,1,3035.33683532419,1903.67837275208,0,41,0,63,0,0,0
39,43,2,2907.3850002555,1303.43087405069,0,63,0,92,0,0,0
39,43,3,2955.6842515518,630.619687316822,0,60,0,68,0,0,0
39,43,4,2831.46051977895,661.092088669301,0,76,0,75,0,0,0
39,43,5,2890.84160390402,1166.05390740823,0,65,0,60,0,0,0
39,43,6,3177.95965233414,1493.28121904192,0,80,0,100,0,0,0
39,43,7,21459.972919646,6050.9405840282,5,155,0,180,0,0,0
39,43,8,0,1,0,0,0,0,0,0,0
39,44,1,3058.56935199691,1389.35748827508,0,0,0,190,0,0,0
39,44,2,2917.37622322382,910.040064752438,0,0,0,130,0,0,0
39,44,3,2951.619893076,1253.81488684819,0,0,0,63,0,0,0
39,44,4,2832.26992348261,398.818101870653,0,0,0,66,0,0,0
39,44,5,2898.29677526274,1129.04471268345,0,0,0,116,0,0,0
39,44,6,3200.69031680672,521.247098117539,0,0,0,149,0,0,0
39,44,7,21484.1736124844,10739.1594603626,29,0,0,202,0,0,1
39,44,8,0,1,0,0,0,0,0,0,0
39,45,1,3080.75215637041,996.923243517344,0,0,0,138,0,0,0
39,45,2,2925.77622788097,1038.42674715956,0,0,0,91,0,0,0
39,45,3,2966.4708516941,456.657180944264,0,0,0,125,0,0,0
39,45,4,2834.38820315523,941.700292415691,0,0,0,39,0,0,0
39,45,5,2915.8950615971,1857.94793372657,0,0,0,112,0,0,0
39,45,6,3208.0079575137,1526.70348907604,0,0,0,52,0,0,0
39,45,7,21540.4860676171,4940.36754760793,26,0,0,226,0,0,0
39,45,8,0,1,0,0,0,0,0,0,0
39,46,1,3096.4193526863,1304.61052024439,0,0,0,99,0,0,0
39,46,2,2938.63750094487,1617.6380321948,0,0,0,103,0,0,0
39,46,3,2966.41861776621,1867.93946936766,0,0,0,45,0,0,0
39,46,4,2850.05018708437,636.206146380291,0,0,0,94,0,0,0
39,46,5,2954.7377828093,763.653250198366,0,0,0,185,0,0,0
39,46,6,3243.49880026287,1446.56149238909,0,0,0,152,0,0,0
39,46,7,21573.9958477006,11868.4887380138,58,0,0,185,0,0,0
39,46,8,0,1,0,0,0,0,0,0,0
39,47,1,3116.6305440503,1572.61949666167,0,0,0,130,0,0,0
39,47,2,2953.30889834053,1423.43605133853,0,0,0,161,0,0,0
39,47,3,2994.60534211405,1091.13345388502,0,0,0,186,0,0,0
39,47,4,2841.70388497836,1359.17635480108,0,0,0,63,0,0,0
39,47,5,2958.35383565262,2008.93923465258,0,0,0,76,0,0,0
39,47,6,3277.51221889748,1117.10402115378,0,0,0,144,0,0,0
39,47,7,21597.7396244481,7819.57751938603,36,0,0,204,0,0,0
39,47,8,0,1,0,0,0,0,0,0,0
39,48,1,3147.25539972766,806.90647029763,0,0,0,157,0,0,0
39,48,2,2979.82000494231,1514.80384031339,0,0,0,142,0,0,0
39,48,3,3007.73379260941,564.389265466837,0,0,0,109,0,0,0
39,48,4,2856.42589936194,717.780381252642,0,0,0,135,0,0,0
39,48,5,3009.13485813324,1704.13207441352,3,0,0,184,0,0,0
39,48,6,3301.67308831755,1146.68055543723,0,0,0,111,0,0,0
39,48,7,21630.3718850897,10998.608377157,110,0,0,218,0,0,0
39,48,8,0,1,0,0,0,0,0,0,0
39,49,1,3141.4744841836,1543.04971724605,0,0,0,80,0,0,0
39,49,2,2988.7547446346,1087.84377458027,0,0,0,151,0,0,0
39,49,3,2993.59983751578,1506.64394314031,0,0,0,56,0,0,0
39,49,4,2851.30309992496,884.495797549748,0,0,0,71,0,0,0
39,49,5,3027.12497979117,862.90310272149,0,0,0,170,0,0,0
39,49,6,3314.27671938076,1410.58166996115,0,0,0,114,0,0,0
39,49,7,21653.5654892881,7926.40312933422,55,0,0,204,0,0,0
39,49,8,0,1,0,0,0,0,0,0,0
39,50,1,3160.89062943133,889.514057862536,0,0,0,154,0,0,0
39,50,2,2989.77930862987,1394.03325001463,0,0,0,108,0,0,0
39,50,3,3001.57827065498,1328.05688202973,0,0,0,150,0,0,0
39,50,4,2847.77192763997,1990.69863715435,0,0,0,88,0,0,0
39,50,5,3032.25025036996,1452.62584814741,0,0,0,86,0,0,0
39,50,6,3330.76728436251,2297.62409655316,0,0,0,141,0,0,0
39,50,7,21684.1986513387,11129.7998070016,92,0,0,175,0,0,0
39,50,8,0,1,0,0,0,0,0,0,0
39,51,1,3160.85587826875,1034.24849479926,0,0,0,88,0,0,0
39,51,2,3002.00313180093,1516.55982448344,0,0,0,139,0,0,0
39,51,3,3008.22763309405,1109.3959098068,0,0,0,132,0,0,0
39,51,4,2871.51054213695,1716.80587711423,0,0,0,199,0,0,0
39,51,5,3053.08732869172,1602.15206336511,0,0,0,145,0,0,0
39,51,6,3378.56283139929,862.434540850474,0,0,0,229,0,0,0
39,51,7,21729.3659958747,9309.82292811481,0,35,0,202,0,0,1
39,51,8,0,1,0,0,0,0,0,0,0
39,52,1,3140.89132949626,920.275237289154,0,65,0,38,0,0,0
39,52,2,2997.9336846963,669.910778496446,0,74,0,77,0,0,0
39,52,3,2989.09035435506,1232.37086407118,0,55,0,55,0,0,0
39,52,4,2862.52893876277,1095.85357538017,0,96,0,75,0,0,0
39,52,5,3055.33916468763,901.664965928879,0,73,0,87,0,0,0
39,52,6,3370.3665605001,1002.19815183003,0,42,0,44,0,0,0
39,52,7,21807.3567231431,6623.97906848973,6,237,0,261,0,0,0
39,52,8,0,1,0,0,0,0,0,0,0
39,53,1,3155.44117226678,1809.43367234493,0,0,0,92,0,0,0
39,53,2,3002.83987022426,1120.68253399557,0,0,0,66,0,0,0
39,53,3,3013.26784405486,1294.74505166124,0,0,0,123,0,0,0
39,53,4,2877.82883543605,1203.11537755644,0,0,0,109,0,0,0
39,53,5,3074.26673078066,612.844292032926,0,0,0,90,0,0,0
39,53,6,3406.02697422972,2205.90282767908,0,0,0,100,0,0,0
39,53,7,21894.3162959247,10361.5255150839,31,0,0,220,0,0,0
39,53,8,0,1,0,0,0,0,0,0,0
39,54,1,3186.21780682516,1776.09092065273,0,0,0,180,0,0,0
39,54,2,3018.03408924209,996.059133713228,0,0,0,112,0,0,0
39,54,3,3030.80502687561,1147.81915711022,0,0,0,129,0,0,0
39,54,4,2893.90418817323,1156.34268200598,0,0,0,120,0,0,0
39,54,5,3074.97376713546,1457.61531611405,0,0,0,61,0,0,0
39,54,6,3468.61820155925,1596.75824340122,0,0,0,213,0,0,0
39,54,7,21954.5498417233,7026.98240663492,26,0,0,190,0,0,1
39,54,8,0,1,0,0,0,0,0,0,0
39,55,1,3208.04651659654,1165.17218440965,0,0,0,177,0,0,0
39,55,2,3022.94866949413,1843.40456030726,0,0,0,99,0,0,0
39,55,3,3035.21172057281,735.566316459047,0,0,0,114,0,0,0
39,55,4,2904.98275776549,1116.25196796962,0,0,0,115,0,0,0
39,55,5,3094.87430814145,789.009883419732,0,0,0,145,0,0,0
39,55,6,3502.13813635375,2115.2001681293,0,0,0,159,0,0,0
39,55,7,21972.8500732804,9094.38757327813,106,0,0,158,0,0,0
39,55,8,0,1,0,0,0,0,0,0,0
39,56,1,3231.60710965345,1128.35568570762,0,0,0,116,0,0,0
39,56,2,3059.94130501469,1619.96227941349,0,0,0,181,0,0,0
39,56,3,3048.89085714588,1108.96708897759,0,0,0,73,0,0,0
39,56,4,2918.4204453184,1222.59755592853,0,0,0,111,0,0,0
39,56,5,3108.23136225849,1192.61257555497,0,0,0,78,0,0,0
39,56,6,3579.36548873312,837.074907767028,0,0,0,204,0,0,0
39,56,7,22049.4460324332,5468.62436655776,51,0,0,221,0,0,1
39,56,8,0,1,0,0,0,0,0,0,0
39,57,1,3250.47351808139,760.358920315357,0,0,0,111,0,0,1
39,57,2,3077.46708003731,1096.4264199855,7,0,0,142,0,0,1
39,57,3,3053.25441658896,715.408891853617,0,0,0,110,0,0,0
39,57,4,2936.67413855777,1054.18197531365,0,0,0,122,0,0,0
39,57,5,3127.71334708918,2192.07339957844,0,0,0,119,0,0,0
39,57,6,3600.68922182995,606.23665996893,0,0,0,83,0,0,0
39,57,7,22091.6796952452,6814.87714897553,150,0,0,171,0,0,0
39,57,8,0,1,0,0,0,0,0,0,0
39,58,1,3251.25978386089,1563.44688022633,0,0,0,76,0,0,0
39,58,2,3094.10909439778,1534.26395051363,0,0,0,109,0,0,0
39,58,3,3059.89218761556,1096.306468726,0,0,0,71,0,0,0
39,58,4,2945.73632840004,403.316374018824,0,0,0,105,0,0,0
39,58,5,3176.1776966889,991.052340125327,0,0,0,211,0,0,0
39,58,6,3615.03297853246,1149.44208626927,0,0,0,60,0,0,0
39,58,7,22229.0045451337,10665.9400771313,38,0,0,326,0,0,0
39,58,8,0,1,0,0,0,0,0,0,0
39,59,1,3286.67618005341,1255.75799369623,0,0,0,156,0,0,0
39,59,2,3116.96711122101,1837.41401638227,0,0,0,153,0,0,0
39,59,3,3081.67504188434,1268.41712377776,0,0,0,109,0,0,0
39,59,4,2928.42413727841,1257.39706729818,0,0,0,40,0,0,0
39,59,5,3191.02957005174,1439.66829526291,0,0,0,99,0,0,0
39,59,6,3649.19995502306,1074.51959835016,0,0,0,114,0,0,0
39,59,7,22320.8433552394,10250.3644669272,38,0,0,199,0,0,1
39,59,8,0,1,0,0,0,0,0,0,0
39,60,1,3317.65217833719,1760.87169058749,0,0,0,125,0,0,0
39,60,2,3159.10258409337,1206.48169168698,0,0,0,183,0,0,0
39,60,3,3100.54913418808,790.957550661685,0,0,0,126,0,0,0
39,60,4,2955.17745715603,1108.99128119262,0,0,0,125,0,0,0
39,60,5,3232.39501262379,913.047577162094,0,0,0,143,0,0,0
39,60,6,3688.71332091185,2276.87542654462,0,0,0,107,0,0,0
39,60,7,22450.0680545451,5928.99065128848,27,0,0,253,0,0,16
39,60,8,0,1,0,0,0,0,0,0,0
39,61,1,3314.9331946755,977.136552251299,0,79,0,97,0,0,0
39,61,2,3140.64527070947,802.092091650543,0,52,0,68,0,0,0
39,61,3,3080.51436491361,670.920971624834,0,31,0,48,0,0,0
39,61,4,2934.00691536147,1380.63368169509,0,59,0,51,0,0,0
39,61,5,3210.84819836997,1497.66763962085,0,38,0,53,0,0,0
39,61,6,3697.84572916501,1567.05138432383,0,110,0,117,0,0,0
39,61,7,22478.6969629631,15126.7753524464,0,331,0,261,0,0,0
39,61,8,0,1,0,0,0,0,0,0,0
39,62,1,3314.41630854727,672.764283118114,0,0,0,97,0,0,0
39,62,2,3137.68915892528,1368.95284230141,0,0,0,80,0,0,0
39,62,3,3065.56383667545,984.578583499284,0,0,0,67,0,0,0
39,62,4,2942.8868134407,904.83410824071,0,0,0,138,0,0,0
39,62,5,3227.62495479619,1370.6882837065,0,0,0,149,0,0,0
39,62,6,3731.14968219971,1422.38025821797,0,0,0,156,0,0,0
39,62,7,22528.6152689011,15969.6643861249,22,4,0,243,0,0,0
39,62,8,0,1,0,0,0,0,0,0,0
39,63,1,3309.34308344588,1647.05092561971,0,0,0,67,0,0,0
39,63,2,3141.17175633071,294.678989048126,0,0,0,136,0,0,0
39,63,3,3059.69051055468,1219.43560275796,0,0,0,98,0,0,0
39,63,4,2936.26871690704,1232.01908446207,0,0,0,90,0,0,0
39,63,5,3238.47841527504,1631.50094231804,0,0,0,137,0,0,0
39,63,6,3762.88078576925,1593.0132598309,0,0,0,142,0,0,0
39,63,7,22575.5414177668,10923.9038015565,26,0,0,224,0,0,2
39,63,8,0,1,0,0,0,0,0,0,0
39,64,1,3333.1690533692,1222.54843334575,0,0,0,164,0,0,0
39,64,2,3124.19110826783,1082.63116591886,0,0,0,29,0,0,0
39,64,3,3065.04209008965,1814.72450497142,0,0,0,121,0,0,0
39,64,4,2943.96619318383,1364.38472557812,0,0,0,123,0,0,0
39,64,5,3266.2142289838,1390.25154739378,0,0,0,163,0,0,0
39,64,6,3795.84402943533,1611.40379409608,0,0,0,159,0,0,0
39,64,7,22628.3361406573,14150.7757511353,89,0,0,169,0,0,0
39,64,8,0,1,0,0,0,0,0,0,0
39,65,1,3339.98895011638,884.627801469967,0,0,0,122,0,0,0
39,65,2,3134.58077140772,1297.5437360364,0,0,0,108,0,0,0
39,65,3,3083.87489463195,1132.12374515724,0,0,0,168,0,0,0
39,65,4,2957.73763759697,486.370033130982,0,0,0,136,0,0,0
39,65,5,3281.14076439025,937.725019545933,0,0,0,139,0,0,0
39,65,6,3839.60315732992,806.481920718684,0,0,0,161,0,0,0
39,65,7,22666.8902060817,10564.9004134981,59,0,0,193,0,0,0
39,65,8,0,1,0,0,0,0,0,0,0
39,66,1,3341.53499143566,1316.41103562045,0,0,0,88,0,0,0
39,66,2,3146.04756527851,1779.48699851761,0,0,0,129,0,0,0
39,66,3,3079.80416409634,860.924108346056,0,0,0,113,0,0,0
39,66,4,2937.85140906434,1737.53142866703,0,0,0,48,0,0,0
39,66,5,3279.8731599233,1179.70219164399,0,0,0,93,0,0,0
39,66,6,3838.57573824867,1353.42532259946,0,0,0,80,0,0,0
39,66,7,22717.2098708678,7743.57698993837,119,0,0,233,0,0,0
39,66,8,0,1,0,0,0,0,0,0,0
39,67,1,3319.2708033498,1003.20521413967,131,0,0,0,0,0,0
39,67,2,3146.55957030057,1099.65296525396,79,0,0,98,0,0,0
39,67,3,3060.17052186941,1422.93031193115,44,0,0,42,0,0,0
39,67,4,2937.13530760424,1687.67612537485,89,0,0,84,0,0,0
39,67,5,3278.03701980928,1472.2074747071,57,0,0,60,0,0,0
39,67,6,3834.97054917889,1335.26318043656,82,0,0,53,0,0,0
39,67,7,22835.6330552415,11549.5420626964,308,1,0,312,0,0,12
39,67,8,0,1,0,0,0,0,0,0,0
39,68,1,3324.98370648665,953.451986908532,0,0,0,100,0,0,0
39,68,2,3156.70562383301,1164.70378730366,0,0,0,109,0,0,0
39,68,3,3071.94121260608,1545.68192014399,0,0,0,142,0,0,0
39,68,4,2966.82709166729,512.471798210646,0,0,0,168,0,0,0
39,68,5,3298.83549137687,516.724906144851,0,0,0,147,0,0,0
39,68,6,3869.34532280335,987.207440377478,0,0,0,133,0,0,0
39,68,7,22858.7672076055,5600.64997961872,0,41,0,221,0,0,0
39,68,8,0,1,0,0,0,0,0,0,0
39,69,1,3299.25738739489,1568.36280687969,0,72,0,23,0,0,0
39,69,2,3148.96851787006,655.56380978107,0,50,0,66,0,0,0
39,69,3,3062.70263529618,470.807163709663,0,83,0,71,0,0,0
39,69,4,2940.25543379842,1293.49993913743,0,32,0,19,0,0,0
39,69,5,3275.81885788043,1817.36101428033,0,29,0,22,0,0,0
39,69,6,3860.25930720889,1251.95305351892,0,51,0,47,0,0,0
39,69,7,22873.0997941916,6156.92734605497,0,301,0,259,0,0,0
39,69,8,0,1,0,0,0,0,0,0,0
39,70,1,3325.7269734298,1013.19922708577,0,0,0,156,0,0,0
39,70,2,3154.76418844194,651.13427538518,0,0,0,65,0,0,0
39,70,3,3050.03007208254,966.043191764891,0,0,0,47,0,0,0
39,70,4,2950.35055090036,612.443408086981,0,0,0,129,0,0,0
39,70,5,3297.59521379319,1825.93533563056,0,0,0,169,0,0,0
39,70,6,3892.57106722529,2947.33998322015,0,0,0,125,0,0,0
39,70,7,22930.0741422835,10862.8075458124,30,0,0,182,0,0,0
39,70,8,0,1,0,0,0,0,0,0,0
39,71,1,3333.20207564144,1645.95845179101,0,0,0,101,0,0,0
39,71,2,3156.46441556078,764.097669970373,0,0,0,65,0,0,0
39,71,3,3055.02831380272,1267.1185047811,0,0,0,96,0,0,0
39,71,4,2949.28515456209,1223.46888588795,0,0,0,61,0,0,0
39,71,5,3328.4400676491,2040.22819627794,0,0,0,182,0,0,0
39,71,6,3952.32768492314,1904.92963106717,1,0,0,227,0,0,0
39,71,7,22999.525546423,9124.29046534016,26,0,0,305,0,0,0
39,71,8,0,1,0,0,0,0,0,0,0
39,72,1,3383.55819299469,1802.26642952702,0,0,0,164,0,0,0
39,72,2,3178.30039198258,2057.59250261638,0,0,0,76,0,0,0
39,72,3,3089.12652359894,1118.3880546327,0,0,0,126,0,0,0
39,72,4,2974.12817078725,1628.27228612963,0,0,0,122,0,0,0
39,72,5,3385.50797481657,1892.80911256245,0,0,0,187,0,0,2
39,72,6,4012.74227287903,1687.96068936007,0,0,0,181,0,0,0
39,72,7,23092.483505157,13207.3469567629,31,0,0,194,0,0,1
39,72,8,0,1,0,0,0,0,0,0,0
39,73,1,3417.50033756555,2084.5124586802,0,0,0,180,0,0,0
39,73,2,3201.81840494746,1187.74937175967,0,0,0,176,0,0,0
39,73,3,3103.40275837731,1613.49598868451,0,0,0,111,0,0,0
39,73,4,2997.09462447394,1454.13270220596,0,0,0,162,0,0,0
39,73,5,3413.21708331279,1705.42462327646,0,0,0,180,0,0,0
39,73,6,4056.04239097623,540.47095768255,0,0,0,167,0,0,0
39,73,7,23140.8986316119,7595.89325652037,27,0,0,258,0,0,0
39,73,8,0,1,0,0,0,0,0,0,0
39,74,1,3460.4289215211,1555.42684040649,3,0,0,167,0,0,0
39,74,2,3221.81090954265,805.766360805661,0,0,0,118,0,0,0
39,74,3,3131.11681223349,1563.29861915998,0,0,0,161,0,0,0
39,74,4,3022.98157214775,850.386768447606,0,0,0,145,0,0,0
39,74,5,3477.66213073187,1306.03504555337,0,0,0,170,0,0,0
39,74,6,4070.50697466305,1477.41822179764,0,0,0,54,0,0,0
39,74,7,23209.8037119823,8528.32029486302,42,0,0,222,0,0,0
39,74,8,0,1,0,0,0,0,0,0,0
39,75,1,3510.45497392358,1621.79508023926,0,0,0,155,0,0,0
39,75,2,3230.43207630197,1459.07908221783,0,0,0,80,0,0,0
39,75,3,3161.96146590276,1669.81896243957,0,0,0,156,0,0,0
39,75,4,3024.74220428214,1184.01059803195,0,0,0,85,0,0,0
39,75,5,3525.62997500933,1206.1227958988,0,0,0,130,0,0,0
39,75,6,4125.169783402,2055.82817848619,0,0,0,147,0,0,0
39,75,7,23262.3135259651,12672.3820967938,51,0,0,173,0,0,1
39,75,8,0,1,0,0,0,0,0,0,0
39,76,1,3537.67121935159,1340.41147192294,0,0,0,162,0,0,0
39,76,2,3257.7143121803,644.080788455771,0,0,0,145,0,0,0
39,76,3,3182.37556848833,1282.13955570489,0,0,0,166,0,0,0
39,76,4,3033.07240049811,1136.66049350752,0,0,0,118,0,0,0
39,76,5,3540.30785896857,1082.69672948667,0,0,0,120,0,0,0
39,76,6,4176.19861735226,2096.35583767031,0,0,0,202,0,0,0
39,76,7,23302.8454816184,12028.7786784641,40,0,0,228,0,0,0
39,76,8,0,1,0,0,0,0,0,0,0
39,77,1,3576.10617148629,1021.4098396998,0,0,0,134,0,0,0
39,77,2,3264.36976577101,1524.58130538162,0,0,0,64,0,0,0
39,77,3,3209.60220615724,567.774574360605,0,0,0,128,0,0,0
39,77,4,3065.05125903192,1383.2747790138,0,0,0,113,0,0,0
39,77,5,3573.06644646352,1484.91612576032,0,0,0,108,0,0,0
39,77,6,4248.46276376423,1960.82970522942,0,1,0,177,0,0,0
39,77,7,23452.4683097615,7868.69729947438,0,55,0,254,0,0,0
39,77,8,0,1,0,0,0,0,0,0,0
39,78,1,3588.29899789819,1070.93507331044,0,0,0,102,0,0,0
39,78,2,3297.4847503886,1535.33091640208,0,9,0,136,0,0,0
39,78,3,3196.78923039345,1218.09765494249,0,0,0,56,0,0,0
39,78,4,3080.28587524487,1313.26129395445,0,4,0,131,0,0,0
39,78,5,3605.74226048421,1637.80473279502,0,0,0,148,0,0,0
39,78,6,4271.10644098392,817.212973740668,0,31,0,140,0,0,0
39,78,7,23540.2919806295,6677.21495860869,3,218,0,195,0,0,0
39,78,8,0,1,0,0,0,0,0,0,0
39,79,1,3588.88563585356,1882.67994346262,0,0,0,107,0,0,0
39,79,2,3310.67059203114,1684.85928713333,0,0,0,153,0,0,0
39,79,3,3198.02622900177,1512.58765306732,0,0,0,121,0,0,0
39,79,4,3089.48462858999,1459.97948839085,0,0,0,131,0,0,0
39,79,5,3627.63715872003,1965.40166231886,0,0,0,163,0,0,0
39,79,6,4283.31368842126,948.196027012429,0,0,0,81,0,0,0
39,79,7,23617.6606288877,16706.4773284222,24,0,0,230,0,0,0
39,79,8,0,1,0,0,0,0,0,0,0
39,80,1,3612.76145461485,1676.81101241583,0,0,0,188,0,0,0
39,80,2,3316.79023858486,1133.03924317092,0,0,0,168,0,0,0
39,80,3,3199.57381930431,1664.11928817909,0,0,0,151,0,0,0
39,80,4,3099.12770301822,1055.00875495957,0,0,0,145,0,0,0
39,80,5,3647.49307382235,655.946013597384,0,0,0,196,0,0,0
39,80,6,4292.40915134668,541.611459725973,0,0,0,94,0,0,0
39,80,7,23649.4757197805,9044.60998980119,6,20,0,210,0,0,0
39,80,8,0,1,0,0,0,0,0,0,0
39,81,1,3636.26197010256,689.4290420888,0,10,0,145,0,0,0
39,81,2,3316.27828745406,922.036761719601,0,0,0,113,0,0,0
39,81,3,3205.85486744452,1140.20710280938,0,19,0,124,0,0,0
39,81,4,3093.31645085883,1231.1203507766,0,0,0,105,0,0,0
39,81,5,3633.66923774586,1648.77745015043,0,0,0,65,0,0,0
39,81,6,4279.39109951899,2047.32119646294,0,0,0,54,0,0,0
39,81,7,23687.1969562507,12030.8378587412,3,183,0,164,0,0,4
39,81,8,0,1,0,0,0,0,0,0,0
39,82,1,3638.64622031,932.052585130665,0,0,0,68,0,0,0
39,82,2,3307.16031293467,833.641090302885,0,0,0,92,0,0,0
39,82,3,3197.95842447838,1386.5176052817,0,0,0,114,0,0,0
39,82,4,3084.24132129874,1952.94670299129,0,0,0,123,0,0,0
39,82,5,3646.68649756057,1827.25309520493,0,0,0,164,0,0,0
39,82,6,4335.63247087245,1403.44563488827,0,0,0,204,0,0,0
39,82,7,23737.0887975799,15060.0884519169,27,0,0,212,0,0,0
39,82,8,0,1,0,0,0,0,0,0,0
39,83,1,3627.09143330187,1248.81677052079,0,0,0,93,0,0,0
39,83,2,3295.0566837221,1732.09723047123,0,0,0,83,0,0,0
39,83,3,3192.95844052408,1366.24509158882,0,0,0,138,0,0,0
39,83,4,3094.28040240601,1326.99217720741,0,0,0,173,0,0,0
39,83,5,3668.81843688321,1976.27924669935,0,0,0,181,0,0,0
39,83,6,4363.84133760522,1541.51348225108,0,0,0,140,0,0,0
39,83,7,23781.2641157892,7241.28911731628,0,47,0,242,0,0,0
39,83,8,0,1,0,0,0,0,0,0,0
39,84,1,3642.7020598639,2115.4734790844,0,3,0,120,0,0,0
39,84,2,3308.05110773546,685.609541034324,0,26,0,136,0,0,0
39,84,3,3192.56671680311,2010.94184351947,0,13,0,118,0,0,0
39,84,4,3099.04414659253,1636.69717332924,0,6,0,124,0,0,0
39,84,5,3682.90585384024,2071.8914193539,0,48,0,130,0,0,0
39,84,6,4394.16796314504,1218.14377387962,0,20,0,125,0,0,0
39,84,7,23860.1804965381,8373.51325670358,2,239,0,224,0,0,0
39,84,8,0,1,0,0,0,0,0,0,0
39,85,1,3702.70828991959,2383.27859685644,0,0,0,211,0,0,0
39,85,2,3293.34706321056,2159.57950531777,0,0,0,68,0,0,0
39,85,3,3237.56897665333,1660.85114993404,0,0,0,190,0,0,0
39,85,4,3123.74559093742,1879.14190430887,0,0,0,163,0,0,0
39,85,5,3734.49143504466,1788.76234870279,0,0,0,196,0,0,0
39,85,6,4451.60842524398,1460.09742185024,0,0,0,121,0,0,0
39,85,7,23991.2262333786,12594.4101957808,25,0,0,228,0,0,0
39,85,8,0,1,0,0,0,0,0,0,0
39,86,1,3763.13176516049,1626.05175502589,0,0,0,226,0,0,0
39,86,2,3332.98722126917,1454.17873217074,0,0,0,215,0,0,0
39,86,3,3242.53214141072,879.202343131483,0,0,0,166,0,0,0
39,86,4,3161.54578109885,1268.39363650332,0,0,0,186,0,0,0
39,86,5,3786.64623396287,1425.55039719612,0,0,0,178,0,0,0
39,86,6,4509.18787652153,1878.59668424132,0,0,0,146,0,0,0
39,86,7,24114.0889753072,11953.16533298,0,53,0,199,0,0,0
39,86,8,0,1,0,0,0,0,0,0,0
39,87,1,3786.05750873961,1315.77439592715,0,0,0,162,0,0,0
39,87,2,3339.07095251348,1857.01342503932,0,0,0,145,0,0,0
39,87,3,3218.45760036512,1219.13863345327,0,0,0,87,0,0,0
39,87,4,3164.89563029058,1765.98993383638,0,0,0,126,0,0,0
39,87,5,3795.3465820999,1453.78132651561,0,0,0,142,0,0,0
39,87,6,4551.75487400077,3321.92044121327,0,6,0,164,0,0,0
39,87,7,24196.243280463,10591.5585403066,0,244,0,256,0,0,0
39,87,8,0,1,0,0,0,0,0,0,0
39,88,1,3801.47331561552,1214.36804699361,0,0,0,131,0,0,0
39,88,2,3369.14355013073,1044.35492402197,0,0,0,185,0,0,0
39,88,3,3216.90615595562,798.632175507415,0,0,0,121,0,0,0
39,88,4,3189.54975974971,654.918561188992,0,0,0,176,0,0,0
39,88,5,3829.31054567085,2119.03721681717,0,0,0,145,0,0,0
39,88,6,4653.02288990448,1812.91542021052,4,0,0,232,0,0,0
39,88,7,24306.200891471,11067.8459468107,34,0,0,189,0,0,0
39,88,8,0,1,0,0,0,0,0,0,0
39,89,1,3841.26705941511,1463.64193572443,0,0,0,121,0,0,0
39,89,2,3393.55248615691,1957.46101264726,0,0,0,104,0,0,0
39,89,3,3226.55552364321,1535.80508944322,0,0,0,79,0,0,0
39,89,4,3198.70023589316,1286.5515267811,0,0,0,65,0,0,0
39,89,5,3946.81720707416,1482.72265560664,0,0,0,210,0,0,0
39,89,6,4767.3050843174,1912.64427943124,0,0,0,180,0,0,0
39,89,7,24530.7635603968,12043.5980308766,0,53,0,219,0,0,0
39,89,8,0,1,0,0,0,0,0,0,0
39,90,1,3842.66885413324,1387.24179418193,0,22,0,111,0,0,0
39,90,2,3404.40382009261,1803.0165046391,0,22,0,160,0,0,0
39,90,3,3235.92176757261,1980.88630134581,0,9,0,139,0,0,0
39,90,4,3192.69284258223,1256.66876933208,0,1,0,127,0,0,0
39,90,5,3963.47485531307,1925.19402957116,0,13,0,126,0,0,0
39,90,6,4816.41989943785,2842.95805261729,0,30,0,142,0,0,0
39,90,7,24637.76510261,11267.6671382855,1,329,0,318,0,0,5
39,90,8,0,1,0,0,0,0,0,0,0
39,91,1,3874.69481260216,1459.06022266411,0,0,0,138,0,0,0
39,91,2,3431.88535361461,1834.39960137503,0,0,0,180,0,0,0
39,91,3,3259.23477698605,1518.19365352172,0,0,0,190,0,0,0
39,91,4,3189.95039198236,619.760714879706,0,0,0,125,0,0,0
39,91,5,3995.41953255316,1344.2422468609,0,0,0,192,0,0,0
39,91,6,4899.80853118444,1864.93305144307,3,0,0,179,0,0,0
39,91,7,24726.0865252531,14603.4457307173,28,0,0,210,0,0,0
39,91,8,0,1,0,0,0,0,0,0,0
39,92,1,3876.95502682213,800.852059648808,0,0,0,145,0,0,0
39,92,2,3447.51592866636,1170.33423595345,0,0,0,183,0,0,0
39,92,3,3258.63383667611,956.316490660728,0,0,0,151,0,0,0
39,92,4,3171.0458890506,868.064917720684,0,0,0,61,0,0,0
39,92,5,3995.79217115795,1931.71140025005,0,0,0,134,0,0,0
39,92,6,4944.2094282284,2081.24110222951,0,0,0,186,0,0,0
39,92,7,24763.4912185496,6932.62854442906,29,0,0,206,0,0,0
39,92,8,0,1,0,0,0,0,0,0,0
39,93,1,3852.14477124758,932.735294896405,0,43,0,37,0,0,0
39,93,2,3417.11120162801,1046.14870321757,0,61,0,56,0,0,0
39,93,3,3235.41595896144,950.389586101203,0,42,0,53,0,0,0
39,93,4,3129.37579931234,1736.20239919683,0,44,0,42,0,0,0
39,93,5,3985.06025654593,1827.14367559822,0,101,0,92,0,0,0
39,93,6,4954.09347712018,1381.38649387647,0,111,0,97,0,0,0
39,93,7,24873.2025469833,15650.2162897402,2,242,0,242,0,0,2
39,93,8,0,1,0,0,0,0,0,0,0
39,94,1,3872.17819678704,1870.98578139415,0,0,0,93,0,0,0
39,94,2,3409.18200691446,2125.69810915677,0,0,0,104,0,0,0
39,94,3,3237.61262562704,1125.90181039853,0,0,0,95,0,0,0
39,94,4,3142.92134555564,1340.78009570066,0,0,0,173,0,0,0
39,94,5,4026.71862700943,1753.51218944065,0,0,0,182,0,0,0
39,94,6,5001.88998721402,2508.9264638732,0,0,0,138,0,0,0
39,94,7,24934.5410438852,4925.25472265391,29,0,0,225,0,0,0
39,94,8,0,1,0,0,0,0,0,0,0
39,95,1,3936.71961379952,947.07885679308,0,0,0,187,0,0,0
39,95,2,3449.45653407798,2039.57765937464,5,0,0,184,0,0,0
39,95,3,3234.5833505538,1293.20377614649,0,0,0,112,0,0,0
39,95,4,3147.3127256131,828.03689594191,0,0,0,134,0,0,0
39,95,5,4077.47872439666,1564.78609827136,0,0,0,175,0,0,0
39,95,6,5089.06985664703,3225.17588560407,13,0,0,181,0,0,0
39,95,7,24993.7649521964,5525.37505870464,59,0,0,179,0,0,0
39,95,8,0,1,0,0,0,0,0,0,0
39,96,1,3950.45851265884,1498.50948832917,0,0,0,94,0,0,0
39,96,2,3467.13654876916,617.969664744236,6,0,0,165,0,0,0
39,96,3,3232.42672586867,1204.54738154624,0,0,0,129,0,0,0
39,96,4,3139.35557442615,1237.09240562793,0,0,0,82,0,0,0
39,96,5,4099.42026167315,1389.03682672537,0,0,0,156,0,0,0
39,96,6,5159.26984199529,1136.27835100616,16,0,0,215,0,0,0
39,96,7,25036.0795568189,8995.78797430115,56,0,0,175,0,0,0
39,96,8,0,1,0,0,0,0,0,0,0
39,97,1,3981.41773361631,995.564804833624,0,0,0,148,0,0,0
39,97,2,3458.19728234275,1417.08737554278,0,0,0,61,0,0,0
39,97,3,3247.72121106844,1925.85793986494,0,0,0,120,0,0,0
39,97,4,3137.76432901546,755.017314424203,0,0,0,123,0,0,0
39,97,5,4143.62179753735,1569.48201996154,0,0,0,138,0,0,0
39,97,6,5234.59711346005,1623.41920190559,0,0,0,113,0,0,0
39,97,7,25169.4413423958,11537.699113881,34,0,0,234,0,0,0
39,97,8,0,1,0,0,0,0,0,0,0
39,98,1,4038.91166162605,508.476936055416,0,0,0,99,0,0,0
39,98,2,3511.75075296484,2719.56428777615,0,0,0,141,0,0,0
39,98,3,3307.12047448671,1868.45245912873,0,0,0,192,0,0,0
39,98,4,3176.4975479442,1643.54540443716,0,0,0,75,0,0,0
39,98,5,4277.79671171218,2783.28511901344,0,0,0,156,0,0,0
39,98,6,5384.95525466298,2355.58909274504,0,0,0,162,0,0,0
39,98,7,25447.649316211,16414.4423084143,29,0,0,209,0,0,0
39,98,8,0,1,0,0,0,0,0,0,0
39,99,1,4017.08367289517,667.495156464062,0,0,0,50,0,0,0
39,99,2,3514.23064437993,2884.95770856991,0,0,0,194,0,0,3
39,99,3,3316.9207583143,1096.86861810245,0,0,0,186,0,0,0
39,99,4,3197.52339794393,1214.34400131511,0,0,0,164,0,0,0
39,99,5,4332.4446103461,1131.95902744584,0,0,0,238,0,0,1
39,99,6,5465.82959104466,2665.50586563283,0,0,0,225,0,0,0
39,99,7,25509.5800729541,11581.5640124003,32,0,0,266,0,0,0
39,99,8,0,1,0,0,0,0,0,0,0
39,100,1,3996.21835148069,1663.16795165125,0,0,0,66,0,0,0
39,100,2,3508.54551464459,1607.5856483907,0,71,0,146,0,0,0
39,100,3,3312.33978231274,1601.73304123765,0,0,0,109,0,0,0
39,100,4,3202.2910876729,485.190990394576,0,0,0,121,0,0,0
39,100,5,4349.06371769781,1273.95909684041,0,0,0,113,0,0,0
39,100,6,5536.0962846054,2415.58295701066,0,48,0,170,0,0,0
39,100,7,25634.2209712068,8215.38481577276,0,370,0,414,0,0,0
39,100,8,0,1,0,0,0,0,0,0,0
40,1,1,2819.8432,1032.79077607364,2,0,0,14,0,0,0
40,1,2,2817.528,1138.25093761793,7,0,0,6,0,0,0
40,1,3,2823.008,830.835475263433,33,0,0,29,0,0,0
40,1,4,2830.2976,1090.75530666527,46,0,0,48,0,0,0
40,1,5,2822.528,1223.49840808532,2,0,0,8,0,0,0
40,1,6,2826.0416,522.310483685539,24,0,0,35,0,0,0
40,1,7,20039.3231999998,9698.38904337225,24,0,0,18,0,0,0
40,1,8,0,2,43,0,0,48,0,0,0
40,2,1,2828.4512,1088.36256105396,0,0,0,103,0,0,0
40,2,2,2831.3824,1351.50222050148,0,0,0,113,0,0,0
40,2,3,2833.184,1302.14921200244,0,0,0,83,0,0,0
40,2,4,2848.2576,716.872043175804,0,0,0,109,0,0,0
40,2,5,2842.456,446.677198617527,0,0,0,122,0,0,0
40,2,6,2829.064,1026.54703705056,0,0,0,52,0,0,0
40,2,7,20000.0207999998,12292.7642233196,9,13,0,205,0,0,0
40,2,8,0,2,0,0,0,0,0,0,0
40,3,1,2837.9264,975.668067376246,0,0,0,108,0,0,0
40,3,2,2850.71328,990.659576762889,0,0,0,135,0,0,0
40,3,3,2853.9024,1038.81300418363,0,0,0,130,0,0,0
40,3,4,2857.72959999999,887.368132009067,0,0,0,71,0,0,0
40,3,5,2846.128,405.636693315247,0,0,0,44,0,0,0
40,3,6,2840.296,1376.3278657823,0,0,0,102,0,0,0
40,3,7,19969.6463999998,9989.31178756582,37,0,0,265,0,0,0
40,3,8,0,2,0,0,0,0,0,0,0
40,4,1,2845.3328,487.653750034717,0,0,0,97,0,0,0
40,4,2,2863.01568,1323.1286084461,0,0,0,99,0,0,0
40,4,3,2867.9072,1222.87119874135,0,0,0,103,0,0,0
40,4,4,2869.93887999999,425.964126957754,0,0,0,88,0,0,0
40,4,5,2846.6224,590.187902885793,0,0,0,40,0,0,0
40,4,6,2859.95999999999,1073.2101137301,0,0,0,137,0,0,0
40,4,7,19931.9199999998,7720.10702957937,35,0,0,236,0,0,0
40,4,8,0,2,0,0,0,0,0,0,0
40,5,1,2843.687104,1050.42164911995,0,0,0,48,0,0,0
40,5,2,2877.67808,1835.95408900531,0,0,0,132,0,0,0
40,5,3,2884.7296,1549.78106353659,0,0,0,122,0,0,0
40,5,4,2870.78528,1562.18280863428,0,0,0,42,0,0,0
40,5,5,2850.56608,1116.58597316835,0,0,0,59,0,0,0
40,5,6,2871.86207999999,1669.9202675392,0,0,0,107,0,0,0
40,5,7,19876.8175999997,7267.53428783611,195,0,0,210,0,0,10
40,5,8,0,2,0,0,0,0,0,0,0
40,6,1,2835.764928,1271.87117845615,70,0,0,28,0,0,0
40,6,2,2880.37888,1555.46774482174,74,0,0,102,0,0,0
40,6,3,2891.4528,1542.70148799921,49,0,0,101,0,0,0
40,6,4,2878.90976,917.564584916825,58,0,0,92,0,0,0
40,6,5,2858.98848,497.752235364156,22,0,0,87,0,0,0
40,6,6,2877.04255999999,1883.38341413257,76,0,0,83,0,0,0
40,6,7,19860.3519999996,10689.4130409715,352,0,0,315,0,0,0
40,6,8,0,2,0,0,0,0,0,0,0
40,7,1,2840.731008,954.466246481754,0,0,0,127,0,0,0
40,7,2,2899.83488,1708.59200975161,0,0,0,155,0,0,0
40,7,3,2909.93216,1553.66703988246,0,0,0,154,0,0,0
40,7,4,2883.47456,1358.7773695704,0,0,0,91,0,0,0
40,7,5,2859.34848,1659.63520761674,0,0,0,49,0,0,0
40,7,6,2905.98496,1560.1862653793,0,0,0,178,0,0,0
40,7,7,19810.8184319995,11693.9132289517,0,35,0,221,0,0,0
40,7,8,0,2,0,0,0,0,0,0,0
40,8,1,2841.4418432,687.130825113232,0,0,0,95,0,0,0
40,8,2,2916.704064,1531.34902458447,0,0,0,170,0,0,0
40,8,3,2924.36704,1695.07698264245,0,0,0,154,0,0,0
40,8,4,2898.13817599999,1350.02870181979,0,0,0,135,0,0,0
40,8,5,2877.584,955.669490701556,0,7,0,145,0,0,0
40,8,6,2927.511104,1705.73350426064,0,0,0,156,0,0,0
40,8,7,19789.4225919995,3573.99235848247,0,284,0,343,0,0,0
40,8,8,0,2,0,0,0,0,0,0,0
40,9,1,2834.6911232,1570.68654060621,0,0,0,68,0,0,0
40,9,2,2926.74112,1646.25074948132,5,0,0,144,0,0,0
40,9,3,2933.2185088,1804.85451911195,22,0,0,132,0,0,0
40,9,4,2913.85017599999,1038.58817723665,0,0,0,135,0,0,0
40,9,5,2883.82559999999,627.092007123716,0,0,0,95,0,0,0
40,9,6,2947.55296,1351.1883081642,15,0,0,145,0,0,0
40,9,7,19769.0894719995,13952.2722151052,120,0,0,153,0,0,0
40,9,8,0,2,0,0,0,0,0,0,0
40,10,1,2844.0632832,713.85646836815,0,0,0,157,0,0,0
40,10,2,2931.91168,973.035925481263,0,0,0,164,0,0,0
40,10,3,2953.9762688,618.554685416859,0,0,0,180,0,0,0
40,10,4,2918.925376,1225.58382226891,0,0,0,103,0,0,0
40,10,5,2881.70559999999,936.90679847237,0,0,0,62,0,0,0
40,10,6,2965.81568,788.336116916485,0,0,0,135,0,0,0
40,10,7,19762.5054719994,8052.17848862755,31,0,0,226,0,0,0
40,10,8,0,2,0,0,0,0,0,0,0
40,11,1,2822.1666432,767.979275740212,0,48,0,23,0,0,0
40,11,2,2913.9808,1066.17611975222,0,51,0,46,0,0,0
40,11,3,2937.7536128,866.909497415179,0,35,0,26,0,0,0
40,11,4,2911.608256,1335.65599168637,0,66,0,56,0,0,0
40,11,5,2874.41862399999,1852.83500285846,0,55,0,38,0,0,0
40,11,6,2964.185984,1278.44862411847,0,30,0,48,0,0,0
40,11,7,19758.5722111994,8640.98978327149,1,297,0,253,0,0,1
40,11,8,0,2,0,0,0,0,0,0,0
40,12,1,2821.23518720001,655.776438566747,0,0,0,76,0,0,0
40,12,2,2921.50176000001,1775.83703571615,0,0,0,106,0,0,0
40,12,3,2941.3843968,1054.28106127221,0,0,0,86,0,0,0
40,12,4,2936.692736,840.557424708746,0,0,0,133,0,0,0
40,12,5,2908.82496,882.506664900084,0,0,0,185,0,0,0
40,12,6,2991.910464,1513.25699211794,0,0,0,127,0,0,0
40,12,7,19805.2531711994,3730.80892539192,28,0,0,247,0,0,0
40,12,8,0,2,0,0,0,0,0,0,0
40,13,1,2809.15289600001,1336.74128250496,0,0,0,65,0,0,0
40,13,2,2937.90944000001,785.695420948871,2,0,0,162,0,0,0
40,13,3,2944.8703488,2194.16870443832,0,0,0,105,0,0,0
40,13,4,2941.810496,1489.71784490794,0,0,0,84,0,0,0
40,13,5,2920.68256,1303.58061456372,0,0,0,88,0,0,0
40,13,6,3018.2453632,1438.08108958089,0,0,0,151,0,0,0
40,13,7,19830.2499711994,9604.7914758003,30,0,0,193,0,0,0
40,13,8,0,2,0,0,0,0,0,0,0
40,14,1,2817.23974604801,1623.68784480618,0,0,0,133,0,0,0
40,14,2,2936.26887680001,1578.67682724828,0,0,0,78,0,0,0
40,14,3,2971.93442816001,739.764919440238,0,0,0,203,0,0,0
40,14,4,2958.83544576,775.1184182545,0,0,0,148,0,0,0
40,14,5,2940.794944,973.545349183354,0,0,0,130,0,0,0
40,14,6,3045.6854272,836.191677116216,0,0,0,143,0,0,0
40,14,7,19864.4628351994,10274.8180886411,28,0,0,217,0,0,1
40,14,8,0,2,0,0,0,0,0,0,0
40,15,1,2829.93080524801,1032.73208052124,0,0,0,162,0,0,0
40,15,2,2947.27110144001,821.54393149388,0,0,0,157,0,0,0
40,15,3,2965.97199616001,1384.65369498623,0,0,0,73,0,0,0
40,15,4,2956.60466176,1323.96628530954,0,0,0,77,0,0,0
40,15,5,2951.338304,827.867706757472,0,0,0,97,0,0,0
40,15,6,3057.4854912,1212.80537887638,0,0,0,83,0,0,0
40,15,7,19908.7437951993,7628.86815626554,21,0,0,297,0,0,0
40,15,8,0,2,0,0,0,0,0,0,0
40,16,1,2831.14351308801,1274.69089173298,0,0,0,103,0,0,0
40,16,2,2941.76958464001,2256.30372020761,0,0,0,82,0,0,0
40,16,3,2973.47197696001,958.909771743311,0,0,0,138,0,0,0
40,16,4,2965.95774976,744.61137529861,0,0,0,132,0,0,0
40,16,5,2955.706624,1158.76163941166,0,0,0,82,0,0,0
40,16,6,3074.7523072,877.405508131849,0,0,0,121,0,0,0
40,16,7,19926.9016831993,9924.26114482533,76,0,0,214,0,0,0
40,16,8,0,2,0,0,0,0,0,0,0
40,17,1,2835.47311308801,1267.25931663375,0,0,0,127,0,0,0
40,17,2,2964.59036928001,704.272754313289,0,0,0,224,0,0,0
40,17,3,2968.07255296001,1231.12588243422,0,0,0,95,0,0,0
40,17,4,2964.73854976,764.832614675988,0,0,0,74,0,0,0
40,17,5,2963.631552,952.240047418619,0,0,0,115,0,0,0
40,17,6,3083.4351744,1675.646727303,0,0,0,87,0,0,0
40,17,7,19948.5991423993,8846.11998882596,45,0,0,212,0,0,0
40,17,8,0,2,0,0,0,0,0,0,0
40,18,1,2840.22261493761,1283.04869508656,0,0,0,126,0,0,0
40,18,2,2954.29821184001,1887.63830213664,0,0,0,70,0,0,0
40,18,3,2973.67045939201,455.278623227291,0,0,0,123,0,0,0
40,18,4,2962.31596800001,514.075235815544,0,0,0,76,0,0,0
40,18,5,2968.8065408,1503.79362692118,0,0,0,95,0,0,0
40,18,6,3117.71367936,2095.90231906096,0,0,0,167,0,0,0
40,18,7,19975.3558911992,13043.0762927099,54,0,0,197,0,0,0
40,18,8,0,2,0,0,0,0,0,0,0
40,19,1,2846.36337397761,1456.86478891778,0,0,0,128,0,0,0
40,19,2,2972.14675404801,1268.47138517803,0,0,0,188,0,0,0
40,19,3,2951.80072550402,1638.35071773379,0,0,0,45,0,0,0
40,19,4,2951.06692864001,1189.16153957261,0,0,0,51,0,0,0
40,19,5,2984.6795776,894.460786741788,0,0,0,150,0,0,0
40,19,6,3153.995515392,774.656056445711,0,0,0,199,0,0,0
40,19,7,19986.3885721592,10026.0739701327,41,1,0,182,0,0,0
40,19,8,0,2,0,0,0,0,0,0,0
40,20,1,2858.68410097256,341.410992884056,0,0,0,145,0,0,0
40,20,2,2968.62979788801,883.501008804681,0,0,0,126,0,0,0
40,20,3,2955.32710871042,461.65015172978,0,1,0,158,0,0,0
40,20,4,2953.88847104001,1078.6764308005,0,0,0,118,0,0,0
40,20,5,2986.24308224001,746.140647982083,0,0,0,89,0,0,0
40,20,6,3162.020948992,1249.67751956195,0,0,0,77,0,0,0
40,20,7,19991.2560563191,8077.03804389821,0,157,0,193,0,0,0
40,20,8,0,2,0,0,0,0,0,0,0
40,21,1,2839.38886897256,770.085414248237,0,0,0,34,0,0,0
40,21,2,2953.23736268802,1266.07011113633,0,0,0,88,0,0,0
40,21,3,2935.59404554242,1904.53431081598,0,0,0,46,0,0,0
40,21,4,2948.83481651201,1285.24864965771,0,0,0,107,0,0,0
40,21,5,2980.14644224001,1208.31971142303,0,0,0,74,0,0,0
40,21,6,3176.945492992,1825.90254100872,0,0,0,124,0,0,0
40,21,7,20013.2365363191,10809.7060385861,36,0,0,203,0,0,0
40,21,8,0,2,0,0,0,0,0,0,0
40,22,1,2832.60021489256,1189.62282166893,0,0,0,77,0,0,0
40,22,2,2947.61038581762,1491.87392417345,0,0,0,126,0,0,0
40,22,3,2944.09477089281,828.691408633282,0,0,0,190,0,0,0
40,22,4,2952.47500032002,1067.97233412564,0,0,0,128,0,0,0
40,22,5,2987.71710976001,1895.00434765644,0,0,0,120,0,0,0
40,22,6,3208.31025203201,1990.96786274014,0,0,0,182,0,0,0
40,22,7,20043.1818649591,6081.57131201513,0,37,0,234,0,0,0
40,22,8,0,2,0,0,0,0,0,0,0
40,23,1,2824.76606193256,1062.70266870233,0,12,0,104,0,0,0
40,23,2,2941.30970552322,1583.4539218445,0,4,0,144,0,0,0
40,23,3,2930.85235415041,1216.86647254166,0,4,0,78,0,0,0
40,23,4,2948.11784908802,1268.49275904833,0,0,0,106,0,0,0
40,23,5,2987.68747417601,1901.42506289701,0,64,0,111,0,0,0
40,23,6,3219.055327232,1013.25685006959,0,64,0,122,0,0,0
40,23,7,20060.5999257591,9159.02634134261,0,283,0,245,0,0,0
40,23,8,0,2,0,0,0,0,0,0,0
40,24,1,2825.00554378856,1585.4421357364,0,0,0,106,0,0,0
40,24,2,2945.7214060749,1575.01325753377,0,0,0,158,0,0,0
40,24,3,2928.49823559681,546.444049232787,0,0,0,121,0,0,0
40,24,4,2959.12514447362,1480.86943805031,0,0,0,126,0,0,0
40,24,5,3020.56996034561,1750.00899248886,0,0,0,190,0,0,0
40,24,6,3243.31018496001,988.202262615655,0,0,0,101,0,0,0
40,24,7,20116.4347356151,3982.38033216292,26,1,0,224,0,0,0
40,24,8,0,2,0,0,0,0,0,0,0
40,25,1,2828.90657121896,758.81473891277,0,0,0,158,0,0,0
40,25,2,2945.5501958349,1264.19274060431,0,0,0,155,0,0,0
40,25,3,2909.7302343844,794.419823813264,0,0,0,54,0,0,0
40,25,4,2965.10188943362,1006.42430200061,0,0,0,148,0,0,0
40,25,5,3043.35533342721,1153.44642623225,0,0,0,175,0,0,0
40,25,6,3260.41652736001,1610.55208036882,0,0,0,98,0,0,0
40,25,7,20146.253154815,8694.59486150477,36,0,0,200,0,0,0
40,25,8,0,2,0,0,0,0,0,0,0
40,26,1,2815.01600558696,1417.93352304678,0,0,0,75,0,0,0
40,26,2,2941.88006825577,831.571042725955,0,0,0,126,0,0,0
40,26,3,2898.04485559912,588.784159211274,0,0,0,79,0,0,0
40,26,4,2965.54215936002,1775.39411884313,0,0,0,100,0,0,0
40,26,5,3055.07002263553,658.72567565484,0,0,0,115,0,0,0
40,26,6,3298.13273929729,1070.2235407892,0,0,0,160,0,0,0
40,26,7,20194.3421254646,9641.14781840723,31,0,0,212,0,0,0
40,26,8,0,2,0,0,0,0,0,0,0
40,27,1,2825.46418842339,1461.19105440758,0,0,0,141,0,0,0
40,27,2,2930.59872460393,1363.13280514548,0,0,0,83,0,0,0
40,27,3,2878.34393413224,1613.18595012377,0,0,0,58,0,0,0
40,27,4,2985.19478276098,1071.77614691922,0,0,0,177,0,0,0
40,27,5,3052.84108306024,1025.11150677811,0,0,0,65,0,0,0
40,27,6,3336.50165718975,1248.167231628,0,0,0,107,0,0,0
40,27,7,20234.4469281577,8278.88212130052,0,47,0,191,0,0,0
40,27,8,0,2,0,0,0,0,0,0,0
40,28,1,2810.49817783568,1001.1183774445,0,71,0,68,0,0,0
40,28,2,2912.47182007995,1176.76523587678,0,51,0,80,0,0,0
40,28,3,2865.65798236161,1210.97596375671,0,71,0,83,0,0,0
40,28,4,2984.97778087938,875.679630235978,0,9,0,97,0,0,0
40,28,5,3055.58260395624,834.873375068574,0,14,0,87,0,0,0
40,28,6,3341.44736470975,2466.82860992407,0,45,0,75,0,0,0
40,28,7,20294.7915958426,7300.20961716153,4,268,0,247,0,0,0
40,28,8,0,2,0,0,0,0,0,0,0
40,29,1,2825.73397256419,1373.26000854135,0,0,0,100,0,0,0
40,29,2,2922.16769674528,1220.99974022852,0,0,0,117,0,0,0
40,29,3,2881.61382853854,1212.82896455761,0,0,0,121,0,0,0
40,29,4,2990.58575999388,1184.93586878206,0,0,0,87,0,0,0
40,29,5,3068.30134197864,875.16495256008,0,0,0,83,0,0,0
40,29,6,3403.3090384329,1526.45425531107,4,0,0,162,0,0,0
40,29,7,20370.2328189524,8545.10424245154,27,0,0,205,0,0,0
40,29,8,0,2,0,0,0,0,0,0,0
40,30,1,2841.69083491804,1405.41171679022,0,0,0,137,0,0,0
40,30,2,2927.4397028323,619.020828962494,0,0,0,122,0,0,0
40,30,3,2891.8969740044,2023.32324619031,0,0,0,121,0,0,0
40,30,4,3005.57228864719,1646.19256370305,0,0,0,118,0,0,0
40,30,5,3075.81649116776,1171.042954307,0,0,0,87,0,0,0
40,30,6,3449.43500355553,2189.20313712608,0,0,0,152,0,0,0
40,30,7,20457.1364962571,9836.25971810341,20,1,0,231,0,0,0
40,30,8,0,2,0,0,0,0,0,0,0
40,31,1,2848.05834974685,693.995437196776,0,0,0,140,0,0,0
40,31,2,2903.8719266787,1809.34740258925,0,0,0,61,0,0,0
40,31,3,2909.31570162009,1367.49719493454,0,0,0,202,0,0,0
40,31,4,3020.66239226677,1344.71395771189,0,0,0,164,0,0,0
40,31,5,3085.08013880936,1366.61970900847,0,0,0,117,0,0,0
40,31,6,3493.26995238881,910.195501960976,0,0,0,210,0,0,0
40,31,7,20493.4976129291,14275.5216347766,20,1,0,213,0,0,2
40,31,8,0,2,0,0,0,0,0,0,0
40,32,1,2835.17180415043,1843.4498175234,0,0,0,69,0,0,0
40,32,2,2908.76620255352,1187.42696999222,0,0,0,173,0,0,0
40,32,3,2914.73220418373,897.471020925652,0,0,0,136,0,0,0
40,32,4,3031.17335822158,1464.04821361912,0,0,0,134,0,0,0
40,32,5,3093.41115756136,524.905968871548,0,0,0,136,0,0,0
40,32,6,3509.28338974771,1188.34981453238,0,0,0,91,0,0,0
40,32,7,20520.9450740797,8753.68431332995,23,1,0,212,0,0,0
40,32,8,0,2,0,0,0,0,0,0,0
40,33,1,2833.90615946717,1229.37957231479,0,82,0,102,0,0,0
40,33,2,2885.59243439963,1344.14399019575,0,61,0,57,0,0,0
40,33,3,2891.64489609611,1314.36006289427,0,48,0,41,0,0,0
40,33,4,3027.66636000493,1195.02620076162,0,73,0,73,0,0,0
40,33,5,3081.78100639336,1855.93430772786,0,24,0,28,0,0,0
40,33,6,3506.7357658322,1903.74044829403,0,52,0,66,0,0,0
40,33,7,20595.9181188055,11367.0684423384,2,308,0,330,0,0,0
40,33,8,0,2,0,0,0,0,0,0,0
40,34,1,2837.56808288446,1430.70494706882,0,0,0,122,0,0,0
40,34,2,2891.60899561717,804.1998132333,0,0,0,134,0,0,0
40,34,3,2900.77748740622,1092.53409030617,0,0,0,131,0,0,0
40,34,4,3035.73451533057,1069.91878420017,0,0,0,119,0,0,0
40,34,5,3106.15913086568,1692.65561045505,0,0,0,166,0,0,0
40,34,6,3543.8619811026,1081.6446974085,0,0,0,190,0,0,0
40,34,7,20625.6925653312,6866.24486381573,29,0,0,195,0,0,0
40,34,8,0,2,0,0,0,0,0,0,0
40,35,1,2853.46615108184,1027.65419891577,0,0,0,143,0,0,0
40,35,2,2885.9531976173,691.349204868504,0,0,0,80,0,0,0
40,35,3,2907.9843070619,1243.60033064701,0,0,0,109,0,0,0
40,35,4,3043.04616376761,1017.66386823041,0,0,0,106,0,0,0
40,35,5,3133.3127477412,681.078882933121,0,0,0,169,0,0,0
40,35,6,3559.8730523858,1252.38767976997,0,0,0,108,0,0,0
40,35,7,20653.4791790911,11971.186428488,65,0,0,174,0,0,0
40,35,8,0,2,0,0,0,0,0,0,0
40,36,1,2862.14909445105,2001.69602335676,0,0,0,102,0,0,0
40,36,2,2882.10281991469,1073.9636618812,0,0,0,69,0,0,0
40,36,3,2911.40140442126,1472.85017814765,0,0,0,124,0,0,0
40,36,4,3043.60040294841,981.5550226209,0,0,0,101,0,0,0
40,36,5,3134.4155164836,1571.44051044847,0,0,0,68,0,0,0
40,36,6,3593.6029255909,1658.9751987352,0,0,0,125,0,0,0
40,36,7,20707.3661801586,10271.3047873547,35,0,0,236,0,0,0
40,36,8,0,2,0,0,0,0,0,0,0
40,37,1,2891.70621110123,1636.90365600948,0,0,0,200,0,0,0
40,37,2,2884.05345612692,1275.34134055184,0,0,0,107,0,0,0
40,37,3,2926.33160070587,937.341691513983,0,0,0,147,0,0,0
40,37,4,3049.27450827281,886.830709285106,0,0,0,98,0,0,0
40,37,5,3160.15270399182,1554.9809217873,0,0,0,157,0,0,0
40,37,6,3631.79084840792,2402.92779232855,0,0,0,165,0,0,0
40,37,7,20766.1047940424,9171.49081222813,40,0,0,224,0,0,0
40,37,8,0,2,0,0,0,0,0,0,0
40,38,1,2913.24939466521,1240.83232978729,1,0,0,159,0,0,0
40,38,2,2890.72050112924,1972.74604801438,0,0,0,127,0,0,0
40,38,3,2932.83886628258,868.233895297344,0,0,0,93,0,0,0
40,38,4,3060.966037752,888.461359090526,0,0,0,88,0,0,0
40,38,5,3194.50870716745,473.167193407789,0,0,0,155,0,0,0
40,38,6,3673.31889053446,1888.23689767345,20,0,0,157,0,0,0
40,38,7,20831.4546778082,6502.79876273041,167,0,0,198,0,0,1
40,38,8,0,2,0,0,0,0,0,0,0
40,39,1,2918.59861517597,777.612121976227,0,0,0,124,0,0,0
40,39,2,2890.646666956,1643.20096656198,22,0,0,144,0,0,0
40,39,3,2924.61476099818,925.51255904018,0,0,0,86,0,0,0
40,39,4,3062.08135980458,1441.61774691918,0,0,0,88,0,0,0
40,39,5,3185.28028717385,1129.13077020969,0,0,0,47,0,0,0
40,39,6,3717.90146119739,1606.12103351757,14,0,0,156,0,0,0
40,39,7,20900.7599068826,4073.19157243028,177,0,0,243,0,0,0
40,39,8,0,2,0,0,0,0,0,0,0
40,40,1,2908.80090622769,967.438497888417,0,0,0,77,0,0,0
40,40,2,2882.44466794515,946.51530821818,16,0,0,143,0,0,0
40,40,3,2911.05380950885,1129.78141370449,0,0,0,92,0,0,0
40,40,4,3062.85874962244,1568.67144426865,19,0,0,119,0,0,0
40,40,5,3188.88334893385,1333.11931345084,3,0,0,109,0,0,0
40,40,6,3740.27086594189,1477.20903376978,25,0,0,127,0,0,0
40,40,7,20924.411164415,6112.85412614835,159,0,0,180,0,0,0
40,40,8,0,2,0,0,0,0,0,0,0
40,41,1,2894.49483647937,1564.58328485606,0,0,0,96,0,0,0
40,41,2,2874.17946742623,1523.9803437257,0,0,0,94,0,0,0
40,41,3,2899.33240756517,905.299538277167,0,0,0,112,0,0,0
40,41,4,3072.83580524175,1799.58520880485,0,0,0,156,0,0,0
40,41,5,3203.80740634953,1041.7655765778,0,0,0,133,0,0,0
40,41,6,3769.80515080989,1952.81851738433,0,0,0,147,0,0,0
40,41,7,20953.0212172278,7082.51744335013,0,35,0,184,0,0,0
40,41,8,0,2,0,0,0,0,0,0,0
40,42,1,2868.06976662792,1372.46011674315,0,108,0,48,0,0,0
40,42,2,2856.34771017485,851.625675542319,0,73,0,79,0,0,0
40,42,3,2874.22046844909,1137.20297764082,0,53,0,37,0,0,0
40,42,4,3066.85858774671,1426.9484890196,0,76,0,103,0,0,0
40,42,5,3197.61642832201,1154.59434571579,0,48,0,56,0,0,0
40,42,6,3784.57713614744,2383.52398491689,0,94,0,101,0,0,0
40,42,7,20979.2962126735,9491.03803117938,7,177,0,195,0,0,0
40,42,8,0,2,0,0,0,0,0,0,0
40,43,1,2885.71584339782,1478.54619000902,0,0,0,137,0,0,0
40,43,2,2856.27385078893,1491.05072070777,0,0,0,85,0,0,0
40,43,3,2881.45187618827,1572.41095318326,0,0,0,113,0,0,0
40,43,4,3085.76076087647,566.768342429124,0,0,0,142,0,0,0
40,43,5,3218.40051918767,1685.76247222575,0,0,0,115,0,0,0
40,43,6,3855.75013377633,1036.40550114045,0,0,0,238,0,0,0
40,43,7,21049.7994715549,9469.08437850701,24,1,0,234,0,0,0
40,43,8,0,2,0,0,0,0,0,0,0
40,44,1,2930.86325014024,566.072699117863,0,0,0,147,0,0,0
40,44,2,2886.72184739042,1131.97891546896,0,0,0,149,0,0,0
40,44,3,2912.86149589981,1403.72534012253,0,0,0,157,0,0,0
40,44,4,3093.85712713375,952.150146602911,0,0,0,56,0,0,0
40,44,5,3268.60443294254,1465.6947892432,0,0,0,168,0,0,0
40,44,6,3935.94302541652,2150.06932716987,0,0,0,103,0,0,0
40,44,7,21139.9150294786,9865.14841284717,18,0,0,180,0,0,7
40,44,8,0,2,0,0,0,0,0,0,0
40,45,1,2927.34970412319,821.09736672381,0,0,0,56,0,0,0
40,45,2,2895.07156278995,1069.10543375734,0,0,0,113,0,0,0
40,45,3,2929.71054784337,1342.74011274046,0,0,0,140,0,0,0
40,45,4,3106.48997315218,1028.10370165493,0,0,0,95,0,0,0
40,45,5,3305.63804242888,1635.40401929967,0,0,0,146,0,0,0
40,45,6,4004.17104962429,1841.38540145311,0,0,0,197,0,0,0
40,45,7,21235.9966075056,5516.03222202075,22,0,0,240,0,0,4
40,45,8,0,2,0,0,0,0,0,0,0
40,46,1,2933.38285356008,771.319274808594,0,0,0,82,0,0,0
40,46,2,2894.67153610451,1304.25348405634,0,0,0,106,0,0,0
40,46,3,2944.73057293572,851.563542379218,0,0,0,134,0,0,0
40,46,4,3116.33444916615,685.104197294488,0,0,0,102,0,0,0
40,46,5,3333.94955663164,1432.00135798905,13,0,0,137,0,0,0
40,46,6,4043.2921374965,1155.33082411691,20,0,0,145,0,0,0
40,46,7,21280.3535901299,2485.67868821666,173,0,0,222,0,0,0
40,46,8,0,2,0,0,0,0,0,0,0
40,47,1,2924.37298579145,1043.895405205,0,0,0,77,0,0,0
40,47,2,2893.6775716237,935.091439504185,5,0,0,124,0,0,0
40,47,3,2933.24776724587,1604.88061390362,0,0,0,85,0,0,0
40,47,4,3111.13407445453,1727.08110696472,0,0,0,68,0,0,0
40,47,5,3347.81943078716,765.984579855787,28,0,0,109,0,0,0
40,47,6,4063.1116741199,2067.53159142774,14,0,0,98,0,0,0
40,47,7,21301.8885302899,11660.0458271908,92,0,0,138,0,0,0
40,47,8,0,2,0,0,0,0,0,0,0
40,48,1,2926.41688751833,1808.79398762442,0,0,0,104,0,0,0
40,48,2,2892.5471390371,761.657273729232,0,0,0,93,0,0,0
40,48,3,2945.59583069172,1028.50130017482,0,0,0,160,0,0,0
40,48,4,3138.42552687695,1852.53244843109,0,0,0,172,0,0,0
40,48,5,3358.44752504738,1802.80628175946,0,0,0,76,0,0,0
40,48,6,4133.3577869862,2100.28122660637,0,0,0,206,0,0,0
40,48,7,21363.7924771638,11537.7395120629,13,6,0,203,0,0,4
40,48,8,0,2,0,0,0,0,0,0,0
40,49,1,2951.07352259605,1335.53774345658,0,0,0,179,0,0,0
40,49,2,2883.44209163419,1031.15289578361,0,0,0,76,0,0,0
40,49,3,2937.86928058166,1372.46374010974,0,0,0,102,0,0,0
40,49,4,3163.68617531505,1020.24893378487,0,0,0,185,0,0,0
40,49,5,3388.05896671797,1790.90259351082,0,0,0,180,0,0,0
40,49,6,4196.6953086482,1316.43076419584,1,0,0,189,0,0,0
40,49,7,21404.4109290998,12644.9894552583,50,0,0,188,0,0,0
40,49,8,0,2,0,0,0,0,0,0,0
40,50,1,2954.95714864477,1577.79707572827,0,0,0,133,0,0,0
40,50,2,2880.72599397524,1137.90110641239,0,0,0,103,0,0,0
40,50,3,2937.89425263945,1839.36969844689,0,0,0,137,0,0,0
40,50,4,3159.37688839171,1205.62023685588,0,0,0,102,0,0,0
40,50,5,3407.8512708091,1067.58173680132,0,0,0,179,0,0,0
40,50,6,4236.81043566211,1970.5789753317,0,0,0,131,0,0,0
40,50,7,21445.878326436,7557.96205317905,49,0,0,203,0,0,1
40,50,8,0,2,0,0,0,0,0,0,0
40,51,1,2959.36093524714,1220.95651974318,43,0,0,106,0,0,0
40,51,2,2878.61100242957,1230.06214133258,2,0,0,111,0,0,0
40,51,3,2939.95744626005,1943.93744243027,69,0,0,101,0,0,0
40,51,4,3168.75105996992,1059.68550311203,2,0,0,118,0,0,0
40,51,5,3419.3969646927,983.414693185016,8,0,0,97,0,0,0
40,51,6,4312.61723688679,1662.43404314399,63,0,0,121,0,0,0
40,51,7,21524.5378248674,10153.9036057118,244,3,0,227,0,0,3
40,51,8,0,2,0,0,0,0,0,0,0
40,52,1,2964.64385050938,1722.61967386417,0,0,0,122,0,0,0
40,52,2,2882.69235032441,1355.12166067923,0,0,0,123,0,0,0
40,52,3,2970.26182609036,1250.20456582245,0,0,0,194,0,0,0
40,52,4,3174.28200600405,848.687014103259,0,0,0,105,0,0,0
40,52,5,3437.52856601357,1504.21773853494,0,0,0,98,0,0,0
40,52,6,4375.92684747236,1170.4477980475,0,0,0,164,0,0,0
40,52,7,21586.0932080266,8760.44331393942,0,54,0,181,0,0,0
40,52,8,0,2,0,0,0,0,0,0,0
40,53,1,2973.41558516093,946.087696087409,0,11,0,152,0,0,0
40,53,2,2879.04640331314,569.447406529499,0,0,0,135,0,0,0
40,53,3,2971.64893413167,1864.06105766588,0,0,0,125,0,0,0
40,53,4,3159.98535766081,778.249733396054,0,0,0,84,0,0,0
40,53,5,3461.77157928476,873.633743590396,0,0,0,150,0,0,0
40,53,6,4403.81360894303,2166.26797086241,0,0,0,117,0,0,0
40,53,7,21596.3994269918,12233.2202469224,7,161,0,155,0,0,0
40,53,8,0,2,0,0,0,0,0,0,0
40,54,1,2971.54359336157,1124.26035497797,0,0,0,94,0,0,0
40,54,2,2856.60263865054,988.591758222156,0,0,0,56,0,0,0
40,54,3,2996.26622645612,855.436167300963,0,0,0,186,0,0,0
40,54,4,3156.15898164057,1483.65515024095,0,0,0,77,0,0,0
40,54,5,3464.12176677638,636.04445970605,0,0,0,87,0,0,0
40,54,6,4473.54632495064,1971.22283669677,0,0,0,216,0,0,0
40,54,7,21644.4228912596,11335.7051464759,24,2,0,185,0,0,0
40,54,8,0,2,0,0,0,0,0,0,0
40,55,1,2971.62826538904,1127.5959430876,0,0,0,112,0,0,0
40,55,2,2839.3076285929,1404.49362636412,0,0,0,98,0,0,0
40,55,3,2976.94823451796,970.022229144361,0,0,0,85,0,0,0
40,55,4,3168.94918476677,767.077336871489,0,0,0,148,0,0,0
40,55,5,3465.27655452341,1287.07812947157,0,0,0,63,0,0,0
40,55,6,4529.73425835363,1995.98924915702,0,0,0,188,0,0,0
40,55,7,21700.2260777255,9230.37980432739,20,0,0,196,0,0,1
40,55,8,0,2,0,0,0,0,0,0,0
40,56,1,2956.06838359648,1458.20035931246,0,57,0,55,0,0,0
40,56,2,2824.52209321006,1396.93607529357,0,53,0,87,0,0,0
40,56,3,2957.40234345368,1641.52647147608,0,53,0,44,0,0,0
40,56,4,3150.49505569587,1368.25041421733,0,48,0,28,0,0,0
40,56,5,3462.68050210823,1172.67943743509,0,63,0,65,0,0,0
40,56,6,4558.58743267082,2114.07157515201,0,97,0,102,0,0,0
40,56,7,21729.1141579761,11806.8752094359,8,173,0,170,0,0,1
40,56,8,0,2,0,0,0,0,0,0,0
40,57,1,2963.50315216729,1017.02016534649,0,0,0,145,0,0,0
40,57,2,2829.22390172144,975.345479752013,0,0,0,139,0,0,0
40,57,3,2966.73887901702,1521.91174907815,0,0,0,164,0,0,0
40,57,4,3172.07050505568,1429.78558919121,0,0,0,136,0,0,0
40,57,5,3483.17263611518,1086.31344949144,0,0,0,117,0,0,0
40,57,6,4647.89298429612,3635.92138475588,0,0,0,208,0,0,0
40,57,7,21774.5799852372,6563.66020292634,22,4,0,218,0,0,0
40,57,8,0,2,0,0,0,0,0,0,0
40,58,1,2979.37663868812,1402.51457222561,0,0,0,101,0,0,0
40,58,2,2824.9630435233,1728.91466720923,0,0,0,97,0,0,0
40,58,3,2995.17729707792,1854.52033623045,0,0,0,152,0,0,0
40,58,4,3201.28769361787,1290.0745753203,0,0,0,142,0,0,0
40,58,5,3496.81070313364,1414.83749988215,0,0,0,108,0,0,0
40,58,6,4722.20147825446,2282.31414754793,37,0,0,200,0,0,0
40,58,7,21815.8558097127,4257.44344393581,108,0,0,180,0,0,0
40,58,8,0,2,0,0,0,0,0,0,0
40,59,1,2979.25468497278,991.139784525722,19,0,0,115,0,0,0
40,59,2,2827.31507660679,984.559904878922,31,0,0,132,0,0,0
40,59,3,3001.24037279006,1621.91182573127,51,0,0,119,0,0,0
40,59,4,3206.89670608649,855.837311394466,6,0,0,121,0,0,0
40,59,5,3520.59177369208,1020.98537512725,4,0,0,136,0,0,0
40,59,6,4773.12673234537,2691.50314353726,56,0,0,155,0,0,0
40,59,7,21861.5094306944,14421.6481325717,175,0,0,198,0,0,0
40,59,8,0,2,0,0,0,0,0,0,0
40,60,1,2979.05028739854,1490.00804528746,0,0,0,99,0,0,0
40,60,2,2818.43389278524,841.543412901075,0,0,0,98,0,0,0
40,60,3,3014.37159911399,1267.85636001236,0,0,0,162,0,0,0
40,60,4,3205.48449180251,2056.29960591088,0,0,0,85,0,0,0
40,60,5,3526.75541772863,1628.01510713171,0,0,0,102,0,0,0
40,60,6,4828.26653444577,1829.96145247565,1,0,0,201,0,0,0
40,60,7,21891.0936365389,5054.09834065758,34,0,0,210,0,0,0
40,60,8,0,2,0,0,0,0,0,0,0
40,61,1,2980.72332939079,1298.48647699641,0,0,0,149,0,0,0
40,61,2,2815.86859897441,1700.14420835281,0,0,0,84,0,0,0
40,61,3,3014.52416870466,1478.96444119881,0,0,0,126,0,0,0
40,61,4,3223.60477563375,1391.27165780029,7,0,0,172,0,0,0
40,61,5,3549.39390212837,827.833831418174,0,0,0,160,0,0,0
40,61,6,4878.41244365678,1999.07585602288,0,0,0,182,0,0,0
40,61,7,21905.6755993475,2838.41431721766,65,0,0,196,0,0,1
40,61,8,0,2,0,0,0,0,0,0,0
40,62,1,2987.5809176124,1158.8100465706,1,0,0,128,0,0,0
40,62,2,2811.74811129903,1127.19165167,13,0,0,147,0,0,0
40,62,3,3010.88408969576,1274.1766265087,11,0,0,128,0,0,0
40,62,4,3226.79464380746,918.993360302022,16,0,0,111,0,0,0
40,62,5,3549.91518566995,2059.93786267018,0,0,0,82,0,0,0
40,62,6,4918.42183711671,717.057929393674,17,0,0,170,0,0,0
40,62,7,21910.2273521539,11237.3878050039,79,0,0,149,0,0,0
40,62,8,0,2,0,0,0,0,0,0,0
40,63,1,3007.12165607544,435.999207261261,0,0,0,115,0,0,0
40,63,2,2821.57420816521,1423.34393016779,0,0,0,112,0,0,0
40,63,3,3025.41070407784,1245.47079884635,0,0,0,127,0,0,0
40,63,4,3230.23371682179,1104.37534090552,0,0,0,91,0,0,0
40,63,5,3592.83806131228,1251.21214784908,0,0,0,193,0,0,0
40,63,6,4925.27429471715,2553.74172557893,0,0,0,71,0,0,0
40,63,7,22003.0730347644,8286.32442880663,28,0,0,294,0,0,0
40,63,8,0,2,0,0,0,0,0,0,0
40,64,1,2981.13098267579,1448.45885355372,0,27,0,16,0,0,0
40,64,2,2806.5552409355,1222.48555214288,0,68,0,74,0,0,0
40,64,3,3019.11118501915,1618.22773539581,0,53,0,71,0,0,0
40,64,4,3217.56666655329,1034.11228385978,0,47,0,63,0,0,0
40,64,5,3591.7224856976,1183.71676880837,0,71,0,54,0,0,0
40,64,6,4957.36290356148,2148.57765181808,0,136,0,119,0,0,0
40,64,7,22030.875699681,7923.63382683676,5,250,0,218,0,0,2
40,64,8,0,2,0,0,0,0,0,0,0
40,65,1,2983.84623761641,1622.29237445621,0,0,0,144,0,0,0
40,65,2,2813.44971690832,1158.06562039372,0,0,0,122,0,0,0
40,65,3,3039.57938747874,825.682062184139,0,0,0,161,0,0,0
40,65,4,3228.8092169891,2181.57622786139,0,0,0,103,0,0,0
40,65,5,3623.52274298378,2437.85191094084,0,0,0,118,0,0,0
40,65,6,5056.13588222193,2145.27764728097,0,0,0,214,0,0,0
40,65,7,22100.6275733175,11545.1439306555,25,0,0,233,0,0,0
40,65,8,0,2,0,0,0,0,0,0,0
40,66,1,3008.98652494225,943.395088560502,0,0,0,162,0,0,0
40,66,2,2826.64321619108,1081.84242076165,0,0,0,115,0,0,0
40,66,3,3050.29931953079,1814.95014833149,0,0,0,82,0,0,0
40,66,4,3264.18220595819,1721.73580182047,0,0,0,180,0,0,0
40,66,5,3683.27012741227,773.761698436231,0,0,0,214,0,0,1
40,66,6,5146.67192462945,2110.18062996995,0,0,0,192,0,0,0
40,66,7,22176.969769785,13483.6393795853,22,1,0,193,0,0,0
40,66,8,0,2,0,0,0,0,0,0,0
40,67,1,3006.99532930551,1004.51529647099,0,0,0,94,0,0,0
40,67,2,2829.39415559706,1585.15293346147,0,0,0,108,0,0,0
40,67,3,3080.281831453,320.427011107914,0,0,0,179,0,0,0
40,67,4,3299.1313493457,715.562010372404,0,0,0,172,0,0,0
40,67,5,3700.24116091044,1884.18352295397,0,0,0,77,0,0,0
40,67,6,5225.01705492899,2785.87907566124,0,0,0,211,0,0,0
40,67,7,22218.5225904891,9796.81168878644,28,0,0,207,0,0,0
40,67,8,0,2,0,0,0,0,0,0,0
40,68,1,3022.51370816746,782.965173314297,0,0,0,100,0,0,0
40,68,2,2847.9926843916,1256.36269195057,2,0,0,147,0,0,0
40,68,3,3079.02145596759,1073.25716906342,0,0,0,32,0,0,0
40,68,4,3304.87839051789,1763.55208979752,0,0,0,71,0,0,0
40,68,5,3752.99667154195,1014.29662453777,5,0,0,162,0,0,0
40,68,6,5313.73250709295,2118.97373951252,19,0,0,185,0,0,0
40,68,7,22297.973666693,6135.01626253266,162,0,0,202,0,0,0
40,68,8,0,2,0,0,0,0,0,0,0
40,69,1,3018.8163976454,1204.13385026342,0,0,0,78,0,0,0
40,69,2,2863.23849292419,1006.71145701283,0,0,0,125,0,0,0
40,69,3,3093.99326371547,1416.07728412032,0,0,0,107,0,0,0
40,69,4,3334.12260008896,1040.91825571053,24,0,0,124,0,0,0
40,69,5,3774.73529682243,1696.15927942406,0,0,0,101,0,0,0
40,69,6,5377.90009507807,2186.0685659833,32,0,0,144,0,0,0
40,69,7,22402.4291817468,7751.27174648162,180,0,0,219,0,0,1
40,69,8,0,2,0,0,0,0,0,0,0
40,70,1,3030.80536121758,724.330324392205,0,0,0,120,0,0,0
40,70,2,2870.41117384291,1204.41559964052,0,0,0,100,0,0,0
40,70,3,3125.44292208072,1408.77760140002,0,0,0,141,0,0,0
40,70,4,3364.27143671807,1811.31107591215,0,0,0,104,0,0,0
40,70,5,3844.40306350304,1178.40578737347,0,0,0,169,0,0,0
40,70,6,5487.93619617788,2536.66284551743,4,0,0,181,0,0,0
40,70,7,22547.0117061212,9183.69434044251,62,0,0,241,0,0,3
40,70,8,0,2,0,0,0,0,0,0,0
40,71,1,3059.28886724484,1430.43476931631,0,0,0,72,0,0,0
40,71,2,2885.22845271208,1548.60534271003,0,0,0,120,0,0,0
40,71,3,3170.06250542531,1566.75406015582,0,0,0,140,0,0,0
40,71,4,3413.03529504327,1465.19490194553,0,0,0,181,0,0,0
40,71,5,3894.70168571421,1554.77819566527,0,0,0,117,0,0,0
40,71,6,5720.78869147039,2461.32143630152,4,0,0,198,0,0,0
40,71,7,22706.2312613001,9841.35900408527,64,0,0,199,0,0,0
40,71,8,0,2,0,0,0,0,0,0,0
40,72,1,3078.70223307171,859.252780192409,0,0,0,143,0,0,0
40,72,2,2909.69173647476,1745.18775080296,0,0,0,154,0,0,0
40,72,3,3213.51235169314,951.475250146611,0,0,0,156,0,0,0
40,72,4,3457.39424161595,957.273593831807,0,0,0,146,0,0,0
40,72,5,3946.37206614718,1540.89842687251,0,0,0,155,0,0,0
40,72,6,5829.71787554858,2036.88473607171,4,0,0,189,0,0,0
40,72,7,22841.7209171659,9771.73166455725,54,0,0,222,0,0,0
40,72,8,0,2,0,0,0,0,0,0,0
40,73,1,3082.72702474245,1606.39435580572,0,0,0,85,0,0,0
40,73,2,2942.05436954934,1144.99345931299,0,0,0,174,0,0,0
40,73,3,3225.29371560536,1162.48298266252,0,0,0,95,0,0,0
40,73,4,3467.88325867969,1369.96455069926,0,0,0,95,0,0,0
40,73,5,3996.08968934903,1267.41420682173,0,0,0,154,0,0,0
40,73,6,5954.30281898097,1155.27266489835,0,0,0,203,0,0,0
40,73,7,22961.8425203611,9692.33142856576,50,0,0,227,0,0,0
40,73,8,0,2,0,0,0,0,0,0,0
40,74,1,3110.97620140912,1823.62733858992,0,0,0,160,0,0,0
40,74,2,2946.19153750931,1564.62623817132,0,0,0,114,0,0,0
40,74,3,3249.21300207526,1555.62583141139,0,0,0,116,0,0,0
40,74,4,3478.59456293431,1935.16126225398,0,0,0,136,0,0,0
40,74,5,4017.40232607888,1360.22315648494,0,0,0,126,0,0,0
40,74,6,6044.34939999872,1682.72214669896,0,0,0,115,0,0,0
40,74,7,23034.3423838246,12036.5334606775,58,0,0,187,0,0,0
40,74,8,0,2,0,0,0,0,0,0,0
40,75,1,3152.30424892443,1730.13431294289,0,0,0,177,0,0,0
40,75,2,2971.40461625533,1519.80864540684,0,0,0,156,0,0,0
40,75,3,3290.37694958156,1297.79434207464,0,0,0,155,0,0,0
40,75,4,3551.2688406308,714.126862966025,0,0,0,187,0,0,0
40,75,5,4067.24911500013,1657.51457994061,0,0,0,136,0,0,0
40,75,6,6146.43305483737,2792.57088328763,0,0,0,168,0,0,0
40,75,7,23132.8916302897,8726.92282134537,0,47,0,197,0,0,0
40,75,8,0,2,0,0,0,0,0,0,0
40,76,1,3184.44317085811,854.682824038427,0,35,0,131,0,0,0
40,76,2,2968.05634752115,1029.45923892252,0,44,0,99,0,0,0
40,76,3,3302.48250778359,978.194877749364,0,23,0,102,0,0,0
40,76,4,3564.26776189633,621.92788394597,0,2,0,69,0,0,0
40,76,5,4098.20814776474,781.393438463491,0,53,0,102,0,0,0
40,76,6,6269.70032099234,2983.78604783518,0,110,0,147,0,0,0
40,76,7,23313.8985865043,5188.82937046302,5,216,0,241,0,0,1
40,76,8,0,2,0,0,0,0,0,0,0
40,77,1,3182.07466587914,716.744746391721,0,0,0,85,0,0,0
40,77,2,2963.79887552873,1397.25756045492,0,0,0,102,0,0,0
40,77,3,3294.08577395218,1422.2774555383,0,0,0,97,0,0,0
40,77,4,3561.04539484026,891.22573621844,0,0,0,62,0,0,0
40,77,5,4109.86462843629,1822.53158058977,0,0,0,78,0,0,0
40,77,6,6373.91199665171,1921.51066870201,10,0,0,180,0,0,1
40,77,7,23366.2083250474,8512.41637167126,31,0,0,193,0,0,0
40,77,8,0,2,0,0,0,0,0,0,0
40,78,1,3165.49701294848,1055.85885329542,0,0,0,71,0,0,0
40,78,2,2961.01537370623,780.318166147,0,0,0,139,0,0,0
40,78,3,3279.23153907568,1585.91135544287,0,0,0,142,0,0,0
40,78,4,3550.75980687835,1250.70688144745,0,0,0,89,0,0,0
40,78,5,4150.35830842656,3059.03629858151,0,0,0,182,0,0,0
40,78,6,6451.38514527048,690.436685924079,0,0,0,170,0,0,0
40,78,7,23409.7222138304,6769.17635400052,29,0,0,182,0,0,0
40,78,8,0,2,0,0,0,0,0,0,0
40,79,1,3196.47072104032,1428.92992252278,0,0,0,105,0,0,0
40,79,2,2942.71827947427,1361.59937562015,0,0,0,78,0,0,0
40,79,3,3305.50387188419,1351.156114018,0,0,0,158,0,0,0
40,79,4,3580.56672008298,1661.662862326,0,0,0,125,0,0,0
40,79,5,4201.16632344158,1772.98624543253,13,0,0,192,0,0,0
40,79,6,6475.8887824258,2280.69479794803,0,0,0,69,0,0,0
40,79,7,23483.4496382336,8460.41159222365,56,0,0,211,0,0,0
40,79,8,0,2,0,0,0,0,0,0,0
40,80,1,3207.0753344973,1336.77046982999,0,0,0,142,0,0,0
40,80,2,2951.11815577926,1055.81338816557,0,0,0,136,0,0,0
40,80,3,3312.17582386881,1781.13911310256,0,0,0,135,0,0,0
40,80,4,3602.11419438194,1513.26632667739,0,0,0,165,0,0,0
40,80,5,4259.59292073246,2135.18562620929,0,0,0,177,0,0,0
40,80,6,6622.66234924158,1878.52549241404,0,0,0,205,0,0,1
40,80,7,23526.8196816171,10243.063752199,42,0,0,184,0,0,1
40,80,8,0,2,0,0,0,0,0,0,0
40,81,1,3229.01140649003,1230.98693163051,0,0,0,133,0,0,0
40,81,2,2966.63660520514,726.313117082536,0,0,0,105,0,0,0
40,81,3,3360.2319249824,1271.94508893568,0,0,0,157,0,0,0
40,81,4,3668.97856968223,1572.41378963261,0,0,0,151,0,0,0
40,81,5,4366.94095224309,905.046859231982,0,0,0,198,0,0,0
40,81,6,6776.02710354996,1486.60234502615,0,0,0,187,0,0,0
40,81,7,23668.1988476149,8542.57844594744,41,0,0,224,0,0,0
40,81,8,0,2,0,0,0,0,0,0,0
40,82,1,3264.10191072205,815.267751530835,0,0,0,123,0,0,0
40,82,2,2957.36870584343,1810.57951199259,0,0,0,72,0,0,0
40,82,3,3381.73022587901,1042.10769364204,0,0,0,127,0,0,0
40,82,4,3710.4416112692,2593.94538241995,0,0,0,157,0,0,0
40,82,5,4401.70705678647,1083.29482213131,0,0,0,90,0,0,0
40,82,6,6865.27739015661,3773.28380007991,0,0,0,148,0,0,0
40,82,7,23728.8560025698,6222.02856234758,0,155,0,198,0,0,0
40,82,8,0,2,0,0,0,0,0,0,0
40,83,1,3255.14401403846,1087.41274774015,0,0,0,81,0,0,0
40,83,2,2967.63855710734,1346.34761272377,0,0,0,179,0,0,0
40,83,3,3364.98653979882,1199.4852071738,0,0,0,104,0,0,0
40,83,4,3733.76894198324,1387.8560200796,6,0,0,184,0,0,0
40,83,5,4411.5581083401,1472.70833337111,0,0,0,108,0,0,0
40,83,6,6927.16458996635,4786.32633222682,18,0,0,182,0,0,0
40,83,7,23761.3611397098,13413.9217148139,41,0,0,175,0,0,0
40,83,8,0,2,0,0,0,0,0,0,0
40,84,1,3257.96694498213,1359.11631768478,0,0,0,108,0,0,0
40,84,2,2966.7178708984,1508.02304257092,0,0,0,134,0,0,0
40,84,3,3382.4005412542,1849.15778258803,0,0,0,119,0,0,0
40,84,4,3748.90110118406,1559.57233690001,0,0,0,138,0,0,0
40,84,5,4447.81403720778,1661.80027560267,0,0,0,147,0,0,0
40,84,6,7042.99501129165,3730.66351813191,7,0,0,199,0,0,0
40,84,7,23815.9880571767,4505.77985578562,30,0,0,194,0,0,1
40,84,8,0,2,0,0,0,0,0,0,0
40,85,1,3245.81168239281,1245.7060786742,0,63,0,72,0,0,0
40,85,2,2946.17925581043,834.810324654835,0,82,0,68,0,0,0
40,85,3,3358.08496291609,820.442139528226,0,102,0,82,0,0,0
40,85,4,3745.2656801717,1786.14557464412,0,82,0,73,0,0,0
40,85,5,4451.54939087994,1499.73360249721,0,85,0,81,0,0,0
40,85,6,7128.86531807873,2896.49806732094,0,176,0,187,0,0,0
40,85,7,23850.2327337496,12450.9623409068,1,173,0,186,0,0,3
40,85,8,0,2,0,0,0,0,0,0,0
40,86,1,3249.98494358119,1999.51334037064,0,0,0,124,0,0,0
40,86,2,2946.19077523701,631.533151248204,0,0,0,83,0,0,0
40,86,3,3365.30461880389,1634.6809619915,0,0,0,82,0,0,0
40,86,4,3778.72662701488,2008.03333361362,0,0,0,178,0,0,0
40,86,5,4492.1775956212,1264.33950185832,0,0,0,149,0,0,0
40,86,6,7230.06149678311,1869.39260336853,2,0,0,207,0,0,0
40,86,7,23929.0396737826,10369.157585318,20,2,0,383,0,0,0
40,86,8,0,2,0,0,0,0,0,0,0
40,87,1,3316.58815610857,1148.02214453107,0,0,0,191,0,0,0
40,87,2,2948.0606983323,1177.03162648314,0,0,0,63,0,0,0
40,87,3,3418.21031044719,1701.88396701788,0,0,0,163,0,0,0
40,87,4,3850.28111343325,1823.75842284781,0,0,0,200,0,0,0
40,87,5,4566.26284083722,1048.12946541463,0,0,0,126,0,0,0
40,87,6,7432.22782327647,2573.18352951285,0,0,0,186,0,0,0
40,87,7,24096.7003416327,10263.2625443941,19,0,0,266,0,0,3
40,87,8,0,2,0,0,0,0,0,0,0
40,88,1,3354.98542462317,1119.70615435651,0,0,0,114,0,0,0
40,88,2,2994.47482693341,1772.77645887425,0,0,0,117,0,0,0
40,88,3,3525.69844785358,1175.67586997499,0,0,0,170,0,0,0
40,88,4,3998.61591498888,1119.33191857582,0,0,0,182,0,0,0
40,88,5,4644.22518978221,1208.01742656745,0,0,0,104,0,0,0
40,88,6,7687.33467416252,4199.70559431798,1,0,0,199,0,0,0
40,88,7,24273.0038501454,12244.5036773536,27,0,0,196,0,0,0
40,88,8,0,2,0,0,0,0,0,0,0
40,89,1,3387.99814622774,1245.40629579715,0,0,0,111,0,0,0
40,89,2,3038.41793512605,826.693234201092,0,0,0,177,0,0,0
40,89,3,3550.44182421102,1271.7273746735,0,0,0,117,0,0,0
40,89,4,4027.77238556436,937.398234985648,0,0,0,111,0,0,0
40,89,5,4691.29414897143,1977.55132305124,0,0,0,120,0,0,0
40,89,6,7892.2094581617,2247.6760943273,6,0,0,226,0,0,0
40,89,7,24349.3942940214,9185.58278468223,35,0,0,199,0,0,0
40,89,8,0,2,0,0,0,0,0,0,0
40,90,1,3409.00582668721,1241.82175140628,0,0,0,124,0,0,0
40,90,2,3037.27247687931,1026.80623962784,0,0,0,82,0,0,0
40,90,3,3571.70090592521,1533.86673461062,0,0,0,127,0,0,0
40,90,4,4038.90662615327,2011.77972181705,0,0,0,93,0,0,0
40,90,5,4752.18721679883,1555.63140067419,10,0,0,158,0,0,0
40,90,6,8007.46090319418,3572.92890246589,15,0,0,166,0,0,0
40,90,7,24452.2010266015,11753.617678614,155,0,0,313,0,0,0
40,90,8,0,2,0,0,0,0,0,0,0
40,91,1,3453.2509977375,921.201533993131,0,0,0,124,0,0,0
40,91,2,3059.66191332989,753.25619183329,0,0,0,102,0,0,0
40,91,3,3590.74062384676,2487.09910519952,0,0,0,153,0,0,0
40,91,4,4103.3270889492,1506.74862352017,0,0,0,201,0,0,0
40,91,5,4818.69914376739,2269.32636914243,0,0,0,155,0,0,0
40,91,6,8177.00500770638,4125.59032222567,11,0,0,209,0,0,0
40,91,7,24544.8621511321,16237.9169364841,80,0,0,182,0,0,0
40,91,8,0,2,0,0,0,0,0,0,0
40,92,1,3446.12875607533,1884.37320455291,0,0,0,92,0,0,0
40,92,2,3038.11569196054,1291.34741588811,0,0,0,75,0,0,0
40,92,3,3615.08253292179,1333.7938569039,1,0,0,202,0,0,0
40,92,4,4110.30261803857,1623.65060326255,0,0,0,150,0,0,0
40,92,5,4857.78434104326,1894.47964113538,1,0,0,183,0,0,0
40,92,6,8261.07571733956,5464.69359079336,8,0,0,191,0,0,0
40,92,7,24570.3109817811,12397.1730270619,55,0,0,186,0,0,0
40,92,8,0,2,0,0,0,0,0,0,0
40,93,1,3442.87695237512,2006.20273162316,12,0,0,133,0,0,1
40,93,2,3042.499124683,1933.22544551667,0,0,0,129,0,0,0
40,93,3,3623.10026242968,1720.07326792902,0,0,0,133,0,0,0
40,93,4,4156.25018051008,2087.35535386185,0,0,0,162,0,0,0
40,93,5,4904.1780883916,1852.37743095143,0,0,0,187,0,0,0
40,93,6,8382.22517840352,2540.31301359167,81,0,0,186,0,0,0
40,93,7,24625.0413166958,8146.2321103278,226,0,0,244,0,0,0
40,93,8,0,2,0,0,0,0,0,0,0
40,94,1,3453.30760060649,619.300262163449,44,0,0,121,0,0,0
40,94,2,3070.68723535258,1115.11372932876,29,0,0,140,0,0,0
40,94,3,3668.38097811511,1621.61256812613,5,0,0,163,0,0,0
40,94,4,4190.70397782603,1895.44153334946,29,0,0,156,0,0,0
40,94,5,4970.39793848586,1424.68682984409,21,0,0,147,0,0,0
40,94,6,8509.09185584219,1898.98463964052,69,0,0,129,0,0,0
40,94,7,24748.2938532122,12175.8046900944,283,0,0,305,0,0,0
40,94,8,0,2,0,0,0,0,0,0,0
40,95,1,3439.22136166854,1367.69022109873,0,0,0,61,0,0,0
40,95,2,3071.39913597122,1719.74780286594,0,0,0,111,0,0,0
40,95,3,3697.62700749284,960.720376827152,0,0,0,162,0,0,0
40,95,4,4279.60288508916,1969.36207864858,0,0,0,184,0,0,0
40,95,5,5005.64449026541,2357.87702726874,0,0,0,142,0,0,0
40,95,6,8643.90562011109,3407.59275712663,0,0,0,189,0,0,0
40,95,7,24812.230920212,13664.7449670317,59,0,0,206,0,0,0
40,95,8,0,2,0,0,0,0,0,0,0
40,96,1,3432.23173760605,1522.42533757431,0,0,0,136,0,0,0
40,96,2,3080.67645252686,1447.27018479401,0,0,0,171,0,0,0
40,96,3,3689.71462726664,1741.31008623698,0,0,0,96,0,0,0
40,96,4,4354.92037990826,1036.28286505341,0,0,0,196,0,0,0
40,96,5,5069.24166608455,2837.42256199334,2,0,0,187,0,0,0
40,96,6,8884.07091788572,2835.15529651953,2,0,0,267,0,0,0
40,96,7,24908.6322510605,8136.24056718032,45,0,0,259,0,0,1
40,96,8,0,2,0,0,0,0,0,0,0
40,97,1,3436.82905232467,1552.5355887474,32,0,0,110,0,0,0
40,97,2,3094.18768348477,1456.77695939898,8,0,0,134,0,0,0
40,97,3,3748.74507932875,1646.46963110806,21,0,0,146,0,0,0
40,97,4,4401.20424919102,1716.51286697372,2,0,0,101,0,0,0
40,97,5,5161.54173611484,3172.49294849872,95,0,0,160,0,0,0
40,97,6,9010.58221087659,2248.01784934657,124,0,0,122,0,0,0
40,97,7,25037.8748521169,11810.9060440003,188,4,0,180,0,0,1
40,97,8,0,2,0,0,0,0,0,0,0
40,98,1,3450.9781715498,914.07489741166,0,0,0,155,0,0,0
40,98,2,3104.86825597824,1460.81444516687,0,0,0,145,0,0,0
40,98,3,3779.79246390156,1216.70627450482,0,0,0,164,0,0,0
40,98,4,4487.64822583274,1452.48786135866,0,0,0,171,0,0,0
40,98,5,5249.65925695944,1471.06106988038,6,0,0,231,0,0,0
40,98,6,9206.10083570152,2597.26912710742,4,0,0,162,0,0,0
40,98,7,25145.9461824209,16976.059074178,66,0,0,259,0,0,0
40,98,8,0,2,0,0,0,0,0,0,0
40,99,1,3429.43684220615,1667.57769490537,0,0,0,91,0,0,0
40,99,2,3093.43023280377,1095.02029500318,0,0,0,146,0,0,0
40,99,3,3751.10887242738,966.191194154926,0,0,0,121,0,0,0
40,99,4,4492.98788169963,2044.30112870555,0,0,0,145,0,0,0
40,99,5,5287.72039776313,2907.4896698837,0,0,0,147,0,0,0
40,99,6,9329.37342417621,3976.9638109995,0,1,0,206,0,0,0
40,99,7,25169.7708010001,8428.32796914887,0,48,0,193,0,0,0
40,99,8,0,2,0,0,0,0,0,0,0
40,100,1,3442.61874051381,1195.38847361095,0,29,0,116,0,0,0
40,100,2,3101.33522824835,1477.85097000897,0,0,0,109,0,0,0
40,100,3,3763.70988303041,1830.85791882535,0,0,0,96,0,0,0
40,100,4,4611.16083512278,944.727497998557,0,39,0,138,0,0,0
40,100,5,5377.26718987303,1330.22674855426,0,92,0,134,0,0,0
40,100,6,9551.06632348018,3677.55215754162,0,142,0,156,0,0,0
40,100,7,25428.9898643313,7343.21962863636,0,291,0,348,0,0,0
40,100,8,0,2,0,0,0,0,0,0,0
41,1,1,2893.144,833.333219566572,0,0,0,8,0,0,0
41,1,2,2890.9536,828.788301575982,0,0,0,14,0,0,0
41,1,3,2908.688,815.152496685175,0,0,0,97,0,0,0
41,1,4,2911.056,1320.78325373074,0,0,0,97,0,0,0
41,1,5,2897.1696,821.462520532542,0,0,0,41,0,0,0
41,1,6,2906.616,495.96773720629,0,0,0,76,0,0,0
41,1,7,19569.1279999999,7885.55840172869,0,0,0,85,0,0,0
41,1,8,0,5,0,0,0,62,0,0,0
41,2,1,2898.536,1093.82324317281,0,0,0,83,0,0,0
41,2,2,2891.9472,1010.43367057855,0,0,0,82,0,0,0
41,2,3,2913.472,1225.61402456813,0,0,0,81,0,0,0
41,2,4,2922.624,1262.53749788655,0,0,0,132,0,0,0
41,2,5,2899.1168,1681.09584502849,0,0,0,82,0,0,0
41,2,6,2904.336,1284.69140796552,0,0,0,49,0,0,0
41,2,7,19518.7055999999,10867.483285003,5,11,0,281,0,0,0
41,2,8,0,5,0,0,0,0,0,0,0
41,3,1,2908.61599999999,826.562280601983,0,0,0,109,0,0,0
41,3,2,2899.2272,563.026483540005,0,0,0,101,0,0,0
41,3,3,2922.77599999999,1124.59622614037,0,0,0,122,0,0,0
41,3,4,2932.2944,942.959801781292,0,0,0,126,0,0,0
41,3,5,2919.92608,1518.24826680376,0,0,0,168,0,0,0
41,3,6,2916.91648,1300.54697862602,0,0,0,128,0,0,0
41,3,7,19458.7983999997,8343.16241187942,0,180,0,220,0,0,0
41,3,8,0,5,0,0,0,0,0,0,0
41,4,1,2913.608,1015.57160293908,0,0,0,82,0,0,0
41,4,2,2899.2128,1183.68454620921,0,0,0,56,0,0,0
41,4,3,2932.9632,983.927560372578,0,0,0,112,0,0,0
41,4,4,2940.08,1460.39769403642,0,0,0,94,0,0,0
41,4,5,2940.643136,1044.17269832683,0,0,0,151,0,0,0
41,4,6,2933.44505600001,521.036141158197,0,0,0,130,0,0,0
41,4,7,19431.7113599996,10968.0001821901,30,0,0,225,0,0,0
41,4,8,0,5,0,0,0,0,0,0,0
41,5,1,2921.98048000001,994.147103867141,0,0,0,101,0,0,0
41,5,2,2907.86432000001,1411.91588374224,0,0,0,118,0,0,0
41,5,3,2940.88096,733.446447867741,0,0,0,98,0,0,0
41,5,4,2954.31648000001,906.162440224581,0,0,0,146,0,0,0
41,5,5,2951.39192320001,468.404959267236,0,0,0,104,0,0,0
41,5,6,2932.66904320001,1791.09627663708,0,0,0,52,0,0,0
41,5,7,19385.7749119994,10892.0933179071,0,39,0,201,0,0,0
41,5,8,0,5,0,0,0,0,0,0,0
41,6,1,2911.75008000001,1233.3226904527,0,64,0,35,0,0,0
41,6,2,2902.93376000001,605.68962017681,0,70,0,71,0,0,0
41,6,3,2929.03264,899.213079734782,0,39,0,34,0,0,0
41,6,4,2945.37408000001,1539.15874601126,0,57,0,33,0,0,0
41,6,5,2936.85080320001,1653.63882095772,0,29,0,17,0,0,0
41,6,6,2933.74622720001,1602.42019064651,0,101,0,78,0,0,0
41,6,7,19332.0575615993,4755.22416982796,7,193,0,191,0,0,4
41,6,8,0,5,0,0,0,0,0,0,0
41,7,1,2924.94208000001,1078.89788685161,0,0,0,123,0,0,0
41,7,2,2906.34656000001,1232.25933897686,0,0,0,60,0,0,0
41,7,3,2937.63264,1329.2576215351,0,0,0,89,0,0,0
41,7,4,2968.22886400001,966.850299309537,0,0,0,153,0,0,0
41,7,5,2964.3372032,2083.14526032728,0,0,0,165,0,0,0
41,7,6,2959.32702720001,1310.68643182247,0,0,0,160,0,0,0
41,7,7,19305.8134015993,7919.44804034254,52,0,0,180,0,0,0
41,7,8,0,5,0,0,0,0,0,0,0
41,8,1,2937.16646400001,1370.24203869792,0,0,0,107,0,0,0
41,8,2,2918.33088000001,1175.0418843453,0,0,0,123,0,0,0
41,8,3,2954.92416,1793.332906415,0,0,0,132,0,0,0
41,8,4,2977.47212800001,904.085031267604,0,0,0,96,0,0,0
41,8,5,2999.6421632,1355.58552997077,0,0,0,208,0,0,0
41,8,6,2982.14008320001,1242.9423012357,0,0,0,131,0,0,0
41,8,7,19288.8879615993,6944.43499592529,31,0,0,218,0,0,0
41,8,8,0,5,0,0,0,0,0,0,0
41,9,1,2951.54880000001,1037.75044072207,0,0,0,137,0,0,0
41,9,2,2926.91168000001,1114.60950560996,0,0,0,117,0,0,0
41,9,3,2983.025536,817.346147257932,0,0,0,179,0,0,0
41,9,4,2984.12563200001,782.873403554982,0,0,0,90,0,0,0
41,9,5,3017.9669632,1320.16202968261,0,0,0,135,0,0,0
41,9,6,3000.26278400001,820.563414401519,0,0,0,124,0,0,0
41,9,7,19265.3911295993,8866.18640239875,42,0,0,203,0,0,0
41,9,8,0,5,0,0,0,0,0,0,0
41,10,1,2962.11129600001,1867.8610938393,0,0,0,103,0,0,0
41,10,2,2941.55041280001,651.248603384776,0,0,0,111,0,0,0
41,10,3,2988.428032,1479.83101122667,0,0,0,81,0,0,0
41,10,4,2994.10081280001,1190.54202451756,0,0,0,78,0,0,0
41,10,5,3036.5459712,2170.0574208295,0,0,0,132,0,0,0
41,10,6,3009.13100800001,1479.29656811245,0,0,0,82,0,0,0
41,10,7,19261.4308787192,10987.991387906,40,0,0,209,0,0,0
41,10,8,0,5,0,0,0,0,0,0,0
41,11,1,2981.8620672,1521.57212338369,0,0,0,186,0,0,0
41,11,2,2941.09473280001,1378.03120641429,0,0,0,65,0,0,0
41,11,3,3004.2164352,1408.85234664169,0,0,0,147,0,0,0
41,11,4,3003.59687680001,1132.23732507815,0,0,0,119,0,0,0
41,11,5,3060.581312,1144.97109385717,2,0,0,175,0,0,0
41,11,6,3028.82476800001,524.37742485111,0,0,0,141,0,0,0
41,11,7,19239.9035315192,7925.65455538994,50,0,0,178,0,0,0
41,11,8,0,5,0,0,0,0,0,0,0
41,12,1,3001.56949760001,1588.8443353834,0,0,0,152,0,0,0
41,12,2,2955.72359680001,1965.52100167569,0,0,0,137,0,0,0
41,12,3,3024.03104,2027.35580260263,0,0,0,140,0,0,0
41,12,4,3016.25345536002,800.232017950546,0,0,0,113,0,0,0
41,12,5,3078.33058304,1259.22932657535,0,0,0,114,0,0,0
41,12,6,3029.82380800001,528.047683873334,0,0,0,52,0,0,0
41,12,7,19223.8381107191,9717.7625520783,68,0,0,217,0,0,3
41,12,8,0,5,0,0,0,0,0,0,0
41,13,1,3019.33711104001,840.213296876493,0,0,0,158,0,0,0
41,13,2,2978.95150080001,1800.1277352009,0,0,0,195,0,0,0
41,13,3,3048.42680064001,1661.760702557,0,0,0,197,0,0,0
41,13,4,3015.74785536002,1310.02731339717,0,0,0,80,0,0,0
41,13,5,3093.43996416,1040.65329618251,0,0,0,125,0,0,0
41,13,6,3032.47507200001,1501.11935181454,0,0,0,52,0,0,0
41,13,7,19206.094095871,10062.9648135498,59,0,0,206,0,0,0
41,13,8,0,5,0,0,0,0,0,0,0
41,14,1,3017.77865984001,992.58647580046,0,0,0,84,0,0,0
41,14,2,2991.33281280001,1353.81873052328,0,0,0,172,0,0,0
41,14,3,3060.87403264001,1366.85274976476,0,0,0,166,0,0,0
41,14,4,3024.35943936002,903.471705314001,0,0,0,131,0,0,0
41,14,5,3102.93782272001,1481.60393682853,0,0,0,104,0,0,0
41,14,6,3051.36325120001,1787.73477145748,0,0,0,150,0,0,0
41,14,7,19177.140508671,11503.7976185368,0,51,0,198,0,0,0
41,14,8,0,5,0,0,0,0,0,0,0
41,15,1,3014.39784960001,1497.86705423336,0,0,0,99,0,0,0
41,15,2,2995.03612160001,1066.32296738001,0,0,0,135,0,0,0
41,15,3,3061.37969664001,1521.49168496471,0,0,0,136,0,0,0
41,15,4,3021.09121536002,1381.12515468698,0,0,0,90,0,0,0
41,15,5,3113.9969024,635.703299245475,0,7,0,136,0,0,0
41,15,6,3067.47430400001,1772.56280387395,0,22,0,140,0,0,0
41,15,7,19193.077043711,5753.84158088566,1,372,0,428,0,0,0
41,15,8,0,5,0,0,0,0,0,0,0
41,16,1,3024.13694720002,1048.62367509827,0,0,0,149,0,0,0
41,16,2,2988.06605363202,1089.74664323105,0,0,0,106,0,0,0
41,16,3,3072.20013568001,1591.28603493623,0,0,0,152,0,0,0
41,16,4,3030.44172595202,1512.13908818396,0,0,0,138,0,0,0
41,16,5,3111.56510976001,1085.10881876138,0,0,0,63,0,0,0
41,16,6,3099.39498240001,1298.63650496979,0,0,0,177,0,0,0
41,16,7,19228.081984511,10680.7054783804,28,0,0,221,0,0,0
41,16,8,0,5,0,0,0,0,0,0,0
41,17,1,3021.73891840002,1125.69003600093,0,0,0,104,0,0,0
41,17,2,2986.00742963201,939.355619195649,0,0,0,108,0,0,0
41,17,3,3078.55033344002,1019.34798207345,0,0,0,159,0,0,0
41,17,4,3040.69774899202,1169.98544740786,0,0,0,151,0,0,0
41,17,5,3116.15725056001,1744.37568079015,0,0,0,108,0,0,0
41,17,6,3118.81796352001,1505.99193295016,0,0,0,129,0,0,0
41,17,7,19261.371684351,7582.95551302181,28,0,0,255,0,0,0
41,17,8,0,5,0,0,0,0,0,0,0
41,18,1,3020.98413056002,1039.08175807008,0,0,0,112,0,0,0
41,18,2,2984.08850483201,1541.74501737395,0,0,0,93,0,0,0
41,18,3,3075.38758184962,1814.7561120075,0,0,0,101,0,0,0
41,18,4,3041.58913024002,1533.55094910145,0,0,0,116,0,0,0
41,18,5,3138.66496716801,1391.52834990178,0,0,0,174,0,0,0
41,18,6,3150.30777907201,1196.16158158236,0,0,0,150,0,0,0
41,18,7,19280.502715903,8815.419397836,121,0,0,153,0,0,0
41,18,8,0,5,0,0,0,0,0,0,0
41,19,1,3030.62855229442,2060.19675012828,0,0,0,103,0,0,0
41,19,2,2993.34285475841,1284.68463430413,0,0,0,154,0,0,0
41,19,3,3099.63154728962,1107.30774334286,0,0,0,181,0,0,0
41,19,4,3058.5702684877,1852.38021301551,0,0,0,153,0,0,0
41,19,5,3161.25148016641,1304.32044576377,0,0,0,139,0,0,0
41,19,6,3171.68244776961,1701.20136768405,0,0,0,119,0,0,0
41,19,7,19320.861586431,10154.7401221891,51,0,0,214,0,0,0
41,19,8,0,5,0,0,0,0,0,0,0
41,20,1,3051.33926205442,1370.49866816762,0,0,0,205,0,0,0
41,20,2,2987.83053414402,1231.83046299493,0,0,0,128,0,0,0
41,20,3,3095.37958696962,939.576679043555,0,0,0,110,0,0,0
41,20,4,3080.9339605197,1815.9031114149,0,0,0,185,0,0,0
41,20,5,3170.12997070849,1690.40839472784,0,0,0,130,0,0,0
41,20,6,3199.38975672321,1919.65900565818,0,0,0,166,0,0,0
41,20,7,19342.0557931509,7272.18651346966,0,46,0,181,0,0,0
41,20,8,0,5,0,0,0,0,0,0,0
41,21,1,3058.81239538076,1451.0115587164,0,17,0,113,0,0,0
41,21,2,2982.9269292237,799.1912272501,0,5,0,116,0,0,0
41,21,3,3081.5797725389,1350.27370803915,0,0,0,93,0,0,0
41,21,4,3099.05335558146,547.240933520769,0,31,0,137,0,0,0
41,21,5,3204.67451667744,1161.26581156704,0,10,0,155,0,0,0
41,21,6,3225.85922887682,1385.32101638826,0,42,0,133,0,0,0
41,21,7,19431.4893158389,12052.2687558468,0,275,0,342,0,0,0
41,21,8,0,5,0,0,0,0,0,0,0
41,22,1,3061.16486386075,896.125898480688,0,0,0,145,0,0,0
41,22,2,2964.1311731917,2038.70661898879,0,0,0,79,0,0,0
41,22,3,3079.67721807464,1643.9680423063,0,0,0,135,0,0,0
41,22,4,3076.78643718146,1311.51991194226,0,0,0,54,0,0,0
41,22,5,3215.13477551392,1084.78852210733,0,0,0,116,0,0,0
41,22,6,3245.5908199629,1298.54089399548,0,0,0,138,0,0,0
41,22,7,19463.054474239,3831.50239826609,28,0,0,192,0,0,0
41,22,8,0,5,0,0,0,0,0,0,0
41,23,1,3050.78700622235,1250.65141525218,0,0,0,89,0,0,0
41,23,2,2968.3693376717,652.887940355878,0,0,0,199,0,0,1
41,23,3,3079.0187309261,466.509135980951,0,0,0,164,0,0,0
41,23,4,3078.15964565506,1584.53161414973,0,0,0,131,0,0,0
41,23,5,3212.47061626144,976.211380070457,0,0,0,108,0,0,0
41,23,6,3264.3670017229,1946.74754726698,0,0,0,129,0,0,0
41,23,7,19484.502653439,9743.94433524747,26,0,0,173,0,0,0
41,23,8,0,5,0,0,0,0,0,0,0
41,24,1,3057.73782647195,1458.84794018836,0,0,0,125,0,0,0
41,24,2,2948.7919260877,922.923226429428,0,0,0,65,0,0,0
41,24,3,3053.99896202774,1898.31385108263,0,0,0,46,0,0,0
41,24,4,3079.49095112706,638.026307749643,0,0,0,158,0,0,0
41,24,5,3214.78341191763,1422.14949031609,0,0,0,97,0,0,0
41,24,6,3293.05541847451,416.704654978588,0,0,0,182,0,0,0
41,24,7,19521.585276927,6462.59680805434,2,22,0,237,0,0,0
41,24,8,0,5,0,0,0,0,0,0,0
41,25,1,3041.77744564635,1647.0010401386,0,87,0,58,0,0,0
41,25,2,2920.96567265282,997.596016187765,0,54,0,38,0,0,0
41,25,3,3042.15330790935,1077.34229648263,0,96,0,93,0,0,0
41,25,4,3055.43816239106,975.064390069107,0,37,0,26,0,0,0
41,25,5,3202.88094177363,605.81205213382,0,73,0,69,0,0,0
41,25,6,3280.77449431451,954.547744204939,0,19,0,22,0,0,0
41,25,7,19580.8093854709,9158.68966407613,0,343,0,303,0,0,0
41,25,8,0,5,0,0,0,0,0,0,0
41,26,1,3062.22447274395,723.869911630348,0,0,0,164,0,0,0
41,26,2,2925.35592929282,871.979301285541,0,0,0,99,0,0,0
41,26,3,3044.21285909629,1699.13579013422,0,0,0,107,0,0,0
41,26,4,3061.64132644866,1274.04140763748,0,0,0,97,0,0,0
41,26,5,3198.22250955245,1977.85216072032,0,0,0,60,0,0,0
41,26,6,3293.24031498652,1292.50969475776,0,0,0,95,0,0,0
41,26,7,19610.0610129909,7550.72850618912,29,0,0,192,0,0,0
41,26,8,0,5,0,0,0,0,0,0,0
41,27,1,3064.64786958747,629.156554113319,0,0,0,72,0,0,0
41,27,2,2925.02575329282,605.898604391447,0,0,0,87,0,0,0
41,27,3,3066.9017038414,1171.16983732618,0,0,0,169,0,0,0
41,27,4,3076.07650371586,1371.01874318417,0,0,0,127,0,0,0
41,27,5,3237.33941745682,1923.26739361961,0,0,0,197,0,0,0
41,27,6,3319.25619433884,874.661290326226,0,0,0,129,0,0,0
41,27,7,19650.8851902453,10259.8847568925,21,0,0,194,0,0,5
41,27,8,0,5,0,0,0,0,0,0,0
41,28,1,3063.85303812507,1703.847968818,0,0,0,62,0,0,0
41,28,2,2922.25952327682,1102.31805337087,0,0,0,60,0,0,0
41,28,3,3073.75252185025,1451.62143353392,0,0,0,117,0,0,0
41,28,4,3090.59241503623,1086.82034389902,0,0,0,137,0,0,0
41,28,5,3271.75945385691,1666.08356296486,0,0,0,178,0,0,0
41,28,6,3331.20934103042,1205.38582167183,0,0,0,87,0,0,0
41,28,7,19703.3498824897,7220.2457937044,27,0,0,210,0,0,0
41,28,8,0,5,0,0,0,0,0,0,0
41,29,1,3084.54750878107,1575.23372241791,9,0,0,150,0,0,0
41,29,2,2924.71799670376,912.176292746687,0,0,0,110,0,0,0
41,29,3,3089.16347803585,1454.68932146659,0,0,0,144,0,0,0
41,29,4,3090.56034441811,1172.29452730093,0,0,0,108,0,0,0
41,29,5,3301.91866373441,2056.60161376295,0,0,0,166,0,0,0
41,29,6,3355.39021737904,1789.24730157964,0,0,0,120,0,0,0
41,29,7,19732.8671660675,3919.9748838392,189,1,0,180,0,0,2
41,29,8,0,5,0,0,0,0,0,0,0
41,30,1,3085.96991461787,1412.24146568839,15,0,0,129,0,0,0
41,30,2,2918.21965582666,573.737574958842,0,0,0,91,0,0,0
41,30,3,3086.83610453317,802.567091348866,4,0,0,137,0,0,0
41,30,4,3084.08064189012,1690.66838020479,0,0,0,117,0,0,0
41,30,5,3305.98448694675,1568.71810426764,34,0,0,141,0,0,0
41,30,6,3376.47108740221,846.875270986092,0,0,0,178,0,0,0
41,30,7,19758.1859423876,7849.92440325962,113,0,0,177,0,0,0
41,30,8,0,5,0,0,0,0,0,0,0
41,31,1,3103.59702511617,1217.73988140925,0,0,0,141,0,0,0
41,31,2,2912.20597354826,1417.84817837354,0,0,0,57,0,0,0
41,31,3,3088.14639672645,997.724873744144,0,0,0,80,0,0,0
41,31,4,3097.04993887148,1932.01903160518,0,0,0,169,0,0,0
41,31,5,3327.6543165696,658.844056165088,0,0,0,156,0,0,0
41,31,6,3390.73903166818,1549.14056300239,0,0,0,84,0,0,0
41,31,7,19799.264179592,6963.70280734176,36,0,0,197,0,0,0
41,31,8,0,5,0,0,0,0,0,0,0
41,32,1,3093.35012620699,2104.02934623373,0,66,0,55,0,0,0
41,32,2,2896.48209350986,926.383934869751,0,78,0,63,0,0,0
41,32,3,3071.51973383903,1575.84415765341,0,41,0,58,0,0,0
41,32,4,3083.9812018229,1157.87993068508,0,92,0,101,0,0,0
41,32,5,3296.26551253684,1727.32212793842,0,46,0,19,0,0,0
41,32,6,3390.19556210428,1139.90719464366,0,57,0,97,0,0,0
41,32,7,19819.6328589136,10119.7113615162,7,183,0,203,0,0,0
41,32,8,0,5,0,0,0,0,0,0,0
41,33,1,3128.08106602497,1656.00108968653,0,0,0,210,0,0,0
41,33,2,2911.15746929789,610.790065164165,0,0,0,92,0,0,0
41,33,3,3092.49670103308,1343.98148943917,0,0,0,157,0,0,0
41,33,4,3096.7134137422,1143.93981331006,0,0,0,115,0,0,0
41,33,5,3328.3380589801,1014.07343640147,0,0,0,172,0,0,0
41,33,6,3410.65273202428,1929.48025173969,0,0,0,113,0,0,0
41,33,7,19864.4970514256,6718.75479400954,27,1,0,207,0,0,0
41,33,8,0,5,0,0,0,0,0,0,0
41,34,1,3146.91480938579,1112.83374153228,0,0,0,161,0,0,0
41,34,2,2905.42145772669,1146.40761858365,0,0,0,61,0,0,0
41,34,3,3107.87227952043,1405.9854504203,0,0,0,134,0,0,0
41,34,4,3100.66473716491,1212.27511940275,0,0,0,114,0,0,0
41,34,5,3334.83270185243,1098.20068587526,0,0,0,101,0,0,0
41,34,6,3440.18220465916,1685.79683011705,1,0,0,178,0,0,0
41,34,7,19896.3351738192,11597.6149633487,58,0,0,186,0,0,0
41,34,8,0,5,0,0,0,0,0,0,0
41,35,1,3154.21527138387,1038.74505072085,0,0,0,111,0,0,0
41,35,2,2907.25366924822,1666.54416532829,0,0,0,114,0,0,0
41,35,3,3120.03280481605,1793.43345012542,0,0,0,140,0,0,0
41,35,4,3106.15028941989,839.58775451392,0,0,0,121,0,0,0
41,35,5,3335.8022581946,1313.11259717204,0,0,0,109,0,0,0
41,35,6,3470.34898036476,1312.32473080053,0,0,0,166,0,0,0
41,35,7,19939.6337166979,11161.1729911414,49,0,0,220,0,0,1
41,35,8,0,5,0,0,0,0,0,0,0
41,36,1,3164.5381545722,1502.00702840003,0,0,0,103,0,0,0
41,36,2,2923.1429949391,1333.42578190476,0,0,0,166,0,0,0
41,36,3,3133.1981210677,1259.75487355468,0,0,0,179,0,0,0
41,36,4,3102.32635223533,2097.22708692598,0,0,0,83,0,0,0
41,36,5,3347.03901364651,1271.88894229521,0,0,0,131,0,0,0
41,36,6,3489.22452287228,2710.56710913079,0,0,0,131,0,0,0
41,36,7,19999.2290223542,9064.79636953275,31,0,0,336,0,0,0
41,36,8,0,5,0,0,0,0,0,0,0
41,37,1,3194.89128286865,1153.33644728325,0,0,0,150,0,0,0
41,37,2,2940.66284570543,841.094901878385,0,0,0,133,0,0,0
41,37,3,3150.03912895698,1136.88837900757,0,0,0,125,0,0,0
41,37,4,3139.93398143935,1218.7834632096,8,0,0,166,0,0,0
41,37,5,3369.20121984631,1308.0491153103,0,0,0,127,0,0,0
41,37,6,3527.1135250832,1256.1489074042,20,0,0,164,0,0,0
41,37,7,20070.282763166,4966.76686404307,132,0,0,218,0,0,0
41,37,8,0,5,0,0,0,0,0,0,0
41,38,1,3207.69610027665,1094.84406234203,0,0,0,115,0,0,0
41,38,2,2933.84156875229,1345.17377916778,0,0,0,84,0,0,0
41,38,3,3153.00107961554,1093.84347881574,0,0,0,113,0,0,0
41,38,4,3148.13961180488,1104.05136064703,0,0,0,121,0,0,0
41,38,5,3380.66996017169,1548.82174797843,0,0,0,130,0,0,0
41,38,6,3550.10114386234,1251.94368375777,0,0,0,125,0,0,0
41,38,7,20095.7314997456,6544.95670139974,136,0,0,169,0,0,0
41,38,8,0,5,0,0,0,0,0,0,0
41,39,1,3210.59021407684,2133.4259658253,0,0,0,109,0,0,0
41,39,2,2941.51908841129,1150.65037350815,0,0,0,134,0,0,0
41,39,3,3149.70881274139,236.816468360059,0,0,0,109,0,0,0
41,39,4,3157.76293256582,1727.92262851428,0,0,0,110,0,0,0
41,39,5,3392.57864081654,957.643930657601,1,0,0,148,0,0,0
41,39,6,3570.78357217594,1069.36893440949,0,0,0,125,0,0,0
41,39,7,20133.3658149891,4738.99714868987,69,0,0,196,0,0,0
41,39,8,0,5,0,0,0,0,0,0,0
41,40,1,3213.49125570807,357.11642048868,32,0,0,139,0,0,0
41,40,2,2933.99265093371,377.360504115138,0,0,0,115,0,0,0
41,40,3,3124.57968173749,1595.68584927273,0,0,0,23,0,0,0
41,40,4,3162.82582291681,1358.93848984323,10,0,0,148,0,0,0
41,40,5,3393.15642639044,1225.53887977742,0,0,0,95,0,0,0
41,40,6,3576.83644560493,1075.07970924601,0,0,0,106,0,0,0
41,40,7,20153.5759781891,8628.22824981105,129,0,0,177,0,0,0
41,40,8,0,5,0,0,0,0,0,0,0
41,41,1,3200.38198470395,816.839608077027,0,0,0,35,0,0,0
41,41,2,2910.23251107661,474.537562909562,0,0,0,37,0,0,0
41,41,3,3135.04889842029,1318.8029756503,0,0,0,159,0,0,0
41,41,4,3173.04576952569,1827.00302902171,0,0,0,135,0,0,0
41,41,5,3395.3867853832,2153.24524342482,0,0,0,122,0,0,0
41,41,6,3587.85273484544,743.549131622386,0,0,0,107,0,0,0
41,41,7,20203.6190510583,7742.81321193532,47,0,0,188,0,0,0
41,41,8,0,5,0,0,0,0,0,0,0
41,42,1,3182.38421123938,953.492398085727,0,33,0,48,0,0,0
41,42,2,2887.50523383629,1339.02840253486,0,23,0,24,0,0,0
41,42,3,3109.03166052307,1277.4929876827,0,65,0,66,0,0,0
41,42,4,3156.81620484197,1865.79976510561,0,80,0,102,0,0,0
41,42,5,3392.15486292618,2250.17982901594,0,97,0,118,0,0,0
41,42,6,3572.87884803738,1986.4544179029,0,39,0,35,0,0,0
41,42,7,20230.5125330627,10072.487216858,8,179,0,190,0,0,1
41,42,8,0,5,0,0,0,0,0,0,0
41,43,1,3184.91181419362,627.821053454862,0,0,0,95,0,0,0
41,43,2,2886.97722729825,1358.80275577906,0,0,0,133,0,0,0
41,43,3,3111.84404197727,920.600753749086,0,0,0,127,0,0,0
41,43,4,3181.39800388817,1531.30443901438,0,0,0,184,0,0,0
41,43,5,3428.58974238128,2194.86936340019,0,0,0,211,0,0,0
41,43,6,3614.29582116506,1504.14745276597,0,0,0,192,0,0,0
41,43,7,20265.0491769703,8092.66517574747,29,0,0,189,0,0,0
41,43,8,0,5,0,0,0,0,0,0,0
41,44,1,3187.53409608248,1920.81046081883,0,0,0,62,0,0,0
41,44,2,2901.38065821353,671.049331727525,0,0,0,135,0,0,0
41,44,3,3116.40554547977,1676.34440427057,0,0,0,92,0,0,0
41,44,4,3200.89834323095,2187.23559620348,0,0,0,153,0,0,0
41,44,5,3497.41987874564,1952.13864358575,1,0,0,184,0,0,1
41,44,6,3666.8682432564,2654.60969073213,0,0,0,150,0,0,0
41,44,7,20335.3874975412,12311.6664604595,20,0,0,210,0,0,5
41,44,8,0,5,0,0,0,0,0,0,0
41,45,1,3222.57056429072,1281.42422420851,0,0,0,192,0,0,0
41,45,2,2894.43812826612,1371.27673288266,0,0,0,67,0,0,0
41,45,3,3138.38375723429,1153.28074530299,0,0,0,167,0,0,0
41,45,4,3230.47586201724,1272.83139326921,0,0,0,208,0,0,0
41,45,5,3532.09103561215,1480.96798488715,0,0,0,182,0,0,0
41,45,6,3719.2411363593,1711.60085204302,0,1,0,198,0,0,0
41,45,7,20384.3929301717,9543.37760892988,22,0,0,216,0,0,3
41,45,8,0,5,0,0,0,0,0,0,0
41,46,1,3242.18011802577,1437.3725888229,0,0,0,128,0,0,0
41,46,2,2905.38510317581,1221.09631806146,0,0,0,137,0,0,0
41,46,3,3153.74910351755,1219.36461770611,0,0,0,115,0,0,0
41,46,4,3261.91612007097,664.312994502457,0,0,0,127,0,0,0
41,46,5,3576.59266488394,1783.88172526747,0,0,0,148,0,0,0
41,46,6,3770.74669821815,1194.83896083127,0,0,0,171,0,0,0
41,46,7,20438.4224439179,8658.07728143739,63,0,0,161,0,0,0
41,46,8,0,5,0,0,0,0,0,0,0
41,47,1,3265.42826270152,1788.97490304511,0,0,0,143,0,0,0
41,47,2,2912.79216121293,1019.55823095687,0,0,0,122,0,0,0
41,47,3,3169.15482149717,1460.34171412357,0,0,0,121,0,0,0
41,47,4,3265.60342481209,771.242039153609,0,0,0,66,0,0,0
41,47,5,3630.1626931971,1126.00140381746,2,0,0,160,0,0,0
41,47,6,3804.85576950543,790.545904978145,0,0,0,119,0,0,0
41,47,7,20504.9634077439,9890.20677296915,95,0,0,212,0,0,1
41,47,8,0,5,0,0,0,0,0,0,0
41,48,1,3314.62774702142,1869.10755320353,0,0,0,177,0,0,0
41,48,2,2916.53725522159,1691.55765741467,0,0,0,101,0,0,0
41,48,3,3207.94274184466,979.007604198648,0,0,0,146,0,0,0
41,48,4,3273.72157712306,1159.55462072413,0,0,0,77,0,0,0
41,48,5,3681.50534997702,994.397290483562,0,0,0,112,0,0,0
41,48,6,3828.69624845413,1841.3165961156,0,0,0,79,0,0,0
41,48,7,20599.5008363866,5830.78199160219,0,49,0,217,0,0,0
41,48,8,0,5,0,0,0,0,0,0,0
41,49,1,3319.87826017011,1216.63533363044,0,52,0,119,0,0,0
41,49,2,2909.0885304977,637.530858506262,0,37,0,121,0,0,0
41,49,3,3208.01338005318,792.714859206453,0,1,0,96,0,0,0
41,49,4,3279.55715268121,1323.39485395767,0,3,0,112,0,0,0
41,49,5,3678.95120572957,2554.16607089111,0,0,0,99,0,0,0
41,49,6,3847.3244610698,2187.35039531017,0,44,0,126,0,0,0
41,49,7,20662.7627811711,11792.3676098345,0,246,0,263,0,0,0
41,49,8,0,5,0,0,0,0,0,0,0
41,50,1,3315.66747585662,1582.45280214011,0,0,0,121,0,0,0
41,50,2,2897.28051866071,1188.85373271255,0,0,0,63,0,0,0
41,50,3,3193.44475710791,1438.99180437329,0,0,0,79,0,0,0
41,50,4,3283.29360817583,1086.44689206818,0,0,0,132,0,0,0
41,50,5,3706.37170000997,2410.42037771418,2,0,0,188,0,0,0
41,50,6,3899.66296001237,1516.36529652645,0,0,0,218,0,0,0
41,50,7,20704.4518906751,4846.4099420422,29,0,0,194,0,0,0
41,50,8,0,5,0,0,0,0,0,0,0
41,51,1,3327.51301235527,1812.66957079624,0,0,0,158,0,0,0
41,51,2,2892.54363898327,1469.81493075994,0,0,0,118,0,0,0
41,51,3,3204.56743045542,579.597832662202,0,0,0,143,0,0,0
41,51,4,3284.64752495421,1657.6022139271,0,0,0,108,0,0,0
41,51,5,3728.39110723784,2324.3040556269,3,0,0,192,0,0,0
41,51,6,3932.87301643866,1477.23719284696,0,0,0,151,0,0,0
41,51,7,20740.7067272062,5172.2227540287,27,0,0,191,0,0,0
41,51,8,0,5,0,0,0,0,0,0,0
41,52,1,3333.33914370198,844.832824448919,0,0,0,181,0,0,0
41,52,2,2891.8566395459,854.13897657858,0,0,0,146,0,0,0
41,52,3,3184.09093288259,1288.80579895153,0,0,0,57,0,0,0
41,52,4,3287.88197293119,1987.09826169962,0,0,0,165,0,0,0
41,52,5,3741.45323831195,1918.78818483379,5,0,0,178,0,0,0
41,52,6,3952.50795720656,2138.86356743266,0,0,0,147,0,0,0
41,52,7,20763.1971618686,9845.39774022322,33,0,0,186,0,0,4
41,52,8,0,5,0,0,0,0,0,0,0
41,53,1,3339.41690043878,1373.33371604826,0,0,0,84,0,0,0
41,53,2,2889.78224150981,2217.18418932489,0,0,0,85,0,0,0
41,53,3,3202.85019727834,970.001160582494,0,0,0,128,0,0,0
41,53,4,3323.75514445527,1115.43540584338,0,0,0,188,0,0,0
41,53,5,3820.99381972547,2663.34268339085,0,0,0,187,0,0,0
41,53,6,4030.37383627228,1580.14962444734,0,0,0,211,0,0,0
41,53,7,20821.0022348095,4547.47283543156,0,38,0,177,0,0,0
41,53,8,0,5,0,0,0,0,0,0,0
41,54,1,3341.64916983564,1374.17918063909,0,11,0,124,0,0,0
41,54,2,2884.26489106847,1433.42748040107,0,88,0,116,0,0,0
41,54,3,3194.87719108849,1070.97738513726,0,0,0,97,0,0,0
41,54,4,3322.58705176519,1250.75261581311,0,0,0,111,0,0,0
41,54,5,3825.77635287771,1843.04307389357,0,106,0,139,0,0,0
41,54,6,4059.47477351632,1619.63583107872,0,15,0,140,0,0,0
41,54,7,20851.0262216143,9700.31735198004,0,201,0,213,0,0,0
41,54,8,0,5,0,0,0,0,0,0,0
41,55,1,3354.66946069287,1109.39073708571,0,0,0,137,0,0,0
41,55,2,2892.3802091815,1500.74107673642,0,0,0,143,0,0,0
41,55,3,3202.73894793936,588.443337567531,0,0,0,107,0,0,0
41,55,4,3327.2632363928,828.316986019155,0,0,0,125,0,0,0
41,55,5,3855.5628251232,1593.36325524068,0,0,0,184,0,0,0
41,55,6,4095.87044958241,1422.33196006033,0,0,0,161,0,0,0
41,55,7,20895.46300781,5879.8916587055,26,0,0,210,0,0,0
41,55,8,0,5,0,0,0,0,0,0,0
41,56,1,3357.69940444489,1152.37748363312,0,0,0,110,0,0,0
41,56,2,2900.80864073067,858.768158797133,0,0,0,150,0,0,0
41,56,3,3193.93374913777,768.567306993237,0,0,0,58,0,0,0
41,56,4,3321.95004095224,1378.63872896295,0,0,0,82,0,0,0
41,56,5,3877.67282600563,2034.18479346854,0,0,0,159,0,0,0
41,56,6,4124.46629263901,2046.82686315472,0,0,0,142,0,0,0
41,56,7,20922.5483763501,5372.9533520765,70,0,0,153,0,0,0
41,56,8,0,5,0,0,0,0,0,0,0
41,57,1,3357.11513842231,1183.26084039357,0,0,0,115,0,0,0
41,57,2,2892.12898264482,1331.64663572835,0,0,0,85,0,0,0
41,57,3,3186.35160331473,777.08590883732,0,0,0,76,0,0,0
41,57,4,3330.57697605496,602.272176506267,0,0,0,137,0,0,0
41,57,5,3900.94835898584,2232.91917251386,5,0,0,184,0,0,0
41,57,6,4162.00948755428,1719.13373205535,13,0,0,160,0,0,0
41,57,7,20950.6953560948,6517.51495245161,110,0,0,168,0,0,3
41,57,8,0,5,0,0,0,0,0,0,0
41,58,1,3363.44571949843,1308.48641097067,0,0,0,118,0,0,0
41,58,2,2903.36019828609,727.626992691865,0,0,0,133,0,0,0
41,58,3,3176.65566259473,1703.6329475893,0,0,0,77,0,0,0
41,58,4,3320.78658032604,1312.10901583329,0,0,0,60,0,0,0
41,58,5,3981.63452529665,808.52990236719,0,0,0,223,0,0,0
41,58,6,4227.25566299254,2617.39909311728,0,0,0,171,0,0,0
41,58,7,21005.6144014035,8903.85734169802,69,0,0,178,0,0,0
41,58,8,0,5,0,0,0,0,0,0,0
41,59,1,3414.17574064723,790.415471308694,0,0,0,130,0,0,0
41,59,2,2902.82597854801,1629.30227086591,0,0,0,72,0,0,0
41,59,3,3229.01669780577,2301.10844730034,0,0,0,161,0,0,0
41,59,4,3351.8758194102,1676.48220830307,0,0,0,131,0,0,0
41,59,5,4045.57037688881,2184.89522436624,0,0,0,80,0,0,0
41,59,6,4308.92587388105,1519.28146087128,4,0,0,190,0,0,0
41,59,7,21115.4189795891,5672.72647159785,45,0,0,236,0,0,0
41,59,8,0,5,0,0,0,0,0,0,0
41,60,1,3390.61596726557,1237.27916835679,0,42,0,37,0,0,0
41,60,2,2893.30062922595,1125.46269003997,0,68,0,94,0,0,0
41,60,3,3226.72031864757,2225.63928699145,0,106,0,124,0,0,0
41,60,4,3343.72223475505,827.543577815398,0,88,0,79,0,0,0
41,60,5,4045.96474436336,1447.99028607828,0,131,0,87,0,0,0
41,60,6,4313.56709868551,1603.13883137386,0,72,0,79,0,0,0
41,60,7,21141.7510087718,11479.9570297627,4,199,0,212,0,0,0
41,60,8,0,5,0,0,0,0,0,0,0
41,61,1,3405.11216488881,1911.33802285477,0,0,0,123,0,0,0
41,61,2,2904.52105847897,1094.62978780091,0,0,0,112,0,0,0
41,61,3,3261.65990804975,1821.29060419705,0,0,0,195,0,0,0
41,61,4,3351.25081406774,751.596363093148,0,0,0,82,0,0,0
41,61,5,4086.11203594945,1572.9566907919,0,0,0,144,0,0,0
41,61,6,4372.48851935672,2089.57462710897,0,0,0,160,0,0,0
41,61,7,21191.3426156582,8932.24719119349,28,0,0,204,0,0,0
41,61,8,0,5,0,0,0,0,0,0,0
41,62,1,3460.8454869109,573.1333103781,0,0,0,191,0,0,0
41,62,2,2928.69222966451,2231.95630704949,0,0,0,109,0,0,0
41,62,3,3323.00824808016,1041.98124914374,0,0,0,182,0,0,0
41,62,4,3377.60667565505,1268.95654541459,0,0,0,75,0,0,0
41,62,5,4157.75077562238,1516.12753039468,0,0,0,157,0,0,0
41,62,6,4473.55248988361,1153.84799815198,1,0,0,194,0,0,0
41,62,7,21311.8314870296,8406.6996055513,48,0,0,218,0,0,0
41,62,8,0,5,0,0,0,0,0,0,0
41,63,1,3467.27398082905,1066.22698091153,0,0,0,57,0,0,0
41,63,2,2977.28210356654,1278.97260610487,0,0,0,223,0,0,0
41,63,3,3354.80855375137,1691.60600677271,0,0,0,104,0,0,0
41,63,4,3416.14306303352,1174.73643255174,0,0,0,126,0,0,0
41,63,5,4255.85104878188,1026.08855484712,0,0,0,151,0,0,0
41,63,6,4544.6998313375,836.681781143779,0,0,0,115,0,0,0
41,63,7,21418.9463757462,10967.2012247316,40,0,0,215,0,0,0
41,63,8,0,5,0,0,0,0,0,0,0
41,64,1,3473.26578290332,1112.10140428749,0,0,0,106,0,0,0
41,64,2,2991.46293615259,659.718276632796,0,0,0,127,0,0,0
41,64,3,3382.72657266978,583.823803001385,0,0,0,169,0,0,0
41,64,4,3434.1399472487,1516.59928107688,0,0,0,117,0,0,0
41,64,5,4281.37088062084,2485.70829242008,0,0,0,102,0,0,0
41,64,6,4576.84376167549,965.410339550174,0,0,0,83,0,0,0
41,64,7,21463.1384347235,6682.48310508624,45,0,0,173,0,0,0
41,64,8,0,5,0,0,0,0,0,0,0
41,65,1,3520.83958309052,1233.32436934098,0,0,0,111,0,0,0
41,65,2,3001.32630023806,636.071663513902,0,0,0,65,0,0,0
41,65,3,3389.28129279246,1234.87539518584,0,0,0,58,0,0,0
41,65,4,3496.52541389627,1252.87114956542,0,0,0,151,0,0,0
41,65,5,4423.21700925845,1441.16772588613,18,0,0,179,0,0,0
41,65,6,4650.37265582767,2469.83912460139,0,0,0,96,0,0,0
41,65,7,21576.3175521147,11846.2001756541,127,0,0,210,0,0,0
41,65,8,0,5,0,0,0,0,0,0,0
41,66,1,3542.36442846656,1283.312750244,0,0,0,123,0,0,0
41,66,2,2997.3569302098,760.113458138269,0,0,0,63,0,0,0
41,66,3,3398.35169827818,2038.02253456706,0,0,0,123,0,0,0
41,66,4,3512.04537934163,1772.38782060128,0,0,0,125,0,0,0
41,66,5,4471.4138285875,1017.70240948807,0,0,0,144,0,0,0
41,66,6,4735.98055881538,2560.00018754163,1,0,0,213,0,0,0
41,66,7,21634.0756512788,9833.34168029953,51,0,0,184,0,0,0
41,66,8,0,5,0,0,0,0,0,0,0
41,67,1,3551.72067456201,1144.96616093306,0,0,0,128,0,0,0
41,67,2,2994.79590513344,1635.69249331077,0,0,0,76,0,0,0
41,67,3,3435.14067723153,900.684348458998,1,0,0,188,0,0,0
41,67,4,3550.74810592858,1888.85676848766,0,0,0,177,0,0,0
41,67,5,4494.67150025213,2057.36081544102,0,0,0,101,0,0,0
41,67,6,4806.39342716899,1679.43393181421,6,0,0,188,0,0,0
41,67,7,21707.7945719491,9292.13926284658,90,0,0,220,0,0,0
41,67,8,0,5,0,0,0,0,0,0,0
41,68,1,3572.0788193916,2077.04820625717,0,0,0,114,0,0,0
41,68,2,3013.66599672656,458.063816030351,0,0,0,163,0,0,0
41,68,3,3442.32541750356,1232.49080862989,0,0,0,90,0,0,0
41,68,4,3587.57935517793,979.015619484864,0,0,0,188,0,0,0
41,68,5,4575.44028551904,1453.10690286365,1,0,0,202,0,0,0
41,68,6,4896.12069383406,2987.42419475826,2,0,0,161,0,0,0
41,68,7,21799.2838915955,6430.91603914834,227,0,0,243,0,0,0
41,68,8,0,5,0,0,0,0,0,0,0
41,69,1,3629.84375261285,1195.56284913573,31,0,0,142,0,0,0
41,69,2,3005.93669420285,204.047120951879,0,0,0,45,0,0,0
41,69,3,3484.26549594255,1158.40213020805,0,0,0,123,0,0,0
41,69,4,3604.30783128553,1298.65555526599,0,0,0,97,0,0,0
41,69,5,4694.07951121525,2778.55382614956,0,0,0,145,0,0,0
41,69,6,5011.49541678191,1806.6912859272,60,0,0,172,0,0,0
41,69,7,21918.9165374548,11704.1836875176,186,0,0,188,0,0,14
41,69,8,0,5,0,0,0,0,0,0,0
41,70,1,3656.91365343173,737.734835788291,0,0,0,119,0,0,0
41,70,2,2980.43075206336,1032.4558805809,0,0,0,20,0,0,0
41,70,3,3486.39299172858,1512.50085761366,0,0,0,115,0,0,0
41,70,4,3612.96551852347,1632.68406311518,0,0,0,129,0,0,0
41,70,5,4767.4157204973,2451.56518380654,3,0,0,198,0,0,0
41,70,6,5103.56477964091,1791.64391182941,0,0,0,179,0,0,0
41,70,7,21994.2633820794,4361.08492745407,46,0,0,196,0,0,0
41,70,8,0,5,0,0,0,0,0,0,0
41,71,1,3656.05902020122,1920.12131286817,0,0,0,73,0,0,0
41,71,2,2969.319814026,1460.45843519997,0,0,0,103,0,0,0
41,71,3,3489.9238177401,1890.68249015084,0,0,0,151,0,0,0
41,71,4,3617.15235179449,895.81295939343,8,0,0,140,0,0,0
41,71,5,4796.18872600537,2286.77357583597,32,0,0,158,0,0,0
41,71,6,5160.37136175979,2726.64042559127,4,0,0,167,0,0,0
41,71,7,22045.6016218594,5756.21394599949,90,0,0,192,0,0,1
41,71,8,0,5,0,0,0,0,0,0,0
41,72,1,3664.72330280497,1454.58715318636,0,17,0,141,0,0,0
41,72,2,2975.14818248546,1712.89812384096,0,0,0,146,0,0,0
41,72,3,3488.33419902445,879.52053376906,0,12,0,152,0,0,0
41,72,4,3624.22222482332,1425.61824581033,0,0,0,89,0,0,0
41,72,5,4823.7545349669,1644.37105329273,0,24,0,141,0,0,0
41,72,6,5223.79234561758,2674.98602549482,0,39,0,153,0,0,0
41,72,7,22088.1797096684,7392.35007911432,0,133,0,176,0,0,0
41,72,8,0,5,0,0,0,0,0,0,0
41,73,1,3675.56897925881,2098.01182674178,0,0,0,145,0,0,0
41,73,2,2970.96971085329,344.335946206084,0,0,0,168,0,0,0
41,73,3,3480.30917479058,418.681451833025,0,0,0,87,0,0,0
41,73,4,3641.77358291162,855.243625650303,0,0,0,142,0,0,0
41,73,5,4863.3293783321,2508.360564156,0,0,0,163,0,0,0
41,73,6,5282.07834502646,1999.84647442654,6,0,0,174,0,0,0
41,73,7,22132.7763097467,16980.5312406223,37,0,0,180,0,0,0
41,73,8,0,5,0,0,0,0,0,0,0
41,74,1,3706.1323415803,1376.76424207173,0,0,0,209,0,0,0
41,74,2,2943.56572053388,1505.86108923069,0,0,0,34,0,0,0
41,74,3,3445.19261266793,1215.01918072205,0,0,0,41,0,0,0
41,74,4,3616.17791606374,1303.15281462912,0,0,0,85,0,0,0
41,74,5,4885.36337206981,2963.14416848965,0,0,0,191,0,0,0
41,74,6,5336.15149947513,2085.52873344755,0,0,0,196,0,0,0
41,74,7,22162.9119126592,10041.2411590426,31,0,0,225,0,0,0
41,74,8,0,5,0,0,0,0,0,0,0
41,75,1,3690.48010475196,1671.00822932895,0,68,0,69,0,0,0
41,75,2,2921.46378662741,1438.16148255288,0,68,0,82,0,0,0
41,75,3,3419.69278643854,990.50125734546,0,51,0,70,0,0,0
41,75,4,3601.76778716271,591.511721280337,0,59,0,71,0,0,0
41,75,5,4918.30363934608,2276.91256081346,0,150,0,146,0,0,0
41,75,6,5366.96077818711,2051.94222200151,0,97,0,111,0,0,0
41,75,7,22277.5809228098,11120.9573536418,0,523,0,481,0,0,0
41,75,8,0,5,0,0,0,0,0,0,0
41,76,1,3713.39632405578,2459.26127557118,0,0,0,167,0,0,0
41,76,2,2930.26674570348,1450.08774500619,0,0,0,143,0,0,0
41,76,3,3415.60574210801,717.747367683003,0,0,0,99,0,0,0
41,76,4,3598.88946096748,769.530470936916,0,0,0,59,0,0,0
41,76,5,4986.00095467587,1689.27241778172,0,0,0,224,0,0,0
41,76,6,5439.20314416111,1908.85536282515,0,0,0,205,0,0,0
41,76,7,22320.7606805007,5560.54382755314,30,0,0,207,0,0,0
41,76,8,0,5,0,0,0,0,0,0,0
41,77,1,3730.36336285099,2087.23244094802,79,0,0,127,0,0,0
41,77,2,2941.13156382536,384.76114108407,10,0,0,130,0,0,0
41,77,3,3406.94658095931,2386.1468446623,0,0,0,71,0,0,0
41,77,4,3605.46339636465,2023.31045161877,0,0,0,76,0,0,0
41,77,5,5075.41503321072,1849.95769657686,17,0,0,142,0,0,0
41,77,6,5513.18247102909,578.402489935019,29,0,0,147,0,0,0
41,77,7,22410.2130636072,6093.44323646856,218,0,0,229,0,0,0
41,77,8,0,5,0,0,0,0,0,0,0
41,78,1,3760.7550486609,2004.00657045378,32,0,0,131,0,0,0
41,78,2,2927.19072310148,1239.2980086959,0,0,0,38,0,0,0
41,78,3,3433.87530715219,1145.57641813509,38,0,0,146,0,0,0
41,78,4,3662.16936695728,1370.8459050067,19,0,0,155,0,0,0
41,78,5,5137.41221916173,1383.18152076663,13,0,0,153,0,0,0
41,78,6,5544.59323097386,1827.642476555,0,0,0,57,0,0,0
41,78,7,22493.7292409537,14131.2941698365,171,0,0,176,0,0,3
41,78,8,0,5,0,0,0,0,0,0,0
41,79,1,3778.69404526787,1329.8917306091,0,0,0,200,0,0,0
41,79,2,2933.05449161493,880.747824666096,0,0,0,123,0,0,0
41,79,3,3433.95195582445,1673.77008723306,0,0,0,114,0,0,0
41,79,4,3669.90134447768,1137.09040041818,0,0,0,137,0,0,0
41,79,5,5081.65601408988,3078.64506728826,0,0,0,138,0,0,0
41,79,6,5588.31430001519,3004.61075848519,0,0,0,182,0,0,0
41,79,7,22532.5435467703,15802.9582409541,37,0,0,216,0,0,0
41,79,8,0,5,0,0,0,0,0,0,0
41,80,1,3789.00504837461,1107.4632607544,0,0,0,132,0,0,0
41,80,2,2931.65652049146,1233.91633699026,0,0,0,88,0,0,0
41,80,3,3441.36474202871,857.09942915413,0,0,0,167,0,0,0
41,80,4,3671.5910493007,1809.56090971746,0,0,0,113,0,0,0
41,80,5,5128.68705026211,2620.51597310746,2,0,0,207,0,0,1
41,80,6,5644.18465837636,4008.83766874329,2,0,0,200,0,0,0
41,80,7,22569.2981216961,8042.55423166161,44,0,0,210,0,0,0
41,80,8,0,5,0,0,0,0,0,0,0
41,81,1,3801.10927159341,1514.65321219852,0,0,0,110,0,0,0
41,81,2,2934.49351854995,1186.12357696401,0,0,0,123,0,0,0
41,81,3,3435.54104228477,986.958002781108,0,0,0,85,0,0,0
41,81,4,3685.71274373702,1304.81427483236,7,0,0,166,0,0,0
41,81,5,5195.61414530834,2748.14982853446,46,0,0,170,0,0,0
41,81,6,5704.89923429697,1865.96121807071,109,0,0,182,0,0,0
41,81,7,22630.6804740196,4706.16896914127,196,1,0,242,0,0,21
41,81,8,0,5,0,0,0,0,0,0,0
41,82,1,3846.9084450965,1203.64097413806,2,0,0,145,0,0,0
41,82,2,2944.58534030372,862.158212758374,0,0,0,118,0,0,0
41,82,3,3460.23459815574,1866.51240754248,0,0,0,98,0,0,0
41,82,4,3749.50055450057,1787.48317136445,0,0,0,130,0,0,0
41,82,5,5346.6436333169,2330.42069056996,26,0,0,207,0,0,0
41,82,6,5830.18822363335,1546.10071226616,9,0,0,161,0,0,0
41,82,7,22755.774855282,8157.66668127345,105,0,0,196,0,0,0
41,82,8,0,5,0,0,0,0,0,0,0
41,83,1,3849.30791742188,925.342215649538,0,0,0,120,0,0,0
41,83,2,2940.52489427947,2173.93286297901,0,0,0,86,0,0,0
41,83,3,3479.59021820361,1056.18391173761,0,0,0,186,0,0,0
41,83,4,3837.98617603032,1241.80688726752,0,0,0,177,0,0,0
41,83,5,5486.03080981209,3384.08401973326,2,0,0,193,0,0,0
41,83,6,5951.34896094244,2512.10273425972,0,0,0,154,0,0,0
41,83,7,22848.3629881112,5103.84625253068,44,0,0,190,0,0,0
41,83,8,0,5,0,0,0,0,0,0,0
41,84,1,3825.73581913744,366.94477458782,0,39,0,53,0,0,0
41,84,2,2928.70924484188,1289.54717042956,0,109,0,108,0,0,0
41,84,3,3453.59931543583,1814.42511799353,0,60,0,45,0,0,0
41,84,4,3828.88000648162,1787.87463966918,0,53,0,71,0,0,0
41,84,5,5520.00883607862,2771.93403242547,0,167,0,168,0,0,0
41,84,6,5990.0222359664,3872.78935724687,0,130,0,121,0,0,0
41,84,7,22895.9861011276,12023.3774608889,2,191,0,241,0,0,0
41,84,8,0,5,0,0,0,0,0,0,0
41,85,1,3814.57675919333,2401.30947114277,0,0,0,36,0,0,0
41,85,2,2940.93440957834,1043.58485384733,0,0,0,128,0,0,0
41,85,3,3483.55381084629,1397.00196231934,0,0,0,181,0,0,0
41,85,4,3873.28752512392,1390.74816167478,0,0,0,178,0,0,0
41,85,5,5647.59492007626,2268.35966964965,2,0,0,210,0,0,0
41,85,6,6100.67355938962,2054.48213611268,4,0,0,234,0,0,0
41,85,7,22973.3897698445,6642.89770812416,30,0,0,218,0,0,0
41,85,8,0,5,0,0,0,0,0,0,0
41,86,1,3887.14460583359,2130.18665343581,41,0,0,157,0,0,0
41,86,2,2957.71004081806,462.820818319383,0,0,0,104,0,0,0
41,86,3,3545.28657611399,2159.2835685852,6,0,0,126,0,0,0
41,86,4,3954.52189018661,1489.36546908336,0,0,0,139,0,0,0
41,86,5,5861.12781866148,2784.86566998397,36,0,0,154,0,0,0
41,86,6,6266.01802981318,3609.12859580071,28,0,0,149,0,0,0
41,86,7,23157.8553235231,16266.4023003254,196,0,0,272,0,0,0
41,86,8,0,5,0,0,0,0,0,0,0
41,87,1,3916.32915253284,2607.48814835309,0,0,0,213,0,0,0
41,87,2,2936.16288036713,733.433818082508,0,0,0,46,0,0,0
41,87,3,3559.53527665209,1936.69561371266,0,0,0,215,0,0,0
41,87,4,3995.46826408232,1180.84739892975,0,0,0,148,0,0,0
41,87,5,5922.82399381497,2093.60724629043,0,0,0,269,0,0,0
41,87,6,6370.08273894474,3926.40020397045,4,0,0,198,0,0,0
41,87,7,23208.2255825859,8283.50096609115,39,0,0,251,0,0,0
41,87,8,0,5,0,0,0,0,0,0,0
41,88,1,4047.90996146586,1648.08812940077,6,0,0,197,0,0,0
41,88,2,2942.15525076131,1754.11564393763,0,0,0,73,0,0,0
41,88,3,3669.38174065468,1144.81425676787,1,0,0,174,0,0,0
41,88,4,4063.30192603663,2179.55532483543,0,0,0,118,0,0,0
41,88,5,6144.62174513912,1163.93745003866,2,0,0,183,0,0,0
41,88,6,6555.89703785253,2240.86399425831,19,0,0,200,0,0,0
41,88,7,23359.1088086406,6729.46976362175,65,0,0,186,0,0,0
41,88,8,0,5,0,0,0,0,0,0,0
41,89,1,4141.90788548954,869.659523025361,27,0,0,124,0,0,0
41,89,2,2977.75007842754,984.621278144659,23,0,0,140,0,0,0
41,89,3,3728.40281151347,199.268449208822,0,0,0,114,0,0,0
41,89,4,4178.38410571355,2062.14031705346,37,0,0,162,0,0,0
41,89,5,6420.78015198524,1246.91762067696,0,0,0,116,0,0,0
41,89,6,6683.73398888534,1909.050113221,62,0,0,130,0,0,0
41,89,7,23629.8200418811,13558.4985769035,244,0,0,306,0,0,0
41,89,8,0,5,0,0,0,0,0,0,0
41,90,1,4125.42997048119,1346.76507599931,0,0,0,86,0,0,0
41,90,2,2965.18534445687,1464.09033551178,0,0,0,98,0,0,0
41,90,3,3696.25874310585,1640.42733106357,0,0,0,19,0,0,0
41,90,4,4207.71173732331,1811.98033100852,0,0,0,189,0,0,0
41,90,5,6438.21608465879,3201.84555497996,0,0,0,124,0,0,0
41,90,6,6745.09837655766,2158.80212006011,0,0,0,190,0,0,0
41,90,7,23671.0513890366,11026.1664398646,47,0,0,180,0,0,0
41,90,8,0,5,0,0,0,0,0,0,0
41,91,1,4146.26956071668,2387.34701777849,0,0,0,134,0,0,0
41,91,2,2984.55719916626,1029.90194980141,0,0,0,146,0,0,0
41,91,3,3711.75319838019,1763.25816227334,0,0,0,164,0,0,0
41,91,4,4253.56750446546,1709.3004323595,0,0,0,181,0,0,0
41,91,5,6641.810718438,3930.28457080272,6,0,0,211,0,0,1
41,91,6,6866.02735997876,2911.56163220457,1,0,0,197,0,0,0
41,91,7,23758.6303623756,6779.62953549232,53,0,0,185,0,0,0
41,91,8,0,5,0,0,0,0,0,0,0
41,92,1,4236.08222105122,1578.03269425797,31,0,0,164,0,0,0
41,92,2,2992.43610824831,1710.71632695877,0,0,0,102,0,0,0
41,92,3,3806.12860314885,3135.80398003511,2,0,0,171,0,0,0
41,92,4,4370.84880143493,2339.03456021027,0,0,0,170,0,0,0
41,92,5,7102.80452329514,3050.02407052116,95,0,0,163,0,0,0
41,92,6,7025.91861116936,1884.22730586126,52,0,0,166,0,0,0
41,92,7,23907.0134267497,13948.3494590577,185,0,0,190,0,0,34
41,92,8,0,5,0,0,0,0,0,0,0
41,93,1,4254.99043430813,1602.11495843079,0,0,0,157,0,0,0
41,93,2,2995.76295299665,1110.0677269016,0,0,0,171,0,0,0
41,93,3,3810.97449247596,2534.71501511671,3,0,0,174,0,0,0
41,93,4,4400.68586561934,2126.62395880929,0,0,0,216,0,0,0
41,93,5,7179.30013752167,1554.31828496717,3,0,0,197,0,0,0
41,93,6,7122.02193123682,2673.822577333,0,0,0,188,0,0,0
41,93,7,23968.0539573798,8203.76884635694,38,0,0,303,0,0,2
41,93,8,0,5,0,0,0,0,0,0,0
41,94,1,4268.38127220137,1801.5520241517,0,0,0,160,0,0,0
41,94,2,3007.23499130216,1701.80542843787,0,0,0,111,0,0,0
41,94,3,3872.21196190036,988.277546517771,11,0,0,197,0,0,0
41,94,4,4454.21209055751,2859.57776538282,0,0,0,212,0,0,0
41,94,5,7277.020213729,3095.45962107838,0,0,0,155,0,0,0
41,94,6,7263.86954688733,1477.28249449878,15,0,0,190,0,0,0
41,94,7,24061.9814938696,11740.934567362,124,0,0,186,0,0,0
41,94,8,0,5,0,0,0,0,0,0,0
41,95,1,4320.21447299502,1374.80844837906,0,0,0,180,0,0,0
41,95,2,3036.76836407417,1692.8633188012,0,0,0,170,0,0,0
41,95,3,3888.39109196838,445.616271499739,0,0,0,98,0,0,0
41,95,4,4550.75431610064,1380.02491474487,0,3,0,207,0,0,0
41,95,5,7409.62157648942,2721.26494669693,0,3,0,197,0,0,0
41,95,6,7405.50392214637,1687.89469771611,0,0,0,147,0,0,0
41,95,7,24207.2404936545,16415.4325169998,0,37,0,227,0,0,0
41,95,8,0,5,0,0,0,0,0,0,0
41,96,1,4334.45472652176,1123.57421739256,0,0,0,137,0,0,0
41,96,2,3040.06053835372,968.309945857746,0,0,0,169,0,0,0
41,96,3,3839.74951368669,1862.46923621574,0,0,0,44,0,0,0
41,96,4,4550.49347442241,2929.84453916929,0,0,0,138,0,0,0
41,96,5,7434.02070043017,2339.10292237965,0,4,0,178,0,0,0
41,96,6,7487.26803316364,4384.2488615708,0,0,0,168,0,0,0
41,96,7,24241.2142828539,6731.7918911915,0,79,0,170,0,0,0
41,96,8,0,5,0,0,0,0,0,0,0
41,97,1,4426.24925935982,2030.22962237696,0,0,0,112,0,0,0
41,97,2,3059.80515230724,1487.05714473942,0,0,0,96,0,0,0
41,97,3,3946.02953359608,1481.47754977093,0,0,0,186,0,0,0
41,97,4,4705.59231281133,2547.07292926084,12,0,0,181,0,0,0
41,97,5,8144.49596815752,3805.57534177328,4,0,0,197,0,0,0
41,97,6,7798.89973578628,3352.08394393545,25,0,0,210,0,0,0
41,97,7,24537.6909000326,9546.4183404243,44,0,0,270,0,0,0
41,97,8,0,5,0,0,0,0,0,0,0
41,98,1,4614.16228762525,1324.05686134701,0,0,0,202,0,0,0
41,98,2,3076.3949753697,1583.48945052429,0,0,0,148,0,0,0
41,98,3,3967.72958189477,1756.50906489322,0,0,0,148,0,0,0
41,98,4,4861.56948865733,1728.68216235481,0,3,0,197,0,0,0
41,98,5,8390.30751078964,3878.90023024146,0,11,0,189,0,0,0
41,98,6,8060.61754156335,1958.77572395281,0,9,0,177,0,0,0
41,98,7,24713.3979243981,6834.90384697657,0,41,0,266,0,0,0
41,98,8,0,5,0,0,0,0,0,0,0
41,99,1,4640.09065286456,2175.93905672466,0,0,0,132,0,0,0
41,99,2,3079.81801642636,1217.02825252595,0,0,0,158,0,0,0
41,99,3,3987.10165207794,3098.31264007778,0,0,0,175,0,0,0
41,99,4,4929.31794248281,1298.06338783477,0,0,0,172,0,0,0
41,99,5,8470.22716476333,3044.8570502755,13,0,0,164,0,0,0
41,99,6,8211.36000003048,3322.29709495534,0,0,0,195,0,0,0
41,99,7,24814.0924486867,14630.5046907328,26,0,0,240,0,0,1
41,99,8,0,5,0,0,0,0,0,0,0
41,100,1,4633.35363082899,2221.16972757939,0,0,0,178,0,0,0
41,100,2,3060.95069811651,1145.93506604079,0,0,0,121,0,0,0
41,100,3,3990.32673317424,2501.24079495627,1,0,0,233,0,0,0
41,100,4,4913.04963579877,3171.57358289475,0,0,0,129,0,0,0
41,100,5,8512.9980309914,1611.28474401358,2,0,0,211,0,0,0
41,100,6,8346.18554651224,2807.68070330016,2,0,0,247,0,0,0
41,100,7,24855.8785969608,15807.7598254987,29,0,0,256,0,0,0
41,100,8,0,5,0,0,0,0,0,0,0
42,1,1,2937.648,829.97449840337,0,1,0,1,0,0,0
42,1,2,2946.568,1425.52975252934,0,0,0,37,0,0,0
42,1,3,2935.5616,806.730444923777,0,1,0,14,0,0,0
42,1,4,2954.5856,1475.78526034672,0,2,0,97,0,0,0
42,1,5,2954.872,1864.31916112259,0,0,0,96,0,0,0
42,1,6,2944.352,1241.19511911541,0,1,0,88,0,0,0
42,1,7,19253.1913599999,10521.3028888665,0,1,0,85,0,0,0
42,1,8,0,4,0,0,0,98,0,0,0
42,2,1,2938.528,956.727530382597,0,0,0,82,0,0,0
42,2,2,2963.0496,1653.36460609434,0,0,0,142,0,0,0
42,2,3,2936.6512,1365.91529384434,0,0,0,80,0,0,0
42,2,4,2969.98559999999,1257.04960980986,0,0,0,147,0,0,0
42,2,5,2977.82374399999,777.72885487178,0,0,0,186,0,0,0
42,2,6,2953.06719999999,1579.62345947139,0,0,0,124,0,0,0
42,2,7,19197.2569599998,7129.48233946209,7,15,0,229,0,0,0
42,2,8,0,4,0,0,0,0,0,0,0
42,3,1,2936.24,1106.05797060046,0,50,0,45,0,0,0
42,3,2,2964.35328,2009.79931090041,0,89,0,76,0,0,0
42,3,3,2934.53088,1037.23719714971,0,56,0,80,0,0,0
42,3,4,2967.19359999999,1514.33785849245,0,65,0,60,0,0,0
42,3,5,2971.06214399999,1245.16499583205,0,38,0,39,0,0,0
42,3,6,2950.98719999999,1739.94509768979,0,74,0,83,0,0,0
42,3,7,19137.6889599998,9200.30984666581,3,269,0,226,0,0,0
42,3,8,0,4,0,0,0,0,0,0,0
42,4,1,2950.1248,1573.51667025516,0,0,0,110,0,0,0
42,4,2,2999.83968,782.502590477758,0,0,0,185,0,0,0
42,4,3,2952.18688,688.99227039507,0,0,0,103,0,0,0
42,4,4,2992.33119999999,1839.81978964828,0,0,0,151,0,0,0
42,4,5,2991.00934399999,574.670886989826,0,0,0,124,0,0,0
42,4,6,2977.82559999999,1578.0914744544,0,0,0,173,0,0,0
42,4,7,19134.9836799998,7185.12785091398,28,0,0,269,0,0,0
42,4,8,0,4,0,0,0,0,0,0,0
42,5,1,2971.40479999999,1603.58385017576,0,0,0,157,0,0,0
42,5,2,3010.96767999999,1497.24910912892,0,0,0,78,0,0,0
42,5,3,2962.45888,1168.72568235673,0,0,0,68,0,0,0
42,5,4,3024.37471999999,927.413755173623,0,0,0,183,0,0,0
42,5,5,2996.16294399999,1229.22396678303,0,0,0,57,0,0,0
42,5,6,3001.54367999999,2033.83544012567,0,0,0,157,0,0,0
42,5,7,19123.7462399997,4056.38663083066,24,0,0,251,0,0,4
42,5,8,0,4,0,0,0,0,0,0,0
42,6,1,2989.77439999999,1184.25052660789,15,0,0,128,0,0,0
42,6,2,3029.0112,1198.72534762952,7,0,0,133,0,0,0
42,6,3,2980.53248,863.825650110416,0,0,0,116,0,0,0
42,6,4,3038.41785599999,1455.29430972176,0,0,0,92,0,0,0
42,6,5,3012.27046399999,2045.11398391025,0,0,0,122,0,0,0
42,6,6,3022.71871999999,1672.05901522754,27,0,0,145,0,0,0
42,6,7,19094.4530559997,4076.22719871832,111,0,0,172,0,0,0
42,6,8,0,4,0,0,0,0,0,0,0
42,7,1,3005.44831999999,1130.05608988435,5,0,0,111,0,0,0
42,7,2,3045.0384,1139.83598719554,0,0,0,119,0,0,0
42,7,3,2990.95776,875.46269696977,0,0,0,86,0,0,0
42,7,4,3053.67281919999,955.358614411735,20,0,0,117,0,0,0
42,7,5,3031.40396799999,1515.51707030863,61,0,0,119,0,0,0
42,7,6,3044.47584,853.035357980051,23,0,0,135,0,0,0
42,7,7,19071.0546559996,6833.41821400318,164,0,0,171,0,0,0
42,7,8,0,4,0,0,0,0,0,0,0
42,8,1,3015.23871999999,665.569565773448,0,0,0,113,0,0,0
42,8,2,3054.7008,643.23198899981,0,0,0,113,0,0,0
42,8,3,2996.00416,1675.13394490938,0,0,0,87,0,0,0
42,8,4,3063.69489919999,1410.81263110888,0,0,0,95,0,0,0
42,8,5,3059.08428799999,1464.01793532589,0,0,0,151,0,0,0
42,8,6,3053.71392,1027.23087205528,0,0,0,85,0,0,0
42,8,7,19067.1752959996,13303.6467892252,47,0,0,236,0,0,0
42,8,8,0,4,0,0,0,0,0,0,0
42,9,1,3014.81183999999,1462.39533404052,0,0,0,66,0,0,0
42,9,2,3054.12,1573.27680712,0,0,0,64,0,0,0
42,9,3,3015.61855999999,1579.44403274116,0,0,0,167,0,0,0
42,9,4,3083.56038399999,1115.16097286284,0,0,0,141,0,0,0
42,9,5,3083.79537919999,1299.6759031633,0,0,0,146,0,0,0
42,9,6,3066.77408,838.67031998175,0,0,0,102,0,0,0
42,9,7,19057.8402559996,12324.7455009047,34,0,0,219,0,0,0
42,9,8,0,4,0,0,0,0,0,0,0
42,10,1,3031.55103999999,993.661050827501,0,0,0,146,0,0,0
42,10,2,3074.53504,1361.52054034613,0,0,0,157,0,0,0
42,10,3,3034.92928,1793.66833435605,0,0,0,157,0,0,0
42,10,4,3095.98476799999,630.435473162729,0,0,0,111,0,0,0
42,10,5,3103.72529919999,1032.45167754697,0,0,0,129,0,0,0
42,10,6,3074.2974848,1717.68760448139,0,0,0,83,0,0,0
42,10,7,19049.2936959996,9016.04128760071,29,0,0,211,0,0,0
42,10,8,0,4,0,0,0,0,0,0,0
42,11,1,3041.628416,2000.54124645287,0,0,0,99,0,0,0
42,11,2,3091.073024,2451.02723172942,0,0,0,136,0,0,0
42,11,3,3063.68608,818.848977809227,0,0,0,179,0,0,0
42,11,4,3101.63571199999,1027.01805144832,0,0,0,63,0,0,0
42,11,5,3118.3397632,1025.91048119972,0,0,0,103,0,0,0
42,11,6,3101.9517568,833.268151752752,6,0,0,156,0,0,0
42,11,7,19062.6328959995,3761.59039064676,243,0,0,292,0,0,0
42,11,8,0,4,0,0,0,0,0,0,0
42,12,1,3043.048,828.234726479499,67,0,0,105,0,0,0
42,12,2,3107.805568,2008.77406101889,49,0,0,176,0,0,0
42,12,3,3063.754176,1051.06728042421,2,0,0,79,0,0,0
42,12,4,3105.08275199999,535.4944868302,0,0,0,102,0,0,0
42,12,5,3127.86815999999,351.687750483242,0,0,0,102,0,0,0
42,12,6,3109.0810368,1377.0168362689,0,0,0,83,0,0,0
42,12,7,19063.9800959995,9220.84110249061,132,0,0,191,0,0,0
42,12,8,0,4,0,0,0,0,0,0,0
42,13,1,3044.123264,1487.57321861767,0,0,0,82,0,0,0
42,13,2,3131.776064,1669.59346217573,1,0,0,179,0,0,0
42,13,3,3068.752128,1645.7610891972,0,0,0,105,0,0,0
42,13,4,3094.59974399999,1858.9414207934,0,0,0,53,0,0,0
42,13,5,3117.16639999999,1044.35609093411,0,0,0,35,0,0,0
42,13,6,3123.4471808,721.803390996306,0,0,0,137,0,0,0
42,13,7,19068.3784959995,6479.77185086928,37,0,0,219,0,0,0
42,13,8,0,4,0,0,0,0,0,0,0
42,14,1,3045.1436288,684.024093826586,76,0,0,72,0,0,0
42,14,2,3130.772288,1228.72986639248,95,0,0,71,0,0,0
42,14,3,3062.092608,884.976609397285,96,0,0,68,0,0,0
42,14,4,3100.574976,2464.82029014258,86,0,0,99,0,0,0
42,14,5,3106.99935999999,1239.88990731772,48,0,0,56,0,0,0
42,14,6,3118.9903488,1417.80003119094,31,0,0,41,0,0,0
42,14,7,19106.6406399995,5887.59916096416,316,0,0,331,0,0,0
42,14,8,0,4,0,0,0,0,0,0,0
42,15,1,3046.8181248,1037.20263222624,0,0,0,68,0,0,0
42,15,2,3143.637888,1332.78219660122,1,0,0,121,0,0,0
42,15,3,3069.745024,1542.27463631843,0,0,0,88,0,0,0
42,15,4,3120.219072,843.329829192147,52,0,0,152,0,0,0
42,15,5,3110.46144,1342.46415435642,1,0,0,122,0,0,0
42,15,6,3130.2447488,1157.76446909654,0,0,0,141,0,0,0
42,15,7,19098.8955519994,13068.5802536445,188,0,0,249,0,0,1
42,15,8,0,4,0,0,0,0,0,0,0
42,16,1,3049.534459392,984.660493161527,0,0,0,103,0,0,0
42,16,2,3152.657024,517.018353354166,0,0,0,133,0,0,0
42,16,3,3085.64352,1507.93244832593,0,0,0,154,0,0,0
42,16,4,3121.06160384,1208.20383077771,0,0,0,84,0,0,0
42,16,5,3122.836352,1427.46550758056,0,0,0,134,0,0,0
42,16,6,3133.29513984,1086.48208366305,0,0,0,115,0,0,0
42,16,7,19078.8473599994,11159.1971684423,41,0,0,206,0,0,0
42,16,8,0,4,0,0,0,0,0,0,0
42,17,1,3051.459195392,1783.82473765608,0,0,0,98,0,0,0
42,17,2,3144.43808,870.639532100078,0,0,0,51,0,0,0
42,17,3,3100.77632,659.697455434365,0,0,0,150,0,0,0
42,17,4,3128.09028864,758.953855083128,0,0,0,120,0,0,0
42,17,5,3133.3028992,315.569656625359,0,0,0,142,0,0,0
42,17,6,3138.152683008,773.829543275393,0,0,0,108,0,0,0
42,17,7,19057.8444927994,10094.7010168772,46,0,0,228,0,0,0
42,17,8,0,4,0,0,0,0,0,0,0
42,18,1,3070.490107392,737.479460899639,0,1,0,171,0,0,0
42,18,2,3148.25646080001,1208.44643502588,0,0,0,87,0,0,0
42,18,3,3095.0954368,1843.82703953803,0,0,0,65,0,0,0
42,18,4,3119.52474624,1719.72638698353,0,0,0,75,0,0,0
42,18,5,3120.05108736,1234.10473242764,0,0,0,31,0,0,0
42,18,6,3130.35823564801,673.485462450531,0,0,0,77,0,0,0
42,18,7,19037.4013055993,6845.09237505957,0,115,0,222,0,0,0
42,18,8,0,4,0,0,0,0,0,0,0
42,19,1,3070.50467430401,1286.8883518667,0,0,0,73,0,0,0
42,19,2,3156.14014720001,1156.56971514048,0,1,0,119,0,0,0
42,19,3,3107.04071936001,1414.11118467876,0,28,0,141,0,0,0
42,19,4,3123.237640192,987.910779644253,0,33,0,121,0,0,0
42,19,5,3122.99975936,681.713352388425,0,1,0,121,0,0,0
42,19,6,3129.59941324801,1451.97323732661,0,0,0,67,0,0,0
42,19,7,19041.2317849592,4211.98604470517,0,273,0,247,0,0,0
42,19,8,0,4,0,0,0,0,0,0,0
42,20,1,3079.83703654401,1431.4805844147,0,0,0,128,0,0,0
42,20,2,3161.90533120001,1315.27878976516,0,0,0,115,0,0,0
42,20,3,3118.294640128,1722.600923292,0,0,0,141,0,0,0
42,20,4,3118.105864192,1101.36139966809,0,0,0,98,0,0,0
42,20,5,3116.66926336001,820.313968960969,0,0,0,68,0,0,0
42,20,6,3146.27965644801,1139.01737528957,0,0,0,145,0,0,0
42,20,7,19067.2429721592,6586.92617431969,27,0,0,220,0,0,0
42,20,8,0,4,0,0,0,0,0,0,0
42,21,1,3095.81455718401,496.913965015306,0,0,0,143,0,0,0
42,21,2,3169.96665600001,1479.69322161345,0,0,0,131,0,0,0
42,21,3,3137.36363212801,1497.8168307576,0,0,0,172,0,0,0
42,21,4,3114.59381299201,706.147145888853,0,0,0,110,0,0,0
42,21,5,3115.61972736001,1782.0869632058,0,0,0,82,0,0,0
42,21,6,3158.66710988801,1923.51329972074,0,0,0,113,0,0,0
42,21,7,19095.8342041591,7488.08023688421,29,1,0,224,0,0,0
42,21,8,0,4,0,0,0,0,0,0,0
42,22,1,3087.18602639362,1416.75711687911,0,0,0,49,0,0,0
42,22,2,3178.97447936001,1339.5970180442,0,0,0,147,0,0,0
42,22,3,3145.88497561601,1429.28598350861,0,0,0,149,0,0,0
42,22,4,3104.52475699201,1512.17768946596,0,0,0,70,0,0,0
42,22,5,3137.27922432001,1594.32171903313,0,0,0,177,0,0,0
42,22,6,3185.19892172802,533.808780436348,0,0,0,192,0,0,0
42,22,7,19112.8527795191,5742.90498858452,31,0,0,209,0,0,0
42,22,8,0,4,0,0,0,0,0,0,0
42,23,1,3100.79650703361,1752.18685010356,10,0,0,125,0,0,0
42,23,2,3181.13922088961,1477.78223249377,6,0,0,124,0,0,0
42,23,3,3153.27364188161,726.130260076091,11,0,0,125,0,0,0
42,23,4,3111.90452275201,1688.09285280766,6,0,0,141,0,0,0
42,23,5,3148.18569472001,1122.37222892282,22,0,0,124,0,0,0
42,23,6,3184.11683276802,464.11285704152,0,0,0,53,0,0,0
42,23,7,19145.6411801591,8170.34946009487,181,0,0,245,0,0,6
42,23,8,0,4,0,0,0,0,0,0,0
42,24,1,3118.05644943362,738.41549275362,0,0,0,173,0,0,0
42,24,2,3184.12527447656,1076.02332093182,0,0,0,147,0,0,0
42,24,3,3138.32082053121,1543.01457949268,0,0,0,72,0,0,0
42,24,4,3126.45692518402,1322.71892201692,0,0,0,168,0,0,0
42,24,5,3152.03240755201,1973.7661446732,0,0,0,112,0,0,0
42,24,6,3175.83474636802,801.876723454247,0,0,0,46,0,0,0
42,24,7,19185.8021786614,4393.88115695705,0,30,0,262,0,0,0
42,24,8,0,4,0,0,0,0,0,0,0
42,25,1,3098.26817361922,1465.94197745351,0,56,0,17,0,0,0
42,25,2,3161.63283031656,557.334274493777,0,59,0,48,0,0,0
42,25,3,3120.40987013121,1394.91577400707,0,82,0,72,0,0,0
42,25,4,3114.45093222402,1056.74034514118,0,55,0,77,0,0,0
42,25,5,3153.76992819201,2043.34618647901,0,87,0,110,0,0,0
42,25,6,3168.50172876802,1124.65391727698,0,44,0,36,0,0,0
42,25,7,19195.2013082614,6622.10090029999,0,207,0,232,0,0,0
42,25,8,0,4,0,0,0,0,0,0,0
42,26,1,3119.17981122562,1854.31265686408,0,0,0,146,0,0,0
42,26,2,3161.89922750056,1897.03764460813,0,0,0,55,0,0,0
42,26,3,3135.66907226114,644.343323655646,0,0,0,139,0,0,0
42,26,4,3123.65526425601,323.515964292392,0,0,0,105,0,0,0
42,26,5,3196.50453299201,1125.7387065454,0,0,0,195,0,0,0
42,26,6,3191.27534807042,1758.60180206659,0,0,0,112,0,0,0
42,26,7,19249.3488876739,12449.5157543587,31,0,0,197,0,0,0
42,26,8,0,4,0,0,0,0,0,0,0
42,27,1,3147.10966149122,1735.79539874265,0,0,0,185,0,0,0
42,27,2,3189.05894641256,1704.12352143706,0,0,0,189,0,0,0
42,27,3,3132.44108378114,1064.10500220928,0,0,0,64,0,0,0
42,27,4,3110.21194444801,1527.14951737175,0,0,0,32,0,0,0
42,27,5,3209.37010483201,1701.79187980092,0,0,0,112,0,0,0
42,27,6,3230.49007360002,441.397432540133,0,0,0,175,0,0,0
42,27,7,19283.4563713219,13957.1175433886,27,0,0,208,0,0,0
42,27,8,0,4,0,0,0,0,0,0,0
42,28,1,3169.28762245122,1414.28396549977,0,0,0,173,0,0,0
42,28,2,3212.86176077416,665.697769072974,0,0,0,170,0,0,0
42,28,3,3134.58269578856,1596.00281537974,0,0,0,106,0,0,0
42,28,4,3126.73911357442,1702.94264910564,0,0,0,152,0,0,0
42,28,5,3234.46423029761,1013.475554124,0,0,0,170,0,0,0
42,28,6,3233.66633676802,1711.86853705462,0,0,0,44,0,0,0
42,28,7,19322.0014081218,7851.66974832642,11,7,0,256,0,0,0
42,28,8,0,4,0,0,0,0,0,0,0
42,29,1,3172.96264581122,2183.12527914631,74,0,0,67,0,0,0
42,29,2,3201.41464008296,942.344593372467,25,0,0,41,0,0,0
42,29,3,3132.06956183144,1154.59314125393,88,0,0,71,0,0,0
42,29,4,3126.31592458242,1216.28861220897,78,0,0,92,0,0,0
42,29,5,3229.78653941761,1876.93386905922,55,0,0,46,0,0,0
42,29,6,3244.26417356802,1304.10661489682,103,0,0,68,0,0,0
42,29,7,19362.1010050242,12442.3754941527,242,2,0,249,0,0,27
42,29,8,0,4,0,0,0,0,0,0,0
42,30,1,3195.79948421122,1464.72282849664,1,0,0,195,0,0,0
42,30,2,3205.16139251304,1157.77491825928,0,0,0,94,0,0,0
42,30,3,3140.70226327144,1798.90031691372,0,0,0,115,0,0,0
42,30,4,3138.74924861442,1013.98178444656,0,0,0,121,0,0,0
42,30,5,3255.84657602561,762.54084441128,0,0,0,187,0,0,0
42,30,6,3264.88166041602,634.769550594902,0,0,0,130,0,0,0
42,30,7,19381.4651010242,4877.08466600522,68,0,0,243,0,0,0
42,30,8,0,4,0,0,0,0,0,0,0
42,31,1,3206.12236826626,1717.92993162985,12,0,0,127,0,0,0
42,31,2,3214.08039011944,1446.63253607335,1,0,0,114,0,0,0
42,31,3,3155.78577559144,829.931239884141,24,0,0,141,0,0,0
42,31,4,3147.79351613442,1951.72630496777,0,0,0,101,0,0,0
42,31,5,3260.46667356161,659.4282125751,0,0,0,76,0,0,0
42,31,6,3268.7521291469,1137.46947456214,0,0,0,63,0,0,0
42,31,7,19392.3947849922,10802.288603658,184,0,0,186,0,0,5
42,31,8,0,4,0,0,0,0,0,0,0
42,32,1,3230.66439884393,555.781022300055,0,0,0,171,0,0,0
42,32,2,3225.71757719144,2153.57816639819,0,0,0,144,0,0,0
42,32,3,3154.08594521705,1628.89073752418,0,0,0,82,0,0,0
42,32,4,3174.79024199682,706.570839777845,0,0,0,194,0,0,0
42,32,5,3258.23919646721,971.11861755296,0,0,0,65,0,0,0
42,32,6,3284.1985680589,1473.50881163581,0,0,0,113,0,0,0
42,32,7,19427.0660169921,4089.23232223813,37,0,0,230,0,0,0
42,32,8,0,4,0,0,0,0,0,0,0
42,33,1,3225.15461314153,1655.63323363708,0,0,0,55,0,0,0
42,33,2,3241.69062704745,1803.5387199844,27,0,0,158,0,0,0
42,33,3,3164.99581132392,1469.0473262781,11,0,0,139,0,0,0
42,33,4,3164.76233275394,1751.26438832496,0,0,0,70,0,0,0
42,33,5,3266.97396510721,1103.00589658861,0,0,0,97,0,0,0
42,33,6,3300.6206239949,1777.81230945819,4,0,0,137,0,0,0
42,33,7,19442.7140041921,6969.09611119855,116,0,0,165,0,0,0
42,33,8,0,4,0,0,0,0,0,0,0
42,34,1,3246.12073768553,1370.51364750668,0,0,0,165,0,0,0
42,34,2,3265.33176747625,2580.2381676692,0,0,0,175,0,0,0
42,34,3,3176.67615109122,2017.60922459298,0,0,0,146,0,0,0
42,34,4,3180.27906670595,983.066933868389,0,0,0,175,0,0,0
42,34,5,3275.48757278721,1352.73772793071,0,0,0,110,0,0,0
42,34,6,3330.2884578509,1134.95162190409,1,0,0,164,0,0,0
42,34,7,19480.4209359041,5445.42843114447,39,0,0,208,0,0,0
42,34,8,0,4,0,0,0,0,0,0,0
42,35,1,3253.54311403113,1476.13954605858,0,0,0,137,0,0,0
42,35,2,3289.79530335849,1497.26091544401,16,0,0,178,0,0,0
42,35,3,3194.80096436144,2135.01547522747,3,0,0,182,0,0,0
42,35,4,3181.55280750595,959.955799567576,0,0,0,98,0,0,0
42,35,5,3283.21592350721,1589.90664404603,0,0,0,135,0,0,0
42,35,6,3342.19846123522,684.922230166993,0,0,0,113,0,0,0
42,35,7,19503.9339496641,9689.07515184793,74,0,0,188,0,0,0
42,35,8,0,4,0,0,0,0,0,0,0
42,36,1,3270.73679129807,903.349319484687,0,0,0,147,0,0,0
42,36,2,3308.61835175119,1151.30402062941,0,0,0,149,0,0,0
42,36,3,3221.98033698719,1187.33948902449,0,0,0,210,0,0,0
42,36,4,3180.64814907395,349.700845352763,0,0,0,95,0,0,0
42,36,5,3297.33093435393,1365.28284787082,0,0,0,158,0,0,0
42,36,6,3344.53768017922,1909.01366458502,0,0,0,68,0,0,0
42,36,7,19531.4454090126,6417.2132734144,43,0,0,205,0,0,0
42,36,8,0,4,0,0,0,0,0,0,0
42,37,1,3272.46905033935,1292.47308547545,0,0,0,90,0,0,0
42,37,2,3309.53102802127,797.340644874143,0,0,0,115,0,0,0
42,37,3,3227.40203867654,742.322163296597,0,0,0,118,0,0,0
42,37,4,3162.76396562435,1721.73406982014,0,0,0,34,0,0,0
42,37,5,3305.07322941441,739.032030947853,0,0,0,136,0,0,0
42,37,6,3375.19802081282,1569.04885480547,0,0,0,187,0,0,0
42,37,7,19551.3790051725,4147.20658858172,56,0,0,187,0,0,0
42,37,8,0,4,0,0,0,0,0,0,0
42,38,1,3266.61555096783,873.528557203213,72,0,0,50,0,0,0
42,38,2,3292.36890127485,621.116814218206,26,0,0,51,0,0,0
42,38,3,3205.31633251846,1125.10569223164,41,0,0,29,0,0,0
42,38,4,3156.25755308034,758.348795050064,69,0,0,96,0,0,0
42,38,5,3291.50848264193,1136.14990988301,19,0,0,53,0,0,0
42,38,6,3381.13128158824,1585.30005499788,59,0,0,92,0,0,0
42,38,7,19574.0320637325,9592.44094465547,197,0,0,198,0,0,0
42,38,8,0,4,0,0,0,0,0,0,0
42,39,1,3269.56028568783,1529.1614894099,0,0,0,87,0,0,0
42,39,2,3283.8918079349,1412.82748734754,0,0,0,62,0,0,0
42,39,3,3207.80057467193,1112.4162747234,0,0,0,112,0,0,0
42,39,4,3149.58623647746,713.441588758716,0,0,0,75,0,0,0
42,39,5,3299.07433460123,1832.32259570713,0,0,0,113,0,0,0
42,39,6,3410.89604274178,775.126625979597,0,0,0,158,0,0,0
42,39,7,19593.1402100354,5185.01534731401,0,37,0,214,0,0,0
42,39,8,0,4,0,0,0,0,0,0,0
42,40,1,3284.64104991951,988.926113349373,0,26,0,113,0,0,0
42,40,2,3301.79496841874,1676.27156057032,0,2,0,138,0,0,0
42,40,3,3219.47328925681,1604.85038296371,0,0,0,111,0,0,0
42,40,4,3145.06163843074,2181.89708464109,0,0,0,71,0,0,0
42,40,5,3313.73284352001,1101.90560043688,0,22,0,150,0,0,0
42,40,6,3418.1339454669,1181.08592187179,0,0,0,77,0,0,0
42,40,7,19617.8649600758,10011.033568819,0,202,0,215,0,0,0
42,40,8,0,4,0,0,0,0,0,0,0
42,41,1,3295.46890454223,1596.44033920575,0,0,0,98,0,0,0
42,41,2,3325.41095283575,1653.09300321554,0,0,0,167,0,0,0
42,41,3,3242.71003548617,833.725792945271,0,0,0,160,0,0,0
42,41,4,3170.90132443548,1104.72424670149,0,0,0,207,0,0,0
42,41,5,3321.04177074095,483.768903451768,0,0,0,110,0,0,0
42,41,6,3441.21858903738,1953.70546779786,0,0,0,118,0,0,0
42,41,7,19663.3962772532,9307.39799634147,26,0,0,187,0,0,0
42,41,8,0,4,0,0,0,0,0,0,0
42,42,1,3312.21100705794,605.639273901804,0,0,0,159,0,0,0
42,42,2,3340.4073353788,1158.80503766392,0,0,0,165,0,0,0
42,42,3,3227.03554581858,1056.48810882577,0,0,0,83,0,0,0
42,42,4,3174.91442336156,1295.20502558718,0,0,0,110,0,0,0
42,42,5,3303.86415545877,1665.55065843559,0,0,0,48,0,0,0
42,42,6,3468.75536107194,2228.17378681293,0,0,0,188,0,0,0
42,42,7,19695.1002618932,11290.3164926656,17,1,0,256,0,0,0
42,42,8,0,4,0,0,0,0,0,0,0
42,43,1,3300.75960948738,819.403210606525,0,0,0,60,0,0,0
42,43,2,3337.55969432684,868.845545466492,0,0,0,115,0,0,0
42,43,3,3221.38283492706,1172.59132135406,0,0,0,105,0,0,0
42,43,4,3172.93211830684,2302.05888805504,0,0,0,129,0,0,0
42,43,5,3312.67923828736,998.850680266361,0,3,0,157,0,0,0
42,43,6,3478.11433203386,1241.4330051965,0,27,0,144,0,0,0
42,43,7,19722.7307719732,8042.01470005486,0,297,0,267,0,0,0
42,43,8,0,4,0,0,0,0,0,0,0
42,44,1,3291.58563583675,1462.74104836058,0,0,0,81,0,0,0
42,44,2,3326.73572175477,911.068943622444,0,0,0,86,0,0,0
42,44,3,3223.74175418107,1608.84437911517,0,0,0,117,0,0,0
42,44,4,3187.99075195292,800.468734923505,2,0,0,188,0,0,0
42,44,5,3313.11092801537,1914.6107017906,0,0,0,99,0,0,0
42,44,6,3498.81870003898,1326.18975449268,0,0,0,124,0,0,0
42,44,7,19793.9090127117,6478.22615709376,24,0,0,303,0,0,0
42,44,8,0,4,0,0,0,0,0,0,0
42,45,1,3307.87391214225,1493.87975427709,0,0,0,146,0,0,0
42,45,2,3325.37141432013,1119.20275248334,0,0,0,91,0,0,0
42,45,3,3247.79232911424,1873.26703519466,0,0,0,160,0,0,0
42,45,4,3178.48339626396,713.496486931388,0,0,0,80,0,0,0
42,45,5,3348.7480577088,1317.70860087751,0,0,0,188,0,0,0
42,45,6,3525.53433475992,1488.94102500497,0,0,0,132,0,0,0
42,45,7,19846.151236835,7976.43024152498,26,0,0,191,0,0,6
42,45,8,0,4,0,0,0,0,0,0,0
42,46,1,3313.50543839807,2132.68495286522,0,0,0,149,0,0,0
42,46,2,3328.50883732378,1194.10726693639,0,0,0,111,0,0,0
42,46,3,3264.66632500968,1020.48476083701,0,2,0,168,0,0,0
42,46,4,3171.08013097454,1953.06831106289,0,0,0,71,0,0,0
42,46,5,3363.7934193728,1699.47617716295,0,0,0,131,0,0,0
42,46,6,3553.34676657539,1720.49854002378,0,0,0,148,0,0,0
42,46,7,19882.9676894225,7160.37707554085,0,95,0,147,0,0,0
42,46,8,0,4,0,0,0,0,0,0,0
42,47,1,3331.1069599156,2381.96263322064,0,4,0,176,0,0,0
42,47,2,3322.71759254491,1177.80985719504,0,0,0,119,0,0,0
42,47,3,3255.52423845752,1142.20052369694,0,0,0,102,0,0,0
42,47,4,3190.04056081614,1036.65716434629,0,0,0,194,0,0,0
42,47,5,3385.94988015846,1336.74515871906,0,0,0,166,0,0,0
42,47,6,3585.7562922035,1987.44380496812,0,1,0,163,0,0,0
42,47,7,19945.2383045444,8636.0765550278,0,51,0,292,0,0,0
42,47,8,0,4,0,0,0,0,0,0,0
42,48,1,3358.52103114052,1716.03002825129,0,7,0,177,0,0,0
42,48,2,3330.8859972152,1386.76605015905,0,0,0,117,0,0,0
42,48,3,3251.52363615759,578.802146783447,0,0,0,114,0,0,0
42,48,4,3191.7647567633,993.051112745453,0,0,0,103,0,0,0
42,48,5,3402.83064518559,1106.35596704494,0,0,0,133,0,0,0
42,48,6,3628.84019899634,1304.10183510149,0,1,0,186,0,0,0
42,48,7,19995.7237129847,1821.01801899491,0,88,0,175,0,0,0
42,48,8,0,4,0,0,0,0,0,0,0
42,49,1,3355.65396177916,657.343507210117,73,0,0,98,0,0,0
42,49,2,3313.82349801515,1773.61041125717,62,0,0,76,0,0,0
42,49,3,3226.38292335406,1521.28862452259,23,0,0,34,0,0,0
42,49,4,3163.40798130243,1767.46509358708,41,0,0,58,0,0,0
42,49,5,3389.07967984485,619.760459834729,52,0,0,58,0,0,0
42,49,6,3630.84375333639,820.630550961495,63,0,0,67,0,0,0
42,49,7,20007.7326438007,7912.32974718767,82,0,0,100,0,0,0
42,49,8,0,4,0,0,0,0,0,0,0
42,50,1,3363.38249894174,712.628195348017,0,0,0,65,0,0,0
42,50,2,3339.57386949299,1433.04166601998,0,0,0,177,0,0,0
42,50,3,3233.8079405645,1347.04628592167,0,0,0,152,0,0,0
42,50,4,3188.62788847339,1455.52612262086,0,0,0,176,0,0,0
42,50,5,3394.3878988977,1849.51975862813,0,0,0,61,0,0,0
42,50,6,3650.29691453455,1573.09354617205,0,0,0,82,0,0,0
42,50,7,20057.1275391656,9106.31756332586,0,31,0,208,0,0,0
42,50,8,0,4,0,0,0,0,0,0,0
42,51,1,3345.36966800383,745.769991142178,0,48,0,23,0,0,0
42,51,2,3326.13624255154,1920.82084644362,0,57,0,86,0,0,0
42,51,3,3210.46616013271,1256.61162082113,0,78,0,56,0,0,0
42,51,4,3182.25098318858,1604.1280158118,0,58,0,87,0,0,0
42,51,5,3394.99549071082,1836.46846361086,0,87,0,97,0,0,0
42,51,6,3657.41217576565,1543.93897665834,0,77,0,80,0,0,0
42,51,7,20066.7881307816,8268.09093214428,8,220,0,186,0,0,0
42,51,8,0,4,0,0,0,0,0,0,0
42,52,1,3346.47842633841,2173.11637710795,0,0,0,74,0,0,0
42,52,2,3364.34869861294,1576.32721883678,0,0,0,192,0,0,0
42,52,3,3218.22684555505,2071.45388399402,0,0,0,125,0,0,0
42,52,4,3211.31247751317,1124.07986327087,0,0,0,160,0,0,0
42,52,5,3429.45581574538,1720.15733187022,0,0,0,183,0,0,0
42,52,6,3707.87730793446,1907.8969473106,0,0,0,154,0,0,0
42,52,7,20129.1864372445,11604.0338016153,24,0,0,236,0,0,0
42,52,8,0,4,0,0,0,0,0,0,0
42,53,1,3370.78130810515,1819.71833974994,0,0,0,184,0,0,0
42,53,2,3389.90724601886,863.050917024227,0,0,0,157,0,0,0
42,53,3,3255.65397150284,626.304072725121,0,0,0,202,0,0,0
42,53,4,3228.2717180625,1402.62249219646,0,0,0,112,0,0,0
42,53,5,3470.62613308196,492.133475578695,0,0,0,172,0,0,0
42,53,6,3761.99108926029,1268.66113582262,0,0,0,190,0,0,0
42,53,7,20183.8109107625,6450.75642031095,25,0,0,191,0,0,0
42,53,8,0,4,0,0,0,0,0,0,0
42,54,1,3396.8023855476,1346.21556019295,17,0,0,158,0,0,0
42,54,2,3399.88618089068,1427.96196645069,0,0,0,86,0,0,0
42,54,3,3253.14394777234,1280.6599645719,0,0,0,62,0,0,0
42,54,4,3248.73752401167,776.511547112049,0,0,0,140,0,0,0
42,54,5,3473.99831357834,860.703770914325,0,0,0,49,0,0,0
42,54,6,3800.18598870875,1721.12972862665,0,0,0,126,0,0,0
42,54,7,20267.2613044395,4774.82049800223,249,0,0,296,0,0,0
42,54,8,0,4,0,0,0,0,0,0,0
42,55,1,3407.00708700931,1480.3637595302,17,0,0,104,0,0,0
42,55,2,3423.40759801293,1251.77856559278,4,0,0,135,0,0,0
42,55,3,3274.06997587281,896.445767574437,0,0,0,128,0,0,0
42,55,4,3247.48369569771,1071.92395422127,0,0,0,77,0,0,0
42,55,5,3487.93487822914,1637.81514268235,0,0,0,86,0,0,0
42,55,6,3845.84766546352,1757.93333334266,16,0,0,143,0,0,0
42,55,7,20328.0756948973,8990.18588014986,149,0,0,208,0,0,0
42,55,8,0,4,0,0,0,0,0,0,0
42,56,1,3445.1003083276,1882.15764268027,0,0,0,148,0,0,0
42,56,2,3439.28738969621,1296.1424007323,0,0,0,125,0,0,0
42,56,3,3277.32015507225,1055.60675002823,0,0,0,89,0,0,0
42,56,4,3254.57228338441,1825.44953917298,0,0,0,107,0,0,0
42,56,5,3524.03904492697,690.783206778667,0,0,0,163,0,0,0
42,56,6,3906.0395214624,1847.58524510324,0,0,0,175,0,0,0
42,56,7,20426.6628115026,2364.85739778807,39,0,0,260,0,0,0
42,56,8,0,4,0,0,0,0,0,0,0
42,57,1,3446.2991594227,2229.20468743975,106,0,0,82,0,0,0
42,57,2,3433.78507376379,1848.1793381178,68,0,0,61,0,0,0
42,57,3,3262.72195519871,1790.25386740483,60,0,0,45,0,0,0
42,57,4,3254.12227682692,865.929101086966,76,0,0,106,0,0,0
42,57,5,3512.52365168179,1150.387063826,35,0,0,34,0,0,0
42,57,6,3926.84439245836,1353.80001746915,83,0,0,101,0,0,0
42,57,7,20445.9944452895,4130.45127837089,116,0,0,120,0,0,0
42,57,8,0,4,0,0,0,0,0,0,0
42,58,1,3476.22226557086,1494.64774772971,7,0,0,158,0,0,0
42,58,2,3478.73567605117,1370.97861472371,0,0,0,184,0,0,0
42,58,3,3300.16411658477,1299.04801544572,1,0,0,170,0,0,0
42,58,4,3258.04593270369,819.316287518034,0,0,0,86,0,0,0
42,58,5,3524.7211570063,1010.26199412666,0,0,0,115,0,0,0
42,58,6,3962.20138361769,1458.25900058211,0,0,0,135,0,0,0
42,58,7,20460.0987421676,3811.37986551132,26,0,0,179,0,0,0
42,58,8,0,4,0,0,0,0,0,0,0
42,59,1,3496.50903463094,1339.68303119062,0,0,0,149,0,0,0
42,59,2,3496.67448461279,1939.60408156727,0,0,0,137,0,0,0
42,59,3,3314.21876923772,856.251609629629,0,0,0,129,0,0,0
42,59,4,3265.12588803684,2481.88283897357,0,0,0,81,0,0,0
42,59,5,3530.42026903176,1743.63998110899,0,0,0,101,0,0,0
42,59,6,3991.90341528456,1065.05779582022,0,0,0,145,0,0,0
42,59,7,20458.0537148601,10811.8488317203,35,0,0,164,0,0,1
42,59,8,0,4,0,0,0,0,0,0,0
42,60,1,3522.3621884482,1347.1349730183,0,0,0,133,0,0,0
42,60,2,3542.73920627732,1797.01497238832,0,0,0,192,0,0,0
42,60,3,3324.71684389314,1136.91473758443,0,0,0,85,0,0,0
42,60,4,3323.16530108741,1628.66241436072,1,0,0,198,0,0,0
42,60,5,3567.82639615526,1465.67577805482,0,0,0,174,0,0,0
42,60,6,4024.46650425708,1704.44750818314,0,0,0,106,0,0,0
42,60,7,20491.4496436204,6126.5951617736,32,0,0,207,0,0,0
42,60,8,0,4,0,0,0,0,0,0,0
42,61,1,3548.16056783967,1952.11842651485,0,0,0,134,0,0,0
42,61,2,3575.10014340993,1502.40299023734,18,0,0,139,0,0,0
42,61,3,3352.65849948629,1593.82199484056,0,0,0,113,0,0,0
42,61,4,3355.90031339919,1276.90029199143,0,0,0,162,0,0,0
42,61,5,3605.53127753808,281.850963770257,0,0,0,146,0,0,0
42,61,6,4087.5375780987,1385.63865995232,0,0,0,170,0,0,0
42,61,7,20515.2873797407,13756.2212689554,181,0,0,208,0,0,2
42,61,8,0,4,0,0,0,0,0,0,0
42,62,1,3574.01590557215,2208.2893659973,0,0,0,192,0,0,0
42,62,2,3586.52882924823,1272.83360761368,0,0,0,150,0,0,0
42,62,3,3368.40585636693,2222.83285401054,0,0,0,159,0,0,0
42,62,4,3366.24594756786,1815.89594517883,0,0,0,127,0,0,0
42,62,5,3586.03251169013,1019.84190534516,0,0,0,28,0,0,0
42,62,6,4107.59339168154,708.088700249586,0,0,0,138,0,0,0
42,62,7,20529.6476445635,7818.33995039831,39,0,0,222,0,0,0
42,62,8,0,4,0,0,0,0,0,0,0
42,63,1,3611.37636877922,1886.44329967253,3,0,0,192,0,0,0
42,63,2,3597.8409565314,1017.59429397854,0,0,0,127,0,0,0
42,63,3,3402.5903476625,2152.08961639988,4,0,0,179,0,0,0
42,63,4,3402.50187304029,1315.4166111832,1,0,0,172,0,0,0
42,63,5,3598.75809544537,1405.05055241333,0,0,0,101,0,0,0
42,63,6,4106.32693234094,1546.51910830191,0,0,0,70,0,0,0
42,63,7,20567.9695558955,11196.3556956616,62,0,0,205,0,0,0
42,63,8,0,4,0,0,0,0,0,0,0
42,64,1,3652.51861027093,1355.57843613538,0,0,0,188,0,0,0
42,64,2,3599.57001377243,503.239598707847,0,0,0,101,0,0,0
42,64,3,3440.38344195382,1251.44281440297,0,0,0,212,0,0,0
42,64,4,3418.16313537117,2081.05971260396,0,0,0,131,0,0,0
42,64,5,3620.7891750168,1267.55403071692,0,0,0,140,0,0,0
42,64,6,4144.44243151613,1809.61795200054,0,0,0,154,0,0,0
42,64,7,20600.7099046613,9053.64125428151,39,0,0,290,0,0,0
42,64,8,0,4,0,0,0,0,0,0,0
42,65,1,3680.8986112825,2021.29403547057,0,0,0,135,0,0,0
42,65,2,3576.83092843392,654.548967560112,0,0,0,50,0,0,0
42,65,3,3453.07722353155,1559.88336448656,0,0,0,125,0,0,0
42,65,4,3443.70585831208,1497.60710967238,0,8,0,156,0,0,0
42,65,5,3640.66301036803,1077.54881758879,0,0,0,126,0,0,0
42,65,6,4194.75055236933,1100.20769900389,0,2,0,165,0,0,0
42,65,7,20642.5150980947,8067.80104763427,0,109,0,229,0,0,0
42,65,8,0,4,0,0,0,0,0,0,0
42,66,1,3727.37305662458,1662.10907621422,0,0,0,200,0,0,0
42,66,2,3567.38482988756,1468.86841567538,0,0,0,65,0,0,0
42,66,3,3471.12840980458,1245.49912272837,0,0,0,155,0,0,0
42,66,4,3463.51117050089,765.595405337402,0,0,0,149,0,0,0
42,66,5,3650.36196596463,1282.65171355479,0,0,0,107,0,0,0
42,66,6,4215.23974757177,701.274773609077,0,0,0,110,0,0,0
42,66,7,20725.5941287757,8849.5828642945,23,0,0,279,0,0,0
42,66,8,0,4,0,0,0,0,0,0,0
42,67,1,3784.36953387922,1971.50220995682,0,0,0,166,0,0,0
42,67,2,3603.84137684705,1719.54483067253,0,0,0,146,0,0,0
42,67,3,3482.27047554437,1707.91737745286,0,0,0,124,0,0,0
42,67,4,3473.15529917666,1357.6907226258,0,0,0,76,0,0,0
42,67,5,3679.33433796749,1344.12015214919,0,0,0,128,0,0,0
42,67,6,4230.80661414475,2563.67086354751,0,0,0,70,0,0,0
42,67,7,20794.9166657858,4902.82379014895,0,170,0,204,0,0,0
42,67,8,0,4,0,0,0,0,0,0,0
42,68,1,3814.53082329294,2599.04063214674,1,0,0,178,0,0,0
42,68,2,3614.68628774684,1256.88062858302,0,0,0,171,0,0,0
42,68,3,3498.45328884394,1442.0348538367,0,0,0,170,0,0,0
42,68,4,3481.372315364,1716.3580578425,0,0,0,135,0,0,0
42,68,5,3699.08830394525,1412.14457850689,0,0,0,134,0,0,0
42,68,6,4281.60238086999,1207.19342303427,7,0,0,210,0,0,0
42,68,7,20822.4499891194,5326.1754400276,51,0,0,179,0,0,0
42,68,8,0,4,0,0,0,0,0,0,0
42,69,1,3833.38093203564,1493.70612198695,0,124,0,135,0,0,0
42,69,2,3591.53546301916,2036.23461514819,0,65,0,60,0,0,0
42,69,3,3477.12757384528,1072.7801745047,0,93,0,51,0,0,0
42,69,4,3480.39804692413,2062.82552249007,0,79,0,92,0,0,0
42,69,5,3689.11382787931,1366.86512415945,0,77,0,64,0,0,0
42,69,6,4288.15453371943,1992.42474330573,0,44,0,76,0,0,0
42,69,7,20876.4392314227,9284.55645713129,0,262,0,270,0,0,0
42,69,8,0,4,0,0,0,0,0,0,0
42,70,1,3874.54308423672,989.723396431519,0,0,0,149,0,0,0
42,70,2,3639.60964963124,1487.81706324096,0,0,0,189,0,0,0
42,70,3,3499.11471974984,1646.91947763957,0,0,0,107,0,0,0
42,70,4,3517.37283985898,1428.17945860568,0,0,0,206,0,0,0
42,70,5,3721.80584334206,1956.82021216144,0,0,0,136,0,0,0
42,70,6,4366.19729477491,1230.42531958431,0,0,0,199,0,0,0
42,70,7,20964.3067026044,4896.89220890826,26,0,0,249,0,0,0
42,70,8,0,4,0,0,0,0,0,0,0
42,71,1,3899.13873827865,1266.89199752636,0,0,0,98,0,0,0
42,71,2,3670.91651116522,1496.19991684194,16,0,0,119,0,0,0
42,71,3,3558.13965999406,1316.29203255375,0,0,0,164,0,0,0
42,71,4,3553.61996044312,465.777370854438,6,0,0,132,0,0,0
42,71,5,3780.99470909669,1398.23224389611,11,0,0,175,0,0,0
42,71,6,4412.67855270271,3071.18048273127,0,0,0,123,0,0,0
42,71,7,21054.0202361013,10085.4938869558,176,0,0,169,0,0,0
42,71,8,0,4,0,0,0,0,0,0,0
42,72,1,3933.73198540222,1946.00018746706,0,0,0,126,0,0,0
42,72,2,3709.06361761031,1405.39685187107,0,0,0,149,0,0,0
42,72,3,3579.81658131208,2087.65977181717,0,0,0,131,0,0,0
42,72,4,3552.76590194768,1505.80837981148,0,0,0,46,0,0,0
42,72,5,3813.03855563383,2016.63199529881,0,0,0,139,0,0,0
42,72,6,4505.35156041402,1537.02636312776,4,0,0,215,0,0,0
42,72,7,21144.4006121705,12831.6455792108,43,0,0,203,0,0,0
42,72,8,0,4,0,0,0,0,0,0,0
42,73,1,3979.11921775939,1604.1307507009,0,0,0,194,0,0,0
42,73,2,3735.86686022511,1339.74680610111,0,0,0,140,0,0,0
42,73,3,3621.49915566429,1301.50397451423,0,0,0,208,0,0,0
42,73,4,3578.75329488032,1326.63722975583,0,0,0,150,0,0,0
42,73,5,3858.82575400276,1976.50796064447,0,0,0,196,0,0,0
42,73,6,4538.59847283241,1949.5549277673,0,0,0,153,0,0,0
42,73,7,21190.4637997493,13119.2012602777,37,0,0,197,0,0,0
42,73,8,0,4,0,0,0,0,0,0,0
42,74,1,4021.71226882448,1242.56770367563,0,0,0,160,0,0,0
42,74,2,3768.93857788986,1153.36369418308,0,0,0,133,0,0,0
42,74,3,3645.63879773781,1296.85261797851,0,0,0,130,0,0,0
42,74,4,3600.25996916708,1229.73041690189,0,0,0,132,0,0,0
42,74,5,3912.42442968941,2014.24423765259,0,0,0,196,0,0,0
42,74,6,4591.68978284746,1411.89178072453,0,0,0,175,0,0,0
42,74,7,21244.0787587755,8962.84284473172,33,0,0,206,0,0,4
42,74,8,0,4,0,0,0,0,0,0,0
42,75,1,4064.20632026731,2706.25149978316,0,0,0,124,0,0,0
42,75,2,3808.468863541,1366.2434288294,0,0,0,115,0,0,0
42,75,3,3670.1248243579,1797.71101912538,0,0,0,129,0,0,0
42,75,4,3628.84109695581,1552.75529931628,0,0,0,122,0,0,0
42,75,5,3961.08734759944,1371.58627825327,5,0,0,168,0,0,0
42,75,6,4664.45559237913,1481.88530863772,0,0,0,141,0,0,0
42,75,7,21356.3442428026,9364.77105849405,104,0,0,214,0,0,0
42,75,8,0,4,0,0,0,0,0,0,0
42,76,1,4155.93108524734,1994.15909894397,7,0,0,213,0,0,0
42,76,2,3873.40020178263,1567.00960766358,0,0,0,136,0,0,0
42,76,3,3729.01806594784,2624.23909472004,0,0,0,179,0,0,0
42,76,4,3678.92025668656,793.405948706676,0,0,0,155,0,0,0
42,76,5,4021.84569076893,758.564796851152,0,0,0,137,0,0,0
42,76,6,4760.75042661291,2089.14643348703,0,0,0,148,0,0,0
42,76,7,21493.7015206284,5453.45464819452,90,0,0,214,0,0,0
42,76,8,0,4,0,0,0,0,0,0,0
42,77,1,4189.24014337209,2056.38133347404,40,0,0,119,0,0,0
42,77,2,3904.56433278464,1812.42247753438,0,0,0,156,0,0,0
42,77,3,3765.5282256172,1255.33538894986,55,0,0,152,0,0,0
42,77,4,3682.3859069615,980.309284046545,0,0,0,79,0,0,0
42,77,5,4033.75695440026,2427.55340359613,0,0,0,75,0,0,0
42,77,6,4814.4272291766,3153.3095636491,30,0,0,147,0,0,0
42,77,7,21583.1405897147,14283.9759946512,145,0,0,235,0,0,2
42,77,8,0,4,0,0,0,0,0,0,0
42,78,1,4241.16693259028,2481.48845053774,0,0,0,203,0,0,0
42,78,2,3950.91482547563,2253.42858353734,0,0,0,181,0,0,0
42,78,3,3776.69455795462,1416.98727110134,0,0,0,125,0,0,0
42,78,4,3695.17110438033,1690.69231603969,0,0,0,98,0,0,0
42,78,5,4082.8338850402,2141.80660976748,1,0,0,191,0,0,0
42,78,6,4901.20353262475,1464.40074655518,1,0,0,279,0,0,0
42,78,7,21627.8220171016,9893.01771380337,36,0,0,225,0,0,0
42,78,8,0,4,0,0,0,0,0,0,0
42,79,1,4344.1019985118,1396.62959058106,12,0,0,171,0,0,0
42,79,2,4039.83210523074,1931.9905100651,7,0,0,182,0,0,0
42,79,3,3836.38570077711,2015.97001522086,0,0,0,141,0,0,0
42,79,4,3759.81128817144,1290.15030483904,0,0,0,169,0,0,0
42,79,5,4169.24690951533,1541.36247889698,6,0,0,177,0,0,0
42,79,6,4999.07181155627,2339.67132105783,0,0,0,146,0,0,0
42,79,7,21748.2838092613,7088.54675068801,134,0,0,156,0,0,1
42,79,8,0,4,0,0,0,0,0,0,0
42,80,1,4373.58587100033,2258.60478372649,14,0,0,117,0,0,0
42,80,2,4097.97326255167,2315.57974555982,27,0,0,149,0,0,0
42,80,3,3888.15301103,1722.34589660589,30,0,0,153,0,0,0
42,80,4,3798.72203439378,2056.81490634944,0,0,0,129,0,0,0
42,80,5,4225.85986813649,1471.23227941919,3,0,0,149,0,0,0
42,80,6,5086.54087445996,774.37984810975,31,0,0,184,0,0,0
42,80,7,21856.6899942768,8538.09212142971,270,0,0,265,0,0,4
42,80,8,0,4,0,0,0,0,0,0,0
42,81,1,4427.85762321586,1990.03812101842,20,0,0,163,0,0,0
42,81,2,4158.97106838037,2449.16743333096,14,0,0,184,0,0,0
42,81,3,3934.06480647363,2920.25786636652,2,0,0,166,0,0,0
42,81,4,3830.54374459219,1328.11011768566,14,0,0,163,0,0,0
42,81,5,4267.95785170719,1072.95762604336,0,0,0,147,0,0,0
42,81,6,5119.23168409359,2794.29477521694,0,0,0,77,0,0,0
42,81,7,21951.5252500735,4583.89344096013,201,0,0,250,0,0,0
42,81,8,0,4,0,0,0,0,0,0,0
42,82,1,4460.61441124939,1560.41052452956,67,0,0,105,0,0,0
42,82,2,4221.28686944212,2145.66123663606,84,0,0,127,0,0,0
42,82,3,3994.37753444235,883.839842067611,99,0,0,153,0,0,0
42,82,4,3862.64640667793,1238.91214888164,8,0,0,121,0,0,0
42,82,5,4309.88717748761,2425.22077177571,0,0,0,107,0,0,0
42,82,6,5196.90883939737,1855.54610083396,94,0,0,147,0,0,0
42,82,7,22034.4438433047,4932.24397006511,171,0,0,217,0,0,0
42,82,8,0,4,0,0,0,0,0,0,0
42,83,1,4518.09203827379,2554.94696317023,5,0,0,146,0,0,0
42,83,2,4290.41063423083,2581.139002566,10,0,0,194,0,0,0
42,83,3,4032.9960493494,2679.87983237954,0,0,0,88,0,0,0
42,83,4,3882.00106583067,1745.47357119963,3,0,0,116,0,0,0
42,83,5,4352.96350504303,937.219322440155,43,0,0,156,0,0,0
42,83,6,5252.31687859401,2416.49421647349,21,0,0,143,0,0,0
42,83,7,22092.1443922953,11802.7201451424,154,0,0,184,0,0,0
42,83,8,0,4,0,0,0,0,0,0,0
42,84,1,4616.0012311126,2083.20259963452,2,0,0,197,0,0,0
42,84,2,4381.24512857722,1976.4980879997,1,0,0,204,0,0,0
42,84,3,4106.83293827222,1434.62317189463,3,0,0,181,0,0,0
42,84,4,3927.34720592627,625.136009508914,0,0,0,174,0,0,0
42,84,5,4372.78265531814,1050.46562212207,0,0,0,93,0,0,0
42,84,6,5364.61845639678,2006.76560494623,1,0,0,194,0,0,0
42,84,7,22193.8794235611,9304.13314531295,37,0,0,208,0,0,0
42,84,8,0,4,0,0,0,0,0,0,0
42,85,1,4707.03422562421,2266.82555453159,2,0,0,182,0,0,0
42,85,2,4456.9662955088,1080.74893690216,0,0,0,197,0,0,0
42,85,3,4139.09831852435,1228.62476980426,0,0,0,143,0,0,0
42,85,4,3930.5914523548,1518.04516335329,0,0,0,62,0,0,0
42,85,5,4389.60779278209,2317.75129169589,0,0,0,105,0,0,0
42,85,6,5472.7160709621,820.55140493869,0,0,0,200,0,0,0
42,85,7,22263.9893676954,13860.8175527163,57,0,0,195,0,0,0
42,85,8,0,4,0,0,0,0,0,0,0
42,86,1,4769.6439617636,1124.49713192582,0,0,0,226,0,0,0
42,86,2,4504.27212227352,1044.2532308121,0,0,0,108,0,0,0
42,86,3,4159.56061327839,2088.31089795676,0,0,0,122,0,0,0
42,86,4,3958.17118770827,880.060657709915,0,0,0,151,0,0,0
42,86,5,4432.13303678467,1011.6427571401,0,0,0,217,0,0,0
42,86,6,5497.63740435067,2572.31116251284,0,0,0,82,0,0,0
42,86,7,22308.3242088051,8754.29766851438,57,0,0,204,0,0,0
42,86,8,0,4,0,0,0,0,0,0,0
42,87,1,4819.86219776199,3595.77741609371,0,0,0,112,0,0,0
42,87,2,4600.52020909442,1550.53261087874,0,0,0,104,0,0,0
42,87,3,4223.66626160028,1564.3170034754,17,0,0,152,0,0,0
42,87,4,3995.63297367095,1598.98591546833,0,0,0,88,0,0,0
42,87,5,4468.24600278817,1485.0902113209,0,0,0,101,0,0,0
42,87,6,5590.3968016059,2041.91326323493,26,0,0,166,0,0,4
42,87,7,22424.5625140684,14951.8241072872,193,0,0,233,0,0,4
42,87,8,0,4,0,0,0,0,0,0,0
42,88,1,4879.79367538786,2062.47802437003,7,0,0,202,0,0,0
42,88,2,4643.23876352613,2097.11742564585,0,0,0,155,0,0,0
42,88,3,4257.50890467053,2095.15221129493,0,0,0,156,0,0,0
42,88,4,4022.23909583143,1393.94204800359,0,0,0,159,0,0,0
42,88,5,4498.5354984803,1214.60134521554,0,0,0,148,0,0,0
42,88,6,5639.36619119384,1963.2651440704,1,0,0,179,0,0,0
42,88,7,22463.4210196777,16314.3275849465,58,0,0,203,0,0,0
42,88,8,0,4,0,0,0,0,0,0,0
42,89,1,4951.8371679114,1803.50456166134,0,0,0,206,0,0,0
42,89,2,4687.52812841012,2290.76227591233,0,0,0,201,0,0,0
42,89,3,4292.86876641167,3180.14325446528,0,0,0,179,0,0,2
42,89,4,4045.91975492637,2401.01862154289,0,0,0,139,0,0,0
42,89,5,4511.42848909887,1291.8625829262,0,0,0,121,0,0,0
42,89,6,5691.80868071883,1368.11497284677,0,0,0,184,0,0,0
42,89,7,22503.6971442227,4340.95710334736,42,0,0,216,0,0,2
42,89,8,0,4,0,0,0,0,0,0,0
42,90,1,5031.70548955879,2039.87259290999,9,0,0,165,0,0,0
42,90,2,4777.35207300839,1183.91841184729,44,0,0,154,0,0,0
42,90,3,4363.87379871636,1363.32578365903,91,0,0,163,0,0,0
42,90,4,4110.06491831114,1671.7355577779,48,0,0,158,0,0,0
42,90,5,4570.475594657,2369.2418327277,1,0,0,127,0,0,0
42,90,6,5782.79818282604,2695.30629555065,0,0,0,136,0,0,0
42,90,7,22641.3330044333,12783.1321336893,145,0,0,187,0,0,0
42,90,8,0,4,0,0,0,0,0,0,0
42,91,1,5088.28579471892,2292.12136454415,0,0,0,183,0,0,0
42,91,2,4810.12784517339,1119.99182080118,0,0,0,118,0,0,0
42,91,3,4415.37275558617,831.395859989362,0,0,0,136,0,0,0
42,91,4,4158.77662846254,1320.57558701568,0,0,0,167,0,0,0
42,91,5,4637.08143920066,2845.34368624404,1,0,0,208,0,0,0
42,91,6,5851.81276884214,2278.44927045626,2,0,0,196,0,0,0
42,91,7,22703.5091945432,9869.02731517677,35,0,0,237,0,0,0
42,91,8,0,4,0,0,0,0,0,0,0
42,92,1,5208.62120163306,2169.00662559406,3,0,0,163,0,0,2
42,92,2,4897.59970537212,2684.80157169991,0,0,0,111,0,0,0
42,92,3,4455.32453533988,1214.12193811504,0,0,0,83,0,0,0
42,92,4,4232.1795723691,799.999215739091,0,0,0,132,0,0,0
42,92,5,4754.94559949941,3561.42032830079,2,0,0,236,0,0,0
42,92,6,6028.20183858313,2182.60857332641,0,0,0,211,0,0,0
42,92,7,22829.6492307114,5824.45129125483,44,0,0,213,0,0,0
42,92,8,0,4,0,0,0,0,0,0,0
42,93,1,5240.20133216944,1977.91106882081,149,0,0,67,0,0,0
42,93,2,4942.88286213822,2222.52053272014,137,0,0,131,0,0,0
42,93,3,4470.56120855415,1930.73836509084,70,0,0,51,0,0,0
42,93,4,4238.37778910502,2048.88018734431,39,0,0,40,0,0,0
42,93,5,4837.79081582423,1906.35905768024,174,0,0,180,0,0,0
42,93,6,6059.79849839809,2906.58191887262,122,0,0,96,0,0,0
42,93,7,22996.6329411442,7284.74107173801,286,0,0,296,0,0,0
42,93,8,0,4,0,0,0,0,0,0,0
42,94,1,5369.32287732656,2332.9528275326,7,0,0,171,0,0,0
42,94,2,5037.39547325927,2023.53094294008,18,0,0,153,0,0,0
42,94,3,4559.12803313479,2544.59536246926,9,0,0,157,0,0,0
42,94,4,4306.23812648251,1343.00050762759,5,0,0,186,0,0,0
42,94,5,4914.50568164984,2493.94355282318,12,0,0,146,0,0,0
42,94,6,6205.55812031783,1444.79411799825,23,0,0,203,0,0,0
42,94,7,23075.6835883724,8505.68737175622,149,0,0,177,0,0,0
42,94,8,0,4,0,0,0,0,0,0,0
42,95,1,5453.77959783622,2866.08094534899,12,0,0,153,0,0,0
42,95,2,5122.30327216103,2347.52139148999,0,0,0,199,0,0,0
42,95,3,4641.31286888236,2487.71117375647,12,0,0,175,0,0,0
42,95,4,4372.35704220855,918.556571833188,0,0,0,134,0,0,0
42,95,5,4988.85449852753,1163.74377083115,11,0,0,174,0,0,0
42,95,6,6292.68062456958,1805.25661437941,0,0,0,144,0,0,0
42,95,7,23148.2841023465,10152.6996651139,105,0,0,186,0,0,0
42,95,8,0,4,0,0,0,0,0,0,0
42,96,1,5585.17286211242,3209.50031441141,5,0,0,216,0,0,0
42,96,2,5332.46667583156,1499.84259402665,5,0,0,167,0,0,0
42,96,3,4791.59072189915,2207.28515260901,2,0,0,211,0,0,1
42,96,4,4433.60189886128,831.431132057805,0,0,0,91,0,0,0
42,96,5,5064.64614682797,1734.39838990533,0,0,0,116,0,0,0
42,96,6,6483.54044039927,3881.35868275199,0,0,0,180,0,0,0
42,96,7,23263.2316565356,10722.8182340331,65,0,0,195,0,0,0
42,96,8,0,4,0,0,0,0,0,0,0
42,97,1,5733.54949356144,2432.15541618243,5,0,0,234,0,0,0
42,97,2,5396.54243861686,3428.76624395553,0,0,0,149,0,0,0
42,97,3,4881.81439169615,2215.0978137387,1,0,0,199,0,0,1
42,97,4,4462.03065080448,2144.87918775908,0,0,0,83,0,0,0
42,97,5,5135.06070865179,2033.85314565851,0,0,0,173,0,0,0
42,97,6,6618.26733812077,1217.1589108469,12,0,0,185,0,0,0
42,97,7,23372.2034790076,10223.9905373821,51,0,0,229,0,0,0
42,97,8,0,4,0,0,0,0,0,0,0
42,98,1,5866.78844942296,1751.07606355618,9,0,0,186,0,0,0
42,98,2,5526.74630970125,2657.54224788928,29,0,0,182,0,0,0
42,98,3,5009.30221469028,1083.62168552464,9,0,0,170,0,0,0
42,98,4,4524.95227765937,1634.25512962591,0,0,0,212,0,0,0
42,98,5,5231.29226269669,2075.16503073148,10,0,0,148,0,0,0
42,98,6,6725.65491810842,2785.19760354711,0,0,0,121,0,0,0
42,98,7,23526.0153683004,14674.6710943149,150,0,0,202,0,0,0
42,98,8,0,4,0,0,0,0,0,0,0
42,99,1,5940.43974106697,2144.89452501998,0,0,0,175,0,0,0
42,99,2,5669.76516970171,2846.40478808494,3,0,0,199,0,0,0
42,99,3,5037.04494691004,2942.21496598931,0,0,0,108,0,0,0
42,99,4,4572.6142324439,1701.57919523203,0,0,0,163,0,0,0
42,99,5,5297.55210847075,2802.33696614451,0,0,0,207,0,0,0
42,99,6,6831.69546015304,2596.89641155466,1,0,0,241,0,0,0
42,99,7,23577.1976832265,13826.3871406581,63,0,0,220,0,0,0
42,99,8,0,4,0,0,0,0,0,0,0
42,100,1,6113.41319492464,1621.18260867392,0,0,0,214,0,0,0
42,100,2,5751.0886877071,2212.0548807427,2,0,0,236,0,0,0
42,100,3,5095.96735968503,3608.23368809178,3,0,0,216,0,0,0
42,100,4,4602.16616527322,3038.87649169395,0,0,0,168,0,0,0
42,100,5,5367.71075775193,3440.77914679874,3,0,0,220,0,0,0
42,100,6,6924.66249531923,2089.47554747344,0,0,0,224,0,0,1
42,100,7,23622.476480083,15289.4392018758,58,0,0,198,0,0,0
42,100,8,0,4,0,0,0,0,0,0,0
43,1,1,2687.192,1429.57525790769,0,0,0,60,0,0,0
43,1,2,2693.096,969.110009514649,0,0,0,89,0,0,0
43,1,3,2675.184,1604.04518773209,0,0,0,11,0,0,0
43,1,4,2696.3216,470.306440951694,0,0,0,92,0,0,0
43,1,5,2697.392,870.0537379715,0,0,0,86,0,0,0
43,1,6,2696.952,1384.32675670409,0,0,0,83,0,0,0
43,1,7,21053.0079999999,9158.5223909,0,0,0,57,0,0,0
43,1,8,0,6,0,0,0,58,0,0,0
43,2,1,2704.16639999999,872.035162008583,0,0,0,142,0,0,0
43,2,2,2699.08,742.993162605658,0,0,0,96,0,0,0
43,2,3,2694.576,844.390961612625,0,0,0,160,0,0,0
43,2,4,2692.8736,433.817123860413,0,0,0,47,0,0,0
43,2,5,2703.32,1450.26081246582,0,0,0,87,0,0,0
43,2,6,2715.504,880.944112809473,0,0,0,138,0,0,0
43,2,7,21004.1068799999,7934.09916413607,15,6,0,262,0,0,0
43,2,8,0,6,0,0,0,0,0,0,0
43,3,1,2711.33439999999,910.319881338631,0,0,0,87,0,0,0
43,3,2,2700.4784,1651.38815094297,0,0,0,74,0,0,0
43,3,3,2697.1664,984.292562631984,0,0,0,84,0,0,0
43,3,4,2691.2032,1136.21143473651,0,0,0,43,0,0,0
43,3,5,2720.032,664.899776791353,0,0,0,145,0,0,0
43,3,6,2721.9696,1435.69159232047,0,0,0,88,0,0,0
43,3,7,20948.2648959998,11954.392748148,43,0,0,208,0,0,1
43,3,8,0,6,0,0,0,0,0,0,0
43,4,1,2716.55839999999,1559.61626087796,0,0,0,91,0,0,0
43,4,2,2720.8784,761.101000191907,0,0,0,165,0,0,0
43,4,3,2703.0704,692.220155016621,0,0,0,98,0,0,0
43,4,4,2701.0032,1056.71787339048,0,0,0,113,0,0,0
43,4,5,2718.7024,473.601591510201,0,0,0,66,0,0,0
43,4,6,2742.3856,921.666211053255,0,0,0,143,0,0,0
43,4,7,20893.0389759997,12109.8318903223,34,0,0,202,0,0,0
43,4,8,0,6,0,0,0,0,0,0,0
43,5,1,2731.35519999999,1402.98080865054,0,0,0,155,0,0,0
43,5,2,2723.59648,1231.1830427895,0,0,0,76,0,0,0
43,5,3,2698.66208,601.177363505661,0,0,0,69,0,0,0
43,5,4,2704.4512,1434.88216865919,0,0,0,105,0,0,0
43,5,5,2715.2672,363.418927286073,0,0,0,47,0,0,0
43,5,6,2744.8384,721.799453876688,0,0,0,92,0,0,0
43,5,7,20826.1046399996,12395.1752757876,0,55,0,198,0,0,0
43,5,8,0,6,0,0,0,0,0,0,0
43,6,1,2724.81119999999,998.977032187549,0,92,0,48,0,0,0
43,6,2,2725.59008,522.218420403066,0,52,0,71,0,0,0
43,6,3,2688.357824,1021.65484377697,0,19,0,41,0,0,0
43,6,4,2704.48992,1142.46869047873,0,71,0,72,0,0,0
43,6,5,2702.3536,709.111590287003,0,13,0,23,0,0,0
43,6,6,2739.0304,1434.99808377807,0,34,0,38,0,0,0
43,6,7,20760.9241599996,10228.3190012238,8,195,0,183,0,0,2
43,6,8,0,6,0,0,0,0,0,0,0
43,7,1,2737.59999999999,1210.66119608407,0,0,0,99,0,0,0
43,7,2,2728.74528,905.493060920689,0,0,0,52,0,0,0
43,7,3,2700.322944,1367.79159933747,0,0,0,102,0,0,0
43,7,4,2720.68672,1009.88178210788,0,0,0,114,0,0,0
43,7,5,2705.00768,960.815072509043,0,0,0,70,0,0,0
43,7,6,2757.6768,1368.4102768832,0,0,0,143,0,0,0
43,7,7,20738.2070399996,7306.36449020842,25,0,0,225,0,0,0
43,7,8,0,6,0,0,0,0,0,0,0
43,8,1,2758.96352,989.187326025479,0,0,0,121,0,0,0
43,8,2,2741.45824,1265.87831683522,0,0,0,90,0,0,0
43,8,3,2722.582976,1160.88112992488,0,0,0,136,0,0,0
43,8,4,2733.09792,1522.81486211045,0,0,0,100,0,0,0
43,8,5,2715.68096,1430.94656826535,0,0,0,96,0,0,0
43,8,6,2775.08608,510.712453899076,0,0,0,136,0,0,0
43,8,7,20714.5130239994,15557.8611602965,37,0,0,192,0,0,2
43,8,8,0,6,0,0,0,0,0,0,0
43,9,1,2766.48415999999,1338.88820428812,0,0,0,98,0,0,0
43,9,2,2755.17024,1375.48129896663,0,0,0,126,0,0,0
43,9,3,2737.939776,960.78095330759,0,0,0,116,0,0,0
43,9,4,2752.95584,515.919299630666,0,0,0,152,0,0,0
43,9,5,2730.69696,959.82441340923,0,0,0,143,0,0,0
43,9,6,2775.4416,1385.27198686754,0,0,0,51,0,0,0
43,9,7,20683.2778239994,12192.1364879294,32,0,0,220,0,0,0
43,9,8,0,6,0,0,0,0,0,0,0
43,10,1,2784.24064,2086.17221163174,0,0,0,133,0,0,0
43,10,2,2775.74944,1043.76797666145,0,0,0,137,0,0,0
43,10,3,2743.4128768,753.112031619493,0,0,0,96,0,0,0
43,10,4,2752.37664,644.723070595072,0,0,0,51,0,0,0
43,10,5,2739.40825600001,1381.66346477983,0,0,0,95,0,0,0
43,10,6,2794.079232,1371.16883687785,0,0,0,138,0,0,0
43,10,7,20652.1980799992,10205.6612350477,49,0,0,194,0,0,0
43,10,8,0,6,0,0,0,0,0,0,0
43,11,1,2800.6331648,610.65196171818,57,0,0,134,0,0,0
43,11,2,2782.15072000001,557.33609137622,1,0,0,103,0,0,0
43,11,3,2742.1686272,1594.84267175085,0,0,0,75,0,0,0
43,11,4,2750.00083200001,536.279795311278,0,0,0,64,0,0,0
43,11,5,2755.07321600001,749.948337069605,5,0,0,131,0,0,0
43,11,6,2807.3759872,738.872151136326,3,0,0,133,0,0,0
43,11,7,20624.5188351992,8649.11458824631,292,3,0,232,0,0,15
43,11,8,0,6,0,0,0,0,0,0,0
43,12,1,2799.8808576,805.526151887244,0,0,0,61,0,0,0
43,12,2,2780.26585600001,1328.9142593044,0,0,0,55,0,0,0
43,12,3,2751.55296000001,1410.89840793971,0,0,0,159,0,0,0
43,12,4,2738.48121600001,869.927702919521,0,0,0,53,0,0,0
43,12,5,2754.63769600001,703.629232510028,0,0,0,74,0,0,0
43,12,6,2809.7788672,1385.0602537614,0,0,0,73,0,0,0
43,12,7,20606.1153151991,6717.17641985685,237,0,0,248,0,0,0
43,12,8,0,6,0,0,0,0,0,0,0
43,13,1,2799.3841536,1248.80705183827,0,0,0,80,0,0,0
43,13,2,2782.61361920001,1841.67818610292,0,0,0,132,0,0,0
43,13,3,2756.43622400001,1533.93747648337,0,0,0,141,0,0,0
43,13,4,2730.83321600001,714.412628759808,0,0,0,86,0,0,0
43,13,5,2748.87238400001,1980.22588029101,0,0,0,70,0,0,0
43,13,6,2819.4422912,1466.20513229297,0,0,0,138,0,0,0
43,13,7,20582.6682751991,9835.40051327438,0,93,0,175,0,0,0
43,13,8,0,6,0,0,0,0,0,0,0
43,14,1,2805.8486656,923.666292796035,0,0,0,124,0,0,0
43,14,2,2796.54584320001,1130.89458453253,0,0,0,184,0,0,0
43,14,3,2764.24202496001,1061.23848013536,0,0,0,153,0,0,0
43,14,4,2716.38955520001,1017.84492554726,0,0,0,71,0,0,0
43,14,5,2770.59092480001,708.110573117414,0,0,0,198,0,0,0
43,14,6,2834.9234432,1379.08125722392,0,0,0,146,0,0,0
43,14,7,20593.564275199,4286.14745008975,27,0,0,269,0,0,0
43,14,8,0,6,0,0,0,0,0,0,0
43,15,1,2792.7729024,1177.33931706437,0,59,0,33,0,0,0
43,15,2,2785.60465920001,732.85163885395,0,56,0,57,0,0,0
43,15,3,2742.27728896001,1780.07712913497,0,62,0,44,0,0,0
43,15,4,2700.16715520001,1120.65618413859,0,63,0,38,0,0,0
43,15,5,2754.37710080001,795.361981582002,0,29,0,41,0,0,0
43,15,6,2834.0547712,778.168955548747,0,67,0,70,0,0,0
43,15,7,20588.682035199,7849.45631047112,0,209,0,219,0,0,0
43,15,8,0,6,0,0,0,0,0,0,0
43,16,1,2805.10077696,1864.633659632,0,0,0,117,0,0,0
43,16,2,2786.32593920001,786.495277108175,0,0,0,73,0,0,0
43,16,3,2763.79936307201,796.906828956373,0,0,0,178,0,0,0
43,16,4,2709.51217920001,1184.06433647532,0,0,0,112,0,0,0
43,16,5,2757.77386240001,1262.5538591239,0,0,0,79,0,0,0
43,16,6,2841.9767552,1780.69030156522,0,0,0,77,0,0,0
43,16,7,20625.281715199,8960.7935479901,27,0,0,232,0,0,0
43,16,8,0,6,0,0,0,0,0,0,0
43,17,1,2836.48586496,860.607478120048,0,0,0,186,0,0,0
43,17,2,2787.10385920001,817.068720196035,0,0,0,78,0,0,0
43,17,3,2766.28359219201,661.482188427996,0,0,0,79,0,0,0
43,17,4,2718.22361600001,1050.02344182717,0,0,0,118,0,0,0
43,17,5,2771.73128960001,968.535872040451,0,0,0,126,0,0,0
43,17,6,2873.70150144001,693.474079015666,0,0,0,165,0,0,0
43,17,7,20653.1313151989,6161.50551690284,26,0,0,212,0,0,0
43,17,8,0,6,0,0,0,0,0,0,0
43,18,1,2840.12713216,1691.00335986194,0,0,0,86,0,0,0
43,18,2,2787.17056000001,1802.97785643142,0,0,0,81,0,0,0
43,18,3,2760.55926579201,1327.48684571521,0,0,0,66,0,0,0
43,18,4,2721.77903360001,1547.74943072684,0,0,0,105,0,0,0
43,18,5,2774.75169280001,756.11759750154,0,0,0,96,0,0,0
43,18,6,2881.23839744001,701.692022856671,0,0,0,69,0,0,0
43,18,7,20668.9412991989,12280.0101926076,94,0,0,180,0,0,1
43,18,8,0,6,0,0,0,0,0,0,0
43,19,1,2860.27995392,256.99911360576,0,0,0,169,0,0,0
43,19,2,2810.17110579201,933.966463075527,0,0,0,180,0,0,0
43,19,3,2771.85193523201,490.75104643508,0,0,0,132,0,0,0
43,19,4,2732.61912576001,1187.2752283708,0,0,0,154,0,0,0
43,19,5,2777.06036480001,1508.5130946882,0,0,0,75,0,0,0
43,19,6,2889.41374464001,615.532747650385,0,0,0,70,0,0,0
43,19,7,20714.6807807989,6032.61835860652,38,0,0,274,0,0,0
43,19,8,0,6,0,0,0,0,0,0,0
43,20,1,2843.63145984001,1457.40575129308,0,0,0,25,0,0,0
43,20,2,2812.63730739201,551.654620139075,0,0,0,93,0,0,0
43,20,3,2761.64841779201,812.522874346108,0,0,0,49,0,0,0
43,20,4,2740.71501312001,908.304729627602,0,0,0,118,0,0,0
43,20,5,2791.94302976001,1431.80703851522,0,0,0,148,0,0,0
43,20,6,2892.94640384001,685.062208975953,0,0,0,61,0,0,0
43,20,7,20736.5538175989,13872.9189293411,120,0,0,192,0,0,0
43,20,8,0,6,0,0,0,0,0,0,0
43,21,1,2856.34704384001,1205.25524809978,0,0,0,145,0,0,0
43,21,2,2797.18167603201,1141.17723196289,0,0,0,55,0,0,0
43,21,3,2759.25371955201,1408.99731009693,0,0,0,81,0,0,0
43,21,4,2742.80526336002,851.368556403318,0,0,0,90,0,0,0
43,21,5,2806.62286592002,731.608183225539,0,0,0,143,0,0,0
43,21,6,2894.51276544001,428.401210581372,0,0,0,68,0,0,0
43,21,7,20791.5689087988,13734.2381681984,36,0,0,345,0,0,0
43,21,8,0,6,0,0,0,0,0,0,0
43,22,1,2860.94025420801,1671.24867472796,0,0,0,120,0,0,0
43,22,2,2795.49609523201,1130.81393396933,0,0,0,114,0,0,0
43,22,3,2764.51798476802,664.326512978727,0,0,0,140,0,0,0
43,22,4,2735.87554816002,896.865019618159,0,0,0,85,0,0,0
43,22,5,2802.67971072002,576.19160677691,0,0,0,73,0,0,0
43,22,6,2888.58797824001,1297.90345075889,0,0,0,42,0,0,0
43,22,7,20804.4990079988,8501.34725611447,34,0,0,189,0,0,0
43,22,8,0,6,0,0,0,0,0,0,0
43,23,1,2877.04370380801,960.970302392551,0,0,0,167,0,0,0
43,23,2,2798.45441843202,1288.09851196612,0,0,0,113,0,0,0
43,23,3,2751.48509018114,1110.22669472559,0,0,0,66,0,0,0
43,23,4,2734.34578739202,1330.57250134291,0,0,0,89,0,0,0
43,23,5,2792.03570688002,753.623995440488,0,0,0,57,0,0,0
43,23,6,2904.16207104001,1196.2747497523,0,0,0,129,0,0,0
43,23,7,20816.9805465588,8346.74843085962,72,0,0,189,0,0,3
43,23,8,0,6,0,0,0,0,0,0,0
43,24,1,2873.81877964801,704.410135045673,0,0,0,96,0,0,0
43,24,2,2799.10061107202,1172.05085899976,0,0,0,128,0,0,0
43,24,3,2748.21115840514,831.182367932924,0,0,0,111,0,0,0
43,24,4,2732.76657459202,697.695749205362,0,0,0,133,0,0,0
43,24,5,2786.19491584002,1367.63391659809,0,0,0,75,0,0,0
43,24,6,2910.81923840001,1302.47386328674,0,0,0,119,0,0,0
43,24,7,20829.4622745587,11414.0915553009,234,0,0,201,0,0,0
43,24,8,0,6,0,0,0,0,0,0,0
43,25,1,2865.49350604801,1015.23358969709,0,0,0,70,0,0,0
43,25,2,2797.32175564802,1017.50304603042,0,0,0,117,0,0,0
43,25,3,2742.88228851714,1225.45804980862,0,0,0,83,0,0,0
43,25,4,2718.37629798402,681.615803647936,0,0,0,69,0,0,0
43,25,5,2796.44350566402,777.330515642705,0,0,0,136,0,0,0
43,25,6,2927.70444800002,708.723678029852,0,0,0,130,0,0,0
43,25,7,20874.7150853107,11560.3967148096,0,30,0,249,0,0,0
43,25,8,0,6,0,0,0,0,0,0,0
43,26,1,2868.87285288961,1201.26218750402,0,0,0,101,0,0,0
43,26,2,2791.28466984962,945.678438610287,0,0,0,101,0,0,0
43,26,3,2744.90142795368,919.687923591508,0,0,0,122,0,0,0
43,26,4,2705.61946060801,1712.75551172021,0,0,0,68,0,0,0
43,26,5,2794.97153638402,1327.81262592661,0,0,0,77,0,0,0
43,26,6,2932.39475568642,1354.63602804292,0,0,0,70,0,0,0
43,26,7,20888.7894917107,12842.6944982082,8,160,0,166,0,0,0
43,26,8,0,6,0,0,0,0,0,0,0
43,27,1,2873.84404776961,1315.99194918584,0,0,0,120,0,0,0
43,27,2,2784.48938690562,1391.56593741855,0,0,0,94,0,0,0
43,27,3,2733.58972132968,1787.99307204046,0,0,0,91,0,0,0
43,27,4,2706.60082585602,665.814990181942,0,0,0,171,0,0,0
43,27,5,2793.32432998402,979.524158736938,0,0,0,132,0,0,0
43,27,6,2947.93847152642,936.701138975968,0,0,0,135,0,0,0
43,27,7,20937.4127877107,10482.8503864805,23,1,0,286,0,0,0
43,27,8,0,6,0,0,0,0,0,0,0
43,28,1,2885.34305433602,1421.75010422446,0,0,0,131,0,0,0
43,28,2,2788.87922604034,718.9015288085,0,0,0,139,0,0,0
43,28,3,2731.99536715368,1215.94316325251,0,3,0,163,0,0,0
43,28,4,2685.97868185601,1226.97846016638,0,0,0,66,0,0,0
43,28,5,2786.22609305602,1318.36494529684,0,0,0,97,0,0,0
43,28,6,2957.35844515842,1274.75390156842,0,0,0,93,0,0,0
43,28,7,20975.6413393906,5386.4889292949,0,161,0,202,0,0,0
43,28,8,0,6,0,0,0,0,0,0,0
43,29,1,2892.93766461442,1413.83822219705,0,0,0,142,0,0,0
43,29,2,2775.53942659074,970.68138183354,0,0,0,71,0,0,0
43,29,3,2721.12923960936,405.162268940043,0,0,0,121,0,0,0
43,29,4,2677.98158149633,785.475808434488,0,0,0,122,0,0,0
43,29,5,2786.96970188801,355.381527914012,0,0,0,131,0,0,0
43,29,6,2968.99367075842,1597.72045275272,0,0,0,127,0,0,0
43,29,7,21004.1979857907,6749.55511104956,33,0,0,203,0,0,0
43,29,8,0,6,0,0,0,0,0,0,0
43,30,1,2898.96609648641,1497.01981853454,0,0,0,141,0,0,0
43,30,2,2765.39727081474,1558.72532021267,0,0,0,97,0,0,0
43,30,3,2696.42050671822,563.357461328135,0,0,0,40,0,0,0
43,30,4,2659.45432901633,1299.73509368618,0,0,0,78,0,0,0
43,30,5,2763.30329233409,1037.9350793983,0,0,0,35,0,0,0
43,30,6,2981.21638051841,1314.11204327221,0,0,0,159,0,0,0
43,30,7,21018.4402769907,12266.6491181061,0,54,0,172,0,0,0
43,30,8,0,6,0,0,0,0,0,0,0
43,31,1,2911.99919667201,873.918515014447,0,0,0,149,0,0,0
43,31,2,2774.6496486564,855.712384225401,0,0,0,155,0,0,0
43,31,3,2676.26523985102,527.445158750078,0,0,0,56,0,0,0
43,31,4,2654.126697608,623.06087607336,0,0,0,129,0,0,0
43,31,5,2754.6517527757,427.122309103206,0,0,0,103,0,0,0
43,31,6,2995.19171059713,1149.70328768425,0,0,0,131,0,0,0
43,31,7,21058.9217976306,7336.36893179258,0,181,0,231,0,0,0
43,31,8,0,6,0,0,0,0,0,0,0
43,32,1,2904.79463424001,731.897583019411,0,0,0,87,0,0,0
43,32,2,2768.0506521764,1367.21398306717,0,0,0,85,0,0,0
43,32,3,2650.09168516302,1159.98342789317,0,0,0,52,0,0,0
43,32,4,2627.8820359504,1313.81613014126,0,0,0,62,0,0,0
43,32,5,2732.40756197377,568.404792753848,0,0,0,42,0,0,0
43,32,6,3005.41962831874,1478.63908620599,0,0,0,114,0,0,0
43,32,7,21117.4724956146,9668.50533307464,0,205,0,281,0,0,0
43,32,8,0,6,0,0,0,0,0,0,0
43,33,1,2883.17060700161,1469.46399183635,0,73,0,0,0,0,0
43,33,2,2747.96934690408,783.385945928437,0,64,0,72,0,0,0
43,33,3,2623.02760443086,1588.64327173718,0,55,0,60,0,0,0
43,33,4,2602.66130199839,1164.43073076991,0,67,0,64,0,0,0
43,33,5,2708.44980639745,750.220904004602,0,26,0,30,0,0,0
43,33,6,3004.49115482114,550.652027304895,0,76,0,71,0,0,0
43,33,7,21190.8679690226,10915.3835652601,3,296,0,341,0,0,1
43,33,8,0,6,0,0,0,0,0,0,0
43,34,1,2896.90565468161,811.764963198031,0,0,0,146,0,0,0
43,34,2,2744.78551176808,624.23682474087,0,0,0,78,0,0,0
43,34,3,2630.48545950926,1211.19629136899,0,0,0,158,0,0,0
43,34,4,2598.02990149796,498.568196405872,0,0,0,116,0,0,0
43,34,5,2701.40763295746,957.726103157259,0,0,0,75,0,0,0
43,34,6,3004.06841382914,344.002318167466,0,0,0,55,0,0,0
43,34,7,21225.7389450226,7434.4912181534,27,0,0,179,0,0,0
43,34,8,0,6,0,0,0,0,0,0,0
43,35,1,2904.42390013953,1144.35396844341,0,0,0,81,0,0,0
43,35,2,2739.8247261348,1233.81278823772,0,0,0,62,0,0,0
43,35,3,2631.853488051,876.318564658422,0,0,0,121,0,0,0
43,35,4,2585.06290356716,1153.91747321071,0,0,0,49,0,0,0
43,35,5,2706.56721250306,935.511306269606,0,0,0,95,0,0,0
43,35,6,3002.85656154114,1737.72744574119,0,0,0,34,0,0,0
43,35,7,21268.5805450226,11652.3198300059,58,0,0,184,0,0,0
43,35,8,0,6,0,0,0,0,0,0,0
43,36,1,2914.70648101275,1619.0187688101,0,0,0,114,0,0,0
43,36,2,2748.80387870312,1508.56183876552,0,0,0,123,0,0,0
43,36,3,2618.84831833556,667.530664706962,0,0,0,87,0,0,0
43,36,4,2582.28674395832,1371.43020457312,0,0,0,115,0,0,0
43,36,5,2700.32409536104,1118.38408354695,0,0,0,93,0,0,0
43,36,6,3032.66122596354,1112.18576712822,0,0,0,168,0,0,0
43,36,7,21300.1012597745,8725.12352628515,40,0,0,192,0,0,0
43,36,8,0,6,0,0,0,0,0,0,0
43,37,1,2942.92623661139,1126.09818172728,0,0,0,161,0,0,0
43,37,2,2762.47504595682,511.846629701769,0,0,0,150,0,0,0
43,37,3,2611.00869928404,762.549773019114,0,0,0,66,0,0,0
43,37,4,2585.18128657121,887.376665381425,0,0,0,137,0,0,0
43,37,5,2705.04253066856,1256.45853266642,0,0,0,111,0,0,0
43,37,6,3046.45069527452,678.744736774992,0,0,0,111,0,0,0
43,37,7,21329.3058453489,5055.42986685284,162,0,0,153,0,0,0
43,37,8,0,6,0,0,0,0,0,0,0
43,38,1,2957.31842148025,686.177750884875,0,0,0,112,0,0,0
43,38,2,2749.23393815676,1059.09677725608,0,0,0,51,0,0,0
43,38,3,2606.66854878676,1160.98757726241,0,0,0,76,0,0,0
43,38,4,2578.04148996899,750.539541232458,0,0,0,88,0,0,0
43,38,5,2711.93648126363,1449.9562137948,5,0,0,117,0,0,0
43,38,6,3048.21730412956,1414.58607696991,0,0,0,67,0,0,0
43,38,7,21385.087515749,7211.2649448439,184,0,0,211,0,0,0
43,38,8,0,6,0,0,0,0,0,0,0
43,39,1,2947.91651202336,1399.28373351955,0,0,0,68,0,0,0
43,39,2,2754.22373673698,1576.28435800406,0,0,0,105,0,0,0
43,39,3,2603.38019117454,1517.86517697246,0,0,0,116,0,0,0
43,39,4,2572.04676510499,431.656672316758,0,0,0,75,0,0,0
43,39,5,2719.78928814901,1028.23666131528,0,0,0,144,0,0,0
43,39,6,3071.88929531742,1490.25259413317,0,0,0,141,0,0,0
43,39,7,21436.2949844158,13896.4295258171,53,0,0,225,0,0,0
43,39,8,0,6,0,0,0,0,0,0,0
43,40,1,2962.86819134751,939.575204443359,0,0,0,139,0,0,0
43,40,2,2762.63865690768,1774.23452535085,0,0,0,157,0,0,0
43,40,3,2616.24491189031,910.206747358058,0,0,0,151,0,0,0
43,40,4,2554.32553652208,1272.66369715349,0,0,0,43,0,0,0
43,40,5,2716.00810036922,660.388839077228,0,0,0,102,0,0,0
43,40,6,3089.96490906519,1157.36521410441,0,0,0,149,0,0,0
43,40,7,21467.9737883838,9759.26804568354,26,0,0,214,0,0,4
43,40,8,0,6,0,0,0,0,0,0,0
43,41,1,2961.88468933575,1759.97338027015,0,35,0,58,0,0,0
43,41,2,2760.06525307946,700.154350858351,0,93,0,84,0,0,0
43,41,3,2598.90777052762,1255.64804200616,0,46,0,45,0,0,0
43,41,4,2544.56276920304,1062.57280122672,0,53,0,74,0,0,0
43,41,5,2700.10682252576,535.487856843902,0,26,0,40,0,0,0
43,41,6,3079.97467038206,1026.96486195903,0,66,0,49,0,0,0
43,41,7,21522.3946331325,6170.52418302865,6,254,0,266,0,0,1
43,41,8,0,6,0,0,0,0,0,0,0
43,42,1,2988.79403787388,1207.93107030525,0,0,0,175,0,0,0
43,42,2,2759.33131119658,773.793733571344,0,0,0,70,0,0,0
43,42,3,2607.15519756685,1057.45344719355,0,0,0,125,0,0,0
43,42,4,2544.15918753776,676.703457151023,0,0,0,106,0,0,0
43,42,5,2698.0990567719,1384.0117691371,0,0,0,53,0,0,0
43,42,6,3093.9170525194,1034.80180457189,0,0,0,102,0,0,0
43,42,7,21565.7658592446,8238.57118571194,25,0,0,193,0,0,0
43,42,8,0,6,0,0,0,0,0,0,0
43,43,1,3017.30806664024,1386.60570535094,0,0,0,120,0,0,0
43,43,2,2766.56420856297,382.565312325402,0,0,0,77,0,0,0
43,43,3,2620.24269225068,1595.31877638692,0,0,0,105,0,0,0
43,43,4,2541.97119542968,944.334822193192,0,0,0,67,0,0,0
43,43,5,2725.52452131456,1567.53771509438,0,0,0,138,0,0,0
43,43,6,3123.26942210233,1418.34336204844,0,0,0,103,0,0,0
43,43,7,21638.8270599563,13308.0916973011,27,0,0,228,0,0,0
43,43,8,0,6,0,0,0,0,0,0,0
43,44,1,3044.89724899873,1342.0930765741,0,0,0,138,0,0,0
43,44,2,2756.44814021506,510.361684438587,0,0,0,38,0,0,0
43,44,3,2636.34542485587,681.575144978097,0,0,0,159,0,0,0
43,44,4,2543.31749056184,924.618073514342,0,0,0,94,0,0,0
43,44,5,2738.05027899933,1720.15113130524,0,0,0,156,0,0,0
43,44,6,3144.85971748639,1522.29305802031,0,0,0,141,0,0,0
43,44,7,21676.6167202186,10473.9675144689,31,0,0,191,0,0,0
43,44,8,0,6,0,0,0,0,0,0,0
43,45,1,3063.83484535833,736.196005536704,0,0,0,134,0,0,0
43,45,2,2747.8767133817,991.508180590137,0,0,0,51,0,0,0
43,45,3,2633.0847773203,813.505134908639,0,0,0,68,0,0,0
43,45,4,2542.54206116593,886.585106103095,0,0,0,92,0,0,0
43,45,5,2753.59262893802,931.978290888476,0,0,0,172,0,0,0
43,45,6,3170.53705599898,1477.17519843821,0,0,0,152,0,0,0
43,45,7,21712.0852944266,10109.7707959441,63,0,0,191,0,0,3
43,45,8,0,6,0,0,0,0,0,0,0
43,46,1,3067.05572396794,1541.46670316075,0,0,0,73,0,0,0
43,46,2,2748.77787086419,1279.57145942653,0,0,0,99,0,0,0
43,46,3,2628.36883967969,603.432560297526,0,0,0,81,0,0,0
43,46,4,2537.63882495528,741.018026747824,0,0,0,88,0,0,0
43,46,5,2752.14897658479,882.385765781386,0,0,0,93,0,0,0
43,46,6,3194.51286102611,774.882200926621,0,0,0,147,0,0,0
43,46,7,21758.8667528586,8435.49123147522,66,0,0,219,0,0,1
43,46,8,0,6,0,0,0,0,0,0,0
43,47,1,3094.4194992613,1083.69483377954,1,0,0,146,0,0,0
43,47,2,2763.97202753716,1756.99989919485,0,0,0,127,0,0,0
43,47,3,2620.0521822293,633.96554981069,0,0,0,60,0,0,0
43,47,4,2536.7406982005,1310.93340256393,0,0,0,74,0,0,0
43,47,5,2749.26861371835,1166.69885625392,0,0,0,88,0,0,0
43,47,6,3203.18360923172,446.619273845471,0,0,0,77,0,0,0
43,47,7,21834.1640848164,5663.65735848517,135,0,0,261,0,0,1
43,47,8,0,6,0,0,0,0,0,0,0
43,48,1,3075.12343799513,2454.21546803702,103,0,0,5,0,0,0
43,48,2,2764.03726765938,538.791924799688,78,0,0,97,0,0,0
43,48,3,2602.33508962908,1032.06093653331,39,0,0,24,0,0,0
43,48,4,2526.75524418178,887.764902789594,68,0,0,63,0,0,0
43,48,5,2747.13939423282,966.249526559938,44,0,0,72,0,0,0
43,48,6,3190.71619900451,1585.11349029671,27,0,0,17,0,0,0
43,48,7,21853.5172543267,5381.31880392483,200,2,0,190,0,0,10
43,48,8,0,6,0,0,0,0,0,0,0
43,49,1,3100.81363676332,1957.18013093311,36,0,0,137,0,0,0
43,49,2,2754.59131166369,1034.24943563698,0,0,0,53,0,0,0
43,49,3,2602.79801532201,957.452203465439,0,0,0,103,0,0,0
43,49,4,2518.96908960304,1166.8240968102,0,0,0,88,0,0,0
43,49,5,2748.52396753519,763.551215414621,0,0,0,96,0,0,0
43,49,6,3211.98515920792,1748.07027372088,0,0,0,158,0,0,0
43,49,7,21832.7943020487,7784.2885259844,125,0,0,155,0,0,3
43,49,8,0,6,0,0,0,0,0,0,0
43,50,1,3160.71474100422,1788.97175391352,0,0,0,195,0,0,0
43,50,2,2769.1885168696,888.20670044484,0,0,0,103,0,0,0
43,50,3,2607.6431075703,1435.3967747141,0,0,0,95,0,0,0
43,50,4,2530.06018982406,1126.69536254968,0,0,0,116,0,0,0
43,50,5,2747.52002828416,1027.47838764065,0,0,0,76,0,0,0
43,50,6,3266.83219780812,1532.88771924392,0,0,0,174,0,0,0
43,50,7,21843.3617592713,13333.1706446467,48,0,0,191,0,0,0
43,50,8,0,6,0,0,0,0,0,0,0
43,51,1,3194.80998363265,1325.48577094817,0,0,0,178,0,0,0
43,51,2,2774.27512041786,1048.47076775409,0,0,0,88,0,0,0
43,51,3,2618.9686978122,510.240495393332,0,0,0,143,0,0,0
43,51,4,2531.18945637234,413.281976521744,0,0,0,112,0,0,0
43,51,5,2757.30368121727,1621.85526763546,0,0,0,102,0,0,0
43,51,6,3303.47146631533,731.885523291226,0,0,0,153,0,0,0
43,51,7,21847.2002020171,7198.66743497403,0,37,0,196,0,0,0
43,51,8,0,6,0,0,0,0,0,0,0
43,52,1,3204.96038551963,1388.67854825093,0,25,0,100,0,0,0
43,52,2,2780.14654253812,822.505514974243,0,2,0,102,0,0,0
43,52,3,2615.63853701917,1032.41381678367,0,0,0,51,0,0,0
43,52,4,2517.38208517849,1155.59856519287,0,0,0,41,0,0,0
43,52,5,2772.2505116308,556.741523852363,0,34,0,117,0,0,0
43,52,6,3312.35388803058,527.380774482716,0,0,0,73,0,0,0
43,52,7,21862.5833110388,4958.15676970358,2,250,0,267,0,0,0
43,52,8,0,6,0,0,0,0,0,0,0
43,53,1,3216.49966418888,1345.21530113621,0,0,0,138,0,0,0
43,53,2,2777.18166377408,934.711478982167,0,0,0,82,0,0,0
43,53,3,2608.6431301404,837.167305934121,0,0,0,103,0,0,0
43,53,4,2519.85198494775,1525.47288247569,0,0,0,115,0,0,0
43,53,5,2764.68138248337,1389.32684619395,0,0,0,55,0,0,0
43,53,6,3311.39259954924,1445.52428571687,0,0,0,52,0,0,0
43,53,7,21887.1248760691,13343.2011264658,36,0,0,193,0,0,0
43,53,8,0,6,0,0,0,0,0,0,0
43,54,1,3241.50711367938,1169.80467703737,0,0,0,134,0,0,0
43,54,2,2777.92559586646,919.938151609576,0,0,0,93,0,0,0
43,54,3,2607.33016243468,1347.40535311579,0,0,0,83,0,0,0
43,54,4,2537.39564381709,1462.70975783302,0,0,0,152,0,0,0
43,54,5,2779.03359044954,1288.1073460994,0,0,0,138,0,0,0
43,54,6,3347.24834206602,1545.81751065356,0,0,0,144,0,0,0
43,54,7,21929.3383801264,10499.3682285666,28,0,0,240,0,0,0
43,54,8,0,6,0,0,0,0,0,0,0
43,55,1,3258.66915636752,1679.66118461951,0,0,0,116,0,0,0
43,55,2,2775.93076238421,1240.86848173487,0,0,0,91,0,0,0
43,55,3,2614.87646546343,904.337219607331,0,0,0,134,0,0,0
43,55,4,2554.29661571278,515.0284539596,0,0,0,146,0,0,0
43,55,5,2787.13529453311,498.717046805306,0,0,0,128,0,0,0
43,55,6,3380.47814817119,919.15336143264,0,0,0,154,0,0,0
43,55,7,21977.0824219875,12161.9671750787,16,0,0,241,0,0,5
43,55,8,0,6,0,0,0,0,0,0,0
43,56,1,3292.08967718593,1426.65472397697,0,0,0,167,0,0,0
43,56,2,2782.37191970135,1472.37059867108,0,0,0,124,0,0,0
43,56,3,2613.86345762098,1561.41567462113,0,0,0,90,0,0,0
43,56,4,2540.03265877505,586.018670014615,0,0,0,51,0,0,0
43,56,5,2775.40009281691,689.969433842111,0,0,0,49,0,0,0
43,56,6,3386.17475300374,1678.22646117529,0,0,0,91,0,0,0
43,56,7,22013.5595923888,12766.2243980213,0,75,0,185,0,0,0
43,56,8,0,6,0,0,0,0,0,0,0
43,57,1,3324.46917457899,1855.21403975306,0,0,0,142,0,0,0
43,57,2,2803.52486391859,1183.87853486834,0,0,0,147,0,0,0
43,57,3,2631.53069579926,547.967688851581,0,0,0,156,0,0,0
43,57,4,2532.34274590127,692.912796874852,0,0,0,58,0,0,0
43,57,5,2766.95649626621,1023.34667926367,0,0,0,68,0,0,0
43,57,6,3438.85754795193,1286.32591663738,0,0,0,167,0,0,0
43,57,7,22062.8204773889,6848.67974284081,0,107,0,185,0,0,0
43,57,8,0,6,0,0,0,0,0,0,0
43,58,1,3359.36296008098,1237.06794889429,0,0,0,184,0,0,0
43,58,2,2803.94565638414,1480.49495503661,0,0,0,118,0,0,0
43,58,3,2624.15500402801,803.409576008714,0,0,0,54,0,0,0
43,58,4,2525.25902304343,1270.28416788478,0,0,0,69,0,0,0
43,58,5,2782.87562347643,911.482327207631,0,0,0,102,0,0,0
43,58,6,3459.29911724995,1456.24762771364,0,0,0,128,0,0,0
43,58,7,22116.817333894,10790.4415004202,36,0,0,208,0,0,0
43,58,8,0,6,0,0,0,0,0,0,0
43,59,1,3391.82737357081,1414.33707706089,0,0,0,123,0,0,0
43,59,2,2818.53823478744,884.963665326334,0,0,0,148,0,0,0
43,59,3,2617.00327947712,529.323968759346,0,0,0,80,0,0,0
43,59,4,2530.81613913099,914.129969916271,0,0,0,127,0,0,0
43,59,5,2785.90301013734,1540.37892390169,0,0,0,91,0,0,0
43,59,6,3488.52392754167,1543.6000265256,0,0,0,145,0,0,0
43,59,7,22158.719616561,11023.3838513056,0,37,0,186,0,0,0
43,59,8,0,6,0,0,0,0,0,0,0
43,60,1,3383.64947864673,954.131536193115,0,100,0,41,0,0,0
43,60,2,2808.85815536342,988.585759927461,0,37,0,51,0,0,0
43,60,3,2592.9958733869,1041.7507296711,0,24,0,28,0,0,0
43,60,4,2509.3289279292,654.672088484139,0,44,0,47,0,0,0
43,60,5,2780.41612554945,1063.99697224191,0,93,0,61,0,0,0
43,60,6,3492.41541683758,1413.83107165691,0,83,0,71,0,0,0
43,60,7,22287.7646445369,8475.47747423276,1,517,0,504,0,0,0
43,60,8,0,6,0,0,0,0,0,0,0
43,61,1,3393.62905316531,798.063284959443,0,0,0,95,0,0,0
43,61,2,2811.80014034592,1269.12086929544,0,0,0,98,0,0,0
43,61,3,2593.5742171057,1333.92823651819,0,0,0,104,0,0,0
43,61,4,2503.98291131134,779.062970048003,0,0,0,65,0,0,0
43,61,5,2793.30519965812,1077.51473842968,0,0,0,106,0,0,0
43,61,6,3535.83419043284,1007.92738014494,0,0,0,141,0,0,0
43,61,7,22366.5170942435,8178.68840267809,27,0,0,229,0,0,0
43,61,8,0,6,0,0,0,0,0,0,0
43,62,1,3415.64949291728,1725.61457003991,0,0,0,79,0,0,0
43,62,2,2829.24721387866,1651.78305744735,0,0,0,126,0,0,0
43,62,3,2619.73206862631,1318.71107405684,0,0,0,133,0,0,0
43,62,4,2510.28943165828,219.552712168118,0,0,0,77,0,0,0
43,62,5,2820.63956594385,1513.56082109893,0,0,0,107,0,0,0
43,62,6,3580.94686492806,1650.46846419858,0,0,0,100,0,0,0
43,62,7,22445.4160651462,10457.1105905576,24,0,0,198,0,0,0
43,62,8,0,6,0,0,0,0,0,0,0
43,63,1,3451.34137254134,1329.86206181584,0,0,0,169,0,0,0
43,63,2,2850.6448392269,1173.36380482038,0,0,0,165,0,0,0
43,63,3,2626.79293188554,415.815513324158,0,0,0,131,0,0,0
43,63,4,2500.52722290597,325.459200693913,0,0,0,21,0,0,0
43,63,5,2844.45133311344,767.234668132465,0,0,0,151,0,0,0
43,63,6,3626.05841614857,983.201420930996,0,0,0,165,0,0,0
43,63,7,22495.2523757266,12149.1616107967,29,0,0,211,0,0,0
43,63,8,0,6,0,0,0,0,0,0,0
43,64,1,3481.89219775812,871.336299371274,0,0,0,132,0,0,0
43,64,2,2861.80323426262,536.205957651109,0,0,0,117,0,0,0
43,64,3,2617.58103299471,1107.00521824867,0,0,0,41,0,0,0
43,64,4,2484.73243215638,979.739108328635,0,0,0,32,0,0,0
43,64,5,2853.652990771,753.319597319414,0,0,0,76,0,0,0
43,64,6,3656.8087046849,1956.65029683383,0,0,0,98,0,0,0
43,64,7,22562.7143360591,13897.3471806566,41,0,0,186,0,0,0
43,64,8,0,6,0,0,0,0,0,0,0
43,65,1,3502.6366045738,1442.51603177967,0,0,0,87,0,0,0
43,65,2,2857.5102265498,1275.42731593101,0,0,0,53,0,0,0
43,65,3,2626.73133325034,1512.70826485939,0,0,0,110,0,0,0
43,65,4,2489.72211484766,1268.42781256031,0,0,0,97,0,0,0
43,65,5,2861.66843570988,925.329286323171,0,0,0,75,0,0,0
43,65,6,3726.82576472756,1757.82732674979,0,0,0,195,0,0,0
43,65,7,22608.6387900526,8081.32909989659,35,0,0,189,0,0,0
43,65,8,0,6,0,0,0,0,0,0,0
43,66,1,3527.79458613114,1487.81016070192,0,0,0,144,0,0,0
43,66,2,2874.90615009377,1127.60918184634,0,0,0,127,0,0,0
43,66,3,2647.33908689994,906.007859046079,0,0,0,151,0,0,0
43,66,4,2500.32175555057,719.137285146839,0,0,0,126,0,0,0
43,66,5,2868.86456648622,792.81008396679,0,0,0,92,0,0,0
43,66,6,3781.17186407843,1548.82624476277,0,0,0,174,0,0,1
43,66,7,22673.5918770725,14861.2590020704,57,0,0,235,0,0,0
43,66,8,0,6,0,0,0,0,0,0,0
43,67,1,3537.69803142602,1311.39697501553,0,0,0,148,0,0,0
43,67,2,2876.90660077863,1033.95170273931,0,0,0,112,0,0,0
43,67,3,2648.78703439744,665.097317309285,0,0,0,90,0,0,0
43,67,4,2492.31075382724,1384.86401059067,0,0,0,71,0,0,0
43,67,5,2866.37527871116,1277.72735771602,0,0,0,79,0,0,0
43,67,6,3813.67637118664,1507.04930925588,0,0,0,154,0,0,0
43,67,7,22696.6783414616,8754.27303708411,42,0,0,216,0,0,0
43,67,8,0,6,0,0,0,0,0,0,0
43,68,1,3572.85588405583,1462.10524766069,0,0,0,131,0,0,0
43,68,2,2887.2839772803,823.655867949961,0,0,0,103,0,0,0
43,68,3,2651.14305512639,1375.51910771482,0,0,0,66,0,0,0
43,68,4,2504.41175372299,1316.14051317013,0,0,0,138,0,0,0
43,68,5,2887.21941937805,1130.3221542317,0,0,0,127,0,0,0
43,68,6,3876.23493702052,1311.51523687273,0,0,0,150,0,0,0
43,68,7,22743.5976717297,7918.09656887529,58,0,0,193,0,0,2
43,68,8,0,6,0,0,0,0,0,0,0
43,69,1,3591.20019707687,1221.66167923861,10,0,0,132,0,0,0
43,69,2,2875.39129293956,1755.96932908498,0,0,0,82,0,0,0
43,69,3,2652.42537945871,1012.33897885,0,0,0,137,0,0,0
43,69,4,2509.34407073397,854.833875072355,9,0,0,119,0,0,0
43,69,5,2887.71509601851,1395.75433090494,0,0,0,113,0,0,0
43,69,6,3908.87617591697,1714.22767211021,0,0,0,131,0,0,0
43,69,7,22809.2587358036,14035.3167934087,332,0,0,316,0,0,3
43,69,8,0,6,0,0,0,0,0,0,0
43,70,1,3595.72135621213,2399.92391284024,0,0,0,122,0,0,0
43,70,2,2893.3726395058,1376.90816763771,0,0,0,175,0,0,0
43,70,3,2637.7089525789,1181.542390179,0,0,0,101,0,0,0
43,70,4,2499.71885325512,616.09628915008,0,0,0,85,0,0,0
43,70,5,2890.24192648467,1240.83011048722,0,0,0,139,0,0,0
43,70,6,3960.74802523659,1865.92339379627,0,0,0,171,0,0,0
43,70,7,22838.4054511976,11771.4736497406,56,0,0,179,0,0,0
43,70,8,0,6,0,0,0,0,0,0,0
43,71,1,3645.10074207048,1320.6090804536,5,0,0,163,0,0,0
43,71,2,2910.09815447301,860.049829115484,0,0,0,137,0,0,0
43,71,3,2643.35909164206,763.328317681993,0,0,0,118,0,0,0
43,71,4,2489.76730084146,1103.15112333342,0,0,0,61,0,0,0
43,71,5,2915.86461586992,476.40750020355,0,0,0,124,0,0,0
43,71,6,4035.1095530214,2317.06464927259,0,0,0,186,0,0,0
43,71,7,22947.4442774063,10668.3753467392,67,0,0,243,0,0,0
43,71,8,0,6,0,0,0,0,0,0,0
43,72,1,3664.90718055395,2014.18460118024,0,0,0,132,0,0,0
43,72,2,2908.04980784669,1098.81013770563,0,0,0,86,0,0,0
43,72,3,2626.73688043961,976.132777658561,0,0,0,76,0,0,0
43,72,4,2492.98348228833,1419.96518025977,0,0,0,110,0,0,0
43,72,5,2898.76405719654,1394.45152879443,0,0,0,47,0,0,0
43,72,6,4128.43536693651,1671.72642673281,0,0,0,216,0,0,0
43,72,7,23033.6103013201,6481.91549332382,0,50,0,231,0,0,0
43,72,8,0,6,0,0,0,0,0,0,0
43,73,1,3666.9955648636,1388.36249479793,0,114,0,76,0,0,0
43,73,2,2899.13550179583,1057.57952252253,0,18,0,90,0,0,0
43,73,3,2627.75883026758,1265.38319702416,0,6,0,91,0,0,0
43,73,4,2494.0467462257,611.237488917883,0,49,0,88,0,0,0
43,73,5,2922.28724189279,1310.02893733348,0,50,0,84,0,0,0
43,73,6,4172.68374352839,539.734051247385,0,48,0,114,0,0,0
43,73,7,23138.6041358879,3221.07791957996,0,318,0,298,0,0,0
43,73,8,0,6,0,0,0,0,0,0,0
43,74,1,3665.39099139159,2375.82299186304,65,0,0,73,0,0,0
43,74,2,2875.38647999206,1015.46313971784,53,0,0,52,0,0,0
43,74,3,2609.59554780781,1348.05171950576,69,0,0,57,0,0,0
43,74,4,2479.92416730202,937.574686291718,30,0,0,31,0,0,0
43,74,5,2919.40832015702,771.385026843307,67,0,0,64,0,0,0
43,74,6,4170.6698417945,2039.72639974227,27,0,0,26,0,0,0
43,74,7,23168.3602947614,7687.8378750517,159,0,0,163,0,0,0
43,74,8,0,6,0,0,0,0,0,0,0
43,75,1,3741.41932117842,708.410420908662,1,0,0,214,0,0,0
43,75,2,2892.97748229071,1206.6536269786,0,0,0,101,0,0,0
43,75,3,2629.3013598006,1154.69759027411,0,0,0,134,0,0,0
43,75,4,2489.93453355852,1216.51350111784,0,0,0,93,0,0,0
43,75,5,2924.01367618568,1167.88567187048,0,0,0,77,0,0,0
43,75,6,4253.05619685393,2476.6488509254,1,0,0,186,0,0,0
43,75,7,23227.8756724953,15222.1221243556,33,0,0,204,0,0,0
43,75,8,0,6,0,0,0,0,0,0,0
43,76,1,3746.75722554474,953.89323860714,0,0,0,70,0,0,0
43,76,2,2901.18956892342,1514.48999086792,0,0,0,120,0,0,0
43,76,3,2636.44890059427,768.596906084793,0,0,0,115,0,0,0
43,76,4,2495.59847096029,725.55288621637,0,0,0,121,0,0,0
43,76,5,2940.18358176871,1648.96237041282,0,0,0,116,0,0,0
43,76,6,4339.72650541377,1422.10033537707,0,0,0,223,0,0,0
43,76,7,23252.5803160916,11222.065543614,29,0,0,244,0,0,0
43,76,8,0,6,0,0,0,0,0,0,0
43,77,1,3763.78103045151,514.9752818659,0,0,0,95,0,0,0
43,77,2,2922.6803342732,1276.06918986382,0,0,0,151,0,0,0
43,77,3,2632.8559304485,1500.23003840228,0,0,0,76,0,0,0
43,77,4,2498.64923160077,1184.95379238399,0,0,0,72,0,0,0
43,77,5,2962.49693029131,918.530362087947,0,0,0,164,0,0,0
43,77,6,4383.04477396737,2952.31525592223,0,0,0,142,0,0,0
43,77,7,23305.4010953584,5423.27891999149,70,0,0,209,0,0,0
43,77,8,0,6,0,0,0,0,0,0,0
43,78,1,3758.11710162889,2568.49032014086,0,0,0,51,0,0,0
43,78,2,2929.072022593,1364.63584475264,0,0,0,127,0,0,0
43,78,3,2646.60920388707,1024.38156801761,0,0,0,150,0,0,0
43,78,4,2502.30789890826,609.551771189461,0,0,0,118,0,0,0
43,78,5,2973.16941660028,1006.45482637836,0,0,0,91,0,0,0
43,78,6,4453.78119355106,2183.49269826878,48,0,0,165,0,0,0
43,78,7,23316.6629130117,7481.05895400686,139,0,0,162,0,0,4
43,78,8,0,6,0,0,0,0,0,0,0
43,79,1,3836.68966711723,1370.85459576273,7,0,0,178,0,0,0
43,79,2,2940.26595593215,1484.76111853827,0,0,0,136,0,0,0
43,79,3,2655.53494445559,1403.5593608085,0,0,0,102,0,0,0
43,79,4,2506.5060342158,786.734118794186,0,0,0,60,0,0,0
43,79,5,2998.33001554265,915.520514106986,0,0,0,100,0,0,0
43,79,6,4592.59934310124,1610.0406089127,0,0,0,218,0,0,0
43,79,7,23398.8351025107,10047.7726459245,48,0,0,216,0,0,0
43,79,8,0,6,0,0,0,0,0,0,0
43,80,1,3899.04603907895,1535.38981948109,0,0,0,137,0,0,0
43,80,2,2961.04199530863,1026.97344007819,0,0,0,148,0,0,0
43,80,3,2693.11556349095,492.555364485349,0,0,0,140,0,0,0
43,80,4,2509.03857654044,588.717837242206,0,0,0,78,0,0,0
43,80,5,3032.8003250873,2220.6239905574,0,0,0,91,0,0,0
43,80,6,4756.47928270306,2729.94374858926,0,0,0,161,0,0,0
43,80,7,23460.4955091589,11728.7890686489,0,42,0,181,0,0,0
43,80,8,0,6,0,0,0,0,0,0,0
43,81,1,3911.88406472033,2245.84023972061,0,0,0,153,0,0,0
43,81,2,2953.05225493792,784.746269619508,0,0,0,102,0,0,0
43,81,3,2674.45372986523,1202.21832693946,0,0,0,49,0,0,0
43,81,4,2500.71107467583,1492.31512608686,0,0,0,58,0,0,0
43,81,5,3053.97988682676,1671.91337481397,0,26,0,154,0,0,0
43,81,6,4820.26749554029,1281.97677486099,0,40,0,167,0,0,0
43,81,7,23568.3167665275,7658.25685986316,0,309,0,355,0,0,0
43,81,8,0,6,0,0,0,0,0,0,0
43,82,1,3994.25593041732,1332.8396905262,0,0,0,219,0,0,0
43,82,2,2937.02495088938,1614.60327630886,0,0,0,78,0,0,0
43,82,3,2682.10139817492,1321.8195622414,0,0,0,120,0,0,0
43,82,4,2527.83318976007,1072.17910429658,0,0,0,149,0,0,0
43,82,5,3111.94338564053,1285.44215744355,0,0,0,167,0,0,0
43,82,6,4932.90268849731,2768.72175445291,0,0,0,128,0,0,0
43,82,7,23644.8792982169,7974.85848350119,41,0,0,192,0,0,0
43,82,8,0,6,0,0,0,0,0,0,0
43,83,1,4025.68088308988,3040.39152972635,0,0,0,133,0,0,0
43,83,2,2960.77044844764,801.544307489128,0,0,0,161,0,0,0
43,83,3,2702.24573758744,1188.62395519324,0,0,0,132,0,0,0
43,83,4,2546.30214090403,1693.46349038962,0,0,0,107,0,0,0
43,83,5,3183.71119747423,1641.23654811297,0,0,0,128,0,0,0
43,83,6,5080.42116516042,2817.07370076829,3,0,0,210,0,0,0
43,83,7,23730.4214810771,18616.2758924963,32,0,0,190,0,0,0
43,83,8,0,6,0,0,0,0,0,0,0
43,84,1,4087.27319187769,1382.15320926752,0,0,0,303,0,0,0
43,84,2,2943.7609946093,1482.27457651358,0,0,0,80,0,0,0
43,84,3,2695.38493838203,1011.84513150482,0,0,0,118,0,0,0
43,84,4,2552.76557141138,1683.84610647048,0,0,0,169,0,0,0
43,84,5,3204.50535238466,1840.57733334949,0,0,0,164,0,0,0
43,84,6,5149.9025233544,776.968172574303,1,0,0,225,0,0,0
43,84,7,23758.7202758596,11496.1425416876,32,0,0,227,0,0,0
43,84,8,0,6,0,0,0,0,0,0,0
43,85,1,4107.42747102468,1186.1474346965,0,0,0,138,0,0,0
43,85,2,2958.99973581866,529.500444649288,0,0,0,148,0,0,0
43,85,3,2687.65315927949,1193.02389059956,0,0,0,101,0,0,0
43,85,4,2577.34946734042,924.399581047349,0,0,0,168,0,0,0
43,85,5,3250.35631138753,1422.68500403277,0,0,0,184,0,0,0
43,85,6,5191.35361730049,1251.15686876474,0,0,0,77,0,0,0
43,85,7,23819.9474966695,9003.16406237034,136,0,0,187,0,0,0
43,85,8,0,6,0,0,0,0,0,0,0
43,86,1,4137.42028322468,1638.55974585789,0,0,0,118,0,0,0
43,86,2,2936.62418988849,1163.61947405551,0,0,0,52,0,0,0
43,86,3,2705.3008730361,1633.60608196817,0,0,0,119,0,0,0
43,86,4,2574.95460970135,1469.54072302122,0,0,0,92,0,0,0
43,86,5,3284.56938451675,1125.88197181205,0,0,0,142,0,0,0
43,86,6,5258.3552836897,2512.89062869995,0,0,0,125,0,0,0
43,86,7,23906.7378007508,11057.4109631323,0,57,0,223,0,0,0
43,86,8,0,6,0,0,0,0,0,0,0
43,87,1,4147.92655245378,1931.8693410243,0,11,0,136,0,0,0
43,87,2,2929.817611841,1652.89675648273,0,0,0,116,0,0,0
43,87,3,2708.62038580446,1440.81531947529,0,0,0,163,0,0,0
43,87,4,2579.07267510672,926.20500201622,0,1,0,142,0,0,0
43,87,5,3277.74310525827,1633.30417409466,0,0,0,112,0,0,0
43,87,6,5346.54337799482,2424.91185998843,0,34,0,165,0,0,0
43,87,7,24049.2266273442,9984.95360391566,0,308,0,335,0,0,0
43,87,8,0,6,0,0,0,0,0,0,0
43,88,1,4213.12588529511,1451.79677508965,0,0,0,184,0,0,0
43,88,2,2951.70787961849,1053.13255915074,0,0,0,165,0,0,0
43,88,3,2714.67612165625,733.07411062976,0,0,0,144,0,0,0
43,88,4,2575.44897801432,1042.78675008028,0,0,0,92,0,0,0
43,88,5,3310.93407572996,790.561194341476,0,0,0,163,0,0,0
43,88,6,5458.45090221138,3225.00948291887,0,0,0,192,0,0,0
43,88,7,24165.8687603693,8984.45324136266,27,0,0,218,0,0,0
43,88,8,0,6,0,0,0,0,0,0,0
43,89,1,4275.23993188931,1607.80120422454,0,0,0,145,0,0,0
43,89,2,2958.18376161654,1112.82897373823,0,0,0,105,0,0,0
43,89,3,2705.32206047971,1223.62388687569,0,0,0,73,0,0,0
43,89,4,2598.86480213596,429.085127826741,0,0,0,104,0,0,0
43,89,5,3316.91623773709,1596.03985950653,0,0,0,79,0,0,0
43,89,6,5572.02163275548,3988.44855550717,4,0,0,195,0,0,2
43,89,7,24333.5084063192,12933.7909131981,22,0,0,279,0,0,0
43,89,8,0,6,0,0,0,0,0,0,0
43,90,1,4333.49860763088,1444.32816437906,0,0,0,160,0,0,0
43,90,2,2953.93389383156,1131.06127449226,0,0,0,111,0,0,0
43,90,3,2709.44229517701,947.320420112826,0,0,0,122,0,0,0
43,90,4,2590.91500608414,1271.567568819,0,0,0,42,0,0,0
43,90,5,3342.5089060585,2192.66279690575,0,0,0,159,0,0,0
43,90,6,5709.63817067903,2556.75673974399,1,7,0,178,0,0,0
43,90,7,24449.266951531,15172.7240728289,0,56,0,201,0,0,0
43,90,8,0,6,0,0,0,0,0,0,0
43,91,1,4371.95274358922,1451.90904168812,0,0,0,144,0,0,0
43,91,2,2965.34750099163,1063.53352996426,0,0,0,113,0,0,0
43,91,3,2706.58939519397,1398.19867240078,0,0,0,94,0,0,0
43,91,4,2600.06964256109,1286.0381673346,0,0,0,127,0,0,0
43,91,5,3399.40841325768,1268.56612160992,0,0,0,209,0,0,0
43,91,6,5839.3665160204,2568.31253687923,0,5,0,194,0,0,0
43,91,7,24512.9130497797,5506.75635313914,0,107,0,202,0,0,0
43,91,8,0,6,0,0,0,0,0,0,0
43,92,1,4381.34601490375,1571.25882710157,0,0,0,145,0,0,0
43,92,2,2966.12443142083,1000.15753932697,0,0,0,106,0,0,0
43,92,3,2715.01086989039,1435.32099436069,0,0,0,139,0,0,0
43,92,4,2605.95202210088,1328.39327235777,0,0,0,128,0,0,0
43,92,5,3422.85287733964,1014.355673879,0,0,0,126,0,0,0
43,92,6,5932.70104353049,3201.75558767028,6,0,0,210,0,0,0
43,92,7,24584.0819153466,8074.77548268124,46,0,0,211,0,0,0
43,92,8,0,6,0,0,0,0,0,0,0
43,93,1,4378.57605855546,1136.29089567228,0,0,0,157,0,0,0
43,93,2,2958.44125692683,1435.50819989458,0,0,0,100,0,0,0
43,93,3,2715.88466280984,811.976723596331,0,0,0,143,0,0,0
43,93,4,2605.61938198138,921.424773093499,0,0,0,132,0,0,0
43,93,5,3421.50257186785,1241.83072675066,0,0,0,101,0,0,0
43,93,6,5974.28534202558,2457.33372356482,0,8,0,206,0,0,0
43,93,7,24632.9051587607,17052.0775159363,0,41,0,215,0,0,0
43,93,8,0,6,0,0,0,0,0,0,0
43,94,1,4400.07001423243,2184.19722304811,0,0,0,113,0,0,0
43,94,2,2969.43124444322,960.106796582766,0,0,0,143,0,0,0
43,94,3,2699.4181399374,1548.42880188461,0,0,0,81,0,0,0
43,94,4,2596.98235013416,550.431939177077,0,0,0,92,0,0,0
43,94,5,3431.11049353588,1533.44306083839,0,0,0,124,0,0,0
43,94,6,6110.19926578621,3524.21308219803,0,3,0,207,0,0,0
43,94,7,24673.4157899897,5407.19124556359,0,118,0,191,0,0,0
43,94,8,0,6,0,0,0,0,0,0,0
43,95,1,4441.33244135549,2612.93380596264,9,0,0,170,0,0,0
43,95,2,2980.58018830961,1057.22328105331,0,0,0,96,0,0,0
43,95,3,2726.74695327351,1158.79872294955,0,0,0,154,0,0,0
43,95,4,2590.80373962403,1004.28080370311,0,0,0,55,0,0,0
43,95,5,3467.45883204744,1603.83762124011,0,0,0,153,0,0,0
43,95,6,6284.01444866198,1791.55160330914,32,0,0,186,0,0,0
43,95,7,24765.0602762216,9373.50819530815,62,0,0,210,0,0,0
43,95,8,0,6,0,0,0,0,0,0,0
43,96,1,4610.91094771875,2562.53829241966,0,0,0,240,0,0,0
43,96,2,2967.49739794041,1715.19073205758,0,0,0,105,0,0,0
43,96,3,2726.8862984801,1349.68502254484,0,0,0,115,0,0,0
43,96,4,2588.72507008835,993.679381966533,0,0,0,100,0,0,0
43,96,5,3520.24750550799,1355.49051459223,0,0,0,160,0,0,0
43,96,6,6606.5430348429,2104.85285798972,0,0,0,179,0,0,0
43,96,7,24875.1308371196,16618.622017484,0,32,0,195,0,0,0
43,96,8,0,6,0,0,0,0,0,0,0
43,97,1,4658.64141703798,1455.73256511614,0,5,0,175,0,0,0
43,97,2,2984.59439426307,705.138805841097,0,0,0,171,0,0,0
43,97,3,2717.50393672328,1029.87644931841,0,0,0,134,0,0,0
43,97,4,2577.38381680039,1010.04308256474,0,0,0,99,0,0,0
43,97,5,3519.85655249623,1966.9029763882,0,0,0,135,0,0,0
43,97,6,6658.84975417448,2668.94156339404,0,0,0,210,0,0,0
43,97,7,24903.8889075231,8636.20492894908,0,97,0,207,0,0,0
43,97,8,0,6,0,0,0,0,0,0,0
43,98,1,4723.503361885,2002.99855677402,0,0,0,145,0,0,0
43,98,2,2978.13883996356,714.297018966436,0,0,0,70,0,0,0
43,98,3,2715.29884824007,1612.51765717151,0,0,0,102,0,0,0
43,98,4,2589.74297316038,686.379572475224,0,0,0,101,0,0,0
43,98,5,3517.54312750944,414.253820140071,0,0,0,181,0,0,0
43,98,6,6861.58607017975,3293.30819865194,2,0,0,202,0,0,0
43,98,7,25076.9067827815,11282.2969849793,27,0,0,336,0,0,0
43,98,8,0,6,0,0,0,0,0,0,0
43,99,1,4838.2263156488,1719.15975087154,0,0,0,196,0,0,0
43,99,2,2970.98651594213,1440.61280213893,0,0,0,71,0,0,0
43,99,3,2737.19039419559,1369.94391398935,0,0,0,161,0,0,0
43,99,4,2581.32708872978,936.734886915983,0,0,0,68,0,0,0
43,99,5,3506.10482900893,2084.99515551855,0,0,0,41,0,0,0
43,99,6,7068.59795406747,4399.85599293076,4,0,0,189,0,0,0
43,99,7,25242.2270234261,12518.7549465778,32,0,0,201,0,0,0
43,99,8,0,6,0,0,0,0,0,0,0
43,100,1,4972.78441701053,2572.06539470825,0,0,0,169,0,0,0
43,100,2,3013.45658196358,1756.41768608647,0,0,0,144,0,0,0
43,100,3,2777.71493202602,1340.39522556456,0,0,0,136,0,0,0
43,100,4,2594.86976778391,1688.57210335154,0,0,0,93,0,0,0
43,100,5,3546.73908108727,1386.15011089916,0,1,0,175,0,0,0
43,100,6,7346.90236862767,2551.5568476599,0,15,0,174,0,0,0
43,100,7,25441.2276969816,8956.00244097201,0,58,0,223,0,0,0
43,100,8,0,6,0,0,0,0,0,0,0
44,1,1,3047.344,1361.97169885162,0,42,0,41,0,0,0
44,1,2,3041.952,1377.83292376443,0,28,0,24,0,0,0
44,1,3,3038.3536,1234.14486672735,0,34,0,10,0,0,0
44,1,4,3048.248,1077.36880132853,0,55,0,38,0,0,0
44,1,5,3049.32,698.463118569057,0,41,0,58,0,0,0
44,1,6,3049.864,967.484887278379,0,41,0,53,0,0,0
44,1,7,18514.1951999999,6894.85713920712,0,45,0,43,0,0,0
44,1,8,0,1,0,24,0,23,0,0,0
44,2,1,3064.86399999999,616.06676986938,0,0,0,136,0,0,0
44,2,2,3060.704,1400.09350172013,0,0,0,137,0,0,0
44,2,3,3055.9136,1171.94031042702,0,0,0,123,0,0,0
44,2,4,3064.816,444.405711037616,0,0,0,107,0,0,0
44,2,5,3057.112,1304.55815031707,0,0,0,69,0,0,0
44,2,6,3059.896,658.663774070195,0,0,0,96,0,0,0
44,2,7,18468.3276799999,8511.91969146991,23,0,0,204,0,0,0
44,2,8,0,1,0,0,0,0,0,0,0
44,3,1,3069.42399999999,1296.74358412569,0,0,0,61,0,0,0
44,3,2,3078.552,1462.73111405128,0,0,0,140,0,0,0
44,3,3,3073.16319999999,1382.159662682,0,0,0,117,0,0,0
44,3,4,3066.96,1379.00920974139,0,0,0,44,0,0,0
44,3,5,3076.26399999999,1806.47899710341,0,0,0,130,0,0,0
44,3,6,3064.144,564.159409269155,0,0,0,65,0,0,0
44,3,7,18424.6351999998,11054.0763646526,20,0,0,224,0,0,0
44,3,8,0,1,0,0,0,0,0,0,0
44,4,1,3087.14559999999,889.416203932274,0,0,0,129,0,0,0
44,4,2,3097.9584,646.549490429945,0,0,0,146,0,0,0
44,4,3,3092.92799999999,1236.68916727813,0,0,0,138,0,0,0
44,4,4,3087.808,1560.86316186706,0,0,0,137,0,0,0
44,4,5,3104.32799999999,1410.87458060298,0,0,0,180,0,0,0
44,4,6,3067.5696,1327.1600368897,0,0,0,56,0,0,0
44,4,7,18380.3228799998,2100.69405298648,26,0,0,220,0,0,0
44,4,8,0,1,0,0,0,0,0,0,0
44,5,1,3081.00614399999,1701.67239283711,41,0,0,47,0,0,0
44,5,2,3096.1648,2527.79194899467,25,0,0,39,0,0,0
44,5,3,3093.30239999999,930.729134548644,72,0,0,51,0,0,0
44,5,4,3092.6288,1143.38223730633,74,0,0,82,0,0,0
44,5,5,3110.26079999999,787.290396487817,72,0,0,69,0,0,0
44,5,6,3070.0896,1680.98420652075,68,0,0,64,0,0,0
44,5,7,18304.5308799997,3084.54538716548,98,0,0,112,0,0,0
44,5,8,0,1,0,0,0,0,0,0,0
44,6,1,3096.48454399999,2252.8147179293,3,0,0,154,0,0,0
44,6,2,3118.87008,773.154798260714,18,0,0,165,0,0,0
44,6,3,3106.00831999999,953.176308685681,0,0,0,93,0,0,0
44,6,4,3115.60671999999,1412.79440751391,0,0,0,114,0,0,0
44,6,5,3124.69727999999,1556.7623175115,0,0,0,78,0,0,0
44,6,6,3096.4976,999.202040538802,2,0,0,159,0,0,0
44,6,7,18212.0184959996,7448.00005218026,29,0,0,177,0,0,0
44,6,8,0,1,0,0,0,0,0,0,0
44,7,1,3126.49574399999,1331.09851458548,0,0,0,213,0,0,0
44,7,2,3124.82688,1072.08860257672,0,0,0,77,0,0,0
44,7,3,3118.09759999999,1838.10654848182,0,0,0,95,0,0,0
44,7,4,3140.44031999999,1025.9755331175,0,0,0,141,0,0,0
44,7,5,3151.99007999999,1358.94646627244,0,0,0,155,0,0,0
44,7,6,3106.92319999999,1666.52151326327,0,0,0,99,0,0,0
44,7,7,18136.6805759995,7519.63945995946,0,19,0,274,0,0,0
44,7,8,0,1,0,0,0,0,0,0,0
44,8,1,3122.35526399999,2009.39134897417,0,79,0,54,0,0,0
44,8,2,3124.35488,1809.94586087754,0,58,0,49,0,0,0
44,8,3,3127.53279999999,695.584094505528,0,101,0,82,0,0,0
44,8,4,3145.36351999999,1312.57690833145,0,51,0,51,0,0,0
44,8,5,3162.75545599999,1383.43580509681,0,59,0,76,0,0,0
44,8,6,3115.56319999999,1229.01793209697,0,82,0,84,0,0,0
44,8,7,18023.4917119994,11415.7869272197,7,172,0,154,0,0,0
44,8,8,0,1,0,0,0,0,0,0,0
44,9,1,3157.92166399999,1362.30400695235,0,0,0,200,0,0,0
44,9,2,3161.056896,1560.38147741038,0,0,0,180,0,0,0
44,9,3,3141.94399999999,1090.40327451639,0,0,0,69,0,0,0
44,9,4,3172.19711999999,774.760132596247,0,0,0,131,0,0,0
44,9,5,3191.35038719999,804.084014866541,0,0,0,138,0,0,0
44,9,6,3135.99679999999,1170.6854475571,0,0,0,122,0,0,0
44,9,7,17956.7020159994,9917.76512270846,27,0,0,245,0,0,0
44,9,8,0,1,0,0,0,0,0,0,0
44,10,1,3183.93478399999,788.085730091691,0,0,0,136,0,0,0
44,10,2,3194.713152,1720.24532421307,0,0,0,156,0,0,0
44,10,3,3166.29951999999,1343.38212545875,0,0,0,109,0,0,0
44,10,4,3190.69471999999,1476.60218625623,0,0,0,77,0,0,0
44,10,5,3206.27358719999,935.229958923191,0,0,0,80,0,0,0
44,10,6,3158.64192,1586.96131499163,0,0,0,117,0,0,0
44,10,7,17877.5276927993,9276.18000435742,21,0,0,186,0,0,2
44,10,8,0,1,0,0,0,0,0,0,0
44,11,1,3193.54092799999,653.725999148142,0,0,0,78,0,0,0
44,11,2,3227.68435199999,1115.67206313706,0,0,0,172,0,0,0
44,11,3,3193.43583999999,343.568974426455,0,0,0,134,0,0,0
44,11,4,3220.78591999999,1677.85300731971,0,0,0,147,0,0,0
44,11,5,3222.27518719999,1503.54947092795,0,0,0,93,0,0,0
44,11,6,3186.95551999999,1007.78725330974,0,0,0,158,0,0,0
44,11,7,17806.1460607993,5870.00458884975,25,0,0,244,0,0,0
44,11,8,0,1,0,0,0,0,0,0,0
44,12,1,3200.44684799999,834.033979879953,0,0,0,65,0,0,0
44,12,2,3250.6612992,1488.69308714762,0,0,0,111,0,0,0
44,12,3,3200.50310399999,981.737058366272,0,0,0,34,0,0,0
44,12,4,3258.36006399999,782.014560363107,0,0,0,167,0,0,0
44,12,5,3250.53854719999,1088.52855622625,0,0,0,150,0,0,0
44,12,6,3201.273664,1274.0732915065,0,0,0,100,0,0,0
44,12,7,17748.4544025592,6974.40661003618,33,0,0,261,0,0,0
44,12,8,0,1,0,0,0,0,0,0,0
44,13,1,3205.45452799999,1049.30340939478,0,0,0,83,0,0,0
44,13,2,3276.6078592,734.798630161149,0,0,0,148,0,0,0
44,13,3,3219.54630399998,506.588403324494,0,0,0,98,0,0,0
44,13,4,3270.95404799999,723.288738641216,0,0,0,78,0,0,0
44,13,5,3266.43966719999,1829.85952603006,0,0,0,108,0,0,0
44,13,6,3218.7211008,2099.72430388807,0,0,0,127,0,0,0
44,13,7,17673.5676958711,5630.92712729009,63,0,0,190,0,0,0
44,13,8,0,1,0,0,0,0,0,0,0
44,14,1,3213.38441215999,656.916201262534,0,0,0,104,0,0,0
44,14,2,3287.47979264,1767.63234576303,0,0,0,73,0,0,0
44,14,3,3223.83110399999,1566.48326308823,0,0,0,50,0,0,0
44,14,4,3278.81452799999,1532.14885283475,0,0,0,72,0,0,0
44,14,5,3294.60126719999,1127.11209222082,6,0,0,165,0,0,0
44,14,6,3237.7975808,1537.84657361749,21,0,0,149,0,0,0
44,14,7,17591.4444344311,6249.31220661241,128,0,0,189,0,0,0
44,14,8,0,1,0,0,0,0,0,0,0
44,15,1,3206.15663616,959.231217868929,0,0,0,65,0,0,0
44,15,2,3317.545696768,1351.8931415742,0,0,0,176,0,0,0
44,15,3,3251.26476799999,1800.34788006576,0,0,0,156,0,0,0
44,15,4,3303.59667199999,1363.41859949903,0,0,0,152,0,0,0
44,15,5,3311.22270463999,1820.60935640004,0,0,0,112,0,0,0
44,15,6,3262.43203584,1958.2739034622,0,0,0,153,0,0,0
44,15,7,17510.831962623,10844.5816715374,0,123,0,167,0,0,0
44,15,8,0,1,0,0,0,0,0,0,0
44,16,1,3205.41953536,929.853088474905,0,0,0,95,0,0,0
44,16,2,3334.478611968,1584.19874411534,0,0,0,135,0,0,0
44,16,3,3276.20396799999,828.378131224923,0,2,0,171,0,0,0
44,16,4,3322.44927999999,697.651029066835,0,0,0,136,0,0,0
44,16,5,3334.25662463999,1046.68394167637,0,6,0,161,0,0,0
44,16,6,3281.74633984,1994.86494362625,0,14,0,146,0,0,0
44,16,7,17462.5116756941,3567.5504197038,0,234,0,264,0,0,0
44,16,8,0,1,0,0,0,0,0,0,0
44,17,1,3206.22006016,1860.90182088573,0,0,0,92,0,0,0
44,17,2,3359.81275228161,1590.93525760969,1,0,0,153,0,0,0
44,17,3,3282.42873599999,1174.37638992296,0,0,0,82,0,0,0
44,17,4,3327.75408639999,1135.65393532932,0,0,0,69,0,0,0
44,17,5,3347.64516863999,1276.54296139567,0,0,0,104,0,0,0
44,17,6,3307.34584780801,1377.49582883223,16,0,0,154,0,0,0
44,17,7,17434.3324955597,4827.60710784564,63,0,0,180,0,0,0
44,17,8,0,1,0,0,0,0,0,0,0
44,18,1,3230.52911872,365.555488212949,1,0,0,178,0,0,0
44,18,2,3391.70270420993,1305.36342188013,0,0,0,159,0,0,0
44,18,3,3295.5426048,1555.96950299713,0,0,0,117,0,0,0
44,18,4,3346.51275519999,1128.76009673606,0,0,0,113,0,0,0
44,18,5,3371.48580556799,1142.99672007165,0,0,0,127,0,0,0
44,18,6,3334.474769408,1726.82043245021,0,0,0,137,0,0,0
44,18,7,17409.9745486591,7499.19289418448,40,0,0,177,0,0,0
44,18,8,0,1,0,0,0,0,0,0,0
44,19,1,3221.54070272001,1392.68391089706,0,0,0,36,0,0,0
44,19,2,3405.68069169154,1517.31641237651,0,0,0,130,0,0,0
44,19,3,3317.6068736,1806.7756834377,0,0,0,155,0,0,0
44,19,4,3359.81164032,220.638644946784,0,0,0,112,0,0,0
44,19,5,3385.72570316799,1428.54544335939,0,0,0,114,0,0,0
44,19,6,3366.38418124801,1768.38714250712,0,0,0,172,0,0,0
44,19,7,17377.6317939455,8780.85773427958,34,0,0,206,0,0,0
44,19,8,0,1,0,0,0,0,0,0,0
44,20,1,3230.85523712001,1238.93573525624,0,0,0,139,0,0,0
44,20,2,3424.63385198593,1250.01377922249,0,0,0,151,0,0,0
44,20,3,3343.7212672,932.138448981387,0,0,0,180,0,0,0
44,20,4,3344.52887552,2178.99469949215,0,0,0,22,0,0,0
44,20,5,3404.043949568,1426.73090526262,0,0,0,142,0,0,0
44,20,6,3392.07995084801,1592.30560672984,0,0,0,176,0,0,0
44,20,7,17329.8384259839,6921.5285370674,0,44,0,201,0,0,0
44,20,8,0,1,0,0,0,0,0,0,0
44,21,1,3221.06931712001,1739.42930179377,0,94,0,29,0,0,0
44,21,2,3417.86397591553,1159.38927274006,0,61,0,64,0,0,0
44,21,3,3333.3048832,1655.5420514767,0,50,0,43,0,0,0
44,21,4,3346.29655552,2012.62499959325,0,126,0,91,0,0,0
44,21,5,3400.210170368,845.67143038696,0,96,0,46,0,0,0
44,21,6,3395.78816204801,1948.53499402591,0,77,0,82,0,0,0
44,21,7,17278.1392045045,6339.8396593487,6,144,0,171,0,0,0
44,21,8,0,1,0,0,0,0,0,0,0
44,22,1,3249.11967232001,1474.88869268398,0,0,0,169,0,0,0
44,22,2,3441.17248407554,1236.76846704944,0,0,0,115,0,0,0
44,22,3,3366.94571520001,1493.64757825782,0,0,0,165,0,0,0
44,22,4,3387.08339456,1913.34161485435,0,0,0,198,0,0,0
44,22,5,3422.9234108416,1095.86182141676,0,0,0,84,0,0,0
44,22,6,3438.96573644801,1848.25398074292,0,0,0,194,0,0,0
44,22,7,17254.3747239924,10668.5435049052,30,0,0,187,0,0,0
44,22,8,0,1,0,0,0,0,0,0,0
44,23,1,3269.14840832001,1389.19839040826,0,0,0,147,0,0,0
44,23,2,3462.82377623554,755.709315282051,0,0,0,123,0,0,0
44,23,3,3394.18332160001,1651.01235801403,0,0,0,149,0,0,0
44,23,4,3422.532822528,1743.00027812503,0,0,0,182,0,0,0
44,23,5,3445.5617110016,766.662986358754,0,0,0,109,0,0,0
44,23,6,3476.514331648,1613.93986249257,0,0,0,184,0,0,0
44,23,7,17255.3016167561,7895.26186096811,25,0,0,339,0,0,0
44,23,8,0,1,0,0,0,0,0,0,0
44,24,1,3295.45944064001,1675.53067077327,0,0,0,138,0,0,0
44,24,2,3473.75669143554,779.971850642313,0,0,0,75,0,0,0
44,24,3,3426.72536576001,1479.14495157129,0,0,0,164,0,0,0
44,24,4,3464.1163503616,1325.53088256175,0,0,0,167,0,0,0
44,24,5,3462.2804263936,2333.22495149368,0,0,0,76,0,0,0
44,24,6,3513.286365696,541.104485422465,0,0,0,161,0,0,0
44,24,7,17232.3044899977,7149.12276174501,65,0,0,176,0,0,0
44,24,8,0,1,0,0,0,0,0,0,0
44,25,1,3324.67755468801,857.070557171654,0,0,0,165,0,0,0
44,25,2,3483.84680720386,1296.1790055116,0,0,0,77,0,0,0
44,25,3,3454.08561152001,1706.1825682511,0,0,0,147,0,0,0
44,25,4,3493.2144705536,1325.98628152224,0,0,0,132,0,0,0
44,25,5,3509.25652111361,1112.00320377938,14,0,0,187,0,0,0
44,25,6,3518.930585088,877.154743032938,0,0,0,54,0,0,0
44,25,7,17218.4952796297,7279.28085095768,157,0,0,200,0,0,20
44,25,8,0,1,0,0,0,0,0,0,0
44,26,1,3330.99693824001,771.492076316197,0,0,0,85,0,0,0
44,26,2,3502.12157978626,969.62763387177,0,0,0,129,0,0,0
44,26,3,3486.94124441601,648.328214307768,6,0,0,151,0,0,0
44,26,4,3527.572765184,604.645141643618,0,0,0,132,0,0,0
44,26,5,3535.71642664961,1853.85989672514,0,0,0,111,0,0,0
44,26,6,3535.22940579841,788.295990828941,0,0,0,87,0,0,0
44,26,7,17219.9303982217,11464.6686488583,189,0,0,188,0,0,12
44,26,8,0,1,0,0,0,0,0,0,0
44,27,1,3325.65557504001,2276.93142117328,0,0,0,77,0,0,0
44,27,2,3505.08468547586,1983.19424105083,0,0,0,96,0,0,0
44,27,3,3479.18592204801,1293.89024523301,0,0,0,64,0,0,0
44,27,4,3525.375297024,1391.68890315699,0,0,0,60,0,0,0
44,27,5,3565.59536238592,1949.76141887105,0,0,0,185,0,0,0
44,27,6,3540.85679267841,2268.31428115959,0,0,0,78,0,0,0
44,27,7,17219.4316078217,8129.38057652244,57,0,0,206,0,0,0
44,27,8,0,1,0,0,0,0,0,0,0
44,28,1,3341.27189504001,721.962089051885,27,0,0,143,0,0,0
44,28,2,3525.23278915586,1471.11038546041,12,0,0,160,0,0,0
44,28,3,3494.06797004801,903.035576882904,0,0,0,129,0,0,0
44,28,4,3543.499006976,2066.55770086855,0,0,0,139,0,0,0
44,28,5,3592.14097518593,2093.86179004159,11,0,0,160,0,0,0
44,28,6,3576.22190243841,2152.93727786253,18,0,0,168,0,0,0
44,28,7,17224.4220564617,6449.27898942241,194,0,0,199,0,0,1
44,28,8,0,1,0,0,0,0,0,0,0
44,29,1,3322.24381440001,543.083560453274,68,0,0,4,0,0,0
44,29,2,3521.18535747586,1103.39950617391,72,0,0,75,0,0,0
44,29,3,3484.87083427841,650.31793371128,34,0,0,56,0,0,0
44,29,4,3548.76367218689,1560.78886680485,106,0,0,100,0,0,0
44,29,5,3604.35425697793,562.493171370696,104,0,0,105,0,0,0
44,29,6,3592.10810327042,1230.63958552949,125,0,0,90,0,0,0
44,29,7,17260.0016966793,12805.1302168108,282,0,0,301,0,0,0
44,29,8,0,1,0,0,0,0,0,0,0
44,30,1,3314.21681612801,535.528922928182,0,0,0,54,0,0,0
44,30,2,3514.67319898115,1808.03073521259,0,0,0,110,0,0,0
44,30,3,3472.68848547841,1740.97191035556,0,0,0,65,0,0,0
44,30,4,3569.16556658689,1367.9628647884,0,0,0,156,0,0,0
44,30,5,3612.76264824833,1800.68420329072,0,0,0,56,0,0,0
44,30,6,3610.37084600321,1023.52554492924,0,0,0,123,0,0,0
44,30,7,17249.9026016393,6992.37329692682,41,0,0,204,0,0,0
44,30,8,0,1,0,0,0,0,0,0,0
44,31,1,3302.57597900802,1081.5803783002,0,0,0,53,0,0,0
44,31,2,3528.95968818793,1221.07638390191,3,0,0,162,0,0,0
44,31,3,3498.54888441858,1158.54927367818,0,0,0,174,0,0,0
44,31,4,3594.65321752577,1727.89140638098,0,0,0,136,0,0,0
44,31,5,3664.67490267547,1410.71845808736,1,0,0,174,0,0,0
44,31,6,3629.09938515969,1855.30392394815,0,0,0,102,0,0,0
44,31,7,17243.7269852297,1878.33124101375,88,0,0,168,0,0,0
44,31,8,0,1,0,0,0,0,0,0,0
44,32,1,3286.64627394561,1426.92485318517,0,55,0,53,0,0,0
44,32,2,3508.24380042857,1873.87603015928,0,67,0,55,0,0,0
44,32,3,3479.27188422658,2876.77567528241,0,68,0,47,0,0,0
44,32,4,3595.61804517377,1690.69816508294,0,83,0,89,0,0,0
44,32,5,3664.86577279387,1186.17999164258,0,72,0,69,0,0,0
44,32,6,3638.33881939969,1422.1278855316,0,96,0,89,0,0,0
44,32,7,17207.9793244297,10005.1061504052,0,95,0,92,0,0,0
44,32,8,0,1,0,0,0,0,0,0,0
44,33,1,3302.38080063489,1065.17387641097,0,0,0,142,0,0,0
44,33,2,3545.07371626089,1316.2210088853,0,0,0,187,0,0,0
44,33,3,3519.25155567618,1458.90763301722,3,0,0,187,0,0,0
44,33,4,3636.25608370178,668.067718985003,0,0,0,169,0,0,0
44,33,5,3698.32428118427,1384.24001531891,0,0,0,118,0,0,0
44,33,6,3674.08587704321,1129.4934927577,0,0,0,142,0,0,0
44,33,7,17223.412925355,4624.58918881243,28,0,0,243,0,0,0
44,33,8,0,1,0,0,0,0,0,0,0
44,34,1,3301.65396492289,1298.2135712401,12,0,0,92,0,0,0
44,34,2,3560.26103696919,1214.6309314666,3,0,0,128,0,0,0
44,34,3,3538.53596911618,773.34738916412,19,0,0,123,0,0,0
44,34,4,3643.74052786178,2478.34408581888,1,0,0,65,0,0,0
44,34,5,3723.56174445364,1942.26966469369,33,0,0,98,0,0,0
44,34,6,3701.68777246722,831.619993229603,4,0,0,108,0,0,0
44,34,7,17229.566317483,2424.86978093162,198,0,0,224,0,0,0
44,34,8,0,1,0,0,0,0,0,0,0
44,35,1,3295.2839174349,962.764356257259,31,0,0,89,0,0,0
44,35,2,3566.46784400919,1997.36204984833,0,0,0,121,0,0,0
44,35,3,3533.93482121218,1542.79900641311,0,0,0,77,0,0,0
44,35,4,3671.30808774658,1572.17575957024,75,0,0,150,0,0,0
44,35,5,3752.94314286778,1610.86498034154,39,0,0,143,0,0,0
44,35,6,3717.91433758722,1536.99687858759,0,0,0,83,0,0,0
44,35,7,17223.806878123,10377.236177063,78,0,0,141,0,0,0
44,35,8,0,1,0,0,0,0,0,0,0
44,36,1,3293.8892965069,1075.61464464834,0,0,0,96,0,0,0
44,36,2,3585.44766496279,1778.43304603251,0,0,0,199,0,0,0
44,36,3,3556.51806294018,1184.88489196847,0,0,0,154,0,0,0
44,36,4,3701.38140041218,738.010016689656,0,0,0,157,0,0,0
44,36,5,3791.62039928915,1961.44829456817,0,0,0,161,0,0,0
44,36,6,3747.77688657922,1724.62148703955,0,0,0,153,0,0,0
44,36,7,17241.4933243054,4312.73697748745,25,0,0,276,0,0,0
44,36,8,0,1,0,0,0,0,0,0,0
44,37,1,3291.68871266306,1641.9444461723,0,0,0,107,0,0,0
44,37,2,3604.74051917744,1002.53357976621,0,0,0,177,0,0,0
44,37,3,3567.31010390018,1135.74643464757,0,0,0,118,0,0,0
44,37,4,3711.91954825218,1049.34955999111,0,0,0,73,0,0,0
44,37,5,3833.88278915155,1772.76450738433,0,0,0,196,0,0,0
44,37,6,3785.75547637762,1438.09175955805,0,0,0,172,0,0,0
44,37,7,17244.0562904238,3369.71183761518,16,0,0,240,0,0,0
44,37,8,0,1,0,0,0,0,0,0,0
44,38,1,3286.82027986946,1387.88593025076,35,0,0,122,0,0,0
44,38,2,3604.54275508144,1222.49958448906,1,0,0,99,0,0,0
44,38,3,3571.77406898178,1077.00133709853,22,0,0,87,0,0,0
44,38,4,3725.27215456258,1982.03314867778,3,0,0,101,0,0,0
44,38,5,3859.58690650195,1109.97341502564,40,0,0,129,0,0,0
44,38,6,3799.88991475714,2273.51056332598,18,0,0,122,0,0,0
44,38,7,17220.4365926574,6252.91490540769,158,0,0,147,0,0,0
44,38,8,0,1,0,0,0,0,0,0,0
44,39,1,3287.10025754626,676.625577633783,0,0,0,138,0,0,0
44,39,2,3607.31127383984,1607.58818155116,0,0,0,122,0,0,0
44,39,3,3576.41770366978,1843.39286530671,0,0,0,107,0,0,0
44,39,4,3759.56535801858,1740.73954410356,1,0,0,179,0,0,0
44,39,5,3876.56404826195,991.723786204302,0,0,0,110,0,0,0
44,39,6,3839.01597570664,1333.5447904938,1,0,0,174,0,0,0
44,39,7,17204.8367179746,9398.5359274911,33,0,0,196,0,0,0
44,39,8,0,1,0,0,0,0,0,0,0
44,40,1,3274.90232735745,1264.06741492683,0,0,0,67,0,0,0
44,40,2,3629.884259532,1075.01003306558,0,0,0,160,0,0,0
44,40,3,3607.89094615451,801.202908763535,0,0,0,176,0,0,0
44,40,4,3802.07950237698,1764.65618115309,0,0,0,174,0,0,0
44,40,5,3895.0813163643,1938.18768919373,0,0,0,99,0,0,0
44,40,6,3873.33590271592,1932.67287559627,0,0,0,133,0,0,0
44,40,7,17205.119836116,7853.82227372131,0,35,0,193,0,0,1
44,40,8,0,1,0,0,0,0,0,0,0
44,41,1,3257.39090335745,1518.90840943824,0,76,0,50,0,0,0
44,41,2,3609.35773440002,2793.47963808182,0,53,0,54,0,0,0
44,41,3,3589.58319729051,1888.61620338556,0,39,0,41,0,0,0
44,41,4,3812.29127624706,1604.49105830923,0,86,0,90,0,0,0
44,41,5,3907.9320079483,1427.76939462677,0,106,0,87,0,0,0
44,41,6,3887.08356812392,911.547983703773,0,92,0,101,0,0,0
44,41,7,17228.0706836245,6884.56347057717,0,413,0,372,0,0,0
44,41,8,0,1,0,0,0,0,0,0,0
44,42,1,3274.96764155905,1304.99789621572,0,0,0,151,0,0,0
44,42,2,3645.82255639759,1195.95714040825,5,0,0,202,0,0,0
44,42,3,3625.22696771995,1936.20236419395,0,0,0,179,0,0,0
44,42,4,3853.66778550274,1398.39225616721,0,0,0,160,0,0,0
44,42,5,3952.84685545555,1154.85625018502,0,0,0,142,0,0,0
44,42,6,3917.34744852072,1583.09410455334,0,0,0,91,0,0,0
44,42,7,17290.2001395972,9347.78077922829,25,0,0,277,0,0,0
44,42,8,0,1,0,0,0,0,0,0,0
44,43,1,3283.08705120257,1407.55353368425,0,0,0,130,0,0,0
44,43,2,3656.41469313763,1472.82599259212,0,0,0,119,0,0,0
44,43,3,3662.90996173211,654.062598092995,0,0,0,189,0,0,0
44,43,4,3884.22968774658,1738.73469060121,0,0,0,139,0,0,0
44,43,5,3981.12297934931,2205.51891806041,0,0,0,115,0,0,0
44,43,6,3962.98560775702,1892.47537309886,0,0,0,158,0,0,0
44,43,7,17326.2565256452,4872.34612227493,26,0,0,183,0,0,0
44,43,8,0,1,0,0,0,0,0,0,0
44,44,1,3302.69120434587,1409.17088930068,0,0,0,140,0,0,0
44,44,2,3693.76438721235,2157.42706153423,0,0,0,147,0,0,0
44,44,3,3667.6288096674,2522.18720749559,0,0,0,65,0,0,0
44,44,4,3931.1885856973,1265.14177733514,0,0,0,173,0,0,0
44,44,5,4044.37271350412,2020.12749705052,3,0,0,189,0,0,0
44,44,6,4033.15381864859,1598.28284118444,0,0,0,189,0,0,0
44,44,7,17369.5947796926,8316.79477706683,28,0,0,184,0,0,7
44,44,8,0,1,0,0,0,0,0,0,0
44,45,1,3323.62122449717,1136.34416020125,0,0,0,140,0,0,0
44,45,2,3736.10880615004,1788.68218993789,0,0,0,215,0,0,0
44,45,3,3714.60114622466,2170.15343522394,1,0,0,201,0,0,0
44,45,4,3970.75772159592,1405.12986285262,0,0,0,126,0,0,0
44,45,5,4105.35140956816,1469.63975432494,0,0,0,202,0,0,0
44,45,6,4093.03976987362,1650.79316805459,0,0,0,159,0,0,0
44,45,7,17432.6435892252,3545.92830108821,29,0,0,241,0,0,0
44,45,8,0,1,0,0,0,0,0,0,0
44,46,1,3325.6612454351,1446.48054245591,0,0,0,113,0,0,0
44,46,2,3744.48613607193,1468.78536305272,24,0,0,135,0,0,0
44,46,3,3737.55510619752,1337.75080764204,35,0,0,153,0,0,0
44,46,4,4004.0529670267,1780.44277925374,0,0,0,140,0,0,0
44,46,5,4134.87331277456,1879.85394824489,8,0,0,132,0,0,0
44,46,6,4131.19853540476,2524.15834170695,11,0,0,145,0,0,0
44,46,7,17460.8360417308,3752.49696684188,98,0,0,178,0,0,0
44,46,8,0,1,0,0,0,0,0,0,0
44,47,1,3327.4966573007,1123.85625133663,48,0,0,87,0,0,0
44,47,2,3749.75791908632,830.125009663418,29,0,0,112,0,0,0
44,47,3,3746.16730214828,1098.51548018075,22,0,0,107,0,0,0
44,47,4,4027.10252843829,2081.94360164781,45,0,0,124,0,0,0
44,47,5,4166.79346797462,1837.04446877823,54,0,0,123,0,0,0
44,47,6,4168.81854909154,1276.27386137439,87,0,0,148,0,0,0
44,47,7,17490.5575649308,9794.836791458,156,0,0,187,0,0,0
44,47,8,0,1,0,0,0,0,0,0,0
44,48,1,3338.7638563791,1813.58460470164,0,0,0,112,0,0,0
44,48,2,3758.54673390712,717.637179563705,0,0,0,83,0,0,0
44,48,3,3761.02061591959,1714.69774611871,0,0,0,109,0,0,0
44,48,4,4080.30216823605,2618.41453968204,0,0,0,198,0,0,0
44,48,5,4216.22909532341,2602.81407743769,0,0,0,183,0,0,0
44,48,6,4209.14913850082,935.618162743557,0,0,0,127,0,0,0
44,48,7,17521.3609528799,6201.37513970789,36,0,0,199,0,0,0
44,48,8,0,1,0,0,0,0,0,0,0
44,49,1,3369.92791810786,856.833160191946,15,0,0,145,0,0,0
44,49,2,3760.20464516626,1861.89409619492,0,0,0,71,0,0,0
44,49,3,3797.14449916434,1553.31057823677,0,0,0,171,0,0,0
44,49,4,4120.58871608526,2168.07776075175,45,0,0,150,0,0,1
44,49,5,4265.00144502555,3205.97238939985,48,0,0,145,0,0,0
44,49,6,4236.85033994978,1196.02569261812,0,0,0,93,0,0,0
44,49,7,17552.1253382623,4871.47999083318,179,0,0,190,0,0,0
44,49,8,0,1,0,0,0,0,0,0,0
44,50,1,3372.6232413135,2407.95055286735,18,0,0,64,0,0,0
44,50,2,3784.74170513616,2246.47860551066,40,0,0,138,0,0,0
44,50,3,3810.94750167626,1202.29447105187,44,0,0,102,0,0,0
44,50,4,4157.27922918852,2248.49492573643,63,0,0,141,0,0,0
44,50,5,4320.51290172297,2262.89530543711,126,0,0,169,0,0,0
44,50,6,4268.86058302178,2579.14952398981,13,0,0,104,0,0,0
44,50,7,17583.406911413,7632.56259624446,222,0,0,189,0,0,8
44,50,8,0,1,0,0,0,0,0,0,0
44,51,1,3404.56643230844,579.946291642432,5,0,0,175,0,0,0
44,51,2,3828.65561777073,998.975895343588,4,0,0,180,0,0,0
44,51,3,3844.71202589405,2045.98243735582,0,0,0,120,0,0,0
44,51,4,4221.87056934405,1262.001817316,4,0,0,174,0,0,0
44,51,5,4393.3760406086,1923.79804877874,2,0,0,195,0,0,0
44,51,6,4349.02274826961,1197.98994303459,3,0,0,214,0,0,0
44,51,7,17630.3463550021,7729.8696720462,51,0,0,199,0,0,0
44,51,8,0,1,0,0,0,0,0,0,0
44,52,1,3405.9760624419,1834.60380583803,0,0,0,57,0,0,0
44,52,2,3854.34596617399,976.573279587844,0,0,0,99,0,0,0
44,52,3,3905.84811313887,1799.28014352191,2,0,0,174,0,0,0
44,52,4,4276.05558771578,1116.87602281472,0,0,0,126,0,0,0
44,52,5,4486.54518488287,1655.04633352993,0,0,0,190,0,0,0
44,52,6,4400.65457509485,1292.48760796216,0,0,0,119,0,0,0
44,52,7,17682.3004078894,3805.04053223522,44,0,0,210,0,0,1
44,52,8,0,1,0,0,0,0,0,0,0
44,53,1,3440.44486324222,1253.60971232955,27,0,0,137,0,0,0
44,53,2,3885.29030361305,2183.26345460356,0,0,0,97,0,0,0
44,53,3,3950.29146308425,1624.08015787806,0,0,0,179,0,0,0
44,53,4,4312.60248333219,960.070837105252,0,0,0,111,0,0,0
44,53,5,4545.48636032758,1893.93381782222,19,0,0,133,0,0,0
44,53,6,4458.10758439951,2454.44729992762,0,0,0,129,0,0,0
44,53,7,17718.334924363,9411.03263541223,129,0,0,161,0,0,0
44,53,8,0,1,0,0,0,0,0,0,0
44,54,1,3457.46319831775,1337.15066478768,0,0,0,125,0,0,0
44,54,2,3921.45739275767,1058.96285096491,2,0,0,166,0,0,0
44,54,3,3981.88750214083,1129.1226915232,0,0,0,162,0,0,0
44,54,4,4332.17576854173,1564.98794712616,0,0,0,96,0,0,0
44,54,5,4602.34185054352,1795.49627761085,0,0,0,189,0,0,0
44,54,6,4539.06594263453,2337.06814256053,0,0,0,239,0,0,0
44,54,7,17770.4908327407,6305.7438249997,31,0,0,209,0,0,0
44,54,8,0,1,0,0,0,0,0,0,0
44,55,1,3481.12022621715,1173.13606622836,0,0,0,133,0,0,0
44,55,2,3938.54054885525,1629.53653244629,0,0,0,105,0,0,0
44,55,3,4004.46565636833,670.386095757723,0,0,0,112,0,0,0
44,55,4,4368.71683878516,2194.67765004515,3,0,0,144,0,0,0
44,55,5,4668.36797909505,746.425599604413,0,0,0,179,0,0,0
44,55,6,4600.71643573773,1794.41537242055,13,0,0,189,0,0,0
44,55,7,17807.6782280675,6234.17710968709,138,0,0,158,0,0,0
44,55,8,0,1,0,0,0,0,0,0,0
44,56,1,3508.10748551477,1117.31976643422,0,0,0,117,0,0,0
44,56,2,3987.79860419914,1544.44777390389,8,0,0,146,0,0,0
44,56,3,4015.27474254256,1185.30119219774,0,0,0,67,0,0,0
44,56,4,4425.69059638277,1966.55183988657,37,0,0,144,0,0,0
44,56,5,4705.37107490219,1840.31220531041,0,0,0,74,0,0,0
44,56,6,4672.44408998576,2132.45440951888,12,0,0,152,0,0,0
44,56,7,17895.5511154973,2155.95499996056,184,0,0,255,0,0,0
44,56,8,0,1,0,0,0,0,0,0,0
44,57,1,3540.78959707014,1348.55748587286,0,0,0,111,0,0,0
44,57,2,4055.5953360084,956.289271565926,0,0,0,154,0,0,0
44,57,3,4047.72492495513,1741.89101966898,0,0,0,118,0,0,0
44,57,4,4493.13286833361,2808.0863136413,15,0,0,169,0,0,0
44,57,5,4789.15371817616,1490.37348014084,16,0,0,154,0,0,0
44,57,6,4755.46782909136,1605.61029095994,40,0,0,141,0,0,0
44,57,7,17944.9714960281,5583.61390953659,41,0,0,140,0,0,0
44,57,8,0,1,0,0,0,0,0,0,0
44,58,1,3571.98005718074,1992.43340283733,0,0,0,134,0,0,0
44,58,2,4073.48082601761,1933.13378591686,0,0,0,95,0,0,0
44,58,3,4103.53124400777,1543.48645350606,0,0,0,174,0,0,0
44,58,4,4563.3005945406,2015.80713218384,7,0,0,177,0,0,0
44,58,5,4865.83747872664,2162.58124285582,0,0,0,149,0,0,0
44,58,6,4845.17332633574,2454.34159003823,0,0,0,160,0,0,0
44,58,7,18004.7490742187,7812.71036656224,24,0,0,190,0,0,0
44,58,8,0,1,0,0,0,0,0,0,0
44,59,1,3610.12201669952,1099.8557650869,0,0,0,195,0,0,0
44,59,2,4132.54998196725,820.57502738269,0,0,0,192,0,0,0
44,59,3,4142.53123047401,904.711559843133,0,0,0,154,0,0,0
44,59,4,4621.8335357452,2256.30507684205,0,0,0,193,0,0,0
44,59,5,4948.73917184129,1180.61150525044,0,0,0,214,0,0,0
44,59,6,4915.7300531566,2515.13298955478,2,0,0,197,0,0,0
44,59,7,18054.1932031022,9475.60111908954,26,0,0,208,0,0,0
44,59,8,0,1,0,0,0,0,0,0,0
44,60,1,3628.05002912384,1948.87393703315,0,0,0,109,0,0,0
44,60,2,4144.59118560264,1248.57080138976,0,0,0,82,0,0,0
44,60,3,4160.8236640652,2037.85767686096,0,0,0,90,0,0,0
44,60,4,4694.12723047183,2507.90390283803,0,0,0,202,0,0,0
44,60,5,4974.89221922307,2570.57481901861,0,0,0,118,0,0,0
44,60,6,5003.17666437585,1461.47423075366,2,0,0,186,0,0,0
44,60,7,18117.1878324224,12268.1585148444,22,0,0,248,0,0,0
44,60,8,0,1,0,0,0,0,0,0,0
44,61,1,3668.21263748796,1598.06852305237,0,0,0,194,0,0,0
44,61,2,4166.03087429681,1370.03128424162,0,0,0,124,0,0,0
44,61,3,4202.26906508586,1891.25355628707,0,0,0,179,0,0,1
44,61,4,4759.9488246451,2585.83804662795,1,0,0,201,0,0,0
44,61,5,5062.53497852094,1712.23930543295,0,0,0,245,0,0,0
44,61,6,5051.77855723938,2448.4580041009,0,0,0,146,0,0,0
44,61,7,18157.1740511192,7235.50345889983,32,0,0,196,0,0,0
44,61,8,0,1,0,0,0,0,0,0,0
44,62,1,3712.7095153762,886.233804675051,0,0,0,159,0,0,0
44,62,2,4204.09945318183,1351.09116132563,0,0,0,137,0,0,0
44,62,3,4262.22841734521,1765.82622879893,0,0,0,185,0,0,0
44,62,4,4859.42574006837,2601.48689748608,0,0,0,251,0,0,0
44,62,5,5129.25824340054,1656.40061178591,0,0,0,171,0,0,0
44,62,6,5148.18470857852,2073.23504034938,4,0,0,193,0,0,0
44,62,7,18224.0343640384,7052.81531960716,55,0,0,197,0,0,0
44,62,8,0,1,0,0,0,0,0,0,0
44,63,1,3731.64865831031,1831.1818841809,0,0,0,88,0,0,0
44,63,2,4253.63068483575,1378.24688178244,0,0,0,135,0,0,0
44,63,3,4330.37351384787,1915.00816966411,0,0,0,176,0,0,0
44,63,4,4999.64236627872,1262.83305407444,0,0,0,260,0,0,0
44,63,5,5243.9310074342,2292.34966474952,0,0,0,165,0,0,0
44,63,6,5252.60702564776,1428.61079541107,0,0,0,207,0,0,0
44,63,7,18304.2032617104,12274.3960786057,87,0,0,184,0,0,0
44,63,8,0,1,0,0,0,0,0,0,0
44,64,1,3769.97317063047,1804.64024403916,0,0,0,183,0,0,0
44,64,2,4278.43237413199,1851.44283330762,0,0,0,137,0,0,0
44,64,3,4366.92076115469,634.396447597061,0,0,0,190,0,0,0
44,64,4,5025.40662500886,2562.47624157058,0,0,0,126,0,0,0
44,64,5,5308.52043904067,3284.30096945722,0,0,0,210,0,0,0
44,64,6,5290.02830497143,1092.3577672224,0,0,0,142,0,0,0
44,64,7,18339.2274057012,3973.84582845111,42,0,0,194,0,0,0
44,64,8,0,1,0,0,0,0,0,0,0
44,65,1,3798.94495772948,1994.22117158848,24,0,0,137,0,0,0
44,65,2,4307.47419639409,2423.35302736582,32,0,0,127,0,0,0
44,65,3,4374.53583171052,2545.34130092918,0,0,0,63,0,0,0
44,65,4,5070.18179939749,1788.75372442354,60,0,0,148,0,0,0
44,65,5,5372.99921448291,2691.68848823529,99,0,0,149,0,0,0
44,65,6,5333.41317836635,2755.67489665679,0,0,0,109,0,0,0
44,65,7,18376.9459249767,5183.1961716792,139,0,0,147,0,0,0
44,65,8,0,1,0,0,0,0,0,0,0
44,66,1,3855.09409417768,2311.7354958478,0,0,0,199,0,0,0
44,66,2,4358.94485067567,1918.53588183772,6,0,0,189,0,0,0
44,66,3,4439.95499424772,1282.12250651447,7,0,0,199,0,0,0
44,66,4,5153.73217772722,2616.74430262716,0,0,0,178,0,0,0
44,66,5,5492.87123074618,1898.09642030607,5,0,0,229,0,0,0
44,66,6,5429.91169691778,1974.84917816117,15,0,0,172,0,0,0
44,66,7,18430.5528128407,6390.67847238382,50,0,0,185,0,0,0
44,66,8,0,1,0,0,0,0,0,0,0
44,67,1,3904.53836215083,2227.02985016287,5,0,0,172,0,0,0
44,67,2,4437.42986704011,2251.38517123215,0,0,0,180,0,0,0
44,67,3,4481.10231587429,2964.72074389495,0,0,0,128,0,0,0
44,67,4,5243.16815825062,2468.48012943084,7,0,0,176,0,0,0
44,67,5,5606.90312337284,1310.44540055856,0,0,0,187,0,0,0
44,67,6,5518.54793120198,3014.32880246581,1,0,0,179,0,0,0
44,67,7,18496.344048722,8230.95694115138,42,0,0,205,0,0,0
44,67,8,0,1,0,0,0,0,0,0,0
44,68,1,3976.64384724696,2655.2826117906,0,0,0,222,0,0,0
44,68,2,4515.78597957134,2124.53113810258,0,0,0,215,0,0,0
44,68,3,4583.42155709241,1859.44699275242,1,0,0,271,0,0,0
44,68,4,5358.04103337308,2150.1975234601,0,0,0,236,0,0,0
44,68,5,5670.75380542129,2322.87245826914,0,0,0,131,0,0,0
44,68,6,5631.3227308591,2629.59574112947,5,0,0,187,0,0,1
44,68,7,18577.796718921,9197.23091181201,30,0,0,263,0,0,0
44,68,8,0,1,0,0,0,0,0,0,0
44,69,1,4036.24835337163,2378.08000750327,0,0,0,233,0,0,3
44,69,2,4571.67396905535,1427.59555892126,0,0,0,212,0,0,0
44,69,3,4644.73767583512,1697.55169195884,0,0,0,183,0,0,0
44,69,4,5415.33482892774,2063.07417717576,2,0,0,160,0,0,0
44,69,5,5762.08610794112,1732.67125829499,0,0,0,228,0,0,0
44,69,6,5721.15924387096,3426.4440470078,3,0,0,179,0,0,0
44,69,7,18629.9640817227,7495.59503008678,33,0,0,198,0,0,0
44,69,8,0,1,0,0,0,0,0,0,0
44,70,1,4114.83889231365,754.598820959731,9,0,0,197,0,0,0
44,70,2,4641.75663609244,1303.24107265232,0,0,0,142,0,0,0
44,70,3,4726.80815413762,2496.60369810636,0,0,0,169,0,0,0
44,70,4,5540.68530046432,1550.33832089009,10,0,0,161,0,0,0
44,70,5,5936.18339805265,3201.19194353185,0,0,0,172,0,0,0
44,70,6,5833.40341942506,2768.99741207722,37,0,0,172,0,0,0
44,70,7,18714.0786415923,9059.28793821722,122,0,0,180,0,0,6
44,70,8,0,1,0,0,0,0,0,0,0
44,71,1,4139.3956398548,2875.90835291611,0,0,0,75,0,0,0
44,71,2,4690.56033823805,2472.71633991949,0,0,0,130,0,0,0
44,71,3,4818.12680764823,3312.79923262802,5,0,0,178,0,0,0
44,71,4,5631.89918810441,2331.19226083213,0,0,0,155,0,0,0
44,71,5,6048.01734284636,2681.97831058452,10,0,0,201,0,0,0
44,71,6,5961.24436534322,1994.08036661695,8,0,0,182,0,0,0
44,71,7,18794.1111635625,6330.48926952097,61,0,0,194,0,0,0
44,71,8,0,1,0,0,0,0,0,0,0
44,72,1,4208.36762191883,2547.82824817552,44,0,0,176,0,0,0
44,72,2,4752.85275844372,1127.11381656142,39,0,0,149,0,0,0
44,72,3,4905.86219417308,2231.57501821522,55,0,0,192,0,0,0
44,72,4,5738.31106877306,2375.17544848321,30,0,0,158,0,0,0
44,72,5,6188.58227634082,2992.41003545471,39,0,0,169,0,0,0
44,72,6,6085.44734706462,1021.0025792653,15,0,0,160,0,0,0
44,72,7,18872.8824692215,3356.5118964609,181,0,0,170,0,0,0
44,72,8,0,1,0,0,0,0,0,0,0
44,73,1,4260.4859291725,783.561867735066,43,0,0,151,0,0,0
44,73,2,4801.41007067119,2281.2965384457,0,0,0,112,0,0,0
44,73,3,4969.14120417787,1609.87490929736,34,0,0,141,0,0,0
44,73,4,5822.90466160625,1595.69405435016,33,0,0,156,0,0,0
44,73,5,6280.01043150077,1857.86052525845,63,0,0,147,0,0,0
44,73,6,6158.91106733898,1711.01843323064,0,0,0,102,0,0,0
44,73,7,18914.8733731489,5084.82111249986,84,0,0,133,0,0,0
44,73,8,0,1,0,0,0,0,0,0,0
44,74,1,4277.97286732715,1029.72387708939,0,0,0,78,0,0,0
44,74,2,4900.47331914465,2285.71048392671,4,0,0,197,0,0,0
44,74,3,5033.31695907763,2389.89007154686,0,0,0,159,0,0,0
44,74,4,5910.67639587874,1963.44553030461,0,0,0,159,0,0,0
44,74,5,6416.8801111727,2684.35934689916,0,0,0,185,0,0,0
44,74,6,6264.34487380513,3197.68652878427,0,0,0,171,0,0,0
44,74,7,18963.8835426957,6312.08633902132,43,0,0,189,0,0,0
44,74,8,0,1,0,0,0,0,0,0,0
44,75,1,4312.14811456741,1529.53452405038,0,0,0,102,0,0,0
44,75,2,5019.04777692829,2709.49868916413,0,0,0,206,0,0,2
44,75,3,5151.78334387461,1569.0338593928,2,0,0,209,0,0,0
44,75,4,6017.83397607116,1941.51743843784,0,0,0,176,0,0,0
44,75,5,6580.18470646184,4007.6160029331,6,0,0,180,0,0,0
44,75,6,6407.24927931192,2474.39794593101,7,0,0,208,0,0,0
44,75,7,19033.5532186474,8348.46100484865,28,0,0,207,0,0,0
44,75,8,0,1,0,0,0,0,0,0,0
44,76,1,4383.5374509607,843.05289633619,0,0,0,152,0,0,0
44,76,2,5119.07340558669,2496.23872952761,5,0,0,185,0,0,0
44,76,3,5253.56700992301,1462.39156747208,0,0,0,156,0,0,0
44,76,4,6199.49011977439,2792.21285059701,0,0,0,194,0,0,0
44,76,5,6823.00468733992,3196.24054880649,9,0,0,236,0,0,1
44,76,6,6548.34967352414,2284.5054262586,0,0,0,196,0,0,3
44,76,7,19124.2616039768,13803.254650155,41,0,0,191,0,0,0
44,76,8,0,1,0,0,0,0,0,0,0
44,77,1,4396.77019585478,2105.2924742326,0,0,0,84,0,0,0
44,77,2,5195.5466629491,747.945573350236,0,0,0,240,0,0,0
44,77,3,5282.21566591447,2865.09546089568,0,0,0,146,0,0,0
44,77,4,6276.73859543505,1531.16620777853,1,0,0,216,0,0,0
44,77,5,6959.19129971201,4231.38242012798,2,0,0,209,0,0,1
44,77,6,6632.23699441523,3312.47553778851,0,0,0,197,0,0,0
44,77,7,19157.5021501161,3244.5178108349,32,0,0,212,0,0,0
44,77,8,0,1,0,0,0,0,0,0,0
44,78,1,4457.30182380721,1455.72448224654,27,0,0,155,0,0,0
44,78,2,5238.94577297291,1975.17726817139,0,0,0,74,0,0,0
44,78,3,5389.49046628443,1975.03829199246,56,0,0,174,0,0,0
44,78,4,6353.78049369839,2318.0308362353,11,0,0,131,0,0,0
44,78,5,7134.7967201325,2578.82835451378,110,0,0,198,0,0,0
44,78,6,6749.52842947809,3432.04348973288,92,0,0,147,0,0,0
44,78,7,19229.8195067973,3796.02710444734,75,0,0,174,0,0,0
44,78,8,0,1,0,0,0,0,0,0,0
44,79,1,4488.09329420378,955.232339028692,21,0,0,109,0,0,0
44,79,2,5309.91177133622,2497.40603439082,30,0,0,146,0,0,0
44,79,3,5449.90679974251,2371.77198985137,31,0,0,144,0,0,0
44,79,4,6447.76679787742,2496.95981498155,59,0,0,131,0,0,0
44,79,5,7260.83026386223,1882.27965778207,57,0,0,160,0,0,0
44,79,6,6890.6130392865,2605.75510670329,102,0,0,169,0,0,0
44,79,7,19265.7042695186,11178.6059518306,133,0,0,152,0,0,0
44,79,8,0,1,0,0,0,0,0,0,0
44,80,1,4504.42901436032,1283.81627602244,0,0,0,95,0,0,0
44,80,2,5395.53272990607,1932.86174572853,2,0,0,198,0,0,0
44,80,3,5520.39639167842,2238.58001449499,1,0,0,201,0,0,0
44,80,4,6569.1882862334,3171.54386087951,0,0,0,248,0,0,0
44,80,5,7436.59829761766,2787.2997574422,0,0,0,188,0,0,0
44,80,6,7037.363383249,2018.87242871036,0,0,0,260,0,0,0
44,80,7,19286.7806776755,10989.6737990636,36,0,0,178,0,0,0
44,80,8,0,1,0,0,0,0,0,0,0
44,81,1,4545.19143186778,2860.48316198434,0,0,0,128,0,0,0
44,81,2,5463.74172607437,1549.75142355516,0,0,0,186,0,0,0
44,81,3,5628.80147164159,1381.7487497999,0,0,0,209,0,0,1
44,81,4,6708.21404848497,2274.13369722529,1,0,0,284,0,0,0
44,81,5,7574.90092925479,2363.35797272184,2,0,0,220,0,0,0
44,81,6,7167.40695861977,2004.59289375635,0,0,0,201,0,0,0
44,81,7,19333.119606286,11415.8413457782,30,0,0,213,0,0,0
44,81,8,0,1,0,0,0,0,0,0,0
44,82,1,4618.6843840328,2230.53919382772,3,0,0,192,0,0,0
44,82,2,5524.50447329208,2640.34597046191,0,0,0,154,0,0,0
44,82,3,5721.24037199117,1517.96049811246,0,0,0,138,0,0,0
44,82,4,6867.13157796861,1669.97313752567,0,0,0,223,0,0,0
44,82,5,7739.08983046963,3791.28389669304,0,0,0,219,0,0,0
44,82,6,7286.4973906975,4299.84643534457,0,0,0,181,0,0,0
44,82,7,19389.7657248603,10197.2983200867,36,0,0,224,0,0,0
44,82,8,0,1,0,0,0,0,0,0,0
44,83,1,4698.41449606691,2236.61422771366,3,0,0,182,0,0,0
44,83,2,5651.94472134728,1337.28037881575,2,0,0,231,0,0,0
44,83,3,5796.01577081293,2528.32308268426,0,0,0,151,0,0,0
44,83,4,7013.28543551323,3401.97367577872,0,0,0,166,0,0,0
44,83,5,7876.67160597243,4269.26380466025,13,0,0,190,0,0,0
44,83,6,7450.71951710698,3980.13658295584,22,0,0,195,0,0,0
44,83,7,19450.9149998039,7986.27669451972,78,0,0,180,0,0,0
44,83,8,0,1,0,0,0,0,0,0,0
44,84,1,4768.1120509501,1947.34517900827,14,0,0,176,0,0,0
44,84,2,5701.88632569845,3760.67032371184,0,0,0,133,0,0,0
44,84,3,5880.12831334438,1461.14832608493,26,0,0,164,0,0,0
44,84,4,7148.61226668867,5037.35991450349,47,0,0,178,0,0,0
44,84,5,7994.69882381779,2619.29705966645,75,0,0,171,0,0,0
44,84,6,7643.47755807882,4686.6338847785,55,0,0,208,0,0,0
44,84,7,19518.6985672324,5659.54037883053,160,0,0,204,0,0,33
44,84,8,0,1,0,0,0,0,0,0,0
44,85,1,4836.55527447912,1651.90190509257,23,0,0,138,0,0,0
44,85,2,5812.57518781997,2116.42701516145,92,0,0,155,0,0,0
44,85,3,5970.05441706231,3541.50547159324,0,0,0,146,0,0,0
44,85,4,7341.07939591679,4190.38031925484,138,0,0,172,0,0,0
44,85,5,8153.49809490574,3859.75397588218,44,0,0,156,0,0,0
44,85,6,7828.0006118667,1787.58984971926,120,0,0,179,0,0,0
44,85,7,19617.0627478037,2520.0834135466,153,0,0,195,0,0,0
44,85,8,0,1,0,0,0,0,0,0,0
44,86,1,4909.88341114484,2361.17164827595,18,0,0,132,0,0,0
44,86,2,5911.14633798854,1148.01006750636,20,0,0,175,0,0,0
44,86,3,6078.16527543522,2158.03446970511,117,0,0,143,0,0,0
44,86,4,7499.91904237061,3477.82078654519,143,0,0,159,0,0,0
44,86,5,8361.69994030446,3402.55379380664,110,0,0,187,0,0,0
44,86,6,7965.14115994893,1725.56057862832,28,0,0,127,0,0,0
44,86,7,19670.0080803441,11347.1132193772,60,0,0,144,0,0,0
44,86,8,0,1,0,0,0,0,0,0,0
44,87,1,4973.62315674838,2862.00057570465,0,0,0,216,0,0,0
44,87,2,5946.24231734387,2321.11000838613,0,0,0,114,0,0,0
44,87,3,6154.78669755523,2128.13569565175,0,0,0,200,0,0,0
44,87,4,7657.59126918235,3525.56883204817,3,0,0,229,0,0,1
44,87,5,8465.07011464464,3885.44153920357,6,0,0,168,0,0,0
44,87,6,8063.39783695056,4146.13219364893,0,0,0,172,0,0,0
44,87,7,19692.6840872985,6296.37560936957,33,0,0,211,0,0,0
44,87,8,0,1,0,0,0,0,0,0,0
44,88,1,5127.37738454583,2258.54537090911,9,0,0,206,0,0,0
44,88,2,6164.99332044312,4134.71590340701,0,0,0,224,0,0,0
44,88,3,6358.51345643481,3092.34201122868,1,0,0,192,0,0,1
44,88,4,7988.13169993454,3606.60363522258,20,0,0,169,0,0,0
44,88,5,8933.86792982847,1622.32261933529,23,0,0,182,0,0,0
44,88,6,8357.00914563943,4604.20206162854,24,0,0,199,0,0,0
44,88,7,19844.5468290555,5628.50594272841,42,0,0,246,0,0,0
44,88,8,0,1,0,0,0,0,0,0,0
44,89,1,5219.81964629724,1602.36625458146,66,0,0,120,0,0,0
44,89,2,6296.03311421317,2603.76357039063,132,0,0,202,0,0,0
44,89,3,6461.88952885638,1830.7451180515,104,0,0,142,0,0,0
44,89,4,8137.65965545709,2405.68272322627,123,0,0,163,0,0,0
44,89,5,9124.24948809984,3752.37858003244,10,0,0,146,0,0,0
44,89,6,8599.48348630605,2288.01090275622,164,0,0,198,0,0,0
44,89,7,19922.9309734088,8970.83953243475,202,0,0,239,0,0,0
44,89,8,0,1,0,0,0,0,0,0,0
44,90,1,5278.76591234175,3675.97202183986,0,0,0,160,0,0,0
44,90,2,6451.20728172746,3008.90598007158,1,0,0,241,0,0,0
44,90,3,6549.74352648506,2485.33802722337,0,0,0,183,0,0,0
44,90,4,8285.48819070797,3347.37785954845,2,0,0,211,0,0,0
44,90,5,9385.93475027681,1879.93796980362,17,0,0,166,0,0,0
44,90,6,8731.53136098425,2055.42101892043,1,0,0,207,0,0,0
44,90,7,19961.2153829533,4921.44000277576,57,0,0,220,0,0,0
44,90,8,0,1,0,0,0,0,0,0,0
44,91,1,5362.28188255829,1364.58534623716,211,0,0,156,0,0,0
44,91,2,6618.3620314735,2930.8461716427,138,0,0,162,0,0,0
44,91,3,6676.81944334643,2647.13060285218,116,0,0,132,0,0,0
44,91,4,8467.66601235797,2461.80113617179,179,0,0,155,0,0,0
44,91,5,9529.38865222379,4332.72956483286,92,0,0,95,0,0,0
44,91,6,8852.24318562388,2997.07196164424,95,0,0,110,0,0,0
44,91,7,20084.2926120776,11988.6630125702,227,0,0,262,0,0,0
44,91,8,0,1,0,0,0,0,0,0,0
44,92,1,5401.91548718334,1864.85239228975,0,0,0,136,0,0,0
44,92,2,6710.22163560368,4422.52212471453,3,0,0,213,0,0,0
44,92,3,6763.7947928478,1636.97811090127,1,0,0,228,0,0,0
44,92,4,8602.45313092719,2364.55951765683,0,0,0,245,0,0,0
44,92,5,9626.21459933236,2191.3114010419,10,0,0,189,0,0,0
44,92,6,8994.09209149521,3550.0318374378,2,0,0,250,0,0,0
44,92,7,20097.1401353653,9537.15539755067,42,0,0,222,0,0,0
44,92,8,0,1,0,0,0,0,0,0,0
44,93,1,5518.75788379647,1652.60023180185,0,0,0,186,0,0,0
44,93,2,6868.87895516958,1946.11969594541,25,0,0,179,0,0,0
44,93,3,6884.09515980657,2331.95194053459,0,0,0,163,0,0,0
44,93,4,8922.05986884262,1815.38847900302,1,0,0,222,0,0,0
44,93,5,9858.21526945446,5329.60284202784,0,0,0,182,0,0,0
44,93,6,9246.46683152071,5838.37817368777,12,0,0,218,0,0,1
44,93,7,20178.0620319265,8263.75963255811,71,0,0,202,0,0,0
44,93,8,0,1,0,0,0,0,0,0,0
44,94,1,5570.82872707459,3198.95306505359,35,0,0,101,0,0,0
44,94,2,6976.61679742896,3090.85650790239,39,0,0,124,0,0,0
44,94,3,6987.93701597,1610.16009547215,58,0,0,128,0,0,0
44,94,4,9210.77156238121,3900.06947907336,9,0,0,164,0,0,0
44,94,5,10128.0442863417,3041.12040255144,175,0,0,206,0,0,0
44,94,6,9533.1642788283,4137.60388491325,204,0,0,214,0,0,0
44,94,7,20268.6601053881,9342.02873703426,176,3,0,199,0,0,26
44,94,8,0,1,0,0,0,0,0,0,0
44,95,1,5664.99153256101,1583.60272383515,24,0,0,156,0,0,0
44,95,2,7088.54511451947,2974.5535855876,19,0,0,179,0,0,0
44,95,3,7159.58789163555,1599.1879061479,0,0,0,161,0,0,0
44,95,4,9398.71621167038,2164.32331321221,31,0,0,178,0,0,0
44,95,5,10340.0288894265,4149.16861952244,19,0,0,176,0,0,0
44,95,6,9740.25821060261,4881.96902211217,33,0,0,191,0,0,0
44,95,7,20322.2519283314,12353.3599447833,112,0,0,163,0,0,7
44,95,8,0,1,0,0,0,0,0,0,0
44,96,1,5706.73805502969,2261.4019525987,0,0,0,158,0,0,0
44,96,2,7165.16701189263,2426.10896537481,5,0,0,214,0,0,0
44,96,3,7233.87584536917,1831.86189683791,0,0,0,159,0,0,0
44,96,4,9481.55687902499,3798.32644975807,1,0,0,183,0,0,0
44,96,5,10579.4567446972,3758.1724760128,9,0,0,260,0,0,0
44,96,6,9879.98651667358,3050.98999822289,18,0,0,183,0,0,0
44,96,7,20368.0816976724,7400.17528396302,59,0,0,273,0,0,0
44,96,8,0,1,0,0,0,0,0,0,0
44,97,1,5749.29994713293,2395.53408518605,144,0,0,67,0,0,0
44,97,2,7263.30802075742,3203.2448458485,105,0,0,127,0,0,0
44,97,3,7314.25039278401,4257.89066489764,81,0,0,94,0,0,0
44,97,4,9726.6874308385,4784.56541702501,155,0,0,155,0,0,7
44,97,5,10797.9959498869,2152.73161693689,161,0,0,198,0,0,0
44,97,6,10037.8944325829,3264.82295189762,152,0,0,137,0,0,0
44,97,7,20532.7852487458,7747.00454887421,311,0,0,314,0,0,16
44,97,8,0,1,0,0,0,0,0,0,0
44,98,1,5804.26810797302,2452.77674691427,22,0,0,157,0,0,0
44,98,2,7439.03886566656,1866.51159455306,38,0,0,182,0,0,0
44,98,3,7417.95398748715,2632.4102258432,65,0,0,189,0,0,0
44,98,4,9871.41912801605,4127.84385544477,82,0,0,176,0,0,0
44,98,5,11014.6377674702,3554.87862068211,15,0,0,159,0,0,0
44,98,6,10165.2389894569,2899.91590990818,44,0,0,167,0,0,0
44,98,7,20584.6659009212,4650.79342369344,162,0,0,189,0,0,0
44,98,8,0,1,0,0,0,0,0,0,0
44,99,1,5850.36329276392,2598.79059415911,141,0,0,76,0,0,0
44,99,2,7508.20499466802,1645.14698854782,58,0,0,117,0,0,0
44,99,3,7513.05019674022,2967.50847786397,96,0,0,148,0,0,0
44,99,4,10064.2247191327,4403.20219916973,194,0,0,179,0,0,0
44,99,5,11343.6067094782,5464.01650302824,161,0,0,162,0,0,0
44,99,6,10290.2222133673,1949.45322611834,128,0,0,136,0,0,0
44,99,7,20653.1655860505,7799.12900740456,170,1,0,194,0,0,9
44,99,8,0,1,0,0,0,0,0,0,0
44,100,1,5984.6972850516,2043.05036019777,4,0,0,208,0,0,0
44,100,2,7623.33154256711,3106.12000567477,0,0,0,164,0,0,0
44,100,3,7658.9141567953,3666.80603022418,12,0,0,163,0,0,0
44,100,4,10314.0444059478,4213.49692757601,22,0,0,193,0,0,0
44,100,5,11624.8383985387,3949.44334291788,29,0,0,225,0,0,0
44,100,6,10494.2677553408,2169.48755821948,0,0,0,194,0,0,0
44,100,7,20717.0876109099,9675.45889047689,53,0,0,201,0,0,0
44,100,8,0,1,0,0,0,0,0,0,0
45,1,1,2748.392,799.711422982749,0,0,0,94,0,0,0
45,1,2,2742.776,959.252198144868,0,0,0,87,0,0,0
45,1,3,2735.208,1236.27795234216,0,0,0,44,0,0,0
45,1,4,2747.672,792.773410778335,0,0,0,97,0,0,0
45,1,5,2742.944,1318.45730648943,0,0,0,86,0,0,0
45,1,6,2725.95968,803.802999132519,0,0,0,13,0,0,0
45,1,7,20730.9695999999,10254.2614291099,0,0,0,75,0,0,0
45,1,8,0,4,0,0,0,77,0,0,0
45,2,1,2753.096,1158.35028452685,0,0,0,79,0,0,0
45,2,2,2748.736,1301.3762458574,0,0,0,95,0,0,0
45,2,3,2750.0496,1602.46559663425,0,0,0,123,0,0,0
45,2,4,2752.408,1553.9131426528,0,0,0,79,0,0,0
45,2,5,2756.144,644.299116124002,0,0,0,131,0,0,0
45,2,6,2731.31968,903.69720345148,0,0,0,80,0,0,0
45,2,7,20698.0704639998,6871.38068577566,15,4,0,321,0,0,0
45,2,8,0,4,0,0,0,0,0,0,0
45,3,1,2766.224,1276.35343884557,0,0,0,115,0,0,0
45,3,2,2763.54368,1484.75098982723,0,0,0,130,0,0,0
45,3,3,2771.9472,1052.32831441473,0,0,0,160,0,0,0
45,3,4,2771.104,1024.87985924382,0,0,0,155,0,0,0
45,3,5,2760.056,1237.15246782322,0,0,0,64,0,0,0
45,3,6,2737.78688,743.454359591596,0,0,0,90,0,0,0
45,3,7,20640.8144639997,14563.4685185113,51,0,0,192,0,0,0
45,3,8,0,4,0,0,0,0,0,0,0
45,4,1,2778.472,1261.73900384781,0,0,0,127,0,0,0
45,4,2,2782.27168,1121.6798297825,0,0,0,148,0,0,0
45,4,3,2781.8336,1275.81235760821,0,0,0,105,0,0,0
45,4,4,2780.624,839.146312160659,0,0,0,102,0,0,0
45,4,5,2773.9056,1125.03842824548,0,0,0,123,0,0,0
45,4,6,2741.27488,909.48061470772,0,0,0,74,0,0,0
45,4,7,20579.3328639997,11918.4238055608,33,0,0,184,0,0,0
45,4,8,0,4,0,0,0,0,0,0,0
45,5,1,2790.928,1441.76444629853,0,0,0,126,0,0,0
45,5,2,2793.64128,1767.88512553473,0,0,0,112,0,0,0
45,5,3,2792.923584,1263.820463946,0,0,0,127,0,0,0
45,5,4,2783.5552,1090.34862745647,0,0,0,83,0,0,0
45,5,5,2783.608,1219.00335350454,0,0,0,112,0,0,0
45,5,6,2747.996096,1041.1029502773,0,0,0,90,0,0,0
45,5,7,20502.8313599995,12767.6385065071,0,94,0,166,0,0,0
45,5,8,0,4,0,0,0,0,0,0,0
45,6,1,2804.57216,468.38338852035,0,0,0,144,0,0,0
45,6,2,2816.933696,830.127944602018,0,0,0,176,0,0,0
45,6,3,2807.595008,1807.74736757262,0,0,0,126,0,0,0
45,6,4,2789.1072,672.428985666719,0,0,0,109,0,0,0
45,6,5,2796.52479999999,766.954596978208,0,0,0,121,0,0,0
45,6,6,2755.918976,681.00583174708,0,0,0,104,0,0,0
45,6,7,20439.4019839995,11333.2755533866,2,155,0,189,0,0,2
45,6,8,0,4,0,0,0,0,0,0,0
45,7,1,2799.89024,1556.24244974377,0,0,0,46,0,0,0
45,7,2,2821.819776,1461.76395600066,0,0,0,83,0,0,0
45,7,3,2831.499264,1344.28787442544,0,0,0,180,0,0,0
45,7,4,2786.9216,1228.16240891749,0,0,0,67,0,0,0
45,7,5,2798.89279999999,1393.09098653627,0,0,0,76,0,0,0
45,7,6,2758.458496,1170.10110483885,0,0,0,68,0,0,0
45,7,7,20406.8083839994,12589.904540118,29,0,0,214,0,0,0
45,7,8,0,4,0,0,0,0,0,0,0
45,8,1,2819.138624,1106.96679543501,0,0,0,155,0,0,0
45,8,2,2837.5405952,854.66597984087,0,0,0,146,0,0,0
45,8,3,2846.581248,692.906706499776,0,0,0,134,0,0,0
45,8,4,2797.9872,1938.92802990136,0,0,0,122,0,0,0
45,8,5,2813.1632,1390.96643936638,0,0,0,139,0,0,0
45,8,6,2772.479936,1103.55278690128,0,0,0,117,0,0,0
45,8,7,20370.1767679993,9427.78657584139,31,0,0,206,0,0,0
45,8,8,0,4,0,0,0,0,0,0,0
45,9,1,2825.285824,1500.15027456807,0,0,0,110,0,0,0
45,9,2,2844.5832192,1377.58743512772,0,0,0,85,0,0,0
45,9,3,2847.100608,916.093593571348,0,0,0,69,0,0,0
45,9,4,2817.58112,889.467687386961,4,0,0,163,0,0,0
45,9,5,2828.04928,1147.90591678576,0,0,0,139,0,0,0
45,9,6,2780.419072,1211.9664296097,0,0,0,110,0,0,0
45,9,7,20323.6314879993,9199.94470413016,104,0,0,189,0,0,0
45,9,8,0,4,0,0,0,0,0,0,0
45,10,1,2841.498944,1329.01454011287,0,0,0,150,0,0,0
45,10,2,2859.8430592,1251.88392055497,0,0,0,137,0,0,0
45,10,3,2854.89164800001,1180.63464943758,0,0,0,91,0,0,0
45,10,4,2821.22713600001,1568.64994852136,0,0,0,88,0,0,0
45,10,5,2836.6373248,896.966484529957,0,0,0,114,0,0,0
45,10,6,2791.481856,1140.3455534022,0,0,0,121,0,0,0
45,10,7,20293.7384319991,15155.8077924984,119,0,0,226,0,0,4
45,10,8,0,4,0,0,0,0,0,0,0
45,11,1,2850.475136,929.658741080946,0,0,0,132,0,0,0
45,11,2,2865.99352320001,1360.6144145258,0,0,0,125,0,0,0
45,11,3,2866.80851200001,862.652797101991,0,0,0,118,0,0,0
45,11,4,2836.31290880001,1192.86744788362,0,0,0,156,0,0,0
45,11,5,2839.4350848,1116.73514453684,0,0,0,89,0,0,0
45,11,6,2797.8962432,1030.9352980801,0,0,0,114,0,0,0
45,11,7,20256.968716799,8862.5311198182,0,45,0,194,0,0,0
45,11,8,0,4,0,0,0,0,0,0,0
45,12,1,2854.59993600001,839.412751669671,0,0,0,92,0,0,0
45,12,2,2874.41553920001,1202.76686334404,0,0,0,136,0,0,0
45,12,3,2865.39635200001,1439.86889852967,0,0,0,86,0,0,0
45,12,4,2843.38196480001,347.132942847131,0,0,0,119,0,0,0
45,12,5,2846.5428608,1625.95626126478,0,0,0,111,0,0,0
45,12,6,2804.4363392,514.988046501167,0,0,0,103,0,0,0
45,12,7,20234.277260799,6377.97704815445,33,0,0,234,0,0,0
45,12,8,0,4,0,0,0,0,0,0,0
45,13,1,2852.56179200001,743.534613984011,0,0,0,83,0,0,0
45,13,2,2883.04359424001,1414.99343733692,0,0,0,120,0,0,0
45,13,3,2865.90835200001,979.003645507923,29,0,0,109,0,0,0
45,13,4,2833.79598080001,1180.83416923424,2,0,0,32,0,0,0
45,13,5,2855.5861888,1459.06705819477,27,0,0,130,0,0,0
45,13,6,2799.148096,1690.00041783801,2,0,0,49,0,0,0
45,13,7,20217.961919999,9678.39887333566,281,0,0,300,0,0,0
45,13,8,0,4,0,0,0,0,0,0,0
45,14,1,2848.50323200001,605.762122579998,0,0,0,74,0,0,0
45,14,2,2891.26043648001,1440.32208019043,0,0,0,141,0,0,0
45,14,3,2867.67355904001,598.583699991273,0,0,0,97,0,0,0
45,14,4,2842.16097280001,1164.50115179598,0,0,0,118,0,0,0
45,14,5,2867.44152320001,1541.4637826281,0,0,0,145,0,0,0
45,14,6,2822.33492480001,1163.17624135317,0,0,0,169,0,0,0
45,14,7,20195.5055871989,10077.0327789441,0,36,0,194,0,0,0
45,14,8,0,4,0,0,0,0,0,0,0
45,15,1,2847.53740800001,1093.34460833912,0,0,0,60,0,0,0
45,15,2,2900.11008512001,2050.67026127058,0,0,0,144,0,0,0
45,15,3,2855.11514624001,664.86859226352,0,0,0,59,0,0,0
45,15,4,2844.08136960001,784.884668746215,0,0,0,116,0,0,0
45,15,5,2882.66821120001,1436.94251982342,0,0,0,154,0,0,0
45,15,6,2834.10240000001,1803.66902350583,0,0,0,116,0,0,0
45,15,7,20173.7624063988,9780.26058456441,2,161,0,202,0,0,0
45,15,8,0,4,0,0,0,0,0,0,0
45,16,1,2851.38522624001,1554.98735767215,0,0,0,109,0,0,0
45,16,2,2922.97863260161,964.922096492801,0,0,0,203,0,0,0
45,16,3,2845.32483584001,1229.41924465979,0,0,0,66,0,0,0
45,16,4,2838.96096256001,1207.03812683229,0,0,0,78,0,0,0
45,16,5,2902.47882240001,1230.54208999163,0,0,0,143,0,0,0
45,16,6,2865.96448000001,474.715951230999,0,0,0,180,0,0,0
45,16,7,20181.6806783988,5511.58609246409,29,0,0,200,0,0,0
45,16,8,0,4,0,0,0,0,0,0,0
45,17,1,2865.28506624001,1791.51023477748,0,0,0,155,0,0,0
45,17,2,2918.12167516161,1516.69939907012,0,0,0,96,0,0,0
45,17,3,2842.08186624001,1290.25073847689,0,0,0,122,0,0,0
45,17,4,2842.49567488001,1623.34319857203,0,0,0,120,0,0,0
45,17,5,2907.64143872001,887.571720762711,0,0,0,123,0,0,0
45,17,6,2863.65176320001,1128.65949653815,0,0,0,47,0,0,0
45,17,7,20176.1537535988,5871.44274662158,133,0,0,178,0,0,0
45,17,8,0,4,0,0,0,0,0,0,0
45,18,1,2881.14312704002,1126.88976992164,5,0,0,158,0,0,0
45,18,2,2926.4592437453,1357.26247755472,0,0,0,151,0,0,0
45,18,3,2843.82731264001,361.464818549808,0,0,0,129,0,0,0
45,18,4,2855.69570611201,1394.58580885483,0,0,0,162,0,0,0
45,18,5,2906.62901248002,926.959191178116,0,0,0,88,0,0,0
45,18,6,2875.11370240001,960.413547607538,0,0,0,112,0,0,0
45,18,7,20177.3164390387,6947.0261863641,100,0,0,175,0,0,0
45,18,8,0,4,0,0,0,0,0,0,0
45,19,1,2883.90789068802,1492.56806385861,0,0,0,112,0,0,0
45,19,2,2926.6682088653,1467.68005089096,0,0,0,135,0,0,0
45,19,3,2823.04518144001,1015.78327900101,0,0,0,36,0,0,0
45,19,4,2859.33166643201,1450.71027875653,0,0,0,139,0,0,0
45,19,5,2901.36405043202,676.795878569203,0,0,0,92,0,0,0
45,19,6,2879.68131840001,1161.88733841292,0,0,0,96,0,0,0
45,19,7,20196.4951910387,6981.81461162731,42,0,0,273,0,0,0
45,19,8,0,4,0,0,0,0,0,0,0
45,20,1,2892.27181762562,1280.43665365603,0,8,0,138,0,0,0
45,20,2,2923.9901252813,916.790436032199,0,21,0,117,0,0,0
45,20,3,2817.78813184002,806.005628247064,0,0,0,101,0,0,0
45,20,4,2859.54399385601,1665.70727899199,0,15,0,124,0,0,0
45,20,5,2894.94242099202,1206.57799464021,0,0,0,67,0,0,0
45,20,6,2886.93033779201,1017.43040495884,0,0,0,116,0,0,0
45,20,7,20220.6475366387,5441.025289048,0,304,0,272,0,0,0
45,20,8,0,4,0,0,0,0,0,0,0
45,21,1,2906.62296053762,690.491397508688,0,0,0,128,0,0,0
45,21,2,2927.3739399373,1529.82432179838,0,0,0,91,0,0,0
45,21,3,2814.80628224002,1382.25786996356,0,0,0,80,0,0,0
45,21,4,2873.01307392001,1118.10278408884,0,0,0,159,0,0,0
45,21,5,2904.68259164162,1276.04554757874,0,0,0,120,0,0,0
45,21,6,2896.48966195201,1031.28105722332,0,0,0,101,0,0,0
45,21,7,20252.8483174386,11879.16830527,39,0,0,181,0,0,0
45,21,8,0,4,0,0,0,0,0,0,0
45,22,1,2902.47606517762,906.064237470171,0,0,0,69,0,0,0
45,22,2,2940.3450794189,193.383757499849,0,0,0,152,0,0,0
45,22,3,2819.20210329602,1255.06978940671,0,0,0,138,0,0,0
45,22,4,2871.79270287361,1398.9491342868,0,0,0,111,0,0,0
45,22,5,2914.64485928962,1690.74517256313,0,0,0,127,0,0,0
45,22,6,2911.76163522561,1094.67959027845,0,0,0,103,0,0,0
45,22,7,20287.9826124786,9586.00400922568,28,0,0,224,0,0,0
45,22,8,0,4,0,0,0,0,0,0,0
45,23,1,2902.44058869762,1043.74449000674,0,0,0,90,0,0,0
45,23,2,2917.0619685069,1049.70099373132,0,0,0,19,0,0,0
45,23,3,2826.38483722242,1529.01663506878,0,0,0,125,0,0,0
45,23,4,2884.82569154561,1567.54329466443,0,0,0,139,0,0,0
45,23,5,2939.87342899202,1284.10567770307,0,0,0,169,0,0,0
45,23,6,2929.09097244673,1199.69793283058,0,0,0,109,0,0,0
45,23,7,20349.5264327665,9476.86798024991,18,0,0,306,0,0,17
45,23,8,0,4,0,0,0,0,0,0,0
45,24,1,2902.05835509762,1302.65565301374,0,0,0,104,0,0,0
45,24,2,2915.17472948635,1803.03349568563,0,0,0,104,0,0,0
45,24,3,2837.17711308802,1019.33371339085,0,0,0,152,0,0,0
45,24,4,2910.55877269505,835.385272101136,0,0,0,156,0,0,0
45,24,5,2957.51014348802,1328.63920642993,0,0,0,128,0,0,0
45,24,6,2949.35160860673,1450.04359516079,0,0,0,119,0,0,0
45,24,7,20383.1358032881,9259.95411312708,38,0,0,188,0,0,0
45,24,8,0,4,0,0,0,0,0,0,0
45,25,1,2910.33346293762,684.647458522878,0,0,0,130,0,0,0
45,25,2,2933.31407136442,771.174724405343,0,0,0,180,0,0,0
45,25,3,2839.8428515533,1096.38535316567,0,0,0,101,0,0,0
45,25,4,2907.30287972353,728.709123576544,0,0,0,83,0,0,0
45,25,5,2977.98599288834,878.195704038,0,0,0,132,0,0,0
45,25,6,2979.48490729474,762.90837546712,0,0,0,145,0,0,0
45,25,7,20420.097200106,7995.89734773821,45,0,0,194,0,0,0
45,25,8,0,4,0,0,0,0,0,0,0
45,26,1,2894.52758159362,888.047579211457,33,0,0,32,0,0,0
45,26,2,2907.0232757666,1988.757821686,39,0,0,34,0,0,0
45,26,3,2829.66618535938,1651.77901029646,26,0,0,81,0,0,0
45,26,4,2898.54804383746,761.546322970733,4,0,0,68,0,0,0
45,26,5,2974.84940931074,1066.02453190443,25,0,0,60,0,0,0
45,26,6,2984.16269545474,934.167443970196,2,0,0,74,0,0,0
45,26,7,20449.7194849059,9231.84754140563,238,3,0,224,0,0,5
45,26,8,0,4,0,0,0,0,0,0,0
45,27,1,2892.90761144322,1049.46918027695,0,0,0,88,0,0,0
45,27,2,2922.66941187279,1879.3443620499,6,0,0,170,0,0,0
45,27,3,2851.82619748026,917.473492909655,0,0,0,165,0,0,0
45,27,4,2896.72684460033,872.192594067119,0,0,0,76,0,0,0
45,27,5,2987.7711981732,1498.2191669097,0,0,0,106,0,0,0
45,27,6,2992.96984518248,1064.75490584693,0,0,0,93,0,0,0
45,27,7,20469.5248219898,4827.70276741396,158,0,0,167,0,0,1
45,27,8,0,4,0,0,0,0,0,0,0
45,28,1,2888.85500600322,1456.94452365059,1,0,0,103,0,0,0
45,28,2,2929.10717453928,975.379918889839,18,0,0,159,0,0,0
45,28,3,2844.86619535034,1580.05175873607,1,0,0,90,0,0,0
45,28,4,2885.56931592194,685.549155882962,0,0,0,87,0,0,0
45,28,5,2986.1595303076,836.649334468239,18,0,0,121,0,0,0
45,28,6,3000.28646342248,1479.55122584285,0,0,0,106,0,0,0
45,28,7,20488.8182491898,8096.20808943056,177,0,0,199,0,0,0
45,28,8,0,4,0,0,0,0,0,0,0
45,29,1,2900.84272363932,1510.01786792076,0,0,0,145,0,0,0
45,29,2,2930.85007124007,1404.47303784518,0,0,0,97,0,0,0
45,29,3,2851.31834667993,798.619464476865,0,0,0,158,0,0,0
45,29,4,2875.75544979458,1432.76949068708,0,0,0,68,0,0,0
45,29,5,2983.5124282532,757.271001182342,0,0,0,83,0,0,0
45,29,6,3024.45915590248,1434.0026479348,0,0,0,147,0,0,0
45,29,7,20522.9292983034,5137.37939252549,39,0,0,202,0,0,0
45,29,8,0,4,0,0,0,0,0,0,0
45,30,1,2890.61559521692,803.554866145924,0,89,0,62,0,0,0
45,30,2,2913.59904193611,1568.37167539609,0,82,0,58,0,0,0
45,30,3,2824.38095729215,1540.40638031177,0,37,0,42,0,0,0
45,30,4,2857.87592974337,1411.53446282903,0,77,0,66,0,0,0
45,30,5,2964.5583278244,384.816396172383,0,34,0,41,0,0,0
45,30,6,3023.22113693288,1210.73359068062,0,67,0,76,0,0,0
45,30,7,20526.0700983034,9551.39363355244,4,192,0,157,0,0,0
45,30,8,0,4,0,0,0,0,0,0,0
45,31,1,2901.18021747018,856.328473099855,0,0,0,80,0,0,0
45,31,2,2939.24198335563,2131.30457491569,0,0,0,156,0,0,0
45,31,3,2843.90488929031,448.311158581138,0,0,0,154,0,0,0
45,31,4,2868.36555341825,1691.84692639736,0,0,0,141,0,0,0
45,31,5,2962.18561517161,892.081477156927,0,0,0,38,0,0,0
45,31,6,3045.75805085288,1084.56001674406,0,0,0,121,0,0,0
45,31,7,20575.8253525754,6743.7212589917,29,0,0,192,0,0,0
45,31,8,0,4,0,0,0,0,0,0,0
45,32,1,2909.36943731018,1585.35380934724,0,0,0,85,0,0,0
45,32,2,2961.94922338912,1156.67116195275,4,0,0,177,0,0,0
45,32,3,2832.47338943239,566.621313994422,0,0,0,44,0,0,0
45,32,4,2885.74733195265,989.254441071119,0,0,0,169,0,0,0
45,32,5,2967.2504547533,1244.10420338101,0,0,0,89,0,0,0
45,32,6,3059.23310544488,1941.41997824794,0,0,0,108,0,0,0
45,32,7,20606.6189372154,8805.97770995861,64,0,0,184,0,0,0
45,32,8,0,4,0,0,0,0,0,0,0
45,33,1,2927.7120650273,1814.08506095759,0,0,0,158,0,0,0
45,33,2,2970.89977115231,1534.16617795233,0,0,0,115,0,0,0
45,33,3,2827.10591372039,1255.92700618482,0,0,0,56,0,0,0
45,33,4,2884.23710465558,1238.05612890504,0,0,0,98,0,0,0
45,33,5,2979.94071740418,856.889838667774,0,0,0,124,0,0,0
45,33,6,3095.2329301156,1424.29868619952,1,0,0,179,0,0,0
45,33,7,20651.1408526074,10099.2095302469,46,0,0,199,0,0,0
45,33,8,0,4,0,0,0,0,0,0,0
45,34,1,2968.93460228016,1083.98228714725,0,0,0,176,0,0,0
45,34,2,3005.4417369714,868.562848578294,0,0,0,153,0,0,0
45,34,3,2847.71927443796,796.827081789676,0,0,0,125,0,0,0
45,34,4,2899.88699436975,734.953534921935,0,0,0,123,0,0,0
45,34,5,2991.70872824957,1226.45704092569,0,0,0,85,0,0,0
45,34,6,3134.23918718896,1633.73972905383,0,0,0,142,0,0,0
45,34,7,20751.8000163529,15241.4045541658,36,0,0,293,0,0,2
45,34,8,0,4,0,0,0,0,0,0,0
45,35,1,2978.08284653897,1058.40193354576,0,0,0,108,0,0,0
45,35,2,3004.15637945747,1604.58155669736,0,0,0,86,0,0,0
45,35,3,2838.8296070178,1489.36453577466,0,0,0,79,0,0,0
45,35,4,2892.64754976687,1936.44965426854,0,0,0,73,0,0,0
45,35,5,3001.70073971837,1403.66143640411,0,0,0,122,0,0,0
45,35,6,3157.64073631664,932.965293973765,0,0,0,163,0,0,0
45,35,7,20785.0250372809,14540.7508286166,36,0,0,195,0,0,0
45,35,8,0,4,0,0,0,0,0,0,0
45,36,1,2992.45514948937,1027.76614492473,0,0,0,105,0,0,0
45,36,2,3021.53310005033,1051.1418395914,0,0,0,160,0,0,0
45,36,3,2850.019404855,882.952498252055,0,0,0,148,0,0,0
45,36,4,2914.16232769455,751.196318288128,0,0,0,183,0,0,0
45,36,5,3015.85652194429,1254.23053121055,0,0,0,140,0,0,0
45,36,6,3168.68419172272,1528.93699600483,0,0,0,93,0,0,0
45,36,7,20827.3539193544,9584.81812563448,32,0,0,224,0,0,3
45,36,8,0,4,0,0,0,0,0,0,0
45,37,1,3004.19160645224,869.694516212559,0,0,0,102,0,0,0
45,37,2,3029.86255390275,806.7547545466,0,0,0,105,0,0,0
45,37,3,2849.78739026259,319.011356431965,0,0,0,88,0,0,0
45,37,4,2910.58772502349,587.536618888446,0,0,0,75,0,0,0
45,37,5,3025.54648969218,1360.21024939807,0,0,0,125,0,0,0
45,37,6,3193.3981635576,982.519678499383,0,0,0,152,0,0,0
45,37,7,20876.5685859221,7980.96930837801,72,0,0,186,0,0,0
45,37,8,0,4,0,0,0,0,0,0,0
45,38,1,3024.0916427768,1313.88237426024,0,0,0,86,0,0,0
45,38,2,3039.22020289263,1206.28059089301,0,0,0,80,0,0,0
45,38,3,2837.4729391251,1765.4681873356,0,0,0,31,0,0,0
45,38,4,2910.30562420439,918.449248170302,0,0,0,58,0,0,0
45,38,5,3053.30476149967,1848.16625877516,0,0,0,136,0,0,0
45,38,6,3218.50975989254,2020.91128707293,0,0,0,98,0,0,0
45,38,7,20989.5815692777,12322.5449837223,225,0,0,325,0,0,0
45,38,8,0,4,0,0,0,0,0,0,0
45,39,1,3040.4836727759,580.256834998742,0,0,0,131,0,0,0
45,39,2,3039.85971016188,1929.20653800986,0,0,0,120,0,0,0
45,39,3,2850.03146586344,403.507167703353,0,0,0,176,0,0,0
45,39,4,2898.99021633566,874.889672673402,0,0,0,91,0,0,0
45,39,5,3080.36289391069,933.98691326616,0,0,0,184,0,0,0
45,39,6,3257.90013075359,1100.20483868951,0,0,0,190,0,0,0
45,39,7,21027.5897612777,12195.625156936,62,0,0,197,0,0,0
45,39,8,0,4,0,0,0,0,0,0,0
45,40,1,3032.2629172175,1068.81204040918,0,0,0,58,0,0,0
45,40,2,3061.69036873883,1557.51468605442,0,0,0,192,0,0,0
45,40,3,2824.26478281608,663.555349421782,0,0,0,40,0,0,0
45,40,4,2889.38736011294,1016.32230800215,0,0,0,87,0,0,0
45,40,5,3079.73399262496,1037.59606708948,0,0,0,93,0,0,0
45,40,6,3274.07716345759,1403.68870488285,0,0,0,110,0,0,0
45,40,7,21058.553859936,9161.43393563472,56,0,0,171,0,0,0
45,40,8,0,4,0,0,0,0,0,0,0
45,41,1,3060.93282365392,1037.31755260919,0,0,0,106,0,0,0
45,41,2,3099.24090470495,1100.00458991175,0,0,0,155,0,0,0
45,41,3,2828.06138346854,963.554077596006,0,0,0,66,0,0,0
45,41,4,2899.23335291244,599.576387752575,0,0,0,101,0,0,0
45,41,5,3102.80610427294,1123.80422175855,0,0,0,103,0,0,0
45,41,6,3314.04833671805,1283.76905042859,0,0,0,140,0,0,0
45,41,7,21151.4567961731,10590.0309949483,169,0,0,221,0,0,0
45,41,8,0,4,0,0,0,0,0,0,0
45,42,1,3073.08657928472,494.474319945727,0,0,0,103,0,0,0
45,42,2,3097.10293180963,1913.4690097801,0,0,0,110,0,0,0
45,42,3,2824.90807373941,1089.63256588453,0,0,0,96,0,0,0
45,42,4,2885.90730757934,918.289032196522,0,0,0,59,0,0,0
45,42,5,3111.04538629526,1587.19196141284,0,0,0,112,0,0,0
45,42,6,3339.89986179054,1486.4289145033,0,0,0,128,0,0,0
45,42,7,21206.1307468931,13157.4933729027,78,0,0,262,0,0,0
45,42,8,0,4,0,0,0,0,0,0,0
45,43,1,3058.88665735163,1188.93325087081,0,0,0,49,0,0,0
45,43,2,3105.50661601274,987.351133289439,0,0,0,190,0,0,0
45,43,3,2814.72556280822,1307.61216039199,0,0,0,108,0,0,0
45,43,4,2877.78533174382,1583.91101328342,0,0,0,91,0,0,0
45,43,5,3113.61442900156,1834.00703948275,0,0,0,158,0,0,0
45,43,6,3358.60421352946,1315.03376566782,0,0,0,148,0,0,0
45,43,7,21227.9393976451,9939.00055910872,53,0,0,187,0,0,0
45,43,8,0,4,0,0,0,0,0,0,0
45,44,1,3061.79425508388,1370.46284214108,0,0,0,118,0,0,0
45,44,2,3091.70839098808,604.07036498374,0,0,0,98,0,0,0
45,44,3,2817.33211161045,1520.85029681677,0,0,0,130,0,0,0
45,44,4,2888.53328026728,1352.29825295941,0,0,0,158,0,0,0
45,44,5,3133.73174224608,1322.96869547394,0,0,0,182,0,0,0
45,44,6,3372.2608316216,3050.25693555567,0,0,0,131,0,0,0
45,44,7,21275.3401832538,9095.06576114655,122,0,0,237,0,0,0
45,44,8,0,4,0,0,0,0,0,0,0
45,45,1,3068.6983324329,1536.82699410539,0,0,0,137,0,0,0
45,45,2,3073.67891388573,1860.58863276252,0,0,0,60,0,0,0
45,45,3,2820.72929105899,1365.87798433461,0,0,0,152,0,0,0
45,45,4,2892.05196819887,1257.27479942538,0,0,0,135,0,0,0
45,45,5,3141.53414663759,1295.72649031289,0,0,0,132,0,0,0
45,45,6,3404.41125708826,2188.67262635833,1,0,0,175,0,0,2
45,45,7,21313.5640379072,8280.68358357116,0,40,0,187,0,0,0
45,45,8,0,4,0,0,0,0,0,0,0
45,46,1,3086.43550336707,791.973725418235,0,0,0,153,0,0,0
45,46,2,3095.30542567265,905.294503373059,0,0,0,186,0,0,0
45,46,3,2833.9259121382,1057.58310114556,0,0,0,136,0,0,0
45,46,4,2900.46062443935,1398.23218723609,0,0,0,125,0,0,0
45,46,5,3152.97706642055,892.383112362044,0,0,0,129,0,0,0
45,46,6,3464.58184560805,1504.09626747326,0,0,0,218,0,0,0
45,46,7,21366.8111078817,7106.13064699125,27,0,0,228,0,0,2
45,46,8,0,4,0,0,0,0,0,0,0
45,47,1,3067.81639855746,331.82754227656,0,33,0,46,0,0,0
45,47,2,3072.94398739813,377.791225705372,0,43,0,47,0,0,0
45,47,3,2819.28472759102,1423.87259953465,0,46,0,59,0,0,0
45,47,4,2889.06681494042,1838.12363697532,0,68,0,71,0,0,0
45,47,5,3129.79345909435,1204.56610113122,0,41,0,48,0,0,0
45,47,6,3462.29001588895,1972.04097993771,0,82,0,68,0,0,0
45,47,7,21446.8492263397,8078.28533476612,0,336,0,364,0,0,0
45,47,8,0,4,0,0,0,0,0,0,0
45,48,1,3055.59920856706,1658.33978895715,0,0,0,33,0,0,0
45,48,2,3055.46148890341,1919.66968133078,0,0,0,37,0,0,0
45,48,3,2828.43189000952,907.510887336069,0,0,0,142,0,0,0
45,48,4,2916.97076321937,1348.41057036477,0,0,0,183,0,0,0
45,48,5,3145.3414263448,1481.57984002909,0,0,0,120,0,0,0
45,48,6,3510.34182382369,1427.53442633214,0,0,0,190,0,0,0
45,48,7,21494.9782493517,6901.55376709126,28,0,0,223,0,0,0
45,48,8,0,4,0,0,0,0,0,0,0
45,49,1,3074.46083069979,319.719266492098,0,0,0,163,0,0,0
45,49,2,3077.04082267529,1472.34676529727,0,0,0,191,0,0,0
45,49,3,2831.54522775055,984.117746836111,0,0,0,90,0,0,0
45,49,4,2932.80496889008,967.822013154503,0,0,0,134,0,0,0
45,49,5,3167.18190506388,1669.69835942167,0,0,0,148,0,0,0
45,49,6,3535.50256813177,1070.88770596274,0,0,0,142,0,0,0
45,49,7,21534.478937327,3685.0063417789,22,0,0,199,0,0,1
45,49,8,0,4,0,0,0,0,0,0,0
45,50,1,3061.10652809259,1825.65972771925,0,0,0,31,0,0,0
45,50,2,3082.51771282346,1151.0145655733,0,0,0,147,0,0,0
45,50,3,2831.92895749572,1134.16899815874,0,0,0,98,0,0,0
45,50,4,2933.90337371312,1865.60707165236,0,0,0,96,0,0,0
45,50,5,3188.53822251067,1493.31446400572,7,0,0,144,0,0,0
45,50,6,3556.21033324624,466.442520735178,0,0,0,107,0,0,0
45,50,7,21555.2060309846,3374.72171595079,61,0,0,171,0,0,0
45,50,8,0,4,0,0,0,0,0,0,0
45,51,1,3048.62439452289,656.715161239745,126,0,0,56,0,0,0
45,51,2,3065.1884093542,1153.45657922098,59,0,0,56,0,0,0
45,51,3,2824.46474259826,1190.09101370175,59,0,0,54,0,0,0
45,51,4,2929.0196635519,1434.0610964781,110,0,0,76,0,0,0
45,51,5,3185.60601587526,1236.58142626849,76,0,0,73,0,0,0
45,51,6,3547.87810576464,1541.70483158663,38,0,0,8,0,0,0
45,51,7,21573.538933487,6474.28156448434,156,0,0,165,0,0,5
45,51,8,0,4,0,0,0,0,0,0,0
45,52,1,3049.2749467364,1402.95992588403,0,0,0,65,0,0,0
45,52,2,3074.423665589,903.764053424241,0,0,0,115,0,0,0
45,52,3,2837.15557725118,1557.70691391899,0,0,0,119,0,0,0
45,52,4,2949.91906921614,945.456989500325,0,0,0,143,0,0,0
45,52,5,3205.62628567382,1529.44758843678,0,0,0,123,0,0,0
45,52,6,3586.09740634178,958.646795012044,0,0,0,154,0,0,0
45,52,7,21584.9276253741,6740.61520942086,38,0,0,206,0,0,0
45,52,8,0,4,0,0,0,0,0,0,0
45,53,1,3071.10007711755,1250.29007465855,0,0,0,140,0,0,0
45,53,2,3078.25411686473,885.958326171937,0,0,0,90,0,0,0
45,53,3,2867.67630976582,1855.12520091602,0,0,0,155,0,0,0
45,53,4,2962.69261333036,462.308634123132,0,0,0,94,0,0,0
45,53,5,3231.01933809695,853.492753647002,0,0,0,152,0,0,0
45,53,6,3606.92133938439,1549.77425875896,0,0,0,95,0,0,0
45,53,7,21583.7115378007,7893.42057890365,32,0,0,203,0,0,5
45,53,8,0,4,0,0,0,0,0,0,0
45,54,1,3092.24440049314,801.341058705075,0,0,0,125,0,0,0
45,54,2,3085.5042953975,2108.98561475224,0,0,0,88,0,0,0
45,54,3,2910.39662757806,642.636012526028,0,0,0,185,0,0,0
45,54,4,2963.5684583283,1220.66111956075,0,0,0,46,0,0,0
45,54,5,3244.24579972894,1441.43792443018,0,0,0,85,0,0,0
45,54,6,3660.20719552013,859.574016395556,0,0,0,154,0,0,0
45,54,7,21589.4148079959,13155.4919180269,37,0,0,193,0,0,0
45,54,8,0,4,0,0,0,0,0,0,0
45,55,1,3094.01980807556,1401.16959396727,0,0,0,80,0,0,0
45,55,2,3113.94559818215,1174.2485685619,0,0,0,201,0,0,0
45,55,3,2908.10928442735,1010.36722769424,0,0,0,64,0,0,0
45,55,4,2974.93446028967,896.795521378551,0,0,0,122,0,0,0
45,55,5,3264.85441445744,1063.6679717491,0,0,0,144,0,0,0
45,55,6,3676.00946654743,2071.2790384909,0,0,0,85,0,0,0
45,55,7,21585.0939643837,5787.87901478067,32,0,0,219,0,0,0
45,55,8,0,4,0,0,0,0,0,0,0
45,56,1,3123.56796136919,1076.48301962109,0,0,0,140,0,0,0
45,56,2,3130.3866734503,872.769158119436,0,0,0,117,0,0,0
45,56,3,2918.11707338013,1256.06222194308,0,0,0,101,0,0,0
45,56,4,2990.92472865589,1359.29702806539,0,0,0,89,0,0,0
45,56,5,3287.64486847759,1050.1555366674,0,0,0,106,0,0,0
45,56,6,3748.06504698064,1806.60323074498,2,0,0,197,0,0,0
45,56,7,21596.5771655805,7508.35434064092,109,0,0,195,0,0,0
45,56,8,0,4,0,0,0,0,0,0,0
45,57,1,3154.83452118595,1487.56483168072,0,0,0,107,0,0,0
45,57,2,3148.41709099065,1635.36230239876,0,0,0,87,0,0,0
45,57,3,2944.75017103771,1244.26553463112,0,0,0,125,0,0,0
45,57,4,3028.87904592775,446.097068838041,0,0,0,135,0,0,0
45,57,5,3315.05302025357,1272.59643161186,0,0,0,105,0,0,0
45,57,6,3843.50313027736,526.410084145485,0,0,0,180,0,0,0
45,57,7,21620.9814561718,8414.09736625703,59,0,0,186,0,0,0
45,57,8,0,4,0,0,0,0,0,0,0
45,58,1,3201.91901213178,1241.90787894793,0,0,0,148,0,0,0
45,58,2,3194.93378410419,1583.12605412637,0,0,0,163,0,0,0
45,58,3,2974.54103660793,895.207199788306,0,0,0,124,0,0,0
45,58,4,3040.98142419764,1993.27415132062,0,0,0,44,0,0,0
45,58,5,3354.50852989104,1727.83415158846,0,0,0,127,0,0,0
45,58,6,3868.69026101365,790.859440652024,0,0,0,52,0,0,0
45,58,7,21665.1966656508,9385.86768346736,46,0,0,203,0,0,0
45,58,8,0,4,0,0,0,0,0,0,0
45,59,1,3210.01121193289,970.306389470432,0,0,0,124,0,0,0
45,59,2,3216.09800977555,1185.09988639631,0,0,0,158,0,0,0
45,59,3,2973.48733272626,1651.75222576305,0,0,0,89,0,0,0
45,59,4,3073.70211969986,717.657758651001,0,0,0,199,0,0,0
45,59,5,3387.08900331717,1300.47761936294,0,0,0,172,0,0,0
45,59,6,3882.23908870559,993.284137461482,0,0,0,79,0,0,0
45,59,7,21678.8685508472,11790.7631387414,56,0,0,210,0,0,1
45,59,8,0,4,0,0,0,0,0,0,0
45,60,1,3207.13893676013,1540.45552714251,0,0,0,97,0,0,0
45,60,2,3230.88801014076,1238.82261811199,0,0,0,118,0,0,0
45,60,3,2984.54962666853,1544.89787631181,0,0,0,165,0,0,0
45,60,4,3068.8687787321,1464.1043858819,0,0,0,71,0,0,0
45,60,5,3404.6338899873,1228.93885519983,0,0,0,130,0,0,0
45,60,6,3894.25197486433,1291.48792438096,0,0,0,99,0,0,0
45,60,7,21703.8448073049,6181.04102203365,49,0,0,246,0,0,0
45,60,8,0,4,0,0,0,0,0,0,0
45,61,1,3208.00878453733,1394.41391628403,0,82,0,72,0,0,0
45,61,2,3224.75908525224,1096.84948856424,0,63,0,60,0,0,0
45,61,3,2982.43563796456,2003.1532502305,0,71,0,83,0,0,0
45,61,4,3064.86935106487,1004.35506919094,0,56,0,90,0,0,0
45,61,5,3395.80503851201,479.301319404453,0,58,0,64,0,0,0
45,61,6,3903.6119102035,717.986447602786,0,56,0,73,0,0,0
45,61,7,21776.1453256601,6515.37105470756,0,311,0,307,0,0,0
45,61,8,0,4,0,0,0,0,0,0,0
45,62,1,3235.86783411042,1366.00175953671,0,0,0,139,0,0,0
45,62,2,3238.00179493595,1600.1963184951,0,0,0,109,0,0,0
45,62,3,3027.79856006657,692.083193285404,0,0,0,200,0,0,0
45,62,4,3080.88913382759,1978.81581636326,0,0,0,100,0,0,0
45,62,5,3399.07686734808,1050.77133877204,0,0,0,47,0,0,0
45,62,6,3922.578672641,2704.63472055267,0,0,0,71,0,0,0
45,62,7,21841.1474458314,4766.65607468895,30,0,0,210,0,0,0
45,62,8,0,4,0,0,0,0,0,0,0
45,63,1,3255.48405272464,1210.21738832052,0,0,0,136,0,0,0
45,63,2,3263.69132367767,1480.57525149731,0,0,0,160,0,0,0
45,63,3,3029.9508904165,849.140799531341,0,0,0,69,0,0,0
45,63,4,3095.7013190594,1498.97645271501,11,0,0,143,0,0,0
45,63,5,3409.0922596181,1154.91918399528,0,0,0,105,0,0,0
45,63,6,3971.67522938694,1715.60049029388,13,0,0,206,0,0,0
45,63,7,21878.8508550762,6997.08490549457,59,0,0,180,0,0,0
45,63,8,0,4,0,0,0,0,0,0,0
45,64,1,3282.11133441817,1342.40989693242,0,0,0,121,0,0,0
45,64,2,3284.62511211969,421.571363748479,0,0,0,148,0,0,0
45,64,3,3036.05623545257,981.883510948579,0,0,0,84,0,0,0
45,64,4,3114.37093724879,772.133636467029,0,0,0,149,0,0,0
45,64,5,3429.5621548934,1495.21952679249,0,0,0,115,0,0,0
45,64,6,4015.7413745737,1365.58971457631,0,0,0,171,0,0,0
45,64,7,21912.9438265503,8658.23933228848,53,0,0,172,0,0,0
45,64,8,0,4,0,0,0,0,0,0,0
45,65,1,3305.78581988646,1520.84112285207,0,0,0,134,0,0,0
45,65,2,3279.11164882021,861.509578979921,0,0,0,42,0,0,0
45,65,3,3047.29656393804,468.722853327724,0,0,0,98,0,0,0
45,65,4,3120.21716795422,1669.10469296803,0,0,0,77,0,0,0
45,65,5,3464.96338142843,1253.88336615272,0,0,0,149,0,0,0
45,65,6,4061.60357374865,1787.01063790418,0,0,0,136,0,0,0
45,65,7,21976.4253100569,7080.8318376297,38,0,0,200,0,0,0
45,65,8,0,4,0,0,0,0,0,0,0
45,66,1,3346.11840064074,2418.89635381238,0,0,0,152,0,0,0
45,66,2,3290.96113958904,1073.97911607664,0,0,0,86,0,0,0
45,66,3,3036.37156184397,1071.31639368779,0,0,0,46,0,0,0
45,66,4,3147.50243137132,1794.04543779832,0,0,0,166,0,0,0
45,66,5,3486.00637775421,1460.94485614402,0,0,0,125,0,0,0
45,66,6,4111.31498848241,1489.71538437193,5,0,0,148,0,0,0
45,66,7,22023.2069372169,6687.51952901931,92,0,0,208,0,0,1
45,66,8,0,4,0,0,0,0,0,0,0
45,67,1,3389.82375028938,1362.88886411574,49,0,0,148,0,0,0
45,67,2,3309.24833858115,1257.67946332252,0,0,0,107,0,0,0
45,67,3,3049.42962621525,1290.28025622268,0,0,0,107,0,0,0
45,67,4,3188.55600635137,1164.2360314999,12,0,0,156,0,0,0
45,67,5,3522.02916909792,2357.56703466544,5,0,0,136,0,0,0
45,67,6,4189.71938250803,2503.60177258072,0,0,0,148,0,0,0
45,67,7,22082.0225270493,8249.11738137221,177,2,0,181,0,0,9
45,67,8,0,4,0,0,0,0,0,0,0
45,68,1,3414.32632286197,1795.15171316598,0,0,0,136,0,0,0
45,68,2,3328.52987639826,2283.67485600656,0,0,0,125,0,0,0
45,68,3,3071.22286922101,1543.3677846576,0,0,0,129,0,0,0
45,68,4,3209.63436021617,1318.89002617321,0,0,0,116,0,0,0
45,68,5,3572.53949701787,2663.57255911851,0,0,0,193,0,0,0
45,68,6,4268.35936999659,1922.82230434249,9,0,0,173,0,0,0
45,68,7,22144.2785765103,6142.82579435163,76,0,0,170,0,0,2
45,68,8,0,4,0,0,0,0,0,0,0
45,69,1,3503.39032458058,1947.88613107351,0,0,0,179,0,0,0
45,69,2,3392.71737464512,1577.0053079832,27,0,0,158,0,0,0
45,69,3,3136.50368629253,1045.45428888158,0,0,0,154,0,0,0
45,69,4,3260.68875749413,2695.37958160223,0,0,0,131,0,0,0
45,69,5,3648.51108941126,1204.90731100913,42,0,0,157,0,0,0
45,69,6,4388.48338023644,1511.51009986254,17,0,0,148,0,0,0
45,69,7,22267.9039885551,7358.81367914241,152,0,0,217,0,0,0
45,69,8,0,4,0,0,0,0,0,0,0
45,70,1,3580.46079547495,1915.59698244333,1,0,0,180,0,0,0
45,70,2,3471.31755972167,1246.35346457587,0,0,0,157,0,0,0
45,70,3,3175.36309612986,716.794609865753,0,0,0,104,0,0,0
45,70,4,3327.40365752425,1415.66411235227,8,0,0,204,0,0,0
45,70,5,3712.34734472472,1611.72354933254,0,0,0,120,0,0,0
45,70,6,4515.72459613305,2253.27209754136,0,0,0,151,0,0,0
45,70,7,22384.2903721428,10572.8986099629,70,0,0,187,0,0,0
45,70,8,0,4,0,0,0,0,0,0,0
45,71,1,3619.72351316372,1459.6440289723,0,0,0,189,0,0,0
45,71,2,3491.69444991584,891.696504443981,0,0,0,124,0,0,0
45,71,3,3172.97933521037,1673.04426967071,0,0,0,71,0,0,0
45,71,4,3355.57198000172,1224.58863145878,0,0,0,141,0,0,0
45,71,5,3764.15236073193,1221.43273839408,0,0,0,161,0,0,0
45,71,6,4594.33871843692,1962.14987436649,2,0,0,181,0,0,0
45,71,7,22442.9793032915,8884.50483526552,52,0,0,189,0,0,0
45,71,8,0,4,0,0,0,0,0,0,0
45,72,1,3656.20287096805,1513.93193082948,0,0,0,145,0,0,0
45,72,2,3496.41057590237,1497.66246715006,0,0,0,89,0,0,0
45,72,3,3206.11831860699,1271.55052657638,0,0,0,167,0,0,0
45,72,4,3377.79428715018,867.309532617635,0,0,0,122,0,0,0
45,72,5,3780.90728121603,1179.41754318469,0,0,0,122,0,0,0
45,72,6,4654.98892101141,1721.83765942407,3,0,0,167,0,0,0
45,72,7,22519.2732857091,7345.0691630079,80,0,0,216,0,0,0
45,72,8,0,4,0,0,0,0,0,0,0
45,73,1,3699.52476053463,1712.33135590529,0,0,0,151,0,0,0
45,73,2,3513.25788412166,1279.14271706122,0,0,0,149,0,0,0
45,73,3,3231.46726679907,1182.68123603683,0,0,0,127,0,0,0
45,73,4,3396.64505999255,1261.71800453434,0,0,0,86,0,0,0
45,73,5,3794.11103371484,1829.52533363017,0,0,0,117,0,0,0
45,73,6,4750.63713035411,2618.71726427622,3,0,0,163,0,0,0
45,73,7,22594.0759704888,9463.36416457886,179,0,0,169,0,0,16
45,73,8,0,4,0,0,0,0,0,0,0
45,74,1,3737.61275368365,1803.66452601729,0,0,0,171,0,0,0
45,74,2,3538.22021802189,674.974616677959,0,0,0,127,0,0,0
45,74,3,3262.92079241212,1515.94019065583,0,0,0,118,0,0,0
45,74,4,3419.08757459293,1972.49587714633,0,0,0,126,0,0,0
45,74,5,3858.27480068583,1079.73528392539,0,0,0,182,0,0,0
45,74,6,4834.3476342887,1655.9512791772,7,0,0,174,0,0,0
45,74,7,22698.6371383901,9395.18092796267,65,0,0,205,0,0,0
45,74,8,0,4,0,0,0,0,0,0,0
45,75,1,3768.45323042918,2137.98864582605,0,0,0,180,0,0,0
45,75,2,3530.18532233805,409.442078342664,0,0,0,67,0,0,0
45,75,3,3282.74657176647,1433.27389173251,0,0,0,151,0,0,0
45,75,4,3451.16574975772,2286.12959787866,0,0,0,183,0,0,0
45,75,5,3874.79182870847,1438.6682882405,0,0,0,107,0,0,0
45,75,6,4891.53624360383,2204.29360137018,0,0,0,165,0,0,0
45,75,7,22785.6778654836,10333.9522581144,59,0,0,248,0,0,2
45,75,8,0,4,0,0,0,0,0,0,0
45,76,1,3848.56555364085,1555.45676022163,1,0,0,202,0,0,0
45,76,2,3518.73653536175,1313.3104893064,0,0,0,40,0,0,0
45,76,3,3328.85998134195,1344.51629526941,0,0,0,143,0,0,0
45,76,4,3506.670912308,1221.59045726805,4,0,0,184,0,0,0
45,76,5,3938.0322157716,971.575133359182,0,0,0,143,0,0,0
45,76,6,5028.17210160084,1846.10041550885,0,0,0,218,0,0,0
45,76,7,22896.7117866572,11658.6595752343,80,0,0,189,0,0,0
45,76,8,0,4,0,0,0,0,0,0,0
45,77,1,3879.46956709705,2195.1625380471,0,0,0,155,0,0,0
45,77,2,3519.53094643216,1687.19176180654,0,0,0,131,0,0,0
45,77,3,3338.67742953431,693.593831546005,0,0,0,134,0,0,0
45,77,4,3509.17756487258,1074.84640216583,0,0,0,122,0,0,0
45,77,5,3953.35745020405,1535.36651237455,0,0,0,97,0,0,0
45,77,6,5093.94139966719,2097.51285833453,0,0,0,184,0,0,0
45,77,7,22945.6577160307,9655.78825429463,75,0,0,189,0,0,0
45,77,8,0,4,0,0,0,0,0,0,0
45,78,1,3876.62443865734,1676.95332616361,141,0,0,78,0,0,0
45,78,2,3509.02511645967,2165.03636313513,88,0,0,80,0,0,0
45,78,3,3318.68511539651,1889.95850912081,30,0,0,39,0,0,0
45,78,4,3489.1461058906,1062.37820052054,49,0,0,58,0,0,0
45,78,5,3944.56701893824,2293.42336161825,89,0,0,64,0,0,0
45,78,6,5134.52329753105,1679.77059793322,97,0,0,112,0,0,0
45,78,7,23005.1707570838,8186.03280830192,205,5,0,204,0,0,8
45,78,8,0,4,0,0,0,0,0,0,0
45,79,1,3907.99294873274,873.71211972375,6,0,0,151,0,0,0
45,79,2,3534.42868817878,1878.68106455605,35,0,0,128,0,0,0
45,79,3,3342.9200089767,1596.81534884979,0,0,0,188,0,0,0
45,79,4,3482.08238988133,2396.57737767478,0,0,0,106,0,0,0
45,79,5,3966.68598210866,1569.93792050115,39,0,0,131,0,0,0
45,79,6,5181.11803398202,3004.80372966225,0,0,0,167,0,0,0
45,79,7,23001.1681740499,9522.20997457026,166,2,0,174,0,0,6
45,79,8,0,4,0,0,0,0,0,0,0
45,80,1,3916.31052488046,976.119096038242,0,0,0,87,0,0,0
45,80,2,3582.05190648654,675.993149669782,1,0,0,180,0,0,0
45,80,3,3373.18944473363,1350.23014862237,1,0,0,147,0,0,0
45,80,4,3527.23613205769,2221.00540086481,7,0,0,190,0,0,0
45,80,5,4016.12018017513,1466.00458588143,0,0,0,156,0,0,0
45,80,6,5279.84555088978,3354.98701934807,19,0,0,172,0,0,0
45,80,7,23021.9222066175,12805.2602882042,120,0,0,170,0,0,0
45,80,8,0,4,0,0,0,0,0,0,0
45,81,1,3924.06393147719,2709.84068651982,0,0,0,97,0,0,0
45,81,2,3581.12347680956,2162.50820142765,0,0,0,67,0,0,0
45,81,3,3392.89401442246,2487.01024706123,0,0,0,135,0,0,0
45,81,4,3564.15605760243,1431.81605140195,0,0,0,197,0,0,0
45,81,5,4043.71944922251,1810.15595902017,0,0,0,146,0,0,0
45,81,6,5373.1537677314,1337.08127476206,0,4,0,210,0,0,0
45,81,7,23041.4310415972,7448.83467945476,0,37,0,205,0,0,0
45,81,8,0,4,0,0,0,0,0,0,0
45,82,1,3948.25334035676,1080.66349976902,0,92,0,142,0,0,0
45,82,2,3605.31955788866,1698.85603006306,0,53,0,141,0,0,0
45,82,3,3406.21236952902,2349.0955782625,0,74,0,145,0,0,0
45,82,4,3579.90434267048,1395.65390874952,0,19,0,116,0,0,0
45,82,5,4059.77965681191,1648.46928948952,0,30,0,139,0,0,0
45,82,6,5404.55571525605,3387.69203085489,0,0,0,133,0,0,0
45,82,7,23045.3778763254,8366.88243107656,3,207,0,215,0,0,0
45,82,8,0,4,0,0,0,0,0,0,0
45,83,1,3991.57243307695,1130.18947712971,0,0,0,108,0,0,0
45,83,2,3669.65284854771,1769.756672527,0,0,0,169,0,0,0
45,83,3,3483.99818106442,1505.82674415131,2,0,0,182,0,0,0
45,83,4,3633.16518633667,1349.83658738995,0,0,0,139,0,0,0
45,83,5,4121.83138291425,2364.62018848834,0,0,0,164,0,0,0
45,83,6,5544.41243231596,2657.49960783077,4,0,0,221,0,0,0
45,83,7,23172.3733886322,7789.02926654785,26,0,0,238,0,0,0
45,83,8,0,4,0,0,0,0,0,0,0
45,84,1,4066.49986805988,1944.26195776944,0,0,0,113,0,0,0
45,84,2,3775.71891137054,1395.38286081375,0,0,0,176,0,0,0
45,84,3,3562.55492335856,1123.83161757351,0,0,0,150,0,0,0
45,84,4,3698.67354695147,1579.70778123561,0,0,0,134,0,0,0
45,84,5,4261.12488065373,2462.44666706671,0,0,0,226,0,0,0
45,84,6,5771.60742216607,3383.57720475052,1,0,0,224,0,0,0
45,84,7,23355.8241938262,8201.56259843145,22,0,0,261,0,0,0
45,84,8,0,4,0,0,0,0,0,0,0
45,85,1,4148.80944417077,2230.05405647935,0,0,0,185,0,0,0
45,85,2,3827.95413986886,1247.32699708727,0,0,0,139,0,0,0
45,85,3,3606.5753641898,1150.11479127652,0,0,0,112,0,0,0
45,85,4,3755.16651913024,2225.45001271238,0,0,0,157,0,0,0
45,85,5,4342.28506398183,1772.80583628243,1,0,0,224,0,0,0
45,85,6,5980.8606981189,2155.27486405984,5,0,0,227,0,0,0
45,85,7,23468.7132156156,14194.7643217387,27,0,0,218,0,0,5
45,85,8,0,4,0,0,0,0,0,0,0
45,86,1,4187.65538707376,1871.64538738942,0,0,0,197,0,0,0
45,86,2,3853.4173382404,1772.4532812333,0,0,0,124,0,0,0
45,86,3,3612.15101477773,1808.28295814401,0,0,0,115,0,0,0
45,86,4,3786.51307412335,2290.587353607,0,0,0,214,0,0,0
45,86,5,4371.91831577157,1257.42769514571,0,0,0,177,0,0,0
45,86,6,6008.02288642437,2653.87218828024,0,0,0,200,0,0,0
45,86,7,23483.6139948546,16398.3840067048,29,0,0,196,0,0,0
45,86,8,0,4,0,0,0,0,0,0,0
45,87,1,4224.1634825846,1853.55221023242,0,0,0,187,0,0,0
45,87,2,3881.71706111127,2074.34967150278,0,0,0,177,0,0,0
45,87,3,3633.71589582592,1367.2968565553,0,0,0,180,0,0,0
45,87,4,3812.10402822444,1061.40912254472,0,0,0,202,0,0,0
45,87,5,4376.55204936368,1278.17927788191,0,0,0,125,0,0,0
45,87,6,6035.27631451193,2609.34389426513,2,0,0,181,0,0,0
45,87,7,23482.5250497216,12841.5241553615,35,0,0,214,0,0,0
45,87,8,0,4,0,0,0,0,0,0,0
45,88,1,4255.60683393675,2146.11442049843,0,0,0,185,0,0,0
45,88,2,3931.22974620618,1295.91341751426,0,0,0,207,0,0,0
45,88,3,3655.89445998847,1226.87441556869,0,0,0,136,0,0,0
45,88,4,3818.92102533115,2021.67270417534,0,0,0,106,0,0,0
45,88,5,4388.6997490697,2181.75740844976,0,0,0,127,0,0,0
45,88,6,6120.01272791543,2039.30637463738,10,0,0,171,0,0,0
45,88,7,23496.1317920527,5823.96642216507,125,0,0,170,0,0,0
45,88,8,0,4,0,0,0,0,0,0,0
45,89,1,4263.85693998558,1799.74511721154,165,0,0,49,0,0,0
45,89,2,3929.44333455087,1888.25185260733,66,0,0,63,0,0,0
45,89,3,3661.36519298431,1279.15083189281,52,0,0,70,0,0,0
45,89,4,3851.2290207979,2115.04194214561,108,0,0,94,0,0,0
45,89,5,4407.37257001315,1881.60095492635,117,0,0,101,0,0,0
45,89,6,6200.3797890809,2933.86215697982,96,0,0,107,0,0,0
45,89,7,23583.6324457838,10234.9495991561,171,3,0,189,0,0,24
45,89,8,0,4,0,0,0,0,0,0,0
45,90,1,4323.60750720343,935.564571930337,0,0,0,171,0,0,0
45,90,2,3997.04874933168,908.12349347679,0,0,0,188,0,0,0
45,90,3,3694.56853990707,1348.66372878397,0,0,0,127,0,0,0
45,90,4,3907.27551278402,2387.45704791388,1,0,0,183,0,0,0
45,90,5,4466.57573559942,1348.08677561517,0,0,0,160,0,0,0
45,90,6,6307.15952301674,3756.7222156359,3,0,0,189,0,0,0
45,90,7,23579.48364222,6358.91276641056,42,0,0,234,0,0,0
45,90,8,0,4,0,0,0,0,0,0,0
45,91,1,4350.11914423912,3032.43811001289,0,0,0,93,0,0,0
45,91,2,4028.99225103255,1463.87598107247,0,0,0,90,0,0,0
45,91,3,3730.35196415363,1482.45919375478,0,0,0,134,0,0,0
45,91,4,3965.07548525735,851.950146719859,18,0,0,156,0,0,2
45,91,5,4508.40078058853,2158.63844445724,0,0,0,134,0,0,0
45,91,6,6396.21207284973,2066.48978935233,48,0,0,174,0,0,0
45,91,7,23548.4373938391,5888.41760211027,110,0,0,173,0,0,0
45,91,8,0,4,0,0,0,0,0,0,0
45,92,1,4408.23340461923,2150.62433917726,0,63,0,158,0,0,0
45,92,2,4046.26213697799,1567.16790731586,0,1,0,144,0,0,0
45,92,3,3760.38622253373,2105.48386886544,0,8,0,129,0,0,0
45,92,4,3997.60414380286,1679.85730714123,0,0,0,85,0,0,0
45,92,5,4548.97007961742,1229.90449544788,0,20,0,168,0,0,0
45,92,6,6458.21892359652,3317.91636269824,0,21,0,158,0,0,0
45,92,7,23512.9404920575,12641.2918820721,0,166,0,203,0,0,0
45,92,8,0,4,0,0,0,0,0,0,0
45,93,1,4495.18609703144,829.901103185214,0,0,0,209,0,0,0
45,93,2,4104.48613282436,861.525828611558,0,0,0,156,0,0,0
45,93,3,3841.30430390602,1844.53098918327,0,0,0,187,0,0,0
45,93,4,4066.71243429642,1142.86988601423,0,0,0,167,0,0,0
45,93,5,4611.8510412681,2888.22525681509,0,0,0,122,0,0,0
45,93,6,6626.11957694222,2727.27110259598,3,0,0,211,0,0,0
45,93,7,23552.7894502425,11759.4108055447,25,2,0,224,0,0,0
45,93,8,0,4,0,0,0,0,0,0,0
45,94,1,4503.05711376076,2072.2816686425,0,0,0,82,0,0,0
45,94,2,4096.27585008322,1755.6546696714,0,0,0,86,0,0,0
45,94,3,3886.77503636869,1494.8764732801,0,0,0,184,0,0,0
45,94,4,4067.47809707764,1909.81959901304,0,0,0,114,0,0,0
45,94,5,4667.9678864329,3484.35290263039,1,0,0,210,0,0,0
45,94,6,6739.55797852287,3610.28594748334,0,0,0,223,0,0,4
45,94,7,23553.7388675898,12862.4223058493,27,0,0,197,0,0,0
45,94,8,0,4,0,0,0,0,0,0,0
45,95,1,4554.55980516684,2418.05196007064,0,0,0,206,0,0,0
45,95,2,4140.77252028194,998.049946130611,0,0,0,175,0,0,0
45,95,3,3910.02418568153,1238.98450224843,0,0,0,149,0,0,0
45,95,4,4109.9573452046,1915.33843914237,0,0,0,189,0,0,0
45,95,5,4753.44787256135,2665.8417324114,2,0,0,235,0,0,3
45,95,6,6923.6345910601,2891.43680723847,1,0,0,286,0,0,1
45,95,7,23538.8143618416,9358.72358279422,23,0,0,217,0,0,0
45,95,8,0,4,0,0,0,0,0,0,0
45,96,1,4578.44591568746,1477.77995752926,0,111,0,130,0,0,0
45,96,2,4136.80909159612,1155.42991526637,0,41,0,58,0,0,0
45,96,3,3905.97151611439,2136.22932044034,0,69,0,54,0,0,0
45,96,4,4121.44187814873,2769.17160080598,0,96,0,95,0,0,0
45,96,5,4774.04913159826,1961.07480840354,0,138,0,128,0,0,0
45,96,6,6987.78605007014,3548.27592134473,0,158,0,131,0,0,0
45,96,7,23640.8147546506,9538.25911804039,0,453,0,477,0,0,0
45,96,8,0,4,0,0,0,0,0,0,0
45,97,1,4631.19508437996,1094.94101862985,0,0,0,147,0,0,0
45,97,2,4186.17161169737,1630.86463994272,0,0,0,115,0,0,0
45,97,3,3974.92895619955,861.049244856338,0,0,0,187,0,0,0
45,97,4,4192.62985146512,1574.84412055372,1,0,0,215,0,0,0
45,97,5,4867.56047155115,1692.97220620963,0,0,0,196,0,0,0
45,97,6,7211.35267986286,2582.00925462348,5,0,0,216,0,0,0
45,97,7,23715.8651736531,10616.5914614361,32,0,0,218,0,0,0
45,97,8,0,4,0,0,0,0,0,0,0
45,98,1,4675.89038359118,2083.29614766225,0,0,0,109,0,0,0
45,98,2,4264.12059536867,2204.29083323586,0,0,0,163,0,0,0
45,98,3,4010.92256159048,1619.21280031371,0,0,0,86,0,0,0
45,98,4,4287.03899909634,1844.54901540421,0,0,0,157,0,0,0
45,98,5,4987.86863914036,3490.06984026551,0,0,0,169,0,0,0
45,98,6,7409.93275065138,2176.2185340916,2,0,0,179,0,0,0
45,98,7,23819.0239095757,10000.6554509516,24,0,0,206,0,0,0
45,98,8,0,4,0,0,0,0,0,0,0
45,99,1,4784.54616695051,3848.91438214464,0,0,0,191,0,0,3
45,99,2,4374.09033866419,1985.51771997946,0,0,0,218,0,0,0
45,99,3,4141.25296392757,2261.21798308386,0,0,0,161,0,0,0
45,99,4,4407.42298566038,1679.15661016989,0,0,0,180,0,0,0
45,99,5,5151.99078920428,3419.51934101778,4,0,0,208,0,0,0
45,99,6,7645.79155527704,3073.44902369399,0,0,0,190,0,0,1
45,99,7,23994.3703679399,12084.5427772513,27,0,0,196,0,0,2
45,99,8,0,4,0,0,0,0,0,0,0
45,100,1,4942.56363213274,1290.87842177049,2,0,0,285,0,0,0
45,100,2,4478.03706435032,2257.87584885065,0,0,0,198,0,0,0
45,100,3,4275.73185478952,2707.11391585765,0,0,0,198,0,0,0
45,100,4,4521.49296199797,1649.55010005952,0,0,0,167,0,0,0
45,100,5,5296.61945994567,1853.12241445968,4,0,0,194,0,0,0
45,100,6,7977.07397766501,1381.30803960129,1,0,0,241,0,0,1
45,100,7,24142.972705366,12343.0455495477,26,1,0,220,0,0,1
45,100,8,0,4,0,0,0,0,0,0,0
46,1,1,2855.5296,1605.48678286564,0,0,0,90,0,0,0
46,1,2,2850.76,996.144258238723,0,0,0,82,0,0,0
46,1,3,2832.0816,785.803960926222,0,0,0,4,0,0,0
46,1,4,2839.91008,1685.52437144256,0,0,0,56,0,0,0
46,1,5,2846.3936,1964.67325835551,0,0,0,62,0,0,0
46,1,6,2847.568,632.811585891199,0,0,0,75,0,0,0
46,1,7,19968.3971199999,11386.8348713917,0,0,0,74,0,0,0
46,1,8,0,4,0,0,0,99,0,0,0
46,2,1,2872.7232,1200.48853045768,0,0,0,160,0,0,0
46,2,2,2856.6816,1247.81674392347,0,0,0,99,0,0,0
46,2,3,2833.19968,1175.71405347493,0,0,0,78,0,0,0
46,2,4,2861.88607999999,868.754094079491,0,0,0,168,0,0,0
46,2,5,2870.4,1232.44122109347,0,0,0,194,0,0,0
46,2,6,2847.9776,1119.26999473674,0,0,0,63,0,0,0
46,2,7,19917.9775999998,7280.68823779406,8,14,0,229,0,0,0
46,2,8,0,4,0,0,0,0,0,0,0
46,3,1,2881.9584,991.019249548245,0,0,0,120,0,0,0
46,3,2,2868.37312,1100.27447511583,0,0,0,124,0,0,0
46,3,3,2842.20128,1231.50388239792,0,0,0,117,0,0,0
46,3,4,2866.47808,1392.4816944516,0,0,0,86,0,0,0
46,3,5,2879.4128,1388.91355722245,0,0,0,123,0,0,0
46,3,6,2857.73792,1329.27483996538,0,0,0,111,0,0,0
46,3,7,19872.1276799997,9491.29381784851,53,0,0,213,0,0,0
46,3,8,0,4,0,0,0,0,0,0,0
46,4,1,2889.2464,1677.02395925882,0,0,0,99,0,0,0
46,4,2,2870.03872,1705.06729975582,0,0,0,110,0,0,0
46,4,3,2852.74528,1051.96288425778,0,0,0,123,0,0,0
46,4,4,2884.474944,1531.20664657846,0,0,0,139,0,0,0
46,4,5,2890.52255999999,1502.33321813237,0,0,0,138,0,0,0
46,4,6,2868.03712,976.253162896437,0,0,0,132,0,0,0
46,4,7,19821.9943039997,10534.7652536772,0,38,0,194,0,0,0
46,4,8,0,4,0,0,0,0,0,0,0
46,5,1,2888.23328,934.567127082495,0,98,0,69,0,0,0
46,5,2,2865.87712,636.553367964487,0,93,0,77,0,0,0
46,5,3,2847.96448,845.792450603359,0,46,0,59,0,0,0
46,5,4,2885.804544,874.177543905603,0,67,0,86,0,0,0
46,5,5,2887.79615999999,937.376822841521,0,82,0,68,0,0,0
46,5,6,2856.987264,1119.72746924237,0,58,0,39,0,0,0
46,5,7,19827.5431039997,7654.00368661555,1,470,0,501,0,0,0
46,5,8,0,4,0,0,0,0,0,0,0
46,6,1,2905.2256,861.285625749799,0,0,0,93,0,0,0
46,6,2,2876.84192,947.816243393443,0,0,0,63,0,0,0
46,6,3,2861.89088,1102.55029346575,0,0,0,84,0,0,0
46,6,4,2902.177344,579.15567972484,0,0,0,87,0,0,0
46,6,5,2903.74081279999,523.956238201343,0,0,0,93,0,0,0
46,6,6,2876.075264,899.582700777923,0,0,0,111,0,0,0
46,6,7,19865.1651839997,5501.81276977714,31,0,0,218,0,0,0
46,6,8,0,4,0,0,0,0,0,0,0
46,7,1,2916.41152,316.985163938925,0,0,0,86,0,0,0
46,7,2,2890.227264,852.927945225099,0,0,0,94,0,0,0
46,7,3,2881.56,725.741906786901,0,0,0,110,0,0,0
46,7,4,2908.898944,1246.56362033021,0,0,0,57,0,0,0
46,7,5,2910.15521279999,1195.40400869388,0,0,0,52,0,0,0
46,7,6,2890.392064,1597.87691901869,0,0,0,89,0,0,0
46,7,7,19888.7959039997,6874.47302928321,68,0,0,183,0,0,0
46,7,8,0,4,0,0,0,0,0,0,0
46,8,1,2916.51072,957.966528143188,0,0,0,31,0,0,0
46,8,2,2903.293248,1711.60968348033,0,0,0,85,0,0,0
46,8,3,2891.9152,2082.95070649447,0,0,0,72,0,0,0
46,8,4,2931.513664,1762.32125701925,0,0,0,124,0,0,0
46,8,5,2932.4350208,586.190238242312,0,0,0,119,0,0,0
46,8,6,2923.342848,621.92610945437,0,0,0,159,0,0,0
46,8,7,19921.4327039997,7026.48598172193,49,0,0,186,0,0,0
46,8,8,0,4,0,0,0,0,0,0,0
46,9,1,2930.5909248,1734.07658318751,0,0,0,95,0,0,0
46,9,2,2935.62522880001,1426.91279718898,1,0,0,160,0,0,0
46,9,3,2926.04896000001,1560.2285580184,3,0,0,179,0,0,0
46,9,4,2966.24556799999,1449.47230045034,0,0,0,176,0,0,0
46,9,5,2941.8370304,790.984945287645,0,0,0,58,0,0,0
46,9,6,2938.386048,777.23360095988,0,0,0,62,0,0,0
46,9,7,19968.9844479997,8328.39076215284,56,0,0,244,0,0,0
46,9,8,0,4,0,0,0,0,0,0,0
46,10,1,2960.0040448,1110.87423796058,0,0,0,170,0,0,0
46,10,2,2961.00865280001,2174.39692278316,0,0,0,142,0,0,0
46,10,3,2953.94624000001,1544.71411279518,0,0,0,156,0,0,0
46,10,4,2995.6923648,1700.53179676596,0,0,0,144,0,0,0
46,10,5,2953.2281344,1292.38537785465,0,0,0,79,0,0,0
46,10,6,2953.980288,1614.67658061006,0,0,0,77,0,0,0
46,10,7,19999.4698879996,9646.48899665567,59,0,0,180,0,0,0
46,10,8,0,4,0,0,0,0,0,0,0
46,11,1,2974.81210880001,1565.19652020445,0,0,0,111,0,0,0
46,11,2,2996.13331456001,518.182386672981,0,0,0,211,0,0,0
46,11,3,2978.17824000001,1422.83361243118,0,0,0,154,0,0,0
46,11,4,3026.0142848,1783.13877005279,0,0,0,170,0,0,0
46,11,5,2973.51587584,919.039721403613,0,0,0,129,0,0,0
46,11,6,2981.7271808,1554.75697621362,0,0,0,161,0,0,0
46,11,7,20027.5774079997,6549.46178992466,43,0,0,180,0,0,0
46,11,8,0,4,0,0,0,0,0,0,0
46,12,1,2999.6798848,1176.09768806409,0,0,0,156,0,0,0
46,12,2,2998.90387456001,856.699533137666,0,0,0,51,0,0,0
46,12,3,2998.31008000001,1157.87304975966,0,0,0,142,0,0,0
46,12,4,3051.4050048,1060.02574680128,6,0,0,150,0,0,0
46,12,5,2982.69161984,627.150884859248,0,0,0,91,0,0,0
46,12,6,3011.1198208,1279.51573705679,0,0,0,155,0,0,0
46,12,7,20055.6673279997,6717.31193801116,103,0,0,167,0,0,0
46,12,8,0,4,0,0,0,0,0,0,0
46,13,1,3023.9256576,894.857327926467,0,0,0,117,0,0,0
46,13,2,3010.92758016,1191.60545621026,0,0,0,85,0,0,0
46,13,3,3021.92913920001,1479.05188284274,0,0,0,115,0,0,0
46,13,4,3072.158528,908.910625022082,0,0,0,106,0,0,0
46,13,5,2990.24624384,1634.86432635434,0,0,0,62,0,0,0
46,13,6,3039.8764928,863.41430001629,0,0,0,127,0,0,0
46,13,7,20110.7032959997,9717.80994726446,239,0,0,236,0,0,7
46,13,8,0,4,0,0,0,0,0,0,0
46,14,1,3029.0472448,1106.64844963132,0,0,0,89,0,0,0
46,14,2,3026.919374848,1263.99169131104,0,0,0,119,0,0,0
46,14,3,3042.28683520001,852.344744305789,0,0,0,147,0,0,0
46,14,4,3084.179328,1522.03070320511,0,0,0,90,0,0,0
46,14,5,3013.83792384,1753.97553719033,0,0,0,163,0,0,0
46,14,6,3052.14799360001,942.561462451267,0,0,0,86,0,0,0
46,14,7,20158.1708159997,9511.17323860246,52,0,0,254,0,0,0
46,14,8,0,4,0,0,0,0,0,0,0
46,15,1,3042.7039488,1192.62800182401,0,0,0,110,0,0,0
46,15,2,3042.86428620801,463.531586188332,0,0,0,126,0,0,0
46,15,3,3050.65573120001,1697.62536664354,0,0,0,85,0,0,0
46,15,4,3104.32711424,1350.50880152047,0,0,0,152,0,0,0
46,15,5,3042.81918464,1226.64920615746,0,0,0,175,0,0,0
46,15,6,3066.81533440001,875.400628826594,0,0,0,94,0,0,0
46,15,7,20208.3772159997,8857.72145431592,51,0,0,263,0,0,0
46,15,8,0,4,0,0,0,0,0,0,0
46,16,1,3059.10736896,755.812239603966,0,0,0,119,0,0,0
46,16,2,3041.59250165761,934.96167271128,0,0,0,46,0,0,0
46,16,3,3079.35677440001,1398.19551565769,0,0,0,166,0,0,0
46,16,4,3124.989457408,1371.26365832025,0,0,0,135,0,0,0
46,16,5,3057.67272448,1486.81268457162,0,0,0,122,0,0,0
46,16,6,3083.22566912001,326.798933025311,0,0,0,87,0,0,0
46,16,7,20245.1137407997,8827.66794049927,155,0,0,188,0,0,0
46,16,8,0,4,0,0,0,0,0,0,0
46,17,1,3065.30661632001,1670.0322225044,2,0,0,73,0,0,0
46,17,2,3056.26952181761,885.220322379246,0,0,0,93,0,0,0
46,17,3,3092.97940480001,1436.33686127052,24,0,0,111,0,0,0
46,17,4,3145.009069568,1729.15362517902,15,0,0,119,0,0,0
46,17,5,3076.01218048,1206.5541051507,32,0,0,110,0,0,0
46,17,6,3085.56219392001,1630.62326092153,2,0,0,30,0,0,0
46,17,7,20339.9404927996,5852.77382846508,398,0,0,405,0,0,0
46,17,8,0,4,0,0,0,0,0,0,0
46,18,1,3061.54956032001,1203.14470972384,117,0,0,38,0,0,0
46,18,2,3058.03651891201,1595.7743739023,5,0,0,83,0,0,0
46,18,3,3101.94832384001,1481.84455016682,55,0,0,83,0,0,0
46,18,4,3151.415802368,787.109094858297,87,0,0,77,0,0,0
46,18,5,3085.62746316801,1494.34079860333,26,0,0,92,0,0,0
46,18,6,3105.71923968001,981.304284895787,50,0,0,108,0,0,0
46,18,7,20400.9818367995,9899.97946900643,261,0,0,292,0,0,1
46,18,8,0,4,0,0,0,0,0,0,0
46,19,1,3083.03532851201,996.682877713713,0,0,0,120,0,0,0
46,19,2,3090.10360588289,778.337933374129,0,0,0,159,0,0,0
46,19,3,3131.38197555201,798.423531411441,0,0,0,148,0,0,0
46,19,4,3169.10288896001,1568.87030932715,0,0,0,78,0,0,0
46,19,5,3118.79018700801,2072.57328760197,0,0,0,149,0,0,0
46,19,6,3127.49684224001,1146.01134715465,0,0,0,98,0,0,0
46,19,7,20434.0005503995,3418.5515245435,56,0,0,186,0,0,0
46,19,8,0,4,0,0,0,0,0,0,0
46,20,1,3092.39814451201,996.142336342468,2,0,0,97,0,0,0
46,20,2,3093.53285388289,808.93989334296,0,0,0,77,0,0,0
46,20,3,3136.30576742401,326.279373835798,2,0,0,77,0,0,0
46,20,4,3182.52601712641,1176.78413697087,34,0,0,112,0,0,0
46,20,5,3143.57726924801,907.761916959227,47,0,0,146,0,0,0
46,20,6,3144.86906624001,1672.39337891743,2,0,0,112,0,0,0
46,20,7,20454.8181503996,4536.32317355686,126,0,0,178,0,0,0
46,20,8,0,4,0,0,0,0,0,0,0
46,21,1,3099.31369011201,926.95703153713,0,0,0,99,0,0,0
46,21,2,3094.7023796429,1479.94450445457,0,0,0,80,0,0,0
46,21,3,3131.33465958401,1787.02762989064,0,0,0,32,0,0,0
46,21,4,3204.90544201729,2216.75156455935,0,0,0,117,0,0,0
46,21,5,3159.93464678401,1053.67856114222,0,0,0,90,0,0,0
46,21,6,3174.84856524801,524.392069549891,5,0,0,141,0,0,0
46,21,7,20474.8034303995,11409.3269619692,63,0,0,176,0,0,0
46,21,8,0,4,0,0,0,0,0,0,0
46,22,1,3107.04353353729,1277.54286351795,0,0,0,92,0,0,0
46,22,2,3112.15867450984,941.090446942898,0,0,0,147,0,0,0
46,22,3,3161.69083555841,922.154494547814,0,0,0,178,0,0,0
46,22,4,3240.12134985729,2144.60251356903,0,0,0,183,0,0,0
46,22,5,3185.10529064961,721.731881233064,0,0,0,105,0,0,0
46,22,6,3184.11064320001,1357.11957717531,0,0,0,52,0,0,0
46,22,7,20514.9270143995,6379.84730839468,32,0,0,209,0,0,0
46,22,8,0,4,0,0,0,0,0,0,0
46,23,1,3100.95077961729,1548.72726902493,78,0,0,49,0,0,0
46,23,2,3105.64285498984,1597.62305820878,53,0,0,41,0,0,0
46,23,3,3159.93877207041,1245.09100351919,38,0,0,54,0,0,0
46,23,4,3257.30116425729,1506.7792315403,97,0,0,117,0,0,0
46,23,5,3190.28282664961,1271.45254431215,33,0,0,39,0,0,0
46,23,6,3198.06496000001,1251.8939507862,53,0,0,82,0,0,0
46,23,7,20573.2987033595,11064.0887273052,271,0,0,332,0,0,5
46,23,8,0,4,0,0,0,0,0,0,0
46,24,1,3121.41766934529,1472.34295170622,0,0,0,154,0,0,0
46,24,2,3128.39077383784,1783.16451925074,0,0,0,159,0,0,0
46,24,3,3176.34128087041,1305.40634857447,0,0,0,124,0,0,0
46,24,4,3282.57115209729,489.139246338728,0,0,0,150,0,0,0
46,24,5,3213.91596965889,805.530083570478,0,0,0,127,0,0,0
46,24,6,3219.9728,845.610523527438,0,0,0,125,0,0,0
46,24,7,20594.2845593595,5692.81499061982,58,0,0,184,0,0,0
46,24,8,0,4,0,0,0,0,0,0,0
46,25,1,3116.36905238529,1101.68079012226,106,0,0,41,0,0,0
46,25,2,3131.64837639784,1048.43013819425,96,0,0,82,0,0,0
46,25,3,3182.13696727041,1091.05736117423,48,0,0,82,0,0,0
46,25,4,3279.68201289729,1834.58569250613,23,0,0,25,0,0,0
46,25,5,3214.68498802689,1377.87990403014,44,0,0,36,0,0,0
46,25,6,3226.1590052864,1456.14638255958,34,0,0,50,0,0,0
46,25,7,20624.5067161595,6450.47281715702,186,1,0,241,0,0,12
46,25,8,0,4,0,0,0,0,0,0,0
46,26,1,3135.44132118529,1098.15133706339,0,0,0,110,0,0,0
46,26,2,3150.64647025789,1441.38046539029,0,0,0,104,0,0,0
46,26,3,3198.85238538241,1652.63107543207,0,0,0,109,0,0,0
46,26,4,3310.85017755649,1494.66771655926,7,0,0,165,0,0,0
46,26,5,3237.85043291751,1219.84568004365,0,0,0,137,0,0,0
46,26,6,3257.0669733888,998.263289261531,0,0,0,145,0,0,0
46,26,7,20625.3140249594,7660.89267257636,170,0,0,203,0,0,0
46,26,8,0,4,0,0,0,0,0,0,0
46,27,1,3148.92356220929,524.923405435862,0,0,0,109,0,0,0
46,27,2,3171.94526577789,1238.5534618824,0,0,0,144,0,0,0
46,27,3,3229.18941665281,1807.28262509613,0,0,0,165,0,0,0
46,27,4,3335.8896143565,1210.68626329853,0,0,0,149,0,0,0
46,27,5,3251.98251867751,1103.68439529991,0,0,0,121,0,0,0
46,27,6,3269.48063623168,898.800460720278,0,0,0,99,0,0,0
46,27,7,20636.1462553594,7172.46869494792,84,0,0,218,0,0,0
46,27,8,0,4,0,0,0,0,0,0,0
46,28,1,3150.61659209729,530.599688869524,0,0,0,52,0,0,0
46,28,2,3195.28139183228,780.357538372105,0,0,0,123,0,0,0
46,28,3,3265.43760877569,834.758169652077,8,0,0,159,0,0,0
46,28,4,3363.18381211649,643.087340642656,0,0,0,121,0,0,0
46,28,5,3269.41796279911,1286.30449132686,0,0,0,110,0,0,0
46,28,6,3286.96338915329,2132.68383120077,0,0,0,89,0,0,0
46,28,7,20651.7523123193,11536.8000517407,191,0,0,183,0,0,1
46,28,8,0,4,0,0,0,0,0,0,0
46,29,1,3146.4691514573,937.412786642238,0,0,0,53,0,0,0
46,29,2,3194.06019748989,1198.42593840687,0,0,0,78,0,0,0
46,29,3,3265.7564521677,642.891913096829,0,0,0,83,0,0,0
46,29,4,3363.71932823144,1013.20919164178,0,0,0,64,0,0,0
46,29,5,3280.52507012711,1484.47859751327,0,0,0,128,0,0,0
46,29,6,3327.72872470528,2003.71772357538,0,0,0,213,0,0,0
46,29,7,20672.8663884793,13043.3522597321,53,0,0,222,0,0,0
46,29,8,0,4,0,0,0,0,0,0,0
46,30,1,3154.2632706253,1101.55135291194,0,0,0,93,0,0,0
46,30,2,3206.37291336829,1190.49487152326,0,0,0,119,0,0,0
46,30,3,3266.6139216077,1524.18433908306,0,0,0,64,0,0,0
46,30,4,3370.84999575144,1627.64010898877,0,0,0,101,0,0,0
46,30,5,3295.50507350017,1367.07866757253,0,0,0,148,0,0,0
46,30,6,3364.97352716289,1183.35018567502,0,0,0,197,0,0,0
46,30,7,20702.3977850872,13055.3118416768,40,0,0,209,0,0,1
46,30,8,0,4,0,0,0,0,0,0,0
46,31,1,3161.9871043789,971.720152008265,0,0,0,110,0,0,0
46,31,2,3217.61174908028,1420.9362341449,0,0,0,119,0,0,0
46,31,3,3279.4620931277,834.244027687972,0,0,0,152,0,0,0
46,31,4,3381.43322719438,1510.06154232115,0,0,0,162,0,0,0
46,31,5,3310.22296954553,1377.51202825186,0,0,0,136,0,0,0
46,31,6,3380.89689448449,1504.61898439401,0,0,0,118,0,0,0
46,31,7,20728.5601172472,10152.8048475299,40,0,0,249,0,0,0
46,31,8,0,4,0,0,0,0,0,0,0
46,32,1,3170.1874472141,1756.53020920746,0,0,0,97,0,0,0
46,32,2,3234.38644214908,1772.29031149071,0,0,0,142,0,0,0
46,32,3,3277.4680862925,987.657808761251,0,0,0,83,0,0,0
46,32,4,3397.98088141129,1399.79370113696,0,0,0,151,0,0,0
46,32,5,3328.41271111354,1949.14023930505,0,0,0,137,0,0,0
46,32,6,3405.66400931841,1604.50257958594,0,0,0,150,0,0,0
46,32,7,20758.4559636472,9003.72424259554,109,0,0,193,0,0,0
46,32,8,0,4,0,0,0,0,0,0,0
46,33,1,3209.76810336668,1095.63007340725,0,0,0,175,0,0,0
46,33,2,3259.70649064802,1287.22086109432,10,0,0,152,0,0,0
46,33,3,3291.22825635842,730.777822380636,0,0,0,98,0,0,0
46,33,4,3424.80792465803,1776.57216659594,0,0,0,139,0,0,0
46,33,5,3362.49119808718,1474.18924093551,14,0,0,160,0,0,0
46,33,6,3439.94592783976,1427.05841409285,8,0,0,142,0,0,0
46,33,7,20825.0543809528,4445.04481246628,269,0,0,280,0,0,0
46,33,8,0,4,0,0,0,0,0,0,0
46,34,1,3208.1217505526,1429.51094758978,22,0,0,83,0,0,0
46,34,2,3266.02738856904,1420.60268649924,3,0,0,125,0,0,0
46,34,3,3288.51054084507,378.031093827276,0,0,0,73,0,0,0
46,34,4,3428.71276792203,1088.74151742019,51,0,0,116,0,0,0
46,34,5,3373.57348826318,2044.55824795432,27,0,0,115,0,0,0
46,34,6,3463.82184228456,789.683187813633,18,0,0,121,0,0,0
46,34,7,20867.5501607927,7975.7385783281,191,0,0,215,0,0,0
46,34,8,0,4,0,0,0,0,0,0,0
46,35,1,3221.04339883706,1296.41858563484,0,0,0,142,0,0,0
46,35,2,3274.27205477268,945.730879824758,0,0,0,142,0,0,0
46,35,3,3270.18729363867,941.299324654882,0,0,0,37,0,0,0
46,35,4,3439.67922918,1887.65750228561,0,0,0,108,0,0,0
46,35,5,3405.9895519355,1115.86395555177,0,0,0,200,0,0,0
46,35,6,3477.64545531495,1044.15457325727,0,0,0,78,0,0,0
46,35,7,20919.0011873271,6233.2337516278,44,0,0,247,0,0,0
46,35,8,0,4,0,0,0,0,0,0,0
46,36,1,3230.82104752949,1490.09181862137,0,0,0,129,0,0,0
46,36,2,3280.13972761901,846.436313302544,0,0,0,94,0,0,0
46,36,3,3269.32026055067,1121.49782905149,0,0,0,94,0,0,0
46,36,4,3463.8088407374,1238.11651103313,3,0,0,177,0,0,0
46,36,5,3422.15906504951,1089.38708133923,0,0,0,111,0,0,0
46,36,6,3502.22616066458,749.724701946871,0,0,0,104,0,0,0
46,36,7,20962.0365275945,5483.06522071115,120,0,0,201,0,0,0
46,36,8,0,4,0,0,0,0,0,0,0
46,37,1,3237.38427149109,1069.87736087822,0,0,0,149,0,0,0
46,37,2,3274.09480169159,1102.18148291593,0,0,0,84,0,0,0
46,37,3,3263.45205311899,890.357467915189,0,0,0,112,0,0,0
46,37,4,3470.49198823898,2613.64555348592,0,0,0,123,0,0,0
46,37,5,3429.19787004151,1205.65217565776,0,0,0,108,0,0,0
46,37,6,3512.08738119353,1470.92451479948,0,0,0,74,0,0,0
46,37,7,20992.1005142825,8103.73348554383,147,0,0,180,0,0,0
46,37,8,0,4,0,0,0,0,0,0,0
46,38,1,3239.67848685979,2293.96565191214,0,0,0,106,0,0,0
46,38,2,3269.81354751277,2186.12297568929,0,0,0,110,0,0,0
46,38,3,3256.43309913786,1084.34885326681,0,0,0,89,0,0,0
46,38,4,3500.00186155891,2116.72030410492,4,0,0,197,0,0,0
46,38,5,3442.71209821502,1031.75149111416,0,0,0,120,0,0,0
46,38,6,3542.80566555543,480.182601262895,0,0,0,147,0,0,0
46,38,7,21042.4735344425,3218.67253035702,44,0,0,207,0,0,0
46,38,8,0,4,0,0,0,0,0,0,0
46,39,1,3234.77340636284,1436.93221590394,67,0,0,135,0,0,0
46,39,2,3265.55701959572,886.624627317303,59,0,0,136,0,0,0
46,39,3,3243.95776651348,1960.04654643325,0,0,0,108,0,0,0
46,39,4,3502.76480578337,488.058535819244,41,0,0,154,0,0,0
46,39,5,3446.98955715902,1816.3325148704,0,0,0,103,0,0,0
46,39,6,3538.33463835543,1559.51015468586,0,0,0,48,0,0,0
46,39,7,21061.9190896425,5540.94790315925,119,0,0,155,0,0,0
46,39,8,0,4,0,0,0,0,0,0,0
46,40,1,3236.86941093623,678.570487829787,0,0,0,143,0,0,0
46,40,2,3253.80039497005,1054.15637425603,0,0,0,88,0,0,0
46,40,3,3233.99399870548,970.384530397278,0,35,0,118,0,0,0
46,40,4,3482.61803980864,952.987169212745,0,0,0,48,0,0,0
46,40,5,3448.95575543102,956.087058630189,0,18,0,142,0,0,0
46,40,6,3563.72892001175,777.719745033977,0,0,0,155,0,0,0
46,40,7,21076.4617000745,11448.8654456899,0,158,0,193,0,0,0
46,40,8,0,4,0,0,0,0,0,0,0
46,41,1,3227.90440762718,1404.33606159244,0,0,0,67,0,0,0
46,41,2,3257.29131490278,1256.08312412999,0,0,0,105,0,0,0
46,41,3,3230.67790934099,1059.12445037032,0,0,0,97,0,0,0
46,41,4,3476.54049732672,1528.4289356925,0,0,0,95,0,0,0
46,41,5,3454.56309270149,1838.08265080108,0,0,0,95,0,0,0
46,41,6,3572.21452170135,1959.9510431762,0,0,0,77,0,0,0
46,41,7,21137.3385066486,4522.17906326528,26,0,0,212,0,0,0
46,41,8,0,4,0,0,0,0,0,0,0
46,42,1,3231.73159997995,1244.46075166125,0,0,0,140,0,0,0
46,42,2,3255.12821480832,1826.47695799854,0,0,0,125,0,0,0
46,42,3,3225.7940334969,1291.79381314158,0,0,0,105,0,0,0
46,42,4,3482.42479911467,1353.46763047848,0,0,0,152,0,0,0
46,42,5,3473.55623013861,776.578156382752,0,0,0,183,0,0,0
46,42,6,3598.0896228108,1178.01104388685,0,0,0,175,0,0,6
46,42,7,21167.0937198582,12741.391016839,31,0,0,210,0,0,0
46,42,8,0,4,0,0,0,0,0,0,0
46,43,1,3233.97129439705,937.415458284345,0,0,0,124,0,0,0
46,43,2,3273.69236464698,2191.13124443212,0,0,0,181,0,0,0
46,43,3,3229.07078466029,2191.89685161861,0,0,0,129,0,0,0
46,43,4,3488.33201809636,2055.33270607809,0,0,0,135,0,0,0
46,43,5,3460.30332519909,967.994908869061,0,0,0,77,0,0,0
46,43,6,3608.9898142476,2053.34103336937,0,0,0,117,0,0,0
46,43,7,21200.7585758197,4753.35400380265,10,17,0,228,0,0,0
46,43,8,0,4,0,0,0,0,0,0,0
46,44,1,3221.97833013721,1692.10494115014,0,54,0,39,0,0,0
46,44,2,3266.69273720276,2163.01808469383,0,118,0,101,0,0,0
46,44,3,3211.95418948077,799.27917289759,0,121,0,98,0,0,0
46,44,4,3479.63224065538,1382.87812925853,0,87,0,118,0,0,0
46,44,5,3441.63631683045,1347.84410703475,0,63,0,33,0,0,0
46,44,6,3611.05231076755,1357.53975224491,0,105,0,100,0,0,0
46,44,7,21231.7167618037,9228.8959553288,0,225,0,250,0,0,0
46,44,8,0,4,0,0,0,0,0,0,0
46,45,1,3274.29520300308,2552.88306327917,0,0,0,169,0,0,0
46,45,2,3326.34855352766,860.124426325971,0,0,0,193,0,0,0
46,45,3,3233.50672112534,1139.71786289956,0,0,0,79,0,0,0
46,45,4,3530.44964319802,1867.93060685663,0,0,0,138,0,0,0
46,45,5,3484.68645574378,2354.38885533433,0,0,0,134,0,0,0
46,45,6,3667.0619524722,2135.29571445152,0,0,0,135,0,0,0
46,45,7,21345.3176821584,6051.11109174549,23,0,0,292,0,0,0
46,45,8,0,4,0,0,0,0,0,0,0
46,46,1,3302.3768980024,823.11253264187,23,0,0,181,0,0,0
46,46,2,3337.52962888126,1144.25750333759,0,0,0,86,0,0,0
46,46,3,3249.71676965783,1375.62276345193,0,0,0,113,0,0,0
46,46,4,3557.6171657119,1887.48961922899,10,0,0,152,0,0,0
46,46,5,3521.8177371059,1597.71815906296,17,0,0,178,0,0,0
46,46,6,3726.42581137868,2014.45626814568,5,0,0,196,0,0,0
46,46,7,21388.4655811408,9946.26840614677,133,0,0,179,0,0,0
46,46,8,0,4,0,0,0,0,0,0,0
46,47,1,3311.49682859977,1335.91602347798,0,0,0,82,0,0,0
46,47,2,3351.8057263378,1178.2838664089,0,0,0,114,0,0,0
46,47,3,3280.1853833339,333.191633191358,0,0,0,137,0,0,0
46,47,4,3592.05926173832,2000.89937450815,0,0,0,186,0,0,0
46,47,5,3561.90410087763,274.594897344962,0,0,0,159,0,0,0
46,47,6,3778.08486980408,1531.78580192054,0,0,0,201,0,0,0
46,47,7,21442.1523821392,8505.13337991637,53,0,0,189,0,0,0
46,47,8,0,4,0,0,0,0,0,0,0
46,48,1,3332.60750713462,739.264256245865,0,0,0,133,0,0,0
46,48,2,3369.34338424557,1707.19598671415,0,0,0,117,0,0,0
46,48,3,3275.5860116603,1526.66142642523,0,0,0,33,0,0,0
46,48,4,3634.33749276636,2448.46704307437,1,0,0,184,0,0,0
46,48,5,3552.62982876375,1490.27482264777,0,0,0,27,0,0,0
46,48,6,3820.30109854432,2172.85890988139,0,0,0,153,0,0,0
46,48,7,21492.6180538192,9806.07415706654,47,0,0,193,0,0,0
46,48,8,0,4,0,0,0,0,0,0,0
46,49,1,3340.36164640444,428.410627019739,0,0,0,73,0,0,0
46,49,2,3400.40623569296,1418.06765342603,0,0,0,164,0,0,0
46,49,3,3301.82254595445,1337.52972854106,0,0,0,152,0,0,0
46,49,4,3687.47922336554,1754.47406494698,2,0,0,199,0,0,0
46,49,5,3580.4724533655,1813.83171462396,0,0,0,149,0,0,0
46,49,6,3875.46430838331,1523.14312690628,1,0,0,187,0,0,0
46,49,7,21541.2543912989,4757.47661612985,48,0,0,187,0,0,0
46,49,8,0,4,0,0,0,0,0,0,0
46,50,1,3325.67453991244,1762.13777438877,0,0,0,42,0,0,0
46,50,2,3420.16359881104,425.119295984084,0,0,0,141,0,0,0
46,50,3,3321.08674159036,714.865853199006,0,0,0,133,0,0,0
46,50,4,3717.745404435,2406.73267914114,11,0,0,152,0,0,0
46,50,5,3618.71853430921,1170.8662628972,7,0,0,166,0,0,0
46,50,6,3905.80698820779,2242.66712102822,0,0,0,152,0,0,0
46,50,7,21583.8738160874,14361.543878423,137,0,0,187,0,0,0
46,50,8,0,4,0,0,0,0,0,0,0
46,51,1,3346.67995069357,1685.30596553391,0,0,0,176,0,0,0
46,51,2,3403.98647762443,1316.40923930432,0,0,0,42,0,0,0
46,51,3,3315.1820801437,1355.40102158324,0,0,0,71,0,0,0
46,51,4,3749.63054538522,1714.22189766039,0,0,0,209,0,0,0
46,51,5,3632.94032675546,1158.90399094451,0,0,0,117,0,0,0
46,51,6,3954.52602085137,1344.89004143012,0,0,0,224,0,0,0
46,51,7,21632.4519383274,5625.03464558914,34,0,0,267,0,0,0
46,51,8,0,4,0,0,0,0,0,0,0
46,52,1,3388.45335525935,1690.18933166807,0,0,0,168,0,0,0
46,52,2,3435.29096802903,609.55386546749,0,0,0,131,0,0,0
46,52,3,3338.25691615102,1901.21876707688,0,0,0,135,0,0,0
46,52,4,3793.9537359338,2418.93907704362,0,0,0,171,0,0,0
46,52,5,3668.01653099681,1754.88634472871,0,0,0,115,0,0,0
46,52,6,4005.48445159641,1777.8258975341,0,0,0,134,0,0,0
46,52,7,21712.5120309072,11011.5846777198,51,0,0,252,0,0,0
46,52,8,0,4,0,0,0,0,0,0,0
46,53,1,3419.1096310062,1562.44979766023,0,0,0,169,0,0,0
46,53,2,3435.9383859463,997.061904773086,0,0,0,60,0,0,0
46,53,3,3357.71977504231,1982.53348851485,0,0,0,167,0,0,0
46,53,4,3826.24208442821,2076.44618723129,0,0,0,216,0,0,1
46,53,5,3703.61911709525,1468.8238168525,0,0,0,175,0,0,0
46,53,6,4051.92142449579,1473.80868809256,0,0,0,177,0,0,0
46,53,7,21764.3636763472,11022.5043123362,35,0,0,217,0,0,0
46,53,8,0,4,0,0,0,0,0,0,0
46,54,1,3447.96810325421,1098.31445485762,0,0,0,156,0,0,0
46,54,2,3445.20521468955,455.873071015292,0,0,0,99,0,0,0
46,54,3,3398.39625916387,1396.28700507828,0,0,0,198,0,0,0
46,54,4,3862.13456857402,727.788786430412,0,0,0,199,0,0,0
46,54,5,3742.53409647475,1264.19169467728,0,0,0,146,0,0,0
46,54,6,4099.61517462656,1349.3792968743,0,0,0,147,0,0,0
46,54,7,21830.8387390493,5650.96273353655,30,0,0,225,0,0,1
46,54,8,0,4,0,0,0,0,0,0,0
46,55,1,3464.83626459688,1838.6634833926,0,0,0,109,0,0,0
46,55,2,3441.20233689827,2046.52721659732,0,0,0,45,0,0,0
46,55,3,3420.07353915451,603.735721324698,0,0,0,139,0,0,0
46,55,4,3878.01240265816,1607.9895323929,0,0,0,72,0,0,0
46,55,5,3773.09274694465,1423.80925916675,0,0,0,126,0,0,0
46,55,6,4144.43689289758,1369.91631052114,0,0,0,134,0,0,0
46,55,7,21878.6562413761,9682.99401253397,79,0,0,183,0,0,0
46,55,8,0,4,0,0,0,0,0,0,0
46,56,1,3507.67095519899,1793.67115320229,0,0,0,173,0,0,0
46,56,2,3500.11625847829,1488.55583758712,0,0,0,202,0,0,0
46,56,3,3421.43988505569,745.85585404612,0,0,0,60,0,0,0
46,56,4,3921.02547560169,1444.07590634722,0,0,0,160,0,0,0
46,56,5,3810.21944881555,1710.34535101306,0,0,0,142,0,0,0
46,56,6,4194.66279887084,1995.29384784349,0,0,0,136,0,0,0
46,56,7,21942.1021614437,11310.9577703501,37,0,0,207,0,0,0
46,56,8,0,4,0,0,0,0,0,0,0
46,57,1,3557.26208071672,1502.59403132756,0,0,0,179,0,0,0
46,57,2,3537.55583621188,1300.25989165962,0,0,0,148,0,0,0
46,57,3,3428.53667296475,1521.2397501975,0,0,0,74,0,0,0
46,57,4,3957.59255488939,2208.63119271456,0,0,0,144,0,0,0
46,57,5,3872.41137016519,2275.86857672343,0,0,0,171,0,0,0
46,57,6,4279.62077670186,1324.54886353344,0,0,0,199,0,0,0
46,57,7,22015.5918925771,9698.73654724692,39,0,0,197,0,0,0
46,57,8,0,4,0,0,0,0,0,0,0
46,58,1,3615.48354047671,1157.70040125518,0,0,0,150,0,0,0
46,58,2,3572.28440900501,1263.31886337202,0,0,0,130,0,0,0
46,58,3,3473.31480984318,2288.924766221,0,0,0,152,0,0,0
46,58,4,4037.72999680539,2001.92865651939,0,0,0,220,0,0,0
46,58,5,3936.21435227151,1895.89693800637,6,0,0,170,0,0,0
46,58,6,4331.14122017013,1165.3337390996,0,0,0,132,0,0,0
46,58,7,22099.2748718764,11405.1544428252,88,0,0,206,0,0,0
46,58,8,0,4,0,0,0,0,0,0,0
46,59,1,3655.92279632276,947.341199860225,0,0,0,115,0,0,0
46,59,2,3609.34956349416,1255.97160673794,0,0,0,126,0,0,0
46,59,3,3524.46203518848,922.227296122184,2,0,0,181,0,0,0
46,59,4,4104.94281326092,1685.81395961269,0,0,0,192,0,0,0
46,59,5,4015.35442091908,2934.40435675583,0,0,0,178,0,0,0
46,59,6,4391.72508750161,1607.20728646018,0,0,0,116,0,0,0
46,59,7,22192.4553749033,14654.4862933127,54,0,0,190,0,0,0
46,59,8,0,4,0,0,0,0,0,0,0
46,60,1,3662.03976547593,1048.50838507757,0,0,0,94,0,0,0
46,60,2,3614.24701000654,913.565696671116,0,0,0,125,0,0,0
46,60,3,3516.91899752725,1190.40727182116,0,0,0,92,0,0,0
46,60,4,4128.44336367654,1349.94994776897,0,0,0,167,0,0,0
46,60,5,4057.78857186404,2163.33068147546,0,0,0,209,0,0,0
46,60,6,4432.8801602751,1865.59280310782,0,0,0,160,0,0,0
46,60,7,22229.9580474102,12395.3651933689,49,0,0,192,0,0,0
46,60,8,0,4,0,0,0,0,0,0,0
46,61,1,3672.47744544903,1869.97998011505,0,0,0,104,0,0,0
46,61,2,3625.47861605937,1962.81515797323,0,0,0,91,0,0,0
46,61,3,3524.27967259,1264.31992569451,0,0,0,119,0,0,0
46,61,4,4153.02326542853,1159.70036428521,0,0,0,134,0,0,0
46,61,5,4095.59009720974,1687.27797442003,3,0,0,187,0,0,0
46,61,6,4487.68658176556,1477.82627465926,0,0,0,186,0,0,0
46,61,7,22276.1376499404,10577.7407872316,118,0,0,177,0,0,0
46,61,8,0,4,0,0,0,0,0,0,0
46,62,1,3720.79932241712,818.431489411783,11,0,0,138,0,0,0
46,62,2,3673.91537815793,2716.4313209631,8,0,0,160,0,0,0
46,62,3,3548.00201218171,1420.8690555924,0,0,0,126,0,0,0
46,62,4,4181.47286988793,2633.15939424163,0,0,0,115,0,0,0
46,62,5,4140.24742609475,1175.48476250702,7,0,0,138,0,0,0
46,62,6,4561.55993063645,2151.78271688108,0,0,0,147,0,0,0
46,62,7,22367.0279093301,9935.66074011532,189,0,0,245,0,0,3
46,62,8,0,4,0,0,0,0,0,0,0
46,63,1,3728.17152683954,1348.1779074825,0,0,0,81,0,0,0
46,63,2,3707.29994230422,494.096510000594,28,0,0,190,0,0,0
46,63,3,3564.73493487411,2632.61155701287,0,0,0,142,0,0,0
46,63,4,4208.4876082676,1791.16325775587,40,0,0,147,0,0,0
46,63,5,4156.77333452449,1517.99486231975,0,0,0,117,0,0,0
46,63,6,4622.38883163566,907.836468070528,9,0,0,186,0,0,0
46,63,7,22452.2836901776,11139.6941377959,223,0,0,343,0,0,2
46,63,8,0,4,0,0,0,0,0,0,0
46,64,1,3792.69122543372,1583.81471508257,0,0,0,134,0,0,0
46,64,2,3702.84840819153,2271.06778583569,0,0,0,49,0,0,0
46,64,3,3613.831192277,2371.83758594766,14,0,0,178,0,0,0
46,64,4,4284.05549423659,2244.44514635747,1,0,0,168,0,0,0
46,64,5,4227.05783517161,2230.67804550608,0,0,0,151,0,0,0
46,64,6,4677.86877122844,2726.84396675419,0,0,0,90,0,0,0
46,64,7,22566.4855412066,19516.7181250509,155,0,0,230,0,0,0
46,64,8,0,4,0,0,0,0,0,0,0
46,65,1,3816.23557697674,1108.03359788588,0,0,0,158,0,0,0
46,65,2,3742.22661896184,1338.32460282147,0,0,0,222,0,0,0
46,65,3,3642.16884792509,1626.76959554112,0,0,0,204,0,0,0
46,65,4,4316.63135430956,2835.43045633971,0,0,0,187,0,0,0
46,65,5,4268.7669505023,1102.24325025372,0,0,0,221,0,0,0
46,65,6,4731.85105983504,2318.89798136498,1,0,0,204,0,0,0
46,65,7,22614.3354549602,6348.69575434534,46,0,0,242,0,0,0
46,65,8,0,4,0,0,0,0,0,0,0
46,66,1,3874.13635188779,774.893179828254,1,0,0,109,0,0,0
46,66,2,3792.71048315147,1976.56075187081,0,0,0,133,0,0,0
46,66,3,3682.64727838574,1467.19038305577,11,0,0,143,0,0,0
46,66,4,4396.52247391423,2211.18945923084,63,0,0,175,0,0,0
46,66,5,4330.43490351575,1089.07748485584,0,0,0,110,0,0,0
46,66,6,4815.48619274291,2532.18069289525,58,0,0,132,0,0,0
46,66,7,22743.7764573127,13388.3978278847,233,0,0,238,0,0,0
46,66,8,0,4,0,0,0,0,0,0,0
46,67,1,3866.13279973149,1317.32323349128,0,0,0,77,0,0,0
46,67,2,3819.14277137164,1581.1581482696,0,0,0,197,0,0,0
46,67,3,3701.6516169185,890.427738544327,0,0,0,146,0,0,0
46,67,4,4456.40811414196,1042.0724864882,0,0,0,221,0,0,0
46,67,5,4351.27652797048,1345.76415583576,0,0,0,108,0,0,0
46,67,6,4877.36744198592,2263.3370334973,2,0,0,191,0,0,0
46,67,7,22785.65459992,11436.3517466101,39,0,0,188,0,0,0
46,67,8,0,4,0,0,0,0,0,0,0
46,68,1,3878.12894750377,714.049808320647,0,0,0,131,0,0,0
46,68,2,3840.81097339569,818.685253904553,0,0,0,158,0,0,0
46,68,3,3694.7498389109,1900.96439080652,0,0,0,89,0,0,0
46,68,4,4459.43401725916,2655.23767393552,0,0,0,104,0,0,0
46,68,5,4370.91481268741,2413.51754247676,0,0,0,134,0,0,0
46,68,6,4952.67097081098,2829.24266353071,0,0,0,212,0,0,0
46,68,7,22838.3851055538,8735.01934380342,53,0,0,199,0,0,0
46,68,8,0,4,0,0,0,0,0,0,0
46,69,1,3904.59402595954,2093.7877461687,0,0,0,71,0,0,0
46,69,2,3868.76160795972,2627.36864905923,0,0,0,81,0,0,0
46,69,3,3789.0799058369,1071.87760639128,1,0,0,181,0,0,0
46,69,4,4586.84918838921,2286.19245572508,9,0,0,209,0,0,0
46,69,5,4499.60330679394,1681.73754919423,10,0,0,184,0,0,0
46,69,6,5103.90154467924,866.018889329616,14,0,0,199,0,0,0
46,69,7,23007.90471915,5703.8338722949,108,0,0,247,0,0,5
46,69,8,0,4,0,0,0,0,0,0,0
46,70,1,3904.98139831191,1504.79896766147,170,0,0,39,0,0,0
46,70,2,3892.75885350027,826.983191025283,136,0,0,126,0,0,0
46,70,3,3792.01812134062,1654.5288966172,53,0,0,54,0,0,0
46,70,4,4603.36399919328,2207.48209519387,111,0,0,117,0,0,0
46,70,5,4518.50132368977,2378.66281440812,92,0,0,76,0,0,0
46,70,6,5124.46182892481,2931.68153345415,39,0,0,47,0,0,0
46,70,7,23089.0384315005,10956.6807835297,255,0,0,251,0,0,1
46,70,8,0,4,0,0,0,0,0,0,0
46,71,1,3939.34105111349,1809.68184908168,0,0,0,150,0,0,0
46,71,2,3901.20124746278,1805.96312673812,0,0,0,82,0,0,0
46,71,3,3811.82711281783,2036.52761637423,0,0,0,165,0,0,0
46,71,4,4661.41645676542,2016.45901168172,0,0,0,205,0,0,0
46,71,5,4567.44106302262,1372.90725027625,3,0,0,170,0,0,0
46,71,6,5184.84341520239,2768.92529556141,4,0,0,201,0,0,0
46,71,7,23118.2986305149,7761.32695324906,47,0,0,295,0,0,0
46,71,8,0,4,0,0,0,0,0,0,0
46,72,1,3993.86296596134,1404.38191406575,38,0,0,135,0,0,0
46,72,2,3941.50721107047,775.084603340689,42,0,0,130,0,0,0
46,72,3,3858.40791986986,965.832908902461,72,0,0,117,0,0,0
46,72,4,4712.09133989521,992.866521933823,58,0,0,132,0,0,0
46,72,5,4616.7436058797,2537.85627592924,5,0,0,131,0,0,0
46,72,6,5250.98198717476,1916.32412663308,123,0,0,129,0,0,0
46,72,7,23273.5295982915,5735.32506323585,365,0,0,338,0,0,0
46,72,8,0,4,0,0,0,0,0,0,0
46,73,1,4026.94931255647,1023.55194005206,1,0,0,137,0,0,0
46,73,2,3946.39529836284,1382.09872415258,0,0,0,77,0,0,0
46,73,3,3882.5876707616,2178.53020291076,0,0,0,96,0,0,0
46,73,4,4721.10710406422,1400.37239601855,0,0,0,99,0,0,0
46,73,5,4667.89588077859,1356.58253299552,27,0,0,171,0,0,0
46,73,6,5308.88890299932,1677.6619949393,8,0,0,167,0,0,0
46,73,7,23283.029576312,10853.3588600326,134,0,0,165,0,0,5
46,73,8,0,4,0,0,0,0,0,0,0
46,74,1,4091.10610169626,1801.37324475347,0,0,0,102,0,0,0
46,74,2,4022.24667398438,1144.13266160034,0,0,0,138,0,0,0
46,74,3,4021.58047649649,2074.89207841226,1,0,0,184,0,0,0
46,74,4,4851.04951007937,1340.53509622997,0,0,0,140,0,0,0
46,74,5,4799.66075086173,1619.43405446733,0,0,0,135,0,0,0
46,74,6,5478.48082172279,1631.85103634052,0,0,0,167,0,0,0
46,74,7,23442.3428925044,8504.21108693971,42,0,0,178,0,0,0
46,74,8,0,4,0,0,0,0,0,0,0
46,75,1,4178.74475027509,1021.07770060421,0,0,0,177,0,0,0
46,75,2,4056.9738206291,457.483074789606,0,0,0,114,0,0,0
46,75,3,4140.88248337888,1214.10675526034,1,0,0,196,0,0,0
46,75,4,4905.18987416855,2079.13173630624,0,0,0,134,0,0,0
46,75,5,4883.78530830318,1054.38228931477,0,0,0,161,0,0,0
46,75,6,5570.54868177134,2501.43541661871,0,0,0,163,0,0,0
46,75,7,23612.2827242559,7156.33761013752,97,0,0,264,0,0,0
46,75,8,0,4,0,0,0,0,0,0,0
46,76,1,4194.36047276288,2552.38237365724,0,0,0,102,0,0,0
46,76,2,4049.59398401328,1788.55355289323,1,0,0,44,0,0,0
46,76,3,4166.08662412005,2772.37972897315,0,0,0,121,0,0,0
46,76,4,4944.66227204519,2574.46725430667,47,0,0,142,0,0,0
46,76,5,4920.11037151457,1482.14184921258,0,0,0,105,0,0,0
46,76,6,5649.36317910405,1007.01708458143,75,0,0,145,0,0,0
46,76,7,23701.0177947891,15339.8878436801,304,0,0,290,0,0,0
46,76,8,0,4,0,0,0,0,0,0,0
46,77,1,4221.48672601499,1652.14238011907,0,0,0,232,0,0,0
46,77,2,4074.01947929809,934.630646056995,0,0,0,178,0,0,0
46,77,3,4199.37677016501,1528.61222185491,1,0,0,224,0,0,0
46,77,4,4992.28630987595,2101.91829325065,1,0,0,200,0,0,0
46,77,5,4957.26603083477,1114.05627540318,0,0,0,148,0,0,0
46,77,6,5681.18752222056,533.577459534565,0,0,0,100,0,0,0
46,77,7,23735.7155675215,9049.26478583054,45,0,0,219,0,0,0
46,77,8,0,4,0,0,0,0,0,0,0
46,78,1,4261.66560888785,1438.17338313348,0,0,0,165,0,0,0
46,78,2,4092.9303886098,690.772399638743,0,0,0,93,0,0,0
46,78,3,4247.92354305169,1640.5162018537,0,0,0,152,0,0,0
46,78,4,5061.61440644047,3350.54980189822,5,0,0,164,0,0,0
46,78,5,5018.16657437139,3007.00335965316,0,0,0,111,0,0,0
46,78,6,5720.34742887185,2932.38178864012,0,0,0,53,0,0,0
46,78,7,23803.7201048377,7967.68048507473,88,0,0,183,0,0,0
46,78,8,0,4,0,0,0,0,0,0,0
46,79,1,4327.96783669618,2234.81586174204,1,0,0,140,0,0,0
46,79,2,4109.04141592339,2368.91116178076,0,0,0,69,0,0,0
46,79,3,4317.86921092455,1915.10988205752,3,0,0,157,0,0,0
46,79,4,5174.57412262684,2029.37998355431,62,0,0,191,0,0,0
46,79,5,5122.1922359276,3525.66494076097,59,0,0,164,0,0,0
46,79,6,5841.26839918089,2632.46842090493,48,0,0,182,0,0,0
46,79,7,24023.0992363093,11803.1256637162,226,0,0,275,0,0,0
46,79,8,0,4,0,0,0,0,0,0,0
46,80,1,4366.13586646471,595.823337242538,3,0,0,167,0,0,0
46,80,2,4158.22459002603,1497.42413909283,2,0,0,191,0,0,0
46,80,3,4368.88488144151,1320.10490752228,0,0,0,191,0,0,0
46,80,4,5247.76939908685,3099.11564553523,0,0,0,199,0,0,0
46,80,5,5215.49442122832,4103.49647662496,9,0,0,202,0,0,0
46,80,6,5952.18584452115,1431.65928746192,2,0,0,225,0,0,0
46,80,7,24088.5670719151,13346.7257118155,61,0,0,206,0,0,0
46,80,8,0,4,0,0,0,0,0,0,0
46,81,1,4363.32277041004,2586.12435355736,0,0,0,59,0,0,0
46,81,2,4206.67654098648,1775.03057658332,0,0,0,149,0,0,0
46,81,3,4397.04673725674,1170.66406882694,0,0,0,132,0,0,0
46,81,4,5317.68243840829,2986.76659372891,5,0,0,185,0,0,0
46,81,5,5298.1038253209,1603.35283741838,8,0,0,201,0,0,0
46,81,6,6030.31841079388,3484.19392987224,0,0,0,143,0,0,0
46,81,7,24171.8574443658,11903.8209190499,50,0,0,195,0,0,0
46,81,8,0,4,0,0,0,0,0,0,0
46,82,1,4429.77714172079,2490.03864737134,7,0,0,194,0,0,0
46,82,2,4287.08215833022,1775.35863505454,0,0,0,177,0,0,0
46,82,3,4425.5272440847,2027.49427193777,0,0,0,117,0,0,0
46,82,4,5387.16061461254,2472.60317327843,14,0,0,174,0,0,0
46,82,5,5372.6101620059,2206.33423345359,0,0,0,160,0,0,0
46,82,6,6176.45655652375,3361.69117183839,14,0,0,222,0,0,0
46,82,7,24278.8383274861,9411.42188811768,114,0,0,208,0,0,0
46,82,8,0,4,0,0,0,0,0,0,0
46,83,1,4464.33899364907,2159.84873078702,42,0,0,146,0,0,0
46,83,2,4323.52438727392,1223.6011435063,8,0,0,157,0,0,0
46,83,3,4473.10719220234,1343.48655745819,5,0,0,189,0,0,0
46,83,4,5423.59128427845,3341.85305340513,57,0,0,110,0,0,0
46,83,5,5439.72811786666,1332.42870795089,20,0,0,172,0,0,0
46,83,6,6261.15194339749,3178.70777350901,76,0,0,152,0,0,1
46,83,7,24391.481975194,9929.43527804807,256,0,0,326,0,0,0
46,83,8,0,4,0,0,0,0,0,0,0
46,84,1,4528.14695793752,2079.2982821995,13,0,0,161,0,0,0
46,84,2,4376.29003016368,2226.26220167375,0,0,0,122,0,0,0
46,84,3,4517.90939278137,2523.65592847114,0,0,0,134,0,0,0
46,84,4,5509.79351296744,2876.44581975622,42,0,0,166,0,0,0
46,84,5,5518.02704077144,2361.25974493418,0,0,0,133,0,0,0
46,84,6,6408.73184596574,1955.49697055682,29,0,0,201,0,0,0
46,84,7,24538.0361733487,16742.5354523358,173,0,0,298,0,0,0
46,84,8,0,4,0,0,0,0,0,0,0
46,85,1,4566.3155194451,1059.12451870044,0,0,0,192,0,0,0
46,85,2,4426.93850000947,1253.23036287917,1,0,0,186,0,0,0
46,85,3,4551.98360339126,2550.27880926191,1,0,0,207,0,0,0
46,85,4,5573.96884527048,1284.06639286688,2,0,0,212,0,0,0
46,85,5,5563.01254704596,2026.51704303415,0,0,0,202,0,0,1
46,85,6,6484.25770723201,2306.28044316868,0,0,0,176,0,0,0
46,85,7,24591.0566029359,9844.75298011622,55,0,0,223,0,0,0
46,85,8,0,4,0,0,0,0,0,0,0
46,86,1,4596.94352264165,1418.72277087177,0,0,0,105,0,0,0
46,86,2,4479.84426804021,2114.84753807316,0,0,0,125,0,0,0
46,86,3,4606.16910906895,2353.96350754495,65,0,0,151,0,0,0
46,86,4,5649.53926832521,1760.31216541202,0,0,0,128,0,0,0
46,86,5,5663.31557626999,1593.09740392838,39,0,0,140,0,0,0
46,86,6,6614.20968892434,2079.52452781997,49,0,0,152,0,0,0
46,86,7,24718.3890718712,11158.9478879924,254,3,0,229,0,0,5
46,86,8,0,4,0,0,0,0,0,0,0
46,87,1,4693.33983136238,1645.68404493284,0,0,0,141,0,0,0
46,87,2,4571.62041344627,1806.76704798988,7,0,0,170,0,0,0
46,87,3,4692.51803217964,1867.34436587469,12,0,0,171,0,0,0
46,87,4,5779.49907142164,2246.67499709814,2,0,0,165,0,0,0
46,87,5,5786.75351797877,3277.14727776499,0,0,0,159,0,0,0
46,87,6,6796.47637569609,4323.11861065567,7,0,0,168,0,0,0
46,87,7,24842.9736392567,9827.47883909948,166,0,0,153,0,0,1
46,87,8,0,4,0,0,0,0,0,0,0
46,88,1,4696.72291121529,2888.37968203849,65,0,0,86,0,0,0
46,88,2,4589.71454082125,2015.81190990137,48,0,0,123,0,0,0
46,88,3,4714.86516137019,2939.75755808093,63,0,0,111,0,0,0
46,88,4,5802.89417553239,3507.69316198075,92,0,0,114,0,0,0
46,88,5,5853.69671989046,2566.34538849766,127,0,0,175,0,0,0
46,88,6,6895.0997781727,1254.6153866516,196,0,0,197,0,0,0
46,88,7,24939.6559026008,9640.18141327127,374,1,0,346,0,0,7
46,88,8,0,4,0,0,0,0,0,0,0
46,89,1,4678.6260083449,3275.66615895414,272,0,0,16,0,0,0
46,89,2,4603.0671465062,2217.60442745946,98,0,0,103,0,0,0
46,89,3,4754.12197658419,2090.66941024469,141,0,0,152,0,0,0
46,89,4,5866.88341697056,1257.38347234658,166,0,0,173,0,0,1
46,89,5,5918.66448165126,1381.34327461886,110,0,0,146,0,0,0
46,89,6,6927.03159567198,1202.40624314867,63,0,0,62,0,0,0
46,89,7,24986.8336415822,7731.01734286232,202,5,0,200,0,0,22
46,89,8,0,4,0,0,0,0,0,0,0
46,90,1,4675.4232303519,1263.6970299883,282,0,0,17,0,0,0
46,90,2,4649.0315363096,967.112952443427,88,0,0,124,0,0,0
46,90,3,4806.7245128682,1731.1880943355,75,0,0,126,0,0,0
46,90,4,5904.87458956823,1899.30912147723,56,0,0,64,0,0,0
46,90,5,5968.38421737752,3339.39869662469,37,0,0,97,0,0,0
46,90,6,6956.07366120556,4141.9847428604,48,0,0,67,0,0,0
46,90,7,25019.7053282896,11596.9679974006,252,3,0,209,0,0,4
46,90,8,0,4,0,0,0,0,0,0,0
46,91,1,4700.07247887903,1735.43596564012,0,0,0,126,0,0,0
46,91,2,4687.46588042329,2238.97083083322,0,0,0,96,0,0,0
46,91,3,4868.81173522091,1891.43492856956,0,0,0,173,0,0,0
46,91,4,5994.0586525966,3003.81334967596,0,0,0,189,0,0,0
46,91,5,6046.15067758207,2072.26871247391,10,0,0,203,0,0,0
46,91,6,7107.57720680112,3585.69554882625,11,0,0,272,0,0,0
46,91,7,25019.4835984272,5304.64470575255,76,0,0,200,0,0,0
46,91,8,0,4,0,0,0,0,0,0,0
46,92,1,4718.58071652692,1626.2341841178,105,0,0,58,0,0,0
46,92,2,4721.98547486957,1348.49485517124,94,0,0,120,0,0,0
46,92,3,4919.7229789722,1486.4883669159,71,0,0,111,0,0,0
46,92,4,6078.71632264473,2262.80811941776,132,0,0,155,0,0,0
46,92,5,6095.10299483991,3522.15184574396,92,0,0,106,0,0,0
46,92,6,7183.53675121862,4642.25365267453,192,0,0,147,0,0,0
46,92,7,25061.8140256017,8172.51845319535,262,0,0,242,0,0,0
46,92,8,0,4,0,0,0,0,0,0,0
46,93,1,4788.32087127373,1755.79516347847,0,0,0,162,0,0,0
46,93,2,4778.05533230527,2596.74568497935,0,0,0,134,0,0,0
46,93,3,4981.02769498223,3635.35733700566,0,0,0,148,0,0,0
46,93,4,6185.54029014838,1401.64001727476,4,0,0,175,0,0,0
46,93,5,6205.98132738958,1232.63738477627,13,0,0,180,0,0,0
46,93,6,7439.61764926183,3520.52888086627,17,0,0,247,0,0,0
46,93,7,25082.7899722485,11377.9341470446,51,0,0,186,0,0,0
46,93,8,0,4,0,0,0,0,0,0,0
46,94,1,4940.85048296889,1443.27600052085,0,0,0,174,0,0,0
46,94,2,4923.44347990411,1889.27233404939,3,0,0,175,0,0,0
46,94,3,5191.18586512524,2398.85785483981,6,0,0,204,0,0,0
46,94,4,6365.68661505666,856.927482820424,0,0,0,140,0,0,0
46,94,5,6414.38562152029,2036.34318364321,0,0,0,123,0,0,0
46,94,6,7774.40439825365,2093.95266923113,5,0,0,218,0,0,0
46,94,7,25320.6431957347,6064.92785235563,40,0,0,196,0,0,0
46,94,8,0,4,0,0,0,0,0,0,0
46,95,1,5020.67091773702,2196.14629105533,0,0,0,144,0,0,0
46,95,2,5019.3569542852,960.980144668108,1,0,0,185,0,0,0
46,95,3,5285.11743035847,2941.09430354388,25,0,0,157,0,0,0
46,95,4,6421.24115543804,2758.37436257207,0,0,0,85,0,0,0
46,95,5,6532.07089437695,2958.02488643024,8,0,0,174,0,0,0
46,95,6,7922.68919106986,5023.04942740304,9,0,0,179,0,0,0
46,95,7,25367.8378947624,3392.34439178429,122,0,0,201,0,0,0
46,95,8,0,4,0,0,0,0,0,0,0
46,96,1,5051.05477890631,1420.46668555886,54,0,0,117,0,0,0
46,96,2,5041.58231732054,543.403227497408,0,0,0,96,0,0,0
46,96,3,5353.89786187545,2454.99317355743,75,0,0,151,0,0,0
46,96,4,6491.2842362469,3356.62262377179,67,0,0,148,0,0,0
46,96,5,6603.61881740992,1409.93966573792,72,0,0,159,0,0,0
46,96,6,8052.44598826754,2190.68968909675,144,0,0,228,0,0,0
46,96,7,25371.7947743712,14937.9092928765,85,0,0,177,0,0,0
46,96,8,0,4,0,0,0,0,0,0,0
46,97,1,5091.81970231652,1469.33401710516,0,0,0,142,0,0,0
46,97,2,5044.24884616767,1637.09351270291,0,0,0,54,0,0,0
46,97,3,5417.93478930973,2578.57272935657,1,0,0,199,0,0,0
46,97,4,6587.84356695941,2674.10370815944,3,0,0,214,0,0,0
46,97,5,6657.96210132217,3153.86485136616,0,0,0,140,0,0,0
46,97,6,8194.23833065143,4250.15093498132,0,0,0,212,0,0,0
46,97,7,25390.2239966289,8541.86410779942,34,0,0,328,0,0,0
46,97,8,0,4,0,0,0,0,0,0,0
46,98,1,5145.9100788447,2221.04050527758,0,0,0,146,0,0,0
46,98,2,5109.91950886191,905.777180282513,0,0,0,163,0,0,0
46,98,3,5489.79698307941,3205.10707624227,35,0,0,177,0,0,0
46,98,4,6677.74057456275,1729.87989117699,44,0,0,164,0,0,0
46,98,5,6722.80579500923,3760.08765804359,76,0,0,140,0,0,0
46,98,6,8330.0402014208,3266.99896940302,105,0,0,182,0,0,0
46,98,7,25440.4435058687,10814.7690976041,259,0,0,217,0,0,19
46,98,8,0,4,0,0,0,0,0,0,0
46,99,1,5185.08319450522,2140.42180607632,8,0,0,164,0,0,0
46,99,2,5133.8025553827,2105.54093635235,0,0,0,90,0,0,0
46,99,3,5581.60577232065,3262.49541007507,21,0,0,165,0,0,0
46,99,4,6806.89942777163,3397.41469978535,0,0,0,172,0,0,0
46,99,5,6853.06606323928,2358.43188206221,24,0,0,197,0,0,0
46,99,6,8558.06574130055,3524.34486543933,13,0,0,231,0,0,0
46,99,7,25527.8824970283,10777.5385297949,120,0,0,215,0,0,0
46,99,8,0,4,0,0,0,0,0,0,0
46,100,1,5376.61917146853,2741.23037644663,3,0,0,178,0,0,1
46,100,2,5315.27979109676,3094.61470872361,0,0,0,210,0,0,0
46,100,3,5756.96192496687,3226.79866082484,16,0,0,179,0,0,0
46,100,4,7101.29254717597,3628.77336308703,12,0,0,211,0,0,3
46,100,5,7116.19670408302,5744.74093499742,4,0,0,192,0,0,0
46,100,6,8894.38786277723,2802.49410703493,18,0,0,180,0,0,0
46,100,7,25665.6605352667,13310.4142238372,94,0,0,209,0,0,2
46,100,8,0,4,0,0,0,0,0,0,0
47,1,1,2910.736,1233.06415095883,0,0,0,94,0,0,0
47,1,2,2901.408,1197.71214972263,0,0,0,44,0,0,0
47,1,3,2907.688,1419.22443799441,0,0,0,50,0,0,0
47,1,4,2914.984,836.219512392373,0,0,0,88,0,0,0
47,1,5,2912.056,1890.32380885814,0,0,0,97,0,0,0
47,1,6,2911.912,1056.21075254446,0,0,0,91,0,0,0
47,1,7,19531.7497599999,5961.95103318291,0,0,0,73,0,0,0
47,1,8,0,4,0,0,0,48,0,0,0
47,2,1,2919.6784,1384.44100793571,0,0,0,123,0,0,0
47,2,2,2910.8,1499.62299748334,0,0,0,119,0,0,0
47,2,3,2924.2,1319.45823318666,0,0,0,141,0,0,0
47,2,4,2919.6096,1157.99525827955,0,0,0,83,0,0,0
47,2,5,2937.0896,558.825372506508,0,0,0,189,0,0,0
47,2,6,2921.128,1931.7052480906,0,0,0,105,0,0,0
47,2,7,19462.3507199998,6505.78674587069,1,17,0,170,0,0,0
47,2,8,0,4,0,0,0,0,0,0,0
47,3,1,2918.2464,1204.09734333154,0,73,0,65,0,0,0
47,3,2,2908.368,935.53467190469,0,93,0,56,0,0,0
47,3,3,2926.8864,1396.17464359584,0,57,0,74,0,0,0
47,3,4,2912.6816,1118.27238716027,0,74,0,41,0,0,0
47,3,5,2926.22112,1535.14228409076,0,41,0,14,0,0,0
47,3,6,2927.1504,955.007843864383,0,87,0,106,0,0,0
47,3,7,19412.6297599998,3997.75549541535,0,308,0,259,0,0,3
47,3,8,0,4,0,0,0,0,0,0,0
47,4,1,2939.3264,814.168986235586,0,0,0,120,0,0,0
47,4,2,2926.096,1426.72740977047,0,0,0,93,0,0,0
47,4,3,2952.47199999999,1587.67120578661,0,0,0,139,0,0,0
47,4,4,2932.35039999999,1569.61881602967,0,0,0,111,0,0,0
47,4,5,2953.38912,900.271422289794,0,0,0,152,0,0,0
47,4,6,2943.784,530.350467989112,0,0,0,95,0,0,0
47,4,7,19397.1767039998,7389.69956500998,50,0,0,174,0,0,0
47,4,8,0,4,0,0,0,0,0,0,0
47,5,1,2951.279616,1408.26710098605,0,0,0,81,0,0,0
47,5,2,2952.36,1401.97433323091,0,0,0,142,0,0,0
47,5,3,2980.79231999999,785.841415962014,0,0,0,158,0,0,0
47,5,4,2959.31839999999,1478.79510700731,0,0,0,156,0,0,0
47,5,5,2966.00511999999,1332.27474744884,0,0,0,90,0,0,0
47,5,6,2951.96,769.797978147655,0,0,0,53,0,0,0
47,5,7,19387.6263039998,8552.73519169003,38,0,0,222,0,0,0
47,5,8,0,4,0,0,0,0,0,0,0
47,6,1,2971.777216,1163.00036030755,0,0,0,140,0,0,0
47,6,2,2975.3216,390.099549086257,0,0,0,140,0,0,0
47,6,3,2995.26463999999,1311.24142288266,0,0,0,78,0,0,0
47,6,4,2982.64479999999,858.863309433502,0,0,0,147,0,0,0
47,6,5,2988.41151999999,1031.35762769345,0,0,0,133,0,0,0
47,6,6,2962.536,967.829227502433,0,0,0,76,0,0,0
47,6,7,19377.4487679998,7785.71469626622,29,0,0,214,0,0,0
47,6,8,0,4,0,0,0,0,0,0,0
47,7,1,2988.13721599999,1080.52752764583,0,0,0,116,0,0,0
47,7,2,2979.5136,1098.39741332129,0,0,0,39,0,0,0
47,7,3,3017.87423999999,1384.55622228088,0,0,0,131,0,0,0
47,7,4,2996.63999999999,1642.98008031882,0,0,0,85,0,0,0
47,7,5,3004.08351999999,509.401039960012,0,0,0,103,0,0,0
47,7,6,2973.96607999999,703.943794463185,0,0,0,96,0,0,0
47,7,7,19366.4520191997,4998.22991293612,38,0,0,200,0,0,0
47,7,8,0,4,0,0,0,0,0,0,0
47,8,1,2988.506816,1412.27020799807,71,0,0,37,0,0,0
47,8,2,2985.1216,1336.12219954346,48,0,0,61,0,0,0
47,8,3,3025.83910399999,1983.85224340035,69,0,0,69,0,0,0
47,8,4,3007.90239999999,1288.84172909043,82,0,0,82,0,0,0
47,8,5,2996.67552,1083.74019865903,46,0,0,4,0,0,0
47,8,6,2971.38367999999,1612.70050899996,48,0,0,22,0,0,0
47,8,7,19356.7800831997,2733.20197287584,177,2,0,211,0,0,4
47,8,8,0,4,0,0,0,0,0,0,0
47,9,1,3006.953536,1094.01665763638,19,0,0,114,0,0,0
47,9,2,3008.13792,2014.82036258032,13,0,0,115,0,0,0
47,9,3,3060.47950079999,931.823464341793,27,0,0,160,0,0,0
47,9,4,3035.2656,1273.23169471515,1,0,0,127,0,0,0
47,9,5,3012.33984,1333.78921747757,0,0,0,108,0,0,0
47,9,6,2993.767424,1371.17999772083,19,0,0,134,0,0,0
47,9,7,19317.0889471995,6278.00626700345,109,0,0,120,0,0,0
47,9,8,0,4,0,0,0,0,0,0,0
47,10,1,3022.897536,1115.41866141093,0,0,0,109,0,0,0
47,10,2,3045.79584,960.123252559351,0,0,0,201,0,0,0
47,10,3,3075.61284864,2263.83790664722,0,0,0,93,0,0,0
47,10,4,3056.374784,1406.77538514471,0,0,0,127,0,0,0
47,10,5,3033.36064,860.13627295348,0,0,0,133,0,0,0
47,10,6,3011.686464,952.571962089166,0,0,0,137,0,0,0
47,10,7,19294.7782271995,5168.07088153844,33,0,0,208,0,0,0
47,10,8,0,4,0,0,0,0,0,0,0
47,11,1,3041.02592000001,1104.24563120215,0,0,0,111,0,0,0
47,11,2,3063.75264,1237.63224465485,0,0,0,96,0,0,0
47,11,3,3121.548461568,1631.37773422889,6,0,0,190,0,0,0
47,11,4,3083.8267008,1006.390580853,0,0,0,140,0,0,0
47,11,5,3042.033024,1641.89896994999,0,0,0,86,0,0,0
47,11,6,3024.9264,1557.74890611966,0,0,0,95,0,0,0
47,11,7,19275.5436543993,7005.13171791661,54,0,0,198,0,0,0
47,11,8,0,4,0,0,0,0,0,0,0
47,12,1,3054.54208000001,540.281575665522,0,0,0,110,0,0,0
47,12,2,3086.4704128,1561.53339498875,0,0,0,123,0,0,0
47,12,3,3155.091719168,1425.67515163616,0,0,0,163,0,0,0
47,12,4,3096.2388736,596.371207946645,0,0,0,100,0,0,0
47,12,5,3073.32198400001,1066.92838487019,0,0,0,164,0,0,0
47,12,6,3052.0698752,808.895268597013,0,0,0,155,0,0,0
47,12,7,19259.5994623992,5010.9444410431,45,0,0,206,0,0,0
47,12,8,0,4,0,0,0,0,0,0,0
47,13,1,3057.66310400001,1197.41533502845,0,0,0,54,0,0,0
47,13,2,3119.7275136,1601.68118122871,0,0,0,156,0,0,0
47,13,3,3187.54104924161,674.137565099823,0,0,0,141,0,0,0
47,13,4,3103.32229632,1961.69830008923,0,0,0,59,0,0,0
47,13,5,3091.78266880001,1129.97280847921,0,0,0,106,0,0,0
47,13,6,3064.7703552,1545.52138236315,0,0,0,80,0,0,0
47,13,7,19239.5289804792,6257.89396721898,122,0,0,159,0,0,0
47,13,8,0,4,0,0,0,0,0,0,0
47,14,1,3078.01431040001,1543.03072153885,0,0,0,119,0,0,0
47,14,2,3151.202176512,967.301745801843,0,0,0,160,0,0,0
47,14,3,3198.35851356161,808.368155984894,0,0,0,67,0,0,0
47,14,4,3136.248084992,1042.23843298649,3,0,0,169,0,0,0
47,14,5,3114.99339520001,1262.16961918425,0,0,0,112,0,0,0
47,14,6,3098.73625344,1326.28420960561,0,0,0,154,0,0,0
47,14,7,19233.0246348791,6421.8208543532,53,0,0,189,0,0,0
47,14,8,0,4,0,0,0,0,0,0,0
47,15,1,3099.72055040001,1114.78847292023,0,0,0,154,0,0,0
47,15,2,3157.417600512,2017.09342153639,0,0,0,96,0,0,0
47,15,3,3204.70257756161,838.79060243818,0,0,0,80,0,0,0
47,15,4,3152.354555392,1910.31414057045,0,0,0,104,0,0,0
47,15,5,3134.36189184001,2059.32194209779,0,0,0,126,0,0,0
47,15,6,3122.63240704,1492.92380442505,0,0,0,132,0,0,0
47,15,7,19230.580756479,7631.2505721451,45,0,0,232,0,0,0
47,15,8,0,4,0,0,0,0,0,0,0
47,16,1,3108.40677120001,1766.70622196287,0,0,0,111,0,0,0
47,16,2,3178.161651712,922.493420208713,2,0,0,169,0,0,0
47,16,3,3205.8948463616,1435.45238086961,0,0,0,83,0,0,0
47,16,4,3182.182907392,1174.73399006643,0,0,0,191,0,0,0
47,16,5,3169.57144064,1104.16474610705,0,0,0,201,0,0,0
47,16,6,3145.43362304,1186.43048158697,0,0,0,149,0,0,0
47,16,7,19242.092244479,2782.74250492986,33,0,0,345,0,0,1
47,16,8,0,4,0,0,0,0,0,0,0
47,17,1,3122.96249600001,1335.01183913824,39,0,0,118,0,0,0
47,17,2,3183.213760512,2169.22351418673,0,0,0,92,0,0,0
47,17,3,3223.9424623616,1705.51211403036,0,0,0,143,0,0,0
47,17,4,3193.70315059201,1243.36921691093,1,0,0,115,0,0,0
47,17,5,3184.55364864,1218.73534893728,0,0,0,110,0,0,0
47,17,6,3158.70594304,1166.31116714042,1,0,0,117,0,0,0
47,17,7,19214.923563519,11988.8949258975,80,0,0,156,0,0,1
47,17,8,0,4,0,0,0,0,0,0,0
47,18,1,3138.49089024001,1276.07315668018,0,0,0,133,0,0,0
47,18,2,3217.057984512,1421.11918688159,0,0,0,208,0,0,0
47,18,3,3247.0836827136,702.35919595471,0,0,0,170,0,0,0
47,18,4,3208.919918592,1404.6686625608,0,0,0,124,0,0,0
47,18,5,3199.129466368,1085.38053829429,0,0,0,121,0,0,0
47,18,6,3171.32187904,1079.84022072698,0,0,0,116,0,0,0
47,18,7,19200.478894079,10094.6664177377,29,0,0,223,0,0,0
47,18,8,0,4,0,0,0,0,0,0,0
47,19,1,3155.92847360001,1024.816495549,0,0,0,127,0,0,0
47,19,2,3232.562381312,2036.76343435291,0,0,0,142,0,0,0
47,19,3,3248.5113307136,1055.67886521418,0,0,0,70,0,0,0
47,19,4,3226.57093171201,918.438203924321,0,0,0,140,0,0,0
47,19,5,3215.242298368,1518.81667747706,0,0,0,108,0,0,0
47,19,6,3184.64886016,362.924462184779,0,0,0,107,0,0,0
47,19,7,19188.746490879,7825.57414257939,29,0,0,195,0,0,1
47,19,8,0,4,0,0,0,0,0,0,0
47,20,1,3166.08380979201,1167.99554396701,0,0,0,102,0,0,0
47,20,2,3251.358464512,1069.97940076965,30,0,0,149,0,0,0
47,20,3,3258.61836756993,1178.79957697206,0,0,0,105,0,0,0
47,20,4,3232.56202291201,1133.01983319901,1,0,0,90,0,0,0
47,20,5,3231.116041728,689.004831931378,8,0,0,137,0,0,0
47,20,6,3176.96156416,1300.64920236519,0,0,0,36,0,0,0
47,20,7,19192.3866188789,9331.84304530636,199,1,0,269,0,0,4
47,20,8,0,4,0,0,0,0,0,0,0
47,21,1,3175.49621719041,1467.88142516773,0,0,0,116,0,0,0
47,21,2,3257.505088512,755.455951942928,0,0,0,106,0,0,0
47,21,3,3271.60976340993,1226.09139178075,0,0,0,117,0,0,0
47,21,4,3237.37449062401,1377.62451317621,0,0,0,113,0,0,0
47,21,5,3226.63378432,1055.90795433339,0,0,0,68,0,0,0
47,21,6,3191.81108736001,727.126790284601,0,0,0,130,0,0,0
47,21,7,19197.5069542389,9000.80745669656,104,0,0,211,0,0,0
47,21,8,0,4,0,0,0,0,0,0,0
47,22,1,3191.77412515841,1424.16772581456,0,0,0,143,0,0,0
47,22,2,3263.21274675201,1602.40465386678,0,0,0,75,0,0,0
47,22,3,3281.95381460993,1013.86894534725,0,0,0,122,0,0,0
47,22,4,3253.50706841602,764.943313330177,0,0,0,137,0,0,0
47,22,5,3236.21348352001,971.474734020173,0,0,0,105,0,0,0
47,22,6,3193.21254400001,1017.22156019918,0,0,0,72,0,0,0
47,22,7,19209.4804423669,7160.07421235144,109,0,0,205,0,0,26
47,22,8,0,4,0,0,0,0,0,0,0
47,23,1,3197.88408739842,1769.76291107288,28,0,0,99,0,0,0
47,23,2,3279.97167872001,1901.65211960076,12,0,0,142,0,0,0
47,23,3,3291.19436500993,1110.91826525344,0,0,0,101,0,0,0
47,23,4,3256.60064716802,880.179176072049,0,0,0,76,0,0,0
47,23,5,3240.52689827841,1154.7199597729,0,0,0,97,0,0,0
47,23,6,3201.53500416001,1342.42898978486,0,0,0,101,0,0,0
47,23,7,19247.2304542708,9131.27330456691,269,0,0,312,0,0,0
47,23,8,0,4,0,0,0,0,0,0,0
47,24,1,3226.60109731842,1482.52217733249,0,0,0,176,0,0,0
47,24,2,3305.32555008001,1407.49481110588,2,0,0,173,0,0,0
47,24,3,3300.48012040193,1205.72416317229,0,0,0,111,0,0,0
47,24,4,3254.65212016642,2435.43238216035,0,0,0,88,0,0,0
47,24,5,3247.46026252289,1050.90703671806,0,0,0,115,0,0,0
47,24,6,3222.10337587201,1667.95197422775,0,0,0,134,0,0,0
47,24,7,19287.0346398708,8107.89505861748,88,0,0,208,0,0,0
47,24,8,0,4,0,0,0,0,0,0,0
47,25,1,3235.55640995842,1701.15719112087,29,0,0,107,0,0,0
47,25,2,3316.05596928001,1608.69023999321,0,0,0,140,0,0,0
47,25,3,3302.50587400193,1126.70459823917,0,0,0,120,0,0,0
47,25,4,3258.99021678594,1566.5520312563,73,0,0,141,0,0,0
47,25,5,3252.32176652289,1466.46457998561,0,0,0,105,0,0,0
47,25,6,3233.30491187201,902.914591186546,31,0,0,123,0,0,0
47,25,7,19329.6245406708,5573.54884946449,303,0,0,290,0,0,12
47,25,8,0,4,0,0,0,0,0,0,0
47,26,1,3257.03239424002,940.330557357343,13,0,0,138,0,0,0
47,26,2,3343.29662976001,1417.66139524685,0,0,0,160,0,0,0
47,26,3,3311.49088519702,1655.02085989788,0,0,0,112,0,0,0
47,26,4,3278.13563828226,596.877413244364,7,0,0,140,0,0,0
47,26,5,3273.25339445249,1816.06388870044,0,0,0,146,0,0,0
47,26,6,3244.60349184001,1418.90726395264,0,0,0,90,0,0,0
47,26,7,19363.6692207604,8173.37982161865,162,0,0,180,0,0,2
47,26,8,0,4,0,0,0,0,0,0,0
47,27,1,3261.24223744002,1260.97399117383,0,0,0,94,0,0,0
47,27,2,3355.20669900801,1706.90025201464,0,0,0,141,0,0,0
47,27,3,3329.78476090902,2089.20662394901,0,0,0,165,0,0,0
47,27,4,3270.00062388227,2184.76818598664,0,0,0,59,0,0,0
47,27,5,3294.01464885249,1468.83538865632,0,0,0,179,0,0,0
47,27,6,3262.63732224002,1828.53623104504,0,0,0,141,0,0,0
47,27,7,19405.3172079603,8382.15520145525,52,0,0,202,0,0,0
47,27,8,0,4,0,0,0,0,0,0,0
47,28,1,3276.34106071042,1818.23240320384,0,0,0,126,0,0,0
47,28,2,3371.38604646401,1097.57300204846,0,0,0,170,0,0,0
47,28,3,3362.20352919062,1867.06174275027,2,0,0,193,0,0,0
47,28,4,3287.09843734448,1383.36196615127,4,0,0,186,0,0,0
47,28,5,3310.18200447387,1787.34419570681,0,0,0,146,0,0,0
47,28,6,3294.54764032002,525.20252500552,0,0,0,182,0,0,0
47,28,7,19440.4733270003,7269.59479645755,88,0,0,178,0,0,0
47,28,8,0,4,0,0,0,0,0,0,0
47,29,1,3303.07668959234,1708.971233632,26,0,0,124,0,0,0
47,29,2,3387.25214328833,1691.89407399222,0,0,0,109,0,0,0
47,29,3,3384.26781073849,1115.17287704792,13,0,0,158,0,0,0
47,29,4,3314.95344096692,1435.22030008155,0,0,0,138,0,0,0
47,29,5,3338.44642623899,793.149836075494,15,0,0,145,0,0,0
47,29,6,3295.92567091202,1660.25574732246,0,0,0,52,0,0,0
47,29,7,19508.4366396198,6776.08036932788,214,0,0,255,0,0,0
47,29,8,0,4,0,0,0,0,0,0,0
47,30,1,3307.81452562434,1088.14914942612,48,0,0,98,0,0,0
47,30,2,3395.33991260162,1445.80574698229,19,0,0,140,0,0,0
47,30,3,3381.54777756089,1810.91081391154,0,0,0,111,0,0,0
47,30,4,3324.26763898292,1208.26755002989,5,0,0,135,0,0,0
47,30,5,3335.79938245019,2094.80717238032,0,0,0,79,0,0,0
47,30,6,3317.5429653709,1248.74415070005,13,0,0,146,0,0,0
47,30,7,19536.7212579622,5971.45939170867,169,3,0,179,0,0,7
47,30,8,0,4,0,0,0,0,0,0,0
47,31,1,3325.04358010882,1414.27218991892,0,0,0,108,0,0,0
47,31,2,3416.2121857229,918.246352088042,0,0,0,144,0,0,0
47,31,3,3408.71854615466,1675.87206317702,10,0,0,158,0,0,0
47,31,4,3325.64053083372,1886.98820358274,0,0,0,120,0,0,0
47,31,5,3356.57873214752,1119.26031369022,30,0,0,140,0,0,0
47,31,6,3338.5056656589,1652.54525799641,0,0,0,124,0,0,0
47,31,7,19590.7021053693,7874.15352471646,163,0,0,220,0,0,0
47,31,8,0,4,0,0,0,0,0,0,0
47,32,1,3352.75899125762,786.954769428088,0,0,0,141,0,0,0
47,32,2,3423.31266433025,671.317479315831,0,0,0,91,0,0,0
47,32,3,3445.13127486869,694.452178208865,0,0,0,167,0,0,0
47,32,4,3360.82788082708,1942.33596773717,0,0,0,188,0,0,0
47,32,5,3371.7616956793,1424.51596607988,0,0,0,111,0,0,0
47,32,6,3379.97365817346,755.560976035316,0,0,0,165,0,0,0
47,32,7,19644.1178063613,5911.2072888242,61,0,0,193,0,0,0
47,32,8,0,4,0,0,0,0,0,0,0
47,33,1,3362.65210828802,1064.82902977413,0,0,0,78,0,0,0
47,33,2,3422.599658487,1038.31640879363,0,0,0,67,0,0,0
47,33,3,3441.99156565807,322.474196709976,0,0,0,69,0,0,0
47,33,4,3393.24977668075,1625.36775061563,7,0,0,169,0,0,0
47,33,5,3399.3257528697,1149.30878488755,0,0,0,142,0,0,0
47,33,6,3393.82035668994,1457.01210294082,0,0,0,75,0,0,0
47,33,7,19702.7654476541,13016.0605965997,125,0,0,198,0,0,1
47,33,8,0,4,0,0,0,0,0,0,0
47,34,1,3368.90972293122,1155.09336174775,0,0,0,106,0,0,0
47,34,2,3421.34353081468,739.949569121095,0,0,0,103,0,0,0
47,34,3,3424.34879090069,1766.83475095948,0,0,0,32,0,0,0
47,34,4,3403.48047027302,1607.34390914805,0,0,0,162,0,0,0
47,34,5,3403.57609782969,1369.6079711244,0,0,0,114,0,0,0
47,34,6,3417.78133972994,1327.54505255616,0,0,0,145,0,0,0
47,34,7,19735.0825420542,11884.3825826662,41,0,0,215,0,0,1
47,34,8,0,4,0,0,0,0,0,0,0
47,35,1,3382.4108701901,1590.85733815853,0,0,0,115,0,0,0
47,35,2,3417.21724959868,1087.74301368318,0,0,0,73,0,0,0
47,35,3,3446.78684623376,1432.12732241578,0,0,0,176,0,0,0
47,35,4,3419.29124890046,778.99006407386,0,0,0,160,0,0,0
47,35,5,3418.11562289153,1134.65413062672,0,0,0,136,0,0,0
47,35,6,3437.89643520002,1968.43669112142,0,0,0,132,0,0,0
47,35,7,19767.2167848701,7135.33620417539,38,0,0,189,0,0,0
47,35,8,0,4,0,0,0,0,0,0,0
47,36,1,3417.40237679741,1131.32713956171,3,0,0,143,0,0,0
47,36,2,3430.25696333333,1477.70209411505,0,0,0,108,0,0,0
47,36,3,3483.80946724027,1017.78333115921,0,0,0,143,0,0,0
47,36,4,3424.37762524325,966.270372296404,0,0,0,77,0,0,0
47,36,5,3438.48714730702,1094.05953816786,0,0,0,113,0,0,0
47,36,6,3487.4440617165,1680.75082164564,3,0,0,182,0,0,0
47,36,7,19828.7103694131,4982.86081577859,112,0,0,207,0,0,0
47,36,8,0,4,0,0,0,0,0,0,0
47,37,1,3431.02871478274,1302.0432828856,0,0,0,113,0,0,0
47,37,2,3453.00443178108,1720.83342794316,0,0,0,147,0,0,0
47,37,3,3490.9065173254,1277.72014500508,0,0,0,101,0,0,0
47,37,4,3432.91934002263,1149.81359725282,0,0,0,96,0,0,0
47,37,5,3462.98217369601,881.070048617274,0,0,0,109,0,0,0
47,37,6,3531.46115561965,1000.19521993159,1,0,0,163,0,0,0
47,37,7,19883.3878583011,8579.40369271493,105,0,0,182,0,0,0
47,37,8,0,4,0,0,0,0,0,0,0
47,38,1,3455.99506527848,1442.5970294132,0,0,0,130,0,0,0
47,38,2,3480.93560996988,1539.82331426656,0,0,0,172,0,0,0
47,38,3,3498.35891380567,2082.26182472586,0,0,0,127,0,0,0
47,38,4,3445.82819830134,2462.98616924969,0,0,0,114,0,0,0
47,38,5,3467.01539238626,676.093120401399,0,0,0,88,0,0,0
47,38,6,3545.23401713666,1807.44067223053,0,0,0,100,0,0,0
47,38,7,19935.8035360892,5647.81112977484,42,0,0,193,0,0,0
47,38,8,0,4,0,0,0,0,0,0,0
47,39,1,3496.28712346175,1154.69867308421,0,0,0,143,0,0,0
47,39,2,3518.29148075348,818.419277356847,0,0,0,152,0,0,0
47,39,3,3536.8696541736,949.468364135772,10,0,0,169,0,0,0
47,39,4,3491.96380168377,1586.53981043868,18,0,0,172,0,0,0
47,39,5,3473.09145675878,1543.73965644254,0,0,0,67,0,0,0
47,39,6,3604.28330960259,1189.07669525951,3,0,0,167,0,0,0
47,39,7,19985.8505108768,14554.8092110834,112,0,0,150,0,0,0
47,39,8,0,4,0,0,0,0,0,0,0
47,40,1,3504.01749597554,1431.26613301349,0,0,0,115,0,0,0
47,40,2,3512.02131217968,913.939802404342,0,0,0,81,0,0,0
47,40,3,3533.03772933293,1068.27964760316,0,0,0,94,0,0,0
47,40,4,3511.67652219125,915.935227328752,0,0,0,158,0,0,0
47,40,5,3492.75720455802,1198.68805484403,0,0,0,154,0,0,0
47,40,6,3617.94618221627,682.884362549488,0,0,0,118,0,0,0
47,40,7,20023.7126119712,6326.57628527645,35,0,0,239,0,0,0
47,40,8,0,4,0,0,0,0,0,0,0
47,41,1,3538.83686724814,1346.70746186333,0,0,0,143,0,0,0
47,41,2,3518.82604393069,1449.96983808035,0,0,0,91,0,0,0
47,41,3,3563.53451495638,1415.48819560315,0,0,0,106,0,0,0
47,41,4,3528.04570570365,1389.70288734461,0,0,0,91,0,0,0
47,41,5,3521.80893585404,2233.80302538014,0,0,0,119,0,0,0
47,41,6,3630.18527342758,1212.92206005477,0,0,0,68,0,0,0
47,41,7,20087.5437895968,6812.10505292229,131,0,0,213,0,0,0
47,41,8,0,4,0,0,0,0,0,0,0
47,42,1,3580.76525971409,2111.00696051777,0,0,0,134,0,0,0
47,42,2,3563.33963594781,1987.58101562534,0,0,0,141,0,0,0
47,42,3,3606.94929960015,2073.15757889976,0,0,0,141,0,0,0
47,42,4,3579.54792258058,1682.34988108265,0,0,0,138,0,0,0
47,42,5,3586.94792501225,406.34415238378,12,0,0,175,0,0,0
47,42,6,3688.73526174996,2113.51221787574,0,0,0,121,0,0,0
47,42,7,20167.1239839099,8158.948583855,123,0,0,184,0,0,1
47,42,8,0,4,0,0,0,0,0,0,0
47,43,1,3624.86786095237,1526.16131547359,5,0,0,170,0,0,0
47,43,2,3614.52392442646,1584.33057244433,0,0,0,198,0,0,0
47,43,3,3632.65206065465,1026.61471431263,5,0,0,168,0,0,0
47,43,4,3625.941872137,1642.10163483715,0,0,0,168,0,0,0
47,43,5,3581.59529769019,804.169096211713,0,0,0,40,0,0,0
47,43,6,3748.8561875746,1355.98041043377,0,0,0,211,0,0,0
47,43,7,20233.0160260484,7326.17553430907,82,0,0,171,0,0,0
47,43,8,0,4,0,0,0,0,0,0,0
47,44,1,3662.92180997415,959.229296766072,11,0,0,118,0,0,0
47,44,2,3650.19436674005,2037.49573754403,0,0,0,158,0,0,0
47,44,3,3660.31347779347,1176.03074626335,0,0,0,102,0,0,0
47,44,4,3678.38626580285,1497.18626844661,1,0,0,161,0,0,0
47,44,5,3589.75475792794,977.187676809807,0,0,0,80,0,0,0
47,44,6,3803.23983649045,2431.32801228362,0,0,0,135,0,0,0
47,44,7,20322.9663808264,6435.57878776988,177,0,0,218,0,0,0
47,44,8,0,4,0,0,0,0,0,0,0
47,45,1,3698.0193464167,2258.9519253918,1,0,0,94,0,0,0
47,45,2,3690.00572314907,1563.45385395896,37,0,0,140,0,0,0
47,45,3,3706.48920153537,893.945828288099,0,0,0,117,0,0,0
47,45,4,3720.23504481979,1164.80121128623,15,0,0,124,0,0,0
47,45,5,3605.4330527201,1327.49653963774,0,0,0,97,0,0,0
47,45,6,3873.66671172038,2163.42476156585,56,0,0,147,0,0,0
47,45,7,20436.5815063438,9911.38068874234,234,0,0,240,0,0,0
47,45,8,0,4,0,0,0,0,0,0,0
47,46,1,3730.27583302756,1961.22606298025,5,0,0,163,0,0,0
47,46,2,3725.35209782277,1050.43545930074,0,0,0,156,0,0,0
47,46,3,3709.55361004413,1302.2649388746,0,0,0,89,0,0,0
47,46,4,3727.18788292797,846.114889092455,0,0,0,116,0,0,0
47,46,5,3620.14197126594,1887.12718497863,0,0,0,132,0,0,0
47,46,6,3916.54595649649,1730.13195208737,2,0,0,176,0,0,0
47,46,7,20479.9074064345,9173.30467364178,68,0,0,178,0,0,0
47,46,8,0,4,0,0,0,0,0,0,0
47,47,1,3777.70998189199,708.199349930963,0,0,0,196,0,0,0
47,47,2,3740.19323966269,1776.47828078254,0,0,0,105,0,0,0
47,47,3,3724.01845123064,786.164809786383,0,0,0,130,0,0,0
47,47,4,3715.84078814595,1918.81600142349,0,0,0,84,0,0,0
47,47,5,3658.35122600385,1736.65878457075,0,0,0,185,0,0,1
47,47,6,3959.9751570991,2315.54454555325,0,0,0,172,0,0,0
47,47,7,20528.5102717905,13675.3814222893,59,0,0,208,0,0,0
47,47,8,0,4,0,0,0,0,0,0,0
47,48,1,3778.81914830197,2254.87825971846,0,0,0,70,0,0,0
47,48,2,3761.57616692337,1015.39670608139,0,0,0,177,0,0,0
47,48,3,3714.44296484716,1658.64667953457,0,0,0,78,0,0,0
47,48,4,3739.39896778918,2353.19765175699,0,0,0,191,0,0,0
47,48,5,3681.80352145922,1956.91230386572,0,0,0,173,0,0,0
47,48,6,4000.54682779164,2991.40346437174,0,0,0,211,0,0,0
47,48,7,20572.1823554513,12741.3547075059,41,0,0,240,0,0,1
47,48,8,0,4,0,0,0,0,0,0,0
47,49,1,3817.29651409965,1620.73125171933,1,0,0,196,0,0,0
47,49,2,3769.06670251318,1466.93574595472,0,0,0,101,0,0,0
47,49,3,3732.43014881458,1801.10341965697,0,0,0,165,0,0,0
47,49,4,3775.81107355535,1238.32545071167,1,0,0,211,0,0,0
47,49,5,3716.32009759434,1077.33055737378,0,0,0,193,0,0,0
47,49,6,4046.0257865177,1081.25669347651,5,0,0,174,0,0,0
47,49,7,20618.2065332832,7340.57100705233,45,0,0,231,0,0,0
47,49,8,0,4,0,0,0,0,0,0,0
47,50,1,3878.2981128857,1578.98089026407,5,0,0,145,0,0,0
47,50,2,3826.25593447896,1805.48313678005,0,0,0,146,0,0,0
47,50,3,3802.01781040911,1611.02921798952,9,0,0,149,0,0,0
47,50,4,3815.91348268708,1891.65938277825,0,0,0,123,0,0,0
47,50,5,3748.80197855117,1982.65789927857,0,0,0,107,0,0,0
47,50,6,4095.82772709908,2186.51378709789,0,0,0,108,0,0,0
47,50,7,20695.9160399673,9290.76715508312,174,0,0,150,0,0,0
47,50,8,0,4,0,0,0,0,0,0,0
47,51,1,3934.59628421685,1091.00883274439,0,0,0,157,0,0,0
47,51,2,3882.28073359436,1892.87419895643,0,0,0,180,0,0,0
47,51,3,3837.45008586407,1234.837606608,0,0,0,161,0,0,0
47,51,4,3867.24368713131,2096.90653905423,0,0,0,189,0,0,0
47,51,5,3786.01416080334,2026.45966506467,2,0,0,177,0,0,0
47,51,6,4152.02946085134,2072.94942584204,3,0,0,182,0,0,0
47,51,7,20769.5990033084,9998.88772213647,83,0,0,200,0,0,0
47,51,8,0,4,0,0,0,0,0,0,0
47,52,1,3961.16208855659,3139.99571205746,0,0,0,109,0,0,0
47,52,2,3923.05800563219,2884.62941974131,0,0,0,179,0,0,0
47,52,3,3864.27782196882,2194.56046502691,0,0,0,123,0,0,0
47,52,4,3911.36556488781,1366.14451794041,1,0,0,198,0,0,0
47,52,5,3815.46545082239,2135.65944308401,2,0,0,173,0,0,0
47,52,6,4201.75938820912,608.601832080135,3,0,0,166,0,0,0
47,52,7,20830.4047568588,6079.23021008821,69,0,0,220,0,0,0
47,52,8,0,4,0,0,0,0,0,0,0
47,53,1,3988.04190288339,1380.13903867529,207,0,0,106,0,0,0
47,53,2,3963.9181533256,2148.30692839925,136,0,0,152,0,0,0
47,53,3,3884.79472265441,1898.05403236498,114,0,0,105,0,0,0
47,53,4,3914.41998909098,911.708953455989,90,0,0,46,0,0,0
47,53,5,3839.89903998844,1703.37235605676,112,0,0,101,0,0,0
47,53,6,4199.30514518373,2295.15028201901,41,0,0,19,0,0,0
47,53,7,20969.7255530332,15558.615899538,314,0,0,293,0,0,0
47,53,8,0,4,0,0,0,0,0,0,0
47,54,1,3999.45517064651,1894.61886640076,0,0,0,138,0,0,0
47,54,2,4013.31839166655,1499.42682533351,0,0,0,212,0,0,0
47,54,3,3913.37879513054,792.698809834325,0,0,0,189,0,0,0
47,54,4,3924.34733332634,813.292881787715,0,0,0,91,0,0,0
47,54,5,3873.04846297005,739.041237952733,0,0,0,170,0,0,0
47,54,6,4237.41151791303,1889.06379701143,0,0,0,194,0,0,0
47,54,7,20968.4440930517,10189.3693691907,41,0,0,221,0,0,0
47,54,8,0,4,0,0,0,0,0,0,0
47,55,1,4021.17006773994,784.586758153914,13,0,0,149,0,0,0
47,55,2,4040.2078267517,2212.32193875843,0,0,0,149,0,0,0
47,55,3,3912.44422878015,850.862961327441,0,0,0,79,0,0,0
47,55,4,3932.45559702603,1253.38629657672,0,0,0,81,0,0,0
47,55,5,3879.88128874413,1379.56273726321,0,0,0,73,0,0,0
47,55,6,4270.38978141998,1640.23733310209,12,0,0,152,0,0,0
47,55,7,20999.0504621105,7723.87799140285,238,0,0,303,0,0,0
47,55,8,0,4,0,0,0,0,0,0,0
47,56,1,4023.58667620975,1204.82486039595,0,0,0,78,0,0,0
47,56,2,4065.80527701793,1803.49526417245,42,0,0,149,0,0,0
47,56,3,3930.27810235937,1728.96768441269,0,0,0,85,0,0,0
47,56,4,3950.22682380647,1622.69281813098,0,0,0,125,0,0,0
47,56,5,3902.59714993835,1813.15608542873,0,0,0,137,0,0,0
47,56,6,4300.01220381268,825.897487856936,8,0,0,150,0,0,0
47,56,7,21020.2701401341,12292.1343809862,193,3,0,187,0,0,9
47,56,8,0,4,0,0,0,0,0,0,0
47,57,1,4049.76243437736,1544.41871669419,0,0,0,120,0,0,0
47,57,2,4095.84340280505,1487.11598291362,0,0,0,178,0,0,0
47,57,3,3961.51418284464,1132.77642398556,0,0,0,172,0,0,0
47,57,4,3983.92772107031,1671.07093868982,0,0,0,162,0,0,0
47,57,5,3934.01424333408,1872.88644610555,0,0,0,181,0,0,0
47,57,6,4308.56856295938,2920.27441393933,0,0,0,82,0,0,0
47,57,7,21053.4331446525,2497.91979768062,59,0,0,184,0,0,0
47,57,8,0,4,0,0,0,0,0,0,0
47,58,1,4046.51232242456,1425.7419472706,103,0,0,51,0,0,0
47,58,2,4093.56543345539,1549.28015320517,70,0,0,78,0,0,0
47,58,3,3955.3492336675,1463.25884135965,51,0,0,62,0,0,0
47,58,4,3991.92267765838,1170.60634577744,64,0,0,103,0,0,0
47,58,5,3935.67203538864,1134.65241593724,104,0,0,83,0,0,0
47,58,6,4336.11399328264,1387.58133420994,156,0,0,136,0,0,0
47,58,7,21071.8317715983,6471.39738835896,115,0,0,134,0,0,0
47,58,8,0,4,0,0,0,0,0,0,0
47,59,1,4137.11683315108,1353.35951796181,0,0,0,142,0,0,0
47,59,2,4179.65391516569,649.965897447181,0,0,0,154,0,0,0
47,59,3,4066.8971333458,1731.5965130021,0,0,0,146,0,0,0
47,59,4,4069.3843509509,2368.69770643216,0,0,0,117,0,0,0
47,59,5,4012.79015593893,2092.60663665807,0,0,0,113,0,0,0
47,59,6,4445.62517521557,2285.758372188,0,0,0,138,0,0,0
47,59,7,21145.8504970748,5515.85870256145,33,0,0,184,0,0,0
47,59,8,0,4,0,0,0,0,0,0,0
47,60,1,4162.4064418293,1746.1415241754,0,0,0,135,0,0,0
47,60,2,4180.51716332792,1381.150794737,0,0,0,64,0,0,0
47,60,3,4124.1481906234,781.707859813363,0,0,0,173,0,0,0
47,60,4,4121.23733340805,1671.99433303368,3,0,0,189,0,0,0
47,60,5,4086.00969851213,1148.59835793353,0,0,0,202,0,0,2
47,60,6,4542.83647217931,2097.23455656839,0,0,0,228,0,0,0
47,60,7,21207.9214837722,14530.6317977067,24,0,0,263,0,0,0
47,60,8,0,4,0,0,0,0,0,0,0
47,61,1,4198.15342924725,2326.75459559272,0,0,0,174,0,0,0
47,61,2,4202.65362173782,1338.2306564774,0,0,0,138,0,0,0
47,61,3,4134.64390370148,3029.96549914586,0,0,0,78,0,0,0
47,61,4,4156.22239023254,1553.29683463147,0,0,0,167,0,0,0
47,61,5,4106.11349308971,767.66567728409,0,0,0,114,0,0,0
47,61,6,4604.60183570965,2153.84593039824,0,0,0,207,0,0,0
47,61,7,21204.3827173788,14799.321688727,32,0,0,201,0,0,0
47,61,8,0,4,0,0,0,0,0,0,0
47,62,1,4248.40070233689,2451.68425481853,0,0,0,210,0,0,0
47,62,2,4222.01117794648,2056.85984843416,0,0,0,133,0,0,0
47,62,3,4189.88247600695,1903.37408857288,1,0,0,253,0,0,0
47,62,4,4191.35071280108,2251.4943727643,0,0,0,155,0,0,0
47,62,5,4113.5562954015,2280.26288630857,0,0,0,76,0,0,0
47,62,6,4654.31121896196,2520.28122843974,0,0,0,208,0,0,0
47,62,7,21205.6383874665,9688.77888279009,33,0,0,207,0,0,0
47,62,8,0,4,0,0,0,0,0,0,0
47,63,1,4288.53820467972,2445.41834282814,32,0,0,171,0,0,0
47,63,2,4268.73599281046,2075.81396981775,11,0,0,179,0,0,0
47,63,3,4221.92437464762,1677.28011438665,13,0,0,160,0,0,0
47,63,4,4227.61245506807,1367.77217902716,28,0,0,160,0,0,0
47,63,5,4154.16549341239,1852.84452854726,33,0,0,151,0,0,0
47,63,6,4700.47283656133,1993.59074971831,41,0,0,156,0,0,0
47,63,7,21206.8772974716,9886.6605158217,181,3,0,163,0,0,17
47,63,8,0,4,0,0,0,0,0,0,0
47,64,1,4316.05811016652,1524.99825460772,54,0,0,125,0,0,0
47,64,2,4308.89066818576,988.281913995257,22,0,0,157,0,0,0
47,64,3,4249.69781513151,1642.44940321903,10,0,0,141,0,0,0
47,64,4,4256.34429264369,1434.21677166227,1,0,0,134,0,0,0
47,64,5,4193.73488904183,1076.89875235329,10,0,0,163,0,0,0
47,64,6,4738.26084718725,1967.68164620629,30,0,0,133,0,0,0
47,64,7,21241.5624313046,12434.9953888554,274,0,0,297,0,0,9
47,64,8,0,4,0,0,0,0,0,0,0
47,65,1,4344.06098704008,2240.02840381375,0,0,0,152,0,0,0
47,65,2,4321.30367748017,2926.35751053995,0,0,0,98,0,0,0
47,65,3,4272.74425907743,1239.82155237668,0,0,0,164,0,0,0
47,65,4,4270.04280154381,2329.63563248234,0,0,0,143,0,0,0
47,65,5,4205.68383281649,1405.4297980701,0,0,0,107,0,0,0
47,65,6,4794.46427752337,1786.67932994112,0,0,0,193,0,0,0
47,65,7,21261.9761099679,10145.2293793526,87,0,0,197,0,0,0
47,65,8,0,4,0,0,0,0,0,0,0
47,66,1,4399.20706463493,2394.94365213012,14,0,0,164,0,0,0
47,66,2,4366.97000998695,1346.01315214483,28,0,0,175,0,0,0
47,66,3,4299.25322047745,1304.39036575065,0,0,0,123,0,0,0
47,66,4,4312.21957460736,1961.17609849497,15,0,0,169,0,0,0
47,66,5,4234.79337510067,1665.39848508872,0,0,0,140,0,0,0
47,66,6,4852.86105431356,1273.01088393794,6,0,0,153,0,0,0
47,66,7,21309.1636685196,10572.7407443054,177,0,0,260,0,0,8
47,66,8,0,4,0,0,0,0,0,0,0
47,67,1,4452.47795032331,2116.68538670242,33,0,0,148,0,0,0
47,67,2,4406.46524374357,1833.94423082078,0,0,0,134,0,0,0
47,67,3,4331.76511504452,2508.43616019524,0,0,0,130,0,0,0
47,67,4,4369.45715997515,1518.86638953347,3,0,0,186,0,0,0
47,67,5,4279.98456043419,1805.45851649424,7,0,0,147,0,0,0
47,67,6,4911.82849777266,2115.80487277862,0,0,0,127,0,0,0
47,67,7,21336.5374355114,10257.5251948763,205,2,0,146,0,0,27
47,67,8,0,4,0,0,0,0,0,0,0
47,68,1,4476.43541675529,2115.95583579329,45,0,0,126,0,0,0
47,68,2,4441.87175460275,1833.24353820236,0,0,0,183,0,0,0
47,68,3,4349.8698132478,1387.68719179456,56,0,0,144,0,0,0
47,68,4,4395.07761370701,2313.74766568737,0,0,0,151,0,0,0
47,68,5,4305.24949654578,2142.98183804836,10,0,0,161,0,0,0
47,68,6,4954.68148090396,2757.25438144809,21,0,0,171,0,0,0
47,68,7,21409.6048595741,14025.0987422187,329,0,0,399,0,0,0
47,68,8,0,4,0,0,0,0,0,0,0
47,69,1,4526.46366941992,2088.93508991759,0,0,0,207,0,0,0
47,69,2,4475.17001362885,1125.31410957802,0,0,0,183,0,0,0
47,69,3,4363.73457836217,2615.90726689901,0,0,0,138,0,0,0
47,69,4,4433.60853953766,1467.3615315721,0,0,0,230,0,0,0
47,69,5,4344.02043781605,2055.28326483877,0,0,0,214,0,0,0
47,69,6,4987.49980096719,2493.44924377855,3,0,0,180,0,0,0
47,69,7,21444.0482229021,8871.12371064581,76,0,0,184,0,0,0
47,69,8,0,4,0,0,0,0,0,0,0
47,70,1,4575.69143329425,1545.58499695135,22,0,0,149,0,0,0
47,70,2,4494.57739582828,1820.53362342512,0,0,0,112,0,0,0
47,70,3,4398.35322492209,1605.10277935439,34,0,0,169,0,0,0
47,70,4,4452.4475040687,2908.93169370962,1,0,0,142,0,0,0
47,70,5,4387.86932299348,1956.74277494012,8,0,0,183,0,0,0
47,70,6,5044.73833720838,2730.32272265795,23,0,0,187,0,0,0
47,70,7,21498.0145472531,7133.83856526813,150,2,0,218,0,0,14
47,70,8,0,4,0,0,0,0,0,0,0
47,71,1,4616.27471612244,2675.9161104197,7,0,0,139,0,0,0
47,71,2,4537.63564431594,1644.98844726782,17,0,0,146,0,0,0
47,71,3,4441.03419961128,2629.93370754236,1,0,0,157,0,0,0
47,71,4,4497.3250224044,909.348323284297,63,0,0,158,0,0,0
47,71,5,4414.33820617211,1168.971657598,29,0,0,133,0,0,0
47,71,6,5116.03188100009,2348.55070204454,40,0,0,188,0,0,0
47,71,7,21572.5011754869,11263.5635207941,207,0,0,241,0,0,3
47,71,8,0,4,0,0,0,0,0,0,0
47,72,1,4679.68003423192,1906.76085376294,4,0,0,191,0,0,0
47,72,2,4577.37099102336,1052.30453082112,0,0,0,164,0,0,0
47,72,3,4499.52525603522,2149.51346641265,3,0,0,210,0,0,0
47,72,4,4520.03203976619,743.041690185492,0,0,0,90,0,0,0
47,72,5,4441.65332101753,2370.53512157058,0,0,0,116,0,0,0
47,72,6,5192.11448863069,2398.25744429406,3,0,0,185,0,0,0
47,72,7,21632.6724109118,7143.59007296539,61,0,0,207,0,0,0
47,72,8,0,4,0,0,0,0,0,0,0
47,73,1,4743.32779396443,1542.07197411797,15,0,0,138,0,0,0
47,73,2,4631.44668593963,1220.63549785993,0,0,0,105,0,0,0
47,73,3,4557.55858336587,994.013685752752,19,0,0,149,0,0,0
47,73,4,4555.53943984759,2313.42762232342,0,0,0,74,0,0,0
47,73,5,4500.77112550439,2392.20333600653,25,0,0,152,0,0,0
47,73,6,5290.08178116269,3390.74279874631,15,0,0,190,0,0,0
47,73,7,21753.8019910797,10860.5501438119,145,0,0,231,0,0,2
47,73,8,0,4,0,0,0,0,0,0,0
47,74,1,4792.41548286449,1340.60450744616,0,0,0,154,0,0,0
47,74,2,4667.71446696579,1669.12098326966,0,0,0,122,0,0,0
47,74,3,4575.97638447496,2290.18662135944,0,0,0,99,0,0,0
47,74,4,4634.66437664204,1422.01355997969,1,0,0,213,0,0,0
47,74,5,4572.39490412762,2919.99792179371,0,0,0,233,0,0,0
47,74,6,5422.83806081324,3032.07390155013,6,0,0,231,0,0,0
47,74,7,21838.3745197008,10476.7213612653,47,0,0,228,0,0,1
47,74,8,0,4,0,0,0,0,0,0,0
47,75,1,4822.68586804255,1936.48989976198,0,0,0,134,0,0,0
47,75,2,4705.30411158935,1580.73312627697,0,0,0,166,0,0,0
47,75,3,4616.43853074168,2814.41975316473,3,0,0,181,0,0,0
47,75,4,4660.34171575374,1994.7600135402,0,0,0,142,0,0,0
47,75,5,4653.68411799032,713.946635543455,3,0,0,248,0,0,0
47,75,6,5568.73956961944,2717.45829197925,0,0,0,295,0,0,0
47,75,7,21892.1873660552,11249.3447394968,60,0,0,197,0,0,0
47,75,8,0,4,0,0,0,0,0,0,0
47,76,1,4885.50889856312,2119.62369357564,0,0,0,175,0,0,0
47,76,2,4739.75858577826,1188.39988825634,0,0,0,158,0,0,0
47,76,3,4684.72514321436,1155.41888226483,6,0,0,187,0,0,0
47,76,4,4714.9226155805,2597.72402441797,0,0,0,186,0,0,0
47,76,5,4666.91514329195,2878.66799095895,0,0,0,71,0,0,0
47,76,6,5650.95363969801,2058.51134912797,3,0,0,214,0,0,0
47,76,7,21949.9550921795,5549.10653730304,60,0,0,189,0,0,0
47,76,8,0,4,0,0,0,0,0,0,0
47,77,1,4886.36691937141,992.583376164305,137,0,0,74,0,0,0
47,77,2,4736.23622436676,3138.19312874157,62,0,0,56,0,0,0
47,77,3,4678.33808082438,1242.62770513679,60,0,0,55,0,0,0
47,77,4,4742.01000009902,1535.01751050806,118,0,0,141,0,0,0
47,77,5,4693.83496197027,1882.92276916848,140,0,0,147,0,0,0
47,77,6,5686.39654161195,1915.19877239781,102,0,0,103,0,0,0
47,77,7,22001.5975257934,12679.3202065389,212,2,0,208,0,0,12
47,77,8,0,4,0,0,0,0,0,0,0
47,78,1,4897.79450597698,2917.04076936118,0,0,0,99,0,0,0
47,78,2,4779.11770775084,3525.01477304271,3,0,0,198,0,0,0
47,78,3,4686.43424204763,1581.05775501608,0,0,0,124,0,0,0
47,78,4,4788.26188565198,1895.82504237836,0,0,0,153,0,0,0
47,78,5,4748.49331272953,1576.45480449833,0,0,0,178,0,0,0
47,78,6,5763.94731037023,3160.03776446227,0,0,0,191,0,0,0
47,78,7,22016.5784204519,4235.94264896755,40,0,0,246,0,0,0
47,78,8,0,4,0,0,0,0,0,0,0
47,79,1,4924.57785138319,1483.70749679465,158,0,0,102,0,0,0
47,79,2,4827.29709910725,1178.73723529097,140,0,0,184,0,0,0
47,79,3,4730.51139745915,844.486873460721,28,0,0,124,0,0,0
47,79,4,4859.30451570288,2347.72593313079,47,0,0,133,0,0,0
47,79,5,4789.83116408828,2197.90094284912,43,0,0,106,0,0,0
47,79,6,5826.24128205425,1958.09789361133,140,0,0,147,0,0,0
47,79,7,22047.8421372708,11050.8774301486,192,0,0,191,0,0,0
47,79,8,0,4,0,0,0,0,0,0,0
47,80,1,4973.61599562077,1468.12369965652,0,0,0,148,0,0,0
47,80,2,4859.2188058467,1544.74985541287,0,0,0,117,0,0,0
47,80,3,4757.06032550638,1585.8797787904,0,0,0,84,0,0,0
47,80,4,4923.31988957289,1745.33811438277,0,0,0,208,0,0,0
47,80,5,4863.51351611758,2328.20705866852,0,0,0,219,0,0,0
47,80,6,5919.70026507127,2197.4167675653,0,0,0,195,0,0,0
47,80,7,22059.2068502102,10846.8896424228,37,0,0,254,0,0,1
47,80,8,0,4,0,0,0,0,0,0,0
47,81,1,5051.13570059631,1041.1284373872,0,0,0,146,0,0,0
47,81,2,4936.9902257884,1677.81405416475,0,0,0,154,0,0,0
47,81,3,4805.04021609611,2364.97736289671,0,0,0,158,0,0,0
47,81,4,5003.48722116979,1448.00952701124,0,0,0,165,0,0,0
47,81,5,4950.1394797979,2940.35633787164,0,0,0,192,0,0,1
47,81,6,6026.99433214205,2717.89910108782,0,0,0,202,0,0,1
47,81,7,22101.816742843,7664.70345840981,33,0,0,231,0,0,0
47,81,8,0,4,0,0,0,0,0,0,0
47,82,1,5088.5985651146,2222.16850381639,0,0,0,104,0,0,0
47,82,2,4998.22633838546,2976.48235521297,0,0,0,167,0,0,0
47,82,3,4894.37517398804,1953.95339486507,0,0,0,236,0,0,0
47,82,4,5066.67339399278,2129.91576591497,0,0,0,144,0,0,0
47,82,5,5019.58094248085,2672.20890908048,11,0,0,174,0,0,0
47,82,6,6168.82284651544,1944.31527446439,3,0,0,234,0,0,4
47,82,7,22152.5744302459,8272.63711856479,53,0,0,251,0,0,0
47,82,8,0,4,0,0,0,0,0,0,0
47,83,1,5254.14859675919,3506.39579837801,0,0,0,222,0,0,0
47,83,2,5150.3995363427,2540.66210591069,11,0,0,201,0,0,0
47,83,3,5003.56318835911,1815.32080996735,2,0,0,172,0,0,0
47,83,4,5221.55172009788,2300.3999111517,3,0,0,172,0,0,0
47,83,5,5143.72175976982,2545.26677180029,6,0,0,207,0,0,0
47,83,6,6323.72642424404,2235.47300904932,0,0,0,194,0,0,0
47,83,7,22256.5185870233,8194.59292444737,74,0,0,181,0,0,0
47,83,8,0,4,0,0,0,0,0,0,0
47,84,1,5441.94239073755,2332.37121049088,19,0,0,230,0,0,0
47,84,2,5327.71943527609,2237.74476978258,10,0,0,191,0,0,0
47,84,3,5133.16866555594,2860.39335659527,0,0,0,178,0,0,0
47,84,4,5407.19855965645,2496.33575219717,9,0,0,172,0,0,0
47,84,5,5277.25771445746,2149.46490953598,10,0,0,188,0,0,0
47,84,6,6500.07439602573,2658.2207983702,8,0,0,169,0,0,1
47,84,7,22390.3662651799,10602.2627730266,102,0,0,176,0,0,0
47,84,8,0,4,0,0,0,0,0,0,0
47,85,1,5533.19247829356,3561.18997132806,2,0,0,199,0,0,0
47,85,2,5417.96847153858,1650.79354317072,0,0,0,214,0,0,0
47,85,3,5212.89648042386,2479.86166543574,10,0,0,163,0,0,0
47,85,4,5491.34295014558,2490.74186702286,4,0,0,191,0,0,0
47,85,5,5356.25638152966,1591.37337071242,5,0,0,148,0,0,0
47,85,6,6599.25766814393,1842.38533881998,5,0,0,198,0,0,0
47,85,7,22434.5654268934,8360.26718495494,70,0,0,189,0,0,0
47,85,8,0,4,0,0,0,0,0,0,0
47,86,1,5655.67838300912,1652.2263739704,51,0,0,172,0,0,0
47,86,2,5513.61184915696,2748.16016381389,0,0,0,165,0,0,0
47,86,3,5305.35035222874,1229.29976515325,18,0,0,180,0,0,0
47,86,4,5617.19985797667,2358.7864764583,20,0,0,175,0,0,0
47,86,5,5446.55329983906,1673.9746563681,0,0,0,156,0,0,0
47,86,6,6720.45669016953,3862.35714679127,3,0,0,172,0,0,0
47,86,7,22508.7538560605,7539.15858361098,171,0,0,208,0,0,2
47,86,8,0,4,0,0,0,0,0,0,0
47,87,1,5730.75193065884,3806.9722866353,10,0,0,140,0,0,0
47,87,2,5617.68092481199,1374.65070642023,39,0,0,179,0,0,0
47,87,3,5399.27932351583,2677.134992022,0,0,0,122,0,0,0
47,87,4,5712.39310928113,3077.29326274245,31,0,0,161,0,0,0
47,87,5,5517.50357994605,1413.33913283883,4,0,0,157,0,0,0
47,87,6,6840.06790123176,2027.76954778565,87,0,0,177,0,0,0
47,87,7,22598.6209054578,7718.48120585978,213,0,0,242,0,0,0
47,87,8,0,4,0,0,0,0,0,0,0
47,88,1,5809.11149539575,1838.51976454176,118,0,0,144,0,0,0
47,88,2,5685.70208384169,1086.92877864035,0,0,0,137,0,0,0
47,88,3,5471.54756923732,3066.80880869245,48,0,0,169,0,0,1
47,88,4,5816.4622895593,2958.89409491909,65,0,0,176,0,0,0
47,88,5,5602.56151001624,2146.03886820435,0,0,0,141,0,0,0
47,88,6,6950.82384652474,2883.60827382147,26,0,0,150,0,0,0
47,88,7,22669.9266806003,5477.34049260996,262,0,0,245,0,0,0
47,88,8,0,4,0,0,0,0,0,0,0
47,89,1,5969.41109502892,3440.25424465039,6,0,0,166,0,0,0
47,89,2,5768.71306710887,1780.22464440914,0,0,0,108,0,0,0
47,89,3,5580.66714079668,1513.40356992058,39,0,0,195,0,0,0
47,89,4,5927.56055444104,2031.14426448191,49,0,0,157,0,0,0
47,89,5,5713.10736717699,2134.99417948262,16,0,0,169,0,0,0
47,89,6,7073.67191626903,2293.63364549274,46,0,0,159,0,0,0
47,89,7,22755.9218560702,17103.4770089984,125,0,0,195,0,0,0
47,89,8,0,4,0,0,0,0,0,0,0
47,90,1,6044.57705288171,4281.27049298844,2,0,0,249,0,0,0
47,90,2,5842.24681106254,3405.09447106621,0,0,0,178,0,0,0
47,90,3,5631.38201414117,2767.15810377905,0,0,0,151,0,0,0
47,90,4,5983.13456326493,3031.61488338495,0,0,0,196,0,0,0
47,90,5,5779.95550116148,2097.0980309958,0,0,0,213,0,0,0
47,90,6,7119.61152290397,3815.70155319699,1,0,0,189,0,0,0
47,90,7,22776.4468198714,10580.7590568481,38,0,0,199,0,0,0
47,90,8,0,4,0,0,0,0,0,0,0
47,91,1,6165.19826279819,3784.6781955529,38,0,0,188,0,0,0
47,91,2,5933.72526053354,1889.04277535689,25,0,0,183,0,0,0
47,91,3,5733.17398779014,2228.47970396499,15,0,0,182,0,0,0
47,91,4,6112.94923977463,2943.70775516679,14,0,0,210,0,0,2
47,91,5,5879.17512346701,3319.60474888179,3,0,0,184,0,0,0
47,91,6,7268.71121120273,5252.03950063214,27,0,0,214,0,0,0
47,91,7,22834.9065046844,9404.45412653023,134,0,0,226,0,0,0
47,91,8,0,4,0,0,0,0,0,0,0
47,92,1,6207.69141081217,2659.94991250262,149,0,0,110,0,0,0
47,92,2,6009.53776317658,2411.44442202855,25,0,0,143,0,0,0
47,92,3,5820.32740982954,1871.44563646237,45,0,0,141,0,0,0
47,92,4,6232.04086276734,1743.46457948124,73,0,0,162,0,0,0
47,92,5,5997.17466888747,2742.97426590693,86,0,0,177,0,0,0
47,92,6,7457.70804902854,3784.86526898409,168,0,0,213,0,0,2
47,92,7,22897.9225339811,9481.41995372044,242,2,0,266,0,0,19
47,92,8,0,4,0,0,0,0,0,0,0
47,93,1,6247.01432859942,2730.49608299874,75,0,0,123,0,0,0
47,93,2,6071.1173312665,2125.83937250529,46,0,0,153,0,0,0
47,93,3,5886.58716329861,3216.15707451982,17,0,0,154,0,0,0
47,93,4,6299.48708889905,2995.07355214137,13,0,0,149,0,0,0
47,93,5,6069.44851826055,2452.63464730554,58,0,0,164,0,0,0
47,93,6,7530.1049270937,1907.68711681775,116,0,0,158,0,0,0
47,93,7,22939.8090259036,8832.19208485246,291,0,0,316,0,0,11
47,93,8,0,4,0,0,0,0,0,0,0
47,94,1,6272.37759441057,3060.41763602799,155,0,0,87,0,0,0
47,94,2,6130.09634340815,1644.63948170066,76,0,0,121,0,0,0
47,94,3,5967.28219093875,1293.89933294209,126,0,0,170,0,0,0
47,94,4,6361.93007263493,3442.48090116377,111,0,0,166,0,0,0
47,94,5,6127.37877584367,2170.34168707091,80,0,0,149,0,0,0
47,94,6,7629.68367204431,5438.3013104316,33,0,0,151,0,0,0
47,94,7,22986.1207832807,13909.9315785817,243,3,0,239,0,0,29
47,94,8,0,4,0,0,0,0,0,0,0
47,95,1,6317.96012331631,3172.59452267858,7,0,0,180,0,0,0
47,95,2,6222.70214990354,1182.24335837256,0,0,0,164,0,0,0
47,95,3,6019.50779695623,3057.51145091201,0,0,0,129,0,0,0
47,95,4,6472.5501966472,2429.26171505732,7,0,0,209,0,0,0
47,95,5,6220.3329788717,3617.11432775727,1,0,0,170,0,0,0
47,95,6,7718.15858000715,2636.55513794969,21,0,0,182,0,0,0
47,95,7,22988.2417266961,3096.88135564551,68,0,0,196,0,0,1
47,95,8,0,4,0,0,0,0,0,0,0
47,96,1,6393.55165643248,1924.65319938886,93,0,0,140,0,0,0
47,96,2,6272.0866272008,2481.16288347709,0,0,0,118,0,0,0
47,96,3,6085.41633052853,1487.06627103267,62,0,0,187,0,0,0
47,96,4,6549.05510505436,5060.77734621465,43,0,0,161,0,0,0
47,96,5,6299.62983881995,1152.75821812846,104,0,0,164,0,0,0
47,96,6,7789.80074269481,4114.0519785363,63,0,0,143,0,0,0
47,96,7,22971.4589432046,11408.2188358374,80,0,0,157,0,0,0
47,96,8,0,4,0,0,0,0,0,0,0
47,97,1,6499.91031482643,3999.52898811023,0,0,0,186,0,0,0
47,97,2,6404.54872828891,2344.45151334816,0,0,0,248,0,0,0
47,97,3,6163.41288297029,1507.73972818613,0,0,0,148,0,0,0
47,97,4,6690.10948522896,1537.02330371195,10,0,0,234,0,0,0
47,97,5,6369.56412953094,1628.61738026841,0,0,0,115,0,0,0
47,97,6,7940.70998135803,4849.00642926844,6,0,0,201,0,0,0
47,97,7,22995.1585016703,11161.3495987459,34,0,0,236,0,0,0
47,97,8,0,4,0,0,0,0,0,0,0
47,98,1,6636.21750757453,4441.45717033245,1,0,0,217,0,0,1
47,98,2,6511.32893738164,3347.21332166249,1,0,0,189,0,0,0
47,98,3,6234.2504593654,1245.13890359735,0,0,0,150,0,0,0
47,98,4,6760.17473279846,3577.64716983401,0,0,0,153,0,0,0
47,98,5,6488.35504009569,1943.68915463303,0,0,0,162,0,0,0
47,98,6,8072.75844976051,3947.94574495389,8,0,0,193,0,0,0
47,98,7,23057.7702764144,7760.07013748393,24,0,0,288,0,0,1
47,98,8,0,4,0,0,0,0,0,0,0
47,99,1,6835.23871991466,2217.36571093421,58,0,0,258,0,0,0
47,99,2,6598.15575940958,4176.3827154484,60,0,0,141,0,0,0
47,99,3,6316.57225940903,2238.66762233437,0,0,0,124,0,0,0
47,99,4,6929.63694407852,2677.4160983216,59,0,0,167,0,0,0
47,99,5,6606.24964485966,2011.2227887215,8,0,0,168,0,0,0
47,99,6,8262.50657761555,2410.52965538463,66,0,0,183,0,0,0
47,99,7,23100.8769723885,6698.88899263467,183,0,0,188,0,0,0
47,99,8,0,4,0,0,0,0,0,0,0
47,100,1,7021.06706139897,3692.20947178988,54,0,0,123,0,0,0
47,100,2,6741.31235870265,4348.51382893894,143,0,0,160,0,0,0
47,100,3,6430.84877436423,2451.69124873112,46,0,0,141,0,0,0
47,100,4,7128.84548757491,3659.57007933553,53,0,0,172,0,0,0
47,100,5,6736.77323053877,3217.07994838562,22,0,0,159,0,0,0
47,100,6,8441.98103252646,2208.34183882856,55,0,0,142,0,0,0
47,100,7,23206.9963273347,13379.2283976055,233,0,0,225,0,0,9
47,100,8,0,4,0,0,0,0,0,0,0
48,1,1,2760.3616,1403.87335272893,0,4,0,14,0,0,0
48,1,2,2773.66368,1104.06566084197,0,35,0,49,0,0,0
48,1,3,2769.41568,744.195596194763,0,36,0,57,0,0,0
48,1,4,2769.392,1636.07623628266,0,46,0,53,0,0,0
48,1,5,2768.392,474.660800705435,0,53,0,46,0,0,0
48,1,6,2772.7808,1692.53464590224,0,24,0,46,0,0,0
48,1,7,20465.8252799999,9289.48061492124,0,53,0,35,0,0,0
48,1,8,0,4,0,3,0,9,0,0,0
48,2,1,2776.848,1475.10588628166,0,0,0,140,0,0,0
48,2,2,2788.03456,341.890976885831,0,0,0,110,0,0,0
48,2,3,2777.105216,2008.71161797836,0,0,0,74,0,0,0
48,2,4,2795.112,994.964957127389,0,0,0,163,0,0,0
48,2,5,2771.432,508.759155105882,0,0,0,47,0,0,0
48,2,6,2800.35712,652.440645979165,0,0,0,169,0,0,0
48,2,7,20421.7769599998,9863.03076931406,22,1,0,217,0,0,0
48,2,8,0,4,0,0,0,0,0,0,0
48,3,1,2793.4496,1045.44861646963,0,0,0,147,0,0,0
48,3,2,2784.03616,1135.29780259658,0,0,0,34,0,0,0
48,3,3,2808.439616,964.055816714918,0,0,0,200,0,0,0
48,3,4,2808.016,963.578198312471,0,0,0,99,0,0,0
48,3,5,2773.032,693.960428113948,0,0,0,50,0,0,0
48,3,6,2806.56672,432.440530031121,0,0,0,65,0,0,0
48,3,7,20381.2341759998,8146.48814383798,10,7,0,227,0,0,0
48,3,8,0,4,0,0,0,0,0,0,0
48,4,1,2802.5664,639.421098946219,0,0,0,104,0,0,0
48,4,2,2793.54848,863.420408492864,0,0,0,113,0,0,0
48,4,3,2817.61241599999,662.129809459923,0,0,0,96,0,0,0
48,4,4,2819.51328,1410.74468204058,0,0,0,96,0,0,0
48,4,5,2776.992,534.331911491959,0,0,0,69,0,0,0
48,4,6,2804.07712,1572.18348751237,0,0,0,43,0,0,0
48,4,7,20336.0575999998,8338.65802499913,52,0,0,202,0,0,3
48,4,8,0,4,0,0,0,0,0,0,0
48,5,1,2802.16,1194.25320544222,0,0,0,63,0,0,0
48,5,2,2797.64448,989.667842395105,0,0,0,86,0,0,0
48,5,3,2815.95769599999,1034.62543418948,0,0,0,66,0,0,0
48,5,4,2837.504,2015.31183016127,0,0,0,141,0,0,0
48,5,5,2776.0896,1161.55953365089,0,0,0,53,0,0,0
48,5,6,2820.29152,1170.40224584184,0,0,0,157,0,0,0
48,5,7,20273.2710399997,4921.40970494787,0,39,0,183,0,0,0
48,5,8,0,4,0,0,0,0,0,0,0
48,6,1,2798.73952,811.949223993097,0,59,0,54,0,0,0
48,6,2,2788.71808,621.183265678946,0,48,0,46,0,0,0
48,6,3,2819.509696,271.650274443677,0,14,0,88,0,0,0
48,6,4,2846.2752,1442.8626459189,0,82,0,111,0,0,0
48,6,5,2774.6976,990.494214634222,0,50,0,61,0,0,0
48,6,6,2822.17632,829.732438197953,0,39,0,74,0,0,0
48,6,7,20219.8778239996,13021.3349665082,0,248,0,219,0,0,0
48,6,8,0,4,0,0,0,0,0,0,0
48,7,1,2803.99712,1528.80895770026,0,0,0,81,0,0,0
48,7,2,2794.33728,664.575690485406,0,0,0,62,0,0,0
48,7,3,2818.301696,1590.40026772285,0,0,0,27,0,0,0
48,7,4,2870.7056,1164.3152664237,0,0,0,144,0,0,0
48,7,5,2790.8416,1680.63708705984,0,0,0,99,0,0,0
48,7,6,2831.32384,641.866766398123,0,0,0,82,0,0,0
48,7,7,20212.5946239996,12164.7054502225,25,0,0,228,0,0,0
48,7,8,0,4,0,0,0,0,0,0,0
48,8,1,2825.48512,1694.37011469824,0,0,0,152,0,0,0
48,8,2,2798.568,1448.78160218979,0,0,0,66,0,0,0
48,8,3,2841.69081599999,863.902906830317,0,0,0,159,0,0,0
48,8,4,2890.5056,1344.11980004699,0,0,0,116,0,0,0
48,8,5,2819.5216,617.449556699226,0,0,0,168,0,0,0
48,8,6,2838.12384,562.629297249084,0,0,0,64,0,0,0
48,8,7,20199.0128639996,13242.7571228992,13,5,0,207,0,0,3
48,8,8,0,4,0,0,0,0,0,0,0
48,9,1,2847.78272,1306.56367158619,0,0,0,169,0,0,0
48,9,2,2817.999424,616.155493916796,0,0,0,144,0,0,0
48,9,3,2851.99103999999,669.410646796075,0,0,0,86,0,0,0
48,9,4,2910.4352,1756.38943407736,0,0,0,134,0,0,0
48,9,5,2826.2192,697.678883627151,0,0,0,61,0,0,0
48,9,6,2844.51904,971.283356291197,0,0,0,56,0,0,0
48,9,7,20180.9552639996,12067.9533423935,49,0,0,190,0,0,0
48,9,8,0,4,0,0,0,0,0,0,0
48,10,1,2861.54368,362.339938475597,0,0,0,130,0,0,0
48,10,2,2820.200704,1214.2584180232,0,0,0,61,0,0,0
48,10,3,2859.48544,1148.98994156112,0,0,0,66,0,0,0
48,10,4,2939.328,1306.0595936195,0,0,0,175,0,0,0
48,10,5,2834.09312,1162.61401945816,0,0,0,69,0,0,0
48,10,6,2859.53344,1768.12520681394,0,0,0,97,0,0,0
48,10,7,20171.4573951995,12297.6454111671,42,0,0,211,0,0,0
48,10,8,0,4,0,0,0,0,0,0,0
48,11,1,2856.643264,738.996007513289,0,0,0,36,0,0,0
48,11,2,2836.160384,1075.04058723088,0,0,0,121,0,0,0
48,11,3,2873.812224,838.638613596632,0,0,0,114,0,0,0
48,11,4,2960.66368,2117.06086733148,0,0,0,130,0,0,0
48,11,5,2850.81702400001,1027.27716597462,0,0,0,116,0,0,0
48,11,6,2889.835584,928.496327353874,0,0,0,176,0,0,0
48,11,7,20162.5511551994,10662.8005402253,65,0,0,193,0,0,0
48,11,8,0,4,0,0,0,0,0,0,0
48,12,1,2857.252864,1404.26225753854,0,0,0,73,0,0,0
48,12,2,2844.378624,411.029393942401,0,0,0,107,0,0,0
48,12,3,2879.790464,884.412282020052,0,0,0,83,0,0,0
48,12,4,2985.03552,1495.92598785065,12,0,0,168,0,0,0
48,12,5,2863.74022400001,1454.68530203573,0,0,0,102,0,0,0
48,12,6,2900.22336,1006.25438626652,0,0,0,92,0,0,0
48,12,7,20164.6353151994,7874.0972228733,222,0,0,260,0,0,0
48,12,8,0,4,0,0,0,0,0,0,0
48,13,1,2836.742528,777.449702152935,137,0,0,3,0,0,0
48,13,2,2832.869312,1549.0852128708,18,0,0,23,0,0,0
48,13,3,2872.7506432,956.773495576156,38,0,0,50,0,0,0
48,13,4,2986.446656,941.694393061416,76,0,0,73,0,0,0
48,13,5,2869.06624000001,1186.12211936556,58,0,0,87,0,0,0
48,13,6,2903.536064,772.66721912927,43,0,0,57,0,0,0
48,13,7,20207.0538111994,10726.4987555454,376,0,0,411,0,0,0
48,13,8,0,4,0,0,0,0,0,0,0
48,14,1,2835.1209088,1542.82565460993,0,0,0,77,0,0,0
48,14,2,2848.883264,865.050568888615,0,0,0,154,0,0,0
48,14,3,2871.3818112,1066.51476347058,0,0,0,95,0,0,0
48,14,4,2994.401664,1051.89898941122,0,0,0,94,0,0,0
48,14,5,2885.71974400001,1570.3785561079,0,0,0,118,0,0,0
48,14,6,2909.8446848,1279.4917972653,0,0,0,77,0,0,0
48,14,7,20196.2332953593,9559.76115105328,76,0,0,210,0,0,0
48,14,8,0,4,0,0,0,0,0,0,0
48,15,1,2848.94330880001,1296.18963921134,6,0,0,140,0,0,0
48,15,2,2840.099648,1851.72051998979,0,0,0,86,0,0,0
48,15,3,2874.6410624,988.723524431169,0,0,0,106,0,0,0
48,15,4,2999.2176768,2010.82759819892,0,0,0,105,0,0,0
48,15,5,2908.72710400001,740.995395662483,1,0,0,154,0,0,0
48,15,6,2919.44418304001,1025.91765493381,0,0,0,127,0,0,0
48,15,7,20188.0065203192,8455.79023257891,224,1,0,247,0,0,7
48,15,8,0,4,0,0,0,0,0,0,0
48,16,1,2852.09999360001,917.011605466958,22,0,0,101,0,0,0
48,16,2,2846.2023424,714.388998310031,32,0,0,143,0,0,0
48,16,3,2874.9192832,1432.15264695435,0,0,0,98,0,0,0
48,16,4,3016.5799168,1230.03575106268,23,0,0,171,0,0,0
48,16,5,2906.97044480001,1650.21135596924,0,0,0,74,0,0,0
48,16,6,2925.63017984001,834.086549691409,1,0,0,101,0,0,0
48,16,7,20229.6152115192,4601.2770406038,357,0,0,381,0,0,0
48,16,8,0,4,0,0,0,0,0,0,0
48,17,1,2832.44040960001,878.946886255557,0,59,0,32,0,0,0
48,17,2,2822.6528512,1513.54652304248,0,41,0,30,0,0,0
48,17,3,2865.880832,1315.90739669762,0,58,0,85,0,0,0
48,17,4,2992.6070656,1398.16546831223,0,72,0,51,0,0,0
48,17,5,2892.84410880001,327.696276443991,0,98,0,67,0,0,0
48,17,6,2914.34729984001,1320.27740725337,0,53,0,30,0,0,0
48,17,7,20226.8462515192,7502.57647718417,4,169,0,171,0,0,0
48,17,8,0,4,0,0,0,0,0,0,0
48,18,1,2833.82319360001,1442.72601277449,0,0,0,87,0,0,0
48,18,2,2837.79727360001,848.658041503444,0,0,0,151,0,0,0
48,18,3,2876.35486668801,968.685770793661,0,0,0,131,0,0,0
48,18,4,3009.59946240001,1320.78777831496,0,0,0,139,0,0,0
48,18,5,2887.23028480001,510.083281659928,0,0,0,32,0,0,0
48,18,6,2942.39915520001,1052.86286502193,0,0,0,132,0,0,0
48,18,7,20268.8088729591,13305.6309961092,24,1,0,238,0,0,0
48,18,8,0,4,0,0,0,0,0,0,0
48,19,1,2844.07031347201,1031.10064803997,0,0,0,144,0,0,0
48,19,2,2839.05865420801,1932.78120327529,0,0,0,84,0,0,0
48,19,3,2871.92491724801,1310.15551061342,0,0,0,96,0,0,0
48,19,4,3026.1273216,1368.81457556483,0,0,0,132,0,0,0
48,19,5,2887.68153600002,1584.38236325653,0,0,0,51,0,0,0
48,19,6,2957.65799424001,1078.50483596099,0,0,0,105,0,0,0
48,19,7,20308.6895257591,7129.29565966415,23,0,0,239,0,0,0
48,19,8,0,4,0,0,0,0,0,0,0
48,20,1,2849.17664307201,1951.0295901167,0,0,0,103,0,0,0
48,20,2,2864.65352140801,1205.84758034208,0,0,0,193,0,0,0
48,20,3,2881.61380300801,1321.90110064477,0,0,0,131,0,0,0
48,20,4,3042.05094400001,686.063450087652,0,0,0,136,0,0,0
48,20,5,2910.44906496002,1527.33830758233,0,0,0,158,0,0,0
48,20,6,2975.75937996801,1184.32718962154,0,0,0,107,0,0,0
48,20,7,20326.6550681591,10719.846390519,126,0,0,171,0,0,0
48,20,8,0,4,0,0,0,0,0,0,0
48,21,1,2864.03014707201,1238.67396278559,0,0,0,186,0,0,0
48,21,2,2864.87506380801,880.335940175741,0,0,0,120,0,0,0
48,21,3,2888.79050444802,1752.31651869423,0,0,0,132,0,0,0
48,21,4,3040.36387584001,644.844936389998,0,0,0,68,0,0,0
48,21,5,2925.41854976002,798.864983824023,0,0,0,152,0,0,0
48,21,6,2990.09626624001,1109.50532770181,0,0,0,118,0,0,0
48,21,7,20348.1328184311,6271.6819753065,56,0,0,203,0,0,0
48,21,8,0,4,0,0,0,0,0,0,0
48,22,1,2870.30637107201,1328.29143439584,1,0,0,122,0,0,0
48,22,2,2859.41280460801,965.369218626188,0,0,0,88,0,0,0
48,22,3,2897.92217804802,926.062381271284,20,0,0,140,0,0,0
48,22,4,3032.78082048001,1867.17323349154,0,0,0,64,0,0,0
48,22,5,2928.59691776002,1427.27022591739,0,0,0,79,0,0,0
48,22,6,3000.40999424001,629.028342469416,0,0,0,110,0,0,0
48,22,7,20377.6653624311,8727.47017073731,224,0,0,246,0,0,0
48,22,8,0,4,0,0,0,0,0,0,0
48,23,1,2873.84102707201,1160.76125168879,0,0,0,132,0,0,0
48,23,2,2851.30154444801,1062.68796286668,0,0,0,96,0,0,0
48,23,3,2889.63601264642,1391.39550401667,0,0,0,92,0,0,0
48,23,4,3050.69939968002,1219.11374547787,0,0,0,186,0,0,0
48,23,5,2938.75196416002,1043.82053360025,0,0,0,142,0,0,0
48,23,6,3003.14514944001,2030.65116138644,0,0,0,62,0,0,0
48,23,7,20413.4833336311,7366.19176334872,69,0,0,231,0,0,0
48,23,8,0,4,0,0,0,0,0,0,0
48,24,1,2873.33446758401,698.04973538379,0,0,0,116,0,0,0
48,24,2,2839.42884300801,1511.20281522605,0,0,0,106,0,0,0
48,24,3,2889.81093488642,1237.89639792181,6,0,0,128,0,0,0
48,24,4,3052.66742067202,369.677010289386,0,0,0,121,0,0,0
48,24,5,2933.62927616002,1153.83340672579,0,0,0,104,0,0,0
48,24,6,3032.33138944001,928.296149373817,18,0,0,170,0,0,0
48,24,7,20452.735107071,10778.6111155101,258,0,0,247,0,0,8
48,24,8,0,4,0,0,0,0,0,0,0
48,25,1,2859.42572380161,1112.83088588538,0,0,0,69,0,0,0
48,25,2,2841.13462169602,1855.45514246385,0,0,0,151,0,0,0
48,25,3,2881.42727536642,1149.22797243961,0,0,0,123,0,0,0
48,25,4,3030.81525299202,1759.40270870476,0,0,0,36,0,0,0
48,25,5,2937.59621324802,1063.3123124367,0,0,0,115,0,0,0
48,25,6,3038.51141376002,1129.59928658182,0,0,0,92,0,0,0
48,25,7,20501.750851071,7905.99734162797,0,33,0,276,0,0,0
48,25,8,0,4,0,0,0,0,0,0,0
48,26,1,2834.84385331201,779.313374610517,0,79,0,32,0,0,0
48,26,2,2822.66721689602,625.148404970374,0,99,0,86,0,0,0
48,26,3,2859.13950832642,1553.91813497383,0,56,0,58,0,0,0
48,26,4,3010.40012339202,2057.29295278115,0,98,0,77,0,0,0
48,26,5,2923.31817164802,674.216190518624,0,61,0,45,0,0,0
48,26,6,3038.23998259202,1039.21425117781,0,43,0,69,0,0,0
48,26,7,20530.7806110709,11736.5865025711,6,198,0,226,0,0,0
48,26,8,0,4,0,0,0,0,0,0,0
48,27,1,2831.10695014401,623.134444295593,0,0,0,77,0,0,0
48,27,2,2814.64009881602,1313.54020862799,0,0,0,62,0,0,0
48,27,3,2873.76204349442,671.837317482977,0,0,0,155,0,0,0
48,27,4,3037.79007539202,702.603848282199,0,0,0,205,0,0,0
48,27,5,2926.58314188802,1170.49575935791,0,0,0,67,0,0,0
48,27,6,3053.22844979202,1435.08202610788,0,0,0,103,0,0,0
48,27,7,20558.460672511,9502.28349945902,18,6,0,180,0,0,0
48,27,8,0,4,0,0,0,0,0,0,0
48,28,1,2826.69627033601,1457.05772119372,0,0,0,62,0,0,0
48,28,2,2826.12491468801,619.855787245382,0,0,0,131,0,0,0
48,28,3,2870.83412541442,1305.28517332476,0,0,0,67,0,0,0
48,28,4,3038.97408983042,1710.49433852058,0,0,0,70,0,0,0
48,28,5,2944.38993612802,1191.77437333537,0,0,0,117,0,0,0
48,28,6,3081.48954624002,777.281044053336,0,0,0,143,0,0,0
48,28,7,20605.1697601526,4217.98206465071,48,0,0,229,0,0,0
48,28,8,0,4,0,0,0,0,0,0,0
48,29,1,2829.93571481601,832.305921026684,23,0,0,118,0,0,0
48,29,2,2819.97653708801,1608.90127647093,3,0,0,58,0,0,0
48,29,3,2869.92313405442,763.357855554682,22,0,0,104,0,0,0
48,29,4,3048.7246467277,756.003924430305,38,0,0,125,0,0,0
48,29,5,2959.34324889602,1065.10633618843,0,0,0,119,0,0,0
48,29,6,3091.48355584002,2349.83555407866,0,0,0,77,0,0,0
48,29,7,20631.1443137525,10336.4100176059,181,0,0,197,0,0,3
48,29,8,0,4,0,0,0,0,0,0,0
48,30,1,2833.08951961601,1219.17992041524,0,0,0,83,0,0,0
48,30,2,2835.58424942593,585.054265538256,0,0,0,160,0,0,0
48,30,3,2865.22440612251,1252.49914466809,0,0,0,76,0,0,0
48,30,4,3049.6022556877,1143.77096531584,0,0,0,75,0,0,0
48,30,5,2969.08620646402,661.54785953282,0,0,0,106,0,0,0
48,30,6,3140.49716316162,1478.89023778917,0,0,0,234,0,0,0
48,30,7,20665.3243713525,7308.46398053193,39,0,0,214,0,0,0
48,30,8,0,4,0,0,0,0,0,0,0
48,31,1,2836.00479856641,1107.65680119437,0,0,0,121,0,0,0
48,31,2,2821.04799123048,794.361175203343,0,0,0,58,0,0,0
48,31,3,2870.41452183963,887.389527602639,0,0,0,125,0,0,0
48,31,4,3053.97012473858,1853.61633294814,0,0,0,114,0,0,0
48,31,5,2966.55922954242,1232.09900506733,0,0,0,66,0,0,0
48,31,6,3167.52905103362,777.964408352947,0,0,0,147,0,0,0
48,31,7,20682.6140737525,5343.46156441658,128,0,0,153,0,0,0
48,31,8,0,4,0,0,0,0,0,0,0
48,32,1,2838.13801175041,1486.6864228206,0,0,0,110,0,0,0
48,32,2,2801.19739446888,1046.23195310973,0,0,0,79,0,0,0
48,32,3,2860.56895383963,1035.55388918419,0,0,0,88,0,0,0
48,32,4,3057.60344938497,1922.74403504913,26,0,0,135,0,0,0
48,32,5,2974.44397834242,1363.78712612094,0,0,0,123,0,0,0
48,32,6,3174.60375388162,1609.67967346491,0,0,0,77,0,0,0
48,32,7,20698.1947687925,9066.4820939638,188,0,0,168,0,0,1
48,32,8,0,4,0,0,0,0,0,0,0
48,33,1,2853.62850570241,1072.96916472748,0,0,0,148,0,0,0
48,33,2,2789.54466573928,1110.63220681733,0,0,0,104,0,0,0
48,33,3,2860.25271358097,1937.00628309447,0,0,0,103,0,0,0
48,33,4,3077.52552206337,1354.44436225521,0,0,0,186,0,0,0
48,33,5,2983.62131187714,1401.4145111216,0,0,0,136,0,0,0
48,33,6,3197.89990492162,931.368705764366,0,0,0,160,0,0,0
48,33,7,20743.3550785524,9144.90520880965,54,0,0,221,0,0,0
48,33,8,0,4,0,0,0,0,0,0,0
48,34,1,2859.78540531713,1071.10746860417,0,0,0,107,0,0,0
48,34,2,2788.75171188328,1147.35296515777,0,0,0,111,0,0,0
48,34,3,2878.27425370752,1062.57921339782,0,0,0,193,0,0,0
48,34,4,3084.19258980353,1292.49117451157,0,0,0,135,0,0,0
48,34,5,2983.00493728155,1456.02327430211,0,0,0,140,0,0,0
48,34,6,3213.78697900034,831.947213555886,0,0,0,93,0,0,0
48,34,7,20782.6712448807,9609.45963645309,36,0,0,200,0,0,0
48,34,8,0,4,0,0,0,0,0,0,0
48,35,1,2862.66126039041,827.524253054155,0,0,0,107,0,0,0
48,35,2,2787.07127902947,1760.81298781789,0,0,0,114,0,0,0
48,35,3,2873.28856810112,1178.85021340274,0,0,0,106,0,0,0
48,35,4,3080.35213004801,784.541109404682,0,0,0,129,0,0,0
48,35,5,2986.69288700315,819.140242509495,0,0,0,145,0,0,0
48,35,6,3216.15400169474,1038.53355394641,0,0,0,83,0,0,0
48,35,7,20807.8901095207,1255.41479578314,0,59,0,192,0,0,0
48,35,8,0,4,0,0,0,0,0,0,0
48,36,1,2839.38698506241,1105.36924837176,0,76,0,6,0,0,0
48,36,2,2773.37750051555,804.666934224343,0,79,0,97,0,0,0
48,36,3,2849.41386627712,909.013495079073,0,53,0,64,0,0,0
48,36,4,3052.05005955073,1465.2409622704,0,39,0,39,0,0,0
48,36,5,2964.21593811355,1806.0124834033,0,44,0,37,0,0,0
48,36,6,3209.14140557314,610.457986148007,0,56,0,47,0,0,0
48,36,7,20798.6834535207,7651.03542209428,0,74,0,51,0,0,0
48,36,8,0,4,0,0,0,0,0,0,0
48,37,1,2854.36246891398,1744.23539828928,0,0,0,110,0,0,0
48,37,2,2774.71371311842,1132.75701848406,0,0,0,80,0,0,0
48,37,3,2851.4386552855,1769.76263003973,0,0,0,90,0,0,0
48,37,4,3066.91654900123,1017.06190582134,0,0,0,146,0,0,0
48,37,5,2993.47412201883,1088.09048488871,0,0,0,180,0,0,0
48,37,6,3214.38678874114,1922.75820661566,0,0,0,61,0,0,0
48,37,7,20849.9782055882,8496.95575393982,24,0,0,204,0,0,0
48,37,8,0,4,0,0,0,0,0,0,0
48,38,1,2878.86056129824,1813.78475459097,0,0,0,174,0,0,0
48,38,2,2782.31156463945,1521.45249162894,0,0,0,113,0,0,0
48,38,3,2868.81359171814,1452.92526887365,0,0,0,176,0,0,0
48,38,4,3071.63246981449,1766.48680836373,0,0,0,101,0,0,0
48,38,5,2993.96259398043,1412.51611179329,0,0,0,108,0,0,0
48,38,6,3255.05633801832,1593.58446207694,0,0,0,190,0,0,0
48,38,7,20882.1602804682,9351.21467814692,24,0,0,183,0,0,0
48,38,8,0,4,0,0,0,0,0,0,0
48,39,1,2897.29576527136,936.516279260556,0,0,0,181,0,0,0
48,39,2,2792.38357440841,1156.08449021662,0,0,0,152,0,0,0
48,39,3,2876.35956416742,1738.65355349569,0,0,0,145,0,0,0
48,39,4,3088.18624546063,738.890637863907,0,0,0,176,0,0,0
48,39,5,3002.11675103643,1231.14121665755,0,0,0,141,0,0,0
48,39,6,3284.7692904612,2390.37456947163,0,0,0,159,0,0,0
48,39,7,20911.0993534922,12550.5102864956,26,0,0,195,0,0,1
48,39,8,0,4,0,0,0,0,0,0,0
48,40,1,2901.09070432519,1269.39219694671,0,0,0,93,0,0,0
48,40,2,2795.43548561736,801.053957374613,0,0,0,115,0,0,0
48,40,3,2890.67907391718,1713.15037236551,0,0,0,173,0,0,0
48,40,4,3071.5493740993,629.234585006285,0,0,0,73,0,0,0
48,40,5,3015.38000124397,1478.9447959673,0,0,0,123,0,0,0
48,40,6,3316.11875200616,2153.42271765522,2,0,0,178,0,0,0
48,40,7,20936.2301418441,6585.38322807435,34,0,0,192,0,0,0
48,40,8,0,4,0,0,0,0,0,0,0
48,41,1,2889.87461302126,1630.82552728414,0,76,0,50,0,0,0
48,41,2,2781.13641335522,953.719281821067,0,39,0,41,0,0,0
48,41,3,2878.14743054565,789.995544407681,0,87,0,84,0,0,0
48,41,4,3045.11932383954,1465.7839371663,0,29,0,33,0,0,0
48,41,5,3009.85824416237,942.536732945915,0,73,0,74,0,0,0
48,41,6,3333.58225534568,1282.81535451263,0,109,0,106,0,0,0
48,41,7,20976.8872678549,9226.70587626751,1,291,0,270,0,0,0
48,41,8,0,4,0,0,0,0,0,0,0
48,42,1,2913.75604492142,1690.77906142379,0,0,0,163,0,0,0
48,42,2,2787.43198332028,861.545425862345,0,0,0,95,0,0,0
48,42,3,2869.96145681105,1055.63166043853,0,0,0,78,0,0,0
48,42,4,3058.5778228825,1866.92330680528,0,0,0,146,0,0,0
48,42,5,3021.49558268397,662.221269976121,0,0,0,94,0,0,0
48,42,6,3365.97690494568,1436.18857214124,0,0,0,128,0,0,0
48,42,7,21014.0816747669,12008.3960339012,31,0,0,173,0,0,0
48,42,8,0,4,0,0,0,0,0,0,0
48,43,1,2944.50223912813,1439.55031175446,0,0,0,169,0,0,0
48,43,2,2790.35307225351,1259.63858979827,0,0,0,86,0,0,0
48,43,3,2882.4987194024,976.815856344552,0,0,0,105,0,0,0
48,43,4,3088.50694303282,1979.729994263,0,0,0,166,0,0,0
48,43,5,3029.02983073482,1221.81248975118,0,0,0,66,0,0,0
48,43,6,3407.78927572911,1459.74457753668,0,0,0,143,0,0,0
48,43,7,21075.0377197512,10945.5370018399,24,0,0,226,0,0,0
48,43,8,0,4,0,0,0,0,0,0,0
48,44,1,2965.11720125006,1645.15344258189,0,0,0,143,0,0,0
48,44,2,2805.09278153576,977.501749717863,0,0,0,125,0,0,0
48,44,3,2883.69786620298,1885.97031388037,0,0,0,97,0,0,0
48,44,4,3115.81484179732,2102.09482877211,0,0,0,197,0,0,0
48,44,5,3046.5342443489,1190.19170327099,0,0,0,122,0,0,0
48,44,6,3439.52090375702,1343.05398583127,0,0,0,145,0,0,0
48,44,7,21111.9044927432,8407.37511385172,20,1,0,173,0,0,0
48,44,8,0,4,0,0,0,0,0,0,0
48,45,1,2996.58265858691,1215.41458171393,0,0,0,164,0,0,0
48,45,2,2811.42784060284,1633.50503290627,0,0,0,97,0,0,0
48,45,3,2906.13573554157,715.502529251973,5,0,0,150,0,0,0
48,45,4,3155.05736345037,971.737081260445,2,0,0,195,0,0,0
48,45,5,3063.48962820196,859.483549386752,0,0,0,119,0,0,0
48,45,6,3476.84781404079,1422.46852066827,0,0,0,134,0,0,0
48,45,7,21165.5555616712,10152.0861672434,86,0,0,191,0,0,0
48,45,8,0,4,0,0,0,0,0,0,0
48,46,1,3017.34212811805,1549.40708406634,0,0,0,121,0,0,0
48,46,2,2815.25427555196,778.301506453424,0,0,0,163,0,0,0
48,46,3,2901.04867338004,1319.22105338644,0,0,0,71,0,0,0
48,46,4,3163.30950191442,1095.82008040864,0,0,0,97,0,0,0
48,46,5,3068.47927905994,1883.90739246872,0,0,0,85,0,0,0
48,46,6,3505.68432938927,1067.80996840674,0,0,0,142,0,0,0
48,46,7,21204.5717455816,11357.2255906691,58,0,0,185,0,0,0
48,46,8,0,4,0,0,0,0,0,0,0
48,47,1,3034.88823143518,1387.59583085189,0,0,0,154,0,0,0
48,47,2,2814.03916768713,1433.80645871157,0,0,0,77,0,0,0
48,47,3,2907.69655108003,479.674725314922,0,0,0,131,0,0,0
48,47,4,3166.41341102218,1172.13462965122,0,0,0,109,0,0,0
48,47,5,3101.76463750858,1234.52986606203,0,0,0,188,0,0,0
48,47,6,3527.317723929,887.908192365289,0,0,0,106,0,0,0
48,47,7,21256.9003081672,5812.19277781543,55,0,0,225,0,0,0
48,47,8,0,4,0,0,0,0,0,0,0
48,48,1,3028.50691036254,1224.41205933237,94,0,0,44,0,0,0
48,48,2,2806.00112114818,2297.22501267797,52,0,0,91,0,0,0
48,48,3,2884.98807062223,1612.22280661148,24,0,0,23,0,0,0
48,48,4,3148.70528253681,1733.03845405596,60,0,0,57,0,0,0
48,48,5,3092.560379982,1324.46593304573,66,0,0,57,0,0,0
48,48,6,3523.83554430174,1291.54744164352,50,0,0,38,0,0,0
48,48,7,21294.0286456939,14642.6493692816,225,0,0,190,0,0,6
48,48,8,0,4,0,0,0,0,0,0,0
48,49,1,3035.56125148172,1289.93824619422,0,0,0,122,0,0,0
48,49,2,2830.10889564003,605.461059956486,0,0,0,229,0,0,0
48,49,3,2888.40429664226,989.550981732111,0,0,0,161,0,0,0
48,49,4,3160.32291845711,1461.63090149514,0,0,0,173,0,0,0
48,49,5,3096.50992820241,1807.28225708888,0,0,0,132,0,0,0
48,49,6,3543.50253296453,766.23840767267,0,0,0,129,0,0,0
48,49,7,21318.8642251884,6569.94760693914,36,0,0,307,0,0,0
48,49,8,0,4,0,0,0,0,0,0,0
48,50,1,3028.31502622278,1233.38892357726,0,58,0,70,0,0,0
48,50,2,2814.89822629731,1019.4853083563,0,19,0,41,0,0,0
48,50,3,2870.06401724708,799.200401422497,0,59,0,39,0,0,0
48,50,4,3148.88532423943,1483.59692219022,0,84,0,62,0,0,0
48,50,5,3093.02587579204,1265.78219913421,0,92,0,88,0,0,0
48,50,6,3534.18640419653,1212.60733714126,0,28,0,48,0,0,0
48,50,7,21334.5123759662,8426.52438464091,2,303,0,215,0,0,0
48,50,8,0,4,0,0,0,0,0,0,0
48,51,1,3045.532016099,1104.48063671223,0,0,0,123,0,0,0
48,51,2,2821.43473778793,924.937312237458,0,0,0,101,0,0,0
48,51,3,2875.74004525675,1135.10561412286,0,0,0,79,0,0,0
48,51,4,3176.6986648089,1741.91854412054,0,0,0,148,0,0,0
48,51,5,3120.61580506498,1116.40599326778,0,0,0,126,0,0,0
48,51,6,3557.49811576931,882.703535690359,0,0,0,121,0,0,0
48,51,7,21392.8756265313,9318.67697214666,28,0,0,225,0,0,0
48,51,8,0,4,0,0,0,0,0,0,0
48,52,1,3063.34907520188,787.360917466033,0,0,0,110,0,0,0
48,52,2,2835.29777297483,1599.83327027968,0,0,0,92,0,0,0
48,52,3,2897.06580201799,415.771986501931,0,0,0,113,0,0,0
48,52,4,3220.94280609608,2049.92913895559,0,0,0,174,0,0,0
48,52,5,3145.16829710829,729.992633433788,0,0,0,111,0,0,0
48,52,6,3580.09105349117,964.218500688039,0,0,0,88,0,0,0
48,52,7,21479.0290938413,8797.37040600914,24,0,0,298,0,0,1
48,52,8,0,4,0,0,0,0,0,0,0
48,53,1,3070.80737181332,694.674359571019,0,0,0,78,0,0,0
48,53,2,2853.50611550576,552.8935941874,0,0,0,159,0,0,0
48,53,3,2897.81792223152,1396.17707786576,0,0,0,41,0,0,0
48,53,4,3261.08618257416,1877.12607014941,1,0,0,174,0,0,0
48,53,5,3159.06434715403,439.401808666609,0,0,0,72,0,0,0
48,53,6,3599.11281114007,1885.62043106942,0,0,0,96,0,0,0
48,53,7,21542.7805359014,10056.6381902424,34,0,0,207,0,0,0
48,53,8,0,4,0,0,0,0,0,0,0
48,54,1,3080.45042516721,1369.4571836533,0,0,0,69,0,0,0
48,54,2,2852.66890640261,915.888941335982,0,0,0,55,0,0,0
48,54,3,2926.27539646309,1013.43477406139,0,0,0,139,0,0,0
48,54,4,3307.88921674141,2199.15918992582,0,0,0,187,0,0,0
48,54,5,3159.38991070905,1519.48328975386,0,0,0,43,0,0,0
48,54,6,3652.52995938829,2073.63269191862,0,0,0,188,0,0,0
48,54,7,21597.9070944461,11252.8565391915,35,0,0,189,0,0,0
48,54,8,0,4,0,0,0,0,0,0,0
48,55,1,3108.15153389097,1364.76783079541,0,0,0,136,0,0,0
48,55,2,2867.56486558224,1226.21978238872,0,0,0,91,0,0,0
48,55,3,2939.76015735549,1936.45478279507,0,0,0,101,0,0,0
48,55,4,3368.44117522164,1137.19790975122,0,0,0,218,0,0,0
48,55,5,3199.67871623598,1281.50840132928,0,0,0,151,0,0,0
48,55,6,3720.64433518989,1358.70251959272,0,0,0,198,0,0,0
48,55,7,21654.2257174897,9933.04184248443,40,0,0,200,0,0,0
48,55,8,0,4,0,0,0,0,0,0,0
48,56,1,3136.01728234632,1079.34964633802,0,0,0,136,0,0,0
48,56,2,2878.60189220599,1155.71400049658,0,0,0,122,0,0,0
48,56,3,2987.89856772713,1658.92225541992,0,0,0,188,0,0,0
48,56,4,3393.26615091063,771.849485918208,0,0,0,113,0,0,0
48,56,5,3224.73648429004,567.458173331962,0,0,0,128,0,0,0
48,56,6,3763.8333534568,1958.53820169072,0,0,0,135,0,0,0
48,56,7,21712.6678394028,5961.72838590376,54,0,0,204,0,0,1
48,56,8,0,4,0,0,0,0,0,0,0
48,57,1,3152.9269473189,649.304351202381,0,0,0,107,0,0,0
48,57,2,2892.71229334552,911.72691915342,0,0,0,115,0,0,0
48,57,3,3005.96040201674,1385.67077701637,10,0,0,142,0,0,0
48,57,4,3393.57930983798,1068.58071113461,0,0,0,77,0,0,0
48,57,5,3218.98379527911,1564.1102121912,0,0,0,56,0,0,0
48,57,6,3809.85205845625,1211.38008864314,22,0,0,145,0,0,0
48,57,7,21757.0262131645,7805.28267213132,173,0,0,198,0,0,0
48,57,8,0,4,0,0,0,0,0,0,0
48,58,1,3151.66346652098,1461.4023573181,0,0,0,64,0,0,0
48,58,2,2901.03565438222,1580.84057429348,0,0,0,91,0,0,0
48,58,3,3025.27937652028,1090.68027037949,0,0,0,138,0,0,0
48,58,4,3408.84688056076,1442.47999045723,0,0,0,106,0,0,0
48,58,5,3248.64833634727,1594.09838863653,0,0,0,156,0,0,0
48,58,6,3854.17231647439,1964.07624773737,0,0,0,121,0,0,0
48,58,7,21813.9291991982,6577.66063300635,93,0,0,181,0,0,0
48,58,8,0,4,0,0,0,0,0,0,0
48,59,1,3171.20183501777,1216.764234176,0,0,0,146,0,0,0
48,59,2,2907.12647306183,1460.70943104254,5,0,0,144,0,0,0
48,59,3,3022.09966082227,1072.6958663184,0,0,0,109,0,0,0
48,59,4,3422.121717985,1554.78509968813,0,0,0,144,0,0,0
48,59,5,3276.72162360219,1325.64570728111,0,0,0,159,0,0,0
48,59,6,3909.12049324836,1514.26614828533,6,0,0,179,0,0,1
48,59,7,21861.7667312681,11905.5604610463,173,0,0,180,0,0,8
48,59,8,0,4,0,0,0,0,0,0,0
48,60,1,3175.68792799398,1432.33844986027,0,0,0,121,0,0,0
48,60,2,2906.4041961324,324.668322542882,0,0,0,146,0,0,0
48,60,3,3015.33543823429,664.765220576628,0,0,0,107,0,0,0
48,60,4,3438.43795924439,1150.34790616622,0,0,0,155,0,0,0
48,60,5,3289.61327871249,2051.1485644004,0,0,0,132,0,0,0
48,60,6,3935.80856275794,1490.73242148539,0,0,0,151,0,0,0
48,60,7,21928.5066565025,9153.86892760843,0,44,0,216,0,0,0
48,60,8,0,4,0,0,0,0,0,0,0
48,61,1,3194.00176538474,571.765930375056,0,5,0,131,0,0,0
48,61,2,2883.66400364035,482.58554328221,0,0,0,32,0,0,0
48,61,3,3002.60743037562,1429.34515725319,0,0,0,66,0,0,0
48,61,4,3451.70842246091,1815.7900691053,0,0,0,115,0,0,0
48,61,5,3322.47336453506,1192.43532761894,0,8,0,185,0,0,0
48,61,6,3995.2394374031,1113.18979618767,0,0,0,149,0,0,0
48,61,7,22011.9171992965,8141.78855048441,3,200,0,205,0,0,0
48,61,8,0,4,0,0,0,0,0,0,0
48,62,1,3194.70050029737,855.953273427882,0,0,0,57,0,0,0
48,62,2,2867.7964568546,910.997266658363,0,0,0,48,0,0,0
48,62,3,3021.03383701871,563.36098958555,0,0,0,142,0,0,0
48,62,4,3485.17248784449,2410.33347054707,0,0,0,181,0,0,0
48,62,5,3346.99142106772,1272.38856428094,0,0,0,119,0,0,0
48,62,6,4018.68718563154,1527.38572106688,0,0,0,111,0,0,0
48,62,7,22090.7163064003,6500.68581256624,31,0,0,207,0,0,0
48,62,8,0,4,0,0,0,0,0,0,0
48,63,1,3178.73707957764,934.649039494205,0,38,0,47,0,0,0
48,63,2,2846.16660033151,1021.34137273674,0,48,0,43,0,0,0
48,63,3,2986.3369484531,1373.03726839614,0,26,0,30,0,0,0
48,63,4,3465.56582762881,1916.96963593745,0,123,0,118,0,0,0
48,63,5,3332.83077000226,1317.34860338671,0,55,0,72,0,0,0
48,63,6,4014.17282259179,1090.94076176452,0,96,0,56,0,0,0
48,63,7,22118.2552709623,7671.48743504842,5,227,0,203,0,0,0
48,63,8,0,4,0,0,0,0,0,0,0
48,64,1,3184.12552218337,1137.56095742925,0,0,0,93,0,0,0
48,64,2,2847.23908055778,1178.45938918093,0,0,0,102,0,0,0
48,64,3,2999.68598755793,2366.63199500849,0,0,0,137,0,0,0
48,64,4,3507.68936157004,1437.08793153157,0,0,0,190,0,0,0
48,64,5,3354.80684012007,1224.46629005743,0,0,0,131,0,0,0
48,64,6,4042.56689492842,1071.98250778144,0,0,0,109,0,0,0
48,64,7,22175.0557194742,6711.96896376091,29,0,0,205,0,0,0
48,64,8,0,4,0,0,0,0,0,0,0
48,65,1,3182.31023553372,1201.21650785425,0,0,0,113,0,0,0
48,65,2,2850.91188772156,1540.48301708763,0,0,0,117,0,0,0
48,65,3,3010.16860719181,1164.44239827544,2,0,0,195,0,0,0
48,65,4,3512.79805256408,2276.89986771913,0,0,0,143,0,0,0
48,65,5,3366.73409148909,1197.5478047541,0,0,0,122,0,0,0
48,65,6,4063.76557125903,844.459819259548,0,0,0,107,0,0,0
48,65,7,22212.3618962893,6193.44529166501,24,0,0,196,0,0,7
48,65,8,0,4,0,0,0,0,0,0,0
48,66,1,3194.48817942684,1033.37242302495,0,0,0,120,0,0,0
48,66,2,2856.73811735379,1024.10962112963,0,0,0,154,0,0,0
48,66,3,3011.80403032789,497.972071837032,0,0,0,116,0,0,0
48,66,4,3526.88385652007,2155.19726343297,10,0,0,141,0,0,0
48,66,5,3376.93147230994,1373.57485713261,0,0,0,119,0,0,0
48,66,6,4080.35286043502,1786.94310357324,0,0,0,84,0,0,0
48,66,7,22244.9683994053,10299.8751954277,51,0,0,188,0,0,0
48,66,8,0,4,0,0,0,0,0,0,0
48,67,1,3210.92418174267,574.976535746534,0,0,0,103,0,0,0
48,67,2,2862.83615192599,882.622328612495,0,0,0,102,0,0,0
48,67,3,3001.06627975963,1062.79652035505,0,0,0,49,0,0,0
48,67,4,3567.36896506465,761.286978187771,0,0,0,215,0,0,0
48,67,5,3401.2471403786,1350.07111197847,0,0,0,137,0,0,0
48,67,6,4136.98089015539,2313.67915266762,0,0,0,178,0,0,0
48,67,7,22322.201378863,4475.513467444,35,0,0,236,0,0,0
48,67,8,0,4,0,0,0,0,0,0,0
48,68,1,3200.19803105164,956.237089669932,0,0,0,57,0,0,0
48,68,2,2861.40687987802,1075.73665485166,0,0,0,88,0,0,0
48,68,3,2986.84671381363,1409.02985444001,0,0,0,106,0,0,0
48,68,4,3558.67232151997,2492.21323611755,0,0,0,76,0,0,0
48,68,5,3411.12327186222,1460.29132210337,0,0,0,135,0,0,0
48,68,6,4171.77792781924,1620.91140354115,34,0,0,153,0,0,0
48,68,7,22329.6840991805,15399.115894602,127,0,0,155,0,0,0
48,68,8,0,4,0,0,0,0,0,0,0
48,69,1,3203.43126151171,1124.25368669132,0,0,0,95,0,0,0
48,69,2,2856.56209087561,1260.05499422958,0,0,0,107,0,0,0
48,69,3,2999.64442945082,634.992458471348,0,0,0,140,0,0,0
48,69,4,3578.46836336368,1366.24790597717,0,0,0,228,0,0,0
48,69,5,3425.16967100185,1563.60269936765,0,0,0,146,0,0,0
48,69,6,4203.75617303496,2163.86866708935,0,0,0,162,0,0,0
48,69,7,22341.1639435611,7560.42102865517,33,0,0,220,0,0,0
48,69,8,0,4,0,0,0,0,0,0,0
48,70,1,3195.23816497593,1604.77178501189,0,55,0,57,0,0,0
48,70,2,2850.25651108597,935.934737213494,0,58,0,68,0,0,0
48,70,3,2974.82821681294,1497.07582785936,0,30,0,33,0,0,0
48,70,4,3570.8175796421,496.79013331947,0,64,0,72,0,0,0
48,70,5,3419.45742450475,975.921789427611,0,77,0,79,0,0,0
48,70,6,4244.56214573333,1347.72415456949,0,99,0,117,0,0,0
48,70,7,22392.4060567893,7005.19889981173,5,230,0,210,0,0,0
48,70,8,0,4,0,0,0,0,0,0,0
48,71,1,3227.81551246946,1059.00098309213,0,0,0,160,0,0,0
48,71,2,2860.14006001592,1266.26399687471,0,0,0,93,0,0,0
48,71,3,3015.67750794909,1196.40659695162,0,0,0,149,0,0,0
48,71,4,3577.68080328612,1402.07528843985,0,0,0,49,0,0,0
48,71,5,3451.78632055329,1353.9088489695,0,0,0,97,0,0,0
48,71,6,4301.68161010122,2241.58727504549,0,0,0,134,0,0,0
48,71,7,22483.4278262706,6334.25471984857,28,0,0,187,0,0,0
48,71,8,0,4,0,0,0,0,0,0,0
48,72,1,3239.07423466238,1694.4375681231,0,0,0,105,0,0,0
48,72,2,2870.70687606698,534.174003827785,0,0,0,126,0,0,0
48,72,3,3030.28761394239,992.357549552124,0,0,0,119,0,0,0
48,72,4,3605.65998222751,1662.95668097394,0,0,0,140,0,0,0
48,72,5,3482.72067126683,461.127123850618,0,0,0,135,0,0,0
48,72,6,4377.27647198085,761.232880027118,0,0,0,224,0,0,0
48,72,7,22533.4721141252,8952.77257673879,23,0,0,196,0,0,5
48,72,8,0,4,0,0,0,0,0,0,0
48,73,1,3286.60601376184,1271.29393522041,0,0,0,169,0,0,0
48,73,2,2868.65592848828,665.292553427714,0,0,0,53,0,0,0
48,73,3,3059.54300650066,1186.38076845819,0,0,0,99,0,0,0
48,73,4,3654.04344908034,1525.98384005013,0,0,0,166,0,0,0
48,73,5,3501.50645238887,1743.25415397406,0,0,0,46,0,0,0
48,73,6,4410.09228723255,1216.60827283537,0,0,0,76,0,0,0
48,73,7,22639.2104478169,7107.736428725,24,0,0,198,0,0,7
48,73,8,0,4,0,0,0,0,0,0,0
48,74,1,3296.47805723022,1677.96801449289,0,0,0,127,0,0,0
48,74,2,2863.27899951018,1281.15927392072,0,0,0,66,0,0,0
48,74,3,3074.94503965739,2102.44939611412,0,0,0,118,0,0,0
48,74,4,3685.9478765603,1184.25379529572,0,0,0,152,0,0,0
48,74,5,3543.53207508677,1522.05291421685,0,0,0,174,0,0,0
48,74,6,4440.22096205257,1551.50459446949,0,0,0,121,0,0,0
48,74,7,22689.1046130316,17737.6339486054,49,0,0,186,0,0,0
48,74,8,0,4,0,0,0,0,0,0,0
48,75,1,3308.80542563448,1358.61194909697,0,0,0,167,0,0,0
48,75,2,2865.28779312165,1175.9982953471,0,0,0,128,0,0,0
48,75,3,3096.20451259571,1902.32786570842,0,0,0,202,0,0,0
48,75,4,3700.77047211494,1326.52876223797,0,0,0,118,0,0,0
48,75,5,3574.45728592708,1711.53079654806,0,0,0,152,0,0,0
48,75,6,4475.31346298643,2390.07006343308,0,0,0,155,0,0,0
48,75,7,22718.5472958093,12506.2902853854,33,0,0,218,0,0,0
48,75,8,0,4,0,0,0,0,0,0,0
48,76,1,3316.29007422577,1382.67200733049,0,0,0,135,0,0,0
48,76,2,2878.62449794718,1608.863035621,0,0,0,117,0,0,0
48,76,3,3118.78256095073,1626.59287025664,0,0,0,190,0,0,0
48,76,4,3728.58006019249,2059.05045305358,0,0,0,132,0,0,0
48,76,5,3608.06586357289,1166.50005292397,0,0,0,171,0,0,0
48,76,6,4537.07977392341,2793.75499808313,5,0,0,178,0,0,0
48,76,7,22747.809266441,8687.00106883545,97,0,0,172,0,0,0
48,76,8,0,4,0,0,0,0,0,0,0
48,77,1,3348.44989917722,966.118637600387,3,0,0,131,0,0,0
48,77,2,2905.65386134727,1135.5164162088,1,0,0,158,0,0,0
48,77,3,3158.18334721221,1268.65961902901,4,0,0,153,0,0,0
48,77,4,3768.08704386244,1362.54158898771,18,0,0,163,0,0,0
48,77,5,3645.48504183327,1830.59543600407,0,0,0,116,0,0,0
48,77,6,4607.72910723315,1765.93719871411,58,0,0,145,0,0,0
48,77,7,22833.8853138629,10591.3210444262,265,0,0,255,0,0,1
48,77,8,0,4,0,0,0,0,0,0,0
48,78,1,3343.04805952119,916.145748982727,0,0,0,96,0,0,0
48,78,2,2909.53643989384,873.041040923958,0,0,0,113,0,0,0
48,78,3,3166.02244954105,1631.07081878526,0,0,0,126,0,0,0
48,78,4,3807.95196459388,2219.8590439663,0,0,0,136,0,0,0
48,78,5,3713.09912839748,1506.91533216394,0,0,0,183,0,0,0
48,78,6,4701.48632501839,2603.57511449765,0,0,0,176,0,0,0
48,78,7,22914.4347526364,6969.55383282796,88,0,0,196,0,0,0
48,78,8,0,4,0,0,0,0,0,0,0
48,79,1,3346.69690338501,2023.49828588692,0,0,0,91,0,0,0
48,79,2,2905.77111250866,1624.69539851838,0,0,0,87,0,0,0
48,79,3,3210.20337554783,1706.75464044518,0,0,0,163,0,0,0
48,79,4,3838.69393090969,1314.74363792845,48,0,0,140,0,0,0
48,79,5,3765.53261730874,1551.87256121062,0,0,0,150,0,0,0
48,79,6,4769.17032040705,2804.59797516063,65,0,0,149,0,0,0
48,79,7,23024.8071491106,11046.6025788454,187,1,0,225,0,0,22
48,79,8,0,4,0,0,0,0,0,0,0
48,80,1,3384.28885247398,1543.65627982619,0,0,0,202,0,0,0
48,80,2,2920.08440879037,1341.64133572901,0,0,0,162,0,0,0
48,80,3,3243.23477004171,788.468649228601,0,0,0,170,0,0,0
48,80,4,3870.05012220813,2524.64703287785,0,0,0,131,0,0,0
48,80,5,3815.57508654621,2334.31606115971,0,0,0,155,0,0,0
48,80,6,4878.12666513457,2362.96977859331,0,1,0,243,0,0,0
48,80,7,23109.1046534944,6193.09582826216,0,38,0,205,0,0,0
48,80,8,0,4,0,0,0,0,0,0,0
48,81,1,3377.19302342707,847.230864988139,0,17,0,122,0,0,0
48,81,2,2921.70536131709,1368.56760028909,0,0,0,134,0,0,0
48,81,3,3223.65676245291,1232.24138607109,0,0,0,78,0,0,0
48,81,4,3887.37441200935,2058.15175326886,0,53,0,151,0,0,0
48,81,5,3841.87798506359,1236.56403275835,0,43,0,150,0,0,0
48,81,6,4912.05189261051,1208.48783476058,0,49,0,143,0,0,0
48,81,7,23153.5346844211,7327.63807259353,0,201,0,226,0,0,0
48,81,8,0,4,0,0,0,0,0,0,0
48,82,1,3374.83679869942,1210.55095586522,0,0,0,84,0,0,0
48,82,2,2924.37082326034,537.926994838915,0,0,0,136,0,0,0
48,82,3,3224.78998863087,1299.13792238618,0,0,0,123,0,0,0
48,82,4,3947.9286817184,2008.53231167658,0,0,0,190,0,0,0
48,82,5,3889.76967579295,2097.70227539503,0,0,0,123,0,0,0
48,82,6,4967.5272538853,2370.19563198636,0,0,0,120,0,0,0
48,82,7,23258.925199314,11674.9112973153,25,0,0,226,0,0,1
48,82,8,0,4,0,0,0,0,0,0,0
48,83,1,3383.9155395397,1227.36767907653,0,0,0,121,0,0,0
48,83,2,2899.45337588368,530.796077442997,0,0,0,53,0,0,0
48,83,3,3237.08677457815,1294.08233281525,0,0,0,129,0,0,0
48,83,4,4003.95464623137,2088.9706332737,0,0,0,200,0,0,0
48,83,5,3974.42914829691,1385.45010878052,0,0,0,186,0,0,0
48,83,6,5062.0435910317,1697.54189333361,1,0,0,179,0,0,0
48,83,7,23340.4156856173,9048.91295710449,25,0,0,219,0,0,0
48,83,8,0,4,0,0,0,0,0,0,0
48,84,1,3423.12287944102,2111.91631336209,0,0,0,122,0,0,0
48,84,2,2875.05795565646,2039.63912659905,0,0,0,53,0,0,0
48,84,3,3286.41624762857,1972.58693034966,0,0,0,129,0,0,0
48,84,4,4077.55602940206,2812.86559000653,2,0,0,188,0,0,0
48,84,5,4048.68169915431,1292.57859754522,0,0,0,138,0,0,0
48,84,6,5161.01285023704,2368.00591702373,0,0,0,169,0,0,0
48,84,7,23450.537677198,12062.7941510689,76,0,0,174,0,0,0
48,84,8,0,4,0,0,0,0,0,0,0
48,85,1,3461.4253094658,1436.23305617069,0,0,0,202,0,0,0
48,85,2,2898.24536465587,1601.32322050855,0,0,0,202,0,0,0
48,85,3,3330.64947584865,1621.49618663182,0,0,0,196,0,0,0
48,85,4,4136.81948890071,1904.27895498972,0,0,0,240,0,0,0
48,85,5,4097.55980126883,1356.33482972052,0,0,0,129,0,0,0
48,85,6,5285.36578327544,2034.83428471568,0,1,0,199,0,0,0
48,85,7,23520.4888227517,8460.43367628593,0,42,0,193,0,0,0
48,85,8,0,4,0,0,0,0,0,0,0
48,86,1,3439.38354405361,1431.05289980673,0,91,0,52,0,0,0
48,86,2,2898.67641780603,905.942137146271,0,70,0,90,0,0,0
48,86,3,3325.89183925972,1169.81643544102,0,75,0,87,0,0,0
48,86,4,4123.6845523948,1786.51879413651,0,84,0,106,0,0,0
48,86,5,4097.34607773394,2248.97717658335,0,53,0,82,0,0,0
48,86,6,5329.81364418979,1244.64162050801,0,116,0,87,0,0,0
48,86,7,23685.1587474162,8923.65314683403,3,267,0,322,0,0,0
48,86,8,0,4,0,0,0,0,0,0,0
48,87,1,3470.72807272311,1425.7315640253,0,0,0,143,0,0,0
48,87,2,2908.6222716779,1512.05423358433,0,0,0,90,0,0,0
48,87,3,3367.51347164604,1873.97874277469,0,0,0,116,0,0,0
48,87,4,4184.34671208915,2233.1364005539,0,0,0,178,0,0,0
48,87,5,4191.6060737868,2361.95831633206,0,0,0,215,0,0,0
48,87,6,5428.34811820264,1404.08634247478,0,0,0,124,0,0,0
48,87,7,23774.0085009746,8699.03597334577,30,0,0,188,0,0,0
48,87,8,0,4,0,0,0,0,0,0,0
48,88,1,3537.87898088849,1949.89059277197,0,0,0,142,0,0,0
48,88,2,2938.72199109442,1893.49723176623,0,0,0,151,0,0,0
48,88,3,3483.04596385165,1331.50542819057,0,0,0,181,0,0,0
48,88,4,4326.73218197459,554.058093295435,1,0,0,191,0,0,0
48,88,5,4336.08256104832,1905.15424782828,0,0,0,236,0,0,0
48,88,6,5533.78570370606,2429.90127696711,0,0,0,140,0,0,0
48,88,7,24013.7706537667,15916.218672256,21,0,0,290,0,0,0
48,88,8,0,4,0,0,0,0,0,0,0
48,89,1,3552.02015395293,1248.23709830943,0,0,0,194,0,0,0
48,89,2,2945.09108749476,1238.494175843,0,0,0,189,0,0,0
48,89,3,3487.39248504282,1500.64775607291,0,0,0,133,0,0,0
48,89,4,4316.0916444194,512.596474712125,0,0,0,55,0,0,0
48,89,5,4369.54413719966,1917.9885121315,0,0,0,186,0,0,0
48,89,6,5625.4004943407,2518.85448269741,0,0,0,242,0,0,0
48,89,7,24038.6038451466,4722.1139962516,28,0,0,217,0,0,0
48,89,8,0,4,0,0,0,0,0,0,0
48,90,1,3562.22251854691,1155.6883351453,0,0,0,124,0,0,0
48,90,2,2940.84055197114,757.839657298733,0,0,0,123,0,0,0
48,90,3,3500.37356974324,1153.1513687909,0,0,0,150,0,0,0
48,90,4,4290.58184335955,1792.89281727723,0,0,0,51,0,0,0
48,90,5,4419.3450091868,1870.35846998334,5,0,0,174,0,0,0
48,90,6,5693.47559884149,2452.89320796687,21,0,0,186,0,0,0
48,90,7,24057.4970101059,9598.06940661693,100,0,0,154,0,0,0
48,90,8,0,4,0,0,0,0,0,0,0
48,91,1,3592.64774877929,1088.11952517751,0,0,0,115,0,0,0
48,91,2,2941.87024668361,1521.47769106697,0,0,0,75,0,0,0
48,91,3,3544.51985058553,1540.97049927945,0,0,0,115,0,0,0
48,91,4,4361.83045912855,977.084784051341,0,0,0,179,0,0,0
48,91,5,4510.50060025474,3158.25886420351,0,0,0,187,0,0,0
48,91,6,5876.38519867158,1616.0904828452,0,0,0,230,0,0,0
48,91,7,24156.0034956739,7647.18133509721,41,0,0,175,0,0,0
48,91,8,0,4,0,0,0,0,0,0,0
48,92,1,3567.36806375245,1144.88071947992,0,55,0,53,0,0,0
48,92,2,2918.5599799846,737.923820866906,0,81,0,71,0,0,0
48,92,3,3520.50704921244,1834.27425384743,0,83,0,71,0,0,0
48,92,4,4342.39519670775,1906.96118048923,0,44,0,53,0,0,0
48,92,5,4539.79410570491,1938.79060294234,0,152,0,162,0,0,0
48,92,6,5896.95797376855,3239.83741287617,0,79,0,82,0,0,0
48,92,7,24192.691805556,6882.83055991641,7,190,0,196,0,0,0
48,92,8,0,4,0,0,0,0,0,0,0
48,93,1,3603.77439782625,2128.2590787442,0,0,0,114,0,0,0
48,93,2,2926.77615033726,1409.12941417222,0,0,0,73,0,0,0
48,93,3,3610.58243019084,1593.63443857197,0,0,0,175,0,0,0
48,93,4,4523.56202725437,1525.91104498237,0,0,0,190,0,0,0
48,93,5,4707.48743454794,954.384796160538,0,0,0,188,0,0,0
48,93,6,6064.67225006963,4366.77340954921,9,0,0,173,0,0,0
48,93,7,24374.8436921847,15823.2622523561,32,0,0,197,0,0,0
48,93,8,0,4,0,0,0,0,0,0,0
48,94,1,3627.80844289004,1288.57246119556,0,0,0,212,0,0,0
48,94,2,2936.00351785215,1602.026206257,0,0,0,140,0,0,0
48,94,3,3638.81840359304,1903.76632206334,0,0,0,159,0,0,0
48,94,4,4561.20858542457,2195.36477146888,0,0,0,152,0,0,0
48,94,5,4732.21395973716,1131.93774648944,0,0,0,95,0,0,0
48,94,6,6168.7310545878,1956.84880769798,4,0,0,226,0,0,0
48,94,7,24458.3629223054,7795.23478787947,23,0,0,375,0,0,0
48,94,8,0,4,0,0,0,0,0,0,0
48,95,1,3614.83334297315,1814.88077112512,77,0,0,51,0,0,0
48,95,2,2932.93017416318,465.41703567987,80,0,0,80,0,0,0
48,95,3,3650.99408346926,1132.01557841182,94,0,0,96,0,0,0
48,95,4,4612.87858818752,1639.75256809755,91,0,0,128,0,0,0
48,95,5,4752.72403271655,2259.70423794718,52,0,0,61,0,0,0
48,95,6,6260.0160239905,3291.92257509481,89,0,0,106,0,0,0
48,95,7,24622.720593284,9234.62945639238,399,0,0,380,0,0,0
48,95,8,0,4,0,0,0,0,0,0,0
48,96,1,3636.97343358176,1327.75836335898,2,0,0,169,0,0,0
48,96,2,2934.9213397034,1892.89390169064,0,0,0,46,0,0,0
48,96,3,3668.10741299598,1198.68321976832,0,0,0,113,0,0,0
48,96,4,4678.86013105663,2049.26571125911,0,0,0,162,0,0,0
48,96,5,4849.33474044162,1432.9298201965,6,0,0,194,0,0,0
48,96,6,6344.8992135701,4104.27743748453,36,0,0,142,0,0,0
48,96,7,24666.9616931962,4539.1702346517,145,0,0,182,0,0,0
48,96,8,0,4,0,0,0,0,0,0,0
48,97,1,3602.64558115621,1776.54183072009,126,0,0,6,0,0,0
48,97,2,2939.39450203016,613.816053621104,96,0,0,93,0,0,0
48,97,3,3659.69792028782,1981.41614454934,73,0,0,46,0,0,0
48,97,4,4700.36586074328,2235.32658423811,96,0,0,108,0,0,0
48,97,5,4858.74747985469,2071.13300176481,62,0,0,81,0,0,0
48,97,6,6434.27285492269,3724.23284125814,187,1,0,168,0,0,3
48,97,7,24703.0295820139,7366.78814118959,178,2,0,166,0,0,4
48,97,8,0,4,0,0,0,0,0,0,0
48,98,1,3676.6075003867,1953.5768363649,0,0,0,167,0,0,0
48,98,2,2940.34254339377,1485.57793078295,0,0,0,61,0,0,0
48,98,3,3783.43257627065,2476.3625878426,0,0,0,190,0,0,0
48,98,4,4810.23832461938,1712.37756053095,1,0,0,188,0,0,2
48,98,5,4945.35004788001,2379.05179690942,2,0,0,166,0,0,0
48,98,6,6608.10608693197,2141.79624622319,13,0,0,195,0,0,0
48,98,7,24747.3492313085,1606.53543253287,39,0,0,189,0,0,0
48,98,8,0,4,0,0,0,0,0,0,0
48,99,1,3682.45250442773,1976.05282731242,66,0,0,116,0,0,0
48,99,2,2947.39582449572,1213.91618236956,25,0,0,118,0,0,0
48,99,3,3796.66047114982,1277.1537003627,86,0,0,144,0,0,0
48,99,4,4824.74255873206,1128.12338102918,55,0,0,105,0,0,0
48,99,5,4980.6872024751,2040.30620985897,82,0,0,139,0,0,0
48,99,6,6658.22325189228,2021.64753260913,75,0,0,124,0,0,0
48,99,7,24700.8951813477,4929.59761819308,32,0,0,122,0,0,0
48,99,8,0,4,0,0,0,0,0,0,0
48,100,1,3714.22749156283,880.029387959937,4,0,0,156,0,0,0
48,100,2,2974.78207925042,631.678223085863,0,0,0,121,0,0,0
48,100,3,3824.73973315535,1335.51367548468,0,0,0,127,0,0,0
48,100,4,4868.9888576114,2159.06815246099,0,0,0,112,0,0,0
48,100,5,5090.08152321057,3102.01184804486,0,0,0,204,0,0,0
48,100,6,6779.12585757241,2999.74288701012,0,0,0,200,0,0,0
48,100,7,24675.2853301501,6334.41684935438,30,0,0,211,0,0,0
48,100,8,0,4,0,0,0,0,0,0,0
49,1,1,2784.904,634.971255283423,27,0,0,53,0,0,0
49,1,2,2784.28,1146.90285669646,48,0,0,46,0,0,0
49,1,3,2777.688,1126.23947324962,25,0,0,19,0,0,0
49,1,4,2785.272,1260.98026277691,46,0,0,48,0,0,0
49,1,5,2773.5216,875.921444749473,3,0,0,0,0,0,0
49,1,6,2786.408,1354.21388292731,34,0,0,48,0,0,0
49,1,7,20365.7471999999,4968.43170676988,48,0,0,25,0,0,0
49,1,8,0,4,34,0,0,41,0,0,0
49,2,1,2787.888,1255.24683702581,0,0,0,63,0,0,0
49,2,2,2799.304,1592.49266643953,0,0,0,114,0,0,0
49,2,3,2790.2144,1029.84520392394,0,0,0,112,0,0,0
49,2,4,2799.24352,678.712406966326,0,0,0,126,0,0,0
49,2,5,2780.7136,1045.37359487894,0,0,0,87,0,0,0
49,2,6,2799.4096,644.054866279112,0,0,0,135,0,0,0
49,2,7,20349.2447999999,6508.48359663713,1,0,0,463,0,0,0
49,2,8,0,4,0,0,0,0,0,0,0
49,3,1,2803.8464,1819.01386524469,0,0,0,125,0,0,0
49,3,2,2823.21504,1373.57022154499,0,0,0,159,0,0,0
49,3,3,2804.784,1091.01683205862,0,0,0,102,0,0,0
49,3,4,2799.25152,1697.14301983735,0,0,0,67,0,0,0
49,3,5,2790.296,1087.77003548399,0,0,0,104,0,0,0
49,3,6,2798.856,1632.01256474954,0,0,0,64,0,0,0
49,3,7,20327.8556799996,8327.72844340585,9,0,0,392,0,0,1
49,3,8,0,4,0,0,0,0,0,0,0
49,4,1,2824.2656,1375.81692293214,0,1,0,167,0,0,0
49,4,2,2842.41536,938.099383192115,0,0,0,137,0,0,0
49,4,3,2815.2976,736.105448845997,0,0,0,109,0,0,0
49,4,4,2822.80352,1604.16233894063,0,0,0,169,0,0,0
49,4,5,2799.912,838.905682094275,0,0,0,108,0,0,0
49,4,6,2819.41248,866.888140835621,0,0,0,159,0,0,0
49,4,7,20243.8153599995,12300.6592047384,0,106,0,157,0,0,0
49,4,8,0,4,0,0,0,0,0,0,0
49,5,1,2830.1536,1417.19356571392,0,27,0,97,0,0,0
49,5,2,2849.12896,1035.32448251306,0,0,0,93,0,0,0
49,5,3,2816.40992,1650.58132788132,0,0,0,73,0,0,0
49,5,4,2840.81152,1578.44957490548,0,8,0,148,0,0,0
49,5,5,2802.7872,1455.23876395365,0,0,0,83,0,0,0
49,5,6,2820.45855999999,819.423873728596,0,0,0,86,0,0,0
49,5,7,20169.5356799994,13738.8654895404,7,211,0,189,0,0,0
49,5,8,0,4,0,0,0,0,0,0,0
49,6,1,2845.7264,1442.30427782106,0,0,0,141,0,0,0
49,6,2,2859.50656,466.557929698801,0,0,0,103,0,0,0
49,6,3,2836.76512,1603.59270577445,0,0,0,165,0,0,0
49,6,4,2860.20192,1156.17831725756,0,0,0,157,0,0,0
49,6,5,2818.089216,1660.18699851054,0,0,0,145,0,0,0
49,6,6,2821.75135999999,1099.95447754649,0,0,0,81,0,0,0
49,6,7,20153.6105599994,4942.28410123105,23,1,0,309,0,0,0
49,6,8,0,4,0,0,0,0,0,0,0
49,7,1,2865.0928,1648.74010032053,0,0,0,144,0,0,0
49,7,2,2863.68032,1469.48062443483,0,0,0,46,0,0,0
49,7,3,2857.81184,1696.61869852189,1,0,0,155,0,0,0
49,7,4,2872.163648,796.923378475355,0,0,0,115,0,0,0
49,7,5,2839.7352832,959.016594321181,1,0,0,161,0,0,0
49,7,6,2832.103296,938.870619424488,0,0,0,109,0,0,0
49,7,7,20113.1633279993,6043.09142186429,69,0,0,189,0,0,0
49,7,8,0,4,0,0,0,0,0,0,0
49,8,1,2892.91796480001,1058.93688681936,0,0,0,164,0,0,0
49,8,2,2884.93748480001,1245.21564755428,0,0,0,146,0,0,0
49,8,3,2883.971328,821.09267798978,0,0,0,169,0,0,0
49,8,4,2876.83353856,1994.27770685954,0,0,0,79,0,0,0
49,8,5,2847.5772672,375.459949511994,0,0,0,95,0,0,0
49,8,6,2843.4370432,994.420546183914,0,0,0,93,0,0,0
49,8,7,20080.4281727992,8963.74659237206,52,0,0,210,0,0,0
49,8,8,0,4,0,0,0,0,0,0,0
49,9,1,2897.76198400001,1357.2434780309,0,0,0,105,0,0,0
49,9,2,2897.39132160001,757.297911794094,0,0,0,124,0,0,0
49,9,3,2882.905408,1651.13801414971,0,0,0,82,0,0,0
49,9,4,2900.41560832001,1547.51960141291,0,0,0,187,0,0,0
49,9,5,2837.7549312,1228.36700837378,0,0,0,37,0,0,0
49,9,6,2848.3622272,1338.66078518265,0,0,0,99,0,0,0
49,9,7,20050.9343487991,5870.90309714367,0,41,0,225,0,0,0
49,9,8,0,4,0,0,0,0,0,0,0
49,10,1,2890.09248000001,1817.73949422931,0,97,0,38,0,0,0
49,10,2,2889.16732160001,807.496059260431,0,34,0,41,0,0,0
49,10,3,2882.621248,901.929164629737,0,74,0,91,0,0,0
49,10,4,2894.27443712001,696.948409701396,0,83,0,71,0,0,0
49,10,5,2832.8816512,951.459564693994,0,54,0,68,0,0,0
49,10,6,2843.6365952,864.694155631216,0,67,0,66,0,0,0
49,10,7,20023.8060287991,8563.02766753233,0,318,0,269,0,0,0
49,10,8,0,4,0,0,0,0,0,0,0
49,11,1,2917.55500800001,880.336098399192,0,0,0,181,0,0,0
49,11,2,2899.02044160001,1429.14328863435,0,0,0,80,0,0,0
49,11,3,2896.128832,1701.79509982474,0,0,0,90,0,0,0
49,11,4,2901.84178432001,1089.87889594841,0,0,0,69,0,0,0
49,11,5,2845.7628672,1308.71302453574,0,0,0,95,0,0,0
49,11,6,2854.51461120001,1442.77898483767,0,0,0,86,0,0,0
49,11,7,20038.7279487992,6522.84795167644,25,0,0,216,0,0,0
49,11,8,0,4,0,0,0,0,0,0,0
49,12,1,2926.24588800001,1976.8674351538,0,0,0,88,0,0,0
49,12,2,2924.34117171201,1707.7359216814,0,0,0,142,0,0,0
49,12,3,2932.49124096,865.621241587801,0,0,0,168,0,0,0
49,12,4,2919.82495539201,1316.41740414438,0,0,0,108,0,0,0
49,12,5,2869.64723200001,2139.34844623385,0,0,0,130,0,0,0
49,12,6,2884.47265280001,1634.34113163583,0,0,0,144,0,0,0
49,12,7,20059.7447577592,7222.23191823203,41,0,0,206,0,0,0
49,12,8,0,4,0,0,0,0,0,0,0
49,13,1,2961.90685440001,511.047207149619,0,0,0,193,0,0,0
49,13,2,2948.74513971201,912.748970505646,0,0,0,157,0,0,0
49,13,3,2947.4959232,1160.13727289504,0,0,0,86,0,0,0
49,13,4,2942.19881830401,826.321803541867,0,0,0,131,0,0,0
49,13,5,2904.38257664,906.634194184649,0,0,0,207,0,0,0
49,13,6,2912.42848000001,2094.15967491621,0,0,0,163,0,0,0
49,13,7,20074.4356377591,9357.62147518942,34,0,0,195,0,0,1
49,13,8,0,4,0,0,0,0,0,0,0
49,14,1,2962.02307840001,1515.76849214545,0,0,0,51,0,0,0
49,14,2,2957.44358451201,1291.76276442255,0,0,0,91,0,0,0
49,14,3,2963.472054272,1031.44541219365,0,0,0,116,0,0,0
49,14,4,2951.72233830401,716.889201598857,0,0,0,82,0,0,0
49,14,5,2915.40638464,839.034066290057,0,0,0,90,0,0,0
49,14,6,2948.49295360001,1859.30977323182,0,0,0,204,0,0,0
49,14,7,20086.3621017591,7147.56210042743,29,0,0,194,0,0,0
49,14,8,0,4,0,0,0,0,0,0,0
49,15,1,2986.22356940801,1773.19257362176,0,0,0,151,0,0,0
49,15,2,2978.674716672,1337.57542380673,0,0,0,129,0,0,0
49,15,3,2977.539244032,1254.45541548417,0,0,0,103,0,0,0
49,15,4,2958.28278630401,802.323495374032,0,0,0,71,0,0,0
49,15,5,2925.43588864,1016.96330954954,0,0,0,83,0,0,0
49,15,6,2987.68304435201,1226.03842757174,0,0,0,183,0,0,0
49,15,7,20099.0491417591,10531.9651533811,89,0,0,185,0,0,0
49,15,8,0,4,0,0,0,0,0,0,0
49,16,1,3015.71645736961,1730.6243698804,0,0,0,177,0,0,0
49,16,2,2992.91087667201,718.744923866169,0,0,0,133,0,0,0
49,16,3,2994.992991232,1835.89971237638,0,0,0,125,0,0,0
49,16,4,2961.38384230401,841.735837669463,0,0,0,80,0,0,0
49,16,5,2941.24012544,1607.28560083516,0,0,0,101,0,0,0
49,16,6,3009.7370778624,1179.97611965888,0,0,0,122,0,0,0
49,16,7,20113.0750489591,7197.02268861966,47,0,0,213,0,0,0
49,16,8,0,4,0,0,0,0,0,0,0
49,17,1,3044.45448466023,975.37623186982,10,0,0,140,0,0,0
49,17,2,2996.77606041601,1837.40371468492,0,0,0,71,0,0,0
49,17,3,3029.366692352,1772.89984042753,4,0,0,171,0,0,0
49,17,4,2973.76047769601,1021.06371051785,0,0,0,84,0,0,0
49,17,5,2971.62975436801,1316.96127694787,3,0,0,151,0,0,0
49,17,6,3035.98611918849,863.066599733164,0,0,0,117,0,0,0
49,17,7,20130.0336563191,5965.61737628213,170,0,0,164,0,0,0
49,17,8,0,4,0,0,0,0,0,0,0
49,18,1,3050.14923026024,995.525599450303,0,0,0,97,0,0,0
49,18,2,3019.45519001601,993.388523654099,2,0,0,178,0,0,0
49,18,3,3051.495537152,385.209054636203,3,0,0,168,0,0,0
49,18,4,2982.21753753601,1498.55450364967,0,0,0,102,0,0,0
49,18,5,2988.77407436801,1014.72099979445,0,0,0,131,0,0,0
49,18,6,3046.77050318849,1035.25319447705,0,0,0,86,0,0,0
49,18,7,20164.694814207,5022.48437319823,138,0,0,223,0,0,0
49,18,8,0,4,0,0,0,0,0,0,0
49,19,1,3062.77089502824,594.677721133719,0,0,0,99,0,0,0
49,19,2,3021.90981795841,1510.73958792851,0,0,0,99,0,0,0
49,19,3,3041.45425715201,1685.7059536533,0,0,0,38,0,0,0
49,19,4,2995.40822045083,1715.19797160753,9,0,0,134,0,0,0
49,19,5,3002.85445836801,713.474028943034,0,0,0,101,0,0,0
49,19,6,3060.74620622849,1030.68426141806,0,0,0,103,0,0,0
49,19,7,20206.9162926069,11496.2326315179,175,0,0,221,0,0,0
49,19,8,0,4,0,0,0,0,0,0,0
49,20,1,3054.74779358824,586.685307607578,0,0,0,59,0,0,0
49,20,2,3028.55554007041,1596.61246429052,0,0,0,151,0,0,0
49,20,3,3058.5696594944,792.790496300871,0,0,0,168,0,0,0
49,20,4,3015.14628125083,513.624981258479,0,0,0,171,0,0,0
49,20,5,3003.25673420801,1316.14433628267,0,0,0,71,0,0,0
49,20,6,3073.54927566849,666.131963628264,0,0,0,103,0,0,0
49,20,7,20256.703556607,11211.4814879727,36,0,0,302,0,0,0
49,20,8,0,4,0,0,0,0,0,0,0
49,21,1,3051.39784670824,2466.02072394582,0,0,0,58,0,0,0
49,21,2,3037.49416407041,1270.89374917955,0,0,0,159,0,0,0
49,21,3,3058.19844925441,1131.30101979541,0,0,0,79,0,0,0
49,21,4,3005.39501085083,1527.60407052126,0,0,0,51,0,0,0
49,21,5,3018.12932300802,782.897680258553,0,0,0,131,0,0,0
49,21,6,3080.23094040987,1756.85080593234,0,0,0,66,0,0,0
49,21,7,20290.610974207,8678.22012365893,40,0,0,201,0,0,0
49,21,8,0,4,0,0,0,0,0,0,0
49,22,1,3077.88417717864,2007.47234117043,13,0,0,198,0,0,0
49,22,2,3039.76168099841,1840.89895456227,0,0,0,127,0,0,0
49,22,3,3058.29341489153,920.191222878698,0,0,0,113,0,0,0
49,22,4,3020.98525409691,1173.83306756481,0,0,0,152,0,0,0
49,22,5,3017.66045900801,1030.92139161884,0,0,0,78,0,0,0
49,22,6,3105.51173400987,1614.82252799281,8,0,0,144,0,0,0
49,22,7,20319.807454207,12524.0965762642,178,0,0,208,0,0,0
49,22,8,0,4,0,0,0,0,0,0,0
49,23,1,3095.14048181864,407.188063394674,1,0,0,184,0,0,0
49,23,2,3054.96527779841,1167.66266438356,0,0,0,180,0,0,0
49,23,3,3048.11611185153,1759.64910344437,0,0,0,92,0,0,0
49,23,4,3024.71246049691,802.457257462555,0,0,0,117,0,0,0
49,23,5,3022.46359500801,667.840294191905,0,0,0,103,0,0,0
49,23,6,3131.14817253787,1435.71263188217,0,0,0,161,0,0,0
49,23,7,20348.771806207,3854.77618302762,70,0,0,180,0,0,0
49,23,8,0,4,0,0,0,0,0,0,0
49,24,1,3083.89447155304,873.326517902814,0,0,0,40,0,0,0
49,24,2,3053.31382394881,1980.92786537782,0,0,0,116,0,0,0
49,24,3,3061.09026014823,860.883377819827,4,0,0,167,0,0,0
49,24,4,3018.12979169691,975.800050376756,0,0,0,80,0,0,0
49,24,5,3019.88330649601,796.151156598587,0,0,0,66,0,0,0
49,24,6,3158.82808382752,1353.47763802557,0,0,0,143,0,0,0
49,24,7,20387.947332607,4966.25424971773,95,0,0,176,0,0,0
49,24,8,0,4,0,0,0,0,0,0,0
49,25,1,3080.98024998504,1634.96802386775,0,0,0,87,0,0,0
49,25,2,3056.75062333442,1558.91542008752,8,0,0,153,0,0,0
49,25,3,3050.38306731623,895.753891182818,0,0,0,86,0,0,0
49,25,4,3010.32499016091,517.952803058264,0,0,0,97,0,0,0
49,25,5,3017.54386329601,1311.51170416276,0,0,0,79,0,0,0
49,25,6,3178.51968062752,835.765149842412,0,0,0,135,0,0,0
49,25,7,20421.464110079,5191.06293584392,62,0,0,206,0,0,0
49,25,8,0,4,0,0,0,0,0,0,0
49,26,1,3095.99291358824,1699.85274454404,0,0,0,163,0,0,0
49,26,2,3062.89794025883,1007.71930523951,0,0,0,155,0,0,0
49,26,3,3046.07782110824,633.065313206933,0,0,0,89,0,0,0
49,26,4,2991.82024837531,1394.2366260626,0,0,0,51,0,0,0
49,26,5,3030.85512937883,1138.72392535791,0,0,0,131,0,0,0
49,26,6,3189.15166178592,663.247447919472,0,0,0,83,0,0,0
49,26,7,20445.9106750454,12710.0840133298,57,0,0,165,0,0,0
49,26,8,0,4,0,0,0,0,0,0,0
49,27,1,3110.73661150824,1148.12276456265,0,0,0,168,0,0,0
49,27,2,3058.61028524443,1393.06994772989,0,0,0,100,0,0,0
49,27,3,3028.00076050024,1563.36930632142,0,0,0,63,0,0,0
49,27,4,2996.77182681499,853.622161999006,0,0,0,139,0,0,0
49,27,5,3038.22282525083,1006.10696071015,0,0,0,113,0,0,0
49,27,6,3199.2241082935,1943.2729623745,0,0,0,66,0,0,0
49,27,7,20481.4571198453,10061.5434507355,35,0,0,224,0,0,0
49,27,8,0,4,0,0,0,0,0,0,0
49,28,1,3116.95794612225,1664.46314095322,0,0,0,114,0,0,0
49,28,2,3058.89626939803,678.126349506194,0,0,0,139,0,0,0
49,28,3,3026.59785384019,1207.19228606601,0,0,0,156,0,0,0
49,28,4,2988.08948134299,1144.74806848458,0,0,0,85,0,0,0
49,28,5,3041.68256285083,2210.84823725732,0,0,0,100,0,0,0
49,28,6,3230.99679002151,2564.17619743648,0,0,0,183,0,0,0
49,28,7,20503.1628478452,6944.006974128,52,0,0,200,0,0,0
49,28,8,0,4,0,0,0,0,0,0,0
49,29,1,3138.43333287348,1094.01269741611,10,0,0,140,0,0,0
49,29,2,3048.82419333531,1063.24363373605,0,0,0,67,0,0,0
49,29,3,3034.43084353619,550.241751829408,0,0,0,120,0,0,0
49,29,4,2992.99678968219,1015.95238499681,0,0,0,114,0,0,0
49,29,5,3060.33161132443,1499.94693509005,27,0,0,149,0,0,0
49,29,6,3266.46154649851,1323.12727288488,47,0,0,132,0,0,0
49,29,7,20538.7929022452,8488.19575604025,189,0,0,203,0,0,0
49,29,8,0,4,0,0,0,0,0,0,0
49,30,1,3142.66579665009,1531.13809707183,0,0,0,109,0,0,0
49,30,2,3046.24296981301,1521.95280664138,0,0,0,106,0,0,0
49,30,3,3022.22964478035,834.475839845225,0,0,0,55,0,0,0
49,30,4,2992.51029645723,891.528900223222,0,0,0,101,0,0,0
49,30,5,3082.29232994715,1576.07836444229,0,0,0,149,0,0,0
49,30,6,3301.60862669051,1539.91791712649,0,0,0,132,0,0,0
49,30,7,20574.2572821492,3975.28436665484,0,43,0,197,0,0,0
49,30,8,0,4,0,0,0,0,0,0,0
49,31,1,3140.83310485387,1317.55351091821,0,11,0,134,0,0,0
49,31,2,3044.58151580469,416.861036458357,0,3,0,147,0,0,0
49,31,3,3000.57390028883,1467.80324027307,0,0,0,83,0,0,0
49,31,4,2981.32630806611,1131.78352645515,0,0,0,89,0,0,0
49,31,5,3087.38446639515,1604.39301935525,0,15,0,131,0,0,0
49,31,6,3323.7524371481,1723.38594885095,0,11,0,135,0,0,0
49,31,7,20585.6053397492,13559.4377220945,0,123,0,188,0,0,0
49,31,8,0,4,0,0,0,0,0,0,0
49,32,1,3145.69815970085,1198.08415834394,0,0,0,131,0,0,0
49,32,2,3019.19680881461,1822.7977270845,0,0,0,41,0,0,0
49,32,3,2999.86709381203,959.030966549378,0,0,0,146,0,0,0
49,32,4,2976.06782066772,1518.12721196018,0,0,0,113,0,0,0
49,32,5,3102.53016679139,1968.29899760255,0,0,0,160,0,0,0
49,32,6,3356.96229681321,648.549686659893,0,0,0,172,0,0,0
49,32,7,20625.4749205492,4739.71513959037,28,0,0,246,0,0,0
49,32,8,0,4,0,0,0,0,0,0,0
49,33,1,3149.08353277835,1531.89225516289,0,0,0,119,0,0,0
49,33,2,3034.5129308424,1868.70266653083,0,0,0,179,0,0,1
49,33,3,2981.83597443565,1902.15986967395,0,0,0,95,0,0,0
49,33,4,2987.61458989549,1485.56431442779,0,0,0,151,0,0,0
49,33,5,3137.84872592099,1039.72016933289,0,0,0,196,0,0,0
49,33,6,3362.49292304143,1388.17107570442,0,0,0,64,0,0,0
49,33,7,20654.5978397889,2987.55592099461,24,0,0,193,0,0,0
49,33,8,0,4,0,0,0,0,0,0,0
49,34,1,3138.74191427467,1675.45832914659,0,70,0,83,0,0,0
49,34,2,3023.92041509046,1503.11457351152,0,89,0,97,0,0,0
49,34,3,2970.66707732973,1127.55951343276,0,70,0,120,0,0,0
49,34,4,2971.52200056653,1808.5143879726,0,66,0,82,0,0,0
49,34,5,3123.25303900899,1587.85755830626,0,65,0,38,0,0,0
49,34,6,3366.21897283343,894.344534935727,0,69,0,69,0,0,0
49,34,7,20659.1753035969,7259.20196141687,0,145,0,153,0,0,0
49,34,8,0,4,0,0,0,0,0,0,0
49,35,1,3159.15001339152,401.313402866266,0,0,0,165,0,0,0
49,35,2,3040.06562694577,1401.95891712693,0,0,0,150,0,0,0
49,35,3,2983.70142081517,1521.07499317593,0,0,0,112,0,0,0
49,35,4,2999.00127221581,1545.32979365989,0,0,0,180,0,0,0
49,35,5,3155.60755315427,1419.35569607818,0,0,0,158,0,0,0
49,35,6,3387.08416487183,1260.06263483954,0,0,0,89,0,0,0
49,35,7,20718.4676325568,8755.47340588039,24,0,0,286,0,0,0
49,35,8,0,4,0,0,0,0,0,0,0
49,36,1,3146.04641973064,2228.569543063,0,0,0,40,0,0,0
49,36,2,3062.5531099398,958.621095137015,0,0,0,140,0,0,0
49,36,3,3001.50396072019,908.942172044779,0,0,0,152,0,0,0
49,36,4,3024.62827435853,611.049698507869,0,0,0,154,0,0,0
49,36,5,3188.15131808892,1945.91499784193,0,0,0,141,0,0,0
49,36,6,3421.44808668943,1527.80145506488,0,0,0,126,0,0,0
49,36,7,20792.0883739021,6328.67418097487,27,0,0,256,0,0,0
49,36,8,0,4,0,0,0,0,0,0,0
49,37,1,3175.08140840365,2141.03032154994,8,0,0,178,0,0,0
49,37,2,3065.85353734032,1124.12238208489,0,0,0,95,0,0,0
49,37,3,3007.32276101613,687.197449187053,0,0,0,90,0,0,0
49,37,4,3022.6970066626,538.36778699571,0,0,0,61,0,0,0
49,37,5,3237.36288015075,1297.11946498676,0,0,0,194,0,0,0
49,37,6,3463.54851643151,1626.67636704036,1,0,0,147,0,0,0
49,37,7,20833.6315623821,5525.59052136228,84,0,0,177,0,0,0
49,37,8,0,4,0,0,0,0,0,0,0
49,38,1,3195.74044978935,1055.57646632899,58,0,0,127,0,0,0
49,38,2,3073.2312761068,378.809789643907,0,0,0,112,0,0,0
49,38,3,3006.67999879268,325.502323795304,0,0,0,68,0,0,0
49,38,4,3019.55414667461,905.315152644336,0,0,0,53,0,0,0
49,38,5,3270.24042521954,1429.73175639439,1,0,0,128,0,0,0
49,38,6,3497.33823080207,1912.24049285149,33,0,0,113,0,0,0
49,38,7,20905.5093971341,5263.38359514142,197,0,0,256,0,0,0
49,38,8,0,4,0,0,0,0,0,0,0
49,39,1,3174.81452338037,1406.75994318647,102,0,0,3,0,0,0
49,39,2,3051.52036169508,1566.28599448663,18,0,0,19,0,0,0
49,39,3,2989.2221232097,1299.8157006242,21,0,0,11,0,0,0
49,39,4,3014.38273980286,1839.95785852869,43,0,0,47,0,0,0
49,39,5,3281.29530252232,1118.09709052451,68,0,0,74,0,0,0
49,39,6,3519.67205936535,945.987035855382,116,0,0,75,0,0,0
49,39,7,20982.9071600463,11816.4293374525,275,0,0,251,0,0,0
49,39,8,0,4,0,0,0,0,0,0,0
49,40,1,3184.25169101784,995.349601202103,0,0,0,140,0,0,0
49,40,2,3058.25084648039,1418.68345063008,0,0,0,156,0,0,0
49,40,3,2988.48165316298,496.344715878084,0,0,0,129,0,0,0
49,40,4,3037.10278586582,1257.82960118087,0,0,0,183,0,0,0
49,40,5,3301.04045390792,1152.94136537195,0,0,0,111,0,0,0
49,40,6,3535.47747970455,1574.28102720644,0,0,0,94,0,0,0
49,40,7,21009.5118750543,9829.28189282162,39,0,0,218,0,0,0
49,40,8,0,4,0,0,0,0,0,0,0
49,41,1,3188.7335087612,952.857930386714,0,0,0,99,0,0,0
49,41,2,3070.19958778061,1294.02200686459,0,0,0,141,0,0,0
49,41,3,2974.95312858482,1386.11174563081,0,0,0,49,0,0,0
49,41,4,3055.75197179626,1451.81066312073,0,0,0,125,0,0,0
49,41,5,3323.15624372783,708.083309831355,0,0,0,115,0,0,0
49,41,6,3576.49598328214,1893.47967668605,0,0,0,157,0,0,0
49,41,7,21047.4052126543,12552.4153186969,63,0,0,197,0,0,0
49,41,8,0,4,0,0,0,0,0,0,0
49,42,1,3188.3373544915,1039.3167770594,0,0,0,95,0,0,0
49,42,2,3079.91398895346,472.741596443487,0,0,0,129,0,0,0
49,42,3,2981.80190551,835.893176402652,0,0,0,138,0,0,0
49,42,4,3076.24855455974,1339.83850571392,0,0,0,145,0,0,0
49,42,5,3325.64813729679,626.559172433345,0,0,0,70,0,0,0
49,42,6,3625.48654107603,997.671800385965,0,0,0,189,0,0,0
49,42,7,21085.6020213583,12565.924129849,45,0,0,210,0,0,0
49,42,8,0,4,0,0,0,0,0,0,0
49,43,1,3201.33112771052,1817.16018336642,0,0,0,103,0,0,0
49,43,2,3065.11889723024,1186.25270759026,0,0,0,47,0,0,0
49,43,3,2971.73440256509,970.359204395258,0,0,0,83,0,0,0
49,43,4,3091.71223994188,637.264245365111,0,0,0,133,0,0,0
49,43,5,3328.89892992911,1046.53629665688,0,0,0,62,0,0,0
49,43,6,3651.07181822931,1515.04873582558,0,0,0,99,0,0,0
49,43,7,21121.9177743182,12129.3656568301,41,0,0,223,0,0,0
49,43,8,0,4,0,0,0,0,0,0,0
49,44,1,3225.58578358502,1547.11839046553,0,0,0,180,0,0,0
49,44,2,3065.22630749168,1105.46559287988,0,0,0,118,0,0,0
49,44,3,2962.84943700477,1810.66933839678,0,0,0,97,0,0,0
49,44,4,3087.77890109342,1132.69633828535,0,0,0,63,0,0,0
49,44,5,3336.77151441028,2400.89116511325,0,0,0,104,0,0,0
49,44,6,3687.76427136144,1359.0670589778,0,0,0,151,0,0,0
49,44,7,21151.3990665079,12846.3948488375,59,0,0,204,0,0,0
49,44,8,0,4,0,0,0,0,0,0,0
49,45,1,3240.32559967418,1727.51156371465,0,0,0,154,0,0,0
49,45,2,3057.94186621526,1746.06747593667,0,0,0,110,0,0,0
49,45,3,2978.97104874063,633.415735730983,0,0,0,177,0,0,0
49,45,4,3094.48667609399,746.539949904073,0,0,0,113,0,0,0
49,45,5,3373.96366474987,1761.05786682324,2,0,0,200,0,0,1
49,45,6,3717.05692675216,1888.63702776463,0,0,0,135,0,0,0
49,45,7,21179.0454358903,6842.5861817315,68,0,0,215,0,0,0
49,45,8,0,4,0,0,0,0,0,0,0
49,46,1,3225.03157447475,795.288108391186,121,0,0,51,0,0,0
49,46,2,3047.27000724432,1658.96961367804,71,0,0,103,0,0,0
49,46,3,2955.03177156346,897.501020647635,41,0,0,22,0,0,0
49,46,4,3075.56663274193,1603.29215666557,37,0,0,37,0,0,0
49,46,5,3382.41687985653,940.350800535114,86,0,0,90,0,0,0
49,46,6,3742.10520145942,1988.04881158389,87,0,0,101,0,0,0
49,46,7,21222.5022709622,11462.0506111711,249,1,0,260,0,0,22
49,46,8,0,4,0,0,0,0,0,0,0
49,47,1,3221.31397988712,1319.37080865671,0,0,0,79,0,0,0
49,47,2,3060.58879595882,925.124358186815,0,0,0,165,0,0,0
49,47,3,2944.02866179425,909.221133718298,0,0,0,89,0,0,0
49,47,4,3095.57620035171,1546.40475089677,0,0,0,160,0,0,0
49,47,5,3387.96288507381,867.61503549577,0,0,0,94,0,0,0
49,47,6,3788.06226288662,2023.90298424179,0,0,0,198,0,0,0
49,47,7,21213.3316848502,6200.694644515,58,0,0,205,0,0,0
49,47,8,0,4,0,0,0,0,0,0,0
49,48,1,3214.13914549882,1180.90260896752,0,76,0,55,0,0,0
49,48,2,3046.50677686722,1144.56450172046,0,44,0,48,0,0,0
49,48,3,2929.72004595761,588.18235892255,0,47,0,43,0,0,0
49,48,4,3099.94123476196,995.065372639676,0,72,0,82,0,0,0
49,48,5,3378.90892600248,981.537481378348,0,46,0,40,0,0,0
49,48,6,3807.53487298991,1969.31239797523,0,122,0,80,0,0,0
49,48,7,21235.6624385704,5666.34195997557,4,207,0,240,0,0,0
49,48,8,0,4,0,0,0,0,0,0,0
49,49,1,3254.40499561979,1928.56877522266,0,0,0,118,0,0,0
49,49,2,3072.82354758121,883.707084391216,0,0,0,114,0,0,0
49,49,3,2936.80447339722,1114.82377605413,0,0,0,58,0,0,0
49,49,4,3129.13544636647,1422.93406356352,0,0,0,99,0,0,0
49,49,5,3415.48469296232,1410.64653477073,0,0,0,98,0,0,0
49,49,6,3891.74528530055,1251.2808393546,2,0,0,176,0,0,0
49,49,7,21302.8383068971,8717.30068613939,38,0,0,190,0,0,0
49,49,8,0,4,0,0,0,0,0,0,0
49,50,1,3275.61069784892,1991.71089193366,0,0,0,183,0,0,0
49,50,2,3077.35513036481,1457.42249730452,0,0,0,88,0,0,0
49,50,3,2951.86075059185,1577.45025657644,0,0,0,111,0,0,0
49,50,4,3147.1601187732,1673.22356655775,0,0,0,142,0,0,0
49,50,5,3443.79142142881,421.986730268999,0,0,0,141,0,0,0
49,50,6,3917.57251770401,1029.76569037418,0,0,0,125,0,0,0
49,50,7,21337.7913399543,5940.8946463037,30,0,0,198,0,0,0
49,50,8,0,4,0,0,0,0,0,0,0
49,51,1,3312.80279062794,1094.08350245723,6,0,0,169,0,0,1
49,51,2,3103.66948205002,1146.74474009846,0,0,0,145,0,0,0
49,51,3,2984.34742174007,691.756814388241,0,0,0,157,0,0,0
49,51,4,3183.05756008978,1098.55484204593,3,0,0,155,0,0,0
49,51,5,3447.64696266727,716.461894679205,0,0,0,42,0,0,0
49,51,6,3948.22265693012,1014.93339147844,0,0,0,102,0,0,0
49,51,7,21366.0543305156,8770.6755878762,108,0,0,159,0,0,0
49,51,8,0,4,0,0,0,0,0,0,0
49,52,1,3326.97248532676,1149.49587644407,0,0,0,109,0,0,0
49,52,2,3116.73860536978,1117.49513919184,0,0,0,114,0,0,0
49,52,3,2988.45086745181,978.768600173532,0,0,0,69,0,0,0
49,52,4,3196.9176752353,813.838613861501,0,0,0,109,0,0,0
49,52,5,3462.42041989393,867.18517355214,0,0,0,71,0,0,0
49,52,6,3979.10077883892,524.279617351694,0,0,0,101,0,0,0
49,52,7,21393.8592411281,9657.77754211252,60,0,0,162,0,0,0
49,52,8,0,4,0,0,0,0,0,0,0
49,53,1,3340.35104947134,2363.79735536983,0,0,0,114,0,0,0
49,53,2,3132.66433287673,762.969925953335,0,0,0,111,0,0,0
49,53,3,2995.46666156558,1375.52492180726,0,0,0,97,0,0,0
49,53,4,3207.81993305659,975.237844791017,0,0,0,81,0,0,0
49,53,5,3474.58276790581,1674.70681694,0,0,0,86,0,0,0
49,53,6,3993.34532402594,1548.0790098129,0,0,0,52,0,0,0
49,53,7,21446.4619029546,6893.81881375445,49,0,0,184,0,0,0
49,53,8,0,4,0,0,0,0,0,0,0
49,54,1,3388.85422191913,1039.80163863154,17,0,0,161,0,0,0
49,54,2,3137.46234611239,972.580039734398,0,0,0,76,0,0,0
49,54,3,3020.18461445717,1205.21219350725,0,0,0,137,0,0,0
49,54,4,3230.57832999842,972.158776726241,0,0,0,97,0,0,0
49,54,5,3525.59441692741,1864.28065544849,0,0,0,167,0,0,0
49,54,6,4085.44616384258,1542.36795131385,0,0,0,154,0,0,0
49,54,7,21510.4708115178,5229.89145690992,115,0,0,183,0,0,0
49,54,8,0,4,0,0,0,0,0,0,0
49,55,1,3401.71202003186,2188.03313141331,0,0,0,103,0,0,0
49,55,2,3143.41908547927,1092.76288004678,0,0,0,97,0,0,0
49,55,3,3036.2440379984,1411.06036646351,0,0,0,120,0,0,0
49,55,4,3243.67206167522,1153.69608150177,0,0,0,97,0,0,0
49,55,5,3582.27920711373,1832.60287701866,3,0,0,173,0,0,0
49,55,6,4145.62970651552,1899.59678404592,0,0,0,154,0,0,0
49,55,7,21552.2397401261,2592.89183957661,112,0,0,170,0,0,4
49,55,8,0,4,0,0,0,0,0,0,0
49,56,1,3413.80084865535,1166.40000581175,46,0,0,145,0,0,0
49,56,2,3147.3421772491,2186.09859838603,0,0,0,109,0,0,0
49,56,3,3046.99859075274,1685.53508722573,0,0,0,141,0,0,0
49,56,4,3255.44736914988,768.073261163226,0,0,0,115,0,0,0
49,56,5,3608.8527991022,1053.1761886273,19,0,0,152,0,0,0
49,56,6,4184.2263566709,1567.72049491231,32,0,0,138,0,0,0
49,56,7,21576.0764434391,6529.10942327748,64,0,0,156,0,0,0
49,56,8,0,4,0,0,0,0,0,0,0
49,57,1,3434.54567400124,818.765320600424,0,0,0,116,0,0,0
49,57,2,3175.72739015666,908.206311445685,2,0,0,187,0,0,0
49,57,3,3080.63833314444,884.227307380311,0,0,0,168,0,0,0
49,57,4,3266.18419976802,1043.49737298121,0,0,0,76,0,0,0
49,57,5,3643.64755198606,2290.93129768366,0,0,0,105,0,0,0
49,57,6,4250.59660228278,2799.46010141618,0,0,0,156,0,0,0
49,57,7,21633.6179725198,9012.6563259686,34,0,0,218,0,0,0
49,57,8,0,4,0,0,0,0,0,0,0
49,58,1,3448.46991863028,1245.34318894755,0,0,0,81,0,0,0
49,58,2,3178.07213328413,771.71989648261,0,0,0,90,0,0,0
49,58,3,3082.24503928214,1467.84783202505,0,0,0,88,0,0,0
49,58,4,3288.96911551975,946.155439434917,0,0,0,104,0,0,0
49,58,5,3703.4349183507,3019.04311367619,0,0,0,205,0,0,0
49,58,6,4331.03937321904,1692.89526760462,2,0,0,207,0,0,0
49,58,7,21716.8269655089,2720.31544525345,23,0,0,294,0,0,2
49,58,8,0,4,0,0,0,0,0,0,0
49,59,1,3472.08891084722,876.424010582126,0,0,0,124,0,0,0
49,59,2,3178.81221269078,718.502700372231,0,0,0,77,0,0,0
49,59,3,3098.66616146427,1895.64790817942,0,0,0,146,0,0,0
49,59,4,3296.09975628495,1145.63839036826,0,0,0,94,0,0,0
49,59,5,3776.83475591843,1398.63847868382,20,0,0,246,0,0,0
49,59,6,4375.99133312771,953.182809140072,7,0,0,148,0,0,0
49,59,7,21746.1612049908,6884.52437149605,30,0,0,191,0,0,0
49,59,8,0,4,0,0,0,0,0,0,0
49,60,1,3471.98827757913,712.722833873131,0,0,0,87,0,0,0
49,60,2,3175.05014172382,2115.42871112927,0,0,0,71,0,0,0
49,60,3,3113.09872602667,1058.82150382658,1,0,0,174,0,0,0
49,60,4,3314.57961782064,1972.97774121708,0,0,0,114,0,0,0
49,60,5,3809.71663109403,1662.35073225962,0,0,0,139,0,0,0
49,60,6,4409.33399246157,1307.68506983522,0,0,0,95,0,0,0
49,60,7,21822.9065354602,13022.5168588818,27,0,0,261,0,0,0
49,60,8,0,4,0,0,0,0,0,0,0
49,61,1,3466.97256269604,2091.65165343441,0,0,0,71,0,0,0
49,61,2,3206.71033381146,1585.28141124517,0,0,0,194,0,0,0
49,61,3,3123.2369658935,1024.96157681881,0,0,0,105,0,0,0
49,61,4,3354.95989316857,1508.54052250357,0,0,0,196,0,0,0
49,61,5,3857.98872584984,603.504352826769,0,0,0,166,0,0,0
49,61,6,4457.84362932865,1580.35961495501,0,0,0,130,0,0,0
49,61,7,21851.4196326008,10857.3514299855,27,0,0,192,0,0,2
49,61,8,0,4,0,0,0,0,0,0,0
49,62,1,3489.35338265194,2254.57333920393,0,0,0,185,0,0,0
49,62,2,3217.47195168235,1460.67063956055,0,0,0,158,0,0,0
49,62,3,3119.55733895919,1198.19461494851,0,0,0,102,0,0,0
49,62,4,3367.98226365729,1028.70780204024,0,0,0,150,0,0,0
49,62,5,3858.31290914822,1303.15382733372,0,0,0,60,0,0,0
49,62,6,4494.10158681622,2607.58633798405,0,0,0,158,0,0,0
49,62,7,21883.0782335061,13974.4872313505,20,0,0,274,0,0,0
49,62,8,0,4,0,0,0,0,0,0,0
49,63,1,3514.70980370729,799.864292298673,0,0,0,216,0,0,0
49,63,2,3221.44302678882,1367.44559249582,0,0,0,146,0,0,0
49,63,3,3117.14641959415,1053.8396475753,0,0,0,119,0,0,0
49,63,4,3366.83594530609,1692.20700848276,0,0,0,102,0,0,0
49,63,5,3871.62988192571,1205.9727337301,0,0,0,130,0,0,0
49,63,6,4562.83248197715,2717.1308422891,0,0,0,260,0,0,0
49,63,7,21882.7292157512,4725.07842215498,21,0,0,214,0,0,9
49,63,8,0,4,0,0,0,0,0,0,0
49,64,1,3508.52631477579,480.235706473389,0,42,0,37,0,0,0
49,64,2,3222.40520743983,1688.42156123851,0,76,0,60,0,0,0
49,64,3,3109.24057228594,933.52525278722,0,51,0,54,0,0,0
49,64,4,3395.29485446305,1617.34708948435,0,71,0,98,0,0,0
49,64,5,3876.31593212287,1259.18079068051,0,67,0,53,0,0,0
49,64,6,4645.89395768959,1804.74411153478,0,124,0,147,0,0,0
49,64,7,21941.908836219,10471.9383823105,0,205,0,236,0,0,12
49,64,8,0,4,0,0,0,0,0,0,0
49,65,1,3509.75632676586,1169.87258910139,0,0,0,48,0,0,0
49,65,2,3276.84167657308,647.118846905002,0,0,0,168,0,0,0
49,65,3,3131.56720888464,1706.40118629792,0,0,0,93,0,0,0
49,65,4,3459.83568794567,802.08045579416,0,0,0,161,0,0,0
49,65,5,3932.74453085084,2598.50284866972,0,0,0,125,0,0,0
49,65,6,4753.34569065937,1464.01139151457,0,0,0,180,0,0,0
49,65,7,22026.5803590745,15572.2677109121,30,0,0,214,0,0,0
49,65,8,0,4,0,0,0,0,0,0,0
49,66,1,3531.02693025203,1395.35731018405,0,0,0,116,0,0,0
49,66,2,3272.7143523244,2317.19303520839,0,0,0,64,0,0,0
49,66,3,3162.52137039707,1345.07130892592,0,0,0,170,0,0,0
49,66,4,3465.59953635083,1529.24873759042,0,0,0,80,0,0,0
49,66,5,3987.10131837956,1523.04216328984,1,0,0,190,0,0,0
49,66,6,4801.02848232002,2899.73098367951,0,0,0,146,0,0,0
49,66,7,22055.1131967077,4085.62176241835,28,0,0,221,0,0,0
49,66,8,0,4,0,0,0,0,0,0,0
49,67,1,3564.09417451993,1376.32179355044,0,0,0,139,0,0,0
49,67,2,3311.75153323282,1017.56312545256,45,0,0,155,0,0,0
49,67,3,3203.18989752272,1488.28234503519,0,0,0,134,0,0,0
49,67,4,3517.07535527344,1744.37232950798,0,0,0,152,0,0,0
49,67,5,4043.83947597095,1701.34759440477,0,0,0,152,0,0,0
49,67,6,4885.24421052477,2791.00470712789,83,0,0,147,0,0,0
49,67,7,22104.4177409853,9053.21624569916,137,0,0,175,0,0,0
49,67,8,0,4,0,0,0,0,0,0,0
49,68,1,3617.08229064616,1377.78099442976,0,0,0,137,0,0,0
49,68,2,3353.25307135387,1240.28118997048,0,0,0,101,0,0,0
49,68,3,3250.56735244682,1527.74035954157,0,0,0,148,0,0,0
49,68,4,3587.98650700205,1789.84498798774,0,0,0,174,0,0,0
49,68,5,4129.32327748347,1496.34059149407,0,0,0,170,0,0,0
49,68,6,5019.63820534332,2970.77302875369,3,0,0,213,0,0,0
49,68,7,22217.9283816545,10334.2511915605,31,0,0,251,0,0,2
49,68,8,0,4,0,0,0,0,0,0,0
49,69,1,3667.99880018051,951.825014795118,0,0,0,137,0,0,0
49,69,2,3404.14559059532,679.843385567974,0,0,0,124,0,0,0
49,69,3,3308.75952482319,1727.51597721086,0,0,0,152,0,0,0
49,69,4,3674.51410280429,2223.06378955869,0,0,0,178,0,0,0
49,69,5,4211.38908282998,1957.38962690235,0,0,0,149,0,0,0
49,69,6,5151.1866826472,1497.42943331674,3,0,0,184,0,0,0
49,69,7,22324.8603870731,7111.869627603,35,0,0,204,0,0,0
49,69,8,0,4,0,0,0,0,0,0,0
49,70,1,3657.87499209642,908.833994295311,63,0,0,32,0,0,0
49,70,2,3396.30518099354,496.249211489629,41,0,0,26,0,0,0
49,70,3,3320.91023441701,2124.40000474843,78,0,0,94,0,0,0
49,70,4,3706.30034100783,1605.30306640482,112,0,0,110,0,0,0
49,70,5,4234.47240189941,1138.0120025559,96,0,0,99,0,0,0
49,70,6,5174.16987455808,2794.74348837995,76,0,0,73,0,0,0
49,70,7,22372.188600263,12982.4472453378,173,4,0,154,0,0,26
49,70,8,0,4,0,0,0,0,0,0,0
49,71,1,3661.46079200062,1510.02543934253,0,0,0,90,0,0,0
49,71,2,3398.42686948538,1260.76351690025,0,0,0,49,0,0,0
49,71,3,3372.49231574742,1037.55492400606,0,0,0,212,0,0,0
49,71,4,3746.4587021612,862.780275444792,0,0,0,160,0,0,0
49,71,5,4274.83913204186,1011.09979068684,0,0,0,113,0,0,0
49,71,6,5245.27221791396,2569.00583246895,4,0,0,181,0,0,0
49,71,7,22370.3409580059,3536.08545661252,52,0,0,243,0,0,0
49,71,8,0,4,0,0,0,0,0,0,0
49,72,1,3683.61837307076,575.41710885568,33,0,0,107,0,0,0
49,72,2,3444.19504793811,1218.54766892183,2,0,0,123,0,0,0
49,72,3,3411.35020881806,2243.08532758245,0,0,0,103,0,0,0
49,72,4,3774.95823972501,1591.06198563482,0,0,0,86,0,0,0
49,72,5,4323.51296450281,1524.50788030556,0,0,0,101,0,0,0
49,72,6,5348.68432385801,1477.27247804353,75,0,0,159,0,0,0
49,72,7,22378.6846028727,11307.9245819252,138,0,0,174,0,0,0
49,72,8,0,4,0,0,0,0,0,0,0
49,73,1,3683.8632284924,1046.48570786133,0,0,0,57,0,0,0
49,73,2,3460.96911133822,1834.91118115372,0,0,0,121,0,0,0
49,73,3,3457.40176241357,2462.15819000982,1,0,0,186,0,0,0
49,73,4,3811.04949828852,757.593330020774,0,0,0,159,0,0,0
49,73,5,4365.76558704963,2020.31976301615,0,0,0,152,0,0,0
49,73,6,5422.63881662565,1475.26295437007,0,0,0,147,0,0,0
49,73,7,22370.0734358825,11293.967554812,33,0,0,207,0,0,0
49,73,8,0,4,0,0,0,0,0,0,0
49,74,1,3702.19924169972,1486.46460869484,0,0,0,104,0,0,0
49,74,2,3501.73716945743,1672.22346115788,0,0,0,183,0,0,0
49,74,3,3515.0119360912,920.507885488402,1,0,0,203,0,0,0
49,74,4,3827.3872956311,1444.25010642557,0,0,0,75,0,0,0
49,74,5,4438.73458579463,1291.71541242453,0,0,0,199,0,0,0
49,74,6,5500.93096266457,2546.54580113453,0,0,0,147,0,0,0
49,74,7,22361.2055145269,8610.43892176859,35,0,0,172,0,0,0
49,74,8,0,4,0,0,0,0,0,0,0
49,75,1,3747.93499180162,887.558298017803,0,0,0,148,0,0,0
49,75,2,3540.8951018632,1277.83616648247,3,0,0,155,0,0,0
49,75,3,3526.13318034055,434.766575980472,0,0,0,92,0,0,0
49,75,4,3876.20542697193,1798.72137848507,0,0,0,144,0,0,0
49,75,5,4497.75055024222,1254.56787479817,0,0,0,129,0,0,0
49,75,6,5641.47748803158,3390.14111955465,11,0,0,208,0,0,0
49,75,7,22391.3024893496,9092.57028339719,160,0,0,211,0,0,1
49,75,8,0,4,0,0,0,0,0,0,0
49,76,1,3760.41305973514,1061.66190250378,0,0,0,88,0,0,0
49,76,2,3573.27227375647,761.33760220413,0,0,0,127,0,0,0
49,76,3,3520.1175131267,1328.64079163056,0,0,0,43,0,0,0
49,76,4,3945.28943256455,1599.71930066577,0,0,0,177,0,0,0
49,76,5,4548.12996464134,1058.38348482256,0,0,0,125,0,0,0
49,76,6,5777.13976406497,3155.26705382476,21,0,0,181,0,0,0
49,76,7,22398.4157494206,18150.6491374577,103,0,0,165,0,0,0
49,76,8,0,4,0,0,0,0,0,0,0
49,77,1,3766.66323669148,1036.24912335525,0,0,0,106,0,0,0
49,77,2,3570.57404559037,1495.56048150946,0,0,0,76,0,0,0
49,77,3,3527.69072518797,2050.6437140572,0,0,0,132,0,0,0
49,77,4,3973.54184996499,1490.50738300314,0,0,0,159,0,0,0
49,77,5,4564.65491283728,1647.19722367327,0,0,0,105,0,0,0
49,77,6,5834.59439147197,2493.0521340817,2,0,0,200,0,0,0
49,77,7,22377.1921486297,9991.38761575346,40,0,0,212,0,0,0
49,77,8,0,4,0,0,0,0,0,0,0
49,78,1,3779.12904631369,1799.71006369275,0,0,0,103,0,0,0
49,78,2,3602.42533298962,1590.7748731238,0,0,0,149,0,0,0
49,78,3,3584.83089841769,1974.511546018,1,0,0,191,0,0,0
49,78,4,4016.13413072934,1317.2426112853,0,0,0,149,0,0,0
49,78,5,4624.96211161572,2034.52803546046,0,0,0,164,0,0,0
49,78,6,5966.37902186263,2414.4358381283,0,0,0,249,0,0,0
49,78,7,22382.4639611746,7509.8152135703,76,0,0,182,0,0,0
49,78,8,0,4,0,0,0,0,0,0,0
49,79,1,3781.40231536636,937.733916703152,94,0,0,67,0,0,0
49,79,2,3614.71599568455,1721.20701297319,30,0,0,123,0,0,0
49,79,3,3593.50508830346,843.582020962364,77,0,0,105,0,0,0
49,79,4,4026.95517128437,1478.78977601624,17,0,0,111,0,0,0
49,79,5,4645.11739782308,2764.63366051371,73,0,0,115,0,0,0
49,79,6,6015.34562957704,2256.38087422581,64,0,0,164,0,0,0
49,79,7,22390.6911004669,4879.85130805729,255,2,0,258,0,0,2
49,79,8,0,4,0,0,0,0,0,0,0
49,80,1,3799.92184060299,947.342477458107,0,0,0,93,0,0,0
49,80,2,3625.37927796359,1111.3724036522,27,0,0,126,0,0,0
49,80,3,3595.61152446665,572.721424773193,0,0,0,84,0,0,0
49,80,4,4044.28045959394,973.535486633335,8,0,0,134,0,0,0
49,80,5,4697.4328979971,1237.66174008456,80,0,0,140,0,0,0
49,80,6,6062.8833390676,3161.69136434963,54,0,0,133,0,0,0
49,80,7,22366.1287207785,12331.4530683001,189,0,0,166,0,0,0
49,80,8,0,4,0,0,0,0,0,0,0
49,81,1,3797.54895612031,1065.69969852223,0,0,0,94,0,0,0
49,81,2,3627.03170957742,1479.38819113052,0,0,0,111,0,0,0
49,81,3,3587.42444023991,2328.2368009796,0,0,0,57,0,0,0
49,81,4,4057.50694229235,1599.68900247193,0,0,0,97,0,0,0
49,81,5,4723.81986856638,2392.28620902654,0,0,0,123,0,0,0
49,81,6,6182.50761780918,2544.32634470528,0,3,0,223,0,0,0
49,81,7,22339.5228315479,4892.48289930144,0,42,0,202,0,0,0
49,81,8,0,4,0,0,0,0,0,0,0
49,82,1,3817.26138985659,970.683737496204,0,0,0,106,0,0,0
49,82,2,3642.64641659549,1210.37515646904,0,18,0,119,0,0,0
49,82,3,3608.8287232102,934.979564505706,0,69,0,122,0,0,0
49,82,4,4095.39516412406,1683.56631541548,0,6,0,150,0,0,0
49,82,5,4785.09105780265,1478.63004149132,0,53,0,154,0,0,0
49,82,6,6248.84699829369,1752.30602124693,0,64,0,152,0,0,0
49,82,7,22309.9057559595,8535.81421897119,0,175,0,203,0,0,1
49,82,8,0,4,0,0,0,0,0,0,0
49,83,1,3818.69958937681,1588.71983079749,0,0,0,97,0,0,0
49,83,2,3654.29940845581,1855.87732799496,0,0,0,121,0,0,0
49,83,3,3623.48525687513,909.297850163729,0,0,0,93,0,0,0
49,83,4,4150.01035847465,883.480914942006,0,0,0,168,0,0,0
49,83,5,4836.55137918377,1093.46061323281,0,0,0,147,0,0,0
49,83,6,6331.92715732261,2674.37445422217,0,0,0,175,0,0,0
49,83,7,22315.7377199198,6946.80142449087,29,0,0,190,0,0,1
49,83,8,0,4,0,0,0,0,0,0,0
49,84,1,3880.28894494448,1974.12821355263,0,0,0,158,0,0,0
49,84,2,3714.87525738024,756.033843029437,0,0,0,185,0,0,0
49,84,3,3655.08899101897,1311.27001954602,0,0,0,90,0,0,0
49,84,4,4176.2588380195,1125.72178474784,0,0,0,88,0,0,0
49,84,5,4883.2800551663,1976.77365113467,0,0,0,109,0,0,0
49,84,6,6577.40658691082,2432.42018637792,0,0,0,234,0,0,7
49,84,7,22424.6136964722,8974.27994157571,20,0,0,281,0,0,2
49,84,8,0,4,0,0,0,0,0,0,0
49,85,1,3936.21486066174,867.818095333279,0,0,0,197,0,0,0
49,85,2,3718.43805161531,1053.33336327978,0,0,0,75,0,0,0
49,85,3,3698.88220863537,807.057433287064,0,0,0,131,0,0,0
49,85,4,4205.50343096072,1803.16768057601,0,0,0,112,0,0,0
49,85,5,4981.88697675705,1280.05753295199,0,0,0,197,0,0,0
49,85,6,6686.1953296078,3109.59318845706,0,0,0,231,0,0,0
49,85,7,22456.498795309,8919.56180009183,26,0,0,186,0,0,5
49,85,8,0,4,0,0,0,0,0,0,0
49,86,1,3935.53618383323,534.57564855379,0,0,0,86,0,0,0
49,86,2,3726.01678599138,1393.2315017742,0,0,0,105,0,0,0
49,86,3,3707.95190707025,2204.69346842799,0,0,0,80,0,0,0
49,86,4,4269.31623728432,1403.11268214412,0,0,0,180,0,0,0
49,86,5,5036.54405207488,3661.38973675643,0,0,0,128,0,0,0
49,86,6,6834.40091480796,4513.41543417251,2,0,0,212,0,0,0
49,86,7,22489.3290999832,15540.2448190314,24,0,0,238,0,0,0
49,86,8,0,4,0,0,0,0,0,0,0
49,87,1,3920.5820135628,1832.47938306271,0,0,0,53,0,0,0
49,87,2,3740.12196662015,2714.60655003475,0,0,0,139,0,0,0
49,87,3,3764.94432954944,2375.97947896727,0,0,0,189,0,0,0
49,87,4,4300.69340411403,1595.73587486411,0,0,0,140,0,0,0
49,87,5,5145.90133325368,2754.59552437339,2,0,0,237,0,0,0
49,87,6,6945.48201682634,2433.07456021111,1,0,0,256,0,0,0
49,87,7,22487.4140188008,8270.20230235015,29,0,0,204,0,0,0
49,87,8,0,4,0,0,0,0,0,0,0
49,88,1,3949.13979165624,1441.84570381578,0,0,0,183,0,0,0
49,88,2,3771.02495897259,922.345079153769,12,0,0,174,0,0,0
49,88,3,3828.51165708713,1359.003986333,0,0,0,237,0,0,0
49,88,4,4355.38808167625,741.567805347636,0,0,0,159,0,0,0
49,88,5,5250.48332472776,2078.27240596067,7,0,0,216,0,0,0
49,88,6,7052.64498594559,1023.37203810179,6,0,0,195,0,0,0
49,88,7,22521.3815062714,11009.9300849651,67,0,0,296,0,0,0
49,88,8,0,4,0,0,0,0,0,0,0
49,89,1,3979.58041265868,1366.4378789095,0,0,0,144,0,0,0
49,89,2,3789.01945055453,2465.05777123417,0,0,0,92,0,0,0
49,89,3,3853.70091105197,1662.82220877482,0,0,0,135,0,0,0
49,89,4,4386.62892513066,1905.87511808837,0,0,0,74,0,0,0
49,89,5,5342.90586685578,2587.52693680602,0,0,0,207,0,0,0
49,89,6,7131.01675929625,4055.85226109554,0,0,0,102,0,0,0
49,89,7,22548.6107285265,7367.79724515129,0,35,0,213,0,0,0
49,89,8,0,4,0,0,0,0,0,0,0
49,90,1,3960.62714685381,1926.41308607112,0,90,0,46,0,0,0
49,90,2,3797.7846197343,1511.45414086115,0,133,0,113,0,0,0
49,90,3,3867.30102526314,1708.21017065068,0,75,0,91,0,0,0
49,90,4,4390.78599728867,1673.36837458607,0,106,0,84,0,0,0
49,90,5,5393.07405129522,2043.47769039068,0,116,0,142,0,0,0
49,90,6,7237.96357318832,1374.38313145672,0,200,0,205,0,0,0
49,90,7,22654.6383660884,12536.3407896409,0,355,0,381,0,0,0
49,90,8,0,4,0,0,0,0,0,0,0
49,91,1,4011.80948534513,768.16482137816,0,0,0,192,0,0,0
49,91,2,3842.17831987589,1780.83045529793,0,0,0,151,0,0,0
49,91,3,3933.45689666647,1469.21716056002,0,0,0,170,0,0,0
49,91,4,4451.43393641037,2428.64629303262,0,0,0,167,0,0,0
49,91,5,5511.57446630941,2529.26535708496,0,0,0,195,0,0,0
49,91,6,7349.55594307913,2471.98847774283,0,0,0,137,0,0,0
49,91,7,22704.0064357826,7839.19312528271,28,0,0,238,0,0,0
49,91,8,0,4,0,0,0,0,0,0,0
49,92,1,4042.0289980354,1544.12521441173,0,0,0,76,0,0,0
49,92,2,3905.35529905376,1265.79630243623,0,0,0,177,0,0,0
49,92,3,3995.41759519053,1143.44796578083,0,0,0,146,0,0,0
49,92,4,4557.1965342809,2564.9023954804,2,0,0,218,0,0,0
49,92,5,5649.70525255947,2553.63980706542,7,0,0,181,0,0,0
49,92,6,7540.43207667574,2815.98760973238,5,0,0,193,0,0,0
49,92,7,22813.9670539717,7625.75414863628,62,0,0,182,0,0,3
49,92,8,0,4,0,0,0,0,0,0,0
49,93,1,4088.78866317269,2126.7058029885,0,0,0,154,0,0,0
49,93,2,3949.99812092031,1764.07455432637,0,0,0,126,0,0,0
49,93,3,4021.99895900059,1034.04885915357,0,0,0,114,0,0,0
49,93,4,4656.9546586175,2134.2697755496,5,0,0,206,0,0,0
49,93,5,5774.64002273015,2861.61176592504,4,0,0,208,0,0,2
49,93,6,7700.15249104166,2529.4505335698,11,0,0,168,0,0,0
49,93,7,22915.81075857,14559.3191934819,54,0,0,196,0,0,8
49,93,8,0,4,0,0,0,0,0,0,0
49,94,1,4137.36507180993,2700.37599643905,0,0,0,182,0,0,0
49,94,2,4005.54128527162,1893.36078544121,0,0,0,176,0,0,0
49,94,3,4043.43508132539,1373.26786195373,0,0,0,103,0,0,0
49,94,4,4737.90309070864,2994.10885383697,0,0,0,206,0,0,0
49,94,5,5843.89005697389,3509.95404574147,3,0,0,167,0,0,0
49,94,6,7847.75244678772,2809.61152999925,0,0,0,252,0,0,0
49,94,7,22950.8467535401,7746.07784001976,38,0,0,182,0,0,0
49,94,8,0,4,0,0,0,0,0,0,0
49,95,1,4214.08727524039,1015.58709726636,17,0,0,175,0,0,0
49,95,2,4074.88259658492,2521.36959198602,0,0,0,189,0,0,0
49,95,3,4126.47477497667,2000.47423201976,0,0,0,137,0,0,0
49,95,4,4830.29672721147,1567.37341207862,22,0,0,166,0,0,4
49,95,5,5987.6850950058,3215.84553900413,27,0,0,198,0,0,0
49,95,6,7998.6429407494,3431.02342035873,21,0,0,162,0,0,0
49,95,7,23067.2943190347,8083.42567236384,105,0,0,194,0,0,0
49,95,8,0,4,0,0,0,0,0,0,0
49,96,1,4232.45191930583,1148.44560828414,0,0,0,101,0,0,0
49,96,2,4126.97674154809,2130.03754479347,15,0,0,171,0,0,0
49,96,3,4194.05999253148,1827.38528331261,7,0,0,161,0,0,0
49,96,4,4922.40169066107,1806.92929964771,0,0,0,156,0,0,0
49,96,5,6140.67337135383,2400.91387274765,29,0,0,166,0,0,1
49,96,6,8151.1228210234,2530.81327279804,33,0,0,172,0,0,0
49,96,7,23184.7999390541,9871.22341424487,119,0,0,197,0,0,0
49,96,8,0,4,0,0,0,0,0,0,0
49,97,1,4257.32951470842,2041.29799937992,0,0,0,114,0,0,0
49,97,2,4181.68802757921,1939.44507875904,0,0,0,213,0,0,0
49,97,3,4234.55044541068,947.471168143893,0,0,0,182,0,0,0
49,97,4,4972.9070962803,2383.83105408776,0,0,0,180,0,0,0
49,97,5,6287.34538471897,2149.34268330559,2,0,0,210,0,0,0
49,97,6,8309.05233067465,3113.45004091172,3,0,0,214,0,0,0
49,97,7,23241.4313340403,6990.22533855096,67,0,0,185,0,0,0
49,97,8,0,4,0,0,0,0,0,0,0
49,98,1,4312.04975006918,1526.31079712653,38,0,0,135,0,0,0
49,98,2,4242.49982078067,918.080653335901,18,0,0,160,0,0,0
49,98,3,4256.92416087251,1223.14861192265,0,0,0,94,0,0,0
49,98,4,5047.41234362974,912.540008112869,57,0,0,135,0,0,0
49,98,5,6443.7386264383,3067.12490450353,21,0,0,177,0,0,0
49,98,6,8490.16993005973,2601.98533706699,94,0,0,142,0,0,0
49,98,7,23405.0028081295,12566.1913817035,245,0,0,258,0,0,0
49,98,8,0,4,0,0,0,0,0,0,0
49,99,1,4344.83820900685,1290.23956365119,0,0,0,152,0,0,0
49,99,2,4265.21595489053,962.217236324824,0,0,0,91,0,0,0
49,99,3,4296.60668932283,1341.11866872782,0,0,0,122,0,0,0
49,99,4,5073.42470638706,2920.77042623816,0,0,0,91,0,0,0
49,99,5,6577.54427748122,4762.72109494672,4,0,0,198,0,0,0
49,99,6,8670.13418401932,2723.10023317584,0,0,0,244,0,0,0
49,99,7,23462.0278025592,16751.1036140059,49,0,0,219,0,0,0
49,99,8,0,4,0,0,0,0,0,0,0
49,100,1,4354.09026287308,2113.5032490724,0,0,0,129,0,0,0
49,100,2,4280.3610008348,1578.83641074223,0,0,0,96,0,0,0
49,100,3,4332.08482375101,873.390835468866,0,0,0,134,0,0,0
49,100,4,5172.51334469219,2279.81861685945,0,0,0,292,0,0,0
49,100,5,6701.51443407295,2681.38620365516,4,0,0,284,0,0,0
49,100,6,8792.28594348402,4473.70813046297,1,0,0,222,0,0,0
49,100,7,23490.8938122559,18416.8265678927,34,0,0,193,0,0,0
49,100,8,0,4,0,0,0,0,0,0,0
50,1,1,2726.728,995.497102961631,0,0,0,81,0,0,0
50,1,2,2720.952,686.991328769018,0,0,0,50,0,0,0
50,1,3,2726.824,772.473113498518,0,0,0,83,0,0,0
50,1,4,2713.144,1440.51484099668,0,0,0,31,0,0,0
50,1,5,2732.184,1090.16022714508,0,0,0,99,0,0,0
50,1,6,2738.4,1489.48886498514,0,0,0,99,0,0,0
50,1,7,20838.6131199999,11012.3179550499,0,0,0,58,0,0,0
50,1,8,0,6,0,0,0,92,0,0,0
50,2,1,2732.8336,808.443760654444,0,0,0,99,0,0,0
50,2,2,2720.144,1462.83171801572,0,0,0,68,0,0,0
50,2,3,2733.0896,884.933106760082,0,0,0,77,0,0,0
50,2,4,2729.1616,1123.69746912907,0,0,0,144,0,0,0
50,2,5,2741.672,1386.39162316269,0,0,0,109,0,0,0
50,2,6,2758.8624,1240.55440363291,0,0,0,148,0,0,0
50,2,7,20786.6243199998,4920.28788543463,10,13,0,188,0,0,0
50,2,8,0,6,0,0,0,0,0,0,0
50,3,1,2734.1296,1489.74632814758,0,0,0,80,0,0,0
50,3,2,2735.304,1708.68374622319,0,0,0,146,0,0,0
50,3,3,2740.7472,692.082472147052,0,0,0,88,0,0,0
50,3,4,2738.01888,1269.482961655,0,0,0,112,0,0,0
50,3,5,2756.7424,889.306303865043,0,0,0,138,0,0,0
50,3,6,2772.1984,1267.50972595184,0,0,0,124,0,0,0
50,3,7,20738.7311999998,8100.22460270698,126,0,0,175,0,0,0
50,3,8,0,6,0,0,0,0,0,0,0
50,4,1,2747.9744,1295.37206685649,0,0,0,148,0,0,0
50,4,2,2755.73088,1301.9233029749,0,0,0,170,0,0,0
50,4,3,2735.5552,1178.50090918596,0,0,0,69,0,0,0
50,4,4,2750.16128,1316.89342112378,0,0,0,126,0,0,0
50,4,5,2762.64512,784.799027464543,0,0,0,88,0,0,0
50,4,6,2785.01088,468.275709558074,0,0,0,126,0,0,0
50,4,7,20706.0863999997,7349.77790747181,37,0,0,210,0,0,0
50,4,8,0,6,0,0,0,0,0,0,0
50,5,1,2742.55232,1425.64804343973,0,63,0,66,0,0,0
50,5,2,2747.63648,1790.52998074015,0,82,0,48,0,0,0
50,5,3,2724.8432,725.230893326277,0,63,0,54,0,0,0
50,5,4,2745.62688,1242.01583049183,0,68,0,63,0,0,0
50,5,5,2754.86112,1225.08906861712,0,53,0,25,0,0,0
50,5,6,2777.91648,620.3948139605,0,14,0,32,0,0,0
50,5,7,20673.9981439997,12498.7735432553,4,232,0,260,0,0,1
50,5,8,0,6,0,0,0,0,0,0,0
50,6,1,2764.5984,967.000491320214,0,0,0,142,0,0,0
50,6,2,2778.34496,1399.17635754154,0,0,0,176,0,0,0
50,6,3,2734.9936,1643.96724988532,0,0,0,72,0,0,0
50,6,4,2763.82496,1091.51515128441,0,0,0,124,0,0,0
50,6,5,2773.22112,2075.23864819287,0,0,0,122,0,0,0
50,6,6,2783.60288,692.65644688327,0,0,0,62,0,0,0
50,6,7,20671.0048639997,11977.9471687877,29,0,0,193,0,0,0
50,6,8,0,6,0,0,0,0,0,0,0
50,7,1,2775.56032,1923.52236047304,0,0,0,96,0,0,0
50,7,2,2800.93792,1904.69764793947,0,0,0,139,0,0,0
50,7,3,2761.40959999999,755.036022784728,0,0,0,164,0,0,0
50,7,4,2780.73056,1249.03305490174,0,0,0,109,0,0,0
50,7,5,2805.87904,887.728627016634,0,0,0,198,0,0,0
50,7,6,2786.66847999999,1500.47341547942,0,0,0,69,0,0,0
50,7,7,20672.6720639997,8567.14937955235,22,0,0,205,0,0,0
50,7,8,0,6,0,0,0,0,0,0,0
50,8,1,2808.528,921.247040055008,0,0,0,192,0,0,0
50,8,2,2829.66432,1066.25431586146,0,0,0,188,0,0,0
50,8,3,2768.9632,1200.1689037069,0,0,0,75,0,0,0
50,8,4,2796.619264,724.37599895309,0,0,0,124,0,0,0
50,8,5,2814.990848,1130.8349481679,0,0,0,88,0,0,0
50,8,6,2808.05887999999,1459.69464380379,0,0,0,150,0,0,0
50,8,7,20667.0650879997,9803.49494223427,73,0,0,193,0,0,0
50,8,8,0,6,0,0,0,0,0,0,0
50,9,1,2824.656256,1700.4802537999,0,0,0,92,0,0,0
50,9,2,2843.99392,463.77634456978,0,0,0,106,0,0,0
50,9,3,2782.71232,1222.5646580314,0,0,0,120,0,0,0
50,9,4,2803.706624,929.244635569411,0,0,0,72,0,0,0
50,9,5,2832.8218368,1454.28070492733,0,0,0,113,0,0,0
50,9,6,2834.32544,1198.37213000248,0,0,0,145,0,0,0
50,9,7,20668.3029119996,5466.79716943477,61,0,0,202,0,0,0
50,9,8,0,6,0,0,0,0,0,0,0
50,10,1,2841.684352,1291.34296957945,18,0,0,134,0,0,0
50,10,2,2840.302464,1705.07301639242,0,0,0,46,0,0,0
50,10,3,2795.67424,914.157791666895,0,0,0,122,0,0,0
50,10,4,2809.137344,846.998755473445,0,0,0,92,0,0,0
50,10,5,2854.0451968,1239.02385330447,2,0,0,141,0,0,0
50,10,6,2849.559872,1361.97333126257,0,0,0,119,0,0,0
50,10,7,20663.9679359996,7218.9009563864,172,0,0,202,0,0,0
50,10,8,0,6,0,0,0,0,0,0,0
50,11,1,2855.397312,1937.02485003041,0,0,0,129,0,0,0
50,11,2,2863.19616,1735.37234007776,0,0,0,170,0,0,0
50,11,3,2798.84288,723.666703812805,0,0,0,91,0,0,0
50,11,4,2808.9846272,970.999209366265,0,0,0,84,0,0,0
50,11,5,2869.6023168,1665.84804764565,0,0,0,123,0,0,0
50,11,6,2866.302592,929.539749556668,0,0,0,136,0,0,0
50,11,7,20670.5144319996,12634.5989577844,60,0,0,219,0,0,0
50,11,8,0,6,0,0,0,0,0,0,0
50,12,1,2881.6097024,863.729611749302,0,0,0,190,0,0,0
50,12,2,2883.0378112,1373.64691369888,0,0,0,173,0,0,0
50,12,3,2797.12128,1031.42696841855,0,0,0,72,0,0,0
50,12,4,2812.9014272,1178.8324454656,0,0,0,97,0,0,0
50,12,5,2889.964280832,727.698374705464,0,0,0,166,0,0,0
50,12,6,2875.138368,1320.46444775254,0,0,0,92,0,0,0
50,12,7,20670.3333759996,5995.85626679723,38,0,0,195,0,0,0
50,12,8,0,6,0,0,0,0,0,0,0
50,13,1,2886.3341184,1198.30679689157,0,0,0,86,0,0,0
50,13,2,2896.27822080001,947.969747043894,0,0,0,137,0,0,0
50,13,3,2802.785152,551.424643934901,0,0,0,103,0,0,0
50,13,4,2824.27545856001,818.637095303667,0,0,0,117,0,0,0
50,13,5,2894.435896832,1302.04285691019,0,0,0,72,0,0,0
50,13,6,2895.640576,760.972946355488,0,0,0,132,0,0,0
50,13,7,20673.7299199995,11131.5846847372,109,0,0,196,0,0,0
50,13,8,0,6,0,0,0,0,0,0,0
50,14,1,2893.57186304,1236.59385698054,0,0,0,119,0,0,0
50,14,2,2898.05332480001,1411.93718127032,0,0,0,94,0,0,0
50,14,3,2795.47347200001,858.518171357884,0,0,0,55,0,0,0
50,14,4,2823.87001856001,1355.78499402956,0,0,0,81,0,0,0
50,14,5,2907.728274432,1120.47347150911,0,0,0,130,0,0,0
50,14,6,2898.736896,990.638008975951,0,0,0,76,0,0,0
50,14,7,20706.6195839994,6095.73990547998,43,0,0,321,0,0,0
50,14,8,0,6,0,0,0,0,0,0,0
50,15,1,2901.28328704,792.609077890474,0,0,0,123,0,0,0
50,15,2,2902.68149760001,1733.2261947333,0,0,0,141,0,0,0
50,15,3,2796.21177600001,1295.80778288174,0,0,0,85,0,0,0
50,15,4,2833.33947136,924.443498290476,0,0,0,135,0,0,0
50,15,5,2917.116447232,1876.28574475311,0,0,0,112,0,0,0
50,15,6,2906.60915200001,1745.86421818584,0,0,0,99,0,0,0
50,15,7,20712.0256639994,5266.07414873951,153,0,0,182,0,0,0
50,15,8,0,6,0,0,0,0,0,0,0
50,16,1,2900.33000704,1152.54393457644,0,0,0,79,0,0,0
50,16,2,2915.95996467201,1036.0971124849,0,0,0,173,0,0,0
50,16,3,2798.65830400001,1962.23036707169,0,0,0,129,0,0,0
50,16,4,2831.37627392001,830.187755243413,0,0,0,92,0,0,0
50,16,5,2926.44145655808,1567.72645906067,22,0,0,134,0,0,0
50,16,6,2928.7922688,867.907868996832,3,0,0,167,0,0,0
50,16,7,20720.6758399994,10173.0125067747,141,0,0,188,0,0,0
50,16,8,0,6,0,0,0,0,0,0,0
50,17,1,2901.72207104001,1336.1255907328,0,0,0,115,0,0,0
50,17,2,2913.19465267201,1013.99212989813,0,0,0,103,0,0,0
50,17,3,2811.80096000001,937.501972528587,0,0,0,195,0,0,0
50,17,4,2824.93640192001,348.752819024679,0,0,0,83,0,0,0
50,17,5,2942.52326135809,1045.97779923877,0,0,0,156,0,0,0
50,17,6,2934.4073728,1605.04923667294,0,0,0,86,0,0,0
50,17,7,20731.8892799994,11126.2513966791,43,0,0,206,0,0,0
50,17,8,0,6,0,0,0,0,0,0,0
50,18,1,2912.08001024001,1096.77242470056,0,0,0,133,0,0,0
50,18,2,2908.51211776002,2005.70833618356,0,0,0,101,0,0,0
50,18,3,2803.01290240001,1390.95300458998,0,0,0,93,0,0,0
50,18,4,2811.61120512001,1098.51380770011,0,0,0,34,0,0,0
50,18,5,2949.88902135809,956.797151246854,0,0,0,104,0,0,0
50,18,6,2958.65512960001,787.015668484568,0,0,0,160,0,0,0
50,18,7,20744.7990399993,2639.07306282347,36,0,0,213,0,0,0
50,18,8,0,6,0,0,0,0,0,0,0
50,19,1,2897.12887040001,1048.64371371678,87,0,0,22,0,0,0
50,19,2,2905.07676160002,1849.31543847081,90,0,0,110,0,0,0
50,19,3,2786.64490240001,1052.27277173579,76,0,0,63,0,0,0
50,19,4,2795.27399936001,575.721446531144,68,0,0,41,0,0,0
50,19,5,2944.37424580609,1027.5043148112,42,0,0,53,0,0,0
50,19,6,2950.16002560001,1187.35691268798,51,0,0,27,0,0,0
50,19,7,20736.5363199993,7956.94469749063,136,0,0,127,0,0,0
50,19,8,0,6,0,0,0,0,0,0,0
50,20,1,2906.48803840001,2000.27151149174,0,0,0,104,0,0,0
50,20,2,2930.27531509762,810.438739587872,0,0,0,182,0,0,0
50,20,3,2791.06737920001,1022.68859206582,0,0,0,105,0,0,0
50,20,4,2789.32409395201,900.297054892488,0,0,0,57,0,0,0
50,20,5,2949.00050884609,1425.82908283692,0,0,0,102,0,0,0
50,20,6,2964.68044800001,1884.36537823989,0,0,0,118,0,0,0
50,20,7,20714.9897983992,10801.3881724666,33,0,0,206,0,0,0
50,20,8,0,6,0,0,0,0,0,0,0
50,21,1,2937.17282560002,1529.07456576621,0,0,0,200,0,0,0
50,21,2,2934.76375848962,1251.14747430937,0,0,0,81,0,0,0
50,21,3,2793.51656704001,1093.47490957328,0,0,0,102,0,0,0
50,21,4,2791.14367795201,1396.66291768019,0,0,0,90,0,0,0
50,21,5,2966.42608836609,749.355268518714,0,0,0,142,0,0,0
50,21,6,2994.12126156801,1817.57943298584,0,0,0,188,0,0,0
50,21,7,20714.7869183991,6874.14723792014,24,0,0,289,0,0,0
50,21,8,0,6,0,0,0,0,0,0,0
50,22,1,2956.99301376002,1180.88981218217,0,0,0,152,0,0,0
50,22,2,2943.29216808962,980.442100705821,0,0,0,125,0,0,0
50,22,3,2791.25945344001,1162.45180383947,0,0,0,109,0,0,0
50,22,4,2803.20884326401,826.727010882085,0,0,0,139,0,0,0
50,22,5,2966.53845956609,1839.56294267565,0,0,0,74,0,0,0
50,22,6,3021.45854668801,1039.50692094804,1,0,0,176,0,0,0
50,22,7,20679.281190399,10624.4869278795,151,0,0,156,0,0,1
50,22,8,0,6,0,0,0,0,0,0,0
50,23,1,2960.87993344002,585.827014918697,0,0,0,118,0,0,0
50,23,2,2942.44037058562,2033.96184328021,0,0,0,98,0,0,0
50,23,3,2795.68295168001,1136.56055201644,0,0,0,116,0,0,0
50,23,4,2801.85467688961,1504.41753837115,0,0,0,82,0,0,0
50,23,5,2991.01334980609,1155.86594167687,0,0,0,182,0,0,0
50,23,6,3031.51071948801,1406.32100108051,0,0,0,103,0,0,0
50,23,7,20656.5409382389,4890.00911552734,64,0,0,174,0,0,1
50,23,8,0,6,0,0,0,0,0,0,0
50,24,1,2946.03933900802,408.798219417441,0,29,0,29,0,0,0
50,24,2,2939.38877378562,1213.21793628325,0,116,0,87,0,0,0
50,24,3,2783.43245568001,1385.44847016031,0,65,0,48,0,0,0
50,24,4,2797.11431608321,943.88071107064,0,68,0,82,0,0,0
50,24,5,2983.76728412571,1643.28423170518,0,60,0,55,0,0,0
50,24,6,3028.42531993601,997.303654864945,0,82,0,58,0,0,0
50,24,7,20631.1262182389,3005.81824814392,5,160,0,150,0,0,0
50,24,8,0,6,0,0,0,0,0,0,0
50,25,1,2942.90054092802,1095.68121734812,0,0,0,40,0,0,0
50,25,2,2959.72259891202,1025.05438737122,0,0,0,121,0,0,0
50,25,3,2804.39578368002,1021.41922539678,1,0,0,137,0,0,0
50,25,4,2809.75368888321,1141.54382313703,0,0,0,94,0,0,0
50,25,5,3007.49942671771,1383.17696877356,22,0,0,131,0,0,0
50,25,6,3043.24306073601,890.032561245477,0,0,0,99,0,0,0
50,25,7,20636.2372479989,10288.4583327132,88,0,0,168,0,0,0
50,25,8,0,6,0,0,0,0,0,0,0
50,26,1,2955.58956953602,1245.0679025062,0,0,0,109,0,0,0
50,26,2,2972.26386677762,830.589130298638,0,0,0,102,0,0,0
50,26,3,2818.17442508802,1474.48054160702,0,0,0,102,0,0,0
50,26,4,2825.00300728321,726.053471979712,0,0,0,114,0,0,0
50,26,5,3033.47461826971,1373.49225152513,0,0,0,138,0,0,0
50,26,6,3063.75617177601,755.099219816163,0,0,0,89,0,0,0
50,26,7,20660.6235207668,12733.5640744167,30,0,0,212,0,0,0
50,26,8,0,6,0,0,0,0,0,0,0
50,27,1,2976.63754854402,1264.5860521426,0,0,0,124,0,0,0
50,27,2,2979.34781173762,1282.24459794801,0,0,0,83,0,0,0
50,27,3,2840.18488268801,1638.88675839691,0,0,0,147,0,0,0
50,27,4,2834.71220664322,1990.4222925252,0,0,0,72,0,0,0
50,27,5,3065.62973634971,554.277434292918,0,0,0,137,0,0,0
50,27,6,3078.47651737602,1569.38197156074,0,0,0,75,0,0,0
50,27,7,20683.2055009268,8956.08429722505,27,0,0,191,0,0,0
50,27,8,0,6,0,0,0,0,0,0,0
50,28,1,2990.70566307842,639.571178302943,0,0,0,126,0,0,0
50,28,2,2994.79684904962,1653.58474368004,0,0,0,128,0,0,0
50,28,3,2857.16116428801,891.017462121395,4,0,0,138,0,0,0
50,28,4,2859.76655288321,1282.19526834851,3,0,0,179,0,0,0
50,28,5,3073.09829826971,888.633655802577,0,0,0,55,0,0,0
50,28,6,3109.33311897602,1185.60415295964,0,0,0,156,0,0,0
50,28,7,20687.6248929268,10078.3045635771,117,0,0,169,0,0,0
50,28,8,0,6,0,0,0,0,0,0,0
50,29,1,2987.94421207042,1124.56568321542,0,0,0,63,0,0,0
50,29,2,3025.73793035881,955.730500307221,0,0,0,165,0,0,0
50,29,3,2863.20624128001,1303.85240750148,0,0,0,89,0,0,0
50,29,4,2877.36944056322,1524.75609238463,0,0,0,128,0,0,0
50,29,5,3085.68031181211,1953.36037268924,0,0,0,88,0,0,0
50,29,6,3128.89401948162,1240.99431246095,0,0,0,118,0,0,0
50,29,7,20706.2260961268,11631.6697641602,74,0,0,180,0,0,0
50,29,8,0,6,0,0,0,0,0,0,0
50,30,1,3005.57762334722,1076.67143562948,0,0,0,112,0,0,0
50,30,2,3041.01960449641,1335.71656497728,0,0,0,95,0,0,0
50,30,3,2880.56562534401,895.840277577242,0,0,0,130,0,0,0
50,30,4,2904.69975941122,1460.55217114066,0,0,0,152,0,0,0
50,30,5,3130.48308810139,1714.33968521033,0,0,0,195,0,0,0
50,30,6,3162.01088612354,929.475421029033,0,0,0,124,0,0,0
50,30,7,20732.7960161267,5931.95434508298,58,0,0,179,0,0,1
50,30,8,0,6,0,0,0,0,0,0,0
50,31,1,3016.80319354881,1274.40523806482,0,0,0,107,0,0,0
50,31,2,3055.04728313448,1180.40081635365,0,0,0,133,0,0,0
50,31,3,2883.36090470401,1013.42430393692,0,0,0,89,0,0,0
50,31,4,2919.69591377922,884.867236975776,0,0,0,146,0,0,0
50,31,5,3152.46015705499,691.949681889075,16,0,0,137,0,0,0
50,31,6,3175.38271383554,1951.30022822208,0,0,0,92,0,0,0
50,31,7,20760.4672481267,3018.33674438154,164,0,0,247,0,0,0
50,31,8,0,6,0,0,0,0,0,0,0
50,32,1,3005.15003502593,692.75714892046,94,0,0,24,0,0,0
50,32,2,3051.69401126914,1517.44116109274,50,0,0,63,0,0,0
50,32,3,2878.09625446401,739.146294158614,27,0,0,71,0,0,0
50,32,4,2914.23083130882,1247.53804467486,23,0,0,63,0,0,0
50,32,5,3154.02282314139,586.99854172039,9,0,0,59,0,0,0
50,32,6,3193.36507697153,599.622525514735,81,0,0,106,0,0,0
50,32,7,20774.8573281267,3265.78026315938,127,0,0,162,0,0,0
50,32,8,0,6,0,0,0,0,0,0,0
50,33,1,3009.63792443394,1761.47171458138,0,0,0,69,0,0,0
50,33,2,3078.05923991554,2429.72379852844,4,0,0,142,0,0,0
50,33,3,2881.68557670401,1160.27955108789,0,0,0,73,0,0,0
50,33,4,2926.04851056642,996.443069756494,0,0,0,124,0,0,0
50,33,5,3156.27067466139,1079.09268393217,0,0,0,58,0,0,0
50,33,6,3201.72763125761,997.136157933586,0,0,0,59,0,0,0
50,33,7,20779.588696165,3148.4631209426,60,0,0,181,0,0,0
50,33,8,0,6,0,0,0,0,0,0,0
50,34,1,3011.43475533825,1221.67888511823,117,0,0,59,0,0,0
50,34,2,3089.0802206245,1487.48434393895,129,0,0,113,0,0,0
50,34,3,2882.68556339201,662.289749982929,44,0,0,72,0,0,0
50,34,4,2917.38442250242,1195.78317648705,48,0,0,51,0,0,0
50,34,5,3153.35160744347,1413.90005565369,53,0,0,54,0,0,0
50,34,6,3204.06395965441,1395.12884930643,46,0,0,53,0,0,0
50,34,7,20772.925016165,7892.57150038086,149,0,0,165,0,0,0
50,34,8,0,6,0,0,0,0,0,0,0
50,35,1,3038.90790485198,1174.80258075214,0,0,0,122,0,0,0
50,35,2,3128.55849832138,1182.5768386762,0,0,0,148,0,0,0
50,35,3,2890.34309734401,1651.13786007118,0,0,0,66,0,0,0
50,35,4,2939.04742103042,691.511556959724,0,0,0,119,0,0,0
50,35,5,3179.748982109,949.771708316719,0,0,0,141,0,0,0
50,35,6,3240.46836459111,1331.09193722314,0,0,0,139,0,0,0
50,35,7,20755.9931369662,11881.5004912999,34,0,0,204,0,0,0
50,35,8,0,6,0,0,0,0,0,0,0
50,36,1,3064.25554787534,1710.34237258105,0,0,0,117,0,0,0
50,36,2,3154.83886020642,873.058846274134,0,0,0,118,0,0,0
50,36,3,2926.72150597633,904.733972894272,0,0,0,165,0,0,0
50,36,4,2943.20623769602,1550.05070984971,0,0,0,69,0,0,0
50,36,5,3200.18829768051,879.094865425712,0,0,0,94,0,0,0
50,36,6,3275.35171325462,1258.32799520822,0,0,0,133,0,0,0
50,36,7,20737.4841956541,13559.3018029015,27,0,0,188,0,0,0
50,36,8,0,6,0,0,0,0,0,0,0
50,37,1,3097.04842409166,1206.04716778578,0,0,0,171,0,0,0
50,37,2,3165.66630743689,1289.80350059594,0,0,0,87,0,0,0
50,37,3,2933.87778289665,498.067242691441,0,0,0,90,0,0,0
50,37,4,2964.75831367682,708.252919269053,0,0,0,155,0,0,0
50,37,5,3208.77796601612,2035.55001270458,0,0,0,87,0,0,0
50,37,6,3290.08985730073,1523.74318247139,0,0,0,125,0,0,0
50,37,7,20703.7032036541,14474.8272084224,28,0,0,182,0,0,0
50,37,8,0,6,0,0,0,0,0,0,0
50,38,1,3117.07743595726,2024.20714839817,0,0,0,120,0,0,0
50,38,2,3181.98291782158,959.546268686078,0,0,0,128,0,0,0
50,38,3,2931.33197031425,1092.37202807471,0,0,0,49,0,0,0
50,38,4,2968.18649415682,1311.68480420916,0,0,0,70,0,0,0
50,38,5,3244.85986879162,1702.73848957705,0,0,0,200,0,0,0
50,38,6,3310.56035879962,1162.95145677561,0,0,0,152,0,0,0
50,38,7,20675.7606260925,9135.3635018833,27,0,0,222,0,0,0
50,38,8,0,6,0,0,0,0,0,0,0
50,39,1,3142.6355546022,1499.29961788805,55,0,0,130,0,0,0
50,39,2,3189.31757289998,1409.2287588067,3,0,0,92,0,0,0
50,39,3,2946.14341005723,1196.15606631484,0,0,0,109,0,0,0
50,39,4,2990.62049054722,804.308134791482,0,0,0,131,0,0,0
50,39,5,3278.18810459916,1319.06208273254,13,0,0,153,0,0,0
50,39,6,3322.83200583828,994.423718387646,4,0,0,111,0,0,0
50,39,7,20699.4958085308,3921.84422875627,360,0,0,423,0,0,5
50,39,8,0,6,0,0,0,0,0,0,0
50,40,1,3157.50195557582,1078.10203167026,25,0,0,102,0,0,0
50,40,2,3209.81464275879,1443.84400297249,0,0,0,140,0,0,0
50,40,3,2959.65572880385,1568.99923451709,0,0,0,119,0,0,0
50,40,4,2999.43317225474,1399.87533607561,0,0,0,80,0,0,0
50,40,5,3286.64516271884,816.554962796353,13,0,0,107,0,0,0
50,40,6,3336.13982904878,610.624436480299,0,0,0,99,0,0,0
50,40,7,20682.8837342601,6731.46729076892,128,0,0,148,0,0,0
50,40,8,0,6,0,0,0,0,0,0,0
50,41,1,3182.10601799271,1222.61436764837,0,0,0,107,0,0,0
50,41,2,3229.61629487435,1520.50463547852,0,0,0,144,0,0,0
50,41,3,2986.85855809947,1156.40757275417,0,0,0,156,0,0,0
50,41,4,3022.03539912705,1147.4509599588,0,0,0,139,0,0,0
50,41,5,3293.11504584869,1687.2724742545,0,0,0,81,0,0,0
50,41,6,3344.11957870413,2079.54645922172,0,0,0,61,0,0,0
50,41,7,20691.3963962391,6115.76106377242,32,0,0,238,0,0,0
50,41,8,0,6,0,0,0,0,0,0,0
50,42,1,3190.49026633729,1681.8751834448,0,0,0,122,0,0,0
50,42,2,3248.17646333874,1660.09642400562,0,0,0,152,0,0,0
50,42,3,2996.22892700059,1341.25091327799,0,0,0,115,0,0,0
50,42,4,3027.66604130305,1081.90521523188,0,0,0,114,0,0,0
50,42,5,3316.65875026757,1398.68577756194,0,0,0,168,0,0,0
50,42,6,3366.76049848698,1736.81653048891,3,0,0,170,0,0,0
50,42,7,20680.1998650391,7631.28965767707,38,0,0,217,0,0,0
50,42,8,0,6,0,0,0,0,0,0,0
50,43,1,3222.68544760301,1523.82049985088,0,0,0,168,0,0,0
50,43,2,3281.76189600993,1824.94895393038,0,0,0,166,0,0,0
50,43,3,3014.63440939009,676.90299086511,0,0,0,134,0,0,0
50,43,4,3040.25546048636,989.797955409601,0,0,0,108,0,0,0
50,43,5,3341.07714093156,1801.33702374255,0,0,0,139,0,0,0
50,43,6,3410.04689888474,1385.32892005913,0,0,0,172,0,0,0
50,43,7,20691.9156916828,7521.30681249983,37,0,0,216,0,0,0
50,43,8,0,6,0,0,0,0,0,0,0
50,44,1,3243.75319459595,1940.57157601561,0,0,0,152,0,0,0
50,44,2,3311.55916852449,1146.22168778062,0,0,0,182,0,0,0
50,44,3,3008.38749946266,1027.25231429685,0,0,0,67,0,0,0
50,44,4,3044.67699139709,1077.86520125458,0,0,0,98,0,0,0
50,44,5,3370.14702920599,540.000451186492,0,0,0,180,0,0,0
50,44,6,3433.82021572622,2343.19500266393,0,0,0,138,0,0,0
50,44,7,20685.6384341432,6426.85953186289,50,0,0,200,0,0,0
50,44,8,0,6,0,0,0,0,0,0,0
50,45,1,3248.60430008076,2316.63729663578,122,0,0,72,0,0,0
50,45,2,3300.08930204798,1257.55099832397,66,0,0,48,0,0,0
50,45,3,3000.05817377588,1558.31580405542,63,0,0,39,0,0,0
50,45,4,3041.61417973418,238.200172331324,61,0,0,46,0,0,0
50,45,5,3362.57980638513,1768.80455207911,26,0,0,28,0,0,0
50,45,6,3462.78948901486,1919.65329474772,117,0,0,117,0,0,0
50,45,7,20696.7954289368,8156.22960624375,189,3,0,204,0,0,2
50,45,8,0,6,0,0,0,0,0,0,0
50,46,1,3285.66033972594,2085.32581254866,9,0,0,173,0,0,0
50,46,2,3327.28892879035,1606.80031541068,0,0,0,125,0,0,0
50,46,3,3026.8561402282,1086.93441302957,0,0,0,155,0,0,0
50,46,4,3030.05652203178,624.49466267859,0,0,0,23,0,0,0
50,46,5,3399.06747127089,563.095428003089,0,0,0,172,0,0,0
50,46,6,3503.17048860404,1873.7246504983,0,0,0,191,0,0,0
50,46,7,20657.5665246794,7949.86995708914,102,0,0,154,0,0,0
50,46,8,0,6,0,0,0,0,0,0,0
50,47,1,3301.03071108401,381.904453342796,19,0,0,136,0,0,0
50,47,2,3353.94097306947,2845.66796107421,0,0,0,160,0,0,0
50,47,3,3031.30955132683,1915.75846584038,0,0,0,108,0,0,0
50,47,4,3031.04034478229,904.003573576473,0,0,0,62,0,0,0
50,47,5,3394.11498990897,1752.99667985438,0,0,0,56,0,0,0
50,47,6,3530.75992790772,941.907633555215,7,0,0,158,0,0,0
50,47,7,20628.3548372554,11313.4065355937,145,0,0,243,0,0,0
50,47,8,0,6,0,0,0,0,0,0,0
50,48,1,3291.05571783984,1784.31298902513,0,0,0,38,0,0,0
50,48,2,3385.95730310876,1895.57780484807,4,0,0,217,0,0,0
50,48,3,3054.17031297451,1396.14038651893,0,0,0,191,0,0,0
50,48,4,3038.46095949973,1543.46753422022,0,0,0,90,0,0,0
50,48,5,3420.52078083458,973.661492196201,0,0,0,175,0,0,0
50,48,6,3538.43707872559,1729.70020182709,0,0,0,94,0,0,0
50,48,7,20624.4708340502,10509.8924480081,51,0,0,264,0,0,0
50,48,8,0,6,0,0,0,0,0,0,0
50,49,1,3334.90232626775,909.146951337502,0,0,0,173,0,0,0
50,49,2,3432.70756826712,1359.30931942958,1,0,0,175,0,0,0
50,49,3,3079.72569232524,910.676918189715,0,0,0,139,0,0,0
50,49,4,3062.18518059157,900.292428950637,0,0,0,154,0,0,0
50,49,5,3435.78463394285,1478.80771407309,0,0,0,97,0,0,0
50,49,6,3589.07730464751,2319.31611186492,0,0,0,172,0,0,0
50,49,7,20621.0154885746,7512.82474008723,59,0,0,204,0,0,1
50,49,8,0,6,0,0,0,0,0,0,0
50,50,1,3334.66634360685,1342.090024651,0,0,0,90,0,0,0
50,50,2,3457.06073964861,1257.657394505,0,0,0,135,0,0,0
50,50,3,3078.81679332492,1013.25350979769,0,0,0,91,0,0,0
50,50,4,3066.48959586961,1105.23439146098,0,0,0,90,0,0,0
50,50,5,3452.21579513566,1724.71826747076,0,1,0,142,0,0,0
50,50,6,3626.39394829827,1229.0149570433,0,22,0,160,0,0,0
50,50,7,20618.8344086129,8460.99964373803,0,145,0,287,0,0,0
50,50,8,0,6,0,0,0,0,0,0,0
50,51,1,3350.31480374238,1412.8875467029,0,0,0,134,0,0,0
50,51,2,3471.36348519705,826.089801600242,0,0,0,125,0,0,0
50,51,3,3086.02499386835,1382.7443041275,0,0,0,101,0,0,0
50,51,4,3079.85754165121,2340.41819477682,0,0,0,110,0,0,0
50,51,5,3486.04059849787,1123.49925457784,0,0,0,169,0,0,0
50,51,6,3651.47682869768,2000.50413568028,0,0,0,122,0,0,0
50,51,7,20642.2388981361,9052.09689801957,23,0,0,263,0,0,0
50,51,8,0,6,0,0,0,0,0,0,0
50,52,1,3365.7431269344,679.100278480815,0,0,0,141,0,0,0
50,52,2,3466.32977113393,1561.50427254313,0,0,0,82,0,0,0
50,52,3,3095.89502902862,1342.60164154126,0,0,0,138,0,0,0
50,52,4,3118.73473093669,1478.18578005269,0,0,0,228,0,0,0
50,52,5,3499.38535989757,1514.45588097412,0,0,0,112,0,0,0
50,52,6,3693.11585794345,1041.92105627724,0,0,0,180,0,0,0
50,52,7,20642.9790918461,8308.01649953487,25,0,0,222,0,0,0
50,52,8,0,6,0,0,0,0,0,0,0
50,53,1,3365.90422388645,659.604588166725,0,0,0,67,0,0,0
50,53,2,3489.63676545256,1209.0861756191,0,0,0,156,0,0,0
50,53,3,3104.51780283876,1960.15625622046,0,0,0,134,0,0,0
50,53,4,3143.87726229541,1344.81946021089,0,0,0,147,0,0,0
50,53,5,3528.2638520504,1428.55967972677,0,0,0,151,0,0,0
50,53,6,3714.54833053091,1330.08823730613,0,0,0,104,0,0,0
50,53,7,20641.6784110602,6809.54472118278,27,0,0,207,0,0,0
50,53,8,0,6,0,0,0,0,0,0,0
50,54,1,3358.51694650023,785.48244625617,0,0,0,65,0,0,0
50,54,2,3505.63473288346,1880.37696212268,0,0,0,120,0,0,0
50,54,3,3136.48368338817,755.796049199957,2,0,0,181,0,0,0
50,54,4,3163.98027199049,1392.35503692817,0,0,0,134,0,0,0
50,54,5,3556.81591088455,839.495436925756,0,0,0,142,0,0,0
50,54,6,3746.51612352674,1290.50390907922,0,0,0,133,0,0,0
50,54,7,20649.3946211436,9334.31236249442,76,0,0,185,0,0,0
50,54,8,0,6,0,0,0,0,0,0,0
50,55,1,3351.80223018881,1429.52373937755,0,0,0,78,0,0,0
50,55,2,3526.36652941618,2114.28783264154,0,0,0,176,0,0,0
50,55,3,3129.48167157633,1194.23562727232,0,0,0,75,0,0,0
50,55,4,3176.51607842991,1103.69116590117,0,0,0,139,0,0,0
50,55,5,3562.34569539693,2063.5884858327,0,0,0,83,0,0,0
50,55,6,3769.48036535698,1619.43131122174,0,0,0,129,0,0,0
50,55,7,20634.6529004652,10754.8090156613,0,39,0,175,0,0,0
50,55,8,0,6,0,0,0,0,0,0,0
50,56,1,3340.47050189869,1048.33067225643,0,82,0,60,0,0,0
50,56,2,3527.82430233049,624.929514667078,0,108,0,103,0,0,0
50,56,3,3115.54169754865,1107.59993487117,0,51,0,68,0,0,0
50,56,4,3165.08717658287,719.952441263086,0,56,0,54,0,0,0
50,56,5,3568.61687694476,853.980691393392,0,97,0,109,0,0,0
50,56,6,3774.33811127488,1733.56894843924,0,89,0,72,0,0,0
50,56,7,20714.5668761953,7556.02606974231,1,414,0,469,0,0,0
50,56,8,0,6,0,0,0,0,0,0,0
50,57,1,3353.16320514983,1053.9048509018,0,0,0,104,0,0,0
50,57,2,3533.17798785497,1110.67173747538,0,0,0,62,0,0,0
50,57,3,3129.8125248491,1861.41002945612,0,0,0,110,0,0,0
50,57,4,3173.19346921647,994.540851811923,0,0,0,71,0,0,0
50,57,5,3588.25687726119,1139.80292801743,0,0,0,85,0,0,0
50,57,6,3830.86205919658,1886.00619684028,0,0,0,173,0,0,0
50,57,7,20754.6403435554,9824.11775024859,34,0,0,187,0,0,0
50,57,8,0,6,0,0,0,0,0,0,0
50,58,1,3374.72211599369,801.533810154331,0,0,0,105,0,0,0
50,58,2,3556.673178448,633.185702521829,0,0,0,111,0,0,0
50,58,3,3173.97851220168,2005.35862100715,0,0,0,186,0,0,0
50,58,4,3191.614456452,1950.86095559372,0,0,0,99,0,0,0
50,58,5,3618.42360616081,1876.6953450959,0,0,0,113,0,0,0
50,58,6,3902.95534054381,995.963947189804,0,0,0,188,0,0,0
50,58,7,20807.2982674129,10441.9720009073,31,0,0,195,0,0,0
50,58,8,0,6,0,0,0,0,0,0,0
50,59,1,3386.50095252796,1712.35687457056,0,0,0,80,0,0,0
50,59,2,3562.58931843494,1778.31399604792,0,0,0,63,0,0,0
50,59,3,3212.23689693227,939.639880902768,0,0,0,167,0,0,3
50,59,4,3244.82076433722,1547.13554176378,0,0,0,167,0,0,0
50,59,5,3671.58384218314,2214.18960373498,0,0,0,184,0,0,0
50,59,6,3951.59749407743,2037.43702088136,0,0,0,99,0,0,0
50,59,7,20865.9069970295,3348.61383157911,28,0,0,191,0,0,4
50,59,8,0,6,0,0,0,0,0,0,0
50,60,1,3422.11013007133,1352.22067808197,12,0,0,152,0,0,0
50,60,2,3596.06439055948,1131.62314950939,24,0,0,139,0,0,0
50,60,3,3227.00373622749,814.14521846052,0,0,0,93,0,0,0
50,60,4,3285.62099076105,1049.05534206307,4,0,0,148,0,0,0
50,60,5,3703.12178552858,1164.44711763171,59,0,0,127,0,0,0
50,60,6,4001.15840355439,1911.8141293448,34,0,0,149,0,0,0
50,60,7,20914.5895956292,6148.54377619368,95,0,0,182,0,0,0
50,60,8,0,6,0,0,0,0,0,0,0
50,61,1,3444.17583378124,1462.82628408549,0,0,0,135,0,0,0
50,61,2,3608.52772375214,895.739585938076,0,0,0,113,0,0,0
50,61,3,3236.50911492094,2005.01906314088,0,0,0,81,0,0,0
50,61,4,3300.58876215919,1224.65493069195,0,0,0,104,0,0,0
50,61,5,3729.09736964908,1918.02232684977,0,0,0,116,0,0,0
50,61,6,4060.3392159882,422.372458620761,0,0,0,191,0,0,0
50,61,7,20943.0906115908,8260.22061259994,45,0,0,167,0,0,0
50,61,8,0,6,0,0,0,0,0,0,0
50,62,1,3474.34607592213,1580.71700969894,0,0,0,146,0,0,0
50,62,2,3618.88325199696,1476.4196545921,0,0,0,89,0,0,0
50,62,3,3271.95335152679,1854.02908148762,0,0,0,198,0,0,0
50,62,4,3328.14936130998,1194.08492058347,0,0,0,122,0,0,0
50,62,5,3781.19102125584,744.530936645088,0,0,0,191,0,0,0
50,62,6,4068.66715453506,1964.52605477016,0,0,0,42,0,0,0
50,62,7,20988.3013405508,12036.9061883437,33,0,0,191,0,0,0
50,62,8,0,6,0,0,0,0,0,0,0
50,63,1,3521.0672456947,884.594809983078,0,0,0,158,0,0,0
50,63,2,3660.09063060072,1469.77083579507,0,0,0,147,0,0,0
50,63,3,3315.3412634311,1266.66367112869,0,0,0,185,0,0,0
50,63,4,3361.70757465668,1663.24667420586,0,0,0,119,0,0,0
50,63,5,3813.1596015428,1691.58113909268,0,0,0,74,0,0,0
50,63,6,4165.19366396912,1778.61689960084,0,0,0,196,0,0,0
50,63,7,21045.8327506797,10563.5453001771,30,0,0,194,0,0,0
50,63,8,0,6,0,0,0,0,0,0,0
50,64,1,3537.36051842882,1644.78293290898,0,0,0,88,0,0,0
50,64,2,3691.74224854322,1853.21032731274,0,0,0,146,0,0,0
50,64,3,3338.40485212058,927.702829000343,0,0,0,126,0,0,0
50,64,4,3404.09073434259,983.827114913304,0,0,0,166,0,0,0
50,64,5,3868.31382414487,1799.66156676681,0,0,0,169,0,0,0
50,64,6,4228.80351192769,1540.18208263529,0,0,0,177,0,0,0
50,64,7,21106.351484824,5450.41227418295,31,0,0,241,0,0,1
50,64,8,0,6,0,0,0,0,0,0,0
50,65,1,3569.84275390271,2008.30145991945,12,0,0,139,0,0,0
50,65,2,3730.61825355849,1635.94756590781,21,0,0,141,0,0,0
50,65,3,3344.16941762163,1249.92027725876,0,0,0,92,0,0,0
50,65,4,3426.31159497742,1448.7327879803,0,0,0,98,0,0,0
50,65,5,3925.89745751428,1070.73319230713,11,0,0,156,0,0,0
50,65,6,4292.81812812669,1035.62351846647,0,0,0,154,0,0,0
50,65,7,21173.8691076313,5038.82580784374,157,0,0,214,0,0,0
50,65,8,0,6,0,0,0,0,0,0,0
50,66,1,3594.81097574515,1098.50851794628,17,0,0,142,0,0,0
50,66,2,3766.27783681423,1481.8193962489,2,0,0,155,0,0,0
50,66,3,3367.70322007782,1005.45357453176,0,0,0,124,0,0,0
50,66,4,3449.95813480476,1485.48899663969,0,0,0,144,0,0,0
50,66,5,3944.32516263105,1389.76614044983,0,0,0,107,0,0,0
50,66,6,4321.8926688362,1481.63209776501,0,0,0,103,0,0,0
50,66,7,21207.4782806437,11712.9308735538,104,0,0,158,0,0,2
50,66,8,0,6,0,0,0,0,0,0,0
50,67,1,3634.02046110738,1585.32001970475,0,0,0,109,0,0,0
50,67,2,3810.02541368554,1739.49573642725,0,0,0,148,0,0,0
50,67,3,3393.5904842915,812.08397004864,0,0,0,100,0,0,0
50,67,4,3484.14323822109,1821.0940968305,0,0,0,148,0,0,0
50,67,5,4003.5261129207,1376.66785424975,0,0,0,138,0,0,0
50,67,6,4403.32041446986,2172.77079335268,0,0,0,148,0,0,0
50,67,7,21289.4529556457,11636.8360284469,40,0,0,207,0,0,0
50,67,8,0,6,0,0,0,0,0,0,0
50,68,1,3699.54697215983,1066.08882055648,0,0,0,158,0,0,0
50,68,2,3876.52427468637,1452.7011696575,0,0,0,173,0,0,0
50,68,3,3394.43037532431,1231.64964331317,0,0,0,81,0,0,0
50,68,4,3551.41173562325,1900.02013322686,0,0,0,182,0,0,0
50,68,5,4078.01018023164,909.169856709963,0,0,0,137,0,0,0
50,68,6,4553.76232302744,1070.60938342983,0,0,0,217,0,0,0
50,68,7,21382.662547649,8690.70766044277,23,2,0,221,0,0,0
50,68,8,0,6,0,0,0,0,0,0,0
50,69,1,3733.13443485976,884.51814102187,0,0,0,106,0,0,0
50,69,2,3932.78784970349,2196.95107782525,0,0,0,145,0,0,0
50,69,3,3426.00650604004,1534.78213247372,0,0,0,123,0,0,0
50,69,4,3585.18867998768,1142.12052823112,6,0,0,171,0,0,0
50,69,5,4109.68820146553,2794.05790615482,0,0,0,90,0,0,0
50,69,6,4606.92052591852,1646.73554313453,0,0,0,107,0,0,0
50,69,7,21458.572305712,14197.6625257122,210,0,0,211,0,0,0
50,69,8,0,6,0,0,0,0,0,0,0
50,70,1,3744.9359253315,2622.71859009543,0,0,0,88,0,0,0
50,70,2,3971.98063686205,1235.85444454105,0,0,0,214,0,0,0
50,70,3,3437.29285968714,990.409546713031,0,0,0,153,0,0,0
50,70,4,3593.94098304941,1183.59762770785,0,0,0,114,0,0,0
50,70,5,4157.28098128184,1893.5223994768,3,0,0,206,0,0,0
50,70,6,4648.70770538323,2215.7460229553,0,0,0,164,0,0,0
50,70,7,21494.1262727136,8242.78601396265,47,0,0,203,0,0,3
50,70,8,0,6,0,0,0,0,0,0,0
50,71,1,3792.37877851395,1300.82860528361,70,0,0,150,0,0,0
50,71,2,4022.86158133627,1725.91184365098,0,0,0,123,0,0,0
50,71,3,3457.59439717017,1610.41127283688,0,0,0,99,0,0,0
50,71,4,3617.01373402324,768.483128613794,0,0,0,118,0,0,0
50,71,5,4239.9309014535,2873.41079992086,20,0,0,156,0,0,0
50,71,6,4775.30437186785,2634.76571548891,49,0,0,143,0,0,0
50,71,7,21629.3603826145,7513.53561016513,313,0,0,323,0,0,0
50,71,8,0,6,0,0,0,0,0,0,0
50,72,1,3830.25245127207,1276.63803211175,5,0,0,120,0,0,0
50,72,2,4090.19130928161,3148.3529309668,6,0,0,161,0,0,0
50,72,3,3492.06343211252,2401.02923135211,6,0,0,150,0,0,0
50,72,4,3612.6651976882,732.721548780748,0,0,0,76,0,0,0
50,72,5,4351.93708695153,2274.76962535123,67,0,0,166,0,0,0
50,72,6,4886.23155934524,2142.37988819013,74,0,0,130,0,0,0
50,72,7,21765.1499639553,9577.05476315145,257,0,0,286,0,0,0
50,72,8,0,6,0,0,0,0,0,0,0
50,73,1,3862.95409730019,914.469771522117,0,0,0,127,0,0,0
50,73,2,4191.31737196938,1541.54129312701,11,0,0,189,0,0,0
50,73,3,3563.77987162013,2218.53540001856,0,0,0,212,0,0,3
50,73,4,3609.8421560482,2317.87187417564,0,0,0,73,0,0,0
50,73,5,4528.79010390782,1865.83360706673,1,0,0,209,0,0,0
50,73,6,5101.24700970236,2838.7001387834,1,0,0,181,0,0,2
50,73,7,21855.2103351302,8395.81357787198,72,0,0,184,0,0,0
50,73,8,0,6,0,0,0,0,0,0,0
50,74,1,3873.30364084137,1736.47726633201,0,0,0,91,0,0,0
50,74,2,4226.70028181324,2324.64927544104,0,0,0,154,0,0,0
50,74,3,3607.28830468093,1484.21583916361,12,0,0,179,0,0,0
50,74,4,3657.02388405705,1785.39535954717,16,0,0,177,0,0,0
50,74,5,4572.7671061809,1417.01733805619,11,0,0,149,0,0,0
50,74,6,5221.8906650744,1932.03449050645,32,0,0,172,0,0,0
50,74,7,21923.7432085266,8665.32917064962,187,0,0,201,0,0,0
50,74,8,0,6,0,0,0,0,0,0,0
50,75,1,3910.97550825706,1401.1413737336,3,0,0,151,0,0,9
50,75,2,4282.53873736919,1600.93120060959,10,0,0,189,0,0,0
50,75,3,3636.660919587,1553.63284922268,0,0,0,148,0,0,0
50,75,4,3686.73219069577,1055.54268232624,1,0,0,174,0,0,0
50,75,5,4619.27170426535,1125.37522960031,0,0,0,141,0,0,0
50,75,6,5310.46161523631,1748.93915502187,0,0,0,193,0,0,0
50,75,7,21990.0803728255,9073.05006387633,152,0,0,169,0,0,13
50,75,8,0,6,0,0,0,0,0,0,0
50,76,1,3955.33302138723,1159.29514658158,0,0,0,140,0,0,0
50,76,2,4338.70535920603,2245.52360051836,3,0,0,148,0,0,0
50,76,3,3678.42657027778,1872.9779995819,0,0,0,155,0,0,0
50,76,4,3710.5374975094,2199.32165291574,0,0,0,105,0,0,0
50,76,5,4669.17876773842,2906.58196523891,0,0,0,112,0,0,0
50,76,6,5412.06920486326,1783.80338987856,0,0,0,174,0,0,0
50,76,7,22086.1282628006,12857.4186347769,163,0,0,227,0,0,2
50,76,8,0,6,0,0,0,0,0,0,0
50,77,1,3967.52325947042,2030.03918749206,0,0,0,115,0,0,0
50,77,2,4388.63864306334,1506.25543624998,1,0,0,209,0,0,0
50,77,3,3709.25558302545,1955.0074051579,0,0,0,187,0,0,0
50,77,4,3745.77568136096,1868.20648564365,0,0,0,219,0,0,0
50,77,5,4741.99198242643,2152.69810855704,2,0,0,233,0,0,0
50,77,6,5486.45334357927,2360.08797197005,0,0,0,178,0,0,0
50,77,7,22133.6419785262,2041.56578048922,78,0,0,209,0,0,0
50,77,8,0,6,0,0,0,0,0,0,0
50,78,1,3978.82318204558,1592.49252147206,65,0,0,112,0,0,0
50,78,2,4405.96413668238,1861.86495501664,14,0,0,131,0,0,0
50,78,3,3718.52844710175,1130.70613490293,52,0,0,122,0,0,0
50,78,4,3758.36884232701,1405.6274011993,16,0,0,164,0,0,0
50,78,5,4742.97832441646,1751.65698265489,52,0,0,142,0,0,0
50,78,6,5542.02246197753,1860.89176819734,60,0,0,152,0,0,0
50,78,7,22156.2883498329,8170.87531300515,51,0,0,132,0,0,0
50,78,8,0,6,0,0,0,0,0,0,0
50,79,1,4025.84091513482,956.38963979851,0,0,0,159,0,0,0
50,79,2,4445.04831596661,2010.6316581221,0,0,0,186,0,0,0
50,79,3,3719.55374801678,1973.76992309192,0,0,0,113,0,0,0
50,79,4,3784.34163293865,2103.62313517233,0,0,0,140,0,0,0
50,79,5,4787.3040285142,2036.32280322642,0,0,0,175,0,0,0
50,79,6,5623.319152842,1507.3539469533,0,0,0,182,0,0,0
50,79,7,22188.8719009777,12395.0642191096,30,0,0,183,0,0,0
50,79,8,0,6,0,0,0,0,0,0,0
50,80,1,4043.85480397046,1151.49372538039,0,0,0,95,0,0,0
50,80,2,4502.01540794587,1155.93637385182,0,0,0,201,0,0,0
50,80,3,3759.65133576876,1019.04892100414,0,0,0,195,0,0,0
50,80,4,3840.3793468984,1562.63630577145,0,0,0,210,0,0,0
50,80,5,4879.62887008841,2382.90732238889,0,0,0,203,0,0,0
50,80,6,5722.90801659929,4141.81895309058,0,0,0,150,0,0,0
50,80,7,22256.917925827,10803.2693665269,29,0,0,200,0,0,0
50,80,8,0,6,0,0,0,0,0,0,0
50,81,1,4086.78742110211,1769.13459822059,0,0,0,115,0,0,0
50,81,2,4551.82531722084,1883.70960970917,0,0,0,115,0,0,0
50,81,3,3777.88292460726,1185.57891589973,0,0,0,101,0,0,0
50,81,4,3896.59494069126,1358.52610550787,0,0,0,156,0,0,0
50,81,5,5016.1201004386,2130.21876195034,0,0,0,238,0,0,0
50,81,6,5850.28520086578,3549.48292489862,7,0,0,193,0,0,0
50,81,7,22309.4040503899,10730.9764363393,30,0,0,194,0,0,0
50,81,8,0,6,0,0,0,0,0,0,0
50,82,1,4180.42830475041,1967.8330065997,0,0,0,176,0,0,0
50,82,2,4663.23000176184,2405.54568372705,0,0,0,188,0,0,0
50,82,3,3828.38869465289,1659.54424758046,0,0,0,118,0,0,0
50,82,4,3943.04171672378,1077.87256509266,0,0,0,135,0,0,0
50,82,5,5137.96982863654,2231.20656042743,0,0,0,185,0,0,4
50,82,6,5988.85433706215,2508.53990246781,6,0,0,198,0,0,3
50,82,7,22392.7780308054,9165.45785777565,39,0,0,208,0,0,0
50,82,8,0,6,0,0,0,0,0,0,0
50,83,1,4280.11106870626,2423.03582283867,9,0,0,158,0,0,0
50,83,2,4828.86159251174,1936.17767884986,15,0,0,175,0,0,0
50,83,3,3904.10299887871,1583.47005308564,0,0,0,165,0,0,0
50,83,4,3966.49635080691,641.55817381856,0,0,0,107,0,0,0
50,83,5,5257.54280706153,1412.64518565053,13,0,0,165,0,0,0
50,83,6,6141.12862684167,1915.17450636739,19,0,0,165,0,0,0
50,83,7,22501.5988574574,10631.5677330876,151,0,0,265,0,0,0
50,83,8,0,6,0,0,0,0,0,0,0
50,84,1,4355.65383585696,1347.37177464462,7,0,0,170,0,0,0
50,84,2,4874.50476724508,2617.33643614257,1,0,0,177,0,0,0
50,84,3,3938.97785491514,2257.10149363686,0,0,0,158,0,0,0
50,84,4,3967.3964372375,614.954825327197,0,0,0,64,0,0,0
50,84,5,5348.60048057151,3476.61062582512,0,0,0,141,0,0,0
50,84,6,6254.72571257285,2381.52708154593,4,0,0,153,0,0,0
50,84,7,22569.9886014259,10127.2841558453,96,0,0,195,0,0,0
50,84,8,0,6,0,0,0,0,0,0,0
50,85,1,4450.99689233571,1892.0156658373,0,0,0,134,0,0,0
50,85,2,5031.85936971116,1187.72075006717,13,0,0,167,0,0,0
50,85,3,4050.95644382614,1981.63416560704,2,0,0,204,0,0,3
50,85,4,3972.29496208248,1264.77917783671,0,0,0,61,0,0,0
50,85,5,5491.61123977646,1340.93345791484,24,0,0,178,0,0,0
50,85,6,6442.74171043679,2678.25279680639,8,0,0,177,0,0,0
50,85,7,22676.1588110909,9396.02122231725,119,0,0,197,0,0,0
50,85,8,0,6,0,0,0,0,0,0,0
50,86,1,4614.66794069495,1757.02860610169,3,0,0,171,0,0,0
50,86,2,5198.00106569871,1611.4191603843,0,0,0,118,0,0,0
50,86,3,4215.57598297671,1266.14648881422,0,0,0,198,0,0,0
50,86,4,4030.86800272391,1161.48847179331,0,0,0,126,0,0,0
50,86,5,5654.81917519139,2206.94608691434,0,0,0,134,0,0,0
50,86,6,6679.3509115415,1990.09106029663,18,0,0,166,0,0,0
50,86,7,22801.0860268843,8287.76495108501,135,0,0,173,0,0,0
50,86,8,0,6,0,0,0,0,0,0,0
50,87,1,4687.53115049391,1973.48936095164,33,0,0,119,0,0,0
50,87,2,5309.18509330032,1505.39714731386,14,0,0,136,0,0,0
50,87,3,4284.53573111612,2693.70630155497,0,0,0,126,0,0,0
50,87,4,4087.51977526164,1698.24607005046,0,0,0,116,0,0,0
50,87,5,5734.38474058624,3399.24963648517,48,0,0,139,0,0,0
50,87,6,6811.00744601264,2399.53469336354,36,0,0,137,0,0,0
50,87,7,22916.2803482588,7880.6783221248,213,2,0,193,0,0,25
50,87,8,0,6,0,0,0,0,0,0,0
50,88,1,4653.55930471201,1605.5361115692,196,0,0,1,0,0,0
50,88,2,5306.19867926781,2839.63945389207,82,0,0,68,0,0,0
50,88,3,4287.17304565989,781.646166912675,143,0,0,126,0,0,0
50,88,4,4089.21842704597,584.569023385008,87,0,0,82,0,0,0
50,88,5,5777.70684329037,1378.04086596041,174,0,0,164,0,0,1
50,88,6,6870.05732211042,1409.26378871515,139,0,0,100,0,0,0
50,88,7,22950.1841603622,5413.25238407536,194,4,0,164,0,0,16
50,88,8,0,6,0,0,0,0,0,0,0
50,89,1,4716.79137450475,1944.68672484397,11,0,0,135,0,0,0
50,89,2,5477.42815620223,1508.40266228318,59,0,0,152,0,0,0
50,89,3,4254.98114597499,2236.29197374316,0,0,0,78,0,0,0
50,89,4,4101.68546700862,2046.2841961358,0,0,0,58,0,0,0
50,89,5,5906.12528842254,2567.04500256974,0,0,0,137,0,0,0
50,89,6,7025.74313910622,3500.970430342,0,0,0,140,0,0,0
50,89,7,22967.7772642132,9908.75046283642,172,0,0,162,0,0,0
50,89,8,0,6,0,0,0,0,0,0,0
50,90,1,4801.38754962569,1590.31068601777,0,0,0,192,0,0,0
50,90,2,5553.90205468403,1933.19583080863,0,0,0,150,0,0,0
50,90,3,4350.89967668216,1315.7071840832,2,0,0,175,0,0,0
50,90,4,4181.2927708613,1901.21335403797,1,0,0,181,0,0,0
50,90,5,6025.28769643736,3709.77842794459,2,0,0,202,0,0,0
50,90,6,7291.18731069435,4163.22307164447,7,0,0,221,0,0,0
50,90,7,22997.2624996433,6754.44523989686,42,0,0,185,0,0,0
50,90,8,0,6,0,0,0,0,0,0,0
50,91,1,4902.48963464913,2569.89346073035,19,0,0,136,0,0,0
50,91,2,5788.23044901693,1988.6740079737,51,0,0,132,0,0,0
50,91,3,4436.18552317157,945.152239680486,13,0,0,115,0,0,0
50,91,4,4238.79419591907,1711.02125623312,50,0,0,130,0,0,0
50,91,5,6135.89775425125,2504.13304281171,174,0,0,162,0,0,0
50,91,6,7512.07334844046,3146.38867173935,186,0,0,193,0,0,0
50,91,7,23130.8768795011,9823.3778545921,298,0,0,317,0,0,0
50,91,8,0,6,0,0,0,0,0,0,0
50,92,1,4944.76817052405,3283.82295167332,4,0,0,196,0,0,0
50,92,2,5760.36298004766,2930.59198320804,1,0,0,175,0,0,0
50,92,3,4449.78082634151,3216.97586978486,0,0,0,94,0,0,0
50,92,4,4280.14580328839,1457.21189242526,0,0,0,171,0,0,0
50,92,5,6223.20232245709,2293.18011716259,4,0,0,188,0,0,0
50,92,6,7610.44191396878,4210.34235166055,10,0,0,186,0,0,0
50,92,7,23139.0446702999,10840.3310523864,55,0,0,254,0,0,0
50,92,8,0,6,0,0,0,0,0,0,0
50,93,1,5157.87753517781,1725.39493403688,10,0,0,179,0,0,0
50,93,2,6058.02590683724,2111.32029165781,8,0,0,176,0,0,0
50,93,3,4659.37158849411,1661.62229991146,11,0,0,164,0,0,0
50,93,4,4372.20177236023,1408.62915309438,0,0,0,145,0,0,0
50,93,5,6459.96733553435,4049.45669447785,3,0,0,170,0,0,1
50,93,6,7989.78177058386,2900.68007182719,15,0,0,206,0,0,0
50,93,7,23257.5034177693,7088.37435626901,61,0,0,217,0,0,0
50,93,8,0,6,0,0,0,0,0,0,0
50,94,1,5337.00458099357,1259.40720458274,8,0,0,148,0,0,0
50,94,2,6382.74449872526,3461.79693480543,8,0,0,189,0,0,0
50,94,3,4896.6458539721,1441.67503854932,5,0,0,151,0,0,0
50,94,4,4485.29011361599,2436.87312039478,0,0,0,140,0,0,0
50,94,5,6764.33639329691,2645.67263725695,77,0,0,195,0,0,0
50,94,6,8350.15025753278,4058.38761269151,45,0,0,168,0,0,0
50,94,7,23385.7334229455,6809.41685977374,181,0,0,219,0,0,0
50,94,8,0,6,0,0,0,0,0,0,0
50,95,1,5423.73720976414,1902.76340367871,0,0,0,125,0,0,0
50,95,2,6452.19178570934,4241.3806362723,61,0,0,163,0,0,0
50,95,3,4932.30292014095,2266.67808655288,0,0,0,144,0,0,0
50,95,4,4582.08729636397,2025.78037898206,10,0,0,212,0,0,0
50,95,5,6852.23269767513,3338.55262141824,32,0,0,165,0,0,0
50,95,6,8522.59788502134,4741.88912477688,71,0,0,190,0,0,0
50,95,7,23372.3984500454,5313.5359715546,161,0,0,197,0,0,0
50,95,8,0,6,0,0,0,0,0,0,0
50,96,1,5446.20320493351,1524.9213144438,73,0,0,95,0,0,0
50,96,2,6546.77411769424,3072.21793820817,170,0,0,182,0,0,7
50,96,3,4969.13052427638,2454.10839041674,68,0,0,138,0,0,0
50,96,4,4616.96461236757,763.136460168556,55,0,0,131,0,0,0
50,96,5,6958.44328189233,3035.38573435051,133,0,0,160,0,0,0
50,96,6,8758.88267950563,4518.59321453901,195,0,0,220,0,0,0
50,96,7,23399.8172322234,4766.5940876834,197,0,0,275,0,0,0
50,96,8,0,6,0,0,0,0,0,0,0
50,97,1,5480.53598793031,1874.99837439378,13,0,0,124,0,0,1
50,97,2,6639.56332804151,2573.4104574049,70,0,0,174,0,0,0
50,97,3,5037.82359515516,1415.44979776874,34,0,0,180,0,0,0
50,97,4,4650.56209352993,1779.55333997967,0,0,0,76,0,0,0
50,97,5,7070.82524156227,3864.93776247971,68,0,0,173,0,0,0
50,97,6,8849.83543342105,5087.08215635548,149,0,0,168,0,0,0
50,97,7,23328.357127263,6004.17384900044,151,0,0,188,0,0,0
50,97,8,0,6,0,0,0,0,0,0,0
50,98,1,5553.78770928128,2195.20437998252,0,0,0,187,0,0,0
50,98,2,6774.41597493768,1625.28326193938,0,9,0,186,0,0,0
50,98,3,5095.30032296352,1260.72435722435,0,0,0,141,0,0,0
50,98,4,4735.08951994647,1557.6821997828,0,0,0,173,0,0,0
50,98,5,7207.58539129937,3201.24200410128,0,28,0,161,0,0,0
50,98,6,9033.52979594561,4101.43034600641,0,39,0,192,0,0,0
50,98,7,23303.309160669,7687.17180450278,0,46,0,232,0,0,0
50,98,8,0,6,0,0,0,0,0,0,0
50,99,1,5582.13740636092,3211.62098193389,0,37,0,127,0,0,0
50,99,2,6836.72883090837,3540.37771018788,0,9,0,140,0,0,0
50,99,3,5136.40288917381,1571.35455443852,0,0,0,126,0,0,0
50,99,4,4793.24271266472,2092.67459162156,0,0,0,155,0,0,0
50,99,5,7298.15430207425,2564.07747474856,0,66,0,153,0,0,0
50,99,6,9169.75474215618,4068.00405667142,0,99,0,162,0,0,0
50,99,7,23230.3371570097,5019.04912099351,0,220,0,203,0,0,0
50,99,8,0,6,0,0,0,0,0,0,0
50,100,1,5646.64206229016,3018.67497311107,28,0,0,181,0,0,0
50,100,2,6903.04231430576,2724.01388791417,39,0,0,159,0,0,0
50,100,3,5195.59589276532,3273.7349592616,0,0,0,157,0,0,0
50,100,4,4845.66428143939,2593.05244380848,11,0,0,147,0,0,0
50,100,5,7417.02350419109,4648.75808085859,15,0,0,169,0,0,0
50,100,6,9323.37172350206,2705.4867926356,46,0,0,172,0,0,0
50,100,7,23163.2976798828,9232.90143508591,66,0,0,171,0,0,0
50,100,8,0,6,0,0,0,0,0,0,0
51,1,1,2838.7616,453.414000491987,0,0,0,82,0,0,0
51,1,2,2843.456,1963.88838957574,0,0,0,99,0,0,0
51,1,3,2838.0896,597.677692459002,0,0,0,60,0,0,0
51,1,4,2842.4016,1234.57014888995,0,0,0,80,0,0,0
51,1,5,2830.9456,846.664016566177,0,0,0,17,0,0,0
51,1,6,2838.248,998.752883952207,0,0,0,80,0,0,0
51,1,7,20023.0236799999,7010.882952954,0,0,0,68,0,0,0
51,1,8,0,3,0,0,0,52,0,0,0
51,2,1,2834.5376,1975.5912896387,0,0,0,45,0,0,0
51,2,2,2866.7056,839.617581098852,0,0,0,181,0,0,0
51,2,3,2836.4352,1549.81781715629,0,0,0,59,0,0,0
51,2,4,2857.1456,931.21604065281,0,0,0,123,0,0,0
51,2,5,2834.73952,2210.24907043627,0,0,0,84,0,0,0
51,2,6,2842.8656,1401.53573554142,0,0,0,99,0,0,0
51,2,7,19987.5036799999,6519.47383985705,0,16,0,295,0,0,0
51,2,8,0,3,0,0,0,0,0,0,0
51,3,1,2859.1552,1519.95762990812,1,0,0,180,0,0,0
51,3,2,2865.44288,1770.76640532862,0,0,0,83,0,0,0
51,3,3,2857.9888,802.927250460124,0,0,0,154,0,0,0
51,3,4,2863.6256,1051.46852947075,0,0,0,93,0,0,0
51,3,5,2859.60928,999.365304092445,2,0,0,195,0,0,0
51,3,6,2854.6816,760.497712870776,0,0,0,140,0,0,0
51,3,7,19931.6345599998,8835.32248325971,40,0,0,186,0,0,0
51,3,8,0,3,0,0,0,0,0,0,0
51,4,1,2877.25472,1541.64908541383,0,0,0,151,0,0,0
51,4,2,2886.59488,1212.69843627989,0,0,0,177,0,0,0
51,4,3,2861.2608,1569.40667824842,0,0,0,80,0,0,0
51,4,4,2870.0416,1214.48286377873,0,0,0,105,0,0,0
51,4,5,2864.65568,1332.08405508368,0,0,0,99,0,0,0
51,4,6,2856.5072,1042.9625112778,0,0,0,76,0,0,0
51,4,7,19880.9753599997,13576.2568317778,0,43,0,203,0,0,0
51,4,8,0,3,0,0,0,0,0,0,0
51,5,1,2891.7824,1135.80224182657,0,0,0,154,0,0,0
51,5,2,2891.37472,1447.5709726364,0,0,0,121,0,0,0
51,5,3,2873.1248,1352.02365621356,0,2,0,146,0,0,0
51,5,4,2880.9936,1053.76525077873,0,0,0,121,0,0,0
51,5,5,2872.59328,637.371296575618,0,0,0,133,0,0,0
51,5,6,2860.0384,670.406071825678,0,0,0,104,0,0,0
51,5,7,19831.6566399996,3139.73062027918,1,205,0,224,0,0,0
51,5,8,0,3,0,0,0,0,0,0,0
51,6,1,2884.8928,1138.18104108672,61,0,0,52,0,0,0
51,6,2,2885.334976,1883.86641044562,62,0,0,82,0,0,0
51,6,3,2871.13728,1341.90425328739,53,0,0,82,0,0,0
51,6,4,2876.3856,1300.90158676994,55,0,0,50,0,0,0
51,6,5,2862.25728,540.196909803285,38,0,0,25,0,0,0
51,6,6,2852.1808,891.313589423221,23,0,0,44,0,0,0
51,6,7,19801.6995199995,9487.56627510395,157,0,0,156,0,0,0
51,6,8,0,3,0,0,0,0,0,0,0
51,7,1,2896.60608,1115.11678938654,0,0,0,113,0,0,0
51,7,2,2911.7408128,982.677273546277,0,0,0,188,0,0,0
51,7,3,2886.01568,894.65398857674,0,0,0,134,0,0,0
51,7,4,2891.658816,1393.02727168239,0,0,0,130,0,0,0
51,7,5,2859.163456,1599.35241542961,0,0,0,54,0,0,0
51,7,6,2855.176,1282.90063808005,0,0,0,89,0,0,0
51,7,7,19768.1039999995,8238.60178940192,34,0,0,193,0,0,0
51,7,8,0,3,0,0,0,0,0,0,0
51,8,1,2902.04928,1352.78272376749,0,0,0,111,0,0,0
51,8,2,2913.48001280001,820.591888691435,0,0,0,98,0,0,0
51,8,3,2885.48864,945.337313083054,0,0,0,89,0,0,0
51,8,4,2908.663616,1953.54640835903,0,0,0,139,0,0,0
51,8,5,2870.287872,1288.7845411093,0,0,0,159,0,0,0
51,8,6,2864.74528,1329.80638614835,0,0,0,128,0,0,0
51,8,7,19752.1545599994,7012.21862452652,22,0,0,317,0,0,0
51,8,8,0,3,0,0,0,0,0,0,0
51,9,1,2900.9554176,743.622009189877,0,53,0,82,0,0,0
51,9,2,2903.62177280001,906.472254432894,0,46,0,36,0,0,0
51,9,3,2876.307136,1640.6053308005,0,48,0,46,0,0,0
51,9,4,2909.031616,1428.27246891113,0,108,0,87,0,0,0
51,9,5,2868.969152,825.439123930674,0,57,0,71,0,0,0
51,9,6,2859.29728,1472.71173595468,0,72,0,60,0,0,0
51,9,7,19723.7202559994,11976.7092521852,1,302,0,276,0,0,1
51,9,8,0,3,0,0,0,0,0,0,0
51,10,1,2906.1026176,1012.96123000907,0,0,0,74,0,0,0
51,10,2,2913.32289280001,1280.94804490612,0,0,0,90,0,0,0
51,10,3,2902.71328,410.445232416879,0,0,0,164,0,0,0
51,10,4,2932.041216,964.380449635349,0,0,0,142,0,0,0
51,10,5,2882.801472,1375.94169779819,0,0,0,82,0,0,0
51,10,6,2886.2384,999.156059032505,0,0,0,147,0,0,0
51,10,7,19730.2631039994,7637.87279752059,30,0,0,201,0,0,0
51,10,8,0,3,0,0,0,0,0,0,0
51,11,1,2921.97504256001,2137.9935520591,0,0,0,101,0,0,0
51,11,2,2934.35970560001,1411.66524024187,0,0,0,128,0,0,0
51,11,3,2905.22240000001,652.767334416118,0,0,0,41,0,0,0
51,11,4,2949.443456,484.228929554878,0,0,0,96,0,0,0
51,11,5,2911.61824,1082.16635531741,0,0,0,137,0,0,0
51,11,6,2905.7679488,1206.9526705654,0,0,0,99,0,0,0
51,11,7,19744.0130559993,7463.90723925941,55,0,0,199,0,0,0
51,11,8,0,3,0,0,0,0,0,0,0
51,12,1,2943.15373056001,1596.92431022734,7,0,0,153,0,0,0
51,12,2,2953.91834880001,689.383504397622,0,0,0,141,0,0,0
51,12,3,2908.56480000001,887.885000867987,0,0,0,65,0,0,0
51,12,4,2952.13017600001,884.770183295238,0,0,0,48,0,0,0
51,12,5,2927.4082688,781.155763726125,0,0,0,108,0,0,0
51,12,6,2926.2271488,975.871817735791,0,0,0,120,0,0,0
51,12,7,19753.8356991993,11164.4425252396,70,0,0,209,0,0,0
51,12,8,0,3,0,0,0,0,0,0,0
51,13,1,2972.32271667201,1002.48054045419,0,0,0,159,0,0,0
51,13,2,2959.20272384001,615.00953341094,0,0,0,68,0,0,0
51,13,3,2916.77932800001,1348.82533125529,0,0,0,88,0,0,0
51,13,4,2965.74782720001,962.038103243839,0,0,0,88,0,0,0
51,13,5,2939.586048,989.350321072106,0,0,0,78,0,0,0
51,13,6,2948.29637376,963.007417041401,0,0,0,97,0,0,0
51,13,7,19771.8945791992,9828.01116796128,45,0,0,208,0,0,0
51,13,8,0,3,0,0,0,0,0,0,0
51,14,1,2981.41620787201,1360.73300379792,0,0,0,100,0,0,0
51,14,2,2956.69809971201,1023.64822587647,0,0,0,61,0,0,0
51,14,3,2931.98284800001,1801.52526351682,0,0,0,134,0,0,0
51,14,4,2970.25925120001,1411.16352791601,0,0,0,96,0,0,0
51,14,5,2950.78956800001,1384.61255035681,0,0,0,98,0,0,0
51,14,6,2961.3865728,955.682160955363,0,0,0,96,0,0,0
51,14,7,19789.3649791992,12877.6138850826,96,0,0,240,0,0,0
51,14,8,0,3,0,0,0,0,0,0,0
51,15,1,2994.98270003201,1632.33693787532,0,0,0,136,0,0,0
51,15,2,2961.35968051202,910.652595976907,0,0,0,102,0,0,0
51,15,3,2952.58572800001,575.005986091199,0,0,0,180,0,0,0
51,15,4,2980.77400320001,2045.46176806681,0,0,0,141,0,0,0
51,15,5,2970.88588800001,1601.75397417377,0,0,0,138,0,0,0
51,15,6,2972.8861266944,703.511832654327,0,0,0,95,0,0,0
51,15,7,19805.3704191992,5362.6898166371,53,0,0,248,0,0,0
51,15,8,0,3,0,0,0,0,0,0,0
51,16,1,2988.41253990401,1117.95522976648,105,0,0,58,0,0,0
51,16,2,2951.19698278402,1051.1076782263,50,0,0,41,0,0,0
51,16,3,2941.38968320001,1292.15934325884,23,0,0,34,0,0,0
51,16,4,2987.58402304001,1010.6758701654,107,0,0,97,0,0,0
51,16,5,2969.32627200001,1011.37188895318,94,0,0,66,0,0,0
51,16,6,2972.0576466944,367.2051323534,29,0,0,41,0,0,0
51,16,7,19835.8369663992,4744.00743828009,243,0,0,290,0,0,0
51,16,8,0,3,0,0,0,0,0,0,0
51,17,1,2999.82236221441,1168.35272363204,0,0,0,111,0,0,0
51,17,2,2962.12606054402,1020.11116100862,0,0,0,105,0,0,0
51,17,3,2954.47027200001,1209.71136734421,0,0,0,129,0,0,0
51,17,4,2998.76936704001,1092.5851013025,0,0,0,101,0,0,0
51,17,5,2982.59891200001,950.587228835596,0,0,0,101,0,0,0
51,17,6,2971.92804669441,1585.00679868485,0,0,0,36,0,0,0
51,17,7,19818.0869990391,5034.05341523599,84,0,0,177,0,0,0
51,17,8,0,3,0,0,0,0,0,0,0
51,18,1,3004.01038141441,1051.90882644093,0,0,0,116,0,0,0
51,18,2,2965.68379740162,1188.88231185475,0,0,0,102,0,0,0
51,18,3,2965.34585907201,1403.57598096202,0,0,0,120,0,0,0
51,18,4,3011.89410304001,531.655408193904,0,0,0,109,0,0,0
51,18,5,2988.97305600001,1506.11321351894,0,0,0,95,0,0,0
51,18,6,2992.32203069441,713.241932454266,0,0,0,158,0,0,0
51,18,7,19800.1182310391,10879.7098241396,121,0,0,176,0,0,0
51,18,8,0,3,0,0,0,0,0,0,0
51,19,1,3011.62419333121,1597.32056389136,0,0,0,105,0,0,0
51,19,2,2975.53716060162,1350.7193867233,0,0,0,118,0,0,0
51,19,3,2981.47032627201,1351.28278330936,0,0,0,140,0,0,0
51,19,4,3008.73915084801,884.826888927184,0,0,0,53,0,0,0
51,19,5,3010.16972800001,1164.70769178113,0,0,0,150,0,0,0
51,19,6,2995.79295549441,403.314745281652,0,0,0,71,0,0,0
51,19,7,19806.848035839,3592.29746038852,35,0,0,226,0,0,0
51,19,8,0,3,0,0,0,0,0,0,0
51,20,1,3019.88128389121,811.950746334123,29,0,0,119,0,0,0
51,20,2,2986.10555944962,1488.08772682927,10,0,0,121,0,0,0
51,20,3,2993.09549875201,704.913486625228,2,0,0,132,0,0,0
51,20,4,3009.33376665601,1132.8285286872,1,0,0,87,0,0,0
51,20,5,3022.23968000001,1117.85309019659,0,0,0,116,0,0,0
51,20,6,2989.83748669441,1318.87915803782,0,0,0,40,0,0,0
51,20,7,19791.5385215989,3672.50369327376,135,0,0,168,0,0,0
51,20,8,0,3,0,0,0,0,0,0,0
51,21,1,2998.74152376322,1352.24198814899,76,0,0,5,0,0,0
51,21,2,2978.58004008962,463.103041967363,93,0,0,55,0,0,0
51,21,3,2978.63892275201,452.865815858354,41,0,0,29,0,0,0
51,21,4,3005.38957465601,1420.35162412379,53,0,0,60,0,0,0
51,21,5,3011.08418355201,656.140512194089,59,0,0,52,0,0,0
51,21,6,2985.43780669441,1335.41279541673,78,0,0,53,0,0,0
51,21,7,19773.2291967989,9028.10656523596,184,0,0,183,0,0,0
51,21,8,0,3,0,0,0,0,0,0,0
51,22,1,3017.9593093325,1865.47045899442,0,0,0,135,0,0,0
51,22,2,2968.98993909762,1185.10409444458,0,0,0,46,0,0,0
51,22,3,2979.61182515201,1295.33193345942,0,0,0,45,0,0,0
51,22,4,3022.75076761601,851.010601380082,0,0,0,142,0,0,0
51,22,5,3015.88694835201,1328.8402845052,0,0,0,65,0,0,0
51,22,6,3004.00148029441,719.094626172194,0,0,0,133,0,0,0
51,22,7,19761.9559096309,7899.79585802233,33,0,0,243,0,0,0
51,22,8,0,3,0,0,0,0,0,0,0
51,23,1,3030.7447710925,1008.25269900944,0,18,0,144,0,0,0
51,23,2,2976.33260789762,779.622189874382,0,0,0,118,0,0,0
51,23,3,2990.46093619201,1142.17571264852,0,0,0,129,0,0,0
51,23,4,3021.69009561601,1379.29717273449,0,0,0,85,0,0,0
51,23,5,3031.34632755201,877.822645331163,0,0,0,132,0,0,0
51,23,6,3008.36970813441,1785.31872490917,0,0,0,71,0,0,0
51,23,7,19706.1936568308,5777.58657303474,4,182,0,158,0,0,0
51,23,8,0,3,0,0,0,0,0,0,0
51,24,1,3032.9578634445,519.144666416244,0,0,0,100,0,0,0
51,24,2,2976.66968053762,1295.74739915198,0,0,0,77,0,0,0
51,24,3,2996.37229619201,1576.77860131043,0,0,0,114,0,0,0
51,24,4,3034.68514457601,890.37628371747,0,0,0,137,0,0,0
51,24,5,3029.67005235201,1189.02464367474,0,0,0,87,0,0,0
51,24,6,3040.94249789441,1859.03755492434,0,0,0,176,0,0,0
51,24,7,19685.5593016308,11921.4791183607,31,0,0,205,0,0,0
51,24,8,0,3,0,0,0,0,0,0,0
51,25,1,3029.0357570765,872.170790364569,0,0,0,51,0,0,0
51,25,2,2994.50854162024,879.970202844779,0,0,0,129,0,0,0
51,25,3,3021.84653629441,672.345386966813,0,0,0,157,0,0,0
51,25,4,3045.18950492162,1517.76512517635,0,0,0,89,0,0,0
51,25,5,3051.51866390529,1223.90362648966,0,0,0,118,0,0,0
51,25,6,3080.31437646235,1418.05444994189,0,0,0,182,0,0,0
51,25,7,19699.4802555891,5237.1332703089,24,1,0,234,0,0,0
51,25,8,0,3,0,0,0,0,0,0,0
51,26,1,3030.7435018445,1173.03655728401,0,0,0,87,0,0,0
51,26,2,2995.60048197224,883.291384974988,0,0,0,87,0,0,0
51,26,3,3016.27778928642,880.136228324743,0,0,0,67,0,0,0
51,26,4,3065.95137382401,969.072350149013,0,0,0,151,0,0,0
51,26,5,3057.06484297729,727.249154539436,0,0,0,122,0,0,0
51,26,6,3106.31412302235,1524.02399301052,0,0,0,141,0,0,0
51,26,7,19672.5385058291,2532.11862189044,80,0,0,169,0,0,0
51,26,8,0,3,0,0,0,0,0,0,0
51,27,1,3033.3626824909,973.624034934506,0,0,0,117,0,0,0
51,27,2,2991.67467896424,1604.00023684201,0,0,0,88,0,0,0
51,27,3,3016.20005693442,1392.24821417456,0,0,0,88,0,0,0
51,27,4,3066.6224209101,821.20863843921,0,0,0,96,0,0,0
51,27,5,3055.0692365517,1010.19392334267,0,0,0,72,0,0,0
51,27,6,3120.23971406235,1365.97437596152,9,0,0,137,0,0,0
51,27,7,19640.479444069,9831.94149483546,59,0,0,152,0,0,0
51,27,8,0,3,0,0,0,0,0,0,0
51,28,1,3036.0230370509,1296.6930331653,0,0,0,97,0,0,0
51,28,2,3005.61921605224,1133.12140434174,0,0,0,160,0,0,0
51,28,3,3025.03487805442,1307.90395550537,0,0,0,139,0,0,0
51,28,4,3063.98528811009,578.577462280425,0,0,0,82,0,0,0
51,28,5,3055.39719628802,1012.60183944018,0,0,0,101,0,0,0
51,28,6,3138.90999886235,1266.21616808798,0,0,0,136,0,0,0
51,28,7,19629.1584327666,4878.82129145473,0,30,0,234,0,0,0
51,28,8,0,3,0,0,0,0,0,0,0
51,29,1,3045.2555229389,1299.90005991565,0,0,0,129,0,0,0
51,29,2,3012.21126520424,1468.29915547314,0,0,0,113,0,0,0
51,29,3,3028.08997908482,1061.8131342197,0,0,0,130,0,0,0
51,29,4,3054.35709227009,1511.58685186583,0,0,0,57,0,0,0
51,29,5,3055.76029142714,1436.17007414792,0,0,0,101,0,0,0
51,29,6,3154.02400590236,1678.1447589679,0,0,0,126,0,0,0
51,29,7,19595.6506851518,8031.86066829111,0,131,0,147,0,0,0
51,29,8,0,3,0,0,0,0,0,0,0
51,30,1,3067.73869963266,1571.64290789881,0,0,0,129,0,0,0
51,30,2,3031.04511424104,1269.77256866399,0,0,0,146,0,0,0
51,30,3,3029.65888788482,683.145612284992,0,0,0,106,0,0,0
51,30,4,3075.21621024769,965.007227299803,0,0,0,151,0,0,0
51,30,5,3079.46990147603,1264.11363146982,0,0,0,143,0,0,0
51,30,6,3188.45986856635,938.149504377485,0,0,0,167,0,0,0
51,30,7,19612.2747696318,7816.65127680359,26,0,0,224,0,0,0
51,30,8,0,3,0,0,0,0,0,0,0
51,31,1,3089.94781233154,811.347170575694,0,0,0,157,0,0,0
51,31,2,3039.10627253864,979.343220043939,0,0,0,126,0,0,0
51,31,3,3018.97836564482,1479.42562275077,0,0,0,68,0,0,0
51,31,4,3078.93201485416,1022.72819495802,0,0,0,96,0,0,0
51,31,5,3089.53428128172,415.554265293606,0,0,0,126,0,0,0
51,31,6,3197.20773152442,1729.41558260875,0,0,0,93,0,0,0
51,31,7,19631.3776304317,8707.68142504495,21,0,0,238,0,0,0
51,31,8,0,3,0,0,0,0,0,0,0
51,32,1,3088.30298662914,1848.36328560255,0,0,0,81,0,0,0
51,32,2,3033.97450624616,1110.86975582253,0,0,0,97,0,0,0
51,32,3,3025.83543715842,179.011455452148,0,0,0,147,0,0,0
51,32,4,3077.76684273256,1999.55018231811,0,0,0,102,0,0,0
51,32,5,3073.7772171102,841.695464689616,0,0,0,41,0,0,0
51,32,6,3220.88674285243,444.337743723208,0,0,0,172,0,0,0
51,32,7,19631.9930233021,8533.81509229791,21,0,0,237,0,0,2
51,32,8,0,3,0,0,0,0,0,0,0
51,33,1,3090.76850307074,1118.7654903232,0,77,0,107,0,0,0
51,33,2,3019.82053299816,976.578768334659,0,58,0,53,0,0,0
51,33,3,2999.92835696642,965.763556893141,0,14,0,3,0,0,0
51,33,4,3070.59247179368,1073.55995801517,0,116,0,83,0,0,0
51,33,5,3064.9566423902,954.55452462987,0,43,0,41,0,0,0
51,33,6,3207.95795201722,1097.87380616858,0,27,0,17,0,0,0
51,33,7,19678.6224223421,5581.10174051707,0,374,0,459,0,0,0
51,33,8,0,3,0,0,0,0,0,0,0
51,34,1,3117.28171251304,649.791336333084,0,0,0,111,0,0,0
51,34,2,3033.80600476878,1525.31403607547,0,0,0,97,0,0,0
51,34,3,3013.07207127042,1530.66335098135,0,0,0,96,0,0,0
51,34,4,3089.54777694701,980.084185976922,0,0,0,107,0,0,0
51,34,5,3086.71346952292,1122.97036988625,0,0,0,95,0,0,0
51,34,6,3231.10853224122,1441.17666624936,0,0,0,109,0,0,0
51,34,7,19733.5587372221,5654.82595203191,40,0,0,184,0,0,0
51,34,8,0,3,0,0,0,0,0,0,0
51,35,1,3122.11955056232,955.800507787787,0,0,0,64,0,0,0
51,35,2,3056.00442550601,873.271129733465,0,0,0,152,0,0,0
51,35,3,3038.84278122498,1342.39423330321,0,0,0,153,0,0,0
51,35,4,3105.79938613741,1459.95252157879,0,0,0,98,0,0,0
51,35,5,3106.62826596452,1354.59090002107,0,0,0,112,0,0,0
51,35,6,3265.57687619259,866.334193511865,0,0,0,144,0,0,0
51,35,7,19768.1314122941,9636.79045817525,38,0,0,171,0,0,0
51,35,8,0,3,0,0,0,0,0,0,0
51,36,1,3129.80614502074,2246.06732907091,0,0,0,95,0,0,0
51,36,2,3061.42913001801,1470.4565223613,0,0,0,87,0,0,0
51,36,3,3052.00739395586,1009.51768890908,0,0,0,134,0,0,0
51,36,4,3122.01329768941,1325.47879049746,0,0,0,145,0,0,0
51,36,5,3126.46111325096,605.463052360645,0,0,0,135,0,0,0
51,36,6,3275.36608231099,1465.83229051504,0,0,0,86,0,0,0
51,36,7,19804.632445254,10417.3773862009,33,0,0,181,0,0,0
51,36,8,0,3,0,0,0,0,0,0,0
51,37,1,3168.9013941625,1115.49521008284,1,0,0,200,0,0,0
51,37,2,3082.32587980719,817.990280067319,0,0,0,147,0,0,0
51,37,3,3064.319607423,885.555692280322,0,0,0,100,0,0,0
51,37,4,3142.69295905261,1015.13447105884,0,0,0,132,0,0,0
51,37,5,3130.67126825896,1214.17528997522,0,0,0,60,0,0,0
51,37,6,3303.32859379387,532.921536425638,0,0,0,146,0,0,0
51,37,7,19844.420804422,11204.8810862093,37,0,0,182,0,0,0
51,37,8,0,3,0,0,0,0,0,0,0
51,38,1,3179.58869155514,1011.27173977946,0,0,0,111,0,0,0
51,38,2,3089.86350925334,1124.45854297691,0,0,0,81,0,0,0
51,38,3,3071.26518864694,913.876368267206,0,0,0,88,0,0,0
51,38,4,3152.05614125959,653.156982843472,0,0,0,101,0,0,0
51,38,5,3146.55888231336,1572.01906391039,0,0,0,121,0,0,0
51,38,6,3306.96469513915,837.625197596773,0,0,0,53,0,0,0
51,38,7,19881.2429795516,9243.55484597697,32,0,0,198,0,0,0
51,38,8,0,3,0,0,0,0,0,0,0
51,39,1,3192.83330723104,389.087081030106,0,0,0,101,0,0,0
51,39,2,3092.57472538134,1457.47140173084,0,0,0,112,0,0,0
51,39,3,3077.30745721654,524.854437455733,0,0,0,91,0,0,0
51,39,4,3150.98455857645,915.966882005263,0,0,0,65,0,0,0
51,39,5,3164.13711292716,1127.81791041522,0,0,0,157,0,0,0
51,39,6,3317.63277721275,1406.11534965841,0,0,0,83,0,0,0
51,39,7,19906.0588361916,5288.64812313845,109,0,0,184,0,0,0
51,39,8,0,3,0,0,0,0,0,0,0
51,40,1,3185.24679968032,1730.412093945,0,0,0,38,0,0,0
51,40,2,3111.59455974115,1384.57171937104,1,0,0,143,0,0,0
51,40,3,3072.47371482647,1200.10596948877,0,0,0,52,0,0,0
51,40,4,3159.11004238317,793.971509984769,0,0,0,91,0,0,0
51,40,5,3184.55712263349,1108.81500811665,0,0,0,112,0,0,0
51,40,6,3347.92818083924,779.950712684879,0,0,0,140,0,0,0
51,40,7,19944.8390831292,7741.52965504511,151,0,0,194,0,0,1
51,40,8,0,3,0,0,0,0,0,0,0
51,41,1,3228.00271203059,1546.33829373582,0,0,0,173,0,0,0
51,41,2,3140.16860075689,866.282735040019,0,0,0,138,0,0,0
51,41,3,3086.68680924695,1670.03606290139,0,0,0,120,0,0,0
51,41,4,3167.41777723066,2059.95626501159,0,0,0,79,0,0,0
51,41,5,3199.98094947059,2048.68434394697,0,0,0,110,0,0,0
51,41,6,3366.5718448587,913.491022019419,0,0,0,77,0,0,0
51,41,7,20005.6234822639,9610.67063253765,59,0,0,199,0,0,0
51,41,8,0,3,0,0,0,0,0,0,0
51,42,1,3252.59943103465,1227.20222194317,0,0,0,154,0,0,0
51,42,2,3138.08725578942,812.331089070268,0,0,0,86,0,0,0
51,42,3,3104.32207425047,901.096599780687,0,0,0,167,0,0,0
51,42,4,3195.14208739428,1700.17881402331,0,0,0,205,0,0,0
51,42,5,3231.59384327636,1001.85182272947,0,0,0,204,0,0,0
51,42,6,3384.50908664302,1465.87463799484,0,0,0,91,0,0,0
51,42,7,20046.265994648,10397.0354086661,43,0,0,203,0,0,0
51,42,8,0,3,0,0,0,0,0,0,0
51,43,1,3276.14715030423,1141.25757173727,0,0,0,122,0,0,0
51,43,2,3137.42826079422,1250.605948564,0,0,0,81,0,0,0
51,43,3,3105.38701440764,640.083498832661,0,0,0,90,0,0,0
51,43,4,3228.53975768126,1585.22916926604,0,0,0,170,0,0,0
51,43,5,3245.63848154638,1235.21486358626,0,0,0,100,0,0,0
51,43,6,3423.80761302731,847.855185896545,0,0,0,146,0,0,0
51,43,7,20123.9970385494,6177.88889997993,38,0,0,252,0,0,0
51,43,8,0,3,0,0,0,0,0,0,0
51,44,1,3298.88304542995,664.315508534014,0,0,0,114,0,0,0
51,44,2,3156.61179405731,1781.99458561688,0,0,0,125,0,0,0
51,44,3,3094.92544786155,1418.44403591424,0,0,0,64,0,0,0
51,44,4,3261.64216404992,1009.3992615783,0,0,0,158,0,0,0
51,44,5,3278.40042270876,1681.31615623963,0,0,0,123,0,0,0
51,44,6,3450.33047850145,955.007212689652,0,0,0,84,0,0,0
51,44,7,20189.5285416492,12146.248012467,87,0,0,224,0,0,0
51,44,8,0,3,0,0,0,0,0,0,0
51,45,1,3290.24631393637,1630.01581497479,0,0,0,66,0,0,0
51,45,2,3171.47168229534,922.709975232,0,0,0,178,0,0,0
51,45,3,3097.39145008875,936.338211067072,0,0,0,141,0,0,0
51,45,4,3260.73009638727,1473.23555627114,0,0,0,100,0,0,0
51,45,5,3292.88517098758,475.547180518838,0,0,0,168,0,0,0
51,45,6,3462.43597804705,639.05748141294,0,0,0,95,0,0,0
51,45,7,20207.2134915628,11288.3984474125,46,0,0,182,0,0,0
51,45,8,0,3,0,0,0,0,0,0,0
51,46,1,3304.52863267047,932.726917051186,0,0,0,163,0,0,0
51,46,2,3167.5390840856,824.899884423669,0,0,0,92,0,0,0
51,46,3,3087.72949124433,1788.11250639644,0,0,0,93,0,0,0
51,46,4,3259.08455875619,1688.1958502014,0,0,0,147,0,0,0
51,46,5,3280.83762432191,1369.96298222328,0,0,0,47,0,0,0
51,46,6,3462.81585267873,1435.11674035725,0,0,0,63,0,0,0
51,46,7,20245.5153451564,6206.75438041365,49,0,0,286,0,0,0
51,46,8,0,3,0,0,0,0,0,0,0
51,47,1,3302.57490498911,794.727531727715,0,0,0,93,0,0,0
51,47,2,3155.86323960705,1368.23126542148,0,0,0,82,0,0,0
51,47,3,3089.06430392862,1784.80771768258,43,0,0,118,0,0,0
51,47,4,3262.84162518789,1055.06267410788,20,0,0,140,0,0,0
51,47,5,3289.526380411,1974.15611909016,4,0,0,131,0,0,0
51,47,6,3484.62276375713,1593.53617771523,3,0,0,139,0,0,0
51,47,7,20289.6716491512,8854.67077101572,248,0,0,272,0,0,0
51,47,8,0,3,0,0,0,0,0,0,0
51,48,1,3293.77332990242,2067.11902504937,0,0,0,79,0,0,0
51,48,2,3156.19757224699,1783.5760897157,0,0,0,136,0,0,0
51,48,3,3094.82854162725,1121.49032635168,0,0,0,173,0,0,0
51,48,4,3260.1721350736,1717.81082877892,0,0,0,105,0,0,0
51,48,5,3313.82299787235,1680.05972513613,0,0,0,196,0,0,0
51,48,6,3508.46150270625,1012.67125182918,0,0,0,159,0,0,0
51,48,7,20342.589748259,13953.0018599227,56,0,0,259,0,0,0
51,48,8,0,3,0,0,0,0,0,0,0
51,49,1,3309.86175039857,1106.74064267822,0,0,0,192,0,0,0
51,49,2,3167.80820513966,1039.27143883601,0,0,0,178,0,0,0
51,49,3,3088.76182794438,1171.03600760201,0,0,0,112,0,0,0
51,49,4,3264.69834269267,829.789598365782,0,0,0,171,0,0,0
51,49,5,3323.72105680457,1407.41927860474,0,0,0,168,0,0,0
51,49,6,3521.1805277642,831.830558011136,0,0,0,101,0,0,0
51,49,7,20366.140048931,12147.7123881749,39,0,0,211,0,0,0
51,49,8,0,3,0,0,0,0,0,0,0
51,50,1,3326.42513250059,1313.86281404372,0,0,0,110,0,0,0
51,50,2,3176.12679815552,2009.66212456346,0,0,0,103,0,0,0
51,50,3,3097.12949738102,1456.47116408874,0,0,0,117,0,0,0
51,50,4,3278.39506637395,1879.82740362821,0,0,0,82,0,0,0
51,50,5,3351.26323532221,799.292784899046,0,0,0,140,0,0,0
51,50,6,3546.57278854289,1723.41939493944,0,0,0,83,0,0,0
51,50,7,20423.9001824729,6238.48380957755,0,57,0,174,0,0,0
51,50,8,0,3,0,0,0,0,0,0,0
51,51,1,3336.86655609085,1217.08405601706,0,0,0,131,0,0,0
51,51,2,3191.37369769312,1031.02749343178,0,0,0,200,0,0,0
51,51,3,3098.83233936315,923.710364263064,0,0,0,145,0,0,0
51,51,4,3292.33877428143,597.436047871586,0,0,0,187,0,0,0
51,51,5,3347.42896173324,1148.26892852203,0,0,0,79,0,0,0
51,51,6,3575.00809351596,1492.21274812265,0,0,0,172,0,0,0
51,51,7,20457.2159922649,8750.57997704635,44,0,0,225,0,0,0
51,51,8,0,3,0,0,0,0,0,0,0
51,52,1,3370.05646453325,1553.06517141059,0,0,0,121,0,0,0
51,52,2,3204.10620437867,1833.48702425022,0,0,0,103,0,0,0
51,52,3,3095.13917076084,1286.63556569294,0,0,0,92,0,0,0
51,52,4,3283.37397769588,657.021154579876,0,0,0,59,0,0,0
51,52,5,3369.33452033434,1476.81558492621,0,0,0,114,0,0,0
51,52,6,3619.60728961508,1272.27890894765,0,0,0,149,0,0,0
51,52,7,20526.2457423476,9460.53927811759,0,41,0,211,0,0,0
51,52,8,0,3,0,0,0,0,0,0,0
51,53,1,3381.24895469679,695.461733142385,0,0,0,155,0,0,0
51,53,2,3213.51930371817,2315.41820117553,0,0,0,164,0,0,0
51,53,3,3102.51454983443,1321.80179741467,0,0,0,128,0,0,0
51,53,4,3275.0861009691,1502.64227151784,0,0,0,65,0,0,0
51,53,5,3387.8606719623,897.044355779707,0,0,0,147,0,0,0
51,53,6,3643.31500167094,1672.79998818241,0,0,0,127,0,0,0
51,53,7,20554.4292825716,8711.12175497899,0,45,0,190,0,0,0
51,53,8,0,3,0,0,0,0,0,0,0
51,54,1,3379.77213006229,1547.54218833081,0,0,0,69,0,0,0
51,54,2,3267.32815298648,1252.10206457618,0,3,0,197,0,0,0
51,54,3,3115.02112596005,1647.92496209639,0,0,0,132,0,0,0
51,54,4,3315.19874186637,1476.43502984957,0,0,0,150,0,0,0
51,54,5,3399.87651272918,2511.63349954314,0,0,0,89,0,0,0
51,54,6,3689.75644721835,1088.17895139399,0,0,0,167,0,0,0
51,54,7,20624.5399147061,8267.322036462,0,63,0,176,0,0,0
51,54,8,0,3,0,0,0,0,0,0,0
51,55,1,3394.53849220029,1709.98852992041,0,0,0,154,0,0,0
51,55,2,3270.67520557973,828.711327640115,0,0,0,125,0,0,0
51,55,3,3142.14069280353,727.920467821684,0,0,0,164,0,0,0
51,55,4,3328.65895519449,1240.60230125432,0,0,0,147,0,0,0
51,55,5,3433.496622533,1874.2003214399,1,0,0,197,0,0,2
51,55,6,3704.45580016954,2108.51588660487,0,0,0,108,0,0,0
51,55,7,20669.8647011533,7248.0796267591,28,1,0,223,0,0,0
51,55,8,0,3,0,0,0,0,0,0,0
51,56,1,3387.90414735623,1768.09989630335,0,90,0,80,0,0,0
51,56,2,3247.59177516421,731.549110393045,0,33,0,49,0,0,0
51,56,3,3116.97120411233,2175.73103273646,0,48,0,24,0,0,0
51,56,4,3311.2312034469,770.142519319893,0,68,0,56,0,0,0
51,56,5,3430.63651443921,1455.66249701901,0,81,0,106,0,0,0
51,56,6,3716.6544440888,1276.59352790453,0,112,0,98,0,0,0
51,56,7,20689.9578837387,13543.6716595955,8,157,0,191,0,0,0
51,56,8,0,3,0,0,0,0,0,0,0
51,57,1,3403.41673568465,1448.62050823558,0,0,0,176,0,0,0
51,57,2,3246.33171854351,1670.00698638289,0,0,0,73,0,0,0
51,57,3,3146.12016700222,2151.89344455387,0,0,0,217,0,0,0
51,57,4,3317.53635894515,1034.57280534993,0,0,0,77,0,0,0
51,57,5,3451.33453444878,1093.2176535293,0,0,0,145,0,0,0
51,57,6,3749.1758248443,1488.66731693141,0,0,0,127,0,0,0
51,57,7,20756.6408935041,4530.25758851768,23,0,0,355,0,0,0
51,57,8,0,3,0,0,0,0,0,0,0
51,58,1,3432.80608502874,1390.6881018696,0,0,0,144,0,0,0
51,58,2,3277.66748846769,1074.8989685892,0,0,0,167,0,0,0
51,58,3,3186.31860059116,1934.68831774323,1,0,0,199,0,0,0
51,58,4,3329.9845617737,730.76859791917,0,0,0,103,0,0,0
51,58,5,3473.55030579916,1281.64406679889,0,0,0,109,0,0,0
51,58,6,3789.91097154963,1191.14905342071,0,0,0,148,0,0,0
51,58,7,20803.9303418546,6901.2716808466,30,0,0,196,0,0,0
51,58,8,0,3,0,0,0,0,0,0,0
51,59,1,3463.31525325223,1733.49449243838,0,0,0,139,0,0,0
51,59,2,3285.73676545932,1440.71594542453,0,0,0,107,0,0,0
51,59,3,3220.6396866478,870.957551168529,0,0,0,183,0,0,1
51,59,4,3340.93926190227,1730.2373768011,0,0,0,73,0,0,0
51,59,5,3500.32269135875,1694.13326416763,0,0,0,128,0,0,0
51,59,6,3824.43525874764,2376.90167085578,0,0,0,119,0,0,0
51,59,7,20852.3226719789,9262.75277307237,31,0,0,194,0,0,0
51,59,8,0,3,0,0,0,0,0,0,0
51,60,1,3515.23709047386,2226.63567115519,0,0,0,173,0,0,0
51,60,2,3315.3528979605,1443.50204035681,0,0,0,144,0,0,0
51,60,3,3229.54973511268,1320.25976469282,0,0,0,87,0,0,0
51,60,4,3379.97763950403,1630.62036264295,0,0,0,173,0,0,0
51,60,5,3546.16075692,1258.5604179168,0,0,0,169,0,0,0
51,60,6,3899.36077349399,1967.08844457527,0,0,0,231,0,0,0
51,60,7,20938.1701993601,4290.85432630584,24,0,0,284,0,0,0
51,60,8,0,3,0,0,0,0,0,0,0
51,61,1,3568.52703610355,1736.48682509707,6,0,0,189,0,0,3
51,61,2,3347.64220962246,1251.46900411325,0,0,0,144,0,0,0
51,61,3,3267.16602895136,1361.93013405855,0,0,0,132,0,0,0
51,61,4,3418.95431758414,1719.87928214248,0,0,0,163,0,0,0
51,61,5,3576.56465423437,727.388397844218,0,0,0,125,0,0,0
51,61,6,3956.69071941298,2439.33995666718,5,0,0,172,0,0,0
51,61,7,20989.8616847376,5919.71898016544,51,0,0,204,0,0,0
51,61,8,0,3,0,0,0,0,0,0,0
51,62,1,3613.65793703078,1764.04621205601,0,0,0,173,0,0,0
51,62,2,3369.04718997694,978.48116152359,0,0,0,125,0,0,0
51,62,3,3299.55263858209,1190.77298924391,0,0,0,136,0,0,0
51,62,4,3450.52574155003,1076.35778331618,0,0,0,171,0,0,0
51,62,5,3586.7724127649,1085.12517447004,0,0,0,72,0,0,0
51,62,6,4004.35468651112,1416.83528839729,9,0,0,159,0,0,0
51,62,7,21028.7922625853,8028.95609444896,42,0,0,197,0,0,0
51,62,8,0,3,0,0,0,0,0,0,0
51,63,1,3688.11333174122,994.714740818555,0,0,0,168,0,0,0
51,63,2,3408.06469813303,1088.07156155435,0,0,0,97,0,0,0
51,63,3,3327.26090663085,1769.61847582516,0,0,0,119,0,0,0
51,63,4,3484.847915444,1627.02077321321,0,0,0,107,0,0,0
51,63,5,3640.39862762067,1444.49538652229,0,0,0,108,0,0,0
51,63,6,4081.70812700449,1194.56048483397,0,0,0,141,0,0,0
51,63,7,21129.6406547,13812.248895854,40,0,0,214,0,0,0
51,63,8,0,3,0,0,0,0,0,0,0
51,64,1,3702.63797583563,1813.89397919857,0,0,0,99,0,0,0
51,64,2,3423.65323451236,1215.75625472182,0,0,0,108,0,0,0
51,64,3,3349.055518727,900.965387588618,0,0,0,176,0,0,0
51,64,4,3509.32557990972,1859.4414787917,0,0,0,162,0,0,0
51,64,5,3666.18073631307,915.715492312912,0,0,0,144,0,0,0
51,64,6,4108.65274434218,600.154717168086,0,0,0,119,0,0,0
51,64,7,21170.3166863354,7919.49387158878,32,0,0,243,0,0,0
51,64,8,0,3,0,0,0,0,0,0,0
51,65,1,3741.40696404781,2491.14383158434,0,0,0,173,0,0,0
51,65,2,3429.35590627504,751.384867393502,0,0,0,121,0,0,0
51,65,3,3351.12234123567,2168.93153481519,0,0,0,90,0,0,0
51,65,4,3541.78682297706,1532.75933039282,0,0,0,185,0,0,0
51,65,5,3672.32201888009,706.1020437868,0,0,0,91,0,0,0
51,65,6,4121.74264880711,1718.73561662068,0,0,0,60,0,0,0
51,65,7,21212.9386328256,12871.463548086,35,0,0,216,0,0,0
51,65,8,0,3,0,0,0,0,0,0,0
51,66,1,3798.60522108489,2363.00044919275,0,0,0,249,0,0,0
51,66,2,3424.91516543371,1619.28458073318,0,0,0,75,0,0,0
51,66,3,3385.88839019849,1239.6035218015,0,0,0,216,0,0,0
51,66,4,3559.55046460278,886.676948761254,0,0,0,153,0,0,0
51,66,5,3670.28616757713,1179.45434147772,0,0,0,70,0,0,0
51,66,6,4159.15254331722,1391.7153755911,0,0,0,171,0,0,0
51,66,7,21243.9052717207,6287.17816339854,36,0,0,210,0,0,0
51,66,8,0,3,0,0,0,0,0,0,0
51,67,1,3832.23442116693,1399.95535172254,21,0,0,139,0,0,0
51,67,2,3458.11137029733,1204.78639431719,0,0,0,161,0,0,0
51,67,3,3410.93419328789,1037.20716656068,0,0,0,123,0,0,0
51,67,4,3571.48592888535,1476.88279369119,0,0,0,88,0,0,0
51,67,5,3702.57918660222,2094.80142714241,0,0,0,117,0,0,0
51,67,6,4210.21555128538,2101.33500089221,0,0,0,139,0,0,0
51,67,7,21280.5187677817,7389.03568589807,99,0,0,173,0,0,0
51,67,8,0,3,0,0,0,0,0,0,0
51,68,1,3867.54700447879,979.313072384598,0,0,0,139,0,0,0
51,68,2,3464.48534042719,1235.48427722585,0,0,0,120,0,0,0
51,68,3,3413.79275407829,1217.27489761814,0,0,0,103,0,0,0
51,68,4,3597.87526929372,1568.11277930696,0,0,0,147,0,0,0
51,68,5,3757.54272901563,1887.56018635114,5,0,0,171,0,0,0
51,68,6,4279.83587657435,2148.48935876781,6,0,0,164,0,0,0
51,68,7,21321.6290596859,7901.54718351526,74,0,0,186,0,0,0
51,68,8,0,3,0,0,0,0,0,0,0
51,69,1,3904.54542366035,1913.71594167915,0,0,0,97,0,0,0
51,69,2,3513.84708528098,573.118248291896,0,0,0,123,0,0,0
51,69,3,3440.13658122673,2602.22275138658,0,0,0,121,0,0,0
51,69,4,3655.30949311323,1509.80115514369,0,0,0,156,0,0,0
51,69,5,3834.69718181041,1620.62667706915,0,0,0,183,0,0,1
51,69,6,4392.84787876864,1075.09547546485,0,0,0,214,0,0,0
51,69,7,21430.2389380429,9962.32543483325,55,0,0,200,0,0,0
51,69,8,0,3,0,0,0,0,0,0,0
51,70,1,3939.54766366386,1489.09824713106,0,0,0,176,0,0,0
51,70,2,3502.21623331224,905.580601123621,0,0,0,57,0,0,0
51,70,3,3483.38275709608,2575.47620853918,1,0,0,224,0,0,0
51,70,4,3662.93655379415,1584.65943706405,0,0,0,150,0,0,0
51,70,5,3867.51779607371,1514.02780883603,0,0,0,162,0,0,0
51,70,6,4410.65197757931,2131.20940289973,0,0,0,107,0,0,0
51,70,7,21453.9714395503,4751.82969316197,50,0,0,189,0,0,0
51,70,8,0,3,0,0,0,0,0,0,0
51,71,1,3971.99349525062,982.671408600984,0,0,0,148,0,0,0
51,71,2,3498.33320358782,1907.8071436269,0,0,0,90,0,0,0
51,71,3,3508.24085137265,1536.80177239361,41,0,0,166,0,0,0
51,71,4,3675.86479735464,2130.71893109788,0,0,0,158,0,0,0
51,71,5,3884.76061702784,1311.53269322139,3,0,0,144,0,0,0
51,71,6,4472.43458654273,1765.33745927756,16,0,0,177,0,0,0
51,71,7,21464.0144654887,6278.87256021295,145,0,0,155,0,0,0
51,71,8,0,3,0,0,0,0,0,0,0
51,72,1,3987.37486633663,954.018228619221,0,0,0,98,0,0,0
51,72,2,3522.55353976474,1258.15304716192,0,0,0,187,0,0,0
51,72,3,3529.69374427622,1366.01203644981,0,0,0,153,0,0,0
51,72,4,3713.79309489595,1723.62496897523,0,0,0,213,0,0,0
51,72,5,3911.76042303405,1511.77568376518,0,0,0,131,0,0,0
51,72,6,4544.36155396131,1877.31082383454,0,0,0,176,0,0,0
51,72,7,21500.5082322226,10324.3699779237,45,0,0,203,0,0,0
51,72,8,0,3,0,0,0,0,0,0,0
51,73,1,3997.87610893116,1347.00157005403,0,0,0,95,0,0,0
51,73,2,3531.74961539641,1241.85952746538,0,0,0,125,0,0,0
51,73,3,3555.8279154261,1430.78710119159,0,0,0,136,0,0,0
51,73,4,3752.67771880429,497.613443950641,0,0,0,172,0,0,0
51,73,5,3950.0062192456,1214.80918572546,0,0,0,151,0,0,0
51,73,6,4613.03078410479,2288.67049082368,0,0,0,187,0,0,0
51,73,7,21550.2435829002,10114.5335658506,36,0,0,195,0,0,0
51,73,8,0,3,0,0,0,0,0,0,0
51,74,1,4034.03756911259,1069.17495231693,0,0,0,134,0,0,0
51,74,2,3542.52309322742,745.776308754059,0,0,0,124,0,0,0
51,74,3,3568.77433565001,1463.39183453846,0,0,0,143,0,0,0
51,74,4,3736.39292421559,1154.98930924006,0,0,0,49,0,0,0
51,74,5,3969.70638047883,1489.05180208873,0,0,0,121,0,0,0
51,74,6,4676.23589250295,2702.93199006251,0,0,0,212,0,0,2
51,74,7,21606.3687138553,7731.24358336001,35,0,0,223,0,0,0
51,74,8,0,3,0,0,0,0,0,0,0
51,75,1,4014.73748892542,1405.85898157999,0,67,0,39,0,0,0
51,75,2,3517.88613080919,1163.67232655456,0,38,0,36,0,0,0
51,75,3,3567.38608827834,879.957805450112,0,69,0,77,0,0,0
51,75,4,3730.1693437602,1503.66712963335,0,41,0,74,0,0,0
51,75,5,3964.0714150551,989.676977727276,0,73,0,75,0,0,0
51,75,6,4690.40534725578,2054.73293052376,0,134,0,136,0,0,0
51,75,7,21672.1204941475,5811.03652154952,1,340,0,335,0,0,0
51,75,8,0,3,0,0,0,0,0,0,0
51,76,1,4062.04092443337,852.437697642031,0,0,0,140,0,0,0
51,76,2,3543.8088255154,1168.81749766345,0,0,0,116,0,0,0
51,76,3,3585.66883674016,1533.18905705419,0,0,0,87,0,0,0
51,76,4,3776.91887555809,954.964615004534,0,0,0,150,0,0,0
51,76,5,3997.92634156181,815.266176305964,0,0,0,98,0,0,0
51,76,6,4794.83549410464,1889.35761753695,0,0,0,202,0,0,0
51,76,7,21772.2014539572,8484.78182748097,29,0,0,192,0,0,0
51,76,8,0,3,0,0,0,0,0,0,0
51,77,1,4111.30612956077,956.78482249046,0,0,0,85,0,0,0
51,77,2,3587.59308612058,1213.95700016967,0,0,0,116,0,0,0
51,77,3,3642.5874570672,1763.04437251343,0,0,0,153,0,0,0
51,77,4,3821.28340961842,2192.73309052513,0,0,0,95,0,0,0
51,77,5,4040.36912765093,1335.50848339776,0,0,0,81,0,0,0
51,77,6,4929.33687548129,2805.1642151451,0,0,0,188,0,0,0
51,77,7,21936.5952854078,10897.2185613453,24,0,0,228,0,0,0
51,77,8,0,3,0,0,0,0,0,0,0
51,78,1,4145.65745695515,1873.14906742962,0,0,0,95,0,0,0
51,78,2,3618.73744593664,2008.18986923377,0,0,0,121,0,0,0
51,78,3,3675.648295402,943.775291231362,0,0,0,176,0,0,0
51,78,4,3855.37292724561,2175.9981284164,1,0,0,174,0,0,0
51,78,5,4096.72529820171,1535.78660738849,0,0,0,133,0,0,0
51,78,6,5015.16511893462,1577.68157558032,1,0,0,202,0,0,0
51,78,7,22036.2943652391,7886.5617416863,22,0,0,263,0,0,5
51,78,8,0,3,0,0,0,0,0,0,0
51,79,1,4270.1737351175,1634.22663469524,1,0,0,174,0,0,0
51,79,2,3735.66176749148,1959.40161262552,0,0,0,200,0,0,0
51,79,3,3711.74085302809,1214.39850025062,0,0,0,94,0,0,0
51,79,4,3963.25846847217,1718.00932456441,7,0,0,168,0,0,0
51,79,5,4209.88365396507,3115.37923382413,0,0,0,153,0,0,0
51,79,6,5171.331055526,2224.3607343283,0,0,0,157,0,0,0
51,79,7,22214.8866035141,5641.19075409509,95,0,0,197,0,0,0
51,79,8,0,3,0,0,0,0,0,0,0
51,80,1,4364.50112882242,2584.24412254222,12,0,0,135,0,0,0
51,80,2,3823.1444212637,1490.78041587707,10,0,0,171,0,0,0
51,80,3,3742.27555557687,635.865846968485,0,0,0,121,0,0,0
51,80,4,4058.02905775233,970.929755838045,0,0,0,171,0,0,0
51,80,5,4349.69363972547,995.61816334422,56,0,0,182,0,0,0
51,80,6,5350.44244110946,2467.48823121819,18,0,0,180,0,0,0
51,80,7,22352.8566589185,6210.14931531887,158,0,0,200,0,0,0
51,80,8,0,3,0,0,0,0,0,0,0
51,81,1,4476.86001421212,1983.42343259236,52,0,0,133,0,0,0
51,81,2,3909.15987594641,1775.35407991123,0,0,0,149,0,0,0
51,81,3,3744.83060819342,234.364141656448,0,0,0,63,0,0,0
51,81,4,4136.63673907816,1778.73079083176,0,0,0,97,0,0,0
51,81,5,4449.32951543623,1121.46588751279,0,0,0,99,0,0,0
51,81,6,5556.83693958324,3369.31482292123,41,0,0,148,0,0,0
51,81,7,22607.0004010986,7435.62302575293,154,0,0,251,0,0,0
51,81,8,0,3,0,0,0,0,0,0,0
51,82,1,4544.72311815613,720.772647973433,3,0,0,170,0,0,0
51,82,2,3953.2524255455,723.861083181287,0,0,0,177,0,0,0
51,82,3,3716.81666760019,749.765990722122,0,0,0,23,0,0,0
51,82,4,4180.62063915802,2264.64653406581,0,0,0,177,0,0,0
51,82,5,4487.16961728631,2181.30345530084,0,0,0,112,0,0,0
51,82,6,5681.444566445,2175.72114173539,17,0,0,185,0,0,0
51,82,7,22735.3132346587,6770.28407972324,52,0,0,291,0,0,0
51,82,8,0,3,0,0,0,0,0,0,0
51,83,1,4617.36884425399,1834.23442065179,0,0,0,72,0,0,0
51,83,2,3976.85651926717,1538.04611995256,0,0,0,72,0,0,0
51,83,3,3744.03756691669,863.441189011921,0,0,0,74,0,0,0
51,83,4,4299.99006682751,2534.42549560351,31,0,0,154,0,0,0
51,83,5,4674.72475837789,2425.95873806142,22,0,0,161,0,0,0
51,83,6,5887.57916897858,2463.82178816218,34,0,0,138,0,0,0
51,83,7,22912.7785957085,4301.16697980117,201,0,0,192,0,0,0
51,83,8,0,3,0,0,0,0,0,0,0
51,84,1,4607.93695715423,1344.48826508363,133,0,0,37,0,0,0
51,84,2,3974.9755507176,1023.47000528302,38,0,0,112,0,0,0
51,84,3,3718.62681307338,1554.27224813833,17,0,0,67,0,0,0
51,84,4,4323.52209035542,2068.9895910713,123,0,0,118,0,0,0
51,84,5,4697.24770403117,2390.37116133933,92,0,0,141,0,0,0
51,84,6,5920.20284731487,3533.32835662511,112,0,0,123,0,0,0
51,84,7,22984.4574632971,9502.17491709582,179,0,0,233,0,0,0
51,84,8,0,3,0,0,0,0,0,0,0
51,85,1,4638.39553653047,2547.67506727237,0,0,0,134,0,0,0
51,85,2,3984.50632208597,2205.73589607791,0,0,0,102,0,0,0
51,85,3,3735.12814547005,1277.69913021341,0,0,0,155,0,0,0
51,85,4,4374.0078917222,1823.99086422981,0,0,0,204,0,0,0
51,85,5,4766.06597782798,1977.29303359834,1,0,0,196,0,0,0
51,85,6,5987.6922437863,3192.20934103369,8,0,0,199,0,0,0
51,85,7,23005.1719919809,11630.4533906449,37,0,0,219,0,0,0
51,85,8,0,3,0,0,0,0,0,0,0
51,86,1,4700.83436932559,2727.67814112333,1,0,0,209,0,0,0
51,86,2,4010.78951812665,1901.4903097722,1,0,0,167,0,0,0
51,86,3,3767.10598514386,1332.25439490449,0,0,0,127,0,0,0
51,86,4,4413.68048466755,1837.89611269123,0,0,0,177,0,0,0
51,86,5,4823.90313172241,1996.27126287033,0,0,0,191,0,0,0
51,86,6,6095.84868646134,4221.37334024565,3,0,0,221,0,0,0
51,86,7,23025.593593214,9453.85038732108,36,0,0,176,0,0,0
51,86,8,0,3,0,0,0,0,0,0,0
51,87,1,4770.55290918568,2698.81602988132,15,0,0,178,0,0,0
51,87,2,4038.46570904063,1638.94721087493,3,0,0,168,0,0,0
51,87,3,3803.65339218277,1585.70215397529,0,0,0,133,0,0,0
51,87,4,4454.5683501456,2100.91046397408,0,0,0,183,0,0,0
51,87,5,4901.1607596765,891.424589329619,0,0,0,199,0,0,0
51,87,6,6222.89783128706,2684.88899700517,30,0,0,227,0,0,0
51,87,7,23061.4160940824,8613.78178994846,118,0,0,191,0,0,1
51,87,8,0,3,0,0,0,0,0,0,0
51,88,1,4785.9416532014,833.169714682341,138,0,0,104,0,0,0
51,88,2,4056.54826660756,1605.05965738459,29,0,0,129,0,0,0
51,88,3,3812.61327829233,1197.41835365227,47,0,0,102,0,0,0
51,88,4,4495.20932995996,2562.67867997619,60,0,0,138,0,0,0
51,88,5,4918.53295480626,3144.82310528897,0,0,0,89,0,0,0
51,88,6,6313.23705982876,2923.39268239468,87,0,0,164,0,0,0
51,88,7,23093.0557579166,7803.82203381803,265,3,0,203,0,0,22
51,88,8,0,3,0,0,0,0,0,0,0
51,89,1,4787.82503061608,1012.16838815056,0,0,0,83,0,0,0
51,89,2,4104.94244267989,2592.0732986423,0,0,0,160,0,0,0
51,89,3,3831.18917030063,1658.27264432932,6,0,0,111,0,0,0
51,89,4,4514.94987441379,2739.85263436667,83,0,0,140,0,0,0
51,89,5,4989.72595401294,1251.17530356846,105,0,0,167,0,0,0
51,89,6,6423.01471528479,3305.30073253119,90,0,0,166,0,0,0
51,89,7,23112.3213397465,13099.1957886396,184,3,0,186,0,0,16
51,89,8,0,3,0,0,0,0,0,0,0
51,90,1,4802.01317230122,1959.83334266789,0,0,0,101,0,0,0
51,90,2,4143.56842561979,2153.87398604265,0,0,0,236,0,0,0
51,90,3,3843.5113075139,1569.8508463238,0,0,0,165,0,0,0
51,90,4,4589.12644016396,2275.22760667929,1,0,0,235,0,0,0
51,90,5,5047.78419825049,1224.46735598131,0,0,0,125,0,0,0
51,90,6,6490.05833162265,2603.7240589819,7,0,0,175,0,0,0
51,90,7,23071.5572153329,8560.11024521285,52,0,0,188,0,0,0
51,90,8,0,3,0,0,0,0,0,0,0
51,91,1,4891.18957194356,2245.76546982494,0,98,0,97,0,0,0
51,91,2,4186.99592864251,2145.55635641982,0,123,0,92,0,0,0
51,91,3,3869.34270910113,762.309513278736,0,69,0,87,0,0,0
51,91,4,4685.51575862925,1102.96694713654,0,128,0,99,0,0,0
51,91,5,5121.25389443892,2918.6013708763,0,61,0,61,0,0,0
51,91,6,6709.03711905569,3306.89237737847,0,147,0,113,0,0,0
51,91,7,23272.7260392631,7052.45892634202,7,242,0,245,0,0,0
51,91,8,0,3,0,0,0,0,0,0,0
51,92,1,5009.17013113476,1702.34552201012,2,0,0,173,0,0,0
51,92,2,4294.23785770402,2046.0458357431,0,0,0,200,0,0,0
51,92,3,3925.36154647428,1109.55043209901,0,0,0,76,0,0,0
51,92,4,4739.15724794565,2445.4953934702,0,0,0,110,0,0,0
51,92,5,5307.48352016362,1459.67652522116,3,0,0,233,0,0,0
51,92,6,6905.87825226469,4413.7654041003,4,0,0,255,0,0,0
51,92,7,23364.5843157243,10101.0036755328,30,0,0,197,0,0,0
51,92,8,0,3,0,0,0,0,0,0,0
51,93,1,5119.26726424983,1899.49301093909,0,0,0,170,0,0,0
51,93,2,4389.35270090126,2463.73621721585,0,0,0,201,0,0,0
51,93,3,4003.8533544345,1605.09060145837,0,0,0,110,0,0,0
51,93,4,4877.61845990941,2670.71433582474,0,0,0,236,0,0,0
51,93,5,5414.67932898458,1093.89169283953,0,0,0,145,0,0,0
51,93,6,7126.07439963837,5177.3456329783,7,0,0,215,0,0,0
51,93,7,23463.1197830407,11199.6863051988,26,0,0,213,0,0,0
51,93,8,0,3,0,0,0,0,0,0,0
51,94,1,5276.79555299953,1352.50752735167,0,0,0,189,0,0,0
51,94,2,4523.93643228228,1963.40000444937,0,0,0,190,0,0,0
51,94,3,4120.71236515555,1787.70317105761,0,0,0,160,0,0,0
51,94,4,5008.3739084926,1898.34720916989,1,0,0,230,0,0,0
51,94,5,5532.75064802838,1648.20135673834,0,0,0,109,0,0,0
51,94,6,7316.1692455286,1657.5227210992,10,0,0,186,0,0,0
51,94,7,23620.6672776816,12682.1605827816,25,0,0,259,0,0,4
51,94,8,0,3,0,0,0,0,0,0,0
51,95,1,5344.66172006496,3410.21172839205,0,0,0,135,0,0,0
51,95,2,4594.99987269898,2255.45642362524,0,0,0,196,0,0,0
51,95,3,4182.56698817035,1131.41797702691,0,0,0,178,0,0,0
51,95,4,5076.70611045601,1029.09573171109,0,0,0,189,0,0,0
51,95,5,5605.08368267956,3016.5536135559,0,0,0,164,0,0,0
51,95,6,7396.82199741894,3986.47428046798,0,0,0,164,0,0,0
51,95,7,23679.4372089913,10794.1130775245,22,0,0,267,0,0,4
51,95,8,0,3,0,0,0,0,0,0,0
51,96,1,5484.87398331599,1212.95837034348,13,0,0,196,0,0,0
51,96,2,4687.43161086257,618.230863797026,5,0,0,168,0,0,0
51,96,3,4235.24668351908,1259.41499968967,0,0,0,113,0,0,0
51,96,4,5132.30781939417,2923.26767854118,0,0,0,102,0,0,0
51,96,5,5721.32074744412,2942.91287622932,12,0,0,163,0,0,0
51,96,6,7579.83149499411,3127.58906801414,20,0,0,180,0,0,0
51,96,7,23763.0776229305,10186.7430763922,82,0,0,215,0,0,0
51,96,8,0,3,0,0,0,0,0,0,0
51,97,1,5538.08329500329,2451.64419945241,0,0,0,121,0,0,0
51,97,2,4702.45239215457,953.991588713013,0,0,0,61,0,0,0
51,97,3,4282.56872540545,1681.74342599519,0,0,0,125,0,0,0
51,97,4,5218.62539892163,1707.99964089326,7,0,0,219,0,0,0
51,97,5,5856.26333374761,3446.16276007958,0,0,0,294,0,0,0
51,97,6,7726.94226077766,3134.45176073979,6,0,0,242,0,0,1
51,97,7,23802.4412545984,13293.2256723094,83,0,0,205,0,0,4
51,97,8,0,3,0,0,0,0,0,0,0
51,98,1,5653.11822100464,1597.35032611019,3,0,0,180,0,0,0
51,98,2,4735.44206772917,2205.5052174767,0,0,0,95,0,0,0
51,98,3,4364.45814364444,2342.00170761024,0,0,0,168,0,0,0
51,98,4,5298.86202889705,2011.96637739657,0,0,0,170,0,0,0
51,98,5,5919.74280759949,3439.95280881122,5,0,0,224,0,0,0
51,98,6,7896.96660702856,4249.65960942208,5,0,0,199,0,0,0
51,98,7,23860.6917454605,12158.6627556126,57,0,0,183,0,0,0
51,98,8,0,3,0,0,0,0,0,0,0
51,99,1,5782.24023372805,2113.83571748967,0,0,0,159,0,0,0
51,99,2,4825.17508894694,2202.40821169346,3,0,0,199,0,0,0
51,99,3,4450.39758623335,2410.02487469071,8,0,0,170,0,0,0
51,99,4,5392.36313608111,1959.32572961438,1,0,0,188,0,0,0
51,99,5,6038.91530081635,3299.55467632139,24,0,0,177,0,0,0
51,99,6,8075.63519355985,4310.3224045208,32,0,0,201,0,0,0
51,99,7,23932.3427946611,5702.73148477615,138,0,0,191,0,0,7
51,99,8,0,3,0,0,0,0,0,0,0
51,100,1,5897.86987287029,1837.61345673704,29,0,0,138,0,0,0
51,100,2,4915.22423559722,1733.41589533011,27,0,0,151,0,0,0
51,100,3,4555.03893541909,908.809753960752,30,0,0,165,0,0,0
51,100,4,5501.93856734937,1732.72894683244,10,0,0,170,0,0,0
51,100,5,6176.11857075517,2951.7111208309,68,0,0,159,0,0,0
51,100,6,8290.39473901183,2456.66063489232,98,0,0,186,0,0,0
51,100,7,24130.021522048,7822.90317298312,153,0,0,186,0,0,0
51,100,8,0,3,0,0,0,0,0,0,0
52,1,1,2774.1984,810.629976551761,0,0,0,82,0,0,0
52,1,2,2748.4496,1067.79454042895,0,0,0,9,0,0,0
52,1,3,2753.744,711.958061672048,0,0,0,24,0,0,0
52,1,4,2770.56,977.285856371428,0,0,0,99,0,0,0
52,1,5,2773.55168,1299.95361444947,0,0,0,84,0,0,0
52,1,6,2756.072,835.91557633982,0,0,0,19,0,0,0
52,1,7,20533.8652799999,7696.75452286446,0,0,0,81,0,0,0
52,1,8,0,3,0,0,0,50,0,0,0
52,2,1,2776.6944,813.453751017137,0,0,0,81,0,0,0
52,2,2,2754.48,1879.41761210643,0,0,0,106,0,0,0
52,2,3,2754.144,608.493731384559,0,0,0,71,0,0,0
52,2,4,2778.36,773.875250279317,0,0,0,97,0,0,0
52,2,5,2784.83328,750.643136086364,0,0,0,129,0,0,0
52,2,6,2761.024,714.849693324077,0,0,0,83,0,0,0
52,2,7,20482.3708799998,9249.57141454658,8,12,0,217,0,0,0
52,2,8,0,3,0,0,0,0,0,0,0
52,3,1,2777.2624,800.382503954434,0,0,0,81,0,0,0
52,3,2,2773.5952,322.938728713152,0,5,0,174,0,0,0
52,3,3,2755.36,1210.5286403649,0,0,0,60,0,0,0
52,3,4,2778.696,1299.10517827467,0,0,0,77,0,0,0
52,3,5,2783.92128,534.520777466939,0,0,0,75,0,0,0
52,3,6,2762.21152,1427.28074530183,0,0,0,71,0,0,0
52,3,7,20444.6297599998,12386.2849829876,0,239,0,276,0,0,0
52,3,8,0,3,0,0,0,0,0,0,0
52,4,1,2779.56032,1131.09710816247,0,0,0,80,0,0,0
52,4,2,2765.1072,1203.14671896329,0,0,0,32,0,0,0
52,4,3,2764.88,1134.04323246418,0,0,0,121,0,0,0
52,4,4,2788.8368,1086.31038816823,0,0,0,129,0,0,0
52,4,5,2781.14688,1477.11129157651,0,0,0,53,0,0,0
52,4,6,2777.78752,1552.13104000992,0,0,0,142,0,0,0
52,4,7,20425.6502399997,7256.79477146398,27,0,0,194,0,0,0
52,4,8,0,3,0,0,0,0,0,0,0
52,5,1,2788.28672,1809.33887012746,0,0,0,113,0,0,0
52,5,2,2768.5456,814.114136390979,0,0,0,120,0,0,0
52,5,3,2768.3936,1178.55379832461,0,0,0,113,0,0,0
52,5,4,2791.48256,1078.82129454478,0,0,0,108,0,0,0
52,5,5,2793.117824,1263.18943300013,0,0,0,147,0,0,0
52,5,6,2796.81952,573.842964898266,0,0,0,155,0,0,0
52,5,7,20405.2554239997,10949.6339998214,125,0,0,207,0,0,0
52,5,8,0,3,0,0,0,0,0,0,0
52,6,1,2808.322624,1589.36159082859,0,0,0,180,0,0,0
52,6,2,2760.6528,1430.38123003549,0,0,0,81,0,0,0
52,6,3,2769.940416,823.95542843134,0,0,0,117,0,0,0
52,6,4,2792.27904,1588.60360539316,0,0,0,107,0,0,0
52,6,5,2801.926208,708.200973903371,0,0,0,126,0,0,0
52,6,6,2795.03552,207.468953875377,0,0,0,57,0,0,0
52,6,7,20384.1827839997,11169.1803856926,51,0,0,209,0,0,0
52,6,8,0,3,0,0,0,0,0,0,0
52,7,1,2818.696704,939.657437860585,0,0,0,158,0,0,0
52,7,2,2773.76096,1280.50464421637,0,0,0,143,0,0,0
52,7,3,2764.306816,1402.17039025703,0,0,0,82,0,0,0
52,7,4,2800.96704,584.434608394128,0,0,0,158,0,0,0
52,7,5,2798.643328,979.205049103056,0,0,0,70,0,0,0
52,7,6,2782.21312,919.450365278235,0,0,0,20,0,0,0
52,7,7,20366.6624639996,7261.95939097419,0,47,0,203,0,0,0
52,7,8,0,3,0,0,0,0,0,0,0
52,8,1,2816.31366400001,703.022903655237,0,0,0,93,0,0,0
52,8,2,2781.203776,1443.92470988364,0,0,0,128,0,0,0
52,8,3,2766.27897600001,1437.01163770761,0,0,0,140,0,0,0
52,8,4,2787.29888000001,1193.32254217785,0,0,0,58,0,0,0
52,8,5,2799.710848,1027.40044478333,0,0,0,97,0,0,0
52,8,6,2785.52832,934.93518532362,0,0,0,91,0,0,0
52,8,7,20354.4061439995,4135.81015773739,0,177,0,212,0,0,0
52,8,8,0,3,0,0,0,0,0,0,0
52,9,1,2810.18508800001,873.573500356392,0,0,0,70,0,0,0
52,9,2,2787.57369600001,1482.60356230386,0,0,0,144,0,0,0
52,9,3,2770.80576000001,741.412954827932,0,0,0,143,0,0,0
52,9,4,2785.2224,1031.60228502211,0,0,0,119,0,0,0
52,9,5,2800.11849216,856.663440295832,0,0,0,102,0,0,0
52,9,6,2788.73472,1609.62953093427,0,0,0,93,0,0,0
52,9,7,20363.1261439995,9783.51476015627,33,0,0,205,0,0,0
52,9,8,0,3,0,0,0,0,0,0,0
52,10,1,2811.01420800001,1341.67569985877,0,0,0,87,0,0,0
52,10,2,2789.37920000001,917.319170470669,0,0,0,148,0,0,0
52,10,3,2759.50123520001,824.725327945071,0,0,0,74,0,0,0
52,10,4,2780.73120000001,1380.35350427303,0,0,0,103,0,0,0
52,10,5,2793.40201216,878.356448260359,0,0,0,85,0,0,0
52,10,6,2803.297216,427.274802978674,0,0,0,160,0,0,0
52,10,7,20368.3811199995,6658.02412715341,31,0,0,194,0,0,0
52,10,8,0,3,0,0,0,0,0,0,0
52,11,1,2798.41036800001,1013.28595780511,0,56,0,78,0,0,0
52,11,2,2772.96166400001,1448.06053165197,0,56,0,35,0,0,0
52,11,3,2738.79652096001,1077.42506260795,0,49,0,33,0,0,0
52,11,4,2761.93856000001,1204.99685259986,0,85,0,53,0,0,0
52,11,5,2780.7951232,1819.78533869938,0,33,0,54,0,0,0
52,11,6,2791.22848,643.326476810058,0,18,0,24,0,0,0
52,11,7,20381.9407999995,6763.9682532411,3,240,0,260,0,0,0
52,11,8,0,3,0,0,0,0,0,0,0
52,12,1,2803.96972800001,1046.69527889313,0,0,0,101,0,0,0
52,12,2,2790.30022400001,1747.44594895475,0,0,0,144,0,0,0
52,12,3,2745.76120576002,779.039694660416,0,0,0,107,0,0,0
52,12,4,2773.58597120001,779.208769205202,0,0,0,120,0,0,0
52,12,5,2805.86113740801,1197.25989314417,0,0,0,181,0,0,0
52,12,6,2796.687104,1034.81094467308,0,0,0,64,0,0,0
52,12,7,20422.4693759995,10289.0225063085,33,0,0,204,0,0,0
52,12,8,0,3,0,0,0,0,0,0,0
52,13,1,2807.85606400001,1395.72903789849,0,0,0,104,0,0,0
52,13,2,2809.36915200002,1583.17554700127,0,0,0,170,0,0,0
52,13,3,2741.92158771202,678.924792601007,0,0,0,77,0,0,0
52,13,4,2777.32581120001,1236.81577247494,0,0,0,77,0,0,0
52,13,5,2816.74504140801,749.843795299809,0,0,0,119,0,0,0
52,13,6,2810.48595200001,1737.70125803973,0,0,0,103,0,0,0
52,13,7,20480.8993919995,12551.5460048941,20,1,0,327,0,0,0
52,13,8,0,3,0,0,0,0,0,0,0
52,14,1,2820.62828800001,1600.52064285014,0,0,0,139,0,0,0
52,14,2,2820.15564800002,1245.18596575504,0,0,0,158,0,0,0
52,14,3,2737.16842291202,1370.43958480518,0,0,0,67,0,0,0
52,14,4,2787.90496000001,1019.69815104432,0,0,0,123,0,0,0
52,14,5,2819.88750540801,635.956210243946,0,0,0,74,0,0,0
52,14,6,2835.521472,1168.03899275839,0,0,0,173,0,0,0
52,14,7,20521.8127359995,5181.39590775886,22,1,0,265,0,0,0
52,14,8,0,3,0,0,0,0,0,0,0
52,15,1,2834.83146240001,1228.97189754089,0,0,0,160,0,0,0
52,15,2,2827.73952000002,1298.53160736648,0,0,0,124,0,0,0
52,15,3,2747.76184371202,1010.2057141875,0,0,0,137,0,0,0
52,15,4,2793.36723200001,615.658949018626,0,0,0,101,0,0,0
52,15,5,2821.32750540801,1359.93247336882,0,0,0,63,0,0,0
52,15,6,2850.48947200001,1597.32939581044,0,0,0,116,0,0,0
52,15,7,20545.1135359995,9435.6134324508,113,0,0,188,0,0,1
52,15,8,0,3,0,0,0,0,0,0,0
52,16,1,2842.01842944002,1210.64330539292,0,0,0,122,0,0,0
52,16,2,2834.68093184002,772.944803512533,0,0,0,129,0,0,0
52,16,3,2749.88599091202,1674.16643230773,0,0,0,101,0,0,0
52,16,4,2790.65420800001,1163.13370628653,0,0,0,61,0,0,0
52,16,5,2833.34995660801,1131.84643548596,0,0,0,135,0,0,0
52,16,6,2875.53351680001,1153.37736110703,0,0,0,159,0,0,0
52,16,7,20576.3267839995,12336.4143762443,42,0,0,205,0,0,1
52,16,8,0,3,0,0,0,0,0,0,0
52,17,1,2853.53443328002,583.018988855101,0,0,0,121,0,0,0
52,17,2,2834.14075340802,1481.76075917742,0,0,0,77,0,0,0
52,17,3,2771.60161341443,1037.09270277413,0,0,0,167,0,0,0
52,17,4,2802.04122624002,1367.28343099023,0,0,0,116,0,0,0
52,17,5,2847.59503820801,497.760526150341,0,0,0,113,0,0,0
52,17,6,2895.78317056001,1272.02194741405,0,0,0,115,0,0,0
52,17,7,20610.1983871994,5126.19624613777,34,0,0,204,0,0,0
52,17,8,0,3,0,0,0,0,0,0,0
52,18,1,2847.44443136002,773.471220567829,0,0,0,58,0,0,0
52,18,2,2846.05787084802,968.302991456781,0,0,0,147,0,0,0
52,18,3,2777.28170557442,822.203340664022,0,0,0,103,0,0,0
52,18,4,2814.07922944002,604.647838747889,0,0,0,136,0,0,0
52,18,5,2846.18290626561,1514.19162083296,0,0,0,49,0,0,0
52,18,6,2917.37159936001,1009.57418143305,0,0,0,127,0,0,0
52,18,7,20625.5747071994,14281.243706903,101,0,0,164,0,0,0
52,18,8,0,3,0,0,0,0,0,0,0
52,19,1,2841.92445696002,1235.35164713043,0,0,0,77,0,0,0
52,19,2,2842.39716300802,309.307861021752,0,0,0,96,0,0,0
52,19,3,2779.7321525453,1418.66223780705,0,0,0,82,0,0,0
52,19,4,2810.33553664002,1180.10503415666,0,0,0,60,0,0,0
52,19,5,2864.15925442561,813.240959707541,0,0,0,151,0,0,0
52,19,6,2931.84450560001,1703.38239753626,0,0,0,100,0,0,0
52,19,7,20643.7772543994,4580.86018391538,35,0,0,204,0,0,0
52,19,8,0,3,0,0,0,0,0,0,0
52,20,1,2833.12618496002,1422.14519840848,66,0,0,57,0,0,0
52,20,2,2823.40435660802,1337.23305825011,24,0,0,6,0,0,0
52,20,3,2779.8199253197,1045.18013251389,74,0,0,67,0,0,0
52,20,4,2806.78590924802,1476.09967356014,64,0,0,54,0,0,0
52,20,5,2858.75609536513,422.319684417856,44,0,0,37,0,0,0
52,20,6,2944.36426240001,1159.32155959623,85,0,0,85,0,0,0
52,20,7,20679.7886463993,10171.1326477446,214,0,0,243,0,0,0
52,20,8,0,3,0,0,0,0,0,0,0
52,21,1,2845.9030699213,939.005460864937,0,0,0,142,0,0,0
52,21,2,2843.65221877762,1208.46693565504,0,0,0,133,0,0,0
52,21,3,2794.68633176476,624.181790875639,0,0,0,104,0,0,0
52,21,4,2831.16630208514,927.917651721602,0,0,0,147,0,0,0
52,21,5,2860.64784771073,1130.46011295039,0,0,0,42,0,0,0
52,21,6,2967.11041843201,447.561439354092,0,0,0,115,0,0,0
52,21,7,20702.8143846392,6695.23921696988,35,0,0,248,0,0,0
52,21,8,0,3,0,0,0,0,0,0,0
52,22,1,2847.6886699213,1127.39899655409,1,0,0,92,0,0,0
52,22,2,2851.55341189122,1084.15394892165,0,0,0,120,0,0,0
52,22,3,2793.24185176476,1660.4413049324,0,0,0,62,0,0,0
52,22,4,2841.96911552514,1077.39291056226,0,0,0,92,0,0,0
52,22,5,2878.09646211074,382.973714645408,0,0,0,113,0,0,0
52,22,6,2968.38769408001,617.919823410568,0,0,0,44,0,0,0
52,22,7,20699.4526975992,7539.54166460156,218,0,0,216,0,0,3
52,22,8,0,3,0,0,0,0,0,0,0
52,23,1,2848.4609374413,792.610763831659,0,0,0,112,0,0,0
52,23,2,2856.76502609922,545.619153819234,0,0,0,108,0,0,0
52,23,3,2816.57911082683,1873.48366607437,0,0,0,166,0,0,0
52,23,4,2851.07517581314,1023.30072499146,0,0,0,107,0,0,0
52,23,5,2874.73525891074,1447.7851840819,0,0,0,38,0,0,0
52,23,6,2972.35680757761,230.04287082621,0,0,0,61,0,0,0
52,23,7,20691.9672063991,9415.65499383248,129,0,0,168,0,0,0
52,23,8,0,3,0,0,0,0,0,0,0
52,24,1,2833.48516425729,554.532449531741,0,0,0,79,0,0,0
52,24,2,2845.36840529922,1628.75916879226,0,0,0,54,0,0,0
52,24,3,2836.66032682682,438.14738104358,0,0,0,187,0,0,0
52,24,4,2851.85987399682,1159.51219501411,0,0,0,102,0,0,0
52,24,5,2886.69397891074,1168.02097855599,0,0,0,144,0,0,0
52,24,6,2966.28551157761,1277.29854918236,0,0,0,23,0,0,0
52,24,7,20690.7490662391,5820.24963611654,66,0,0,233,0,0,0
52,24,8,0,3,0,0,0,0,0,0,0
52,25,1,2812.05528483841,799.94443992764,0,41,0,14,0,0,0
52,25,2,2844.75953815554,1035.97608882403,0,69,0,93,0,0,0
52,25,3,2820.01747703482,1371.22623029751,0,23,0,20,0,0,0
52,25,4,2847.06476103682,1694.39096675876,0,49,0,66,0,0,0
52,25,5,2886.91320492034,1206.59444694657,0,48,0,68,0,0,0
52,25,6,2968.74492917761,1529.44075360752,0,65,0,62,0,0,0
52,25,7,20718.456595967,10708.9890013653,0,282,0,300,0,0,0
52,25,8,0,3,0,0,0,0,0,0,0
52,26,1,2813.08005572609,560.950543875322,0,0,0,79,0,0,0
52,26,2,2849.92035479554,541.119194028999,0,0,0,103,0,0,0
52,26,3,2840.6148816693,1057.07124864695,0,0,0,137,0,0,0
52,26,4,2872.16838195201,1058.14647419212,0,0,0,169,0,0,0
52,26,5,2906.86036418562,944.719648125966,0,0,0,120,0,0,0
52,26,6,3003.30646323202,1739.75254516515,0,0,0,152,0,0,0
52,26,7,20763.908256767,10853.8323295695,29,0,0,197,0,0,0
52,26,8,0,3,0,0,0,0,0,0,0
52,27,1,2809.06388932609,1689.73913115418,0,0,0,56,0,0,0
52,27,2,2843.17468055554,1807.18489192521,0,0,0,54,0,0,0
52,27,3,2848.8103888693,1361.42363556115,0,0,0,105,0,0,0
52,27,4,2881.57819185153,1278.64676575415,0,0,0,105,0,0,0
52,27,5,2921.68229775362,899.169748463735,0,0,0,94,0,0,0
52,27,6,3037.97819494402,1508.24226801925,0,0,0,173,0,0,0
52,27,7,20794.4666567669,9219.46033363756,21,0,0,206,0,0,0
52,27,8,0,3,0,0,0,0,0,0,0
52,28,1,2829.44492894209,1911.79051749882,0,0,0,168,0,0,0
52,28,2,2876.26081882114,1130.27862296285,0,0,0,180,0,0,0
52,28,3,2867.6648354613,1280.3282385306,0,0,0,136,0,0,0
52,28,4,2902.36322640283,1168.15465495492,0,0,0,127,0,0,0
52,28,5,2938.21703821314,1933.41206341268,0,0,0,89,0,0,0
52,28,6,3069.15388774401,1056.07278201952,0,0,0,150,0,0,0
52,28,7,20840.7939276789,5306.80455803809,31,0,0,244,0,0,1
52,28,8,0,3,0,0,0,0,0,0,0
52,29,1,2840.23433496167,1223.62224372158,7,0,0,163,0,0,0
52,29,2,2883.06984374274,878.73056012878,0,0,0,113,0,0,0
52,29,3,2882.42794632828,1340.97016455632,0,0,0,128,0,0,0
52,29,4,2915.78135744923,556.39685179932,0,0,0,116,0,0,0
52,29,5,2966.14324252673,1208.66305167259,8,0,0,161,0,0,0
52,29,6,3088.48250214401,1159.71083561211,0,0,0,105,0,0,0
52,29,7,20853.4993023989,8991.44358870825,102,0,0,151,0,0,0
52,29,8,0,3,0,0,0,0,0,0,0
52,30,1,2856.36727522919,1612.67363053588,0,0,0,122,0,0,0
52,30,2,2888.06056159234,1167.43905022433,0,0,0,87,0,0,0
52,30,3,2902.32805000828,1663.92774198659,0,0,0,134,0,0,0
52,30,4,2922.77149837723,1240.58912348169,0,0,0,55,0,0,0
52,30,5,2992.87714494056,606.976916561071,0,0,0,120,0,0,0
52,30,6,3111.81714278401,2145.76630655702,0,0,0,115,0,0,0
52,30,7,20894.0899513333,7964.23913278951,38,0,0,195,0,0,0
52,30,8,0,3,0,0,0,0,0,0,0
52,31,1,2880.55773487515,796.175101014801,0,0,0,161,0,0,0
52,31,2,2907.33364508674,1412.12861341111,0,0,0,116,0,0,0
52,31,3,2937.19231592801,880.363059060407,0,0,0,166,0,0,0
52,31,4,2951.00444470151,1069.27735316604,0,0,0,124,0,0,0
52,31,5,3005.58981629953,1618.86249858808,0,0,0,60,0,0,0
52,31,6,3162.05116362753,2301.18971667027,1,0,0,197,0,0,0
52,31,7,20961.9031322613,11211.0404132038,41,0,0,257,0,0,5
52,31,8,0,3,0,0,0,0,0,0,0
52,32,1,2880.59556018586,1520.48010825028,0,0,0,79,0,0,0
52,32,2,2923.48445673474,1122.36154864436,0,0,0,141,0,0,0
52,32,3,2943.83873925473,1440.53449665442,0,0,0,88,0,0,0
52,32,4,2964.99790193133,1096.52633473793,0,0,0,106,0,0,0
52,32,5,3033.96644699752,572.123669535207,0,0,0,161,0,0,0
52,32,6,3207.16139231234,1782.20104635381,1,0,0,189,0,0,1
52,32,7,20987.1292289012,9290.18131443938,46,0,0,191,0,0,1
52,32,8,0,3,0,0,0,0,0,0,0
52,33,1,2898.80748883559,1547.66726150477,0,0,0,152,0,0,0
52,33,2,2933.98641786882,1200.28592126053,0,0,0,112,0,0,0
52,33,3,2961.00256249799,1509.83465983735,0,0,0,144,0,0,0
52,33,4,2978.65519923693,1107.12196982189,0,0,0,109,0,0,0
52,33,5,3039.06264616552,1438.05332964936,0,0,0,57,0,0,0
52,33,6,3247.94708879362,1122.24823011094,0,0,0,178,0,0,0
52,33,7,21028.6146240704,6002.35051099966,114,0,0,222,0,0,0
52,33,8,0,3,0,0,0,0,0,0,0
52,34,1,2921.40991558341,519.222513663213,9,0,0,131,0,0,0
52,34,2,2954.57399760488,855.920763279841,0,0,0,120,0,0,0
52,34,3,2994.50119834433,561.042060303248,0,0,0,150,0,0,0
52,34,4,3001.49679931984,1061.24564547711,0,0,0,110,0,0,0
52,34,5,3074.50298931447,789.935096872295,0,0,0,143,0,0,0
52,34,6,3277.19262935042,1503.37018487681,0,0,0,112,0,0,0
52,34,7,21089.7105552576,6029.00405083624,176,0,0,192,0,0,0
52,34,8,0,3,0,0,0,0,0,0,0
52,35,1,2914.47623484661,606.563167999514,0,0,0,51,0,0,0
52,35,2,2958.3522116731,1633.23084579137,0,0,0,85,0,0,0
52,35,3,2988.60820800321,1111.40668728108,0,0,0,56,0,0,0
52,35,4,3013.23645997238,1696.62592859218,0,0,0,106,0,0,0
52,35,5,3083.46265344248,1894.31309110636,0,0,0,78,0,0,0
52,35,6,3307.58088169474,1120.55622471776,9,0,0,135,0,0,0
52,35,7,21158.5303205261,10747.9345235691,195,0,0,250,0,0,10
52,35,8,0,3,0,0,0,0,0,0,0
52,36,1,2908.62988855664,1176.09736258254,0,0,0,60,0,0,0
52,36,2,2974.04077334857,1404.33390587035,0,0,0,163,0,0,0
52,36,3,2995.75491267477,1832.16588309097,0,0,0,111,0,0,0
52,36,4,3033.82103883958,2057.49443645398,0,0,0,164,0,0,0
52,36,5,3117.1771301395,823.631267101094,0,0,0,189,0,0,0
52,36,6,3329.84989888514,1472.03143460478,0,0,0,112,0,0,0
52,36,7,21194.384894094,12755.7872448931,50,0,0,190,0,0,0
52,36,8,0,3,0,0,0,0,0,0,0
52,37,1,2917.2320483549,903.200487439839,0,0,0,117,0,0,0
52,37,2,2993.48897688209,486.721760230992,0,0,0,140,0,0,0
52,37,3,3023.97515101096,2545.14008175304,0,0,0,183,0,0,0
52,37,4,3075.87066309691,896.621848649428,0,0,0,205,0,0,0
52,37,5,3130.92581215422,653.958858551845,0,0,0,82,0,0,0
52,37,6,3371.48043534747,2609.53552614897,0,0,0,147,0,0,0
52,37,7,21255.8027203161,16392.5602716397,31,0,0,198,0,0,0
52,37,8,0,3,0,0,0,0,0,0,0
52,38,1,2915.90131315292,1403.70661321359,0,0,0,90,0,0,0
52,38,2,2978.32522761815,474.983898108558,0,0,0,48,0,0,0
52,38,3,3045.44168482671,2177.51273012885,1,0,0,196,0,0,0
52,38,4,3071.67937231931,1282.96258428157,0,0,0,89,0,0,0
52,38,5,3131.3258891795,1680.23344616517,0,0,0,65,0,0,0
52,38,6,3409.38673826613,1205.8286086719,1,0,0,184,0,0,1
52,38,7,21301.1834435162,13847.1578802752,34,0,0,279,0,0,1
52,38,8,0,3,0,0,0,0,0,0,0
52,39,1,2924.6996494765,831.260848166808,0,0,0,140,0,0,0
52,39,2,2961.63500035262,1478.74648665348,0,0,0,47,0,0,0
52,39,3,3071.20641407193,1259.06451724429,1,0,0,190,0,0,0
52,39,4,3077.53904975595,1645.16361890861,0,0,0,128,0,0,0
52,39,5,3153.8823256595,1288.77335162526,0,0,0,168,0,0,0
52,39,6,3430.64703724341,1016.56290659161,0,0,0,120,0,0,0
52,39,7,21320.5151913562,5498.02070407856,100,0,0,163,0,0,0
52,39,8,0,3,0,0,0,0,0,0,0
52,40,1,2920.74795388483,1284.70888952603,0,0,0,83,0,0,0
52,40,2,2971.85946120668,819.214253495907,0,0,0,147,0,0,0
52,40,3,3074.0229266552,650.305700932544,0,0,0,125,0,0,0
52,40,4,3095.69251768535,569.943128280305,0,0,0,164,0,0,0
52,40,5,3171.69951085758,1265.17789966569,0,0,0,128,0,0,0
52,40,6,3449.77173627701,1321.0296445286,0,0,0,101,0,0,0
52,40,7,21351.5065539161,12047.0868282281,121,0,0,183,0,0,3
52,40,8,0,3,0,0,0,0,0,0,0
52,41,1,2926.99784818812,1535.23517332648,0,0,0,128,0,0,0
52,41,2,2957.41427168328,917.075907083896,0,0,0,81,0,0,0
52,41,3,3060.7933101176,891.06807664744,0,0,0,65,0,0,0
52,41,4,3083.57157157898,1416.69866094537,0,0,0,56,0,0,0
52,41,5,3179.18119295862,1478.65518101434,0,0,0,126,0,0,0
52,41,6,3473.03188855195,1786.45345577314,0,0,0,132,0,0,0
52,41,7,21386.5914721881,9751.92778999971,39,0,0,208,0,0,0
52,41,8,0,3,0,0,0,0,0,0,0
52,42,1,2946.62002088108,1144.92504105422,0,0,0,153,0,0,0
52,42,2,2954.09964454575,1529.26862215756,0,0,0,91,0,0,0
52,42,3,3054.21144426057,1333.59779812765,0,0,0,89,0,0,0
52,42,4,3091.23954179492,951.863329639142,0,0,0,141,0,0,0
52,42,5,3194.37185168951,794.922811543873,0,0,0,147,0,0,0
52,42,6,3524.11326825842,1650.71105888058,0,0,0,178,0,0,0
52,42,7,21434.8474951257,10224.6748680752,60,0,0,214,0,0,0
52,42,8,0,3,0,0,0,0,0,0,0
52,43,1,2958.75609439319,776.336222410498,0,0,0,114,0,0,0
52,43,2,2972.71667853081,1238.71018965559,0,0,0,152,0,0,0
52,43,3,3055.51903521738,2112.95287508606,0,0,0,133,0,0,0
52,43,4,3090.80652919015,1113.49652381312,0,0,0,95,0,0,0
52,43,5,3197.87547761212,915.656309625814,0,0,0,79,0,0,0
52,43,6,3579.0909547915,1337.8637399839,0,0,0,165,0,0,0
52,43,7,21483.1007809113,7216.96725284169,64,0,0,189,0,0,1
52,43,8,0,3,0,0,0,0,0,0,0
52,44,1,2945.05026452567,1168.61020827301,0,38,0,39,0,0,0
52,44,2,2942.04410783349,623.46576192488,0,61,0,62,0,0,0
52,44,3,3045.13705670004,1405.01477632098,0,100,0,111,0,0,0
52,44,4,3069.15215925888,1569.11564117901,0,66,0,45,0,0,0
52,44,5,3183.08355838523,1551.54520884553,0,52,0,39,0,0,0
52,44,6,3583.2133019019,934.093210483062,0,51,0,82,0,0,0
52,44,7,21511.3701420633,4876.70025078712,7,188,0,195,0,0,1
52,44,8,0,3,0,0,0,0,0,0,0
52,45,1,2951.62924342458,1330.33086345387,0,0,0,116,0,0,0
52,45,2,2934.20926552386,1352.15368718633,0,0,0,62,0,0,0
52,45,3,3070.68937983613,724.948930646631,0,0,0,140,0,0,0
52,45,4,3093.12029587769,1763.79285488405,0,0,0,156,0,0,0
52,45,5,3219.7309501661,801.98036765363,0,0,0,155,0,0,0
52,45,6,3608.66220404589,1853.73329325919,0,0,0,93,0,0,0
52,45,7,21550.2973581913,7915.23616389021,32,0,0,161,0,0,0
52,45,8,0,3,0,0,0,0,0,0,0
52,46,1,2968.76018192939,2078.88379915453,0,0,0,133,0,0,0
52,46,2,2945.74778519874,1825.60317600875,0,0,0,135,0,0,0
52,46,3,3068.46108709926,1689.77507871131,0,0,0,72,0,0,0
52,46,4,3127.65058943364,1157.67842801614,0,0,0,176,0,0,0
52,46,5,3230.02753753659,913.037516913393,0,0,0,80,0,0,0
52,46,6,3659.08530622334,1751.75548321605,0,0,0,181,0,0,0
52,46,7,21604.2398114393,10466.1632849526,31,0,0,197,0,0,0
52,46,8,0,3,0,0,0,0,0,0,0
52,47,1,3003.26136698095,1411.07491155343,0,0,0,184,0,0,0
52,47,2,2992.41239945374,1099.91195565697,0,0,0,182,0,0,0
52,47,3,3103.40759938833,1029.42713638753,0,0,0,167,0,0,0
52,47,4,3136.3254662273,1022.89591489871,0,0,0,115,0,0,0
52,47,5,3244.98971354396,1184.53762828144,0,0,0,91,0,0,0
52,47,6,3717.63763716293,1375.52431828959,0,0,0,170,0,0,0
52,47,7,21670.7038298139,10448.2038502145,27,0,0,213,0,0,0
52,47,8,0,3,0,0,0,0,0,0,0
52,48,1,3020.15198396663,1118.04973772346,0,0,0,141,0,0,0
52,48,2,3008.31886011821,1080.41029677121,0,0,0,109,0,0,0
52,48,3,3116.68796485587,1213.24141048679,0,0,0,102,0,0,0
52,48,4,3152.1606195632,1477.38196832322,0,0,0,102,0,0,0
52,48,5,3273.94133904858,1787.21484177633,0,0,0,118,0,0,0
52,48,6,3754.90774107748,1543.55011263932,0,0,0,137,0,0,0
52,48,7,21715.9086971726,9076.65430435999,25,0,0,223,0,0,0
52,48,8,0,3,0,0,0,0,0,0,0
52,49,1,3024.88064809452,771.797131906138,0,0,0,111,0,0,0
52,49,2,3025.93859099569,2235.46073349008,0,0,0,108,0,0,0
52,49,3,3133.41013988069,1008.62160008006,0,0,0,121,0,0,0
52,49,4,3180.40842141019,889.037208542291,0,0,0,147,0,0,0
52,49,5,3317.0745633778,1784.96955178359,0,0,0,177,0,0,0
52,49,6,3804.80721407768,1543.68245796333,0,0,0,154,0,0,0
52,49,7,21763.0526327638,11050.1978214643,87,0,0,181,0,0,0
52,49,8,0,3,0,0,0,0,0,0,0
52,50,1,3014.47339922818,1707.42917251852,0,0,0,77,0,0,0
52,50,2,3071.04734459329,1026.78142791407,0,0,0,222,0,0,0
52,50,3,3128.9630128934,1390.23207606882,0,0,0,100,0,0,0
52,50,4,3178.30281140638,1263.84273387149,0,0,0,88,0,0,0
52,50,5,3361.29610932477,1189.42843419318,0,0,0,178,0,0,0
52,50,6,3847.36868651103,1682.60311946526,0,0,0,154,0,0,0
52,50,7,21785.9486749362,10311.6573892083,66,0,0,181,0,0,0
52,50,8,0,3,0,0,0,0,0,0,0
52,51,1,3028.89611177183,793.074618072126,0,0,0,170,0,0,0
52,51,2,3069.48599290021,1289.18956237222,0,0,0,102,0,0,0
52,51,3,3141.5595349642,2421.78706109815,0,0,0,139,0,0,0
52,51,4,3190.87014708039,1308.00710502387,0,0,0,126,0,0,0
52,51,5,3379.35175275145,1648.86570099492,0,0,0,118,0,0,0
52,51,6,3886.77914481538,668.792247094208,0,0,0,168,0,0,0
52,51,7,21816.1342114687,3408.46811068301,65,0,0,203,0,0,0
52,51,8,0,3,0,0,0,0,0,0,0
52,52,1,3021.22733140281,878.098926650952,0,0,0,79,0,0,0
52,52,2,3072.89394871011,1847.77397495491,0,0,0,128,0,0,0
52,52,3,3153.99122168134,810.354620271032,43,0,0,151,0,0,0
52,52,4,3205.41214688874,1334.80187764479,0,0,0,130,0,0,0
52,52,5,3421.10253608071,1320.47497048131,0,0,0,164,0,0,0
52,52,6,3890.33610978998,1895.33001441472,0,0,0,66,0,0,0
52,52,7,21820.3709416318,12869.7322890997,98,0,0,133,0,0,0
52,52,8,0,3,0,0,0,0,0,0,0
52,53,1,3007.42774230364,532.451484755579,0,0,0,87,0,0,0
52,53,2,3087.6007083142,726.822775878653,0,0,0,184,0,0,0
52,53,3,3143.55576550203,1191.94198801461,0,0,0,81,0,0,0
52,53,4,3221.13041332929,771.066835869629,0,0,0,133,0,0,0
52,53,5,3437.80511911243,1696.62939532319,0,0,0,132,0,0,0
52,53,6,3936.20616772044,904.962586410383,0,0,0,183,0,0,0
52,53,7,21832.7894078129,8115.36405377624,30,0,0,200,0,0,0
52,53,8,0,3,0,0,0,0,0,0,0
52,54,1,2995.83280144065,929.315459951836,0,0,0,53,0,0,0
52,54,2,3084.87489623641,1874.29783905922,0,0,0,72,0,0,0
52,54,3,3155.56692360533,2280.76759710914,0,0,0,119,0,0,0
52,54,4,3226.5558677817,1599.24021821705,0,0,0,77,0,0,0
52,54,5,3481.3825479086,1215.61770517079,0,0,0,169,0,0,0
52,54,6,3956.44578994437,1553.93501356813,0,0,0,90,0,0,0
52,54,7,21871.1299566873,12856.1664998799,105,0,0,189,0,0,0
52,54,8,0,3,0,0,0,0,0,0,0
52,55,1,2995.10125333832,1038.61582186165,0,0,0,92,0,0,0
52,55,2,3106.75774561176,1591.37960577832,0,0,0,187,0,0,0
52,55,3,3193.4176460065,1285.48652070395,0,0,0,223,0,0,0
52,55,4,3247.96347140864,1165.78639869337,0,0,0,159,0,0,0
52,55,5,3489.99876985429,2278.45370869753,0,0,0,121,0,0,0
52,55,6,4010.13702325573,1603.28983506843,0,0,0,155,0,0,0
52,55,7,21910.3177021147,10163.9369291026,4,25,0,221,0,0,0
52,55,8,0,3,0,0,0,0,0,0,0
52,56,1,2971.73391931152,894.30327134739,0,73,0,30,0,0,0
52,56,2,3092.55127793122,1329.8568925613,0,82,0,77,0,0,0
52,56,3,3181.59266593107,1348.56367078809,0,56,0,72,0,0,0
52,56,4,3236.70291715419,1810.98346594105,0,52,0,64,0,0,0
52,56,5,3512.69845426662,804.501971332973,0,99,0,128,0,0,0
52,56,6,4015.63355273414,1443.13315572825,0,92,0,68,0,0,0
52,56,7,21972.6540111448,6880.60891792352,5,230,0,271,0,0,2
52,56,8,0,3,0,0,0,0,0,0,0
52,57,1,2985.02652770865,920.502983779883,0,0,0,89,0,0,0
52,57,2,3124.10952872587,1752.67379751285,0,0,0,132,0,0,0
52,57,3,3225.86618258902,1851.58203773094,0,0,0,134,0,0,0
52,57,4,3295.54016175224,2300.59759174968,0,0,0,181,0,0,0
52,57,5,3535.48831449329,662.67268328251,0,0,0,80,0,0,0
52,57,6,4080.3655225815,1338.03894670215,0,0,0,144,0,0,0
52,57,7,22035.9491332294,6586.77654125605,33,1,0,175,0,0,0
52,57,8,0,3,0,0,0,0,0,0,0
52,58,1,2981.80617136303,1608.23998761811,0,0,0,92,0,0,0
52,58,2,3146.34654480029,1799.34143974611,0,0,0,164,0,0,0
52,58,3,3262.47059483906,1281.4008633504,0,0,0,184,0,0,0
52,58,4,3341.82868254425,1476.38394101453,1,0,0,210,0,0,0
52,58,5,3544.63489005088,1042.85829011324,0,0,0,66,0,0,0
52,58,6,4115.68678380727,1010.4807403626,0,0,0,133,0,0,0
52,58,7,22066.9747232557,6578.70047241971,32,0,0,174,0,0,0
52,58,8,0,3,0,0,0,0,0,0,0
52,59,1,3008.15059499935,1163.48391435282,0,0,0,160,0,0,0
52,59,2,3175.74772338193,965.466813438454,0,0,0,169,0,0,1
52,59,3,3293.21165571432,1310.85101315233,0,0,0,128,0,0,0
52,59,4,3382.36625690605,1494.93253988983,0,0,0,147,0,0,0
52,59,5,3568.3397020583,1029.05521210023,0,0,0,104,0,0,0
52,59,6,4148.23033811224,803.494306811047,0,0,0,101,0,0,0
52,59,7,22109.0228191102,7202.29856714236,31,0,0,195,0,0,5
52,59,8,0,3,0,0,0,0,0,0,0
52,60,1,3024.89695765796,1042.47782011984,0,0,0,116,0,0,0
52,60,2,3180.64995494617,956.44991686483,0,0,0,96,0,0,0
52,60,3,3316.88610703113,659.330764358986,0,0,0,131,0,0,0
52,60,4,3413.22209003248,1029.80600290357,0,0,0,149,0,0,0
52,60,5,3592.77061065129,1486.01313446463,0,0,0,102,0,0,0
52,60,6,4176.38750170434,3390.06795418352,0,0,0,80,0,0,0
52,60,7,22180.811139802,8723.66339239222,34,0,0,238,0,0,0
52,60,8,0,3,0,0,0,0,0,0,0
52,61,1,3052.09353248706,979.975093220306,0,0,0,104,0,0,0
52,61,2,3203.32404696004,915.190602098935,0,0,0,95,0,0,0
52,61,3,3325.0998357256,1399.3073010092,0,0,0,65,0,0,0
52,61,4,3449.60649333506,1734.61632974944,0,0,0,102,0,0,0
52,61,5,3654.54393636743,1294.15333482082,0,0,0,148,0,0,0
52,61,6,4286.76945483742,1944.41137736029,6,0,0,228,0,0,0
52,61,7,22240.0942594546,11501.3467216138,41,0,0,168,0,0,0
52,61,8,0,3,0,0,0,0,0,0,0
52,62,1,3073.21864529821,1625.39186450306,0,0,0,97,0,0,0
52,62,2,3227.95460291228,1287.9505438814,0,0,0,91,0,0,0
52,62,3,3363.25311306009,823.642780260057,0,0,0,139,0,0,0
52,62,4,3511.499631758,1904.44964613462,0,0,0,173,0,0,0
52,62,5,3705.70295990762,931.122279232355,0,0,0,129,0,0,0
52,62,6,4388.44943162342,2250.42339350672,0,0,0,190,0,0,0
52,62,7,22335.0108051584,10861.8360614435,35,0,0,255,0,0,0
52,62,8,0,3,0,0,0,0,0,0,0
52,63,1,3109.67740258556,864.374581839911,0,0,0,162,0,0,0
52,63,2,3261.2962014448,869.191128964907,0,0,0,128,0,0,0
52,63,3,3369.72496274399,1538.99156126631,0,0,0,82,0,0,0
52,63,4,3566.09784102458,2121.87719065021,0,0,0,182,0,0,1
52,63,5,3741.20197105738,1533.02985515161,0,0,0,93,0,0,0
52,63,6,4473.63931481798,723.261991630934,0,0,0,225,0,0,0
52,63,7,22382.6703145163,4276.37159091937,40,0,0,232,0,0,0
52,63,8,0,3,0,0,0,0,0,0,0
52,64,1,3101.04558849755,777.924616768858,58,0,0,28,0,0,0
52,64,2,3254.22749189357,1550.76408071949,52,0,0,34,0,0,0
52,64,3,3381.40687577124,620.996668439675,60,0,0,93,0,0,0
52,64,4,3587.35675520808,1761.73821319374,92,0,0,120,0,0,0
52,64,5,3763.172666095,2270.76758059282,73,0,0,80,0,0,0
52,64,6,4482.67160630117,1819.58145328835,24,0,0,48,0,0,0
52,64,7,22408.3181548214,6396.72463823726,160,1,0,192,0,0,4
52,64,8,0,3,0,0,0,0,0,0,0
52,65,1,3097.69287656357,1142.43055842193,0,0,0,77,0,0,0
52,65,2,3279.7361427186,593.899123040648,0,0,0,148,0,0,0
52,65,3,3387.22252740718,1590.30099551739,0,0,0,62,0,0,0
52,65,4,3642.50606734531,1877.42638710178,0,0,0,176,0,0,0
52,65,5,3821.09014174755,1230.98340165866,7,0,0,169,0,0,0
52,65,6,4537.18003685079,2615.57346331391,0,0,0,175,0,0,0
52,65,7,22427.6526922398,11734.8571044261,50,0,0,233,0,0,0
52,65,8,0,3,0,0,0,0,0,0,0
52,66,1,3120.22315464766,1033.13083659476,0,0,0,114,0,0,0
52,66,2,3293.5154355253,1934.96669786955,0,0,0,59,0,0,0
52,66,3,3427.07555544956,1114.47524983166,0,0,0,159,0,0,0
52,66,4,3719.52413700906,960.811528627343,0,0,0,187,0,0,0
52,66,5,3881.12938396654,664.042316305121,0,0,0,123,0,0,0
52,66,6,4638.11053709933,1718.57179477883,1,0,0,215,0,0,0
52,66,7,22435.385591159,10366.7161834075,35,0,0,195,0,0,0
52,66,8,0,3,0,0,0,0,0,0,0
52,67,1,3124.88590825736,1371.10463617536,0,0,0,103,0,0,0
52,67,2,3340.25540415328,2018.55317484366,0,0,0,193,0,0,0
52,67,3,3455.05563159027,1709.22397107387,0,0,0,111,0,0,0
52,67,4,3737.18658610393,1363.30991956758,0,0,0,96,0,0,0
52,67,5,3899.92620156933,1347.24818592704,0,0,0,66,0,0,0
52,67,6,4713.72338126511,2088.33383173984,0,0,0,171,0,0,0
52,67,7,22435.7132185379,1987.59774765716,36,0,0,218,0,0,0
52,67,8,0,3,0,0,0,0,0,0,0
52,68,1,3123.60852988707,1333.38540789568,17,0,0,109,0,0,0
52,68,2,3359.52098647563,1270.69579679766,39,0,0,139,0,0,0
52,68,3,3476.88747340271,1496.30787063113,3,0,0,166,0,0,0
52,68,4,3760.74136355985,2618.31735630627,4,0,0,129,0,0,0
52,68,5,3922.8251868877,1875.06248015538,1,0,0,133,0,0,0
52,68,6,4744.5445186237,1728.2008363219,53,0,0,124,0,0,0
52,68,7,22399.7207297532,9748.26572756538,45,0,0,126,0,0,0
52,68,8,0,3,0,0,0,0,0,0,0
52,69,1,3139.39616115681,1657.41238504221,0,0,0,133,0,0,0
52,69,2,3380.21204767993,962.87307872995,0,0,0,127,0,0,0
52,69,3,3502.09311897021,1260.12737462592,0,0,0,149,0,0,0
52,69,4,3815.53012335326,1364.74522173398,1,0,0,194,0,0,0
52,69,5,4002.22528217647,1164.79852514992,0,0,0,187,0,0,0
52,69,6,4813.2758788681,2903.41915262844,0,0,0,172,0,0,0
52,69,7,22413.606395895,14045.8010359437,23,0,0,223,0,0,0
52,69,8,0,3,0,0,0,0,0,0,0
52,70,1,3155.26514081345,876.93896843882,0,0,0,165,0,0,0
52,70,2,3394.26629198584,2412.92157993488,0,0,0,96,0,0,0
52,70,3,3517.04023150444,1169.06660828075,0,0,0,126,0,0,0
52,70,4,3835.21322461961,1248.33834298567,0,0,0,136,0,0,0
52,70,5,4017.72384038275,824.618361431075,0,0,0,116,0,0,0
52,70,6,4872.00662187654,2000.08693525551,1,0,0,194,0,0,0
52,70,7,22371.1352761573,8564.92071409495,14,6,0,210,0,0,1
52,70,8,0,3,0,0,0,0,0,0,0
52,71,1,3167.86212653659,975.688686768296,0,0,0,87,0,0,0
52,71,2,3451.30262450658,1854.63206079898,0,1,0,197,0,0,0
52,71,3,3554.19460154922,875.577463166483,0,0,0,116,0,0,0
52,71,4,3879.39353483192,1713.46227842377,0,0,0,124,0,0,0
52,71,5,4046.78998025997,2183.38055388856,0,0,0,82,0,0,0
52,71,6,4951.270215602,1906.95419868038,0,0,0,181,0,0,0
52,71,7,22378.8214471689,12401.6280329278,0,30,0,187,0,0,0
52,71,8,0,3,0,0,0,0,0,0,0
52,72,1,3176.05825602267,532.32191412393,0,0,0,97,0,0,0
52,72,2,3503.11839104848,1853.28766974409,0,0,0,185,0,0,0
52,72,3,3561.67442994543,1279.91490716481,0,0,0,87,0,0,0
52,72,4,3932.74827278111,1519.75220810685,0,0,0,171,0,0,0
52,72,5,4104.1685978113,702.347534789571,0,6,0,172,0,0,0
52,72,6,5025.53453826017,2020.86440454156,0,2,0,176,0,0,0
52,72,7,22368.4631735922,4932.44680076675,0,151,0,208,0,0,0
52,72,8,0,3,0,0,0,0,0,0,0
52,73,1,3172.88721506769,2239.25240174087,0,0,0,53,0,0,0
52,73,2,3545.47586558865,1927.36322767041,0,0,0,185,0,0,0
52,73,3,3586.28706530015,376.472435774878,0,0,0,127,0,0,0
52,73,4,3966.34702476741,1386.03658575362,0,0,0,151,0,0,0
52,73,5,4125.53546863229,2416.42627791086,0,0,0,70,0,0,0
52,73,6,5094.51097152023,670.321815497894,4,0,0,180,0,0,0
52,73,7,22372.8242517278,8245.35506998783,60,0,0,195,0,0,0
52,73,8,0,3,0,0,0,0,0,0,0
52,74,1,3229.70037230571,2178.03910098364,0,0,0,217,0,0,0
52,74,2,3591.26236121076,2023.97239790563,0,0,0,191,0,0,0
52,74,3,3566.62608187311,504.181945033915,0,0,0,37,0,0,0
52,74,4,4008.89031527516,1129.18286632771,0,0,0,138,0,0,0
52,74,5,4196.61739562825,558.762598671907,0,2,0,180,0,0,0
52,74,6,5108.72055468584,1567.66291354863,0,0,0,67,0,0,0
52,74,7,22418.6214392126,5270.17743792585,0,31,0,222,0,0,0
52,74,8,0,3,0,0,0,0,0,0,0
52,75,1,3226.25942121115,1019.058915357,0,117,0,100,0,0,0
52,75,2,3593.03249737575,953.167554221658,0,110,0,92,0,0,0
52,75,3,3540.41923155814,1760.3286559527,0,27,0,23,0,0,0
52,75,4,3998.43763490419,2410.89968202967,0,58,0,54,0,0,0
52,75,5,4181.1211810144,1426.18036631716,0,29,0,26,0,0,0
52,75,6,5126.76785847996,1848.95082495668,0,76,0,80,0,0,0
52,75,7,22428.2446501496,5653.55284020635,0,266,0,261,0,0,0
52,75,8,0,3,0,0,0,0,0,0,0
52,76,1,3266.06920799569,1710.34117948698,0,0,0,101,0,0,0
52,76,2,3624.99394175056,1888.24731270613,0,0,0,95,0,0,0
52,76,3,3598.92722642198,1112.17837536054,1,0,0,163,0,0,0
52,76,4,4113.72375666554,3535.1078332614,0,0,0,227,0,0,0
52,76,5,4245.3570715783,1885.53743429244,0,0,0,142,0,0,0
52,76,6,5244.50379969294,1343.0686210019,0,0,0,184,0,0,0
52,76,7,22502.3479256321,9534.36950388908,33,0,0,184,0,0,0
52,76,8,0,3,0,0,0,0,0,0,0
52,77,1,3340.71840456128,1293.39063523181,0,0,0,171,0,0,0
52,77,2,3697.11951887109,1009.38659728247,0,0,0,186,0,0,0
52,77,3,3644.72918698789,1411.30334205949,0,0,0,111,0,0,0
52,77,4,4227.02059739061,663.025025098493,5,0,0,196,0,0,0
52,77,5,4356.09342428036,2371.98253141708,0,0,0,188,0,0,0
52,77,6,5345.25815503451,2516.8864822044,0,0,0,134,0,0,0
52,77,7,22641.1722908994,7140.36688716971,18,2,0,274,0,0,0
52,77,8,0,3,0,0,0,0,0,0,0
52,78,1,3361.57621812535,718.544732425166,0,0,0,129,0,0,0
52,78,2,3699.69234852582,1333.15535016303,0,0,0,100,0,0,0
52,78,3,3674.04083531393,2095.57141536941,0,0,0,141,0,0,0
52,78,4,4236.48621378008,1408.47978761632,0,0,0,66,0,0,0
52,78,5,4403.52095122491,1811.42519668656,6,0,0,174,0,0,0
52,78,6,5408.17122616069,1927.22982825114,10,0,0,164,0,0,0
52,78,7,22666.0494612493,9378.57880390581,61,0,0,182,0,0,0
52,78,8,0,3,0,0,0,0,0,0,0
52,79,1,3371.28308237067,1344.88126602798,0,0,0,71,0,0,0
52,79,2,3754.01361734938,1126.97994940833,0,0,0,133,0,0,0
52,79,3,3739.45920628583,1592.33626986215,0,0,0,192,0,0,1
52,79,4,4285.26103846944,977.915626648037,0,0,0,140,0,0,0
52,79,5,4490.45519838395,1324.47048303987,0,0,0,181,0,0,0
52,79,6,5542.42192853207,1614.24994266285,0,0,0,192,0,0,0
52,79,7,22791.4421476496,8107.34706758175,38,0,0,243,0,0,0
52,79,8,0,3,0,0,0,0,0,0,0
52,80,1,3397.98322127561,1023.88998864041,0,0,0,134,0,0,0
52,80,2,3789.77421762375,1809.51898499923,0,0,0,112,0,0,0
52,80,3,3789.68860475753,1694.77154335082,0,0,0,159,0,0,0
52,80,4,4312.45514515897,428.011348460194,0,0,0,97,0,0,0
52,80,5,4534.97632023446,2505.47461762734,0,0,0,132,0,0,0
52,80,6,5618.386134161,1913.08183390466,0,0,0,161,0,0,0
52,80,7,22852.4299715941,6152.489074466,133,0,0,208,0,0,0
52,80,8,0,3,0,0,0,0,0,0,0
52,81,1,3427.0551605297,1994.57155210772,0,0,0,102,0,0,0
52,81,2,3824.17425760127,2555.00015813194,11,0,0,153,0,0,0
52,81,3,3841.31677164716,2484.59107234191,2,0,0,162,0,0,2
52,81,4,4310.48077647341,1474.53877292094,0,0,0,42,0,0,0
52,81,5,4661.39823654522,2051.05704825046,26,0,0,186,0,0,0
52,81,6,5728.93325421305,1658.11186207527,11,0,0,164,0,0,0
52,81,7,22937.5613357549,5088.01471606568,167,0,0,213,0,0,1
52,81,8,0,3,0,0,0,0,0,0,0
52,82,1,3438.82824589392,681.893044238501,68,0,0,104,0,0,0
52,82,2,3858.65526320755,807.100405801791,90,0,0,129,0,0,0
52,82,3,3874.33816165962,899.976437147389,89,0,0,123,0,0,0
52,82,4,4363.47704295558,1749.70481165695,6,0,0,139,0,0,0
52,82,5,4694.50294523776,2197.81010409614,42,0,0,146,0,0,0
52,82,6,5805.64299784788,2568.79259178548,17,0,0,142,0,0,0
52,82,7,22984.9090216513,10846.8198497818,165,1,0,203,0,0,0
52,82,8,0,3,0,0,0,0,0,0,0
52,83,1,3436.55526663227,1390.998135169,0,0,0,68,0,0,0
52,83,2,3868.15083812006,1526.35435346405,0,0,0,80,0,0,0
52,83,3,3879.92259672487,918.04665014591,0,0,0,89,0,0,0
52,83,4,4411.23694966379,2044.46858106521,0,0,0,174,0,0,0
52,83,5,4732.35061010408,1362.5189574895,0,0,0,219,0,0,0
52,83,6,5930.11464190593,1639.37731001358,0,0,0,240,0,0,0
52,83,7,22975.6793338788,7402.03300915008,42,0,0,199,0,0,0
52,83,8,0,3,0,0,0,0,0,0,0
52,84,1,3503.20176250667,1065.64433854338,0,0,0,139,0,0,0
52,84,2,3980.98452569771,1368.02450963419,1,0,0,149,0,0,0
52,84,3,3945.73000699565,1456.99945291894,0,0,0,91,0,0,0
52,84,4,4511.39873195122,1862.87748608066,14,0,0,169,0,0,0
52,84,5,4839.9708965467,1486.7902251191,0,0,0,136,0,0,0
52,84,6,6099.54929674719,2476.65082906119,0,0,0,163,0,0,0
52,84,7,23125.2323061269,9449.13219968622,200,0,0,238,0,0,0
52,84,8,0,3,0,0,0,0,0,0,0
52,85,1,3517.93935136862,1276.8344454786,0,0,0,106,0,0,0
52,85,2,3998.96091228459,1569.64318558671,0,0,0,136,0,0,0
52,85,3,3966.08815383585,2224.0855961795,0,0,0,145,0,0,0
52,85,4,4543.05133740289,1071.90032138423,0,0,0,186,0,0,0
52,85,5,4877.18633740012,2275.01568102,0,0,0,148,0,0,0
52,85,6,6189.84648906621,2648.19253994545,5,0,0,189,0,0,0
52,85,7,23134.0411166524,9609.15807476577,79,0,0,168,0,0,0
52,85,8,0,3,0,0,0,0,0,0,0
52,86,1,3542.65478996225,1184.21810549,0,0,0,127,0,0,0
52,86,2,4049.19316151675,1178.04999434097,0,0,0,156,0,0,0
52,86,3,4017.42254658063,2037.41185860999,0,1,0,197,0,0,0
52,86,4,4566.59242311823,1060.66402693381,0,0,0,107,0,0,0
52,86,5,4946.90458323937,1644.54978177676,0,3,0,169,0,0,0
52,86,6,6357.1416527933,1370.94583278034,0,0,0,264,0,0,0
52,86,7,23213.1391482359,3451.24034073248,0,47,0,207,0,0,0
52,86,8,0,3,0,0,0,0,0,0,0
52,87,1,3531.36133206734,1523.6333899841,0,77,0,41,0,0,0
52,87,2,4040.7567366814,1220.88688760184,0,61,0,56,0,0,0
52,87,3,4006.82426062071,597.48163766786,0,106,0,97,0,0,0
52,87,4,4544.16714772795,2393.48768167887,0,57,0,49,0,0,0
52,87,5,4946.02801966134,2860.29440114787,0,77,0,87,0,0,0
52,87,6,6345.61198275402,2167.7636082178,0,75,0,62,0,0,0
52,87,7,23199.5090371598,10952.7792521399,0,182,0,163,0,0,0
52,87,8,0,3,0,0,0,0,0,0,0
52,88,1,3563.51074461118,1562.41818876064,0,0,0,152,0,0,0
52,88,2,4065.02395346031,2409.8571536197,0,0,0,122,0,0,0
52,88,3,4007.14443943229,1201.84005239937,0,0,0,59,0,0,0
52,88,4,4633.77005199535,1611.49305726004,0,0,0,228,0,0,0
52,88,5,5043.11546808043,1508.92543962742,1,0,0,221,0,0,1
52,88,6,6484.10804873005,2162.55114736998,0,0,0,202,0,0,0
52,88,7,23237.5993090766,9570.0556126365,29,0,0,183,0,0,0
52,88,8,0,3,0,0,0,0,0,0,0
52,89,1,3665.09628166089,846.155648056303,0,0,0,156,0,0,0
52,89,2,4200.99939825812,1887.36472650458,1,0,0,194,0,0,0
52,89,3,4060.38508613925,2028.65541809887,0,0,0,120,0,0,0
52,89,4,4768.49613476505,1051.25536069241,0,0,0,161,0,0,0
52,89,5,5222.30627172182,1983.5727243837,0,0,0,150,0,0,0
52,89,6,6741.02833406046,1933.99816935771,0,0,0,195,0,0,2
52,89,7,23443.660542267,7354.42229699615,21,0,0,264,0,0,0
52,89,8,0,3,0,0,0,0,0,0,0
52,90,1,3696.48142980718,1081.60265270073,0,0,0,84,0,0,0
52,90,2,4267.89979578446,2002.99555880944,0,0,0,183,0,0,0
52,90,3,4135.63568665862,935.876479442764,3,0,0,176,0,0,1
52,90,4,4828.46592459418,1616.86135203074,0,0,0,105,0,0,0
52,90,5,5339.39077095563,2269.43550997572,0,0,0,196,0,0,0
52,90,6,6875.8437921017,2579.01312995191,3,0,0,171,0,0,0
52,90,7,23518.8657024894,8309.12444684804,75,0,0,177,0,0,1
52,90,8,0,3,0,0,0,0,0,0,0
52,91,1,3744.29447119461,1120.74019383122,0,0,0,108,0,0,0
52,91,2,4378.15797102788,1506.5609992163,0,0,0,191,0,0,0
52,91,3,4175.54063156412,1565.32941749687,0,0,0,93,0,0,0
52,91,4,4920.13659728652,2435.74634334011,0,0,0,161,0,0,0
52,91,5,5489.62890407007,2248.63971918134,5,0,0,185,0,0,0
52,91,6,7021.40644431336,2070.61824348291,10,0,0,174,0,0,0
52,91,7,23634.5676120993,12256.0020030214,83,0,0,181,0,0,0
52,91,8,0,3,0,0,0,0,0,0,0
52,92,1,3770.41422263543,792.920098729654,0,0,0,112,0,0,0
52,92,2,4404.7012340818,1088.61495817132,0,0,0,150,0,0,0
52,92,3,4239.36538860296,2213.26919771754,0,0,0,156,0,0,0
52,92,4,5015.91664579951,1080.99375473094,0,0,0,243,0,0,0
52,92,5,5590.95646281745,1335.44689326108,1,0,0,182,0,0,0
52,92,6,7175.90063783383,2577.65135831184,0,0,0,203,0,0,0
52,92,7,23688.1017384231,6508.24614483492,43,0,0,209,0,0,0
52,92,8,0,3,0,0,0,0,0,0,0
52,93,1,3791.72219555022,1483.96301778413,0,0,0,79,0,0,0
52,93,2,4476.8300611111,1651.63211430975,0,0,0,108,0,0,0
52,93,3,4332.8231618695,1606.56867197066,25,0,0,158,0,0,0
52,93,4,5107.31997789497,2089.38887917092,0,0,0,108,0,0,0
52,93,5,5716.75470008224,2170.05047927577,0,0,0,133,0,0,0
52,93,6,7341.13907742113,1742.64576668455,39,0,0,160,0,0,0
52,93,7,23842.7019393347,15369.8937904203,174,0,0,215,0,0,0
52,93,8,0,3,0,0,0,0,0,0,0
52,94,1,3806.23880075126,1328.36439898217,0,0,0,148,0,0,0
52,94,2,4500.58031343505,1214.23742146144,0,0,0,165,0,0,0
52,94,3,4381.4411522854,2139.10560736845,0,0,0,160,0,0,0
52,94,4,5142.3399761696,3974.73417415314,0,0,0,197,0,0,0
52,94,5,5760.17857098924,4092.11562724403,0,0,0,187,0,0,0
52,94,6,7423.42433751392,3591.60065811907,0,0,0,174,0,0,0
52,94,7,23870.5718132783,8071.2061815159,37,0,0,278,0,0,0
52,94,8,0,3,0,0,0,0,0,0,0
52,95,1,3854.14242709349,1612.18096723984,0,0,0,132,0,0,0
52,95,2,4551.49926152072,1746.95724020039,0,0,0,121,0,0,0
52,95,3,4452.83235991034,1820.55475417422,0,0,0,202,0,0,1
52,95,4,5220.28641330713,1608.88528135386,22,0,0,210,0,0,0
52,95,5,5888.27599721074,2453.00086949436,23,0,0,215,0,0,0
52,95,6,7598.65575567888,2782.25879654082,19,0,0,196,0,0,0
52,95,7,23960.33438353,11505.4460425624,76,0,0,174,0,0,0
52,95,8,0,3,0,0,0,0,0,0,0
52,96,1,3892.39119024755,2139.17863738422,0,0,0,161,0,0,0
52,96,2,4616.48222574382,1817.69240747643,0,0,0,174,0,0,0
52,96,3,4510.33889001701,2500.20832326317,0,0,0,172,0,0,0
52,96,4,5288.17747922657,3093.78195546381,0,0,0,160,0,0,0
52,96,5,6032.32132019081,1700.41370977508,2,0,0,193,0,0,0
52,96,6,7780.27112195817,4520.71993011363,4,0,0,189,0,0,0
52,96,7,24010.1061543876,10978.0075774355,47,0,0,179,0,0,1
52,96,8,0,3,0,0,0,0,0,0,0
52,97,1,3917.78025589884,2778.34852602024,0,0,0,199,0,0,0
52,97,2,4674.47506141901,1194.99728904345,0,0,0,181,0,0,0
52,97,3,4583.09396612227,1093.99814228174,2,0,0,193,0,0,0
52,97,4,5399.07691443016,1643.59398270159,4,0,0,233,0,0,0
52,97,5,6144.25031411507,2019.7264038495,0,0,0,170,0,0,0
52,97,6,7962.52411157137,4678.79400449176,12,0,0,213,0,0,0
52,97,7,24055.7624717117,12080.4088538438,44,0,0,248,0,0,0
52,97,8,0,3,0,0,0,0,0,0,0
52,98,1,3954.15668056141,2149.55737076708,0,3,0,187,0,0,0
52,98,2,4720.72858169029,2672.53464427058,0,0,0,119,0,0,0
52,98,3,4599.3630334712,1925.07050301708,0,0,0,109,0,0,0
52,98,4,5468.65810327826,2403.79345019016,0,0,0,164,0,0,0
52,98,5,6311.8559629746,2055.34047964138,0,0,0,201,0,0,0
52,98,6,8176.42163419685,3733.30614043656,0,10,0,202,0,0,1
52,98,7,24110.6236971291,6207.97244612717,0,43,0,249,0,0,0
52,98,8,0,3,0,0,0,0,0,0,0
52,99,1,3964.96747314924,1501.49945956081,0,24,0,145,0,0,0
52,99,2,4734.26133109214,1625.87097178468,0,31,0,180,0,0,0
52,99,3,4627.02843312929,574.968430506396,0,11,0,159,0,0,0
52,99,4,5500.31395132137,3880.86581941292,0,29,0,156,0,0,0
52,99,5,6376.6597286421,1578.41455797214,0,22,0,143,0,0,0
52,99,6,8270.26801296478,2339.97877755653,0,76,0,160,0,0,0
52,99,7,24125.4765997909,9609.86436295976,0,162,0,163,0,0,2
52,99,8,0,3,0,0,0,0,0,0,0
52,100,1,4022.9873614959,1810.33936756531,0,0,0,150,0,0,0
52,100,2,4828.97946827125,1042.51014257056,0,0,0,162,0,0,0
52,100,3,4622.75147801676,1713.90318297803,0,0,0,57,0,0,0
52,100,4,5563.90025134784,1993.29428829858,8,0,0,199,0,0,0
52,100,5,6454.66012026172,4234.72141259494,0,0,0,157,0,0,0
52,100,6,8495.91603832078,4073.72040723223,0,0,0,183,0,0,0
52,100,7,24241.7695262919,15656.632451946,34,0,0,199,0,0,0
52,100,8,0,3,0,0,0,0,0,0,0
53,1,1,2909.256,970.509911736532,0,0,0,99,0,0,0
53,1,2,2901.7216,1650.2995209551,0,0,0,69,0,0,0
53,1,3,2907.56,1011.74548220718,0,0,0,90,0,0,0
53,1,4,2896.2096,1601.48944658304,0,0,0,29,0,0,0
53,1,5,2911.712,1114.88146344386,0,0,0,99,0,0,0
53,1,6,2902.6992,618.384814848858,0,0,0,68,0,0,0
53,1,7,19580.5167999999,7861.48082630628,0,0,0,80,0,0,0
53,1,8,0,0,0,0,0,99,0,0,0
53,2,1,NA,NA,NA,NA,NA,NA,NA,NA,NA
53,2,2,NA,NA,NA,NA,NA,NA,NA,NA,NA
53,2,3,NA,NA,NA,NA,NA,NA,NA,NA,NA
53,2,4,NA,NA,NA,NA,NA,NA,NA,NA,NA
53,2,5,NA,NA,NA,NA,NA,NA,NA,NA,NA
53,2,6,NA,NA,NA,NA,NA,NA,NA,NA,NA
53,2,7,NA,NA,NA,NA,NA,NA,NA,NA,NA
53,2,8,NA,NA,NA,NA,NA,NA,NA,NA,NA
53,3,1,NA,NA,NA,NA,NA,NA,NA,NA,NA
53,3,2,NA,NA,NA,NA,NA,NA,NA,NA,NA
53,3,3,NA,NA,NA,NA,NA,NA,NA,NA,NA
53,3,4,NA,NA,NA,NA,NA,NA,NA,NA,NA
53,3,5,NA,NA,NA,NA,NA,NA,NA,NA,NA
53,3,6,NA,NA,NA,NA,NA,NA,NA,NA,NA
53,3,7,NA,NA,NA,NA,NA,NA,NA,NA,NA
53,3,8,NA,NA,NA,NA,NA,NA,NA,NA,NA
53,4,1,NA,NA,NA,NA,NA,NA,NA,NA,NA
53,4,2,NA,NA,NA,NA,NA,NA,NA,NA,NA
53,4,3,NA,NA,NA,NA,NA,NA,NA,NA,NA
53,4,4,NA,NA,NA,NA,NA,NA,NA,NA,NA
53,4,5,NA,NA,NA,NA,NA,NA,NA,NA,NA
53,4,6,NA,NA,NA,NA,NA,NA,NA,NA,NA
53,4,7,NA,NA,NA,NA,NA,NA,NA,NA,NA
53,4,8,NA,NA,NA,NA,NA,NA,NA,NA,NA
53,5,1,NA,NA,NA,NA,NA,NA,NA,NA,NA
53,5,2,NA,NA,NA,NA,NA,NA,NA,NA,NA
53,5,3,NA,NA,NA,NA,NA,NA,NA,NA,NA
53,5,4,NA,NA,NA,NA,NA,NA,NA,NA,NA
53,5,5,NA,NA,NA,NA,NA,NA,NA,NA,NA
53,5,6,NA,NA,NA,NA,NA,NA,NA,NA,NA
53,5,7,NA,NA,NA,NA,NA,NA,NA,NA,NA
53,5,8,NA,NA,NA,NA,NA,NA,NA,NA,NA
53,6,1,NA,NA,NA,NA,NA,NA,NA,NA,NA
53,6,2,NA,NA,NA,NA,NA,NA,NA,NA,NA
53,6,3,NA,NA,NA,NA,NA,NA,NA,NA,NA
53,6,4,NA,NA,NA,NA,NA,NA,NA,NA,NA
53,6,5,NA,NA,NA,NA,NA,NA,NA,NA,NA
53,6,6,NA,NA,NA,NA,NA,NA,NA,NA,NA
53,6,7,NA,NA,NA,NA,NA,NA,NA,NA,NA
53,6,8,NA,NA,NA,NA,NA,NA,NA,NA,NA
53,7,1,NA,NA,NA,NA,NA,NA,NA,NA,NA
53,7,2,NA,NA,NA,NA,NA,NA,NA,NA,NA
53,7,3,NA,NA,NA,NA,NA,NA,NA,NA,NA
53,7,4,NA,NA,NA,NA,NA,NA,NA,NA,NA
53,7,5,NA,NA,NA,NA,NA,NA,NA,NA,NA
53,7,6,NA,NA,NA,NA,NA,NA,NA,NA,NA
53,7,7,NA,NA,NA,NA,NA,NA,NA,NA,NA
53,7,8,NA,NA,NA,NA,NA,NA,NA,NA,NA
53,8,1,NA,NA,NA,NA,NA,NA,NA,NA,NA
53,8,2,NA,NA,NA,NA,NA,NA,NA,NA,NA
53,8,3,NA,NA,NA,NA,NA,NA,NA,NA,NA
53,8,4,NA,NA,NA,NA,NA,NA,NA,NA,NA
53,8,5,NA,NA,NA,NA,NA,NA,NA,NA,NA
53,8,6,NA,NA,NA,NA,NA,NA,NA,NA,NA
53,8,7,NA,NA,NA,NA,NA,NA,NA,NA,NA
53,8,8,NA,NA,NA,NA,NA,NA,NA,NA,NA
53,9,1,NA,NA,NA,NA,NA,NA,NA,NA,NA
53,9,2,NA,NA,NA,NA,NA,NA,NA,NA,NA
53,9,3,NA,NA,NA,NA,NA,NA,NA,NA,NA
53,9,4,NA,NA,NA,NA,NA,NA,NA,NA,NA
53,9,5,NA,NA,NA,NA,NA,NA,NA,NA,NA
53,9,6,NA,NA,NA,NA,NA,NA,NA,NA,NA
53,9,7,NA,NA,NA,NA,NA,NA,NA,NA,NA
53,9,8,NA,NA,NA,NA,NA,NA,NA,NA,NA
53,10,1,NA,NA,NA,NA,NA,NA,NA,NA,NA
53,10,2,NA,NA,NA,NA,NA,NA,NA,NA,NA
53,10,3,NA,NA,NA,NA,NA,NA,NA,NA,NA
53,10,4,NA,NA,NA,NA,NA,NA,NA,NA,NA
53,10,5,NA,NA,NA,NA,NA,NA,NA,NA,NA
53,10,6,NA,NA,NA,NA,NA,NA,NA,NA,NA
53,10,7,NA,NA,NA,NA,NA,NA,NA,NA,NA
53,10,8,NA,NA,NA,NA,NA,NA,NA,NA,NA
53,11,1,NA,NA,NA,NA,NA,NA,NA,NA,NA
53,11,2,NA,NA,NA,NA,NA,NA,NA,NA,NA
53,11,3,NA,NA,NA,NA,NA,NA,NA,NA,NA
53,11,4,NA,NA,NA,NA,NA,NA,NA,NA,NA
53,11,5,NA,NA,NA,NA,NA,NA,NA,NA,NA
53,11,6,NA,NA,NA,NA,NA,NA,NA,NA,NA
53,11,7,NA,NA,NA,NA,NA,NA,NA,NA,NA
53,11,8,NA,NA,NA,NA,NA,NA,NA,NA,NA
53,12,1,NA,NA,NA,NA,NA,NA,NA,NA,NA
53,12,2,NA,NA,NA,NA,NA,NA,NA,NA,NA
53,12,3,NA,NA,NA,NA,NA,NA,NA,NA,NA
53,12,4,NA,NA,NA,NA,NA,NA,NA,NA,NA
53,12,5,NA,NA,NA,NA,NA,NA,NA,NA,NA
53,12,6,NA,NA,NA,NA,NA,NA,NA,NA,NA
53,12,7,NA,NA,NA,NA,NA,NA,NA,NA,NA
53,12,8,NA,NA,NA,NA,NA,NA,NA,NA,NA
53,13,1,NA,NA,NA,NA,NA,NA,NA,NA,NA
53,13,2,NA,NA,NA,NA,NA,NA,NA,NA,NA
53,13,3,NA,NA,NA,NA,NA,NA,NA,NA,NA
53,13,4,NA,NA,NA,NA,NA,NA,NA,NA,NA
53,13,5,NA,NA,NA,NA,NA,NA,NA,NA,NA
53,13,6,NA,NA,NA,NA,NA,NA,NA,NA,NA
53,13,7,NA,NA,NA,NA,NA,NA,NA,NA,NA
53,13,8,NA,NA,NA,NA,NA,NA,NA,NA,NA
53,14,1,NA,NA,NA,NA,NA,NA,NA,NA,NA
53,14,2,NA,NA,NA,NA,NA,NA,NA,NA,NA
53,14,3,NA,NA,NA,NA,NA,NA,NA,NA,NA
53,14,4,NA,NA,NA,NA,NA,NA,NA,NA,NA
53,14,5,NA,NA,NA,NA,NA,NA,NA,NA,NA
53,14,6,NA,NA,NA,NA,NA,NA,NA,NA,NA
53,14,7,NA,NA,NA,NA,NA,NA,NA,NA,NA
53,14,8,NA,NA,NA,NA,NA,NA,NA,NA,NA
53,15,1,NA,NA,NA,NA,NA,NA,NA,NA,NA
53,15,2,NA,NA,NA,NA,NA,NA,NA,NA,NA
53,15,3,NA,NA,NA,NA,NA,NA,NA,NA,NA
53,15,4,NA,NA,NA,NA,NA,NA,NA,NA,NA
53,15,5,NA,NA,NA,NA,NA,NA,NA,NA,NA
53,15,6,NA,NA,NA,NA,NA,NA,NA,NA,NA
53,15,7,NA,NA,NA,NA,NA,NA,NA,NA,NA
53,15,8,NA,NA,NA,NA,NA,NA,NA,NA,NA
53,16,1,NA,NA,NA,NA,NA,NA,NA,NA,NA
53,16,2,NA,NA,NA,NA,NA,NA,NA,NA,NA
53,16,3,NA,NA,NA,NA,NA,NA,NA,NA,NA
53,16,4,NA,NA,NA,NA,NA,NA,NA,NA,NA
53,16,5,NA,NA,NA,NA,NA,NA,NA,NA,NA
53,16,6,NA,NA,NA,NA,NA,NA,NA,NA,NA
53,16,7,NA,NA,NA,NA,NA,NA,NA,NA,NA
53,16,8,NA,NA,NA,NA,NA,NA,NA,NA,NA
53,17,1,NA,NA,NA,NA,NA,NA,NA,NA,NA
53,17,2,NA,NA,NA,NA,NA,NA,NA,NA,NA
53,17,3,NA,NA,NA,NA,NA,NA,NA,NA,NA
53,17,4,NA,NA,NA,NA,NA,NA,NA,NA,NA
53,17,5,NA,NA,NA,NA,NA,NA,NA,NA,NA
53,17,6,NA,NA,NA,NA,NA,NA,NA,NA,NA
53,17,7,NA,NA,NA,NA,NA,NA,NA,NA,NA
53,17,8,NA,NA,NA,NA,NA,NA,NA,NA,NA
53,18,1,NA,NA,NA,NA,NA,NA,NA,NA,NA
53,18,2,NA,NA,NA,NA,NA,NA,NA,NA,NA
53,18,3,NA,NA,NA,NA,NA,NA,NA,NA,NA
53,18,4,NA,NA,NA,NA,NA,NA,NA,NA,NA
53,18,5,NA,NA,NA,NA,NA,NA,NA,NA,NA
53,18,6,NA,NA,NA,NA,NA,NA,NA,NA,NA
53,18,7,NA,NA,NA,NA,NA,NA,NA,NA,NA
53,18,8,NA,NA,NA,NA,NA,NA,NA,NA,NA
53,19,1,NA,NA,NA,NA,NA,NA,NA,NA,NA
53,19,2,NA,NA,NA,NA,NA,NA,NA,NA,NA
53,19,3,NA,NA,NA,NA,NA,NA,NA,NA,NA
53,19,4,NA,NA,NA,NA,NA,NA,NA,NA,NA
53,19,5,NA,NA,NA,NA,NA,NA,NA,NA,NA
53,19,6,NA,NA,NA,NA,NA,NA,NA,NA,NA
53,19,7,NA,NA,NA,NA,NA,NA,NA,NA,NA
53,19,8,NA,NA,NA,NA,NA,NA,NA,NA,NA
53,20,1,NA,NA,NA,NA,NA,NA,NA,NA,NA
53,20,2,NA,NA,NA,NA,NA,NA,NA,NA,NA
53,20,3,NA,NA,NA,NA,NA,NA,NA,NA,NA
53,20,4,NA,NA,NA,NA,NA,NA,NA,NA,NA
53,20,5,NA,NA,NA,NA,NA,NA,NA,NA,NA
53,20,6,NA,NA,NA,NA,NA,NA,NA,NA,NA
53,20,7,NA,NA,NA,NA,NA,NA,NA,NA,NA
53,20,8,NA,NA,NA,NA,NA,NA,NA,NA,NA
53,21,1,NA,NA,NA,NA,NA,NA,NA,NA,NA
53,21,2,NA,NA,NA,NA,NA,NA,NA,NA,NA
53,21,3,NA,NA,NA,NA,NA,NA,NA,NA,NA
53,21,4,NA,NA,NA,NA,NA,NA,NA,NA,NA
53,21,5,NA,NA,NA,NA,NA,NA,NA,NA,NA
53,21,6,NA,NA,NA,NA,NA,NA,NA,NA,NA
53,21,7,NA,NA,NA,NA,NA,NA,NA,NA,NA
53,21,8,NA,NA,NA,NA,NA,NA,NA,NA,NA
53,22,1,NA,NA,NA,NA,NA,NA,NA,NA,NA
53,22,2,NA,NA,NA,NA,NA,NA,NA,NA,NA
53,22,3,NA,NA,NA,NA,NA,NA,NA,NA,NA
53,22,4,NA,NA,NA,NA,NA,NA,NA,NA,NA
53,22,5,NA,NA,NA,NA,NA,NA,NA,NA,NA
53,22,6,NA,NA,NA,NA,NA,NA,NA,NA,NA
53,22,7,NA,NA,NA,NA,NA,NA,NA,NA,NA
53,22,8,NA,NA,NA,NA,NA,NA,NA,NA,NA
53,23,1,NA,NA,NA,NA,NA,NA,NA,NA,NA
53,23,2,NA,NA,NA,NA,NA,NA,NA,NA,NA
53,23,3,NA,NA,NA,NA,NA,NA,NA,NA,NA
53,23,4,NA,NA,NA,NA,NA,NA,NA,NA,NA
53,23,5,NA,NA,NA,NA,NA,NA,NA,NA,NA
53,23,6,NA,NA,NA,NA,NA,NA,NA,NA,NA
53,23,7,NA,NA,NA,NA,NA,NA,NA,NA,NA
53,23,8,NA,NA,NA,NA,NA,NA,NA,NA,NA
53,24,1,NA,NA,NA,NA,NA,NA,NA,NA,NA
53,24,2,NA,NA,NA,NA,NA,NA,NA,NA,NA
53,24,3,NA,NA,NA,NA,NA,NA,NA,NA,NA
53,24,4,NA,NA,NA,NA,NA,NA,NA,NA,NA
53,24,5,NA,NA,NA,NA,NA,NA,NA,NA,NA
53,24,6,NA,NA,NA,NA,NA,NA,NA,NA,NA
53,24,7,NA,NA,NA,NA,NA,NA,NA,NA,NA
53,24,8,NA,NA,NA,NA,NA,NA,NA,NA,NA
53,25,1,NA,NA,NA,NA,NA,NA,NA,NA,NA
53,25,2,NA,NA,NA,NA,NA,NA,NA,NA,NA
53,25,3,NA,NA,NA,NA,NA,NA,NA,NA,NA
53,25,4,NA,NA,NA,NA,NA,NA,NA,NA,NA
53,25,5,NA,NA,NA,NA,NA,NA,NA,NA,NA
53,25,6,NA,NA,NA,NA,NA,NA,NA,NA,NA
53,25,7,NA,NA,NA,NA,NA,NA,NA,NA,NA
53,25,8,NA,NA,NA,NA,NA,NA,NA,NA,NA
53,26,1,NA,NA,NA,NA,NA,NA,NA,NA,NA
53,26,2,NA,NA,NA,NA,NA,NA,NA,NA,NA
53,26,3,NA,NA,NA,NA,NA,NA,NA,NA,NA
53,26,4,NA,NA,NA,NA,NA,NA,NA,NA,NA
53,26,5,NA,NA,NA,NA,NA,NA,NA,NA,NA
53,26,6,NA,NA,NA,NA,NA,NA,NA,NA,NA
53,26,7,NA,NA,NA,NA,NA,NA,NA,NA,NA
53,26,8,NA,NA,NA,NA,NA,NA,NA,NA,NA
53,27,1,NA,NA,NA,NA,NA,NA,NA,NA,NA
53,27,2,NA,NA,NA,NA,NA,NA,NA,NA,NA
53,27,3,NA,NA,NA,NA,NA,NA,NA,NA,NA
53,27,4,NA,NA,NA,NA,NA,NA,NA,NA,NA
53,27,5,NA,NA,NA,NA,NA,NA,NA,NA,NA
53,27,6,NA,NA,NA,NA,NA,NA,NA,NA,NA
53,27,7,NA,NA,NA,NA,NA,NA,NA,NA,NA
53,27,8,NA,NA,NA,NA,NA,NA,NA,NA,NA
53,28,1,NA,NA,NA,NA,NA,NA,NA,NA,NA
53,28,2,NA,NA,NA,NA,NA,NA,NA,NA,NA
53,28,3,NA,NA,NA,NA,NA,NA,NA,NA,NA
53,28,4,NA,NA,NA,NA,NA,NA,NA,NA,NA
53,28,5,NA,NA,NA,NA,NA,NA,NA,NA,NA
53,28,6,NA,NA,NA,NA,NA,NA,NA,NA,NA
53,28,7,NA,NA,NA,NA,NA,NA,NA,NA,NA
53,28,8,NA,NA,NA,NA,NA,NA,NA,NA,NA
53,29,1,NA,NA,NA,NA,NA,NA,NA,NA,NA
53,29,2,NA,NA,NA,NA,NA,NA,NA,NA,NA
53,29,3,NA,NA,NA,NA,NA,NA,NA,NA,NA
53,29,4,NA,NA,NA,NA,NA,NA,NA,NA,NA
53,29,5,NA,NA,NA,NA,NA,NA,NA,NA,NA
53,29,6,NA,NA,NA,NA,NA,NA,NA,NA,NA
53,29,7,NA,NA,NA,NA,NA,NA,NA,NA,NA
53,29,8,NA,NA,NA,NA,NA,NA,NA,NA,NA
53,30,1,NA,NA,NA,NA,NA,NA,NA,NA,NA
53,30,2,NA,NA,NA,NA,NA,NA,NA,NA,NA
53,30,3,NA,NA,NA,NA,NA,NA,NA,NA,NA
53,30,4,NA,NA,NA,NA,NA,NA,NA,NA,NA
53,30,5,NA,NA,NA,NA,NA,NA,NA,NA,NA
53,30,6,NA,NA,NA,NA,NA,NA,NA,NA,NA
53,30,7,NA,NA,NA,NA,NA,NA,NA,NA,NA
53,30,8,NA,NA,NA,NA,NA,NA,NA,NA,NA
53,31,1,NA,NA,NA,NA,NA,NA,NA,NA,NA
53,31,2,NA,NA,NA,NA,NA,NA,NA,NA,NA
53,31,3,NA,NA,NA,NA,NA,NA,NA,NA,NA
53,31,4,NA,NA,NA,NA,NA,NA,NA,NA,NA
53,31,5,NA,NA,NA,NA,NA,NA,NA,NA,NA
53,31,6,NA,NA,NA,NA,NA,NA,NA,NA,NA
53,31,7,NA,NA,NA,NA,NA,NA,NA,NA,NA
53,31,8,NA,NA,NA,NA,NA,NA,NA,NA,NA
53,32,1,NA,NA,NA,NA,NA,NA,NA,NA,NA
53,32,2,NA,NA,NA,NA,NA,NA,NA,NA,NA
53,32,3,NA,NA,NA,NA,NA,NA,NA,NA,NA
53,32,4,NA,NA,NA,NA,NA,NA,NA,NA,NA
53,32,5,NA,NA,NA,NA,NA,NA,NA,NA,NA
53,32,6,NA,NA,NA,NA,NA,NA,NA,NA,NA
53,32,7,NA,NA,NA,NA,NA,NA,NA,NA,NA
53,32,8,NA,NA,NA,NA,NA,NA,NA,NA,NA
53,33,1,NA,NA,NA,NA,NA,NA,NA,NA,NA
53,33,2,NA,NA,NA,NA,NA,NA,NA,NA,NA
53,33,3,NA,NA,NA,NA,NA,NA,NA,NA,NA
53,33,4,NA,NA,NA,NA,NA,NA,NA,NA,NA
53,33,5,NA,NA,NA,NA,NA,NA,NA,NA,NA
53,33,6,NA,NA,NA,NA,NA,NA,NA,NA,NA
53,33,7,NA,NA,NA,NA,NA,NA,NA,NA,NA
53,33,8,NA,NA,NA,NA,NA,NA,NA,NA,NA
53,34,1,NA,NA,NA,NA,NA,NA,NA,NA,NA
53,34,2,NA,NA,NA,NA,NA,NA,NA,NA,NA
53,34,3,NA,NA,NA,NA,NA,NA,NA,NA,NA
53,34,4,NA,NA,NA,NA,NA,NA,NA,NA,NA
53,34,5,NA,NA,NA,NA,NA,NA,NA,NA,NA
53,34,6,NA,NA,NA,NA,NA,NA,NA,NA,NA
53,34,7,NA,NA,NA,NA,NA,NA,NA,NA,NA
53,34,8,NA,NA,NA,NA,NA,NA,NA,NA,NA
53,35,1,NA,NA,NA,NA,NA,NA,NA,NA,NA
53,35,2,NA,NA,NA,NA,NA,NA,NA,NA,NA
53,35,3,NA,NA,NA,NA,NA,NA,NA,NA,NA
53,35,4,NA,NA,NA,NA,NA,NA,NA,NA,NA
53,35,5,NA,NA,NA,NA,NA,NA,NA,NA,NA
53,35,6,NA,NA,NA,NA,NA,NA,NA,NA,NA
53,35,7,NA,NA,NA,NA,NA,NA,NA,NA,NA
53,35,8,NA,NA,NA,NA,NA,NA,NA,NA,NA
53,36,1,NA,NA,NA,NA,NA,NA,NA,NA,NA
53,36,2,NA,NA,NA,NA,NA,NA,NA,NA,NA
53,36,3,NA,NA,NA,NA,NA,NA,NA,NA,NA
53,36,4,NA,NA,NA,NA,NA,NA,NA,NA,NA
53,36,5,NA,NA,NA,NA,NA,NA,NA,NA,NA
53,36,6,NA,NA,NA,NA,NA,NA,NA,NA,NA
53,36,7,NA,NA,NA,NA,NA,NA,NA,NA,NA
53,36,8,NA,NA,NA,NA,NA,NA,NA,NA,NA
53,37,1,NA,NA,NA,NA,NA,NA,NA,NA,NA
53,37,2,NA,NA,NA,NA,NA,NA,NA,NA,NA
53,37,3,NA,NA,NA,NA,NA,NA,NA,NA,NA
53,37,4,NA,NA,NA,NA,NA,NA,NA,NA,NA
53,37,5,NA,NA,NA,NA,NA,NA,NA,NA,NA
53,37,6,NA,NA,NA,NA,NA,NA,NA,NA,NA
53,37,7,NA,NA,NA,NA,NA,NA,NA,NA,NA
53,37,8,NA,NA,NA,NA,NA,NA,NA,NA,NA
53,38,1,NA,NA,NA,NA,NA,NA,NA,NA,NA
53,38,2,NA,NA,NA,NA,NA,NA,NA,NA,NA
53,38,3,NA,NA,NA,NA,NA,NA,NA,NA,NA
53,38,4,NA,NA,NA,NA,NA,NA,NA,NA,NA
53,38,5,NA,NA,NA,NA,NA,NA,NA,NA,NA
53,38,6,NA,NA,NA,NA,NA,NA,NA,NA,NA
53,38,7,NA,NA,NA,NA,NA,NA,NA,NA,NA
53,38,8,NA,NA,NA,NA,NA,NA,NA,NA,NA
53,39,1,NA,NA,NA,NA,NA,NA,NA,NA,NA
53,39,2,NA,NA,NA,NA,NA,NA,NA,NA,NA
53,39,3,NA,NA,NA,NA,NA,NA,NA,NA,NA
53,39,4,NA,NA,NA,NA,NA,NA,NA,NA,NA
53,39,5,NA,NA,NA,NA,NA,NA,NA,NA,NA
53,39,6,NA,NA,NA,NA,NA,NA,NA,NA,NA
53,39,7,NA,NA,NA,NA,NA,NA,NA,NA,NA
53,39,8,NA,NA,NA,NA,NA,NA,NA,NA,NA
53,40,1,NA,NA,NA,NA,NA,NA,NA,NA,NA
53,40,2,NA,NA,NA,NA,NA,NA,NA,NA,NA
53,40,3,NA,NA,NA,NA,NA,NA,NA,NA,NA
53,40,4,NA,NA,NA,NA,NA,NA,NA,NA,NA
53,40,5,NA,NA,NA,NA,NA,NA,NA,NA,NA
53,40,6,NA,NA,NA,NA,NA,NA,NA,NA,NA
53,40,7,NA,NA,NA,NA,NA,NA,NA,NA,NA
53,40,8,NA,NA,NA,NA,NA,NA,NA,NA,NA
53,41,1,NA,NA,NA,NA,NA,NA,NA,NA,NA
53,41,2,NA,NA,NA,NA,NA,NA,NA,NA,NA
53,41,3,NA,NA,NA,NA,NA,NA,NA,NA,NA
53,41,4,NA,NA,NA,NA,NA,NA,NA,NA,NA
53,41,5,NA,NA,NA,NA,NA,NA,NA,NA,NA
53,41,6,NA,NA,NA,NA,NA,NA,NA,NA,NA
53,41,7,NA,NA,NA,NA,NA,NA,NA,NA,NA
53,41,8,NA,NA,NA,NA,NA,NA,NA,NA,NA
53,42,1,NA,NA,NA,NA,NA,NA,NA,NA,NA
53,42,2,NA,NA,NA,NA,NA,NA,NA,NA,NA
53,42,3,NA,NA,NA,NA,NA,NA,NA,NA,NA
53,42,4,NA,NA,NA,NA,NA,NA,NA,NA,NA
53,42,5,NA,NA,NA,NA,NA,NA,NA,NA,NA
53,42,6,NA,NA,NA,NA,NA,NA,NA,NA,NA
53,42,7,NA,NA,NA,NA,NA,NA,NA,NA,NA
53,42,8,NA,NA,NA,NA,NA,NA,NA,NA,NA
53,43,1,NA,NA,NA,NA,NA,NA,NA,NA,NA
53,43,2,NA,NA,NA,NA,NA,NA,NA,NA,NA
53,43,3,NA,NA,NA,NA,NA,NA,NA,NA,NA
53,43,4,NA,NA,NA,NA,NA,NA,NA,NA,NA
53,43,5,NA,NA,NA,NA,NA,NA,NA,NA,NA
53,43,6,NA,NA,NA,NA,NA,NA,NA,NA,NA
53,43,7,NA,NA,NA,NA,NA,NA,NA,NA,NA
53,43,8,NA,NA,NA,NA,NA,NA,NA,NA,NA
53,44,1,NA,NA,NA,NA,NA,NA,NA,NA,NA
53,44,2,NA,NA,NA,NA,NA,NA,NA,NA,NA
53,44,3,NA,NA,NA,NA,NA,NA,NA,NA,NA
53,44,4,NA,NA,NA,NA,NA,NA,NA,NA,NA
53,44,5,NA,NA,NA,NA,NA,NA,NA,NA,NA
53,44,6,NA,NA,NA,NA,NA,NA,NA,NA,NA
53,44,7,NA,NA,NA,NA,NA,NA,NA,NA,NA
53,44,8,NA,NA,NA,NA,NA,NA,NA,NA,NA
53,45,1,NA,NA,NA,NA,NA,NA,NA,NA,NA
53,45,2,NA,NA,NA,NA,NA,NA,NA,NA,NA
53,45,3,NA,NA,NA,NA,NA,NA,NA,NA,NA
53,45,4,NA,NA,NA,NA,NA,NA,NA,NA,NA
53,45,5,NA,NA,NA,NA,NA,NA,NA,NA,NA
53,45,6,NA,NA,NA,NA,NA,NA,NA,NA,NA
53,45,7,NA,NA,NA,NA,NA,NA,NA,NA,NA
53,45,8,NA,NA,NA,NA,NA,NA,NA,NA,NA
53,46,1,NA,NA,NA,NA,NA,NA,NA,NA,NA
53,46,2,NA,NA,NA,NA,NA,NA,NA,NA,NA
53,46,3,NA,NA,NA,NA,NA,NA,NA,NA,NA
53,46,4,NA,NA,NA,NA,NA,NA,NA,NA,NA
53,46,5,NA,NA,NA,NA,NA,NA,NA,NA,NA
53,46,6,NA,NA,NA,NA,NA,NA,NA,NA,NA
53,46,7,NA,NA,NA,NA,NA,NA,NA,NA,NA
53,46,8,NA,NA,NA,NA,NA,NA,NA,NA,NA
53,47,1,NA,NA,NA,NA,NA,NA,NA,NA,NA
53,47,2,NA,NA,NA,NA,NA,NA,NA,NA,NA
53,47,3,NA,NA,NA,NA,NA,NA,NA,NA,NA
53,47,4,NA,NA,NA,NA,NA,NA,NA,NA,NA
53,47,5,NA,NA,NA,NA,NA,NA,NA,NA,NA
53,47,6,NA,NA,NA,NA,NA,NA,NA,NA,NA
53,47,7,NA,NA,NA,NA,NA,NA,NA,NA,NA
53,47,8,NA,NA,NA,NA,NA,NA,NA,NA,NA
53,48,1,NA,NA,NA,NA,NA,NA,NA,NA,NA
53,48,2,NA,NA,NA,NA,NA,NA,NA,NA,NA
53,48,3,NA,NA,NA,NA,NA,NA,NA,NA,NA
53,48,4,NA,NA,NA,NA,NA,NA,NA,NA,NA
53,48,5,NA,NA,NA,NA,NA,NA,NA,NA,NA
53,48,6,NA,NA,NA,NA,NA,NA,NA,NA,NA
53,48,7,NA,NA,NA,NA,NA,NA,NA,NA,NA
53,48,8,NA,NA,NA,NA,NA,NA,NA,NA,NA
53,49,1,NA,NA,NA,NA,NA,NA,NA,NA,NA
53,49,2,NA,NA,NA,NA,NA,NA,NA,NA,NA
53,49,3,NA,NA,NA,NA,NA,NA,NA,NA,NA
53,49,4,NA,NA,NA,NA,NA,NA,NA,NA,NA
53,49,5,NA,NA,NA,NA,NA,NA,NA,NA,NA
53,49,6,NA,NA,NA,NA,NA,NA,NA,NA,NA
53,49,7,NA,NA,NA,NA,NA,NA,NA,NA,NA
53,49,8,NA,NA,NA,NA,NA,NA,NA,NA,NA
53,50,1,NA,NA,NA,NA,NA,NA,NA,NA,NA
53,50,2,NA,NA,NA,NA,NA,NA,NA,NA,NA
53,50,3,NA,NA,NA,NA,NA,NA,NA,NA,NA
53,50,4,NA,NA,NA,NA,NA,NA,NA,NA,NA
53,50,5,NA,NA,NA,NA,NA,NA,NA,NA,NA
53,50,6,NA,NA,NA,NA,NA,NA,NA,NA,NA
53,50,7,NA,NA,NA,NA,NA,NA,NA,NA,NA
53,50,8,NA,NA,NA,NA,NA,NA,NA,NA,NA
53,51,1,NA,NA,NA,NA,NA,NA,NA,NA,NA
53,51,2,NA,NA,NA,NA,NA,NA,NA,NA,NA
53,51,3,NA,NA,NA,NA,NA,NA,NA,NA,NA
53,51,4,NA,NA,NA,NA,NA,NA,NA,NA,NA
53,51,5,NA,NA,NA,NA,NA,NA,NA,NA,NA
53,51,6,NA,NA,NA,NA,NA,NA,NA,NA,NA
53,51,7,NA,NA,NA,NA,NA,NA,NA,NA,NA
53,51,8,NA,NA,NA,NA,NA,NA,NA,NA,NA
53,52,1,NA,NA,NA,NA,NA,NA,NA,NA,NA
53,52,2,NA,NA,NA,NA,NA,NA,NA,NA,NA
53,52,3,NA,NA,NA,NA,NA,NA,NA,NA,NA
53,52,4,NA,NA,NA,NA,NA,NA,NA,NA,NA
53,52,5,NA,NA,NA,NA,NA,NA,NA,NA,NA
53,52,6,NA,NA,NA,NA,NA,NA,NA,NA,NA
53,52,7,NA,NA,NA,NA,NA,NA,NA,NA,NA
53,52,8,NA,NA,NA,NA,NA,NA,NA,NA,NA
53,53,1,NA,NA,NA,NA,NA,NA,NA,NA,NA
53,53,2,NA,NA,NA,NA,NA,NA,NA,NA,NA
53,53,3,NA,NA,NA,NA,NA,NA,NA,NA,NA
53,53,4,NA,NA,NA,NA,NA,NA,NA,NA,NA
53,53,5,NA,NA,NA,NA,NA,NA,NA,NA,NA
53,53,6,NA,NA,NA,NA,NA,NA,NA,NA,NA
53,53,7,NA,NA,NA,NA,NA,NA,NA,NA,NA
53,53,8,NA,NA,NA,NA,NA,NA,NA,NA,NA
53,54,1,NA,NA,NA,NA,NA,NA,NA,NA,NA
53,54,2,NA,NA,NA,NA,NA,NA,NA,NA,NA
53,54,3,NA,NA,NA,NA,NA,NA,NA,NA,NA
53,54,4,NA,NA,NA,NA,NA,NA,NA,NA,NA
53,54,5,NA,NA,NA,NA,NA,NA,NA,NA,NA
53,54,6,NA,NA,NA,NA,NA,NA,NA,NA,NA
53,54,7,NA,NA,NA,NA,NA,NA,NA,NA,NA
53,54,8,NA,NA,NA,NA,NA,NA,NA,NA,NA
53,55,1,NA,NA,NA,NA,NA,NA,NA,NA,NA
53,55,2,NA,NA,NA,NA,NA,NA,NA,NA,NA
53,55,3,NA,NA,NA,NA,NA,NA,NA,NA,NA
53,55,4,NA,NA,NA,NA,NA,NA,NA,NA,NA
53,55,5,NA,NA,NA,NA,NA,NA,NA,NA,NA
53,55,6,NA,NA,NA,NA,NA,NA,NA,NA,NA
53,55,7,NA,NA,NA,NA,NA,NA,NA,NA,NA
53,55,8,NA,NA,NA,NA,NA,NA,NA,NA,NA
53,56,1,NA,NA,NA,NA,NA,NA,NA,NA,NA
53,56,2,NA,NA,NA,NA,NA,NA,NA,NA,NA
53,56,3,NA,NA,NA,NA,NA,NA,NA,NA,NA
53,56,4,NA,NA,NA,NA,NA,NA,NA,NA,NA
53,56,5,NA,NA,NA,NA,NA,NA,NA,NA,NA
53,56,6,NA,NA,NA,NA,NA,NA,NA,NA,NA
53,56,7,NA,NA,NA,NA,NA,NA,NA,NA,NA
53,56,8,NA,NA,NA,NA,NA,NA,NA,NA,NA
53,57,1,NA,NA,NA,NA,NA,NA,NA,NA,NA
53,57,2,NA,NA,NA,NA,NA,NA,NA,NA,NA
53,57,3,NA,NA,NA,NA,NA,NA,NA,NA,NA
53,57,4,NA,NA,NA,NA,NA,NA,NA,NA,NA
53,57,5,NA,NA,NA,NA,NA,NA,NA,NA,NA
53,57,6,NA,NA,NA,NA,NA,NA,NA,NA,NA
53,57,7,NA,NA,NA,NA,NA,NA,NA,NA,NA
53,57,8,NA,NA,NA,NA,NA,NA,NA,NA,NA
53,58,1,NA,NA,NA,NA,NA,NA,NA,NA,NA
53,58,2,NA,NA,NA,NA,NA,NA,NA,NA,NA
53,58,3,NA,NA,NA,NA,NA,NA,NA,NA,NA
53,58,4,NA,NA,NA,NA,NA,NA,NA,NA,NA
53,58,5,NA,NA,NA,NA,NA,NA,NA,NA,NA
53,58,6,NA,NA,NA,NA,NA,NA,NA,NA,NA
53,58,7,NA,NA,NA,NA,NA,NA,NA,NA,NA
53,58,8,NA,NA,NA,NA,NA,NA,NA,NA,NA
53,59,1,NA,NA,NA,NA,NA,NA,NA,NA,NA
53,59,2,NA,NA,NA,NA,NA,NA,NA,NA,NA
53,59,3,NA,NA,NA,NA,NA,NA,NA,NA,NA
53,59,4,NA,NA,NA,NA,NA,NA,NA,NA,NA
53,59,5,NA,NA,NA,NA,NA,NA,NA,NA,NA
53,59,6,NA,NA,NA,NA,NA,NA,NA,NA,NA
53,59,7,NA,NA,NA,NA,NA,NA,NA,NA,NA
53,59,8,NA,NA,NA,NA,NA,NA,NA,NA,NA
53,60,1,NA,NA,NA,NA,NA,NA,NA,NA,NA
53,60,2,NA,NA,NA,NA,NA,NA,NA,NA,NA
53,60,3,NA,NA,NA,NA,NA,NA,NA,NA,NA
53,60,4,NA,NA,NA,NA,NA,NA,NA,NA,NA
53,60,5,NA,NA,NA,NA,NA,NA,NA,NA,NA
53,60,6,NA,NA,NA,NA,NA,NA,NA,NA,NA
53,60,7,NA,NA,NA,NA,NA,NA,NA,NA,NA
53,60,8,NA,NA,NA,NA,NA,NA,NA,NA,NA
53,61,1,NA,NA,NA,NA,NA,NA,NA,NA,NA
53,61,2,NA,NA,NA,NA,NA,NA,NA,NA,NA
53,61,3,NA,NA,NA,NA,NA,NA,NA,NA,NA
53,61,4,NA,NA,NA,NA,NA,NA,NA,NA,NA
53,61,5,NA,NA,NA,NA,NA,NA,NA,NA,NA
53,61,6,NA,NA,NA,NA,NA,NA,NA,NA,NA
53,61,7,NA,NA,NA,NA,NA,NA,NA,NA,NA
53,61,8,NA,NA,NA,NA,NA,NA,NA,NA,NA
53,62,1,NA,NA,NA,NA,NA,NA,NA,NA,NA
53,62,2,NA,NA,NA,NA,NA,NA,NA,NA,NA
53,62,3,NA,NA,NA,NA,NA,NA,NA,NA,NA
53,62,4,NA,NA,NA,NA,NA,NA,NA,NA,NA
53,62,5,NA,NA,NA,NA,NA,NA,NA,NA,NA
53,62,6,NA,NA,NA,NA,NA,NA,NA,NA,NA
53,62,7,NA,NA,NA,NA,NA,NA,NA,NA,NA
53,62,8,NA,NA,NA,NA,NA,NA,NA,NA,NA
53,63,1,NA,NA,NA,NA,NA,NA,NA,NA,NA
53,63,2,NA,NA,NA,NA,NA,NA,NA,NA,NA
53,63,3,NA,NA,NA,NA,NA,NA,NA,NA,NA
53,63,4,NA,NA,NA,NA,NA,NA,NA,NA,NA
53,63,5,NA,NA,NA,NA,NA,NA,NA,NA,NA
53,63,6,NA,NA,NA,NA,NA,NA,NA,NA,NA
53,63,7,NA,NA,NA,NA,NA,NA,NA,NA,NA
53,63,8,NA,NA,NA,NA,NA,NA,NA,NA,NA
53,64,1,NA,NA,NA,NA,NA,NA,NA,NA,NA
53,64,2,NA,NA,NA,NA,NA,NA,NA,NA,NA
53,64,3,NA,NA,NA,NA,NA,NA,NA,NA,NA
53,64,4,NA,NA,NA,NA,NA,NA,NA,NA,NA
53,64,5,NA,NA,NA,NA,NA,NA,NA,NA,NA
53,64,6,NA,NA,NA,NA,NA,NA,NA,NA,NA
53,64,7,NA,NA,NA,NA,NA,NA,NA,NA,NA
53,64,8,NA,NA,NA,NA,NA,NA,NA,NA,NA
53,65,1,NA,NA,NA,NA,NA,NA,NA,NA,NA
53,65,2,NA,NA,NA,NA,NA,NA,NA,NA,NA
53,65,3,NA,NA,NA,NA,NA,NA,NA,NA,NA
53,65,4,NA,NA,NA,NA,NA,NA,NA,NA,NA
53,65,5,NA,NA,NA,NA,NA,NA,NA,NA,NA
53,65,6,NA,NA,NA,NA,NA,NA,NA,NA,NA
53,65,7,NA,NA,NA,NA,NA,NA,NA,NA,NA
53,65,8,NA,NA,NA,NA,NA,NA,NA,NA,NA
53,66,1,NA,NA,NA,NA,NA,NA,NA,NA,NA
53,66,2,NA,NA,NA,NA,NA,NA,NA,NA,NA
53,66,3,NA,NA,NA,NA,NA,NA,NA,NA,NA
53,66,4,NA,NA,NA,NA,NA,NA,NA,NA,NA
53,66,5,NA,NA,NA,NA,NA,NA,NA,NA,NA
53,66,6,NA,NA,NA,NA,NA,NA,NA,NA,NA
53,66,7,NA,NA,NA,NA,NA,NA,NA,NA,NA
53,66,8,NA,NA,NA,NA,NA,NA,NA,NA,NA
53,67,1,NA,NA,NA,NA,NA,NA,NA,NA,NA
53,67,2,NA,NA,NA,NA,NA,NA,NA,NA,NA
53,67,3,NA,NA,NA,NA,NA,NA,NA,NA,NA
53,67,4,NA,NA,NA,NA,NA,NA,NA,NA,NA
53,67,5,NA,NA,NA,NA,NA,NA,NA,NA,NA
53,67,6,NA,NA,NA,NA,NA,NA,NA,NA,NA
53,67,7,NA,NA,NA,NA,NA,NA,NA,NA,NA
53,67,8,NA,NA,NA,NA,NA,NA,NA,NA,NA
53,68,1,NA,NA,NA,NA,NA,NA,NA,NA,NA
53,68,2,NA,NA,NA,NA,NA,NA,NA,NA,NA
53,68,3,NA,NA,NA,NA,NA,NA,NA,NA,NA
53,68,4,NA,NA,NA,NA,NA,NA,NA,NA,NA
53,68,5,NA,NA,NA,NA,NA,NA,NA,NA,NA
53,68,6,NA,NA,NA,NA,NA,NA,NA,NA,NA
53,68,7,NA,NA,NA,NA,NA,NA,NA,NA,NA
53,68,8,NA,NA,NA,NA,NA,NA,NA,NA,NA
53,69,1,NA,NA,NA,NA,NA,NA,NA,NA,NA
53,69,2,NA,NA,NA,NA,NA,NA,NA,NA,NA
53,69,3,NA,NA,NA,NA,NA,NA,NA,NA,NA
53,69,4,NA,NA,NA,NA,NA,NA,NA,NA,NA
53,69,5,NA,NA,NA,NA,NA,NA,NA,NA,NA
53,69,6,NA,NA,NA,NA,NA,NA,NA,NA,NA
53,69,7,NA,NA,NA,NA,NA,NA,NA,NA,NA
53,69,8,NA,NA,NA,NA,NA,NA,NA,NA,NA
53,70,1,NA,NA,NA,NA,NA,NA,NA,NA,NA
53,70,2,NA,NA,NA,NA,NA,NA,NA,NA,NA
53,70,3,NA,NA,NA,NA,NA,NA,NA,NA,NA
53,70,4,NA,NA,NA,NA,NA,NA,NA,NA,NA
53,70,5,NA,NA,NA,NA,NA,NA,NA,NA,NA
53,70,6,NA,NA,NA,NA,NA,NA,NA,NA,NA
53,70,7,NA,NA,NA,NA,NA,NA,NA,NA,NA
53,70,8,NA,NA,NA,NA,NA,NA,NA,NA,NA
53,71,1,NA,NA,NA,NA,NA,NA,NA,NA,NA
53,71,2,NA,NA,NA,NA,NA,NA,NA,NA,NA
53,71,3,NA,NA,NA,NA,NA,NA,NA,NA,NA
53,71,4,NA,NA,NA,NA,NA,NA,NA,NA,NA
53,71,5,NA,NA,NA,NA,NA,NA,NA,NA,NA
53,71,6,NA,NA,NA,NA,NA,NA,NA,NA,NA
53,71,7,NA,NA,NA,NA,NA,NA,NA,NA,NA
53,71,8,NA,NA,NA,NA,NA,NA,NA,NA,NA
53,72,1,NA,NA,NA,NA,NA,NA,NA,NA,NA
53,72,2,NA,NA,NA,NA,NA,NA,NA,NA,NA
53,72,3,NA,NA,NA,NA,NA,NA,NA,NA,NA
53,72,4,NA,NA,NA,NA,NA,NA,NA,NA,NA
53,72,5,NA,NA,NA,NA,NA,NA,NA,NA,NA
53,72,6,NA,NA,NA,NA,NA,NA,NA,NA,NA
53,72,7,NA,NA,NA,NA,NA,NA,NA,NA,NA
53,72,8,NA,NA,NA,NA,NA,NA,NA,NA,NA
53,73,1,NA,NA,NA,NA,NA,NA,NA,NA,NA
53,73,2,NA,NA,NA,NA,NA,NA,NA,NA,NA
53,73,3,NA,NA,NA,NA,NA,NA,NA,NA,NA
53,73,4,NA,NA,NA,NA,NA,NA,NA,NA,NA
53,73,5,NA,NA,NA,NA,NA,NA,NA,NA,NA
53,73,6,NA,NA,NA,NA,NA,NA,NA,NA,NA
53,73,7,NA,NA,NA,NA,NA,NA,NA,NA,NA
53,73,8,NA,NA,NA,NA,NA,NA,NA,NA,NA
53,74,1,NA,NA,NA,NA,NA,NA,NA,NA,NA
53,74,2,NA,NA,NA,NA,NA,NA,NA,NA,NA
53,74,3,NA,NA,NA,NA,NA,NA,NA,NA,NA
53,74,4,NA,NA,NA,NA,NA,NA,NA,NA,NA
53,74,5,NA,NA,NA,NA,NA,NA,NA,NA,NA
53,74,6,NA,NA,NA,NA,NA,NA,NA,NA,NA
53,74,7,NA,NA,NA,NA,NA,NA,NA,NA,NA
53,74,8,NA,NA,NA,NA,NA,NA,NA,NA,NA
53,75,1,NA,NA,NA,NA,NA,NA,NA,NA,NA
53,75,2,NA,NA,NA,NA,NA,NA,NA,NA,NA
53,75,3,NA,NA,NA,NA,NA,NA,NA,NA,NA
53,75,4,NA,NA,NA,NA,NA,NA,NA,NA,NA
53,75,5,NA,NA,NA,NA,NA,NA,NA,NA,NA
53,75,6,NA,NA,NA,NA,NA,NA,NA,NA,NA
53,75,7,NA,NA,NA,NA,NA,NA,NA,NA,NA
53,75,8,NA,NA,NA,NA,NA,NA,NA,NA,NA
53,76,1,NA,NA,NA,NA,NA,NA,NA,NA,NA
53,76,2,NA,NA,NA,NA,NA,NA,NA,NA,NA
53,76,3,NA,NA,NA,NA,NA,NA,NA,NA,NA
53,76,4,NA,NA,NA,NA,NA,NA,NA,NA,NA
53,76,5,NA,NA,NA,NA,NA,NA,NA,NA,NA
53,76,6,NA,NA,NA,NA,NA,NA,NA,NA,NA
53,76,7,NA,NA,NA,NA,NA,NA,NA,NA,NA
53,76,8,NA,NA,NA,NA,NA,NA,NA,NA,NA
53,77,1,NA,NA,NA,NA,NA,NA,NA,NA,NA
53,77,2,NA,NA,NA,NA,NA,NA,NA,NA,NA
53,77,3,NA,NA,NA,NA,NA,NA,NA,NA,NA
53,77,4,NA,NA,NA,NA,NA,NA,NA,NA,NA
53,77,5,NA,NA,NA,NA,NA,NA,NA,NA,NA
53,77,6,NA,NA,NA,NA,NA,NA,NA,NA,NA
53,77,7,NA,NA,NA,NA,NA,NA,NA,NA,NA
53,77,8,NA,NA,NA,NA,NA,NA,NA,NA,NA
53,78,1,NA,NA,NA,NA,NA,NA,NA,NA,NA
53,78,2,NA,NA,NA,NA,NA,NA,NA,NA,NA
53,78,3,NA,NA,NA,NA,NA,NA,NA,NA,NA
53,78,4,NA,NA,NA,NA,NA,NA,NA,NA,NA
53,78,5,NA,NA,NA,NA,NA,NA,NA,NA,NA
53,78,6,NA,NA,NA,NA,NA,NA,NA,NA,NA
53,78,7,NA,NA,NA,NA,NA,NA,NA,NA,NA
53,78,8,NA,NA,NA,NA,NA,NA,NA,NA,NA
53,79,1,NA,NA,NA,NA,NA,NA,NA,NA,NA
53,79,2,NA,NA,NA,NA,NA,NA,NA,NA,NA
53,79,3,NA,NA,NA,NA,NA,NA,NA,NA,NA
53,79,4,NA,NA,NA,NA,NA,NA,NA,NA,NA
53,79,5,NA,NA,NA,NA,NA,NA,NA,NA,NA
53,79,6,NA,NA,NA,NA,NA,NA,NA,NA,NA
53,79,7,NA,NA,NA,NA,NA,NA,NA,NA,NA
53,79,8,NA,NA,NA,NA,NA,NA,NA,NA,NA
53,80,1,NA,NA,NA,NA,NA,NA,NA,NA,NA
53,80,2,NA,NA,NA,NA,NA,NA,NA,NA,NA
53,80,3,NA,NA,NA,NA,NA,NA,NA,NA,NA
53,80,4,NA,NA,NA,NA,NA,NA,NA,NA,NA
53,80,5,NA,NA,NA,NA,NA,NA,NA,NA,NA
53,80,6,NA,NA,NA,NA,NA,NA,NA,NA,NA
53,80,7,NA,NA,NA,NA,NA,NA,NA,NA,NA
53,80,8,NA,NA,NA,NA,NA,NA,NA,NA,NA
53,81,1,NA,NA,NA,NA,NA,NA,NA,NA,NA
53,81,2,NA,NA,NA,NA,NA,NA,NA,NA,NA
53,81,3,NA,NA,NA,NA,NA,NA,NA,NA,NA
53,81,4,NA,NA,NA,NA,NA,NA,NA,NA,NA
53,81,5,NA,NA,NA,NA,NA,NA,NA,NA,NA
53,81,6,NA,NA,NA,NA,NA,NA,NA,NA,NA
53,81,7,NA,NA,NA,NA,NA,NA,NA,NA,NA
53,81,8,NA,NA,NA,NA,NA,NA,NA,NA,NA
53,82,1,NA,NA,NA,NA,NA,NA,NA,NA,NA
53,82,2,NA,NA,NA,NA,NA,NA,NA,NA,NA
53,82,3,NA,NA,NA,NA,NA,NA,NA,NA,NA
53,82,4,NA,NA,NA,NA,NA,NA,NA,NA,NA
53,82,5,NA,NA,NA,NA,NA,NA,NA,NA,NA
53,82,6,NA,NA,NA,NA,NA,NA,NA,NA,NA
53,82,7,NA,NA,NA,NA,NA,NA,NA,NA,NA
53,82,8,NA,NA,NA,NA,NA,NA,NA,NA,NA
53,83,1,NA,NA,NA,NA,NA,NA,NA,NA,NA
53,83,2,NA,NA,NA,NA,NA,NA,NA,NA,NA
53,83,3,NA,NA,NA,NA,NA,NA,NA,NA,NA
53,83,4,NA,NA,NA,NA,NA,NA,NA,NA,NA
53,83,5,NA,NA,NA,NA,NA,NA,NA,NA,NA
53,83,6,NA,NA,NA,NA,NA,NA,NA,NA,NA
53,83,7,NA,NA,NA,NA,NA,NA,NA,NA,NA
53,83,8,NA,NA,NA,NA,NA,NA,NA,NA,NA
53,84,1,NA,NA,NA,NA,NA,NA,NA,NA,NA
53,84,2,NA,NA,NA,NA,NA,NA,NA,NA,NA
53,84,3,NA,NA,NA,NA,NA,NA,NA,NA,NA
53,84,4,NA,NA,NA,NA,NA,NA,NA,NA,NA
53,84,5,NA,NA,NA,NA,NA,NA,NA,NA,NA
53,84,6,NA,NA,NA,NA,NA,NA,NA,NA,NA
53,84,7,NA,NA,NA,NA,NA,NA,NA,NA,NA
53,84,8,NA,NA,NA,NA,NA,NA,NA,NA,NA
53,85,1,NA,NA,NA,NA,NA,NA,NA,NA,NA
53,85,2,NA,NA,NA,NA,NA,NA,NA,NA,NA
53,85,3,NA,NA,NA,NA,NA,NA,NA,NA,NA
53,85,4,NA,NA,NA,NA,NA,NA,NA,NA,NA
53,85,5,NA,NA,NA,NA,NA,NA,NA,NA,NA
53,85,6,NA,NA,NA,NA,NA,NA,NA,NA,NA
53,85,7,NA,NA,NA,NA,NA,NA,NA,NA,NA
53,85,8,NA,NA,NA,NA,NA,NA,NA,NA,NA
53,86,1,NA,NA,NA,NA,NA,NA,NA,NA,NA
53,86,2,NA,NA,NA,NA,NA,NA,NA,NA,NA
53,86,3,NA,NA,NA,NA,NA,NA,NA,NA,NA
53,86,4,NA,NA,NA,NA,NA,NA,NA,NA,NA
53,86,5,NA,NA,NA,NA,NA,NA,NA,NA,NA
53,86,6,NA,NA,NA,NA,NA,NA,NA,NA,NA
53,86,7,NA,NA,NA,NA,NA,NA,NA,NA,NA
53,86,8,NA,NA,NA,NA,NA,NA,NA,NA,NA
53,87,1,NA,NA,NA,NA,NA,NA,NA,NA,NA
53,87,2,NA,NA,NA,NA,NA,NA,NA,NA,NA
53,87,3,NA,NA,NA,NA,NA,NA,NA,NA,NA
53,87,4,NA,NA,NA,NA,NA,NA,NA,NA,NA
53,87,5,NA,NA,NA,NA,NA,NA,NA,NA,NA
53,87,6,NA,NA,NA,NA,NA,NA,NA,NA,NA
53,87,7,NA,NA,NA,NA,NA,NA,NA,NA,NA
53,87,8,NA,NA,NA,NA,NA,NA,NA,NA,NA
53,88,1,NA,NA,NA,NA,NA,NA,NA,NA,NA
53,88,2,NA,NA,NA,NA,NA,NA,NA,NA,NA
53,88,3,NA,NA,NA,NA,NA,NA,NA,NA,NA
53,88,4,NA,NA,NA,NA,NA,NA,NA,NA,NA
53,88,5,NA,NA,NA,NA,NA,NA,NA,NA,NA
53,88,6,NA,NA,NA,NA,NA,NA,NA,NA,NA
53,88,7,NA,NA,NA,NA,NA,NA,NA,NA,NA
53,88,8,NA,NA,NA,NA,NA,NA,NA,NA,NA
53,89,1,NA,NA,NA,NA,NA,NA,NA,NA,NA
53,89,2,NA,NA,NA,NA,NA,NA,NA,NA,NA
53,89,3,NA,NA,NA,NA,NA,NA,NA,NA,NA
53,89,4,NA,NA,NA,NA,NA,NA,NA,NA,NA
53,89,5,NA,NA,NA,NA,NA,NA,NA,NA,NA
53,89,6,NA,NA,NA,NA,NA,NA,NA,NA,NA
53,89,7,NA,NA,NA,NA,NA,NA,NA,NA,NA
53,89,8,NA,NA,NA,NA,NA,NA,NA,NA,NA
53,90,1,NA,NA,NA,NA,NA,NA,NA,NA,NA
53,90,2,NA,NA,NA,NA,NA,NA,NA,NA,NA
53,90,3,NA,NA,NA,NA,NA,NA,NA,NA,NA
53,90,4,NA,NA,NA,NA,NA,NA,NA,NA,NA
53,90,5,NA,NA,NA,NA,NA,NA,NA,NA,NA
53,90,6,NA,NA,NA,NA,NA,NA,NA,NA,NA
53,90,7,NA,NA,NA,NA,NA,NA,NA,NA,NA
53,90,8,NA,NA,NA,NA,NA,NA,NA,NA,NA
53,91,1,NA,NA,NA,NA,NA,NA,NA,NA,NA
53,91,2,NA,NA,NA,NA,NA,NA,NA,NA,NA
53,91,3,NA,NA,NA,NA,NA,NA,NA,NA,NA
53,91,4,NA,NA,NA,NA,NA,NA,NA,NA,NA
53,91,5,NA,NA,NA,NA,NA,NA,NA,NA,NA
53,91,6,NA,NA,NA,NA,NA,NA,NA,NA,NA
53,91,7,NA,NA,NA,NA,NA,NA,NA,NA,NA
53,91,8,NA,NA,NA,NA,NA,NA,NA,NA,NA
53,92,1,NA,NA,NA,NA,NA,NA,NA,NA,NA
53,92,2,NA,NA,NA,NA,NA,NA,NA,NA,NA
53,92,3,NA,NA,NA,NA,NA,NA,NA,NA,NA
53,92,4,NA,NA,NA,NA,NA,NA,NA,NA,NA
53,92,5,NA,NA,NA,NA,NA,NA,NA,NA,NA
53,92,6,NA,NA,NA,NA,NA,NA,NA,NA,NA
53,92,7,NA,NA,NA,NA,NA,NA,NA,NA,NA
53,92,8,NA,NA,NA,NA,NA,NA,NA,NA,NA
53,93,1,NA,NA,NA,NA,NA,NA,NA,NA,NA
53,93,2,NA,NA,NA,NA,NA,NA,NA,NA,NA
53,93,3,NA,NA,NA,NA,NA,NA,NA,NA,NA
53,93,4,NA,NA,NA,NA,NA,NA,NA,NA,NA
53,93,5,NA,NA,NA,NA,NA,NA,NA,NA,NA
53,93,6,NA,NA,NA,NA,NA,NA,NA,NA,NA
53,93,7,NA,NA,NA,NA,NA,NA,NA,NA,NA
53,93,8,NA,NA,NA,NA,NA,NA,NA,NA,NA
53,94,1,NA,NA,NA,NA,NA,NA,NA,NA,NA
53,94,2,NA,NA,NA,NA,NA,NA,NA,NA,NA
53,94,3,NA,NA,NA,NA,NA,NA,NA,NA,NA
53,94,4,NA,NA,NA,NA,NA,NA,NA,NA,NA
53,94,5,NA,NA,NA,NA,NA,NA,NA,NA,NA
53,94,6,NA,NA,NA,NA,NA,NA,NA,NA,NA
53,94,7,NA,NA,NA,NA,NA,NA,NA,NA,NA
53,94,8,NA,NA,NA,NA,NA,NA,NA,NA,NA
53,95,1,NA,NA,NA,NA,NA,NA,NA,NA,NA
53,95,2,NA,NA,NA,NA,NA,NA,NA,NA,NA
53,95,3,NA,NA,NA,NA,NA,NA,NA,NA,NA
53,95,4,NA,NA,NA,NA,NA,NA,NA,NA,NA
53,95,5,NA,NA,NA,NA,NA,NA,NA,NA,NA
53,95,6,NA,NA,NA,NA,NA,NA,NA,NA,NA
53,95,7,NA,NA,NA,NA,NA,NA,NA,NA,NA
53,95,8,NA,NA,NA,NA,NA,NA,NA,NA,NA
53,96,1,NA,NA,NA,NA,NA,NA,NA,NA,NA
53,96,2,NA,NA,NA,NA,NA,NA,NA,NA,NA
53,96,3,NA,NA,NA,NA,NA,NA,NA,NA,NA
53,96,4,NA,NA,NA,NA,NA,NA,NA,NA,NA
53,96,5,NA,NA,NA,NA,NA,NA,NA,NA,NA
53,96,6,NA,NA,NA,NA,NA,NA,NA,NA,NA
53,96,7,NA,NA,NA,NA,NA,NA,NA,NA,NA
53,96,8,NA,NA,NA,NA,NA,NA,NA,NA,NA
53,97,1,NA,NA,NA,NA,NA,NA,NA,NA,NA
53,97,2,NA,NA,NA,NA,NA,NA,NA,NA,NA
53,97,3,NA,NA,NA,NA,NA,NA,NA,NA,NA
53,97,4,NA,NA,NA,NA,NA,NA,NA,NA,NA
53,97,5,NA,NA,NA,NA,NA,NA,NA,NA,NA
53,97,6,NA,NA,NA,NA,NA,NA,NA,NA,NA
53,97,7,NA,NA,NA,NA,NA,NA,NA,NA,NA
53,97,8,NA,NA,NA,NA,NA,NA,NA,NA,NA
53,98,1,NA,NA,NA,NA,NA,NA,NA,NA,NA
53,98,2,NA,NA,NA,NA,NA,NA,NA,NA,NA
53,98,3,NA,NA,NA,NA,NA,NA,NA,NA,NA
53,98,4,NA,NA,NA,NA,NA,NA,NA,NA,NA
53,98,5,NA,NA,NA,NA,NA,NA,NA,NA,NA
53,98,6,NA,NA,NA,NA,NA,NA,NA,NA,NA
53,98,7,NA,NA,NA,NA,NA,NA,NA,NA,NA
53,98,8,NA,NA,NA,NA,NA,NA,NA,NA,NA
53,99,1,NA,NA,NA,NA,NA,NA,NA,NA,NA
53,99,2,NA,NA,NA,NA,NA,NA,NA,NA,NA
53,99,3,NA,NA,NA,NA,NA,NA,NA,NA,NA
53,99,4,NA,NA,NA,NA,NA,NA,NA,NA,NA
53,99,5,NA,NA,NA,NA,NA,NA,NA,NA,NA
53,99,6,NA,NA,NA,NA,NA,NA,NA,NA,NA
53,99,7,NA,NA,NA,NA,NA,NA,NA,NA,NA
53,99,8,NA,NA,NA,NA,NA,NA,NA,NA,NA
53,100,1,NA,NA,NA,NA,NA,NA,NA,NA,NA
53,100,2,NA,NA,NA,NA,NA,NA,NA,NA,NA
53,100,3,NA,NA,NA,NA,NA,NA,NA,NA,NA
53,100,4,NA,NA,NA,NA,NA,NA,NA,NA,NA
53,100,5,NA,NA,NA,NA,NA,NA,NA,NA,NA
53,100,6,NA,NA,NA,NA,NA,NA,NA,NA,NA
53,100,7,NA,NA,NA,NA,NA,NA,NA,NA,NA
53,100,8,NA,NA,NA,NA,NA,NA,NA,NA,NA
54,1,1,2961.2656,938.849666246482,0,0,0,16,0,0,0
54,1,2,2982.072,877.595353822149,0,0,0,96,0,0,0
54,1,3,2975.5504,1326.8048094163,0,0,0,95,0,0,0
54,1,4,2968.33952,1400.54819060804,0,0,0,72,0,0,0
54,1,5,2965.7216,1065.99453617224,0,0,0,54,0,0,0
54,1,6,2976,881.501949144169,0,0,0,61,0,0,0
54,1,7,19107.4855039999,7870.55692679721,0,0,0,88,0,0,0
54,1,8,0,0,0,0,0,79,0,0,0
54,2,1,NA,NA,NA,NA,NA,NA,NA,NA,NA
54,2,2,NA,NA,NA,NA,NA,NA,NA,NA,NA
54,2,3,NA,NA,NA,NA,NA,NA,NA,NA,NA
54,2,4,NA,NA,NA,NA,NA,NA,NA,NA,NA
54,2,5,NA,NA,NA,NA,NA,NA,NA,NA,NA
54,2,6,NA,NA,NA,NA,NA,NA,NA,NA,NA
54,2,7,NA,NA,NA,NA,NA,NA,NA,NA,NA
54,2,8,NA,NA,NA,NA,NA,NA,NA,NA,NA
54,3,1,NA,NA,NA,NA,NA,NA,NA,NA,NA
54,3,2,NA,NA,NA,NA,NA,NA,NA,NA,NA
54,3,3,NA,NA,NA,NA,NA,NA,NA,NA,NA
54,3,4,NA,NA,NA,NA,NA,NA,NA,NA,NA
54,3,5,NA,NA,NA,NA,NA,NA,NA,NA,NA
54,3,6,NA,NA,NA,NA,NA,NA,NA,NA,NA
54,3,7,NA,NA,NA,NA,NA,NA,NA,NA,NA
54,3,8,NA,NA,NA,NA,NA,NA,NA,NA,NA
54,4,1,NA,NA,NA,NA,NA,NA,NA,NA,NA
54,4,2,NA,NA,NA,NA,NA,NA,NA,NA,NA
54,4,3,NA,NA,NA,NA,NA,NA,NA,NA,NA
54,4,4,NA,NA,NA,NA,NA,NA,NA,NA,NA
54,4,5,NA,NA,NA,NA,NA,NA,NA,NA,NA
54,4,6,NA,NA,NA,NA,NA,NA,NA,NA,NA
54,4,7,NA,NA,NA,NA,NA,NA,NA,NA,NA
54,4,8,NA,NA,NA,NA,NA,NA,NA,NA,NA
54,5,1,NA,NA,NA,NA,NA,NA,NA,NA,NA
54,5,2,NA,NA,NA,NA,NA,NA,NA,NA,NA
54,5,3,NA,NA,NA,NA,NA,NA,NA,NA,NA
54,5,4,NA,NA,NA,NA,NA,NA,NA,NA,NA
54,5,5,NA,NA,NA,NA,NA,NA,NA,NA,NA
54,5,6,NA,NA,NA,NA,NA,NA,NA,NA,NA
54,5,7,NA,NA,NA,NA,NA,NA,NA,NA,NA
54,5,8,NA,NA,NA,NA,NA,NA,NA,NA,NA
54,6,1,NA,NA,NA,NA,NA,NA,NA,NA,NA
54,6,2,NA,NA,NA,NA,NA,NA,NA,NA,NA
54,6,3,NA,NA,NA,NA,NA,NA,NA,NA,NA
54,6,4,NA,NA,NA,NA,NA,NA,NA,NA,NA
54,6,5,NA,NA,NA,NA,NA,NA,NA,NA,NA
54,6,6,NA,NA,NA,NA,NA,NA,NA,NA,NA
54,6,7,NA,NA,NA,NA,NA,NA,NA,NA,NA
54,6,8,NA,NA,NA,NA,NA,NA,NA,NA,NA
54,7,1,NA,NA,NA,NA,NA,NA,NA,NA,NA
54,7,2,NA,NA,NA,NA,NA,NA,NA,NA,NA
54,7,3,NA,NA,NA,NA,NA,NA,NA,NA,NA
54,7,4,NA,NA,NA,NA,NA,NA,NA,NA,NA
54,7,5,NA,NA,NA,NA,NA,NA,NA,NA,NA
54,7,6,NA,NA,NA,NA,NA,NA,NA,NA,NA
54,7,7,NA,NA,NA,NA,NA,NA,NA,NA,NA
54,7,8,NA,NA,NA,NA,NA,NA,NA,NA,NA
54,8,1,NA,NA,NA,NA,NA,NA,NA,NA,NA
54,8,2,NA,NA,NA,NA,NA,NA,NA,NA,NA
54,8,3,NA,NA,NA,NA,NA,NA,NA,NA,NA
54,8,4,NA,NA,NA,NA,NA,NA,NA,NA,NA
54,8,5,NA,NA,NA,NA,NA,NA,NA,NA,NA
54,8,6,NA,NA,NA,NA,NA,NA,NA,NA,NA
54,8,7,NA,NA,NA,NA,NA,NA,NA,NA,NA
54,8,8,NA,NA,NA,NA,NA,NA,NA,NA,NA
54,9,1,NA,NA,NA,NA,NA,NA,NA,NA,NA
54,9,2,NA,NA,NA,NA,NA,NA,NA,NA,NA
54,9,3,NA,NA,NA,NA,NA,NA,NA,NA,NA
54,9,4,NA,NA,NA,NA,NA,NA,NA,NA,NA
54,9,5,NA,NA,NA,NA,NA,NA,NA,NA,NA
54,9,6,NA,NA,NA,NA,NA,NA,NA,NA,NA
54,9,7,NA,NA,NA,NA,NA,NA,NA,NA,NA
54,9,8,NA,NA,NA,NA,NA,NA,NA,NA,NA
54,10,1,NA,NA,NA,NA,NA,NA,NA,NA,NA
54,10,2,NA,NA,NA,NA,NA,NA,NA,NA,NA
54,10,3,NA,NA,NA,NA,NA,NA,NA,NA,NA
54,10,4,NA,NA,NA,NA,NA,NA,NA,NA,NA
54,10,5,NA,NA,NA,NA,NA,NA,NA,NA,NA
54,10,6,NA,NA,NA,NA,NA,NA,NA,NA,NA
54,10,7,NA,NA,NA,NA,NA,NA,NA,NA,NA
54,10,8,NA,NA,NA,NA,NA,NA,NA,NA,NA
54,11,1,NA,NA,NA,NA,NA,NA,NA,NA,NA
54,11,2,NA,NA,NA,NA,NA,NA,NA,NA,NA
54,11,3,NA,NA,NA,NA,NA,NA,NA,NA,NA
54,11,4,NA,NA,NA,NA,NA,NA,NA,NA,NA
54,11,5,NA,NA,NA,NA,NA,NA,NA,NA,NA
54,11,6,NA,NA,NA,NA,NA,NA,NA,NA,NA
54,11,7,NA,NA,NA,NA,NA,NA,NA,NA,NA
54,11,8,NA,NA,NA,NA,NA,NA,NA,NA,NA
54,12,1,NA,NA,NA,NA,NA,NA,NA,NA,NA
54,12,2,NA,NA,NA,NA,NA,NA,NA,NA,NA
54,12,3,NA,NA,NA,NA,NA,NA,NA,NA,NA
54,12,4,NA,NA,NA,NA,NA,NA,NA,NA,NA
54,12,5,NA,NA,NA,NA,NA,NA,NA,NA,NA
54,12,6,NA,NA,NA,NA,NA,NA,NA,NA,NA
54,12,7,NA,NA,NA,NA,NA,NA,NA,NA,NA
54,12,8,NA,NA,NA,NA,NA,NA,NA,NA,NA
54,13,1,NA,NA,NA,NA,NA,NA,NA,NA,NA
54,13,2,NA,NA,NA,NA,NA,NA,NA,NA,NA
54,13,3,NA,NA,NA,NA,NA,NA,NA,NA,NA
54,13,4,NA,NA,NA,NA,NA,NA,NA,NA,NA
54,13,5,NA,NA,NA,NA,NA,NA,NA,NA,NA
54,13,6,NA,NA,NA,NA,NA,NA,NA,NA,NA
54,13,7,NA,NA,NA,NA,NA,NA,NA,NA,NA
54,13,8,NA,NA,NA,NA,NA,NA,NA,NA,NA
54,14,1,NA,NA,NA,NA,NA,NA,NA,NA,NA
54,14,2,NA,NA,NA,NA,NA,NA,NA,NA,NA
54,14,3,NA,NA,NA,NA,NA,NA,NA,NA,NA
54,14,4,NA,NA,NA,NA,NA,NA,NA,NA,NA
54,14,5,NA,NA,NA,NA,NA,NA,NA,NA,NA
54,14,6,NA,NA,NA,NA,NA,NA,NA,NA,NA
54,14,7,NA,NA,NA,NA,NA,NA,NA,NA,NA
54,14,8,NA,NA,NA,NA,NA,NA,NA,NA,NA
54,15,1,NA,NA,NA,NA,NA,NA,NA,NA,NA
54,15,2,NA,NA,NA,NA,NA,NA,NA,NA,NA
54,15,3,NA,NA,NA,NA,NA,NA,NA,NA,NA
54,15,4,NA,NA,NA,NA,NA,NA,NA,NA,NA
54,15,5,NA,NA,NA,NA,NA,NA,NA,NA,NA
54,15,6,NA,NA,NA,NA,NA,NA,NA,NA,NA
54,15,7,NA,NA,NA,NA,NA,NA,NA,NA,NA
54,15,8,NA,NA,NA,NA,NA,NA,NA,NA,NA
54,16,1,NA,NA,NA,NA,NA,NA,NA,NA,NA
54,16,2,NA,NA,NA,NA,NA,NA,NA,NA,NA
54,16,3,NA,NA,NA,NA,NA,NA,NA,NA,NA
54,16,4,NA,NA,NA,NA,NA,NA,NA,NA,NA
54,16,5,NA,NA,NA,NA,NA,NA,NA,NA,NA
54,16,6,NA,NA,NA,NA,NA,NA,NA,NA,NA
54,16,7,NA,NA,NA,NA,NA,NA,NA,NA,NA
54,16,8,NA,NA,NA,NA,NA,NA,NA,NA,NA
54,17,1,NA,NA,NA,NA,NA,NA,NA,NA,NA
54,17,2,NA,NA,NA,NA,NA,NA,NA,NA,NA
54,17,3,NA,NA,NA,NA,NA,NA,NA,NA,NA
54,17,4,NA,NA,NA,NA,NA,NA,NA,NA,NA
54,17,5,NA,NA,NA,NA,NA,NA,NA,NA,NA
54,17,6,NA,NA,NA,NA,NA,NA,NA,NA,NA
54,17,7,NA,NA,NA,NA,NA,NA,NA,NA,NA
54,17,8,NA,NA,NA,NA,NA,NA,NA,NA,NA
54,18,1,NA,NA,NA,NA,NA,NA,NA,NA,NA
54,18,2,NA,NA,NA,NA,NA,NA,NA,NA,NA
54,18,3,NA,NA,NA,NA,NA,NA,NA,NA,NA
54,18,4,NA,NA,NA,NA,NA,NA,NA,NA,NA
54,18,5,NA,NA,NA,NA,NA,NA,NA,NA,NA
54,18,6,NA,NA,NA,NA,NA,NA,NA,NA,NA
54,18,7,NA,NA,NA,NA,NA,NA,NA,NA,NA
54,18,8,NA,NA,NA,NA,NA,NA,NA,NA,NA
54,19,1,NA,NA,NA,NA,NA,NA,NA,NA,NA
54,19,2,NA,NA,NA,NA,NA,NA,NA,NA,NA
54,19,3,NA,NA,NA,NA,NA,NA,NA,NA,NA
54,19,4,NA,NA,NA,NA,NA,NA,NA,NA,NA
54,19,5,NA,NA,NA,NA,NA,NA,NA,NA,NA
54,19,6,NA,NA,NA,NA,NA,NA,NA,NA,NA
54,19,7,NA,NA,NA,NA,NA,NA,NA,NA,NA
54,19,8,NA,NA,NA,NA,NA,NA,NA,NA,NA
54,20,1,NA,NA,NA,NA,NA,NA,NA,NA,NA
54,20,2,NA,NA,NA,NA,NA,NA,NA,NA,NA
54,20,3,NA,NA,NA,NA,NA,NA,NA,NA,NA
54,20,4,NA,NA,NA,NA,NA,NA,NA,NA,NA
54,20,5,NA,NA,NA,NA,NA,NA,NA,NA,NA
54,20,6,NA,NA,NA,NA,NA,NA,NA,NA,NA
54,20,7,NA,NA,NA,NA,NA,NA,NA,NA,NA
54,20,8,NA,NA,NA,NA,NA,NA,NA,NA,NA
54,21,1,NA,NA,NA,NA,NA,NA,NA,NA,NA
54,21,2,NA,NA,NA,NA,NA,NA,NA,NA,NA
54,21,3,NA,NA,NA,NA,NA,NA,NA,NA,NA
54,21,4,NA,NA,NA,NA,NA,NA,NA,NA,NA
54,21,5,NA,NA,NA,NA,NA,NA,NA,NA,NA
54,21,6,NA,NA,NA,NA,NA,NA,NA,NA,NA
54,21,7,NA,NA,NA,NA,NA,NA,NA,NA,NA
54,21,8,NA,NA,NA,NA,NA,NA,NA,NA,NA
54,22,1,NA,NA,NA,NA,NA,NA,NA,NA,NA
54,22,2,NA,NA,NA,NA,NA,NA,NA,NA,NA
54,22,3,NA,NA,NA,NA,NA,NA,NA,NA,NA
54,22,4,NA,NA,NA,NA,NA,NA,NA,NA,NA
54,22,5,NA,NA,NA,NA,NA,NA,NA,NA,NA
54,22,6,NA,NA,NA,NA,NA,NA,NA,NA,NA
54,22,7,NA,NA,NA,NA,NA,NA,NA,NA,NA
54,22,8,NA,NA,NA,NA,NA,NA,NA,NA,NA
54,23,1,NA,NA,NA,NA,NA,NA,NA,NA,NA
54,23,2,NA,NA,NA,NA,NA,NA,NA,NA,NA
54,23,3,NA,NA,NA,NA,NA,NA,NA,NA,NA
54,23,4,NA,NA,NA,NA,NA,NA,NA,NA,NA
54,23,5,NA,NA,NA,NA,NA,NA,NA,NA,NA
54,23,6,NA,NA,NA,NA,NA,NA,NA,NA,NA
54,23,7,NA,NA,NA,NA,NA,NA,NA,NA,NA
54,23,8,NA,NA,NA,NA,NA,NA,NA,NA,NA
54,24,1,NA,NA,NA,NA,NA,NA,NA,NA,NA
54,24,2,NA,NA,NA,NA,NA,NA,NA,NA,NA
54,24,3,NA,NA,NA,NA,NA,NA,NA,NA,NA
54,24,4,NA,NA,NA,NA,NA,NA,NA,NA,NA
54,24,5,NA,NA,NA,NA,NA,NA,NA,NA,NA
54,24,6,NA,NA,NA,NA,NA,NA,NA,NA,NA
54,24,7,NA,NA,NA,NA,NA,NA,NA,NA,NA
54,24,8,NA,NA,NA,NA,NA,NA,NA,NA,NA
54,25,1,NA,NA,NA,NA,NA,NA,NA,NA,NA
54,25,2,NA,NA,NA,NA,NA,NA,NA,NA,NA
54,25,3,NA,NA,NA,NA,NA,NA,NA,NA,NA
54,25,4,NA,NA,NA,NA,NA,NA,NA,NA,NA
54,25,5,NA,NA,NA,NA,NA,NA,NA,NA,NA
54,25,6,NA,NA,NA,NA,NA,NA,NA,NA,NA
54,25,7,NA,NA,NA,NA,NA,NA,NA,NA,NA
54,25,8,NA,NA,NA,NA,NA,NA,NA,NA,NA
54,26,1,NA,NA,NA,NA,NA,NA,NA,NA,NA
54,26,2,NA,NA,NA,NA,NA,NA,NA,NA,NA
54,26,3,NA,NA,NA,NA,NA,NA,NA,NA,NA
54,26,4,NA,NA,NA,NA,NA,NA,NA,NA,NA
54,26,5,NA,NA,NA,NA,NA,NA,NA,NA,NA
54,26,6,NA,NA,NA,NA,NA,NA,NA,NA,NA
54,26,7,NA,NA,NA,NA,NA,NA,NA,NA,NA
54,26,8,NA,NA,NA,NA,NA,NA,NA,NA,NA
54,27,1,NA,NA,NA,NA,NA,NA,NA,NA,NA
54,27,2,NA,NA,NA,NA,NA,NA,NA,NA,NA
54,27,3,NA,NA,NA,NA,NA,NA,NA,NA,NA
54,27,4,NA,NA,NA,NA,NA,NA,NA,NA,NA
54,27,5,NA,NA,NA,NA,NA,NA,NA,NA,NA
54,27,6,NA,NA,NA,NA,NA,NA,NA,NA,NA
54,27,7,NA,NA,NA,NA,NA,NA,NA,NA,NA
54,27,8,NA,NA,NA,NA,NA,NA,NA,NA,NA
54,28,1,NA,NA,NA,NA,NA,NA,NA,NA,NA
54,28,2,NA,NA,NA,NA,NA,NA,NA,NA,NA
54,28,3,NA,NA,NA,NA,NA,NA,NA,NA,NA
54,28,4,NA,NA,NA,NA,NA,NA,NA,NA,NA
54,28,5,NA,NA,NA,NA,NA,NA,NA,NA,NA
54,28,6,NA,NA,NA,NA,NA,NA,NA,NA,NA
54,28,7,NA,NA,NA,NA,NA,NA,NA,NA,NA
54,28,8,NA,NA,NA,NA,NA,NA,NA,NA,NA
54,29,1,NA,NA,NA,NA,NA,NA,NA,NA,NA
54,29,2,NA,NA,NA,NA,NA,NA,NA,NA,NA
54,29,3,NA,NA,NA,NA,NA,NA,NA,NA,NA
54,29,4,NA,NA,NA,NA,NA,NA,NA,NA,NA
54,29,5,NA,NA,NA,NA,NA,NA,NA,NA,NA
54,29,6,NA,NA,NA,NA,NA,NA,NA,NA,NA
54,29,7,NA,NA,NA,NA,NA,NA,NA,NA,NA
54,29,8,NA,NA,NA,NA,NA,NA,NA,NA,NA
54,30,1,NA,NA,NA,NA,NA,NA,NA,NA,NA
54,30,2,NA,NA,NA,NA,NA,NA,NA,NA,NA
54,30,3,NA,NA,NA,NA,NA,NA,NA,NA,NA
54,30,4,NA,NA,NA,NA,NA,NA,NA,NA,NA
54,30,5,NA,NA,NA,NA,NA,NA,NA,NA,NA
54,30,6,NA,NA,NA,NA,NA,NA,NA,NA,NA
54,30,7,NA,NA,NA,NA,NA,NA,NA,NA,NA
54,30,8,NA,NA,NA,NA,NA,NA,NA,NA,NA
54,31,1,NA,NA,NA,NA,NA,NA,NA,NA,NA
54,31,2,NA,NA,NA,NA,NA,NA,NA,NA,NA
54,31,3,NA,NA,NA,NA,NA,NA,NA,NA,NA
54,31,4,NA,NA,NA,NA,NA,NA,NA,NA,NA
54,31,5,NA,NA,NA,NA,NA,NA,NA,NA,NA
54,31,6,NA,NA,NA,NA,NA,NA,NA,NA,NA
54,31,7,NA,NA,NA,NA,NA,NA,NA,NA,NA
54,31,8,NA,NA,NA,NA,NA,NA,NA,NA,NA
54,32,1,NA,NA,NA,NA,NA,NA,NA,NA,NA
54,32,2,NA,NA,NA,NA,NA,NA,NA,NA,NA
54,32,3,NA,NA,NA,NA,NA,NA,NA,NA,NA
54,32,4,NA,NA,NA,NA,NA,NA,NA,NA,NA
54,32,5,NA,NA,NA,NA,NA,NA,NA,NA,NA
54,32,6,NA,NA,NA,NA,NA,NA,NA,NA,NA
54,32,7,NA,NA,NA,NA,NA,NA,NA,NA,NA
54,32,8,NA,NA,NA,NA,NA,NA,NA,NA,NA
54,33,1,NA,NA,NA,NA,NA,NA,NA,NA,NA
54,33,2,NA,NA,NA,NA,NA,NA,NA,NA,NA
54,33,3,NA,NA,NA,NA,NA,NA,NA,NA,NA
54,33,4,NA,NA,NA,NA,NA,NA,NA,NA,NA
54,33,5,NA,NA,NA,NA,NA,NA,NA,NA,NA
54,33,6,NA,NA,NA,NA,NA,NA,NA,NA,NA
54,33,7,NA,NA,NA,NA,NA,NA,NA,NA,NA
54,33,8,NA,NA,NA,NA,NA,NA,NA,NA,NA
54,34,1,NA,NA,NA,NA,NA,NA,NA,NA,NA
54,34,2,NA,NA,NA,NA,NA,NA,NA,NA,NA
54,34,3,NA,NA,NA,NA,NA,NA,NA,NA,NA
54,34,4,NA,NA,NA,NA,NA,NA,NA,NA,NA
54,34,5,NA,NA,NA,NA,NA,NA,NA,NA,NA
54,34,6,NA,NA,NA,NA,NA,NA,NA,NA,NA
54,34,7,NA,NA,NA,NA,NA,NA,NA,NA,NA
54,34,8,NA,NA,NA,NA,NA,NA,NA,NA,NA
54,35,1,NA,NA,NA,NA,NA,NA,NA,NA,NA
54,35,2,NA,NA,NA,NA,NA,NA,NA,NA,NA
54,35,3,NA,NA,NA,NA,NA,NA,NA,NA,NA
54,35,4,NA,NA,NA,NA,NA,NA,NA,NA,NA
54,35,5,NA,NA,NA,NA,NA,NA,NA,NA,NA
54,35,6,NA,NA,NA,NA,NA,NA,NA,NA,NA
54,35,7,NA,NA,NA,NA,NA,NA,NA,NA,NA
54,35,8,NA,NA,NA,NA,NA,NA,NA,NA,NA
54,36,1,NA,NA,NA,NA,NA,NA,NA,NA,NA
54,36,2,NA,NA,NA,NA,NA,NA,NA,NA,NA
54,36,3,NA,NA,NA,NA,NA,NA,NA,NA,NA
54,36,4,NA,NA,NA,NA,NA,NA,NA,NA,NA
54,36,5,NA,NA,NA,NA,NA,NA,NA,NA,NA
54,36,6,NA,NA,NA,NA,NA,NA,NA,NA,NA
54,36,7,NA,NA,NA,NA,NA,NA,NA,NA,NA
54,36,8,NA,NA,NA,NA,NA,NA,NA,NA,NA
54,37,1,NA,NA,NA,NA,NA,NA,NA,NA,NA
54,37,2,NA,NA,NA,NA,NA,NA,NA,NA,NA
54,37,3,NA,NA,NA,NA,NA,NA,NA,NA,NA
54,37,4,NA,NA,NA,NA,NA,NA,NA,NA,NA
54,37,5,NA,NA,NA,NA,NA,NA,NA,NA,NA
54,37,6,NA,NA,NA,NA,NA,NA,NA,NA,NA
54,37,7,NA,NA,NA,NA,NA,NA,NA,NA,NA
54,37,8,NA,NA,NA,NA,NA,NA,NA,NA,NA
54,38,1,NA,NA,NA,NA,NA,NA,NA,NA,NA
54,38,2,NA,NA,NA,NA,NA,NA,NA,NA,NA
54,38,3,NA,NA,NA,NA,NA,NA,NA,NA,NA
54,38,4,NA,NA,NA,NA,NA,NA,NA,NA,NA
54,38,5,NA,NA,NA,NA,NA,NA,NA,NA,NA
54,38,6,NA,NA,NA,NA,NA,NA,NA,NA,NA
54,38,7,NA,NA,NA,NA,NA,NA,NA,NA,NA
54,38,8,NA,NA,NA,NA,NA,NA,NA,NA,NA
54,39,1,NA,NA,NA,NA,NA,NA,NA,NA,NA
54,39,2,NA,NA,NA,NA,NA,NA,NA,NA,NA
54,39,3,NA,NA,NA,NA,NA,NA,NA,NA,NA
54,39,4,NA,NA,NA,NA,NA,NA,NA,NA,NA
54,39,5,NA,NA,NA,NA,NA,NA,NA,NA,NA
54,39,6,NA,NA,NA,NA,NA,NA,NA,NA,NA
54,39,7,NA,NA,NA,NA,NA,NA,NA,NA,NA
54,39,8,NA,NA,NA,NA,NA,NA,NA,NA,NA
54,40,1,NA,NA,NA,NA,NA,NA,NA,NA,NA
54,40,2,NA,NA,NA,NA,NA,NA,NA,NA,NA
54,40,3,NA,NA,NA,NA,NA,NA,NA,NA,NA
54,40,4,NA,NA,NA,NA,NA,NA,NA,NA,NA
54,40,5,NA,NA,NA,NA,NA,NA,NA,NA,NA
54,40,6,NA,NA,NA,NA,NA,NA,NA,NA,NA
54,40,7,NA,NA,NA,NA,NA,NA,NA,NA,NA
54,40,8,NA,NA,NA,NA,NA,NA,NA,NA,NA
54,41,1,NA,NA,NA,NA,NA,NA,NA,NA,NA
54,41,2,NA,NA,NA,NA,NA,NA,NA,NA,NA
54,41,3,NA,NA,NA,NA,NA,NA,NA,NA,NA
54,41,4,NA,NA,NA,NA,NA,NA,NA,NA,NA
54,41,5,NA,NA,NA,NA,NA,NA,NA,NA,NA
54,41,6,NA,NA,NA,NA,NA,NA,NA,NA,NA
54,41,7,NA,NA,NA,NA,NA,NA,NA,NA,NA
54,41,8,NA,NA,NA,NA,NA,NA,NA,NA,NA
54,42,1,NA,NA,NA,NA,NA,NA,NA,NA,NA
54,42,2,NA,NA,NA,NA,NA,NA,NA,NA,NA
54,42,3,NA,NA,NA,NA,NA,NA,NA,NA,NA
54,42,4,NA,NA,NA,NA,NA,NA,NA,NA,NA
54,42,5,NA,NA,NA,NA,NA,NA,NA,NA,NA
54,42,6,NA,NA,NA,NA,NA,NA,NA,NA,NA
54,42,7,NA,NA,NA,NA,NA,NA,NA,NA,NA
54,42,8,NA,NA,NA,NA,NA,NA,NA,NA,NA
54,43,1,NA,NA,NA,NA,NA,NA,NA,NA,NA
54,43,2,NA,NA,NA,NA,NA,NA,NA,NA,NA
54,43,3,NA,NA,NA,NA,NA,NA,NA,NA,NA
54,43,4,NA,NA,NA,NA,NA,NA,NA,NA,NA
54,43,5,NA,NA,NA,NA,NA,NA,NA,NA,NA
54,43,6,NA,NA,NA,NA,NA,NA,NA,NA,NA
54,43,7,NA,NA,NA,NA,NA,NA,NA,NA,NA
54,43,8,NA,NA,NA,NA,NA,NA,NA,NA,NA
54,44,1,NA,NA,NA,NA,NA,NA,NA,NA,NA
54,44,2,NA,NA,NA,NA,NA,NA,NA,NA,NA
54,44,3,NA,NA,NA,NA,NA,NA,NA,NA,NA
54,44,4,NA,NA,NA,NA,NA,NA,NA,NA,NA
54,44,5,NA,NA,NA,NA,NA,NA,NA,NA,NA
54,44,6,NA,NA,NA,NA,NA,NA,NA,NA,NA
54,44,7,NA,NA,NA,NA,NA,NA,NA,NA,NA
54,44,8,NA,NA,NA,NA,NA,NA,NA,NA,NA
54,45,1,NA,NA,NA,NA,NA,NA,NA,NA,NA
54,45,2,NA,NA,NA,NA,NA,NA,NA,NA,NA
54,45,3,NA,NA,NA,NA,NA,NA,NA,NA,NA
54,45,4,NA,NA,NA,NA,NA,NA,NA,NA,NA
54,45,5,NA,NA,NA,NA,NA,NA,NA,NA,NA
54,45,6,NA,NA,NA,NA,NA,NA,NA,NA,NA
54,45,7,NA,NA,NA,NA,NA,NA,NA,NA,NA
54,45,8,NA,NA,NA,NA,NA,NA,NA,NA,NA
54,46,1,NA,NA,NA,NA,NA,NA,NA,NA,NA
54,46,2,NA,NA,NA,NA,NA,NA,NA,NA,NA
54,46,3,NA,NA,NA,NA,NA,NA,NA,NA,NA
54,46,4,NA,NA,NA,NA,NA,NA,NA,NA,NA
54,46,5,NA,NA,NA,NA,NA,NA,NA,NA,NA
54,46,6,NA,NA,NA,NA,NA,NA,NA,NA,NA
54,46,7,NA,NA,NA,NA,NA,NA,NA,NA,NA
54,46,8,NA,NA,NA,NA,NA,NA,NA,NA,NA
54,47,1,NA,NA,NA,NA,NA,NA,NA,NA,NA
54,47,2,NA,NA,NA,NA,NA,NA,NA,NA,NA
54,47,3,NA,NA,NA,NA,NA,NA,NA,NA,NA
54,47,4,NA,NA,NA,NA,NA,NA,NA,NA,NA
54,47,5,NA,NA,NA,NA,NA,NA,NA,NA,NA
54,47,6,NA,NA,NA,NA,NA,NA,NA,NA,NA
54,47,7,NA,NA,NA,NA,NA,NA,NA,NA,NA
54,47,8,NA,NA,NA,NA,NA,NA,NA,NA,NA
54,48,1,NA,NA,NA,NA,NA,NA,NA,NA,NA
54,48,2,NA,NA,NA,NA,NA,NA,NA,NA,NA
54,48,3,NA,NA,NA,NA,NA,NA,NA,NA,NA
54,48,4,NA,NA,NA,NA,NA,NA,NA,NA,NA
54,48,5,NA,NA,NA,NA,NA,NA,NA,NA,NA
54,48,6,NA,NA,NA,NA,NA,NA,NA,NA,NA
54,48,7,NA,NA,NA,NA,NA,NA,NA,NA,NA
54,48,8,NA,NA,NA,NA,NA,NA,NA,NA,NA
54,49,1,NA,NA,NA,NA,NA,NA,NA,NA,NA
54,49,2,NA,NA,NA,NA,NA,NA,NA,NA,NA
54,49,3,NA,NA,NA,NA,NA,NA,NA,NA,NA
54,49,4,NA,NA,NA,NA,NA,NA,NA,NA,NA
54,49,5,NA,NA,NA,NA,NA,NA,NA,NA,NA
54,49,6,NA,NA,NA,NA,NA,NA,NA,NA,NA
54,49,7,NA,NA,NA,NA,NA,NA,NA,NA,NA
54,49,8,NA,NA,NA,NA,NA,NA,NA,NA,NA
54,50,1,NA,NA,NA,NA,NA,NA,NA,NA,NA
54,50,2,NA,NA,NA,NA,NA,NA,NA,NA,NA
54,50,3,NA,NA,NA,NA,NA,NA,NA,NA,NA
54,50,4,NA,NA,NA,NA,NA,NA,NA,NA,NA
54,50,5,NA,NA,NA,NA,NA,NA,NA,NA,NA
54,50,6,NA,NA,NA,NA,NA,NA,NA,NA,NA
54,50,7,NA,NA,NA,NA,NA,NA,NA,NA,NA
54,50,8,NA,NA,NA,NA,NA,NA,NA,NA,NA
54,51,1,NA,NA,NA,NA,NA,NA,NA,NA,NA
54,51,2,NA,NA,NA,NA,NA,NA,NA,NA,NA
54,51,3,NA,NA,NA,NA,NA,NA,NA,NA,NA
54,51,4,NA,NA,NA,NA,NA,NA,NA,NA,NA
54,51,5,NA,NA,NA,NA,NA,NA,NA,NA,NA
54,51,6,NA,NA,NA,NA,NA,NA,NA,NA,NA
54,51,7,NA,NA,NA,NA,NA,NA,NA,NA,NA
54,51,8,NA,NA,NA,NA,NA,NA,NA,NA,NA
54,52,1,NA,NA,NA,NA,NA,NA,NA,NA,NA
54,52,2,NA,NA,NA,NA,NA,NA,NA,NA,NA
54,52,3,NA,NA,NA,NA,NA,NA,NA,NA,NA
54,52,4,NA,NA,NA,NA,NA,NA,NA,NA,NA
54,52,5,NA,NA,NA,NA,NA,NA,NA,NA,NA
54,52,6,NA,NA,NA,NA,NA,NA,NA,NA,NA
54,52,7,NA,NA,NA,NA,NA,NA,NA,NA,NA
54,52,8,NA,NA,NA,NA,NA,NA,NA,NA,NA
54,53,1,NA,NA,NA,NA,NA,NA,NA,NA,NA
54,53,2,NA,NA,NA,NA,NA,NA,NA,NA,NA
54,53,3,NA,NA,NA,NA,NA,NA,NA,NA,NA
54,53,4,NA,NA,NA,NA,NA,NA,NA,NA,NA
54,53,5,NA,NA,NA,NA,NA,NA,NA,NA,NA
54,53,6,NA,NA,NA,NA,NA,NA,NA,NA,NA
54,53,7,NA,NA,NA,NA,NA,NA,NA,NA,NA
54,53,8,NA,NA,NA,NA,NA,NA,NA,NA,NA
54,54,1,NA,NA,NA,NA,NA,NA,NA,NA,NA
54,54,2,NA,NA,NA,NA,NA,NA,NA,NA,NA
54,54,3,NA,NA,NA,NA,NA,NA,NA,NA,NA
54,54,4,NA,NA,NA,NA,NA,NA,NA,NA,NA
54,54,5,NA,NA,NA,NA,NA,NA,NA,NA,NA
54,54,6,NA,NA,NA,NA,NA,NA,NA,NA,NA
54,54,7,NA,NA,NA,NA,NA,NA,NA,NA,NA
54,54,8,NA,NA,NA,NA,NA,NA,NA,NA,NA
54,55,1,NA,NA,NA,NA,NA,NA,NA,NA,NA
54,55,2,NA,NA,NA,NA,NA,NA,NA,NA,NA
54,55,3,NA,NA,NA,NA,NA,NA,NA,NA,NA
54,55,4,NA,NA,NA,NA,NA,NA,NA,NA,NA
54,55,5,NA,NA,NA,NA,NA,NA,NA,NA,NA
54,55,6,NA,NA,NA,NA,NA,NA,NA,NA,NA
54,55,7,NA,NA,NA,NA,NA,NA,NA,NA,NA
54,55,8,NA,NA,NA,NA,NA,NA,NA,NA,NA
54,56,1,NA,NA,NA,NA,NA,NA,NA,NA,NA
54,56,2,NA,NA,NA,NA,NA,NA,NA,NA,NA
54,56,3,NA,NA,NA,NA,NA,NA,NA,NA,NA
54,56,4,NA,NA,NA,NA,NA,NA,NA,NA,NA
54,56,5,NA,NA,NA,NA,NA,NA,NA,NA,NA
54,56,6,NA,NA,NA,NA,NA,NA,NA,NA,NA
54,56,7,NA,NA,NA,NA,NA,NA,NA,NA,NA
54,56,8,NA,NA,NA,NA,NA,NA,NA,NA,NA
54,57,1,NA,NA,NA,NA,NA,NA,NA,NA,NA
54,57,2,NA,NA,NA,NA,NA,NA,NA,NA,NA
54,57,3,NA,NA,NA,NA,NA,NA,NA,NA,NA
54,57,4,NA,NA,NA,NA,NA,NA,NA,NA,NA
54,57,5,NA,NA,NA,NA,NA,NA,NA,NA,NA
54,57,6,NA,NA,NA,NA,NA,NA,NA,NA,NA
54,57,7,NA,NA,NA,NA,NA,NA,NA,NA,NA
54,57,8,NA,NA,NA,NA,NA,NA,NA,NA,NA
54,58,1,NA,NA,NA,NA,NA,NA,NA,NA,NA
54,58,2,NA,NA,NA,NA,NA,NA,NA,NA,NA
54,58,3,NA,NA,NA,NA,NA,NA,NA,NA,NA
54,58,4,NA,NA,NA,NA,NA,NA,NA,NA,NA
54,58,5,NA,NA,NA,NA,NA,NA,NA,NA,NA
54,58,6,NA,NA,NA,NA,NA,NA,NA,NA,NA
54,58,7,NA,NA,NA,NA,NA,NA,NA,NA,NA
54,58,8,NA,NA,NA,NA,NA,NA,NA,NA,NA
54,59,1,NA,NA,NA,NA,NA,NA,NA,NA,NA
54,59,2,NA,NA,NA,NA,NA,NA,NA,NA,NA
54,59,3,NA,NA,NA,NA,NA,NA,NA,NA,NA
54,59,4,NA,NA,NA,NA,NA,NA,NA,NA,NA
54,59,5,NA,NA,NA,NA,NA,NA,NA,NA,NA
54,59,6,NA,NA,NA,NA,NA,NA,NA,NA,NA
54,59,7,NA,NA,NA,NA,NA,NA,NA,NA,NA
54,59,8,NA,NA,NA,NA,NA,NA,NA,NA,NA
54,60,1,NA,NA,NA,NA,NA,NA,NA,NA,NA
54,60,2,NA,NA,NA,NA,NA,NA,NA,NA,NA
54,60,3,NA,NA,NA,NA,NA,NA,NA,NA,NA
54,60,4,NA,NA,NA,NA,NA,NA,NA,NA,NA
54,60,5,NA,NA,NA,NA,NA,NA,NA,NA,NA
54,60,6,NA,NA,NA,NA,NA,NA,NA,NA,NA
54,60,7,NA,NA,NA,NA,NA,NA,NA,NA,NA
54,60,8,NA,NA,NA,NA,NA,NA,NA,NA,NA
54,61,1,NA,NA,NA,NA,NA,NA,NA,NA,NA
54,61,2,NA,NA,NA,NA,NA,NA,NA,NA,NA
54,61,3,NA,NA,NA,NA,NA,NA,NA,NA,NA
54,61,4,NA,NA,NA,NA,NA,NA,NA,NA,NA
54,61,5,NA,NA,NA,NA,NA,NA,NA,NA,NA
54,61,6,NA,NA,NA,NA,NA,NA,NA,NA,NA
54,61,7,NA,NA,NA,NA,NA,NA,NA,NA,NA
54,61,8,NA,NA,NA,NA,NA,NA,NA,NA,NA
54,62,1,NA,NA,NA,NA,NA,NA,NA,NA,NA
54,62,2,NA,NA,NA,NA,NA,NA,NA,NA,NA
54,62,3,NA,NA,NA,NA,NA,NA,NA,NA,NA
54,62,4,NA,NA,NA,NA,NA,NA,NA,NA,NA
54,62,5,NA,NA,NA,NA,NA,NA,NA,NA,NA
54,62,6,NA,NA,NA,NA,NA,NA,NA,NA,NA
54,62,7,NA,NA,NA,NA,NA,NA,NA,NA,NA
54,62,8,NA,NA,NA,NA,NA,NA,NA,NA,NA
54,63,1,NA,NA,NA,NA,NA,NA,NA,NA,NA
54,63,2,NA,NA,NA,NA,NA,NA,NA,NA,NA
54,63,3,NA,NA,NA,NA,NA,NA,NA,NA,NA
54,63,4,NA,NA,NA,NA,NA,NA,NA,NA,NA
54,63,5,NA,NA,NA,NA,NA,NA,NA,NA,NA
54,63,6,NA,NA,NA,NA,NA,NA,NA,NA,NA
54,63,7,NA,NA,NA,NA,NA,NA,NA,NA,NA
54,63,8,NA,NA,NA,NA,NA,NA,NA,NA,NA
54,64,1,NA,NA,NA,NA,NA,NA,NA,NA,NA
54,64,2,NA,NA,NA,NA,NA,NA,NA,NA,NA
54,64,3,NA,NA,NA,NA,NA,NA,NA,NA,NA
54,64,4,NA,NA,NA,NA,NA,NA,NA,NA,NA
54,64,5,NA,NA,NA,NA,NA,NA,NA,NA,NA
54,64,6,NA,NA,NA,NA,NA,NA,NA,NA,NA
54,64,7,NA,NA,NA,NA,NA,NA,NA,NA,NA
54,64,8,NA,NA,NA,NA,NA,NA,NA,NA,NA
54,65,1,NA,NA,NA,NA,NA,NA,NA,NA,NA
54,65,2,NA,NA,NA,NA,NA,NA,NA,NA,NA
54,65,3,NA,NA,NA,NA,NA,NA,NA,NA,NA
54,65,4,NA,NA,NA,NA,NA,NA,NA,NA,NA
54,65,5,NA,NA,NA,NA,NA,NA,NA,NA,NA
54,65,6,NA,NA,NA,NA,NA,NA,NA,NA,NA
54,65,7,NA,NA,NA,NA,NA,NA,NA,NA,NA
54,65,8,NA,NA,NA,NA,NA,NA,NA,NA,NA
54,66,1,NA,NA,NA,NA,NA,NA,NA,NA,NA
54,66,2,NA,NA,NA,NA,NA,NA,NA,NA,NA
54,66,3,NA,NA,NA,NA,NA,NA,NA,NA,NA
54,66,4,NA,NA,NA,NA,NA,NA,NA,NA,NA
54,66,5,NA,NA,NA,NA,NA,NA,NA,NA,NA
54,66,6,NA,NA,NA,NA,NA,NA,NA,NA,NA
54,66,7,NA,NA,NA,NA,NA,NA,NA,NA,NA
54,66,8,NA,NA,NA,NA,NA,NA,NA,NA,NA
54,67,1,NA,NA,NA,NA,NA,NA,NA,NA,NA
54,67,2,NA,NA,NA,NA,NA,NA,NA,NA,NA
54,67,3,NA,NA,NA,NA,NA,NA,NA,NA,NA
54,67,4,NA,NA,NA,NA,NA,NA,NA,NA,NA
54,67,5,NA,NA,NA,NA,NA,NA,NA,NA,NA
54,67,6,NA,NA,NA,NA,NA,NA,NA,NA,NA
54,67,7,NA,NA,NA,NA,NA,NA,NA,NA,NA
54,67,8,NA,NA,NA,NA,NA,NA,NA,NA,NA
54,68,1,NA,NA,NA,NA,NA,NA,NA,NA,NA
54,68,2,NA,NA,NA,NA,NA,NA,NA,NA,NA
54,68,3,NA,NA,NA,NA,NA,NA,NA,NA,NA
54,68,4,NA,NA,NA,NA,NA,NA,NA,NA,NA
54,68,5,NA,NA,NA,NA,NA,NA,NA,NA,NA
54,68,6,NA,NA,NA,NA,NA,NA,NA,NA,NA
54,68,7,NA,NA,NA,NA,NA,NA,NA,NA,NA
54,68,8,NA,NA,NA,NA,NA,NA,NA,NA,NA
54,69,1,NA,NA,NA,NA,NA,NA,NA,NA,NA
54,69,2,NA,NA,NA,NA,NA,NA,NA,NA,NA
54,69,3,NA,NA,NA,NA,NA,NA,NA,NA,NA
54,69,4,NA,NA,NA,NA,NA,NA,NA,NA,NA
54,69,5,NA,NA,NA,NA,NA,NA,NA,NA,NA
54,69,6,NA,NA,NA,NA,NA,NA,NA,NA,NA
54,69,7,NA,NA,NA,NA,NA,NA,NA,NA,NA
54,69,8,NA,NA,NA,NA,NA,NA,NA,NA,NA
54,70,1,NA,NA,NA,NA,NA,NA,NA,NA,NA
54,70,2,NA,NA,NA,NA,NA,NA,NA,NA,NA
54,70,3,NA,NA,NA,NA,NA,NA,NA,NA,NA
54,70,4,NA,NA,NA,NA,NA,NA,NA,NA,NA
54,70,5,NA,NA,NA,NA,NA,NA,NA,NA,NA
54,70,6,NA,NA,NA,NA,NA,NA,NA,NA,NA
54,70,7,NA,NA,NA,NA,NA,NA,NA,NA,NA
54,70,8,NA,NA,NA,NA,NA,NA,NA,NA,NA
54,71,1,NA,NA,NA,NA,NA,NA,NA,NA,NA
54,71,2,NA,NA,NA,NA,NA,NA,NA,NA,NA
54,71,3,NA,NA,NA,NA,NA,NA,NA,NA,NA
54,71,4,NA,NA,NA,NA,NA,NA,NA,NA,NA
54,71,5,NA,NA,NA,NA,NA,NA,NA,NA,NA
54,71,6,NA,NA,NA,NA,NA,NA,NA,NA,NA
54,71,7,NA,NA,NA,NA,NA,NA,NA,NA,NA
54,71,8,NA,NA,NA,NA,NA,NA,NA,NA,NA
54,72,1,NA,NA,NA,NA,NA,NA,NA,NA,NA
54,72,2,NA,NA,NA,NA,NA,NA,NA,NA,NA
54,72,3,NA,NA,NA,NA,NA,NA,NA,NA,NA
54,72,4,NA,NA,NA,NA,NA,NA,NA,NA,NA
54,72,5,NA,NA,NA,NA,NA,NA,NA,NA,NA
54,72,6,NA,NA,NA,NA,NA,NA,NA,NA,NA
54,72,7,NA,NA,NA,NA,NA,NA,NA,NA,NA
54,72,8,NA,NA,NA,NA,NA,NA,NA,NA,NA
54,73,1,NA,NA,NA,NA,NA,NA,NA,NA,NA
54,73,2,NA,NA,NA,NA,NA,NA,NA,NA,NA
54,73,3,NA,NA,NA,NA,NA,NA,NA,NA,NA
54,73,4,NA,NA,NA,NA,NA,NA,NA,NA,NA
54,73,5,NA,NA,NA,NA,NA,NA,NA,NA,NA
54,73,6,NA,NA,NA,NA,NA,NA,NA,NA,NA
54,73,7,NA,NA,NA,NA,NA,NA,NA,NA,NA
54,73,8,NA,NA,NA,NA,NA,NA,NA,NA,NA
54,74,1,NA,NA,NA,NA,NA,NA,NA,NA,NA
54,74,2,NA,NA,NA,NA,NA,NA,NA,NA,NA
54,74,3,NA,NA,NA,NA,NA,NA,NA,NA,NA
54,74,4,NA,NA,NA,NA,NA,NA,NA,NA,NA
54,74,5,NA,NA,NA,NA,NA,NA,NA,NA,NA
54,74,6,NA,NA,NA,NA,NA,NA,NA,NA,NA
54,74,7,NA,NA,NA,NA,NA,NA,NA,NA,NA
54,74,8,NA,NA,NA,NA,NA,NA,NA,NA,NA
54,75,1,NA,NA,NA,NA,NA,NA,NA,NA,NA
54,75,2,NA,NA,NA,NA,NA,NA,NA,NA,NA
54,75,3,NA,NA,NA,NA,NA,NA,NA,NA,NA
54,75,4,NA,NA,NA,NA,NA,NA,NA,NA,NA
54,75,5,NA,NA,NA,NA,NA,NA,NA,NA,NA
54,75,6,NA,NA,NA,NA,NA,NA,NA,NA,NA
54,75,7,NA,NA,NA,NA,NA,NA,NA,NA,NA
54,75,8,NA,NA,NA,NA,NA,NA,NA,NA,NA
54,76,1,NA,NA,NA,NA,NA,NA,NA,NA,NA
54,76,2,NA,NA,NA,NA,NA,NA,NA,NA,NA
54,76,3,NA,NA,NA,NA,NA,NA,NA,NA,NA
54,76,4,NA,NA,NA,NA,NA,NA,NA,NA,NA
54,76,5,NA,NA,NA,NA,NA,NA,NA,NA,NA
54,76,6,NA,NA,NA,NA,NA,NA,NA,NA,NA
54,76,7,NA,NA,NA,NA,NA,NA,NA,NA,NA
54,76,8,NA,NA,NA,NA,NA,NA,NA,NA,NA
54,77,1,NA,NA,NA,NA,NA,NA,NA,NA,NA
54,77,2,NA,NA,NA,NA,NA,NA,NA,NA,NA
54,77,3,NA,NA,NA,NA,NA,NA,NA,NA,NA
54,77,4,NA,NA,NA,NA,NA,NA,NA,NA,NA
54,77,5,NA,NA,NA,NA,NA,NA,NA,NA,NA
54,77,6,NA,NA,NA,NA,NA,NA,NA,NA,NA
54,77,7,NA,NA,NA,NA,NA,NA,NA,NA,NA
54,77,8,NA,NA,NA,NA,NA,NA,NA,NA,NA
54,78,1,NA,NA,NA,NA,NA,NA,NA,NA,NA
54,78,2,NA,NA,NA,NA,NA,NA,NA,NA,NA
54,78,3,NA,NA,NA,NA,NA,NA,NA,NA,NA
54,78,4,NA,NA,NA,NA,NA,NA,NA,NA,NA
54,78,5,NA,NA,NA,NA,NA,NA,NA,NA,NA
54,78,6,NA,NA,NA,NA,NA,NA,NA,NA,NA
54,78,7,NA,NA,NA,NA,NA,NA,NA,NA,NA
54,78,8,NA,NA,NA,NA,NA,NA,NA,NA,NA
54,79,1,NA,NA,NA,NA,NA,NA,NA,NA,NA
54,79,2,NA,NA,NA,NA,NA,NA,NA,NA,NA
54,79,3,NA,NA,NA,NA,NA,NA,NA,NA,NA
54,79,4,NA,NA,NA,NA,NA,NA,NA,NA,NA
54,79,5,NA,NA,NA,NA,NA,NA,NA,NA,NA
54,79,6,NA,NA,NA,NA,NA,NA,NA,NA,NA
54,79,7,NA,NA,NA,NA,NA,NA,NA,NA,NA
54,79,8,NA,NA,NA,NA,NA,NA,NA,NA,NA
54,80,1,NA,NA,NA,NA,NA,NA,NA,NA,NA
54,80,2,NA,NA,NA,NA,NA,NA,NA,NA,NA
54,80,3,NA,NA,NA,NA,NA,NA,NA,NA,NA
54,80,4,NA,NA,NA,NA,NA,NA,NA,NA,NA
54,80,5,NA,NA,NA,NA,NA,NA,NA,NA,NA
54,80,6,NA,NA,NA,NA,NA,NA,NA,NA,NA
54,80,7,NA,NA,NA,NA,NA,NA,NA,NA,NA
54,80,8,NA,NA,NA,NA,NA,NA,NA,NA,NA
54,81,1,NA,NA,NA,NA,NA,NA,NA,NA,NA
54,81,2,NA,NA,NA,NA,NA,NA,NA,NA,NA
54,81,3,NA,NA,NA,NA,NA,NA,NA,NA,NA
54,81,4,NA,NA,NA,NA,NA,NA,NA,NA,NA
54,81,5,NA,NA,NA,NA,NA,NA,NA,NA,NA
54,81,6,NA,NA,NA,NA,NA,NA,NA,NA,NA
54,81,7,NA,NA,NA,NA,NA,NA,NA,NA,NA
54,81,8,NA,NA,NA,NA,NA,NA,NA,NA,NA
54,82,1,NA,NA,NA,NA,NA,NA,NA,NA,NA
54,82,2,NA,NA,NA,NA,NA,NA,NA,NA,NA
54,82,3,NA,NA,NA,NA,NA,NA,NA,NA,NA
54,82,4,NA,NA,NA,NA,NA,NA,NA,NA,NA
54,82,5,NA,NA,NA,NA,NA,NA,NA,NA,NA
54,82,6,NA,NA,NA,NA,NA,NA,NA,NA,NA
54,82,7,NA,NA,NA,NA,NA,NA,NA,NA,NA
54,82,8,NA,NA,NA,NA,NA,NA,NA,NA,NA
54,83,1,NA,NA,NA,NA,NA,NA,NA,NA,NA
54,83,2,NA,NA,NA,NA,NA,NA,NA,NA,NA
54,83,3,NA,NA,NA,NA,NA,NA,NA,NA,NA
54,83,4,NA,NA,NA,NA,NA,NA,NA,NA,NA
54,83,5,NA,NA,NA,NA,NA,NA,NA,NA,NA
54,83,6,NA,NA,NA,NA,NA,NA,NA,NA,NA
54,83,7,NA,NA,NA,NA,NA,NA,NA,NA,NA
54,83,8,NA,NA,NA,NA,NA,NA,NA,NA,NA
54,84,1,NA,NA,NA,NA,NA,NA,NA,NA,NA
54,84,2,NA,NA,NA,NA,NA,NA,NA,NA,NA
54,84,3,NA,NA,NA,NA,NA,NA,NA,NA,NA
54,84,4,NA,NA,NA,NA,NA,NA,NA,NA,NA
54,84,5,NA,NA,NA,NA,NA,NA,NA,NA,NA
54,84,6,NA,NA,NA,NA,NA,NA,NA,NA,NA
54,84,7,NA,NA,NA,NA,NA,NA,NA,NA,NA
54,84,8,NA,NA,NA,NA,NA,NA,NA,NA,NA
54,85,1,NA,NA,NA,NA,NA,NA,NA,NA,NA
54,85,2,NA,NA,NA,NA,NA,NA,NA,NA,NA
54,85,3,NA,NA,NA,NA,NA,NA,NA,NA,NA
54,85,4,NA,NA,NA,NA,NA,NA,NA,NA,NA
54,85,5,NA,NA,NA,NA,NA,NA,NA,NA,NA
54,85,6,NA,NA,NA,NA,NA,NA,NA,NA,NA
54,85,7,NA,NA,NA,NA,NA,NA,NA,NA,NA
54,85,8,NA,NA,NA,NA,NA,NA,NA,NA,NA
54,86,1,NA,NA,NA,NA,NA,NA,NA,NA,NA
54,86,2,NA,NA,NA,NA,NA,NA,NA,NA,NA
54,86,3,NA,NA,NA,NA,NA,NA,NA,NA,NA
54,86,4,NA,NA,NA,NA,NA,NA,NA,NA,NA
54,86,5,NA,NA,NA,NA,NA,NA,NA,NA,NA
54,86,6,NA,NA,NA,NA,NA,NA,NA,NA,NA
54,86,7,NA,NA,NA,NA,NA,NA,NA,NA,NA
54,86,8,NA,NA,NA,NA,NA,NA,NA,NA,NA
54,87,1,NA,NA,NA,NA,NA,NA,NA,NA,NA
54,87,2,NA,NA,NA,NA,NA,NA,NA,NA,NA
54,87,3,NA,NA,NA,NA,NA,NA,NA,NA,NA
54,87,4,NA,NA,NA,NA,NA,NA,NA,NA,NA
54,87,5,NA,NA,NA,NA,NA,NA,NA,NA,NA
54,87,6,NA,NA,NA,NA,NA,NA,NA,NA,NA
54,87,7,NA,NA,NA,NA,NA,NA,NA,NA,NA
54,87,8,NA,NA,NA,NA,NA,NA,NA,NA,NA
54,88,1,NA,NA,NA,NA,NA,NA,NA,NA,NA
54,88,2,NA,NA,NA,NA,NA,NA,NA,NA,NA
54,88,3,NA,NA,NA,NA,NA,NA,NA,NA,NA
54,88,4,NA,NA,NA,NA,NA,NA,NA,NA,NA
54,88,5,NA,NA,NA,NA,NA,NA,NA,NA,NA
54,88,6,NA,NA,NA,NA,NA,NA,NA,NA,NA
54,88,7,NA,NA,NA,NA,NA,NA,NA,NA,NA
54,88,8,NA,NA,NA,NA,NA,NA,NA,NA,NA
54,89,1,NA,NA,NA,NA,NA,NA,NA,NA,NA
54,89,2,NA,NA,NA,NA,NA,NA,NA,NA,NA
54,89,3,NA,NA,NA,NA,NA,NA,NA,NA,NA
54,89,4,NA,NA,NA,NA,NA,NA,NA,NA,NA
54,89,5,NA,NA,NA,NA,NA,NA,NA,NA,NA
54,89,6,NA,NA,NA,NA,NA,NA,NA,NA,NA
54,89,7,NA,NA,NA,NA,NA,NA,NA,NA,NA
54,89,8,NA,NA,NA,NA,NA,NA,NA,NA,NA
54,90,1,NA,NA,NA,NA,NA,NA,NA,NA,NA
54,90,2,NA,NA,NA,NA,NA,NA,NA,NA,NA
54,90,3,NA,NA,NA,NA,NA,NA,NA,NA,NA
54,90,4,NA,NA,NA,NA,NA,NA,NA,NA,NA
54,90,5,NA,NA,NA,NA,NA,NA,NA,NA,NA
54,90,6,NA,NA,NA,NA,NA,NA,NA,NA,NA
54,90,7,NA,NA,NA,NA,NA,NA,NA,NA,NA
54,90,8,NA,NA,NA,NA,NA,NA,NA,NA,NA
54,91,1,NA,NA,NA,NA,NA,NA,NA,NA,NA
54,91,2,NA,NA,NA,NA,NA,NA,NA,NA,NA
54,91,3,NA,NA,NA,NA,NA,NA,NA,NA,NA
54,91,4,NA,NA,NA,NA,NA,NA,NA,NA,NA
54,91,5,NA,NA,NA,NA,NA,NA,NA,NA,NA
54,91,6,NA,NA,NA,NA,NA,NA,NA,NA,NA
54,91,7,NA,NA,NA,NA,NA,NA,NA,NA,NA
54,91,8,NA,NA,NA,NA,NA,NA,NA,NA,NA
54,92,1,NA,NA,NA,NA,NA,NA,NA,NA,NA
54,92,2,NA,NA,NA,NA,NA,NA,NA,NA,NA
54,92,3,NA,NA,NA,NA,NA,NA,NA,NA,NA
54,92,4,NA,NA,NA,NA,NA,NA,NA,NA,NA
54,92,5,NA,NA,NA,NA,NA,NA,NA,NA,NA
54,92,6,NA,NA,NA,NA,NA,NA,NA,NA,NA
54,92,7,NA,NA,NA,NA,NA,NA,NA,NA,NA
54,92,8,NA,NA,NA,NA,NA,NA,NA,NA,NA
54,93,1,NA,NA,NA,NA,NA,NA,NA,NA,NA
54,93,2,NA,NA,NA,NA,NA,NA,NA,NA,NA
54,93,3,NA,NA,NA,NA,NA,NA,NA,NA,NA
54,93,4,NA,NA,NA,NA,NA,NA,NA,NA,NA
54,93,5,NA,NA,NA,NA,NA,NA,NA,NA,NA
54,93,6,NA,NA,NA,NA,NA,NA,NA,NA,NA
54,93,7,NA,NA,NA,NA,NA,NA,NA,NA,NA
54,93,8,NA,NA,NA,NA,NA,NA,NA,NA,NA
54,94,1,NA,NA,NA,NA,NA,NA,NA,NA,NA
54,94,2,NA,NA,NA,NA,NA,NA,NA,NA,NA
54,94,3,NA,NA,NA,NA,NA,NA,NA,NA,NA
54,94,4,NA,NA,NA,NA,NA,NA,NA,NA,NA
54,94,5,NA,NA,NA,NA,NA,NA,NA,NA,NA
54,94,6,NA,NA,NA,NA,NA,NA,NA,NA,NA
54,94,7,NA,NA,NA,NA,NA,NA,NA,NA,NA
54,94,8,NA,NA,NA,NA,NA,NA,NA,NA,NA
54,95,1,NA,NA,NA,NA,NA,NA,NA,NA,NA
54,95,2,NA,NA,NA,NA,NA,NA,NA,NA,NA
54,95,3,NA,NA,NA,NA,NA,NA,NA,NA,NA
54,95,4,NA,NA,NA,NA,NA,NA,NA,NA,NA
54,95,5,NA,NA,NA,NA,NA,NA,NA,NA,NA
54,95,6,NA,NA,NA,NA,NA,NA,NA,NA,NA
54,95,7,NA,NA,NA,NA,NA,NA,NA,NA,NA
54,95,8,NA,NA,NA,NA,NA,NA,NA,NA,NA
54,96,1,NA,NA,NA,NA,NA,NA,NA,NA,NA
54,96,2,NA,NA,NA,NA,NA,NA,NA,NA,NA
54,96,3,NA,NA,NA,NA,NA,NA,NA,NA,NA
54,96,4,NA,NA,NA,NA,NA,NA,NA,NA,NA
54,96,5,NA,NA,NA,NA,NA,NA,NA,NA,NA
54,96,6,NA,NA,NA,NA,NA,NA,NA,NA,NA
54,96,7,NA,NA,NA,NA,NA,NA,NA,NA,NA
54,96,8,NA,NA,NA,NA,NA,NA,NA,NA,NA
54,97,1,NA,NA,NA,NA,NA,NA,NA,NA,NA
54,97,2,NA,NA,NA,NA,NA,NA,NA,NA,NA
54,97,3,NA,NA,NA,NA,NA,NA,NA,NA,NA
54,97,4,NA,NA,NA,NA,NA,NA,NA,NA,NA
54,97,5,NA,NA,NA,NA,NA,NA,NA,NA,NA
54,97,6,NA,NA,NA,NA,NA,NA,NA,NA,NA
54,97,7,NA,NA,NA,NA,NA,NA,NA,NA,NA
54,97,8,NA,NA,NA,NA,NA,NA,NA,NA,NA
54,98,1,NA,NA,NA,NA,NA,NA,NA,NA,NA
54,98,2,NA,NA,NA,NA,NA,NA,NA,NA,NA
54,98,3,NA,NA,NA,NA,NA,NA,NA,NA,NA
54,98,4,NA,NA,NA,NA,NA,NA,NA,NA,NA
54,98,5,NA,NA,NA,NA,NA,NA,NA,NA,NA
54,98,6,NA,NA,NA,NA,NA,NA,NA,NA,NA
54,98,7,NA,NA,NA,NA,NA,NA,NA,NA,NA
54,98,8,NA,NA,NA,NA,NA,NA,NA,NA,NA
54,99,1,NA,NA,NA,NA,NA,NA,NA,NA,NA
54,99,2,NA,NA,NA,NA,NA,NA,NA,NA,NA
54,99,3,NA,NA,NA,NA,NA,NA,NA,NA,NA
54,99,4,NA,NA,NA,NA,NA,NA,NA,NA,NA
54,99,5,NA,NA,NA,NA,NA,NA,NA,NA,NA
54,99,6,NA,NA,NA,NA,NA,NA,NA,NA,NA
54,99,7,NA,NA,NA,NA,NA,NA,NA,NA,NA
54,99,8,NA,NA,NA,NA,NA,NA,NA,NA,NA
54,100,1,NA,NA,NA,NA,NA,NA,NA,NA,NA
54,100,2,NA,NA,NA,NA,NA,NA,NA,NA,NA
54,100,3,NA,NA,NA,NA,NA,NA,NA,NA,NA
54,100,4,NA,NA,NA,NA,NA,NA,NA,NA,NA
54,100,5,NA,NA,NA,NA,NA,NA,NA,NA,NA
54,100,6,NA,NA,NA,NA,NA,NA,NA,NA,NA
54,100,7,NA,NA,NA,NA,NA,NA,NA,NA,NA
54,100,8,NA,NA,NA,NA,NA,NA,NA,NA,NA
55,1,1,2756.792,985.523210374048,0,42,0,49,0,0,0
55,1,2,2759.112,1029.96683940404,0,49,0,49,0,0,0
55,1,3,2755.054144,1141.07971707997,0,42,0,49,0,0,0
55,1,4,2753.07328,951.691395091541,0,38,0,46,0,0,0
55,1,5,2750.33152,1337.89224631012,0,24,0,35,0,0,0
55,1,6,2754.096,1181.82859363206,0,33,0,24,0,0,0
55,1,7,20556.6399999999,6344.63220359637,0,63,0,34,0,0,0
55,1,8,0,8,0,51,0,44,0,0,0
55,2,1,2769.888,1656.24297450727,0,0,0,98,0,0,0
55,2,2,2773.736,1711.0312418093,0,0,0,102,0,0,0
55,2,3,2771.614144,1390.57580591255,0,0,0,114,0,0,0
55,2,4,2764.759744,819.449968542662,0,0,0,95,0,0,0
55,2,5,2765.3342592,746.828835602357,0,0,0,133,0,0,0
55,2,6,2767.68799999999,1209.38480204094,0,0,0,118,0,0,0
55,2,7,20513.3453439998,12381.424284108,24,0,0,220,0,0,0
55,2,8,0,8,0,0,0,0,0,0,0
55,3,1,2795.2656,1001.38492869967,0,0,0,165,0,0,0
55,3,2,2801.472,411.951317057675,0,0,0,171,0,0,0
55,3,3,2793.015744,802.916380491121,0,0,0,139,0,0,0
55,3,4,2773.534144,1047.71733299904,0,0,0,81,0,0,0
55,3,5,2768.6862592,787.678440661099,0,0,0,74,0,0,0
55,3,6,2780.11199999999,1382.99856755865,0,0,0,120,0,0,0
55,3,7,20468.7482239998,7365.34943795738,16,6,0,204,0,0,0
55,3,8,0,8,0,0,0,0,0,0,0
55,4,1,2803.2256,1369.96786376333,0,0,0,100,0,0,0
55,4,2,2802.272,945.467311970193,0,0,0,41,0,0,0
55,4,3,2803.247744,588.02975612269,0,0,0,80,0,0,0
55,4,4,2785.126144,863.586559680209,0,0,0,104,0,0,0
55,4,5,2772.3582592,1161.61423232716,0,0,0,78,0,0,0
55,4,6,2794.66719999999,1307.61031307485,0,0,0,138,0,0,0
55,4,7,20430.4218239997,7088.66619659145,85,0,0,232,0,0,0
55,4,8,0,8,0,0,0,0,0,0,0
55,5,1,2820.0368,622.206315173061,0,0,0,136,0,0,0
55,5,2,2808.328,1000.94180504103,0,0,0,94,0,0,0
55,5,3,2803.80294399999,697.463307014083,0,0,0,58,0,0,0
55,5,4,2792.633344,1217.40180797516,0,0,0,86,0,0,0
55,5,5,2781.1054592,1664.68458373292,0,0,0,116,0,0,0
55,5,6,2807.78847999999,1125.13332294728,0,0,0,130,0,0,0
55,5,7,20371.9703039997,8488.46387452841,152,0,0,163,0,0,2
55,5,8,0,8,0,0,0,0,0,0,0
55,6,1,2818.4928,1499.96732166875,0,0,0,62,0,0,0
55,6,2,2812.048,1111.25987912599,0,0,0,100,0,0,0
55,6,3,2804.05574399999,1157.44121079855,0,0,0,69,0,0,0
55,6,4,2798.752064,1054.29767347647,0,0,0,121,0,0,0
55,6,5,2799.0801792,625.241951690608,0,0,0,166,0,0,0
55,6,6,2816.04735999999,876.579422363213,0,0,0,112,0,0,0
55,6,7,20331.2663039995,9126.29076478586,75,0,0,190,0,0,0
55,6,8,0,8,0,0,0,0,0,0,0
55,7,1,2831.756544,1051.0416937591,0,0,0,149,0,0,0
55,7,2,2818.92832,1752.78656857008,0,0,0,111,0,0,0
55,7,3,2812.767424,785.689170432726,0,0,0,115,0,0,0
55,7,4,2805.209664,967.644155922503,0,0,0,105,0,0,0
55,7,5,2792.9038592,439.711055924649,0,0,0,62,0,0,0
55,7,6,2819.22368,813.5884548538,0,0,0,87,0,0,0
55,7,7,20298.8488959994,5154.79991625752,0,38,0,239,0,0,0
55,7,8,0,8,0,0,0,0,0,0,0
55,8,1,2817.636544,1374.6048325078,0,87,0,18,0,0,0
55,8,2,2821.988544,1107.61975570195,0,83,0,92,0,0,0
55,8,3,2806.979968,940.524800640684,0,31,0,47,0,0,0
55,8,4,2794.04288,1452.73408542618,0,50,0,46,0,0,0
55,8,5,2778.0541824,504.095682536586,0,17,0,26,0,0,0
55,8,6,2807.749696,866.70365836986,0,33,0,48,0,0,0
55,8,7,20264.5714559994,6963.22119834858,1,212,0,254,0,0,0
55,8,8,0,8,0,0,0,0,0,0,0
55,9,1,2839.928064,336.104730459932,0,0,0,137,0,0,0
55,9,2,2840.292544,1241.68688897517,0,0,0,110,0,0,0
55,9,3,2818.413568,1510.50591573052,0,0,0,94,0,0,0
55,9,4,2811.46336,1375.83297232659,0,0,0,145,0,0,0
55,9,5,2777.6468864,868.398829927261,0,0,0,50,0,0,0
55,9,6,2809.089536,1205.33297392239,0,0,0,86,0,0,0
55,9,7,20254.1385471993,6360.31353560404,28,0,0,201,0,0,0
55,9,8,0,8,0,0,0,0,0,0,0
55,10,1,2838.628544,1014.67347380181,0,0,0,33,0,0,0
55,10,2,2858.500224,1087.66210488884,0,0,0,124,0,0,0
55,10,3,2842.935488,930.133892515493,0,0,0,151,0,0,0
55,10,4,2829.872064,1302.50113476078,0,0,0,137,0,0,0
55,10,5,2779.80717824001,2273.62995117198,0,0,0,86,0,0,0
55,10,6,2818.178752,984.991464295768,0,0,0,120,0,0,0
55,10,7,20237.4201471993,10576.105403533,28,0,0,198,0,0,0
55,10,8,0,8,0,0,0,0,0,0,0
55,11,1,2851.229824,1143.30515417283,0,0,0,101,0,0,0
55,11,2,2872.567424,1331.1278485185,0,0,0,108,0,0,0
55,11,3,2850.663808,1254.31486473042,0,0,0,93,0,0,0
55,11,4,2841.923264,685.155011344657,0,0,0,130,0,0,0
55,11,5,2806.51138304001,1304.08961925129,0,0,0,206,0,0,0
55,11,6,2823.590016,594.120464540437,0,0,0,98,0,0,0
55,11,7,20213.2540671993,8922.60989197395,31,0,0,182,0,0,0
55,11,8,0,8,0,0,0,0,0,0,0
55,12,1,2868.051904,1037.13161415392,0,0,0,114,0,0,0
55,12,2,2890.868672,1457.26350588633,0,0,0,133,0,0,0
55,12,3,2861.3212928,712.332229229565,0,0,0,125,0,0,0
55,12,4,2844.140096,763.375948725488,0,0,0,68,0,0,0
55,12,5,2819.17730304001,1402.2940258564,0,0,0,130,0,0,0
55,12,6,2822.1138432,1229.85897775481,0,0,0,59,0,0,0
55,12,7,20198.9740646392,7842.18013719301,27,1,0,226,0,0,0
55,12,8,0,8,0,0,0,0,0,0,0
55,13,1,2881.094272,632.373937005318,0,0,0,103,0,0,0
55,13,2,2911.717632,1512.82063653653,0,0,0,145,0,0,0
55,13,3,2862.0080128,1429.31408420845,0,0,0,71,0,0,0
55,13,4,2844.306944,959.615194323634,0,0,0,76,0,0,0
55,13,5,2834.73896704001,1542.96200806602,0,0,0,140,0,0,0
55,13,6,2836.08181504001,927.020540314467,0,0,0,122,0,0,0
55,13,7,20178.6354406392,6650.65713008967,76,0,0,208,0,0,0
55,13,8,0,8,0,0,0,0,0,0,0
55,14,1,2883.558208,1112.62425016733,0,0,0,63,0,0,0
55,14,2,2933.8103168,731.633467913927,0,0,0,151,0,0,0
55,14,3,2875.3238528,993.172006446336,0,0,0,142,0,0,0
55,14,4,2848.230848,1363.82902445081,0,0,0,95,0,0,0
55,14,5,2852.59444480001,562.225752523745,0,0,0,154,0,0,0
55,14,6,2842.37839104001,1801.28894665866,0,0,0,92,0,0,0
55,14,7,20158.8572134391,3886.20263036781,117,0,0,201,0,0,22
55,14,8,0,8,0,0,0,0,0,0,0
55,15,1,2895.421568,632.203335786109,0,0,0,111,0,0,0
55,15,2,2935.58496000001,1617.32934065169,0,0,0,73,0,0,0
55,15,3,2877.00487680001,1248.14431634691,0,0,0,99,0,0,0
55,15,4,2859.66123520001,1035.99583390658,0,0,0,136,0,0,0
55,15,5,2846.65242880001,1849.56286198281,0,0,0,56,0,0,0
55,15,6,2864.34324224001,734.118141472482,3,0,0,171,0,0,0
55,15,7,20128.615690239,5232.58890503724,77,0,0,170,0,0,0
55,15,8,0,8,0,0,0,0,0,0,0
55,16,1,2892.307008,1721.33371292974,0,0,0,63,0,0,0
55,16,2,2953.44818176001,915.967739322299,0,0,0,161,0,0,0
55,16,3,2886.52436480001,1271.62117072122,0,0,0,124,0,0,0
55,16,4,2864.35760640001,1038.51250422159,0,0,0,103,0,0,0
55,16,5,2862.14753280002,1328.48194112147,0,0,0,184,0,0,0
55,16,6,2863.16023244801,958.139869782374,0,0,0,73,0,0,0
55,16,7,20103.992765439,11179.9468065213,45,0,0,187,0,0,1
55,16,8,0,8,0,0,0,0,0,0,0
55,17,1,2921.5601408,1564.7135838353,0,0,0,172,0,0,0
55,17,2,2956.21155840001,1212.19663611387,0,0,0,91,0,0,0
55,17,3,2898.84542976001,617.450577292065,0,0,0,127,0,0,0
55,17,4,2870.73078016001,1207.65279153666,0,0,0,103,0,0,0
55,17,5,2867.69788160002,1490.6958204401,0,0,0,132,0,0,0
55,17,6,2869.55802869761,2038.42841277903,0,0,0,95,0,0,0
55,17,7,20085.7725767669,11041.8005167629,0,43,0,187,0,0,0
55,17,8,0,8,0,0,0,0,0,0,0
55,18,1,2929.50995200001,871.361559503902,0,25,0,121,0,0,0
55,18,2,2962.18744064001,827.958526941834,0,3,0,117,0,0,0
55,18,3,2888.57066496001,915.921722890061,0,0,0,61,0,0,0
55,18,4,2878.23296256001,1192.33548752326,0,0,0,120,0,0,0
55,18,5,2877.06208614402,601.711757736663,0,0,0,148,0,0,0
55,18,6,2880.76769013761,910.941673208435,0,58,0,122,0,0,0
55,18,7,20083.0128199668,10848.9945484705,4,269,0,297,0,0,0
55,18,8,0,8,0,0,0,0,0,0,0
55,19,1,2927.53502720001,981.02969679473,0,0,0,87,0,0,0
55,19,2,2957.53039360001,1959.90109248504,0,0,0,82,0,0,0
55,19,3,2886.62248192001,730.757013843235,0,0,0,91,0,0,0
55,19,4,2870.06942464001,606.688254686576,0,0,0,119,0,0,0
55,19,5,2873.21316454402,1714.60814551645,0,0,0,60,0,0,0
55,19,6,2889.09499893761,979.210672596643,0,0,0,91,0,0,0
55,19,7,20106.3871559668,10221.958593877,27,0,0,237,0,0,0
55,19,8,0,8,0,0,0,0,0,0,0
55,20,1,2925.66336000001,679.145099857781,0,0,0,98,0,0,0
55,20,2,2978.74512384001,995.00728781288,0,0,0,195,0,0,0
55,20,3,2876.24701952001,526.391820555915,0,0,0,73,0,0,0
55,20,4,2857.94053427201,1403.94750574672,0,0,0,60,0,0,0
55,20,5,2894.58797414402,1211.72265820634,0,0,0,171,0,0,0
55,20,6,2899.89730293761,945.159982367114,0,0,0,97,0,0,0
55,20,7,20123.1632686068,9996.71686363799,25,0,0,189,0,0,0
55,20,8,0,8,0,0,0,0,0,0,0
55,21,1,2922.45912320001,1461.27786613024,0,0,0,67,0,0,0
55,21,2,2972.55211264001,1038.68820532853,0,0,0,99,0,0,0
55,21,3,2861.26365952001,1106.00315512509,0,0,0,52,0,0,0
55,21,4,2864.28171827201,577.260756587184,0,0,0,140,0,0,0
55,21,5,2898.27093094402,462.954129200821,0,0,0,121,0,0,0
55,21,6,2907.70772469761,1770.99132095644,0,0,0,94,0,0,0
55,21,7,20136.4334254068,6581.07186354896,31,0,0,200,0,0,0
55,21,8,0,8,0,0,0,0,0,0,0
55,22,1,2930.94960640001,765.078697291427,0,0,0,146,0,0,0
55,22,2,2968.06695424001,1127.86795735393,0,0,0,103,0,0,0
55,22,3,2863.07685632001,1413.19280103317,0,0,0,110,0,0,0
55,22,4,2849.95241256961,1417.67539067668,0,0,0,57,0,0,0
55,22,5,2888.11624550402,678.79891821625,0,0,0,46,0,0,0
55,22,6,2932.74642421761,1360.4402017465,0,0,0,177,0,0,0
55,22,7,20152.8196884467,13100.3897868497,70,0,0,231,0,0,0
55,22,8,0,8,0,0,0,0,0,0,0
55,23,1,2918.94148864002,1696.41479671218,0,0,0,76,0,0,0
55,23,2,2959.59708825601,1348.27869968545,0,0,0,112,0,0,0
55,23,3,2864.02496307201,1145.84095485651,0,0,0,141,0,0,0
55,23,4,2853.04982005761,1731.01000302571,0,0,0,141,0,0,0
55,23,5,2879.69771110402,695.677194914613,0,0,0,67,0,0,0
55,23,6,2945.50106101762,1138.58267637517,0,0,0,136,0,0,0
55,23,7,20161.9796884468,10888.0845291097,0,36,0,205,0,0,0
55,23,8,0,8,0,0,0,0,0,0,0
55,24,1,2921.34261504002,1322.93892273859,0,22,0,132,0,0,0
55,24,2,2955.17262479361,847.176865881124,0,1,0,133,0,0,0
55,24,3,2861.18975334402,561.745810948528,0,0,0,114,0,0,0
55,24,4,2858.45100226562,1076.21266329739,0,18,0,141,0,0,0
55,24,5,2873.31225190402,1148.97362912144,0,0,0,69,0,0,0
55,24,6,2955.42130216962,1486.6795797391,0,1,0,112,0,0,0
55,24,7,20178.3509140467,7681.34787531877,4,222,0,212,0,0,5
55,24,8,0,8,0,0,0,0,0,0,0
55,25,1,2934.18347929602,1091.12689600202,0,0,0,132,0,0,0
55,25,2,2946.50760386562,1178.99108119571,0,0,0,84,0,0,0
55,25,3,2844.92397977602,1244.50773613582,0,0,0,56,0,0,0
55,25,4,2852.99796674561,1863.22486767024,0,0,0,107,0,0,0
55,25,5,2880.17694310403,1025.9332319254,0,0,0,114,0,0,0
55,25,6,2982.96203304962,852.875819523805,0,0,0,148,0,0,0
55,25,7,20225.4455382003,6277.30131782794,27,0,0,204,0,0,0
55,25,8,0,8,0,0,0,0,0,0,0
55,26,1,2927.70163865602,997.54196107046,0,0,0,109,0,0,0
55,26,2,2938.86464962562,1507.11771555461,0,0,0,117,0,0,0
55,26,3,2838.14019932161,2054.21509088442,0,0,0,124,0,0,0
55,26,4,2866.73337841256,795.554487469804,0,0,0,186,0,0,0
55,26,5,2881.19637700611,1235.88537581479,0,0,0,102,0,0,0
55,26,6,2988.33813544962,1451.68830676647,0,0,0,85,0,0,0
55,26,7,20267.5784453106,12021.0632993274,19,0,0,243,0,0,6
55,26,8,0,8,0,0,0,0,0,0,0
55,27,1,2920.26285199362,609.182415503075,0,0,0,99,0,0,0
55,27,2,2946.49917488744,1175.95038200268,0,0,0,150,0,0,0
55,27,3,2852.25208834049,1864.40670476496,0,0,0,205,0,0,0
55,27,4,2856.87551166055,1178.67147518831,0,0,0,79,0,0,0
55,27,5,2896.8132879606,1608.71704800409,0,0,0,123,0,0,0
55,27,6,3014.18612725762,724.390556058436,0,0,0,145,0,0,0
55,27,7,20298.6214798322,5954.16748258437,0,46,0,189,0,0,0
55,27,8,0,8,0,0,0,0,0,0,0
55,28,1,2908.35292651522,799.505240086143,0,2,0,58,0,0,0
55,28,2,2952.62152896104,1725.49747570243,0,0,0,117,0,0,0
55,28,3,2854.82899583616,1022.2195113254,0,41,0,133,0,0,0
55,28,4,2855.13636910695,1328.08297880529,0,0,0,117,0,0,0
55,28,5,2909.75616096668,751.280419628348,0,14,0,142,0,0,0
55,28,6,3018.56043151362,1263.56172581056,0,0,0,72,0,0,0
55,28,7,20356.181052005,8270.2175268752,0,259,0,258,0,0,0
55,28,8,0,8,0,0,0,0,0,0,0
55,29,1,2910.48390635522,1300.06804494694,0,0,0,79,0,0,0
55,29,2,2961.25692331624,1025.82200355222,0,0,0,172,0,0,0
55,29,3,2856.26857558656,1128.89728610817,0,0,0,102,0,0,0
55,29,4,2859.50147251815,1130.49555114628,0,0,0,132,0,0,0
55,29,5,2908.69935605762,715.578818247835,0,0,0,75,0,0,0
55,29,6,3039.07200282626,1332.46015289121,0,0,0,126,0,0,0
55,29,7,20410.8178383448,7900.82761188863,28,0,0,205,0,0,0
55,29,8,0,8,0,0,0,0,0,0,0
55,30,1,2911.60962242562,1182.13668350093,0,0,0,130,0,0,0
55,30,2,2957.45329221224,849.465711237739,0,0,0,102,0,0,0
55,30,3,2849.62352770611,1125.55095097809,0,0,0,112,0,0,0
55,30,4,2855.35205791336,1493.76007321636,0,0,0,113,0,0,0
55,30,5,2902.05042585602,1978.64756488398,0,0,0,71,0,0,0
55,30,6,3055.98998247426,1736.7956220895,0,0,0,133,0,0,0
55,30,7,20431.7811758311,9409.66797845872,0,125,0,169,0,0,0
55,30,8,0,8,0,0,0,0,0,0,0
55,31,1,2918.99049072642,925.639637947545,0,0,0,118,0,0,0
55,31,2,2942.87387002472,677.901775330662,0,0,0,84,0,0,0
55,31,3,2843.06652489268,853.677563326067,0,0,0,112,0,0,0
55,31,4,2855.95631875688,999.309185298402,0,0,0,149,0,0,0
55,31,5,2930.48158314007,1289.09264753159,0,0,0,197,0,0,0
55,31,6,3087.89312591874,2011.33233647586,0,0,0,173,0,0,0
55,31,7,20490.4367442397,7791.31227083323,26,0,0,242,0,0,0
55,31,8,0,8,0,0,0,0,0,0,0
55,32,1,2918.68192634882,1808.5750627819,0,0,0,92,0,0,0
55,32,2,2924.42176396904,1431.41648307273,0,0,0,67,0,0,0
55,32,3,2828.08467426868,1227.27643277284,0,0,0,85,0,0,0
55,32,4,2847.55103474402,902.260727242209,0,0,0,99,0,0,0
55,32,5,2940.21587346967,555.603802107813,0,0,0,128,0,0,0
55,32,6,3117.11257790057,1933.66115247136,0,0,0,172,0,0,0
55,32,7,20528.8955223516,10592.9325349054,20,0,0,223,0,0,1
55,32,8,0,8,0,0,0,0,0,0,0
55,33,1,2949.15904096258,785.880809516446,0,0,0,180,0,0,0
55,33,2,2927.18225847994,470.547515939969,0,0,0,143,0,0,0
55,33,3,2825.31652182047,1439.74624527671,0,0,0,122,0,0,0
55,33,4,2837.12504967906,422.387887455378,0,0,0,90,0,0,0
55,33,5,2930.88477689367,766.536333673418,0,0,0,55,0,0,0
55,33,6,3159.59632383183,1143.13941888744,0,0,0,193,0,0,0
55,33,7,20581.6532690953,7650.65681896805,0,85,0,219,0,0,0
55,33,8,0,8,0,0,0,0,0,0,0
55,34,1,2945.42751340545,1126.74699704223,0,0,0,78,0,0,0
55,34,2,2904.65790420436,1263.97774424308,0,0,0,47,0,0,0
55,34,3,2823.55073348844,1395.95063403535,0,0,0,143,0,0,0
55,34,4,2812.61956280976,1612.2104449404,0,0,0,42,0,0,0
55,34,5,2929.22049805846,1241.09400181341,0,0,0,76,0,0,0
55,34,6,3181.41679881095,1562.99489971604,0,0,0,114,0,0,0
55,34,7,20637.4597901321,6395.5312782627,0,159,0,248,0,0,0
55,34,8,0,8,0,0,0,0,0,0,0
55,35,1,2943.94190088194,1268.97911758499,0,0,0,112,0,0,0
55,35,2,2901.29472829785,1129.3813243013,0,0,0,126,0,0,0
55,35,3,2827.0093972606,687.01257922249,0,0,0,139,0,0,0
55,35,4,2817.36488436368,1208.89682878032,0,0,0,161,0,0,0
55,35,5,2931.12368674326,524.311752272817,0,0,0,124,0,0,0
55,35,6,3209.43641787681,1443.73685349838,0,0,0,156,0,0,0
55,35,7,20671.2969111185,8854.60411746563,0,45,0,177,0,0,0
55,35,8,0,8,0,0,0,0,0,0,0
55,36,1,2940.92238641972,1252.92027135473,0,10,0,111,0,0,0
55,36,2,2889.59146588951,1249.50439743995,0,0,0,112,0,0,0
55,36,3,2808.7321225129,971.701633856764,0,0,0,68,0,0,0
55,36,4,2810.9992465834,1314.53856378471,0,0,0,120,0,0,0
55,36,5,2918.6479390884,873.355427392534,0,0,0,52,0,0,0
55,36,6,3230.92373339753,931.895345066001,0,5,0,136,0,0,0
55,36,7,20711.2960504465,10131.907378362,6,203,0,196,0,0,0
55,36,8,0,8,0,0,0,0,0,0,0
55,37,1,2942.56076818023,1394.6498440495,0,0,0,125,0,0,0
55,37,2,2880.85248463704,1605.77949555778,0,3,0,119,0,0,0
55,37,3,2793.90012123494,866.247088305573,0,0,0,97,0,0,0
55,37,4,2810.05885871361,1120.80126652241,0,0,0,131,0,0,0
55,37,5,2916.34628552296,780.361307948644,0,0,0,87,0,0,0
55,37,6,3241.92857782373,1739.40527423008,0,0,0,93,0,0,0
55,37,7,20750.5402930792,10504.0792459662,6,209,0,183,0,0,0
55,37,8,0,8,0,0,0,0,0,0,0
55,38,1,2944.22960053863,661.171325265853,0,0,0,139,0,0,0
55,38,2,2883.03356552024,969.635473624087,0,0,0,160,0,0,0
55,38,3,2773.6937030487,960.388153877292,0,0,0,86,0,0,0
55,38,4,2801.38162065296,642.572201746403,0,0,0,112,0,0,0
55,38,5,2906.01056442189,1338.74450251399,0,0,0,78,0,0,0
55,38,6,3264.16442193529,1198.3239648703,0,5,0,154,0,0,0
55,38,7,20801.0826868328,5427.42715103267,0,196,0,287,0,0,0
55,38,8,0,8,0,0,0,0,0,0,0
55,39,1,2933.62978504295,921.007800249928,0,0,0,66,0,0,0
55,39,2,2865.32890558091,1018.68978994192,0,0,0,96,0,0,0
55,39,3,2765.22380495124,1000.10905670372,0,0,0,96,0,0,0
55,39,4,2779.16919606103,954.29190803549,0,0,0,64,0,0,0
55,39,5,2919.07456378157,1004.70711741603,0,0,0,133,0,0,0
55,39,6,3285.13415454266,718.338522818937,0,0,0,119,0,0,0
55,39,7,20838.0319199847,10192.8766452265,33,0,0,183,0,0,0
55,39,8,0,8,0,0,0,0,0,0,0
55,40,1,2936.01764768646,1488.2072683103,0,0,0,92,0,0,0
55,40,2,2864.94935251554,1150.40608188292,0,0,0,101,0,0,0
55,40,3,2765.29237922887,871.141548540812,0,0,0,100,0,0,0
55,40,4,2779.82949202654,842.516396258496,0,0,0,95,0,0,0
55,40,5,2928.14038222125,1663.17453244629,0,0,0,100,0,0,0
55,40,6,3298.41001326188,1643.98604714987,0,0,0,71,0,0,0
55,40,7,20918.4464595439,4766.42151737824,0,41,0,210,0,0,0
55,40,8,0,8,0,0,0,0,0,0,0
55,41,1,2917.77722938983,1273.62884674488,0,67,0,75,0,0,0
55,41,2,2845.26135679586,1467.57453010539,0,48,0,62,0,0,0
55,41,3,2745.75459360716,580.821578158161,0,18,0,67,0,0,0
55,41,4,2756.02180574938,1452.02305632598,0,39,0,41,0,0,0
55,41,5,2925.72932769397,1053.43687380388,0,67,0,92,0,0,0
55,41,6,3307.706046419,1386.61338878326,0,60,0,98,0,0,0
55,41,7,20940.1242400239,8719.60188981597,1,200,0,195,0,0,0
55,41,8,0,8,0,0,0,0,0,0,0
55,42,1,2931.53887524062,1488.50609000595,0,0,0,127,0,0,0
55,42,2,2860.93603172634,1373.38905107897,0,0,0,146,0,0,0
55,42,3,2733.45210140423,1287.8936977949,0,0,0,58,0,0,0
55,42,4,2774.55811167617,1388.16157946818,0,0,0,145,0,0,0
55,42,5,2950.61852192111,1616.37387944284,0,0,0,105,0,0,0
55,42,6,3353.98820061782,1983.31480630786,0,0,0,138,0,0,0
55,42,7,20994.1151442202,8247.77905687627,30,0,0,183,0,0,0
55,42,8,0,8,0,0,0,0,0,0,0
55,43,1,2947.11153771824,1838.76008960099,0,0,0,148,0,0,0
55,43,2,2864.10366105456,1279.34638429659,0,0,0,137,0,0,0
55,43,3,2746.51850354505,935.232418403143,0,0,0,128,0,0,0
55,43,4,2780.93442050474,2002.58630147239,0,0,0,138,0,0,0
55,43,5,2984.72553999922,1781.77972366121,0,0,0,161,0,0,0
55,43,6,3413.83510854223,812.909357571431,0,0,0,192,0,0,0
55,43,7,21050.3089134013,5170.49358549778,21,0,0,220,0,0,0
55,43,8,0,8,0,0,0,0,0,0,0
55,44,1,2950.75736563828,947.391565408477,24,0,0,138,0,0,0
55,44,2,2864.20063933091,1222.36359124054,0,0,0,127,0,0,0
55,44,3,2740.57576089105,905.625696702885,0,0,0,93,0,0,0
55,44,4,2796.40910691222,1062.6752951512,26,0,0,150,0,0,0
55,44,5,3011.06998113632,844.76448961598,9,0,0,161,0,0,0
55,44,6,3432.07212524438,2170.42630216737,0,0,0,81,0,0,0
55,44,7,21090.0595001454,6639.22584366024,162,0,0,208,0,0,0
55,44,8,0,8,0,0,0,0,0,0,0
55,45,1,2954.11286336423,2063.52660187344,0,0,0,94,0,0,0
55,45,2,2864.25764451385,895.562809868701,0,0,0,122,0,0,0
55,45,3,2738.26968793927,780.506671653712,0,0,0,90,0,0,0
55,45,4,2799.81130241314,787.946206769821,0,0,0,106,0,0,0
55,45,5,3027.51524132585,532.72922119752,0,0,0,84,0,0,0
55,45,6,3502.71549914353,1870.24194747173,0,0,0,217,0,0,0
55,45,7,21116.7416522862,9074.46786271636,67,0,0,168,0,0,0
55,45,8,0,8,0,0,0,0,0,0,0
55,46,1,2986.06239514255,1046.93317036226,1,0,0,178,0,0,0
55,46,2,2871.54657334149,710.741474203773,0,0,0,89,0,0,0
55,46,3,2736.7308013932,1353.17196624502,0,0,0,78,0,0,0
55,46,4,2805.79911659887,853.671340714874,0,0,0,78,0,0,0
55,46,5,3027.50075630599,1549.11559159955,0,0,0,53,0,0,0
55,46,6,3551.22661851363,1716.75996105721,0,0,0,172,0,0,0
55,46,7,21191.0367046768,5382.39322363088,46,0,0,195,0,0,0
55,46,8,0,8,0,0,0,0,0,0,0
55,47,1,2974.02060436589,2006.20465949003,0,41,0,63,0,0,0
55,47,2,2844.59091963332,909.103188582608,0,23,0,48,0,0,0
55,47,3,2726.6580726124,1200.95159170416,0,48,0,87,0,0,0
55,47,4,2785.86678402924,1283.27892310477,0,40,0,45,0,0,0
55,47,5,3019.42694593487,1068.59284322806,0,87,0,67,0,0,0
55,47,6,3557.06952216803,1975.13460324176,0,94,0,77,0,0,0
55,47,7,21207.9349035939,10645.1899198777,3,203,0,186,0,0,1
55,47,8,0,8,0,0,0,0,0,0,0
55,48,1,2994.70414104661,1773.55628887306,0,0,0,179,0,0,0
55,48,2,2845.65877808121,1030.30704879354,0,0,0,90,0,0,0
55,48,3,2731.43601861299,1324.69104818614,0,0,0,120,0,0,0
55,48,4,2795.10567949366,990.781954157618,0,0,0,128,0,0,0
55,48,5,3038.42353425196,1281.46565634058,0,0,0,106,0,0,0
55,48,6,3609.52547265636,1179.8967511993,0,0,0,187,0,0,0
55,48,7,21249.4459307938,8596.87940241469,27,0,0,196,0,0,0
55,48,8,0,8,0,0,0,0,0,0,0
55,49,1,3020.40507745839,1393.68225636347,0,0,0,174,0,0,0
55,49,2,2847.87068716025,1757.92460066995,0,0,0,103,0,0,0
55,49,3,2742.35882740339,697.614724330697,0,0,0,132,0,0,0
55,49,4,2802.86807573164,623.232229133883,0,0,0,99,0,0,0
55,49,5,3065.73850402464,911.163254593689,0,0,0,128,0,0,0
55,49,6,3651.92972420728,2115.71821176764,0,0,0,117,0,0,0
55,49,7,21334.4249532386,14373.0870760426,20,0,0,250,0,0,1
55,49,8,0,8,0,0,0,0,0,0,0
55,50,1,3028.95542560542,1731.09867459818,0,0,0,139,0,0,0
55,50,2,2858.646167396,783.777578472231,0,0,0,175,0,0,0
55,50,3,2730.38685357404,1092.19888091492,0,0,0,69,0,0,0
55,50,4,2797.03012379718,1256.39281349847,0,0,0,62,0,0,0
55,50,5,3072.85167020496,1054.86336149894,0,0,0,91,0,0,0
55,50,6,3699.27687297452,2575.70505691441,0,0,0,187,0,0,0
55,50,7,21365.5985161186,9908.53914433571,22,0,0,201,0,0,2
55,50,8,0,8,0,0,0,0,0,0,0
55,51,1,3056.71653245127,1318.36864501558,0,0,0,173,0,0,0
55,51,2,2854.15432345172,1030.40248889593,0,0,0,78,0,0,0
55,51,3,2739.99553428025,850.222153471578,0,0,0,109,0,0,0
55,51,4,2814.92060827665,1446.93792571167,0,0,0,125,0,0,0
55,51,5,3098.15523024081,766.204728292745,0,0,0,105,0,0,0
55,51,6,3771.60619133995,1336.29346425651,6,0,0,189,0,0,0
55,51,7,21421.9067446946,6096.51172179497,77,0,0,181,0,0,0
55,51,8,0,8,0,0,0,0,0,0,0
55,52,1,3029.23439781579,943.111043369964,112,0,0,19,0,0,0
55,52,2,2834.74455478437,1485.40300582284,60,0,0,43,0,0,0
55,52,3,2724.83392945025,512.213697368067,33,0,0,52,0,0,0
55,52,4,2803.30334234673,957.682290887674,73,0,0,71,0,0,0
55,52,5,3087.96547580902,907.433347291031,28,0,0,48,0,0,0
55,52,6,3781.69582676707,1049.18777164945,68,0,0,65,0,0,0
55,52,7,21498.0502551128,12799.5960136857,245,0,0,284,0,0,7
55,52,8,0,8,0,0,0,0,0,0,0
55,53,1,3026.53122523613,701.954635827621,0,0,0,94,0,0,0
55,53,2,2833.03002667143,1387.53276242513,0,0,0,148,0,0,0
55,53,3,2708.07746153555,1125.05537866534,0,0,0,51,0,0,0
55,53,4,2798.77236043393,834.037453437689,0,0,0,95,0,0,0
55,53,5,3090.72444270914,743.290765853107,0,0,0,90,0,0,0
55,53,6,3793.80757251416,2767.17278150603,0,0,0,104,0,0,0
55,53,7,21491.3034839395,11584.888823453,45,0,0,194,0,0,0
55,53,8,0,8,0,0,0,0,0,0,0
55,54,1,3018.14818645547,1431.49654755182,0,0,0,70,0,0,0
55,54,2,2846.23882133408,1033.22636063483,0,0,0,138,0,0,0
55,54,3,2721.84386013903,1402.80245340834,0,0,0,112,0,0,0
55,54,4,2806.189003744,1547.54805005949,0,0,0,83,0,0,0
55,54,5,3100.93896521994,1304.4180225305,0,0,0,74,0,0,0
55,54,6,3871.72115213978,1516.23963289591,0,5,0,198,0,0,0
55,54,7,21523.1263132397,10408.6882188947,0,69,0,194,0,0,0
55,54,8,0,8,0,0,0,0,0,0,0
55,55,1,3027.70502000279,1127.25551535987,0,0,0,143,0,0,0
55,55,2,2843.74098652681,1196.64984043235,0,0,0,103,0,0,0
55,55,3,2727.97209830223,1437.52311387435,0,0,0,140,0,0,0
55,55,4,2823.17517249319,907.37459495617,0,0,0,154,0,0,0
55,55,5,3126.11298150829,935.503551378251,0,0,0,130,0,0,0
55,55,6,3910.77005970244,1576.37502403734,0,1,0,147,0,0,0
55,55,7,21580.8798090139,4840.94027629654,0,221,0,262,0,0,0
55,55,8,0,8,0,0,0,0,0,0,0
55,56,1,3028.3398253239,1960.48169398827,0,0,0,112,0,0,0
55,56,2,2842.56092835513,970.164892546843,0,0,0,119,0,0,0
55,56,3,2737.9098993781,296.322488955068,0,0,0,143,0,0,0
55,56,4,2821.11906087874,1217.64019928931,0,0,0,90,0,0,0
55,56,5,3134.74331781795,1024.76055405841,0,0,0,93,0,0,0
55,56,6,3945.29913444025,2028.57779417259,0,0,0,157,0,0,0
55,56,7,21627.5932689431,5599.53859817735,41,0,0,186,0,0,0
55,56,8,0,8,0,0,0,0,0,0,0
55,57,1,3052.44908689986,944.057066634855,0,0,0,193,0,0,0
55,57,2,2836.38537860271,1229.85802952215,0,0,0,97,0,0,0
55,57,3,2709.56909491606,1303.04390197523,0,0,0,29,0,0,0
55,57,4,2838.53782975618,1420.23431574406,0,0,0,121,0,0,0
55,57,5,3145.0475418625,2191.7955261667,0,0,0,102,0,0,0
55,57,6,3993.36051292582,1059.11023026272,1,0,0,181,0,0,2
55,57,7,21679.080168089,7185.4102411284,36,0,0,217,0,0,0
55,57,8,0,8,0,0,0,0,0,0,0
55,58,1,3046.8166893291,663.526308020029,0,0,0,94,0,0,0
55,58,2,2829.43574387788,1145.24562093309,0,0,0,122,0,0,0
55,58,3,2711.795181806,501.826569480795,0,0,0,130,0,0,0
55,58,4,2846.20605296397,700.055705826617,0,0,0,142,0,0,0
55,58,5,3182.71424828585,1264.05817388948,0,0,0,203,0,0,0
55,58,6,4009.75819024728,571.009946863662,0,0,0,105,0,0,0
55,58,7,21728.0529194147,2061.14308078193,0,35,0,217,0,0,0
55,58,8,0,8,0,0,0,0,0,0,0
55,59,1,3016.95730206473,1419.10151598998,0,51,0,15,0,0,0
55,59,2,2805.8756069817,1481.24378303177,0,61,0,53,0,0,0
55,59,3,2685.04151542495,1212.47341782419,0,41,0,9,0,0,0
55,59,4,2826.32033837383,963.423536411078,0,29,0,41,0,0,0
55,59,5,3172.96799465232,1068.28005346678,0,66,0,60,0,0,0
55,59,6,3994.92088797143,1455.70993186038,0,29,0,28,0,0,0
55,59,7,21725.9395226992,10791.806502101,0,106,0,100,0,0,0
55,59,8,0,8,0,0,0,0,0,0,0
55,60,1,3033.21822497685,1250.14277442217,0,0,0,141,0,0,0
55,60,2,2820.70103406133,604.326005132174,0,0,0,148,0,0,0
55,60,3,2695.34948661134,529.664551038051,0,0,0,121,0,0,0
55,60,4,2826.80157562599,1250.41910627278,0,0,0,96,0,0,0
55,60,5,3178.71458878393,1085.11020641094,0,0,0,106,0,0,0
55,60,6,4025.04993246966,1159.8366232289,0,0,0,145,0,0,0
55,60,7,21762.7276570132,11036.5014424763,23,2,0,204,0,0,0
55,60,8,0,8,0,0,0,0,0,0,0
55,61,1,3037.36689341782,1434.64754653646,0,0,0,125,0,0,0
55,61,2,2813.34203916462,1760.24448489956,0,0,0,60,0,0,0
55,61,3,2684.53292441732,1079.03195655941,0,0,0,52,0,0,0
55,61,4,2829.56590872615,1566.41288428032,0,0,0,125,0,0,0
55,61,5,3187.84838645372,1038.83463339169,0,0,0,108,0,0,0
55,61,6,4046.30578032252,990.611383549779,0,0,0,115,0,0,0
55,61,7,21779.8402982675,7950.43245235128,24,0,0,193,0,0,0
55,61,8,0,8,0,0,0,0,0,0,0
55,62,1,3073.75904537264,782.114256322338,0,0,0,143,0,0,0
55,62,2,2837.51018008515,801.63438232756,0,0,0,166,0,0,1
55,62,3,2698.08935682728,995.575566988158,0,0,0,107,0,0,0
55,62,4,2857.68603041489,1389.74237980818,0,0,0,154,0,0,0
55,62,5,3208.8621242908,2073.37165963243,0,0,0,103,0,0,0
55,62,6,4079.64546315629,2228.69967735728,0,0,0,99,0,0,0
55,62,7,21847.5397306717,9815.15602113453,93,0,0,198,0,0,0
55,62,8,0,8,0,0,0,0,0,0,0
55,63,1,3078.45048632141,1757.24427753419,0,0,0,78,0,0,0
55,63,2,2849.7128449051,1363.58737910387,0,0,0,80,0,0,0
55,63,3,2703.11453396784,487.92812886604,0,0,0,99,0,0,0
55,63,4,2870.85561183236,1371.97204466569,0,0,0,138,0,0,0
55,63,5,3254.27495597459,1921.49473627549,0,0,0,203,0,0,0
55,63,6,4157.50308420575,2032.53993259643,0,0,0,214,0,0,0
55,63,7,21913.1598977724,7525.61434673768,40,0,0,254,0,0,0
55,63,8,0,8,0,0,0,0,0,0,0
55,64,1,3093.64666546434,1241.57756335652,91,0,0,84,0,0,0
55,64,2,2840.11944811982,333.50711242224,72,0,0,64,0,0,0
55,64,3,2687.11468426829,1118.48799909348,26,0,0,22,0,0,0
55,64,4,2868.61738872725,1549.48642681626,64,0,0,73,0,0,0
55,64,5,3264.7986585293,955.82131951305,90,0,0,102,0,0,0
55,64,6,4185.22545459125,1903.54055073603,111,0,0,92,0,0,0
55,64,7,22008.0263268675,9597.73239206753,203,2,0,248,0,0,55
55,64,8,0,8,0,0,0,0,0,0,0
55,65,1,3113.92551143998,1302.43844376457,0,0,0,124,0,0,0
55,65,2,2826.67589917055,1157.87210439954,0,0,0,33,0,0,0
55,65,3,2702.98412156206,1276.86665446149,0,0,0,111,0,0,0
55,65,4,2893.29752680809,1878.68997754928,0,0,0,154,0,0,0
55,65,5,3276.12785635435,1229.25448940804,0,0,0,95,0,0,0
55,65,6,4255.00364620487,1322.37763695303,0,0,0,190,0,0,0
55,65,7,22043.2782355114,12686.0164607585,0,64,0,194,0,0,0
55,65,8,0,8,0,0,0,0,0,0,0
55,66,1,3131.98153538151,2671.36049675566,0,0,0,130,0,0,0
55,66,2,2833.91673433606,1038.51371682927,0,0,0,115,0,0,0
55,66,3,2713.41543611667,1578.89767809218,0,0,0,127,0,0,0
55,66,4,2921.20195810084,1410.36791411164,0,8,0,156,0,0,0
55,66,5,3304.6356939489,740.94995856476,0,0,0,122,0,0,0
55,66,6,4295.38636195942,2286.78534702738,0,0,0,132,0,0,0
55,66,7,22074.9052843893,8557.35368614031,4,149,0,211,0,0,2
55,66,8,0,8,0,0,0,0,0,0,0
55,67,1,3171.31487149741,531.956171449943,0,23,0,153,0,0,0
55,67,2,2844.36336412703,1641.69265754723,0,0,0,103,0,0,0
55,67,3,2748.82132786084,1083.80202191534,0,0,0,157,0,0,0
55,67,4,2950.92598401687,1084.222921077,0,0,0,141,0,0,0
55,67,5,3317.71555755787,1572.87421124654,0,0,0,74,0,0,0
55,67,6,4386.57067814771,1959.02509046309,0,10,0,178,0,0,0
55,67,7,22141.0121756448,7445.13739270949,0,136,0,200,0,0,0
55,67,8,0,8,0,0,0,0,0,0,0
55,68,1,3168.76292569011,1392.53264687444,0,0,0,53,0,0,0
55,68,2,2866.77694722638,520.204246592366,0,0,0,164,0,0,0
55,68,3,2756.68237851365,1709.08264404385,0,0,0,108,0,0,0
55,68,4,2961.16453648713,825.471455616915,0,0,0,108,0,0,0
55,68,5,3357.03468913566,1432.33518605077,0,0,0,157,0,0,0
55,68,6,4495.6866891785,1247.52484606727,0,0,0,195,0,0,0
55,68,7,22194.909893794,4962.75253544846,29,1,0,204,0,0,0
55,68,8,0,8,0,0,0,0,0,0,0
55,69,1,3155.44166384253,1179.55726044993,0,71,0,68,0,0,0
55,69,2,2844.14453088387,538.1526929743,0,23,0,29,0,0,0
55,69,3,2752.92916490497,496.747748265946,0,90,0,80,0,0,0
55,69,4,2946.30738115057,1409.46835322545,0,51,0,31,0,0,0
55,69,5,3350.33724116149,1367.87795894706,0,74,0,69,0,0,0
55,69,6,4498.02843032862,2395.45566270778,0,61,0,63,0,0,0
55,69,7,22216.0669764884,6484.9462235448,0,233,0,245,0,0,0
55,69,8,0,8,0,0,0,0,0,0,0
55,70,1,3195.87438871821,1420.28166409749,0,0,0,117,0,0,0
55,70,2,2842.1913705629,1237.310219624,0,0,0,53,0,0,0
55,70,3,2752.52994903206,1324.20008597746,0,0,0,49,0,0,0
55,70,4,2989.03187697895,464.445045599981,0,0,0,140,0,0,0
55,70,5,3412.74533160114,1749.40398963237,0,0,0,136,0,0,0
55,70,6,4643.69230802886,1261.68740476506,3,0,0,190,0,0,0
55,70,7,22353.1822595442,6303.66283294092,29,0,0,207,0,0,0
55,70,8,0,8,0,0,0,0,0,0,0
55,71,1,3213.1717262826,1735.31040335371,0,0,0,142,0,0,0
55,71,2,2853.62641073903,762.125055383953,0,0,0,123,0,0,0
55,71,3,2779.85749479954,868.868609949526,0,0,0,132,0,0,0
55,71,4,2989.02748103755,1068.95005507706,0,0,0,46,0,0,0
55,71,5,3455.38188092833,1931.0141868283,0,0,0,174,0,0,0
55,71,6,4701.34801431673,2201.99172334437,0,0,0,126,0,0,0
55,71,7,22446.2295630528,9736.88754235811,18,0,0,295,0,0,0
55,71,8,0,8,0,0,0,0,0,0,0
55,72,1,3253.43062694499,1591.8977174692,0,0,0,173,0,0,0
55,72,2,2861.07722407935,1506.42432940148,0,0,0,76,0,0,0
55,72,3,2793.02871820216,543.262789107594,0,0,0,86,0,0,0
55,72,4,3016.3332584456,1384.25498442833,0,0,0,106,0,0,0
55,72,5,3524.2482871429,1589.42559353024,0,0,0,190,0,0,0
55,72,6,4809.84836338799,1402.50985863427,0,0,0,220,0,0,0
55,72,7,22542.4884387109,12838.432199564,32,0,0,193,0,0,0
55,72,8,0,8,0,0,0,0,0,0,0
55,73,1,3284.50206838603,1486.99650735522,0,0,0,159,0,0,0
55,73,2,2881.96312841528,985.190064903124,0,0,0,150,0,0,0
55,73,3,2791.64238023687,934.739152332265,0,0,0,54,0,0,0
55,73,4,3044.4651515328,626.006733346761,0,0,0,138,0,0,0
55,73,5,3570.26545143565,2391.69917190161,0,0,0,158,0,0,0
55,73,6,4872.97733973687,1757.59003887126,0,0,0,140,0,0,0
55,73,7,22602.3201926363,7697.90693643675,33,0,0,235,0,0,0
55,73,8,0,8,0,0,0,0,0,0,0
55,74,1,3347.0831263306,2052.2349454252,0,0,0,148,0,0,0
55,74,2,2904.12812330742,2001.01853074836,0,0,0,98,0,0,0
55,74,3,2804.43190644244,565.285136558534,0,0,0,93,0,0,0
55,74,4,3057.9426922952,1361.33405290162,0,0,0,62,0,0,0
55,74,5,3678.6361642383,1412.20021730166,2,0,0,220,0,0,0
55,74,6,5029.59794788767,991.66704516006,0,0,0,175,0,0,0
55,74,7,22709.9134811035,10910.1680626465,63,0,0,172,0,0,0
55,74,8,0,8,0,0,0,0,0,0,0
55,75,1,3408.40900139644,804.075611532528,0,0,0,176,0,0,0
55,75,2,2957.33227177367,919.784381217332,0,0,0,200,0,0,0
55,75,3,2810.10527751503,1552.65842184314,0,0,0,56,0,0,0
55,75,4,3102.99569773192,594.984933940327,0,0,0,136,0,0,0
55,75,5,3743.84269863442,1984.59872717208,0,0,0,141,0,0,0
55,75,6,5112.12941550726,2791.2350723733,0,0,0,99,0,0,0
55,75,7,22805.2336212258,5624.79502997976,44,0,0,200,0,0,0
55,75,8,0,8,0,0,0,0,0,0,0
55,76,1,3414.98528250062,895.420564100431,0,0,0,80,0,0,0
55,76,2,2973.21596638699,1152.37472282869,0,0,0,91,0,0,0
55,76,3,2837.7483348462,1393.59785857647,4,0,0,144,0,0,0
55,76,4,3107.04798671967,1063.08202492305,0,0,0,59,0,0,0
55,76,5,3790.6109021537,1408.92840062904,26,0,0,133,0,0,0
55,76,6,5224.48445540182,1168.29933690652,38,0,0,184,0,0,0
55,76,7,22888.9959673335,12296.5135343573,116,0,0,272,0,0,0
55,76,8,0,8,0,0,0,0,0,0,0
55,77,1,3409.69152024011,801.173409864246,0,0,0,89,0,0,0
55,77,2,2975.64331828459,364.602355885158,0,0,0,115,0,0,0
55,77,3,2840.59383222738,715.576365839493,0,0,0,139,0,0,0
55,77,4,3114.07878240796,1695.73075989431,0,0,0,106,0,0,0
55,77,5,3816.00206756498,718.823195235378,0,0,0,140,0,0,0
55,77,6,5262.6496055661,2933.88058743254,0,0,0,116,0,0,0
55,77,7,22914.1371067968,12127.3501783197,36,0,0,206,0,0,3
55,77,8,0,8,0,0,0,0,0,0,0
55,78,1,3407.58276606595,1745.24574224172,0,0,0,80,0,0,0
55,78,2,2960.97569791081,1404.92409288727,0,0,0,36,0,0,0
55,78,3,2835.83076286694,589.302075534428,0,0,0,71,0,0,0
55,78,4,3144.91510111962,2188.9018417852,0,0,0,169,0,0,0
55,78,5,3831.99798030953,647.321988077808,0,0,0,71,0,0,0
55,78,6,5347.54460913925,1817.34821601111,2,0,0,193,0,0,0
55,78,7,22976.5199094755,5498.97575657195,31,0,0,251,0,0,0
55,78,8,0,8,0,0,0,0,0,0,0
55,79,1,3426.99110857765,2083.21705776593,20,0,0,142,0,0,0
55,79,2,2965.79505425873,1439.39437349207,4,0,0,134,0,0,0
55,79,3,2827.0529989334,799.514384568965,0,0,0,58,0,0,0
55,79,4,3174.23466037719,980.032921270288,43,0,0,150,0,0,0
55,79,5,3836.55353587342,1810.75955924091,0,0,0,64,0,0,0
55,79,6,5403.82032410488,3192.63525691561,27,0,0,138,0,0,0
55,79,7,23047.6786773213,10592.5515472242,194,0,0,239,0,0,0
55,79,8,0,8,0,0,0,0,0,0,0
55,80,1,3470.20855549637,702.688232600468,0,0,0,204,0,0,0
55,80,2,2968.66192289967,1529.96871488592,0,0,0,143,0,0,0
55,80,3,2824.35103455093,1004.51868886956,0,0,0,79,0,0,0
55,80,4,3184.52356543328,399.318167349436,0,0,0,98,0,0,0
55,80,5,3883.2908498907,972.801960952814,0,0,0,179,0,0,0
55,80,6,5501.53442666452,1350.29544596772,5,0,0,219,0,0,0
55,80,7,23110.5228158362,15461.6617809575,40,0,0,236,0,0,0
55,80,8,0,8,0,0,0,0,0,0,0
55,81,1,3457.34226560072,1567.05078085394,0,0,0,70,0,0,0
55,81,2,2969.82521363792,1128.39739423251,0,0,0,152,0,0,0
55,81,3,2820.21932142487,581.045964746565,0,0,0,100,0,0,0
55,81,4,3170.6254848344,1198.6763032095,0,0,0,39,0,0,0
55,81,5,3889.49423756218,1018.32224868161,0,0,0,97,0,0,0
55,81,6,5547.89931200361,3673.94811964014,0,0,0,135,0,0,0
55,81,7,23123.4958308516,7701.0573529489,33,0,0,182,0,0,0
55,81,8,0,8,0,0,0,0,0,0,0
55,82,1,3529.67220862489,1029.07216613511,0,0,0,156,0,0,0
55,82,2,2983.0981204287,781.882547752366,0,0,0,112,0,0,0
55,82,3,2824.67425987259,1675.14799821798,0,0,0,58,0,0,0
55,82,4,3205.06482510821,2162.82978058309,0,0,0,119,0,0,0
55,82,5,3932.498982148,1688.65163751991,0,0,0,101,0,0,0
55,82,6,5683.1783392547,2411.07755536048,42,0,0,154,0,0,0
55,82,7,23259.3067411924,11738.483761399,114,0,0,197,0,0,0
55,82,8,0,8,0,0,0,0,0,0,0
55,83,1,3548.76158482525,2001.92277310922,0,0,0,102,0,0,0
55,83,2,2963.94624548298,1453.32322834255,0,0,0,78,0,0,0
55,83,3,2858.22578616411,1023.48960830268,0,0,0,167,0,0,0
55,83,4,3241.89272936706,2155.44027635353,0,1,0,188,0,0,0
55,83,5,3994.42790951862,1431.16872178767,0,0,0,168,0,0,0
55,83,6,5807.41657674739,1390.26390111166,0,2,0,178,0,0,0
55,83,7,23350.7905590607,5113.96990526501,0,40,0,207,0,0,0
55,83,8,0,8,0,0,0,0,0,0,0
55,84,1,3556.69856334499,1447.21754237611,0,19,0,147,0,0,0
55,84,2,2963.5996422542,1923.37399211293,0,1,0,139,0,0,0
55,84,3,2860.5160464538,564.299292061438,0,0,0,102,0,0,0
55,84,4,3257.89191367404,1354.4116340365,0,23,0,152,0,0,0
55,84,5,4014.70205316866,1868.4933741925,0,2,0,137,0,0,0
55,84,6,5852.94735897768,814.438852067529,0,0,0,139,0,0,0
55,84,7,23361.085331669,12218.6521702315,0,129,0,163,0,0,0
55,84,8,0,8,0,0,0,0,0,0,0
55,85,1,3567.39324901132,1653.72079369591,0,0,0,144,0,0,0
55,85,2,3004.19132141897,1959.09397518005,0,0,0,186,0,0,0
55,85,3,2857.8121385166,1033.16613228437,0,0,0,56,0,0,0
55,85,4,3272.94244492243,1568.84945559033,0,0,0,135,0,0,0
55,85,5,4069.58347982869,724.635717068043,0,0,0,186,0,0,0
55,85,6,5892.21097919574,1711.86815811088,0,0,0,81,0,0,0
55,85,7,23434.6914008098,8042.19733420467,19,4,0,210,0,0,0
55,85,8,0,8,0,0,0,0,0,0,0
55,86,1,3569.77742927808,1174.51091074009,0,41,0,116,0,0,0
55,86,2,3009.92127218921,1307.89767349504,0,47,0,139,0,0,0
55,86,3,2846.20393302699,979.496309242619,0,14,0,86,0,0,0
55,86,4,3273.10379847052,1312.37887727914,0,29,0,121,0,0,0
55,86,5,4048.75553928255,1800.3655544916,0,1,0,71,0,0,0
55,86,6,5951.96117000048,2185.00060013552,0,44,0,118,0,0,0
55,86,7,23470.7830807667,12515.5346665332,7,175,0,178,0,0,0
55,86,8,0,8,0,0,0,0,0,0,0
55,87,1,3581.10569879604,1964.57568177543,0,0,0,117,0,0,0
55,87,2,3018.37504802304,1407.63125446668,0,0,0,130,0,0,0
55,87,3,2848.72362527686,1171.15884577955,0,0,0,97,0,0,0
55,87,4,3285.78578260397,1068.43569508384,0,0,0,131,0,0,0
55,87,5,4100.34161845823,1311.61770898605,0,0,0,180,0,0,0
55,87,6,6051.28799086583,2596.93176444192,0,0,0,199,0,0,0
55,87,7,23546.5755318312,17035.0845638811,28,1,0,213,0,0,0
55,87,8,0,8,0,0,0,0,0,0,0
55,88,1,3598.03650404922,2452.06311942454,0,0,0,172,0,0,0
55,88,2,3026.43276113641,1306.52811284428,0,0,0,140,0,0,0
55,88,3,2844.02036266819,1053.21762813413,0,0,0,117,0,0,0
55,88,4,3276.71555087185,1597.93259445939,0,0,0,106,0,0,0
55,88,5,4117.04621412617,2602.94459953266,0,0,0,131,0,0,0
55,88,6,6151.31340563123,3363.84825224614,0,0,0,212,0,0,0
55,88,7,23576.4763024939,12963.7778379598,31,0,0,195,0,0,0
55,88,8,0,8,0,0,0,0,0,0,0
55,89,1,3612.52431633519,1832.4884698298,3,0,0,189,0,0,0
55,89,2,3029.26813681727,1355.40282835112,0,0,0,130,0,0,0
55,89,3,2841.73081607048,512.57132896141,0,0,0,105,0,0,0
55,89,4,3288.68274682865,1934.92977827744,0,0,0,159,0,0,0
55,89,5,4148.30633120753,1952.47145995276,4,0,0,181,0,0,0
55,89,6,6301.10932025323,992.483030323022,1,0,0,310,0,0,0
55,89,7,23610.8594311664,9519.77081085259,62,0,0,229,0,0,0
55,89,8,0,8,0,0,0,0,0,0,0
55,90,1,3687.34579083012,983.944904843706,7,0,0,158,0,0,0
55,90,2,3062.410646182,919.178507822108,0,0,0,135,0,0,0
55,90,3,2840.1546944674,1358.96966222744,0,0,0,51,0,0,0
55,90,4,3347.33965573353,1365.0190940376,6,0,0,173,0,0,0
55,90,5,4218.39293775606,2402.64473833378,11,0,0,158,0,0,0
55,90,6,6422.73061759854,3092.24304156219,0,0,0,99,0,0,0
55,90,7,23713.2468824732,5574.77272180733,158,2,0,179,0,0,1
55,90,8,0,8,0,0,0,0,0,0,0
55,91,1,3666.70971887117,1169.36510818791,0,63,0,35,0,0,0
55,91,2,3033.10199573503,1431.72296828658,0,45,0,46,0,0,0
55,91,3,2822.69086907253,1208.0688019836,0,69,0,66,0,0,0
55,91,4,3322.83407968792,2119.58596039169,0,77,0,59,0,0,0
55,91,5,4251.52117318603,1671.9604589805,0,108,0,132,0,0,0
55,91,6,6492.26345216263,1840.82403008744,0,160,0,149,0,0,0
55,91,7,23812.3306663664,9872.93377675494,0,263,0,294,0,0,0
55,91,8,0,8,0,0,0,0,0,0,0
55,92,1,3662.12980036469,968.397907262377,0,0,0,116,0,0,0
55,92,2,3060.9647487838,2305.02378696892,0,0,0,143,0,0,0
55,92,3,2848.37870185676,957.938537332592,0,0,0,120,0,0,0
55,92,4,3378.25397838644,1124.68424962615,0,0,0,204,0,0,0
55,92,5,4331.44665836183,2335.95361960334,0,0,0,165,0,0,0
55,92,6,6631.66791036175,4226.3357910077,0,0,0,184,0,0,0
55,92,7,23888.2929780625,5968.34584000953,26,0,0,202,0,0,0
55,92,8,0,8,0,0,0,0,0,0,0
55,93,1,3663.60898447822,2249.96297364749,0,0,0,96,0,0,0
55,93,2,3093.05929677309,1442.7998486721,45,0,0,140,0,0,0
55,93,3,2862.26568477,1644.07276721897,0,0,0,95,0,0,0
55,93,4,3413.25818294587,1306.03075779548,0,0,0,112,0,0,0
55,93,5,4375.10684029664,3092.52211621711,48,0,0,137,0,0,0
55,93,6,6754.59804542556,4860.41946088782,124,0,0,174,0,0,0
55,93,7,23952.345241268,6465.92368698617,168,0,0,200,0,0,0
55,93,8,0,8,0,0,0,0,0,0,0
55,94,1,3720.14126096701,1744.60901302835,0,0,0,224,0,0,0
55,94,2,3104.35564105978,1710.08495861065,0,0,0,144,0,0,0
55,94,3,2892.65328700118,1931.86258791893,0,0,0,164,0,0,0
55,94,4,3435.75781007114,854.020477389769,0,0,0,130,0,0,0
55,94,5,4448.7416992843,2261.41136403477,15,0,0,198,0,0,0
55,94,6,6885.87441911709,2566.48066193135,44,0,0,169,0,0,2
55,94,7,24021.8981863087,8463.74130542079,66,0,0,175,0,0,0
55,94,8,0,8,0,0,0,0,0,0,0
55,95,1,3764.7471553251,762.952707601419,0,0,0,160,0,0,0
55,95,2,3147.87747931377,839.463925558918,0,0,0,171,0,0,0
55,95,3,2924.62240820324,1001.8446410482,0,0,0,182,0,0,0
55,95,4,3466.28988045228,1740.14718475313,0,0,0,85,0,0,0
55,95,5,4580.89111730188,1628.65221710612,4,0,0,171,0,0,0
55,95,6,7159.06057617716,2379.38498864909,6,0,0,186,0,0,0
55,95,7,24151.7371733476,10581.6399471045,59,0,0,199,0,0,0
55,95,8,0,8,0,0,0,0,0,0,0
55,96,1,3749.94592357424,1454.92547421946,0,0,0,76,0,0,0
55,96,2,3154.85528289191,1587.91638546922,0,0,0,83,0,0,0
55,96,3,2934.5220031827,1269.06646621994,0,0,0,100,0,0,0
55,96,4,3527.10284674076,1944.68795237266,0,0,0,174,0,0,0
55,96,5,4674.2860496258,2304.39129846224,0,0,0,162,0,0,0
55,96,6,7355.30075484762,1932.39972247983,2,0,0,175,0,0,0
55,96,7,24286.6547550591,11281.8845945468,39,0,0,202,0,0,0
55,96,8,0,8,0,0,0,0,0,0,0
55,97,1,3819.31566314995,1430.94468825937,0,0,0,145,0,0,0
55,97,2,3221.83500857577,1779.04840006239,0,0,0,158,0,0,0
55,97,3,2971.19238931868,1500.89596196756,0,0,0,126,0,0,0
55,97,4,3602.75443687931,1020.07139037786,0,0,0,185,0,0,1
55,97,5,4820.28977768501,1390.8512719947,0,0,0,212,0,0,2
55,97,6,7627.27182265701,2602.22402105836,0,0,0,177,0,0,1
55,97,7,24401.3566215499,10050.1630489962,36,0,0,190,0,0,0
55,97,8,0,8,0,0,0,0,0,0,0
55,98,1,3869.70020433714,1827.67519788726,0,0,0,143,0,0,0
55,98,2,3264.84958382612,1047.16731153924,2,0,0,162,0,0,0
55,98,3,3007.93826107271,1385.18002058401,0,0,0,150,0,0,0
55,98,4,3630.52500542687,2038.45962088816,0,0,0,102,0,0,0
55,98,5,4901.01971322635,2139.85801825935,0,0,0,139,0,0,0
55,98,6,7870.6340240862,3792.14316864959,11,0,0,174,0,0,0
55,98,7,24527.2349435115,16460.3937999009,119,0,0,192,0,0,0
55,98,8,0,8,0,0,0,0,0,0,0
55,99,1,3892.16430604483,1578.15660401501,0,0,0,180,0,0,0
55,99,2,3259.73090479987,1699.46989070909,0,0,0,104,0,0,0
55,99,3,3010.1782843813,1221.79029426578,0,0,0,138,0,0,0
55,99,4,3656.50328540114,1404.57356820705,0,0,0,198,0,0,0
55,99,5,4940.76454671433,1098.90100767834,0,0,0,199,0,0,0
55,99,6,8000.17486240264,3203.33255008734,0,3,0,215,0,0,0
55,99,7,24553.4488698387,10463.0478291038,27,0,0,216,0,0,0
55,99,8,0,8,0,0,0,0,0,0,0
55,100,1,3922.33464258812,1207.32068017729,0,61,0,96,0,0,0
55,100,2,3277.51775133726,1237.35502013045,0,76,0,93,0,0,0
55,100,3,2999.46704336041,944.512212552704,0,40,0,82,0,0,0
55,100,4,3658.95292191174,1881.61742795849,0,82,0,58,0,0,0
55,100,5,4931.30633084234,1865.14846153334,0,56,0,53,0,0,0
55,100,6,8165.63649859162,1423.82788227323,0,166,0,154,0,0,0
55,100,7,24641.8523303483,11300.3479517115,3,348,0,310,0,0,1
55,100,8,0,8,0,0,0,0,0,0,0
56,1,1,2866.96,1713.14460168276,33,0,0,59,0,0,0
56,1,2,2854.144,1084.13581666189,7,0,0,2,0,0,0
56,1,3,2863.792,1431.96208149657,53,0,0,41,0,0,0
56,1,4,2865.112,1401.49729843588,23,0,0,24,0,0,0
56,1,5,2851.9936,1109.61964705088,38,0,0,35,0,0,0
56,1,6,2850.424,1448.48850243374,6,0,0,5,0,0,0
56,1,7,19790.5823999999,9879.63120464379,58,0,0,34,0,0,0
56,1,8,0,8,7,0,0,0,0,0,0
56,2,1,2892.28959999999,1262.33549068081,0,0,0,171,0,0,0
56,2,2,2870.024,999.932374475282,0,0,0,108,0,0,0
56,2,3,2889.2,1204.3054048741,0,0,0,143,0,0,0
56,2,4,2888.00799999999,1172.70342974203,0,0,0,140,0,0,0
56,2,5,2866.688,1420.41659913563,0,0,0,110,0,0,0
56,2,6,2870.872,1714.42010607974,0,0,0,144,0,0,0
56,2,7,19795.2419199999,13610.5279979711,14,4,0,351,0,0,0
56,2,8,0,8,0,0,0,0,0,0,0
56,3,1,2906.38559999999,507.532882051047,0,0,0,126,0,0,0
56,3,2,2884.2944,400.768862241741,0,0,0,99,0,0,0
56,3,3,2908.2,1369.34701700878,0,0,0,120,0,0,0
56,3,4,2905.95999999999,1570.06942146655,0,0,0,117,0,0,0
56,3,5,2888.1504,1426.56454309236,0,0,0,142,0,0,0
56,3,6,2896.488,1072.17741607347,0,0,0,171,0,0,0
56,3,7,19776.3251199999,10546.5744294982,31,0,0,240,0,0,0
56,3,8,0,8,0,0,0,0,0,0,0
56,4,1,2905.89887999999,1073.80538221326,0,0,0,50,0,0,0
56,4,2,2882.2064,322.112754712796,0,0,0,40,0,0,0
56,4,3,2929.90399999999,1515.72278742913,0,0,0,136,0,0,0
56,4,4,2931.35199999999,1176.94540443941,0,0,0,157,0,0,0
56,4,5,2907.83391999999,1331.28790285889,0,0,0,142,0,0,0
56,4,6,2910.552,1221.98727581929,0,0,0,107,0,0,0
56,4,7,19762.5561599999,3810.12137778865,33,0,0,250,0,0,0
56,4,8,0,8,0,0,0,0,0,0,0
56,5,1,2914.14048,1047.67894981841,4,0,0,102,0,0,0
56,5,2,2877.0624,1354.32521367883,0,0,0,32,0,0,0
56,5,3,2948.00799999999,1445.38330054779,23,0,0,121,0,0,0
56,5,4,2946.24799999999,901.414360906091,0,0,0,117,0,0,0
56,5,5,2924.81631999999,2294.76594720511,0,0,0,133,0,0,0
56,5,6,2924.39999999999,1044.66875485347,2,0,0,119,0,0,0
56,5,7,19722.8585599998,8771.87677956038,164,0,0,167,0,0,0
56,5,8,0,8,0,0,0,0,0,0,0
56,6,1,2917.25599999999,939.173838910515,0,0,0,104,0,0,0
56,6,2,2890.9728,742.532391703848,0,0,0,135,0,0,0
56,6,3,2968.66687999999,1325.84016466287,0,0,0,144,0,0,0
56,6,4,2955.01759999999,1523.36804649352,0,0,0,90,0,0,0
56,6,5,2948.90751999999,626.319754437385,2,0,0,176,0,0,0
56,6,6,2933.95519999999,941.158211803755,0,0,0,104,0,0,0
56,6,7,19694.5513599998,10675.349184101,33,0,0,209,0,0,3
56,6,8,0,8,0,0,0,0,0,0,0
56,7,1,2919.24608,1074.62070552073,0,0,0,93,0,0,0
56,7,2,2892.1328,627.688355595596,0,0,0,74,0,0,0
56,7,3,2987.1919872,880.813855639878,0,0,0,132,0,0,0
56,7,4,2978.9824,1088.68209444618,0,0,0,152,0,0,0
56,7,5,2947.48416,1769.55498519174,0,0,0,62,0,0,0
56,7,6,2946.6864,1081.88205133913,0,0,0,94,0,0,0
56,7,7,19683.2054399997,8532.17127965674,28,0,0,259,0,0,0
56,7,8,0,8,0,0,0,0,0,0,0
56,8,1,2926.60512000001,906.052457552766,0,0,0,107,0,0,0
56,8,2,2893.45728000001,1236.99281669964,0,0,0,62,0,0,0
56,8,3,2992.7123712,2099.75578127934,0,0,0,88,0,0,0
56,8,4,2990.00256,1738.40451219164,0,0,0,108,0,0,0
56,8,5,2975.673664,615.642164046719,0,0,0,172,0,0,0
56,8,6,2960.90496,1290.10783556981,0,0,0,108,0,0,0
56,8,7,19652.2726399995,7135.27718744571,91,0,0,185,0,0,0
56,8,8,0,8,0,0,0,0,0,0,0
56,9,1,2924.01990400001,1499.06810092746,0,0,0,90,0,0,0
56,9,2,2903.40384,657.316740028008,0,0,0,123,0,0,0
56,9,3,3010.33318144001,1359.2736788612,0,16,0,149,0,0,0
56,9,4,3011.17990400001,1845.38212145869,0,1,0,167,0,0,0
56,9,5,2972.341824,661.669409860011,0,0,0,61,0,0,0
56,9,6,2976.96422400001,1155.64991419337,0,0,0,129,0,0,0
56,9,7,19615.0071551995,14825.0007156105,1,138,0,161,0,0,0
56,9,8,0,8,0,0,0,0,0,0,0
56,10,1,2933.90150400001,1148.96342569139,0,0,0,149,0,0,0
56,10,2,2895.568384,1472.45559610771,0,0,0,65,0,0,0
56,10,3,3019.31558144,1329.92462829343,0,0,0,135,0,0,0
56,10,4,3030.82476800001,2083.40800097978,0,0,0,184,0,0,0
56,10,5,2968.317504,1346.82816912746,0,0,0,66,0,0,0
56,10,6,2989.66444800001,791.298987144613,0,0,0,115,0,0,0
56,10,7,19601.7070591994,6093.9652815671,30,1,0,232,0,0,0
56,10,8,0,8,0,0,0,0,0,0,0
56,11,1,2922.54758400001,1169.67981204175,0,56,0,58,0,0,0
56,11,2,2891.12487680001,1097.27476000665,0,71,0,76,0,0,0
56,11,3,3012.60162764801,1510.95292585869,0,61,0,71,0,0,0
56,11,4,3034.23148800001,1707.62679587809,0,96,0,112,0,0,0
56,11,5,2964.508224,1454.139207776,0,58,0,76,0,0,0
56,11,6,2985.31742720001,1020.44780693461,0,37,0,42,0,0,0
56,11,7,19583.1691801594,11358.092915084,4,198,0,215,0,0,0
56,11,8,0,8,0,0,0,0,0,0,0
56,12,1,2934.69708800001,1693.64209123279,0,0,0,116,0,0,0
56,12,2,2903.40699136001,1099.54065949001,0,0,0,109,0,0,0
56,12,3,3037.151067648,1994.65169370835,0,0,0,151,0,0,0
56,12,4,3062.44499200001,1319.06404710006,0,0,0,170,0,0,0
56,12,5,2988.67904,1353.28835478033,0,0,0,145,0,0,0
56,12,6,2996.91998720001,1189.34960908262,0,0,0,102,0,0,0
56,12,7,19598.0395161594,8913.56168751628,25,0,0,233,0,0,0
56,12,8,0,8,0,0,0,0,0,0,0
56,13,1,2957.67951360001,481.235430891741,0,0,0,169,0,0,0
56,13,2,2916.31963136001,1916.24845969927,0,0,0,109,0,0,0
56,13,3,3071.34639564801,1969.35418170417,0,0,0,199,0,0,0
56,13,4,3081.51969280001,1253.04411332117,0,0,0,131,0,0,0
56,13,5,3014.09499136,417.809617689413,0,0,0,135,0,0,0
56,13,6,3016.56830720001,1347.8881762811,0,0,0,118,0,0,0
56,13,7,19611.6210201594,9906.10334776947,28,0,0,201,0,0,0
56,13,8,0,8,0,0,0,0,0,0,0
56,14,1,2956.48911360001,627.946325341574,0,0,0,48,0,0,0
56,14,2,2946.33985536001,1431.06830092121,0,0,0,191,0,0,0
56,14,3,3104.68669644801,908.947967380571,0,0,0,196,0,0,0
56,14,4,3098.41338880001,851.558883861594,0,0,0,125,0,0,0
56,14,5,3014.37825536,1074.52947624489,0,0,0,41,0,0,0
56,14,6,3040.33278720001,960.900586737322,0,0,0,134,0,0,0
56,14,7,19629.9249561593,6652.14976872988,30,0,0,237,0,0,0
56,14,8,0,8,0,0,0,0,0,0,0
56,15,1,2954.69915904001,1295.09949349723,0,0,0,62,0,0,0
56,15,2,2968.09553868801,871.912943562315,0,0,0,143,0,0,0
56,15,3,3115.30289664001,1330.86931680922,0,0,0,90,0,0,0
56,15,4,3104.40078080001,1213.78859299565,0,0,0,85,0,0,0
56,15,5,3027.432297472,1833.26296600994,1,0,0,106,0,0,0
56,15,6,3058.9531008,853.976730844147,0,0,0,96,0,0,0
56,15,7,19667.2692761593,5118.58138737192,284,0,0,283,0,0,7
56,15,8,0,8,0,0,0,0,0,0,0
56,16,1,2961.57144064001,813.502083591765,2,0,0,124,0,0,0
56,16,2,2971.56401868801,999.520137602299,0,0,0,87,0,0,0
56,16,3,3122.08248320001,1558.59733004088,0,0,0,133,0,0,0
56,16,4,3109.19936000001,954.997635155015,0,0,0,121,0,0,0
56,16,5,3050.665321472,959.080764922002,5,0,0,171,0,0,0
56,16,6,3066.0324608,955.45783638686,0,0,0,85,0,0,0
56,16,7,19691.2586009593,7131.58800482468,126,0,0,207,0,0,1
56,16,8,0,8,0,0,0,0,0,0,0
56,17,1,2961.55818240001,573.85903774425,0,0,0,81,0,0,0
56,17,2,2973.48177868801,955.518259955126,0,0,0,99,0,0,0
56,17,3,3133.85403904001,1006.74860519742,0,0,0,155,0,0,0
56,17,4,3109.14931507201,1406.80745105047,0,0,0,95,0,0,0
56,17,5,3055.27777843201,774.351545476944,0,0,0,95,0,0,0
56,17,6,3078.13312,1469.90238998102,0,0,0,95,0,0,0
56,17,7,19715.2925209593,12606.642922072,63,0,0,171,0,0,0
56,17,8,0,8,0,0,0,0,0,0,0
56,18,1,2953.76682240001,1594.20317796031,0,0,0,57,0,0,0
56,18,2,2973.03641548802,662.337531947785,0,0,0,95,0,0,0
56,18,3,3132.78260224001,620.149551633003,0,0,0,100,0,0,0
56,18,4,3114.34044467201,1661.40104353253,0,0,0,140,0,0,0
56,18,5,3054.06550323201,1811.77516334914,0,0,0,77,0,0,0
56,18,6,3100.98927616,678.797601556847,0,0,0,146,0,0,0
56,18,7,19744.4719769593,6129.49868651231,34,0,0,224,0,0,0
56,18,8,0,8,0,0,0,0,0,0,0
56,19,1,2969.26396160001,1067.40572840895,0,0,0,159,0,0,0
56,19,2,2967.45197527042,1170.16663370028,0,0,0,66,0,0,0
56,19,3,3119.62900183041,1018.12858212749,0,0,0,62,0,0,0
56,19,4,3126.71308083202,2306.83127731126,0,0,0,166,0,0,0
56,19,5,3071.05424179201,1470.45617872376,0,0,0,181,0,0,0
56,19,6,3107.52137216,724.107113229073,0,0,0,67,0,0,0
56,19,7,19769.0609817593,4892.83565358375,72,0,0,219,0,0,0
56,19,8,0,8,0,0,0,0,0,0,0
56,20,1,2968.72336128001,1409.48336257439,0,0,0,106,0,0,0
56,20,2,2971.82130647042,1647.69128401802,0,0,0,117,0,0,0
56,20,3,3113.13630883842,1701.65159365115,0,0,0,101,0,0,0
56,20,4,3133.8985675981,1189.91926691721,41,0,0,139,0,0,0
56,20,5,3082.55688499201,1062.56208918487,0,0,0,146,0,0,0
56,20,6,3112.71754496,651.583928634058,0,0,0,72,0,0,0
56,20,7,19798.6027417593,4585.50505870745,124,0,0,216,0,0,0
56,20,8,0,8,0,0,0,0,0,0,0
56,21,1,2982.38521088001,1250.73219462762,14,0,0,118,0,0,0
56,21,2,2980.60567511042,1581.08497883796,9,0,0,150,0,0,0
56,21,3,3128.4703303885,1225.92779137419,4,0,0,163,0,0,0
56,21,4,3139.3484564685,2052.28640325502,3,0,0,114,0,0,0
56,21,5,3091.87469619201,472.411395326115,0,0,0,106,0,0,0
56,21,6,3116.4771267584,1071.25287994974,0,0,0,65,0,0,0
56,21,7,19822.3916825593,9685.13894417331,175,0,0,178,0,0,0
56,21,8,0,8,0,0,0,0,0,0,0
56,22,1,2988.57367705601,261.638791112584,0,0,0,125,0,0,0
56,22,2,2994.79166873602,947.644862423551,0,0,0,158,0,0,0
56,22,3,3129.99416741889,1313.66239242056,0,0,0,122,0,0,0
56,22,4,3158.7483217101,195.263354463839,0,0,0,204,0,0,0
56,22,5,3077.50560819201,1820.65396458729,0,0,0,47,0,0,0
56,22,6,3128.98211831809,1357.80101388147,0,0,0,107,0,0,0
56,22,7,19851.7654809592,7229.36206262612,42,0,0,202,0,0,0
56,22,8,0,8,0,0,0,0,0,0,0
56,23,1,2967.01650585601,1515.64003059143,0,12,0,14,0,0,0
56,23,2,2970.76065126402,1506.42482744397,0,46,0,48,0,0,0
56,23,3,3109.6460053709,615.991163845667,0,68,0,63,0,0,0
56,23,4,3129.7165802701,1887.42451736652,0,12,0,7,0,0,0
56,23,5,3071.27773757441,1161.97510516833,0,85,0,97,0,0,0
56,23,6,3125.05693431809,1815.39203505532,0,82,0,53,0,0,0
56,23,7,19856.4942489592,6931.44466407187,9,152,0,168,0,0,0
56,23,8,0,8,0,0,0,0,0,0,0
56,24,1,2983.29082368002,1262.38011324384,0,0,0,151,0,0,0
56,24,2,2982.66566758402,510.427526367557,0,0,0,150,0,0,0
56,24,3,3096.6236132557,714.522379466555,0,0,0,61,0,0,0
56,24,4,3149.41715335171,1316.38667675757,0,0,0,185,0,0,0
56,24,5,3087.92229232641,980.488256332941,0,0,0,116,0,0,0
56,24,6,3165.56815351809,1005.81530144045,0,0,0,181,0,0,0
56,24,7,19900.0675737592,6009.09509321684,29,0,0,213,0,0,0
56,24,8,0,8,0,0,0,0,0,0,0
56,25,1,2995.90679429121,726.93830007192,0,0,0,126,0,0,0
56,25,2,2968.32184985602,1053.34571836459,0,0,0,51,0,0,0
56,25,3,3090.10466011138,1296.44012494395,0,0,0,71,0,0,0
56,25,4,3158.73951162371,2148.56141717905,0,0,0,131,0,0,0
56,25,5,3099.12390883329,1170.48672781726,0,0,0,98,0,0,0
56,25,6,3189.25615095809,1287.90058639248,0,0,0,100,0,0,0
56,25,7,19964.2593075192,5002.8245978115,18,0,0,283,0,0,0
56,25,8,0,8,0,0,0,0,0,0,0
56,26,1,2988.98263736322,1607.02601132758,0,0,0,72,0,0,0
56,26,2,2965.74256793602,1130.52935874439,0,0,0,105,0,0,0
56,26,3,3092.24090884097,1130.17106220113,0,0,0,129,0,0,0
56,26,4,3164.06202296732,889.376816686819,18,0,0,146,0,0,0
56,26,5,3107.67353071617,1521.0870803245,0,0,0,117,0,0,0
56,26,6,3209.78813431809,1366.11732905608,0,0,0,128,0,0,0
56,26,7,19983.7451443191,11384.1870952915,90,0,0,167,0,0,0
56,26,8,0,8,0,0,0,0,0,0,0
56,27,1,2998.8487770317,1464.28000955577,0,0,0,160,0,0,0
56,27,2,2959.14024089602,1521.06078377839,0,0,0,113,0,0,0
56,27,3,3089.25028706387,1632.39407313698,0,0,0,113,0,0,0
56,27,4,3157.96668856732,1179.15264239312,0,0,0,88,0,0,0
56,27,5,3119.36197615617,1037.37128873828,0,0,0,152,0,0,0
56,27,6,3224.97933815809,1115.55396768028,0,0,0,136,0,0,0
56,27,7,20006.5930117111,11769.9010823455,37,0,0,187,0,0,0
56,27,8,0,8,0,0,0,0,0,0,0
56,28,1,3007.4740007117,1437.5452498476,0,0,0,146,0,0,0
56,28,2,2959.06312589314,607.705435709453,0,0,0,152,0,0,0
56,28,3,3089.61466773587,1158.76432303226,0,0,0,163,0,0,0
56,28,4,3153.98567485852,833.733341450653,0,0,0,117,0,0,0
56,28,5,3127.09626198017,1009.66471441831,0,0,0,103,0,0,0
56,28,6,3237.72603332609,659.806248616835,0,0,0,111,0,0,0
56,28,7,20030.0058117111,6009.5045172012,31,0,0,218,0,0,0
56,28,8,0,8,0,0,0,0,0,0,0
56,29,1,2998.7342723277,1802.8754315181,0,67,0,76,0,0,0
56,29,2,2929.91823616003,1497.35276088673,0,41,0,19,0,0,0
56,29,3,3068.91424422791,1507.30439020546,0,59,0,56,0,0,0
56,29,4,3130.4157289718,1523.56717086456,0,47,0,36,0,0,0
56,29,5,3113.33305634817,1754.86557617319,0,55,0,45,0,0,0
56,29,6,3234.13904068609,741.412705631184,0,24,0,41,0,0,0
56,29,7,20036.1422725111,8686.53140795348,6,151,0,162,0,0,0
56,29,8,0,8,0,0,0,0,0,0,0
56,30,1,3022.76062769563,1800.04458860419,0,0,0,180,0,0,0
56,30,2,2940.63625006598,1066.46525568659,0,0,0,149,0,0,0
56,30,3,3084.78369072433,877.03875195853,0,0,0,150,0,0,0
56,30,4,3148.31142226414,2299.46898887138,0,0,0,152,0,0,0
56,30,5,3151.15814796986,1219.11224813772,0,0,0,175,0,0,0
56,30,6,3249.1078726861,2331.19846726102,0,0,0,74,0,0,0
56,30,7,20085.9145656311,5045.56599701074,27,0,0,207,0,0,0
56,30,8,0,8,0,0,0,0,0,0,0
56,31,1,3034.24483191195,914.659838961739,6,0,0,151,0,0,0
56,31,2,2940.53251681798,1341.52008733131,0,0,0,106,0,0,0
56,31,3,3076.17274987824,1000.88935744634,0,0,0,87,0,0,0
56,31,4,3166.75144618167,1289.42755428611,13,0,0,168,0,0,0
56,31,5,3165.75358604986,978.445601604702,0,0,0,121,0,0,0
56,31,6,3280.0678941901,1473.03859096179,15,0,0,160,0,0,1
56,31,7,20122.9754449911,10391.7549271355,65,0,0,211,0,0,0
56,31,8,0,8,0,0,0,0,0,0,0
56,32,1,3027.67624759707,1451.66555738449,0,0,0,91,0,0,0
56,32,2,2946.9463858535,941.675985215748,0,0,0,134,0,0,0
56,32,3,3069.26002654512,1420.57667912093,0,0,0,100,0,0,0
56,32,4,3172.16317376694,1417.44756616644,0,0,0,128,0,0,0
56,32,5,3169.52065904314,1452.35759061843,0,0,0,97,0,0,0
56,32,6,3307.48978678171,1783.83528439001,0,0,0,147,0,0,0
56,32,7,20155.237576191,6134.11828942919,33,0,0,195,0,0,0
56,32,8,0,8,0,0,0,0,0,0,0
56,33,1,3042.21638858426,1153.33763524433,0,0,0,145,0,0,0
56,33,2,2940.2149067111,1387.18344520598,0,0,0,94,0,0,0
56,33,3,3082.05209675646,1367.77534803152,0,0,0,142,0,0,0
56,33,4,3184.40270735542,1679.18033003213,0,0,0,141,0,0,0
56,33,5,3193.49330437081,1460.4581977744,0,0,0,145,0,0,0
56,33,6,3339.73699725805,1267.15821639604,1,0,0,170,0,0,0
56,33,7,20189.080287743,11900.2020643415,59,0,0,181,0,0,0
56,33,8,0,8,0,0,0,0,0,0,0
56,34,1,3048.34957412026,1351.10764320644,0,0,0,115,0,0,0
56,34,2,2943.76695137798,1073.05775003045,0,0,0,138,0,0,0
56,34,3,3084.27564117886,1094.98770995392,0,0,0,136,0,0,0
56,34,4,3201.51493888182,1546.09609818089,0,0,0,167,0,0,0
56,34,5,3208.50679500146,950.214832605054,0,0,0,146,0,0,0
56,34,6,3356.62278029805,1506.99689712931,0,0,0,126,0,0,0
56,34,7,20227.614559231,8169.30882766093,34,0,0,247,0,0,0
56,34,8,0,8,0,0,0,0,0,0,0
56,35,1,3054.65356170938,1270.72583549445,0,0,0,134,0,0,0
56,35,2,2938.78312367212,1148.92637821242,0,0,0,107,0,0,0
56,35,3,3081.88331816339,895.91601066315,0,0,0,109,0,0,0
56,35,4,3213.77096519862,1590.19712495817,0,0,0,154,0,0,0
56,35,5,3213.14099004786,659.651029098423,0,0,0,95,0,0,0
56,35,6,3377.3894902894,2278.42159710031,2,0,0,146,0,0,0
56,35,7,20293.5958021109,8305.33735613841,232,0,0,352,0,0,0
56,35,8,0,8,0,0,0,0,0,0,0
56,36,1,3064.25735392888,628.635897416086,0,0,0,127,0,0,0
56,36,2,2938.50481963648,2193.95692939277,0,0,0,114,0,0,0
56,36,3,3068.59645561849,1009.97210041551,0,0,0,89,0,0,0
56,36,4,3235.2288013281,1068.58831391813,0,0,0,159,0,0,0
56,36,5,3209.55048111818,1484.71036474424,0,0,0,65,0,0,0
56,36,6,3411.023881739,2036.41299895105,0,3,0,174,0,0,0
56,36,7,20342.1999144949,6253.07427793759,0,44,0,197,0,0,0
56,36,8,0,8,0,0,0,0,0,0,0
56,37,1,3051.80888045258,1765.35322374736,0,0,0,62,0,0,0
56,37,2,2937.30245821056,1856.39478484104,0,36,0,146,0,0,0
56,37,3,3056.89205693223,760.200944201168,0,0,0,100,0,0,0
56,37,4,3232.47541654059,1407.49731672007,0,0,0,106,0,0,0
56,37,5,3221.15494626851,1113.62987031352,0,1,0,146,0,0,0
56,37,6,3425.508036619,2075.42542320349,0,36,0,131,0,0,0
56,37,7,20385.0165013493,5877.57052411136,0,197,0,231,0,0,0
56,37,8,0,8,0,0,0,0,0,0,0
56,38,1,3077.92709919229,943.363609753752,0,0,0,176,0,0,0
56,38,2,2954.00481623066,819.43519388426,0,0,0,185,0,0,0
56,38,3,3045.81951002648,1313.93067288575,0,0,0,76,0,0,0
56,38,4,3236.68074836523,1040.49591272785,0,0,0,140,0,0,0
56,38,5,3218.12902233225,1810.29898940216,0,0,0,111,0,0,0
56,38,6,3466.5581605015,1768.11263762629,2,0,0,178,0,0,0
56,38,7,20440.5771501761,8892.3357987731,32,0,0,211,0,0,0
56,38,8,0,8,0,0,0,0,0,0,0
56,39,1,3095.20024808919,1050.97265658264,0,0,0,94,0,0,0
56,39,2,2947.00077250381,670.053207111616,0,0,0,81,0,0,0
56,39,3,3052.98592140962,1387.15070040506,0,0,0,131,0,0,0
56,39,4,3235.63225361483,1742.95005169857,0,0,0,104,0,0,0
56,39,5,3247.5588174024,843.82453257205,0,0,0,181,0,0,0
56,39,6,3513.82885721574,1925.7899538354,0,0,0,176,0,0,0
56,39,7,20500.8251991479,7622.92590600377,0,37,0,211,0,0,0
56,39,8,0,8,0,0,0,0,0,0,0
56,40,1,3077.32566713406,1183.74776936005,0,77,0,28,0,0,0
56,40,2,2922.20670572184,1431.39472801507,0,29,0,38,0,0,0
56,40,3,3040.01109841488,1311.96631055526,0,75,0,63,0,0,0
56,40,4,3223.20445641623,1517.92315589171,0,87,0,87,0,0,0
56,40,5,3226.88117999568,958.775002539451,0,45,0,39,0,0,0
56,40,6,3519.1996805271,1481.66924433907,0,100,0,92,0,0,0
56,40,7,20559.7051771319,6043.54093969413,3,272,0,280,0,0,0
56,40,8,0,8,0,0,0,0,0,0,0
56,41,1,3084.41548693919,286.74106629264,0,0,0,118,0,0,0
56,41,2,2932.33208131224,1603.72477888946,0,0,0,143,0,0,0
56,41,3,3049.80535809616,1228.84699321646,0,0,0,131,0,0,0
56,41,4,3236.97160051509,919.52242829206,0,0,0,151,0,0,0
56,41,5,3234.04256147883,1304.38327125275,0,0,0,95,0,0,0
56,41,6,3545.69733277158,1218.76861994721,0,0,0,148,0,0,0
56,41,7,20600.8705408439,7528.45177568083,27,0,0,211,0,0,0
56,41,8,0,8,0,0,0,0,0,0,0
56,42,1,3072.67761247114,811.265790849176,0,0,0,28,0,0,0
56,42,2,2961.42719529613,1547.89846565101,0,0,0,160,0,0,0
56,42,3,3071.19847397138,801.226210042896,0,0,0,122,0,0,0
56,42,4,3248.60332852004,455.509524598152,0,0,0,91,0,0,0
56,42,5,3281.72601311265,1441.41849159598,0,0,0,130,0,0,0
56,42,6,3587.65408525388,1400.30206987328,0,0,0,121,0,0,0
56,42,7,20671.4137609041,8831.03214272672,26,0,0,204,0,0,0
56,42,8,0,8,0,0,0,0,0,0,0
56,43,1,3069.55810278361,1162.5907989675,0,0,0,81,0,0,0
56,43,2,2976.09493177438,1456.8061088855,0,0,0,154,0,0,0
56,43,3,3068.44281024274,1371.63555823181,0,0,0,80,0,0,0
56,43,4,3237.97745788094,644.248742219344,0,0,0,45,0,0,0
56,43,5,3301.45066796286,1899.91378849958,0,0,0,144,0,0,0
56,43,6,3617.09197368806,1296.17236079442,0,0,0,140,0,0,0
56,43,7,20706.730701704,6458.68741916141,23,1,0,204,0,0,0
56,43,8,0,8,0,0,0,0,0,0,0
56,44,1,3077.91485051853,1736.27979497553,0,0,0,116,0,0,0
56,44,2,2984.28991160517,1512.03926395231,0,0,0,145,0,0,0
56,44,3,3076.97160134091,1610.43926022547,0,0,0,137,0,0,0
56,44,4,3227.83722072724,663.168787408144,0,0,0,64,0,0,0
56,44,5,3338.26203443988,1065.61402998974,0,0,0,189,0,0,0
56,44,6,3638.78802508877,1716.74280627554,0,0,0,129,0,0,0
56,44,7,20724.498716552,10168.6528112251,95,0,0,177,0,0,0
56,44,8,0,8,0,0,0,0,0,0,0
56,45,1,3103.62057168573,2085.85894280723,0,0,0,173,0,0,0
56,45,2,3010.68705808633,939.267887344011,0,0,0,151,0,0,0
56,45,3,3099.1342284838,703.313031266136,0,0,0,161,0,0,0
56,45,4,3221.78517245931,795.863677344814,0,0,0,66,0,0,0
56,45,5,3361.51640778147,998.518993060213,0,0,0,106,0,0,0
56,45,6,3685.09137474856,1585.91813796739,0,0,0,171,0,0,0
56,45,7,20767.6893963293,13129.8469907436,47,0,0,216,0,0,0
56,45,8,0,8,0,0,0,0,0,0,0
56,46,1,3125.95476128322,1560.79669455011,1,0,0,180,0,0,0
56,46,2,3011.99196044185,1785.01141378754,0,0,0,93,0,0,0
56,46,3,3090.48326981586,1764.62058376438,0,0,0,70,0,0,0
56,46,4,3215.03650539118,1659.96552383388,0,0,0,79,0,0,0
56,46,5,3371.46231054279,1518.76965858968,0,0,0,99,0,0,0
56,46,6,3721.95907604899,2158.37134293552,0,0,0,158,0,0,0
56,46,7,20785.8526198812,9560.40593692521,40,0,0,170,0,0,0
56,46,8,0,8,0,0,0,0,0,0,0
56,47,1,3129.41234234596,1561.51548921544,14,0,0,135,0,0,0
56,47,2,3009.44552908004,1462.64115340058,28,0,0,136,0,0,0
56,47,3,3089.97144026955,794.857591107333,22,0,0,143,0,0,0
56,47,4,3223.11310111056,1203.31845690675,15,0,0,143,0,0,0
56,47,5,3382.1988492823,2032.81938692887,5,0,0,144,0,0,0
56,47,6,3740.24904018339,1475.17794497221,53,0,0,136,0,0,0
56,47,7,20855.0915728862,7552.29523181988,344,0,0,440,0,0,0
56,47,8,0,8,0,0,0,0,0,0,0
56,48,1,3135.35734761731,1081.08017998723,0,0,0,156,0,0,0
56,48,2,3019.43125582169,858.725273982721,0,0,0,146,0,0,0
56,48,3,3070.1020450444,1230.96982883799,0,0,0,79,0,0,0
56,48,4,3223.71788875963,1371.58757369482,0,0,0,120,0,0,0
56,48,5,3416.08808720916,1125.03041770494,0,0,0,191,0,0,0
56,48,6,3773.94237146098,2401.05026445064,0,0,0,147,0,0,0
56,48,7,20904.2003974827,9759.67266280636,0,37,0,220,0,0,0
56,48,8,0,8,0,0,0,0,0,0,0
56,49,1,3120.31307811567,1430.75202119383,0,57,0,51,0,0,0
56,49,2,2991.2592784374,1213.33132621348,0,29,0,56,0,0,0
56,49,3,3048.67845582286,1843.31443716989,0,65,0,58,0,0,0
56,49,4,3210.48770370596,1429.30850167651,0,64,0,73,0,0,0
56,49,5,3412.87778901729,1420.72536910362,0,53,0,59,0,0,0
56,49,6,3797.05930451446,1262.55102258114,0,124,0,116,0,0,0
56,49,7,20980.6034832862,5481.21629878917,6,297,0,283,0,0,0
56,49,8,0,8,0,0,0,0,0,0,0
56,50,1,3155.40701665146,779.51561294711,0,0,0,143,0,0,0
56,50,2,3004.36546273748,1313.19227140935,0,0,0,121,0,0,0
56,50,3,3094.72244871797,706.333449427802,0,0,0,179,0,0,0
56,50,4,3246.28512800556,1977.80286230887,0,0,0,142,0,0,0
56,50,5,3477.35002252617,1399.21717087757,0,0,0,142,0,0,0
56,50,6,3863.69651246361,1988.73045496423,0,0,0,126,0,0,0
56,50,7,21065.750482289,9666.37812254672,30,0,0,180,0,0,2
56,50,8,0,8,0,0,0,0,0,0,0
56,51,1,3150.57842404213,1357.95153123427,0,0,0,77,0,0,0
56,51,2,3012.10545584297,1316.60202462225,0,0,0,131,0,0,0
56,51,3,3089.10734736064,2293.8954409549,0,0,0,70,0,0,0
56,51,4,3278.93877534471,1461.65519691187,0,0,0,197,0,0,0
56,51,5,3499.07800484524,1037.71321175019,0,0,0,139,0,0,0
56,51,6,3919.95249855905,1683.78966387742,0,0,0,198,0,0,0
56,51,7,21138.206992118,11001.2151592006,26,0,0,285,0,0,0
56,51,8,0,8,0,0,0,0,0,0,0
56,52,1,3163.77824677446,1202.42663350293,0,0,0,135,0,0,0
56,52,2,3014.24255526493,876.736053938486,0,0,0,131,0,0,0
56,52,3,3123.69401773735,1620.6522827606,0,0,0,220,0,0,0
56,52,4,3294.46503541939,944.834589246523,0,0,0,146,0,0,0
56,52,5,3513.93685214061,921.247584847,0,0,0,103,0,0,0
56,52,6,3969.35482055159,1030.61978455787,0,0,0,168,0,0,0
56,52,7,21185.1750420114,8379.67242797055,25,0,0,193,0,0,1
56,52,8,0,8,0,0,0,0,0,0,0
56,53,1,3175.51083594446,722.6078316846,0,0,0,120,0,0,0
56,53,2,3011.56730905793,1143.69215574507,0,0,0,87,0,0,0
56,53,3,3146.84339597666,1862.67744941237,0,0,0,162,0,0,0
56,53,4,3293.65230167857,1449.05597004042,0,0,0,94,0,0,0
56,53,5,3523.63183650537,1144.77150060862,0,0,0,92,0,0,0
56,53,6,3997.90173105823,2271.28898900657,0,0,0,103,0,0,0
56,53,7,21229.5736716577,10630.1319621122,115,0,0,175,0,0,0
56,53,8,0,8,0,0,0,0,0,0,0
56,54,1,3164.54758265172,628.413406781101,0,0,0,72,0,0,0
56,54,2,3009.71933392459,1257.78704360358,0,0,0,114,0,0,0
56,54,3,3172.87977500014,1054.74176867755,0,0,0,186,0,0,0
56,54,4,3306.79608581894,1833.84839440462,0,0,0,144,0,0,0
56,54,5,3534.46741377036,1340.15880363824,0,0,0,114,0,0,0
56,54,6,4062.48752854039,902.7141272159,0,0,0,215,0,0,0
56,54,7,21294.493871051,3921.39418792591,0,33,0,263,0,0,0
56,54,8,0,8,0,0,0,0,0,0,0
56,55,1,3144.91648440832,1916.35109556214,0,0,0,62,0,0,0
56,55,2,3001.31412423627,622.300263975461,0,0,0,125,0,0,0
56,55,3,3163.72256584175,1203.98563452357,0,0,0,105,0,0,0
56,55,4,3300.99738170251,1602.17209653716,0,36,0,136,0,0,0
56,55,5,3534.9501528155,837.907547893528,0,9,0,122,0,0,0
56,55,6,4067.44135310752,710.257458621706,0,0,0,90,0,0,0
56,55,7,21317.864777163,11319.0599791888,0,147,0,201,0,0,0
56,55,8,0,8,0,0,0,0,0,0,0
56,56,1,3165.60875190206,845.375383204441,0,0,0,191,0,0,0
56,56,2,2986.20084764076,1165.69244203263,0,0,0,62,0,0,0
56,56,3,3170.22168382409,901.286839708915,0,0,0,120,0,0,0
56,56,4,3307.98385222608,706.085279629072,0,0,0,160,0,0,0
56,56,5,3532.61834727428,1977.38414592259,0,0,0,83,0,0,0
56,56,6,4073.23129301779,3146.61859450504,0,0,0,71,0,0,0
56,56,7,21368.7578181333,11205.7660952755,23,0,0,227,0,0,0
56,56,8,0,8,0,0,0,0,0,0,0
56,57,1,3168.08636873851,2438.30151214392,0,0,0,84,0,0,0
56,57,2,2992.56374636981,799.52999888812,0,0,0,116,0,0,0
56,57,3,3169.13398100603,753.902595496048,0,0,0,90,0,0,0
56,57,4,3299.60986196246,1429.84368532792,0,0,0,70,0,0,0
56,57,5,3573.22755618958,1466.21316742796,0,3,0,171,0,0,0
56,57,6,4131.6726579624,2228.98279256062,0,14,0,181,0,0,0
56,57,7,21437.6639902928,9398.32249608074,0,104,0,197,0,0,0
56,57,8,0,8,0,0,0,0,0,0,0
56,58,1,3180.87698085563,1186.72378110349,0,60,0,128,0,0,0
56,58,2,2976.29760074326,1438.20125587946,0,0,0,79,0,0,0
56,58,3,3155.17863456456,1316.35854859439,0,0,0,75,0,0,0
56,58,4,3311.37738092774,1222.67832411421,0,3,0,136,0,0,0
56,58,5,3619.53114741006,1038.76107020712,0,0,0,145,0,0,0
56,58,6,4158.46227800345,1774.19265503019,0,43,0,141,0,0,0
56,58,7,21533.9036292927,4581.70577125155,0,270,0,294,0,0,5
56,58,8,0,8,0,0,0,0,0,0,0
56,59,1,3182.85055929997,1204.55421469999,0,0,0,118,0,0,0
56,59,2,2974.36541292973,1221.81323145708,0,0,0,143,0,0,0
56,59,3,3147.82692802919,1391.69933903938,0,0,0,131,0,0,0
56,59,4,3303.49756322318,1604.98537822725,0,0,0,122,0,0,0
56,59,5,3617.30979703535,1753.54723479723,0,0,0,103,0,0,0
56,59,6,4191.60459048845,2039.32109532323,1,0,0,166,0,0,0
56,59,7,21573.9565095742,5908.98753262686,43,0,0,195,0,0,0
56,59,8,0,8,0,0,0,0,0,0,0
56,60,1,3175.72295939885,711.618957268832,0,0,0,120,0,0,0
56,60,2,2965.71342412299,1778.66570065436,0,0,0,122,0,0,0
56,60,3,3144.451558005,1294.07743435867,0,0,0,139,0,0,0
56,60,4,3311.1752282025,2147.10718965947,0,0,0,160,0,0,0
56,60,5,3643.26480790728,1446.13487371871,0,0,0,175,0,0,0
56,60,6,4226.6521186882,1942.31226408704,0,2,0,175,0,0,0
56,60,7,21611.8366679387,11449.3301627549,0,33,0,224,0,0,0
56,60,8,0,8,0,0,0,0,0,0,0
56,61,1,3164.81607054161,1703.833114969,0,0,0,71,0,0,0
56,61,2,2994.70571112623,766.92637199753,0,0,0,177,0,0,0
56,61,3,3156.26429249442,1066.27590265718,0,0,0,129,0,0,0
56,61,4,3340.10753364436,1104.83260778093,0,4,0,180,0,0,0
56,61,5,3679.72256166159,1336.05547303219,0,0,0,144,0,0,0
56,61,6,4306.1509195074,2293.64442494164,0,0,0,190,0,0,0
56,61,7,21684.6447012958,6592.80936805294,0,119,0,176,0,0,0
56,61,8,0,8,0,0,0,0,0,0,0
56,62,1,3141.88158873092,403.605546190959,0,140,0,30,0,0,0
56,62,2,2961.32371853447,1008.1804793531,0,48,0,28,0,0,0
56,62,3,3142.64071908774,445.294879763483,0,54,0,52,0,0,0
56,62,4,3311.7555682134,994.440327223809,0,57,0,53,0,0,0
56,62,5,3673.3118798036,1401.42803463005,0,58,0,75,0,0,0
56,62,6,4338.10225672759,1151.29139102231,0,133,0,96,0,0,0
56,62,7,21815.9158395144,7777.57064649148,1,257,0,267,0,0,35
56,62,8,0,8,0,0,0,0,0,0,0
56,63,1,3130.53539034497,2175.71487015431,0,0,0,40,0,0,0
56,63,2,2972.83844762258,1043.70594016262,0,0,0,100,0,0,0
56,63,3,3135.8578119933,1473.68971697059,0,0,0,44,0,0,0
56,63,4,3325.69037806347,1064.70744747115,0,0,0,99,0,0,0
56,63,5,3751.79737300639,1149.90252167774,0,0,0,140,0,0,0
56,63,6,4394.66021466951,1128.24584372962,0,0,0,115,0,0,0
56,63,7,21911.3440874078,3751.18335689362,26,0,0,199,0,0,1
56,63,8,0,8,0,0,0,0,0,0,0
56,64,1,3155.4894515925,1290.14844790143,2,0,0,189,0,0,3
56,64,2,2971.58034405271,530.267103721661,0,0,0,104,0,0,0
56,64,3,3138.27493126237,1278.3598475374,0,0,0,147,0,0,0
56,64,4,3326.71741043961,1278.76112855375,0,0,0,106,0,0,0
56,64,5,3771.02586371988,1973.39521791465,0,0,0,114,0,0,0
56,64,6,4419.21373486244,2099.25246165326,0,0,0,112,0,0,0
56,64,7,21955.1064285749,8683.79608154996,14,0,0,221,0,0,0
56,64,8,0,8,0,0,0,0,0,0,0
56,65,1,3193.43814606713,1570.75321471693,0,0,0,129,0,0,0
56,65,2,2979.77447408281,1197.68755230939,0,0,0,53,0,0,0
56,65,3,3179.93771575529,1178.93235319951,0,0,0,127,0,0,0
56,65,4,3366.27430090227,1984.346123759,0,0,0,127,0,0,0
56,65,5,3878.73896867066,1414.57143853987,0,0,0,184,0,0,0
56,65,6,4529.86963744049,1466.088624917,1,0,0,181,0,0,0
56,65,7,22088.3129170456,6555.79146419411,23,0,0,223,0,0,0
56,65,8,0,8,0,0,0,0,0,0,0
56,66,1,3215.14657625516,2003.77200049383,0,0,0,157,0,0,0
56,66,2,2984.35072865286,854.490128778253,0,0,0,119,0,0,0
56,66,3,3178.37710702151,1009.04607379512,0,0,0,117,0,0,0
56,66,4,3386.87809278355,1413.75454416907,0,0,0,197,0,0,0
56,66,5,3898.76160176154,1548.5426487806,0,0,0,141,0,0,0
56,66,6,4571.78395633433,965.829368895106,0,0,0,146,0,0,0
56,66,7,22119.7420844772,7695.03543050906,56,0,0,185,0,0,0
56,66,8,0,8,0,0,0,0,0,0,0
56,67,1,3288.69112063543,1292.99239778898,1,0,0,173,0,0,0
56,67,2,2997.57280533384,1360.24220895954,0,0,0,85,0,0,0
56,67,3,3215.33797676841,1752.41584370099,0,0,0,100,0,0,0
56,67,4,3448.0783130094,2235.93267988485,0,0,0,141,0,0,0
56,67,5,4025.81388427381,2877.48008492895,0,0,0,154,0,0,0
56,67,6,4646.72832912133,1897.13471773486,0,0,0,96,0,0,0
56,67,7,22243.1209188366,7071.80326880751,41,0,0,178,0,0,0
56,67,8,0,8,0,0,0,0,0,0,0
56,68,1,3276.09187904804,1305.61621462889,0,68,0,61,0,0,0
56,68,2,2975.85296267124,1646.97200169742,0,70,0,66,0,0,0
56,68,3,3194.74710987414,2329.48117874242,0,97,0,78,0,0,0
56,68,4,3446.15126152459,1731.71616493612,0,122,0,101,0,0,0
56,68,5,4044.09448026638,1146.42980955368,0,155,0,132,0,0,0
56,68,6,4653.33118864508,1947.60541302712,0,93,0,96,0,0,0
56,68,7,22270.7109521824,10969.2029265322,7,160,0,204,0,0,0
56,68,8,0,8,0,0,0,0,0,0,0
56,69,1,3298.6310254981,2058.65076696857,0,0,0,130,0,0,0
56,69,2,3003.2926753324,1587.65135700996,0,0,0,164,0,0,0
56,69,3,3232.69991229962,1425.67698544768,0,0,0,190,0,0,1
56,69,4,3483.97069098041,1351.22324388192,0,0,0,173,0,0,0
56,69,5,4083.2721935286,2547.61574292842,0,0,0,114,0,0,0
56,69,6,4734.67900628076,1482.33737641277,0,0,0,190,0,0,0
56,69,7,22332.8778629767,12356.3378936551,29,0,0,217,0,0,0
56,69,8,0,8,0,0,0,0,0,0,0
56,70,1,3319.39630229356,1760.33104373453,0,0,0,188,0,0,1
56,70,2,3015.58205786367,1247.99034144781,0,0,0,158,0,0,0
56,70,3,3236.69689089443,2163.25593938238,0,0,0,142,0,0,0
56,70,4,3512.56360520262,517.850537714538,0,0,0,135,0,0,0
56,70,5,4161.76131231319,2467.42851927213,0,0,0,250,0,0,0
56,70,6,4782.0653426797,1917.0281937134,0,0,0,148,0,0,0
56,70,7,22380.6970078035,11150.3808195951,24,0,0,203,0,0,0
56,70,8,0,8,0,0,0,0,0,0,0
56,71,1,3357.65624148612,888.569813460442,0,0,0,176,0,0,0
56,71,2,3022.09131281681,1778.53337233726,0,0,0,124,0,0,0
56,71,3,3287.44123079327,1479.58263356947,0,0,0,216,0,0,0
56,71,4,3519.20677147066,1683.59706910711,0,0,0,51,0,0,0
56,71,5,4227.0584604005,1376.04347003103,1,0,0,195,0,0,0
56,71,6,4871.4992759444,955.002278554734,0,0,0,191,0,0,0
56,71,7,22454.7210384752,8002.0430684231,42,0,0,209,0,0,0
56,71,8,0,8,0,0,0,0,0,0,0
56,72,1,3351.3109143247,1404.73153919817,0,0,0,88,0,0,0
56,72,2,3035.43551483517,948.940374343876,0,0,0,177,0,0,0
56,72,3,3296.86003098959,1094.74868579095,0,0,0,147,0,0,0
56,72,4,3558.70298734308,673.959097557635,0,0,0,168,0,0,0
56,72,5,4272.83494791466,1694.45689268258,0,0,0,137,0,0,0
56,72,6,4910.87914303241,1547.58999971813,0,0,0,95,0,0,0
56,72,7,22511.0987347902,12349.7739343483,69,0,0,192,0,0,0
56,72,8,0,8,0,0,0,0,0,0,0
56,73,1,3362.14202612029,581.986610993619,0,0,0,140,0,0,0
56,73,2,3036.52093074779,906.618681285807,0,0,0,94,0,0,0
56,73,3,3301.65199508449,1286.91316133535,0,0,0,109,0,0,0
56,73,4,3559.6870499232,2359.19419771309,0,0,0,67,0,0,0
56,73,5,4313.30036500223,1594.14105236751,0,0,0,169,0,0,0
56,73,6,4964.71207607761,2394.47843144929,0,0,0,154,0,0,0
56,73,7,22582.8992100416,9569.99418787187,42,0,0,263,0,0,0
56,73,8,0,8,0,0,0,0,0,0,0
56,74,1,3354.95457892658,1533.13954218785,0,0,0,58,0,0,0
56,74,2,3041.90746687518,1672.95848349426,0,0,0,90,0,0,0
56,74,3,3317.36833707036,641.33120983933,0,0,0,128,0,0,0
56,74,4,3583.82875767046,1268.84424725582,32,0,0,147,0,0,0
56,74,5,4339.24037746201,1159.58052140981,3,0,0,149,0,0,0
56,74,6,5021.23385960718,2517.48328953395,36,0,0,142,0,0,0
56,74,7,22697.6479228863,9994.60592975509,220,0,0,361,0,0,0
56,74,8,0,8,0,0,0,0,0,0,0
56,75,1,3371.62808758715,1558.72090842967,4,0,0,136,0,0,0
56,75,2,3057.66577104424,1857.85849202122,0,0,0,167,0,0,0
56,75,3,3316.22030012819,1624.21030042963,0,0,0,64,0,0,0
56,75,4,3600.44004347748,1172.71022870826,0,0,0,126,0,0,0
56,75,5,4378.5382026355,944.786659554329,0,0,0,115,0,0,0
56,75,6,5101.10940736151,1883.80361337925,15,0,0,189,0,0,0
56,75,7,22772.9022578491,10877.1621234149,192,0,0,218,0,0,7
56,75,8,0,8,0,0,0,0,0,0,0
56,76,1,3396.56390459785,858.463906317369,0,0,0,155,0,0,0
56,76,2,3088.43166397746,825.174581447942,0,0,0,185,0,0,0
56,76,3,3349.39928182624,914.727543689286,0,0,0,162,0,0,0
56,76,4,3612.15585713426,1799.03255635637,0,0,0,117,0,0,0
56,76,5,4410.68003568348,2092.50446531973,0,0,0,94,0,0,0
56,76,6,5195.2817064399,3510.54110426682,0,0,0,188,0,0,0
56,76,7,22845.2817341195,10158.4733325782,119,0,0,153,0,0,0
56,76,8,0,8,0,0,0,0,0,0,0
56,77,1,3391.30199346372,1267.65111778935,0,0,0,85,0,0,0
56,77,2,3077.42570560606,1413.12074183112,0,0,0,82,0,0,0
56,77,3,3341.45873230984,1544.27422238595,0,0,0,91,0,0,0
56,77,4,3634.60679161926,875.544851262421,7,0,0,165,0,0,0
56,77,5,4460.44077641654,1354.93016104197,3,0,0,202,0,0,0
56,77,6,5256.8334497515,1667.0755668237,80,0,0,180,0,0,2
56,77,7,22891.5242547979,11744.7944313242,206,3,0,218,0,0,3
56,77,8,0,8,0,0,0,0,0,0,0
56,78,1,3401.11309984892,1677.58583955322,0,0,0,126,0,0,0
56,78,2,3070.8323042047,1055.4921637423,0,0,0,141,0,0,0
56,78,3,3341.61786234994,1264.45114181151,0,0,0,154,0,0,0
56,78,4,3634.07810236792,1715.88502848175,0,0,0,87,0,0,0
56,78,5,4495.09416506513,1029.07519390538,0,0,0,135,0,0,0
56,78,6,5332.96203381675,3022.63115086105,0,0,0,166,0,0,0
56,78,7,22963.8833199976,7042.50404616707,130,0,0,195,0,0,0
56,78,8,0,8,0,0,0,0,0,0,0
56,79,1,3406.10010772856,2064.15744502691,40,0,0,107,0,0,0
56,79,2,3089.56469283314,1172.3489273738,0,0,0,105,0,0,0
56,79,3,3363.29832673843,1123.01079827233,0,0,0,126,0,0,0
56,79,4,3655.64684274605,1172.06764971995,30,0,0,126,0,0,0
56,79,5,4536.2337809706,2521.98726156463,0,0,0,102,0,0,0
56,79,6,5440.61760087406,1805.74056463178,96,0,0,158,0,0,0
56,79,7,23075.7495484405,13536.1470073615,171,3,0,180,0,0,30
56,79,8,0,8,0,0,0,0,0,0,0
56,80,1,3425.61021317024,1276.25757179191,0,0,0,200,0,0,0
56,80,2,3078.58076577389,1174.73827349483,0,0,0,117,0,0,0
56,80,3,3354.43117155793,2321.5349293779,0,0,0,112,0,0,0
56,80,4,3648.42040276987,981.807367457727,0,0,0,117,0,0,0
56,80,5,4599.27969703774,1616.87829347051,3,0,0,185,0,0,0
56,80,6,5486.54740558874,2322.56654578119,0,0,0,180,0,0,0
56,80,7,23114.1114717172,9896.32990023522,61,0,0,211,0,0,0
56,80,8,0,8,0,0,0,0,0,0,0
56,81,1,3440.40941503725,1331.68282936379,0,0,0,127,0,0,0
56,81,2,3082.08521950759,1307.85093669807,0,0,0,117,0,0,0
56,81,3,3373.5582999817,950.145736828469,0,5,0,176,0,0,0
56,81,4,3651.51922138749,1268.3096657039,0,0,0,98,0,0,0
56,81,5,4670.06106912226,1952.59086351368,0,0,0,161,0,0,0
56,81,6,5582.38321963823,2338.21881376775,0,2,0,210,0,0,0
56,81,7,23206.6728274975,12868.5601071506,0,73,0,202,0,0,0
56,81,8,0,8,0,0,0,0,0,0,0
56,82,1,3440.44227135106,1067.1032944877,0,35,0,91,0,0,0
56,82,2,3071.43493462034,879.667978540297,0,17,0,110,0,0,0
56,82,3,3362.04496680822,510.811305613231,0,0,0,95,0,0,0
56,82,4,3668.91125500705,1963.07750017748,0,0,0,126,0,0,0
56,82,5,4690.30554704324,1057.40429319995,0,56,0,128,0,0,0
56,82,6,5645.28731786929,2612.53104178895,0,73,0,146,0,0,0
56,82,7,23317.2195110886,12125.0820205661,7,221,0,260,0,0,2
56,82,8,0,8,0,0,0,0,0,0,0
56,83,1,3441.45431311953,977.875429064024,0,0,0,106,0,0,0
56,83,2,3063.44138561851,730.257566896713,0,0,0,87,0,0,0
56,83,3,3328.19738202228,650.591710196804,0,0,0,51,0,0,0
56,83,4,3699.06961517969,1023.2676292508,0,0,0,196,0,0,0
56,83,5,4706.76949403707,2055.93861651986,0,0,0,105,0,0,0
56,83,6,5720.85478680723,2503.99873820797,0,0,0,195,0,0,1
56,83,7,23370.7608845847,9884.02663428576,25,0,0,210,0,0,1
56,83,8,0,8,0,0,0,0,0,0,0
56,84,1,3438.32480606821,1169.38817207975,0,0,0,97,0,0,0
56,84,2,3047.20372027021,1997.63607488047,0,0,0,73,0,0,0
56,84,3,3314.1980302518,1419.17211263893,0,0,0,65,0,0,0
56,84,4,3698.08404880251,1405.76028935877,0,0,0,102,0,0,0
56,84,5,4771.67391600572,1581.20360637869,0,0,0,205,0,0,0
56,84,6,5806.0175523422,1502.84881749478,1,0,0,189,0,0,0
56,84,7,23447.006271958,10778.5011687323,21,0,0,201,0,0,2
56,84,8,0,8,0,0,0,0,0,0,0
56,85,1,3472.18848328964,1370.5592920751,0,0,0,116,0,0,0
56,85,2,3099.63982218292,780.386039929742,0,2,0,183,0,0,0
56,85,3,3363.98231762101,1365.98214006051,0,0,0,141,0,0,0
56,85,4,3730.02495197588,1261.62074608644,0,0,0,140,0,0,0
56,85,5,4857.06494280741,1591.95264923855,0,0,0,158,0,0,0
56,85,6,5931.87395237203,3223.28589611728,0,0,0,150,0,0,0
56,85,7,23582.4130433422,11555.4211540123,0,126,0,190,0,0,0
56,85,8,0,8,0,0,0,0,0,0,0
56,86,1,3498.22045336135,652.76952306786,0,0,0,137,0,0,0
56,86,2,3080.63697990479,1375.97943532046,0,0,0,78,0,0,0
56,86,3,3376.56788607011,1213.43621556488,0,0,0,136,0,0,0
56,86,4,3737.96978356935,1193.2016873993,0,0,0,126,0,0,0
56,86,5,4908.67859328595,1226.84753699814,0,3,0,148,0,0,0
56,86,6,6043.22078219276,1464.23135345533,0,60,0,154,0,0,0
56,86,7,23701.5760366661,10348.1203217033,2,257,0,220,0,0,0
56,86,8,0,8,0,0,0,0,0,0,0
56,87,1,3496.43839036156,2199.63889055933,0,0,0,65,0,0,0
56,87,2,3091.51651809039,1028.18091016968,0,0,0,137,0,0,0
56,87,3,3402.14030415349,1234.73773222984,0,0,0,121,0,0,0
56,87,4,3745.38161171102,1051.465673478,0,0,0,119,0,0,0
56,87,5,4947.02329655584,1301.27078858465,0,0,0,122,0,0,0
56,87,6,6174.80220967434,2878.39666579767,0,0,0,146,0,0,0
56,87,7,23828.5200934609,17099.0906436949,29,0,0,203,0,0,0
56,87,8,0,8,0,0,0,0,0,0,0
56,88,1,3514.99161895516,1218.19803953851,0,0,0,197,0,0,0
56,88,2,3079.10956931767,1396.69147515059,0,0,0,102,0,0,0
56,88,3,3392.22377808314,1679.93052177719,0,0,0,123,0,0,0
56,88,4,3726.9993970234,1082.97890679506,0,0,0,105,0,0,0
56,88,5,4912.97699516506,1986.58296341003,0,0,0,130,0,0,0
56,88,6,6230.56023510516,2210.59071384518,1,0,0,204,0,0,0
56,88,7,23877.3633451084,11355.4902341748,5,22,0,279,0,0,1
56,88,8,0,8,0,0,0,0,0,0,0
56,89,1,3491.69781652868,1287.58435341932,0,62,0,59,0,0,0
56,89,2,3053.44623091767,538.885942235786,0,78,0,61,0,0,0
56,89,3,3371.13930822791,1315.19893217191,0,87,0,80,0,0,0
56,89,4,3705.05132450646,1431.29236702661,0,60,0,48,0,0,0
56,89,5,4909.25377622455,4310.29960581596,0,92,0,106,0,0,0
56,89,6,6252.87622646979,2595.89789267844,0,117,0,104,0,0,0
56,89,7,23990.1128468123,10647.0388719738,0,599,0,536,0,0,0
56,89,8,0,8,0,0,0,0,0,0,0
56,90,1,3503.65908353577,1198.98373541625,0,0,0,128,0,0,0
56,90,2,3044.06341787851,826.949666031426,0,0,0,53,0,0,0
56,90,3,3363.66306946534,561.283097125939,0,0,0,131,0,0,0
56,90,4,3719.79102397518,946.479817712881,0,0,0,143,0,0,0
56,90,5,4983.61045111726,1031.11931451645,5,0,0,254,0,0,0
56,90,6,6346.52974187939,3223.46016640079,0,0,0,259,0,0,0
56,90,7,24046.5440929534,12363.5752661338,26,0,0,235,0,0,1
56,90,8,0,8,0,0,0,0,0,0,0
56,91,1,3538.71567006541,2172.02705517343,0,0,0,119,0,0,0
56,91,2,3052.77018212783,1197.39267178085,0,0,0,82,0,0,0
56,91,3,3354.86981469938,1542.16628113692,0,0,0,56,0,0,0
56,91,4,3729.99955331107,2651.06680207233,0,0,0,94,0,0,0
56,91,5,5029.28785117933,2433.27974311871,0,0,0,103,0,0,0
56,91,6,6482.60909322176,1574.10038127477,2,0,0,236,0,0,0
56,91,7,24118.6373271139,6554.42885662478,24,0,0,212,0,0,0
56,91,8,0,8,0,0,0,0,0,0,0
56,92,1,3673.19262543289,1583.44776021022,2,0,0,189,0,0,0
56,92,2,3095.948188974,1046.61749700803,0,0,0,119,0,0,0
56,92,3,3460.50202780682,1225.43459958078,0,0,0,154,0,0,0
56,92,4,3878.8796962703,2455.41814650006,2,0,0,228,0,0,4
56,92,5,5246.05270147696,1746.37746075069,3,0,0,201,0,0,0
56,92,6,6691.26503372223,2759.72905782241,0,0,0,157,0,0,0
56,92,7,24289.3265735075,14157.8626853923,42,0,0,172,0,0,2
56,92,8,0,8,0,0,0,0,0,0,0
56,93,1,3689.30538441871,1294.17824035671,0,0,0,158,0,0,0
56,93,2,3092.15477732366,885.684410979201,0,0,0,104,0,0,0
56,93,3,3487.95387586316,542.406472728632,0,0,0,122,0,0,0
56,93,4,3925.50994684033,1357.67639625768,0,0,0,222,0,0,0
56,93,5,5300.50312590571,1589.54625381567,0,0,0,174,0,0,0
56,93,6,6816.36317328379,3176.98559851518,0,0,0,266,0,0,0
56,93,7,24318.0125246637,10608.7770452874,33,0,0,207,0,0,0
56,93,8,0,8,0,0,0,0,0,0,0
56,94,1,3723.5616758553,1221.20498116162,0,0,0,129,0,0,0
56,94,2,3090.03474605167,1013.49223914365,0,0,0,88,0,0,0
56,94,3,3489.09261103284,1401.78199282749,0,0,0,54,0,0,0
56,94,4,3974.61127671708,2495.83557663874,0,0,0,135,0,0,0
56,94,5,5388.83735461492,2154.71625971282,0,0,0,158,0,0,0
56,94,6,6969.20009194083,1624.41019232159,15,0,0,179,0,0,0
56,94,7,24372.0024075767,11299.566206881,98,0,0,164,0,0,0
56,94,8,0,8,0,0,0,0,0,0,0
56,95,1,3766.47662264553,2400.4866412836,0,0,0,122,0,0,0
56,95,2,3110.73725372472,837.565827568776,0,0,0,101,0,0,0
56,95,3,3553.0105687311,1348.92764736763,0,0,0,140,0,0,0
56,95,4,4035.56634947443,1196.69302360038,6,0,0,162,0,0,0
56,95,5,5530.44006612723,3045.97700350908,0,0,0,213,0,0,0
56,95,6,7180.94609716369,2089.71349516593,0,0,0,162,0,0,0
56,95,7,24504.0399705149,11402.0389972459,64,0,0,198,0,0,0
56,95,8,0,8,0,0,0,0,0,0,0
56,96,1,3829.00975876734,1088.97442265759,0,2,0,168,0,0,0
56,96,2,3117.23008835733,1398.10679874134,0,0,0,83,0,0,0
56,96,3,3565.42762957379,1096.63367713479,0,0,0,134,0,0,0
56,96,4,4070.12648087541,1650.84707169911,0,0,0,119,0,0,0
56,96,5,5649.89316115843,3213.88057471455,0,4,0,209,0,0,0
56,96,6,7307.42975418512,2303.13272175105,0,0,0,186,0,0,0
56,96,7,24557.2769779512,8068.98173180662,0,50,0,173,0,0,0
56,96,8,0,8,0,0,0,0,0,0,0
56,97,1,3822.29352596226,1423.39456668564,0,0,0,108,0,0,0
56,97,2,3128.94654653038,1582.89085039961,0,0,0,139,0,0,0
56,97,3,3563.55000179138,1717.15748067077,0,0,0,109,0,0,0
56,97,4,4108.94369125479,2479.83253127943,0,0,0,165,0,0,0
56,97,5,5682.49823157437,1555.21767696841,0,10,0,176,0,0,0
56,97,6,7378.66124579978,2799.92068479799,0,4,0,176,0,0,0
56,97,7,24597.9928670958,11255.6228713962,0,44,0,210,0,0,0
56,97,8,0,8,0,0,0,0,0,0,0
56,98,1,3854.42935695279,2287.47883109098,0,0,0,142,0,0,0
56,98,2,3164.76484980079,1288.07570303331,0,0,0,158,0,0,0
56,98,3,3601.399517841,1160.29109544212,0,0,0,159,0,0,0
56,98,4,4133.46938136798,2324.47866250782,0,17,0,148,0,0,0
56,98,5,5880.10700816384,1560.24949232662,0,0,0,155,0,0,0
56,98,6,7488.27849631398,2864.66596155107,0,21,0,160,0,0,0
56,98,7,24739.1032540644,12448.5735675676,0,156,0,229,0,0,0
56,98,8,0,8,0,0,0,0,0,0,0
56,99,1,3940.88125718696,1862.37349145734,0,0,0,201,0,0,0
56,99,2,3179.87519492463,889.214234349751,0,0,0,128,0,0,0
56,99,3,3608.55694240871,1674.61799594252,0,0,0,116,0,0,0
56,99,4,4187.58051434611,1276.03639863809,0,0,0,229,0,0,0
56,99,5,5960.74333235165,2478.5660840809,0,0,0,156,0,0,0
56,99,6,7650.50767774708,2862.53052390621,0,0,0,240,0,0,0
56,99,7,24847.0105178528,5151.64137709466,29,0,0,240,0,0,0
56,99,8,0,8,0,0,0,0,0,0,0
56,100,1,3989.14846234019,1184.98997435198,4,0,0,156,0,0,0
56,100,2,3176.80013367717,1363.56332312321,0,0,0,88,0,0,0
56,100,3,3629.5316762136,1513.97306927409,0,0,0,167,0,0,0
56,100,4,4188.3572955588,554.099315547133,0,0,0,127,0,0,0
56,100,5,6051.97945690167,2494.31908383737,8,0,0,185,0,0,0
56,100,6,7774.74828436641,788.23940480489,9,0,0,218,0,0,0
56,100,7,24906.4169634119,8537.78057350394,45,0,0,177,0,0,0
56,100,8,0,8,0,0,0,0,0,0,0
57,1,1,2741.976,461.79884601837,0,0,0,10,0,0,0
57,1,2,2744.448,864.713079813764,0,0,0,25,0,0,0
57,1,3,2750.776,1072.82977385867,0,0,0,50,0,0,0
57,1,4,2741.392,521.957548322057,0,0,0,3,0,0,0
57,1,5,2755.92928,840.944295450141,0,0,0,98,0,0,0
57,1,6,2745.3808,1982.99065336681,0,0,0,29,0,0,0
57,1,7,20616.9468799999,2851.51441069377,0,0,0,68,0,0,0
57,1,8,0,9,0,0,0,85,0,0,0
57,2,1,2737.656,1142.08228119401,0,0,0,46,0,0,0
57,2,2,2750.24,384.307467784377,0,0,0,86,0,0,0
57,2,3,2757.256,654.969063734876,0,0,0,107,0,0,0
57,2,4,2737.6,1256.64973049472,0,0,0,52,0,0,0
57,2,5,2761.24288,1574.61933023991,0,0,0,84,0,0,0
57,2,6,2771.418944,1218.70670922119,0,0,0,198,0,0,0
57,2,7,20560.5548159998,11051.8690655236,8,1,0,186,0,0,0
57,2,8,0,9,0,0,0,0,0,0,0
57,3,1,2746.04,1030.02657386232,0,0,0,114,0,0,0
57,3,2,2742.904,720.714883971035,0,0,0,38,0,0,0
57,3,3,2754.3392,800.679167684411,0,0,0,65,0,0,0
57,3,4,2751.608,1467.22633863407,0,0,0,125,0,0,0
57,3,5,2782.08128,760.624455764008,0,0,0,157,0,0,0
57,3,6,2781.260544,1387.09053790889,0,0,0,121,0,0,0
57,3,7,20509.1784959998,10710.2548165027,15,5,0,221,0,0,0
57,3,8,0,9,0,0,0,0,0,0,0
57,4,1,2752.81152,1118.57865278177,0,0,0,103,0,0,0
57,4,2,2743.9072,1154.15429491361,0,0,0,72,0,0,0
57,4,3,2756.52512,1806.19830759565,0,0,0,80,0,0,0
57,4,4,2764.74368,872.252133213798,0,4,0,139,0,0,0
57,4,5,2786.21536,629.96844963435,0,0,0,76,0,0,0
57,4,6,2795.180544,779.391343213801,0,0,0,138,0,0,0
57,4,7,20477.7960959997,4644.78406907991,0,399,0,352,0,0,0
57,4,8,0,9,0,0,0,0,0,0,0
57,5,1,2760.16512,1795.41702882949,0,0,0,111,0,0,0
57,5,2,2747.12672,1547.52801357426,0,0,0,115,0,0,0
57,5,3,2777.13472,1701.98777943651,0,0,0,176,0,0,0
57,5,4,2764.75008,1731.7512809599,0,0,0,87,0,0,0
57,5,5,2785.86495999999,1165.85564507152,0,0,0,62,0,0,0
57,5,6,2797.114944,867.539750238257,0,0,0,77,0,0,0
57,5,7,20482.8680959997,12100.4080012905,35,0,0,207,0,0,0
57,5,8,0,9,0,0,0,0,0,0,0
57,6,1,2779.568,891.204839769895,0,0,0,178,0,0,0
57,6,2,2759.58944,949.941213815119,0,0,0,154,0,0,0
57,6,3,2791.15264,1197.92670065575,0,0,0,164,0,0,0
57,6,4,2785.16608,1520.81021894612,0,0,0,173,0,0,0
57,6,5,2792.72096,736.630540418598,0,0,0,116,0,0,0
57,6,6,2805.094144,1417.90367518054,0,0,0,86,0,0,0
57,6,7,20496.0616959997,10571.4361863434,28,0,0,258,0,0,0
57,6,8,0,9,0,0,0,0,0,0,0
57,7,1,2780.05408,1081.48697319587,0,0,0,89,0,0,0
57,7,2,2765.41312000001,449.833423999743,0,0,0,94,0,0,0
57,7,3,2798.063744,1059.9570184687,0,0,0,119,0,0,0
57,7,4,2803.84128000001,1695.61372833268,0,0,0,152,0,0,0
57,7,5,2796.177216,995.676471326034,0,0,0,73,0,0,0
57,7,6,2824.974144,1245.60927134417,0,0,0,141,0,0,0
57,7,7,20510.5640959997,14318.9395706199,23,0,0,249,0,0,3
57,7,8,0,9,0,0,0,0,0,0,0
57,8,1,2782.72288,1087.89757528042,0,0,0,108,0,0,0
57,8,2,2758.15110400001,426.896327071091,0,0,0,44,0,0,0
57,8,3,2796.624704,1315.05801957018,0,0,0,105,0,0,0
57,8,4,2825.56358400001,1085.8712684114,0,0,0,169,0,0,0
57,8,5,2798.800256,999.791718680672,0,0,0,99,0,0,0
57,8,6,2839.134848,1173.31222958748,0,0,0,124,0,0,0
57,8,7,20513.1525887997,6524.48563393156,24,0,0,226,0,0,0
57,8,8,0,9,0,0,0,0,0,0,0
57,9,1,2788.586944,994.167879003891,0,0,0,108,0,0,0
57,9,2,2746.16742400001,1439.77007503389,0,0,0,42,0,0,0
57,9,3,2806.237184,886.22228757282,0,0,0,131,0,0,0
57,9,4,2827.70008320001,1236.77096196432,0,0,0,108,0,0,0
57,9,5,2806.40544000001,1479.10953099607,0,0,0,99,0,0,0
57,9,6,2848.351808,1013.0287980764,0,0,0,117,0,0,0
57,9,7,20507.9829887997,10183.0229879479,58,0,0,199,0,0,0
57,9,8,0,9,0,0,0,0,0,0,0
57,10,1,2791.037504,633.342666764121,0,0,0,99,0,0,0
57,10,2,2754.25382400001,1110.97363372142,0,0,0,143,0,0,0
57,10,3,2804.75558400001,566.119792562282,0,0,0,88,0,0,0
57,10,4,2831.09976320001,1659.08623550738,0,0,0,123,0,0,0
57,10,5,2821.32129280001,1275.32673520602,0,0,0,147,0,0,0
57,10,6,2855.784128,1278.01455595798,0,0,0,101,0,0,0
57,10,7,20521.9399167997,9929.27472118135,29,0,0,280,0,0,3
57,10,8,0,9,0,0,0,0,0,0,0
57,11,1,2785.4805888,1050.55145854741,0,0,0,63,0,0,0
57,11,2,2755.31815680001,1094.41699753594,0,0,0,111,0,0,0
57,11,3,2793.971264,1671.30660076134,0,0,0,56,0,0,0
57,11,4,2841.21784320001,1096.2196356265,0,0,0,165,0,0,0
57,11,5,2833.53383680001,1065.31386957114,0,0,0,127,0,0,0
57,11,6,2868.384448,531.15572542003,0,0,0,127,0,0,0
57,11,7,20508.9559167996,4823.6459521921,36,0,0,191,0,0,0
57,11,8,0,9,0,0,0,0,0,0,0
57,12,1,2776.8409088,1715.95032434054,0,52,0,53,0,0,0
57,12,2,2746.58280960001,1229.49182943486,0,51,0,58,0,0,0
57,12,3,2787.792256,643.490626127624,0,80,0,87,0,0,0
57,12,4,2828.55992320001,820.193136041042,0,61,0,48,0,0,0
57,12,5,2826.75193600001,1328.71702211772,0,51,0,55,0,0,0
57,12,6,2856.779072,1632.57947580895,0,22,0,31,0,0,0
57,12,7,20500.9110527996,7837.04920805388,0,233,0,249,0,0,0
57,12,8,0,9,0,0,0,0,0,0,0
57,13,1,2801.36781056,915.356530619226,0,0,0,171,0,0,0
57,13,2,2761.61608960001,1540.90194315246,0,0,0,122,0,0,0
57,13,3,2789.78336,964.728649951206,0,0,0,64,0,0,0
57,13,4,2838.64369920001,1218.27298213387,0,0,0,82,0,0,0
57,13,5,2844.55072000002,692.819162542135,0,0,0,132,0,0,0
57,13,6,2883.738432,1344.27678054004,0,0,0,163,0,0,0
57,13,7,20532.0339327995,7383.09914649442,24,0,0,243,0,0,0
57,13,8,0,9,0,0,0,0,0,0,0
57,14,1,2810.3327017984,499.075518243875,0,0,0,91,0,0,0
57,14,2,2782.50947840001,935.866294441052,0,0,0,154,0,0,0
57,14,3,2796.36398080001,1343.48893107409,0,0,0,96,0,0,0
57,14,4,2857.35568640002,1352.65640326007,0,0,0,121,0,0,0
57,14,5,2851.99136000002,573.742072786646,0,0,0,69,0,0,0
57,14,6,2905.70425600001,1097.352820739,0,0,0,134,0,0,0
57,14,7,20561.0140927995,9946.22057780892,26,0,0,243,0,0,0
57,14,8,0,9,0,0,0,0,0,0,0
57,15,1,2809.30874615808,2034.00831020763,0,0,0,49,0,0,0
57,15,2,2793.34915840001,424.894835517633,0,0,0,93,0,0,0
57,15,3,2814.23915776001,1536.96750141968,0,0,0,134,0,0,0
57,15,4,2881.34588160002,886.427484975246,0,0,0,135,0,0,0
57,15,5,2857.95788800002,536.5567859487,0,0,0,57,0,0,0
57,15,6,2925.79347200001,550.352414247844,0,0,0,109,0,0,0
57,15,7,20589.0044927994,8320.97736460295,23,0,0,217,0,0,0
57,15,8,0,9,0,0,0,0,0,0,0
57,16,1,2835.48589815808,769.193039978175,3,0,0,178,0,0,0
57,16,2,2785.51325440001,1247.39842871176,0,0,0,42,0,0,0
57,16,3,2831.37835776001,1547.12546010963,0,0,0,153,0,0,0
57,16,4,2889.03759360002,789.035101421038,0,0,0,88,0,0,0
57,16,5,2852.02380800002,831.50831710634,0,0,0,53,0,0,0
57,16,6,2929.34585600001,925.845004560421,0,0,0,55,0,0,0
57,16,7,20597.3068927994,2574.99522193409,84,0,0,178,0,0,0
57,16,8,0,9,0,0,0,0,0,0,0
57,17,1,2834.30445815808,1326.25270168599,0,0,0,76,0,0,0
57,17,2,2793.96254720002,1868.28461903078,0,0,0,124,0,0,0
57,17,3,2840.39945472001,635.959702562523,19,0,0,130,0,0,0
57,17,4,2892.14114048002,742.571819153422,2,0,0,76,0,0,0
57,17,5,2860.49100800002,1065.627001088,0,0,0,83,0,0,0
57,17,6,2938.60128000001,1099.52540664665,0,0,0,92,0,0,0
57,17,7,20591.5203327993,6960.78323952032,91,0,0,139,0,0,0
57,17,8,0,9,0,0,0,0,0,0,0
57,18,1,2846.03148791809,627.083381272545,0,0,0,132,0,0,0
57,18,2,2812.81062400001,1152.64467254644,0,0,0,186,0,0,0
57,18,3,2836.27899392002,1755.76840333224,0,0,0,63,0,0,0
57,18,4,2892.90739968002,1085.68845418983,0,0,0,74,0,0,0
57,18,5,2869.70917120002,1614.14858850304,0,0,0,106,0,0,0
57,18,6,2952.77038080001,1738.27041675278,0,0,0,109,0,0,0
57,18,7,20598.0019967993,7537.11092300222,30,0,0,202,0,0,0
57,18,8,0,9,0,0,0,0,0,0,0
57,19,1,2842.40614391809,2105.20810363203,0,0,0,62,0,0,0
57,19,2,2819.06085120002,900.989633321521,0,0,0,115,0,0,0
57,19,3,2853.26714112002,1010.53059432136,0,0,0,175,0,0,0
57,19,4,2897.94464512002,1557.29872443924,0,0,0,108,0,0,0
57,19,5,2893.94746624002,1783.07454803929,0,0,0,161,0,0,0
57,19,6,2981.48763392001,1977.67626853826,0,0,0,170,0,0,0
57,19,7,20618.0797439993,13738.4321251668,24,0,0,252,0,0,0
57,19,8,0,9,0,0,0,0,0,0,0
57,20,1,2868.66456772609,793.748584024043,0,0,0,194,0,0,0
57,20,2,2817.03887616002,890.393492357027,0,0,0,90,0,0,0
57,20,3,2856.55552512002,1331.87070030882,0,0,0,101,0,0,0
57,20,4,2911.19648512002,745.140253887218,0,0,0,155,0,0,0
57,20,5,2922.04721971202,1023.08964674958,0,0,0,176,0,0,0
57,20,6,3013.10313472001,986.748762378157,0,0,0,197,0,0,0
57,20,7,20622.3634047992,6075.66902728285,34,0,0,196,0,0,0
57,20,8,0,9,0,0,0,0,0,0,0
57,21,1,2871.92929988609,872.763200807563,0,0,0,79,0,0,0
57,21,2,2813.51919360002,776.638579294679,0,0,0,89,0,0,0
57,21,3,2859.90282240001,1231.42022576131,0,0,0,133,0,0,0
57,21,4,2906.81131008002,1539.52581754019,0,0,0,74,0,0,0
57,21,5,2927.21594675202,1396.53396155618,0,0,0,102,0,0,0
57,21,6,3022.27852851201,857.721980343893,0,0,0,98,0,0,0
57,21,7,20622.8002687992,7072.77309170452,79,0,0,188,0,0,0
57,21,8,0,9,0,0,0,0,0,0,0
57,22,1,2869.75744503809,1088.08606345883,0,0,0,87,0,0,0
57,22,2,2808.86731212801,1321.93471859533,0,0,0,77,0,0,0
57,22,3,2862.60523632641,1244.72376346563,0,0,0,123,0,0,0
57,22,4,2921.00666112002,1167.78178482475,0,0,0,153,0,0,0
57,22,5,2939.28892979202,1231.83313231613,0,0,0,139,0,0,0
57,22,6,3025.30362726401,1315.94094487693,0,0,0,85,0,0,0
57,22,7,20627.6068735991,7951.32427467778,59,0,0,198,0,0,0
57,22,8,0,9,0,0,0,0,0,0,0
57,23,1,2870.65486839809,1583.65230320555,0,0,0,108,0,0,0
57,23,2,2814.50182553602,1074.89815992395,0,0,0,132,0,0,0
57,23,3,2867.28965027842,776.46568915844,0,0,0,124,0,0,0
57,23,4,2925.41840332802,515.322632760482,0,0,0,116,0,0,0
57,23,5,2947.08977459202,1706.08548144741,0,0,0,123,0,0,0
57,23,6,3043.58383462401,1106.07866857532,0,0,0,131,0,0,0
57,23,7,20638.9286015991,7533.20691438102,47,0,0,224,0,0,0
57,23,8,0,9,0,0,0,0,0,0,0
57,24,1,2889.11622239848,1397.42387868897,0,0,0,158,0,0,0
57,24,2,2816.57284096002,670.9703284718,0,0,0,107,0,0,0
57,24,3,2858.5337799885,802.537814613414,0,0,0,77,0,0,0
57,24,4,2914.62831513602,1286.55864289209,0,0,0,51,0,0,0
57,24,5,2973.08556380163,1503.72036571945,0,0,0,170,0,0,0
57,24,6,3059.57400627201,1384.59816287316,0,0,0,110,0,0,0
57,24,7,20638.405672959,7487.00408691399,86,0,0,163,0,0,0
57,24,8,0,9,0,0,0,0,0,0,0
57,25,1,2897.73653610088,466.363263239429,0,0,0,139,0,0,0
57,25,2,2805.80704478824,1032.60711841044,0,0,0,67,0,0,0
57,25,3,2844.6681256141,904.690744731438,0,0,0,80,0,0,0
57,25,4,2916.64268748802,1088.41050018664,0,0,0,128,0,0,0
57,25,5,2986.76808488962,533.533450946168,0,0,0,148,0,0,0
57,25,6,3079.50883891202,1622.10888503071,0,1,0,135,0,0,0
57,25,7,20643.552220159,7505.01684246753,0,188,0,203,0,0,0
57,25,8,0,9,0,0,0,0,0,0,0
57,26,1,2889.64005227399,557.256157873346,0,0,0,46,0,0,0
57,26,2,2805.47484843624,1062.44137071098,0,0,0,103,0,0,0
57,26,3,2841.8512992461,971.892528170039,0,0,0,90,0,0,0
57,26,4,2918.55040153602,1394.93562164309,0,0,0,108,0,0,0
57,26,5,2981.79241768962,1742.37336507848,0,0,0,53,0,0,0
57,26,6,3115.41421875201,1020.45289437358,0,0,0,162,0,0,0
57,26,7,20695.6679116789,6822.7689555018,28,0,0,240,0,0,0
57,26,8,0,9,0,0,0,0,0,0,0
57,27,1,2876.60949351303,1066.81671650717,0,0,0,55,0,0,0
57,27,2,2802.97142922594,1182.8562119162,0,0,0,106,0,0,0
57,27,3,2835.3319520461,995.463568430872,0,0,0,97,0,0,0
57,27,4,2924.93406072834,1080.44627650092,0,0,0,139,0,0,0
57,27,5,3004.67834347522,1636.1635089457,0,0,0,174,0,0,0
57,27,6,3128.74169856001,1393.20366030356,0,0,0,102,0,0,0
57,27,7,20717.9966668789,7502.88677092271,26,0,0,178,0,0,0
57,27,8,0,9,0,0,0,0,0,0,0
57,28,1,2884.07965555083,675.27899181856,0,0,0,106,0,0,0
57,28,2,2809.9820274116,995.583694860939,0,0,0,118,0,0,0
57,28,3,2835.45387387291,1094.13703821559,0,0,0,99,0,0,0
57,28,4,2931.51050352642,917.856670686618,0,0,0,108,0,0,0
57,28,5,3043.65708369512,1107.41851443472,0,0,0,163,0,0,0
57,28,6,3161.00972226561,1668.36728489852,0,0,0,139,0,0,0
57,28,7,20758.1228165108,6808.19933948792,24,0,0,193,0,0,7
57,28,8,0,9,0,0,0,0,0,0,0
57,29,1,2876.47296719243,566.216493634212,0,0,0,67,0,0,0
57,29,2,2807.8451011012,1080.49019918339,0,0,0,99,0,0,0
57,29,3,2829.40828078491,710.343811636586,0,0,0,109,0,0,0
57,29,4,2926.75252203522,730.688918899264,0,0,0,91,0,0,0
57,29,5,3053.08805445225,1691.74390066383,0,0,0,110,0,0,0
57,29,6,3195.18937012635,1412.09105552812,0,0,0,166,0,0,0
57,29,7,20802.9606133748,8508.30620318435,54,0,0,245,0,0,0
57,29,8,0,9,0,0,0,0,0,0,0
57,30,1,2872.76889897043,941.715384719672,0,0,0,56,0,0,0
57,30,2,2808.82627033512,775.854920443388,0,0,0,108,0,0,0
57,30,3,2820.74565200693,1645.82010691234,0,0,0,71,0,0,0
57,30,4,2920.17195735452,1235.10117716556,0,0,0,73,0,0,0
57,30,5,3082.62841118313,1743.44216368787,0,0,0,169,0,0,0
57,30,6,3231.38564030875,1284.79373485263,0,0,0,141,0,0,0
57,30,7,20841.6673567732,12064.0830993313,43,0,0,190,0,0,0
57,30,8,0,9,0,0,0,0,0,0,0
57,31,1,2873.38492825683,1504.40236543731,0,0,0,94,0,0,0
57,31,2,2795.84270338472,1055.54594216452,0,0,0,77,0,0,0
57,31,3,2822.47313437493,1120.55400225452,0,0,0,164,0,0,0
57,31,4,2915.90668503861,603.59606563278,0,0,0,123,0,0,0
57,31,5,3105.32087899753,919.323573389445,0,0,0,174,0,0,0
57,31,6,3246.09298378754,1484.63211785075,0,0,0,128,0,0,0
57,31,7,20857.6073785331,4471.59762662015,0,48,0,206,0,0,0
57,31,8,0,9,0,0,0,0,0,0,0
57,32,1,2883.11944558321,852.502693274053,0,0,0,150,0,0,0
57,32,2,2788.10330560936,1210.59819781549,0,0,0,105,0,0,0
57,32,3,2816.5444789797,927.444434956151,0,0,0,112,0,0,0
57,32,4,2899.69928651573,1159.08164239623,0,0,0,60,0,0,0
57,32,5,3099.95538523753,1281.20161180968,0,0,0,91,0,0,0
57,32,6,3264.51055540225,2007.393854659,0,0,0,148,0,0,0
57,32,7,20863.6574393331,8864.98009485619,163,0,0,169,0,0,0
57,32,8,0,9,0,0,0,0,0,0,0
57,33,1,2876.73817442853,1260.99006475471,0,0,0,85,0,0,0
57,33,2,2788.25022716328,1864.70078422704,0,0,0,121,0,0,0
57,33,3,2803.9818973692,530.885059976544,0,0,0,92,0,0,0
57,33,4,2893.75069306063,1810.03135186847,0,0,0,115,0,0,0
57,33,5,3109.82138686671,814.132371478265,0,0,0,128,0,0,0
57,33,6,3304.87587238299,2294.64471172557,0,0,0,181,0,0,0
57,33,7,20895.3660034035,10700.8848191621,40,0,0,204,0,0,0
57,33,8,0,9,0,0,0,0,0,0,0
57,34,1,2879.26928156811,449.440019351557,0,0,0,126,0,0,0
57,34,2,2793.71776088488,1386.31415277472,0,0,0,183,0,0,0
57,34,3,2782.70848449185,1691.83489619834,0,0,0,53,0,0,0
57,34,4,2901.82325728462,1596.32034126376,0,0,0,181,0,0,0
57,34,5,3105.24480728271,1588.88569935783,0,0,0,81,0,0,0
57,34,6,3334.31057267099,1236.3851512819,1,0,0,195,0,0,0
57,34,7,20924.5770544115,10841.6533337384,30,0,0,238,0,0,0
57,34,8,0,9,0,0,0,0,0,0,0
57,35,1,2865.67160698184,908.049628772889,0,0,0,44,0,0,0
57,35,2,2802.75246488385,1711.17164300906,0,0,0,138,0,0,0
57,35,3,2795.73426262443,1004.23976265009,0,0,0,169,0,0,0
57,35,4,2915.39501253838,1371.41625808707,0,0,0,159,0,0,0
57,35,5,3122.64514473986,1309.51929312463,0,0,0,158,0,0,0
57,35,6,3356.877478893,2188.47511907731,0,0,0,123,0,0,0
57,35,7,20974.7115923853,7738.12552837132,0,48,0,228,0,0,0
57,35,8,0,9,0,0,0,0,0,0,0
57,36,1,2858.36386784584,531.015056526669,0,0,0,90,0,0,0
57,36,2,2818.80448200249,1216.64012007281,0,0,0,171,0,0,0
57,36,3,2793.52751165867,707.123407173612,0,0,0,100,0,0,0
57,36,4,2921.06819349481,757.150075279771,0,0,0,137,0,0,0
57,36,5,3126.83420215216,845.917323704553,0,0,0,130,0,0,0
57,36,6,3401.83578813875,357.762639966712,0,0,0,218,0,0,0
57,36,7,21007.2517452173,9586.46399027493,30,0,0,210,0,0,0
57,36,8,0,9,0,0,0,0,0,0,0
57,37,1,2848.79655809868,902.57702135017,0,0,0,53,0,0,0
57,37,2,2819.17928142802,1437.17996303977,0,0,0,121,0,0,0
57,37,3,2788.80098213823,1534.19104535336,0,0,0,70,0,0,0
57,37,4,2910.75567517058,1039.75961637713,0,0,0,75,0,0,0
57,37,5,3124.15610590415,1705.5605904927,0,0,0,84,0,0,0
57,37,6,3395.40603493811,1347.98406430697,0,0,0,35,0,0,0
57,37,7,21038.5380360834,10568.9634102575,0,45,0,208,0,0,0
57,37,8,0,9,0,0,0,0,0,0,0
57,38,1,2846.33493797708,928.127977724758,0,0,0,90,0,0,0
57,38,2,2823.99675972914,1908.0793918697,0,0,0,143,0,0,0
57,38,3,2795.67165136504,673.660070678383,0,0,0,153,0,0,0
57,38,4,2914.26983525352,1397.19382248514,0,0,0,103,0,0,0
57,38,5,3139.80179290933,547.092606943692,0,0,0,170,0,0,0
57,38,6,3409.28401318663,2163.67502448941,0,0,0,134,0,0,0
57,38,7,21051.6307874433,5817.65409337339,28,0,0,209,0,0,0
57,38,8,0,9,0,0,0,0,0,0,0
57,39,1,2838.54362004991,2029.88604823445,0,0,0,92,0,0,0
57,39,2,2832.52760141106,882.343897448322,0,22,0,149,0,0,0
57,39,3,2785.26815118738,1298.36757181006,0,0,0,67,0,0,0
57,39,4,2919.88571565032,836.142945725978,0,1,0,137,0,0,0
57,39,5,3127.32480631932,1577.59302553653,0,0,0,54,0,0,0
57,39,6,3422.43881933165,1073.71203777352,0,39,0,142,0,0,0
57,39,7,21074.5351893633,9379.823509088,0,187,0,226,0,0,0
57,39,8,0,9,0,0,0,0,0,0,0
57,40,1,2870.0385526394,1239.22095522887,0,0,0,197,0,0,0
57,40,2,2830.96514055474,1130.76186204898,0,0,0,88,0,0,0
57,40,3,2797.42429111207,998.260679935033,0,0,0,129,0,0,0
57,40,4,2910.74416626353,1324.15915086242,0,0,0,83,0,0,0
57,40,5,3153.74566788531,984.651559140063,0,0,0,157,0,0,0
57,40,6,3441.56248264306,610.919031903513,0,0,0,107,0,0,0
57,40,7,21118.1879828023,6666.61533565558,28,0,0,179,0,0,0
57,40,8,0,9,0,0,0,0,0,0,0
57,41,1,2883.76286729218,744.199137749387,0,0,0,123,0,0,0
57,41,2,2835.16295052348,954.85345897318,0,0,0,113,0,0,0
57,41,3,2798.36676614485,1195.6345359331,0,0,0,99,0,0,0
57,41,4,2924.3304514798,1401.73706272425,0,0,0,132,0,0,0
57,41,5,3161.01526678636,1784.95827118043,0,0,0,98,0,0,0
57,41,6,3448.89353008674,1973.43855083142,0,0,0,61,0,0,0
57,41,7,21169.2467061303,10608.8459424935,33,0,0,214,0,0,0
57,41,8,0,9,0,0,0,0,0,0,0
57,42,1,2882.86339605639,871.245394227099,0,0,0,74,0,0,0
57,42,2,2832.7345941483,810.935295433378,0,0,0,95,0,0,0
57,42,3,2799.96906909955,1393.28847114031,0,0,0,119,0,0,0
57,42,4,2938.60118483496,1590.22643295505,0,0,0,140,0,0,0
57,42,5,3180.84702978328,632.558509322665,0,0,0,178,0,0,0
57,42,6,3489.2701398735,1767.45151822306,0,0,0,189,0,0,0
57,42,7,21206.4804756023,5689.21886029727,32,0,0,217,0,0,0
57,42,8,0,9,0,0,0,0,0,0,0
57,43,1,2878.63588031213,1119.72741854672,0,0,0,87,0,0,0
57,43,2,2825.02151765806,1285.00928179051,0,0,0,81,0,0,0
57,43,3,2814.75551720766,1488.69547983533,0,0,0,139,0,0,0
57,43,4,2960.88773330762,1757.43611667658,0,0,0,159,0,0,0
57,43,5,3171.84660947224,1230.21893211336,0,0,0,63,0,0,0
57,43,6,3532.32165963203,1619.44359637055,5,0,0,153,0,0,0
57,43,7,21240.9221943863,13319.9657053167,84,0,0,192,0,0,6
57,43,8,0,9,0,0,0,0,0,0,0
57,44,1,2875.26264222855,1004.34976945996,0,0,0,111,0,0,0
57,44,2,2819.46812591918,1123.30265837717,0,0,0,128,0,0,0
57,44,3,2820.37670808893,887.284888897581,0,0,0,148,0,0,0
57,44,4,2964.26582236776,1505.05074068139,0,0,0,175,0,0,0
57,44,5,3174.41992214398,2257.71807527602,0,0,0,123,0,0,0
57,44,6,3557.16477409133,1077.1504796982,0,0,0,161,0,0,0
57,44,7,21263.9867612727,6975.6818175294,35,0,0,245,0,0,0
57,44,8,0,9,0,0,0,0,0,0,0
57,45,1,2878.25988901069,226.791363720677,0,0,0,100,0,0,0
57,45,2,2825.21261487508,1406.4445000687,0,0,0,112,0,0,0
57,45,3,2815.60634851736,1299.19344924881,0,0,0,88,0,0,0
57,45,4,2983.4518664766,1958.47695525947,0,0,0,150,0,0,0
57,45,5,3209.50438885607,1353.27489729498,6,0,0,169,0,0,0
57,45,6,3584.10857722532,1571.98491396351,0,0,0,107,0,0,0
57,45,7,21308.7794425489,7971.54882933611,59,0,0,200,0,0,0
57,45,8,0,9,0,0,0,0,0,0,0
57,46,1,2864.72539582161,265.906719981048,0,0,0,22,0,0,0
57,46,2,2838.80850304069,698.77548960418,0,0,0,140,0,0,0
57,46,3,2825.71218023755,1314.0745075392,0,0,0,129,0,0,0
57,46,4,3015.21841137907,1170.96690605236,1,0,0,182,0,0,0
57,46,5,3241.87781731553,1829.10776768422,0,0,0,135,0,0,0
57,46,6,3633.96812838772,1982.54250442679,0,0,0,157,0,0,0
57,46,7,21361.8972658224,6193.47390027178,56,0,0,220,0,0,0
57,46,8,0,9,0,0,0,0,0,0,0
57,47,1,2850.79810093162,1366.06932996537,0,0,0,26,0,0,0
57,47,2,2833.2325966413,1586.35323150729,0,0,0,69,0,0,0
57,47,3,2828.94789566386,1172.23011552798,0,0,0,131,0,0,0
57,47,4,3023.83474797744,836.006757717722,0,0,0,117,0,0,0
57,47,5,3270.48099732729,1122.77567430082,17,0,0,145,0,0,0
57,47,6,3676.64693399755,1863.53492072565,15,0,0,165,0,0,0
57,47,7,21400.1392888573,9493.25779622883,181,0,0,221,0,0,0
57,47,8,0,9,0,0,0,0,0,0,0
57,48,1,2863.39162590416,1285.3577776911,0,0,0,136,0,0,0
57,48,2,2847.77170595096,1704.07181365786,0,0,0,158,0,0,0
57,48,3,2825.98140370169,1189.76599006767,0,0,0,117,0,0,0
57,48,4,3017.73263038389,1589.15178738035,0,0,0,83,0,0,0
57,48,5,3274.678525939,868.548004444531,0,0,0,112,0,0,0
57,48,6,3724.2611393981,1601.22716026498,0,0,0,180,0,0,0
57,48,7,21423.359686118,9533.80209261891,68,0,0,165,0,0,0
57,48,8,0,9,0,0,0,0,0,0,0
57,49,1,2881.27314065629,977.76059910323,0,0,0,128,0,0,0
57,49,2,2875.65205073798,1209.34183783267,0,0,0,170,0,0,0
57,49,3,2836.25937802143,1110.96874420321,0,0,0,118,0,0,0
57,49,4,3057.49790409226,989.178193606666,0,0,0,158,0,0,0
57,49,5,3292.49042003988,1036.36258280828,0,0,0,86,0,0,0
57,49,6,3803.52141353658,2188.99786101575,0,0,0,160,0,0,0
57,49,7,21492.5380123755,8299.2185564162,0,42,0,200,0,0,0
57,49,8,0,9,0,0,0,0,0,0,0
57,50,1,2886.4785988329,669.19923123419,0,0,0,97,0,0,0
57,50,2,2883.5716179213,781.431334124489,0,0,0,120,0,0,0
57,50,3,2839.36145646221,1608.09493892589,0,0,0,111,0,0,0
57,50,4,3049.58273404104,1577.99034178151,0,0,0,98,0,0,0
57,50,5,3300.46356539684,948.576164143475,0,0,0,103,0,0,0
57,50,6,3883.39479086652,2701.42653667479,0,0,0,217,0,0,0
57,50,7,21555.5680597754,11910.5229770766,32,0,0,222,0,0,0
57,50,8,0,9,0,0,0,0,0,0,0
57,51,1,2879.53510699201,1283.91943708918,0,0,0,66,0,0,0
57,51,2,2877.96161734269,989.462493924282,0,0,0,78,0,0,0
57,51,3,2848.40916919446,1295.24937561533,0,0,0,160,0,0,0
57,51,4,3060.215738083,1210.97093930797,0,0,0,157,0,0,0
57,51,5,3305.33518044797,1232.93088097497,0,0,0,94,0,0,0
57,51,6,3928.0704917864,1256.43238201959,0,2,0,186,0,0,0
57,51,7,21588.7246263034,10394.7968314778,0,34,0,241,0,0,0
57,51,8,0,9,0,0,0,0,0,0,0
57,52,1,2884.83470217116,1015.69929121064,0,0,0,128,0,0,0
57,52,2,2878.42632610985,1128.64443644417,0,2,0,96,0,0,0
57,52,3,2843.44685495381,1374.82375622088,0,0,0,129,0,0,0
57,52,4,3067.98591282904,677.458990302142,0,0,0,121,0,0,0
57,52,5,3315.56494276807,1585.98918123818,0,0,0,123,0,0,0
57,52,6,3958.57900872658,790.163528009311,0,1,0,124,0,0,0
57,52,7,21621.3111771414,4862.95986350646,4,234,0,258,0,0,1
57,52,8,0,9,0,0,0,0,0,0,0
57,53,1,2886.13185339001,1435.84541164997,0,0,0,101,0,0,0
57,53,2,2876.13308966552,1424.23693449004,0,0,0,112,0,0,0
57,53,3,2848.64226490559,1726.93357406691,0,0,0,137,0,0,0
57,53,4,3054.2375945189,984.891358624725,0,0,0,67,0,0,0
57,53,5,3335.26591663681,787.334044060281,0,0,0,158,0,0,0
57,53,6,3967.81871434793,1327.80343231615,0,0,0,79,0,0,0
57,53,7,21685.4249205382,4374.96698238153,21,0,0,225,0,0,0
57,53,8,0,9,0,0,0,0,0,0,0
57,54,1,2896.01014744301,970.95870034078,0,0,0,143,0,0,0
57,54,2,2883.86465125364,962.848872044451,0,0,0,142,0,0,0
57,54,3,2856.42231294059,1354.41277774064,0,0,0,172,0,0,0
57,54,4,3046.59725763761,1105.97208155236,0,0,0,98,0,0,0
57,54,5,3326.79067849159,707.377071745536,0,0,0,78,0,0,0
57,54,6,3985.32992105401,2621.83048965921,0,0,0,132,0,0,0
57,54,7,21714.3536578182,10389.9371773061,22,0,0,217,0,0,0
57,54,8,0,9,0,0,0,0,0,0,0
57,55,1,2899.49561002339,1247.26117081752,0,0,0,97,0,0,0
57,55,2,2882.60956827236,1186.2370146793,0,0,0,96,0,0,0
57,55,3,2859.93877994547,1009.96231549974,0,0,0,135,0,0,0
57,55,4,3045.97759172656,1866.93214676681,0,0,0,110,0,0,0
57,55,5,3313.94579571366,1616.34395667464,0,0,0,70,0,0,0
57,55,6,4070.02984361529,3050.8133650916,0,0,0,227,0,0,0
57,55,7,21765.5421727538,8706.03283268924,14,8,0,225,0,0,0
57,55,8,0,9,0,0,0,0,0,0,0
57,56,1,2895.76881460266,1541.13461501935,0,61,0,63,0,0,0
57,56,2,2861.60620309792,749.911859755601,0,69,0,49,0,0,0
57,56,3,2832.62194838202,638.806264801355,0,58,0,42,0,0,0
57,56,4,3047.39164022716,1509.2598592049,0,66,0,120,0,0,0
57,56,5,3315.77481824061,492.296156337739,0,85,0,76,0,0,0
57,56,6,4101.21052687694,923.537976683496,0,164,0,141,0,0,0
57,56,7,21806.5566230363,9268.53021153498,6,225,0,203,0,0,0
57,56,8,0,9,0,0,0,0,0,0,0
57,57,1,2915.43924796241,706.310818768781,0,0,0,154,0,0,0
57,57,2,2858.05081547134,1615.80851914786,0,0,0,74,0,0,0
57,57,3,2822.95117214161,1100.31053906779,0,0,0,63,0,0,0
57,57,4,3068.70763672441,1127.28935251672,0,0,0,150,0,0,0
57,57,5,3323.21408401131,528.634470144273,0,0,0,49,0,0,0
57,57,6,4129.13020736528,1574.99544723356,0,0,0,92,0,0,0
57,57,7,21875.7724546907,8697.5515086288,26,0,0,332,0,0,0
57,57,8,0,9,0,0,0,0,0,0,0
57,58,1,2925.34532532102,1325.28995486794,0,0,0,70,0,0,0
57,58,2,2908.55880185262,1622.07092901805,0,0,0,161,0,0,0
57,58,3,2849.71980786674,2275.232872318,0,0,0,110,0,0,0
57,58,4,3110.44338668668,966.012193294807,0,0,0,112,0,0,0
57,58,5,3346.97104995718,1876.18218031983,0,0,0,52,0,0,0
57,58,6,4229.66732174776,2150.65074496189,0,0,0,157,0,0,0
57,58,7,21984.6618327054,7508.70027637561,25,0,0,204,0,0,1
57,58,8,0,9,0,0,0,0,0,0,0
57,59,1,2970.16957562691,1076.14413488565,0,0,0,132,0,0,0
57,59,2,2970.63316054205,1190.53887956522,0,0,0,162,0,0,0
57,59,3,2909.82315390344,1064.18061132402,7,0,0,166,0,0,0
57,59,4,3143.47068228415,1429.58384443981,0,0,0,96,0,0,0
57,59,5,3450.81026725252,1186.70873874072,0,0,0,187,0,0,0
57,59,6,4391.30159204817,891.549113656256,0,0,0,214,0,0,0
57,59,7,22124.2594879917,5481.13238996986,59,0,0,237,0,0,0
57,59,8,0,9,0,0,0,0,0,0,0
57,60,1,2957.6742620305,1080.12458405303,83,0,0,24,0,0,0
57,60,2,2956.36060698294,1173.19442096052,61,0,0,58,0,0,0
57,60,3,2905.60211487,764.246308199164,48,0,0,58,0,0,0
57,60,4,3147.6681208947,1679.48992042057,71,0,0,71,0,0,0
57,60,5,3451.73406680962,1327.83649502974,55,0,0,63,0,0,0
57,60,6,4392.28135284791,2329.65454055771,48,0,0,41,0,0,0
57,60,7,22167.4234887577,11379.00803365,224,2,0,186,0,0,4
57,60,8,0,9,0,0,0,0,0,0,0
57,61,1,2967.8212620099,863.406936835903,0,0,0,108,0,0,0
57,61,2,2968.44273071675,1125.19713833227,0,0,0,117,0,0,0
57,61,3,2901.84812592509,1078.86978869812,0,0,0,76,0,0,0
57,61,4,3168.88351991698,2566.73775072492,0,0,0,167,0,0,0
57,61,5,3478.06235358854,2413.78214206864,0,0,0,132,0,0,0
57,61,6,4441.12980435691,1744.04908156229,1,0,0,195,0,0,0
57,61,7,22193.5313565286,6447.48503076585,43,0,0,261,0,0,0
57,61,8,0,9,0,0,0,0,0,0,0
57,62,1,2992.14523153176,600.339899670625,0,0,0,86,0,0,0
57,62,2,3011.10795935713,767.009273906183,0,0,0,112,0,0,0
57,62,3,2941.68032436507,1234.965406326,0,0,0,107,0,0,0
57,62,4,3226.52832822567,1291.77468448888,16,0,0,157,0,0,0
57,62,5,3553.45688104571,1754.88015531584,7,0,0,200,0,0,0
57,62,6,4588.85701629062,1701.69246136509,0,0,0,174,0,0,0
57,62,7,22321.1049696474,9236.45776915996,65,0,0,264,0,0,2
57,62,8,0,9,0,0,0,0,0,0,0
57,63,1,3001.1693564476,1483.22203987711,0,0,0,60,0,0,0
57,63,2,3017.24532835899,405.970518861454,0,0,0,76,0,0,0
57,63,3,2950.46964423769,1080.26542358423,0,0,0,123,0,0,0
57,63,4,3251.75275476306,1331.76046981835,0,0,0,129,0,0,0
57,63,5,3612.88021928073,1748.40117240839,0,0,0,175,0,0,0
57,63,6,4667.5932343841,1507.82266814644,0,0,0,170,0,0,0
57,63,7,22373.9620361882,11981.4695044812,52,0,0,247,0,0,0
57,63,8,0,9,0,0,0,0,0,0,0
57,64,1,3015.8146909408,1979.26533900572,0,0,0,148,0,0,0
57,64,2,3004.06168843081,723.087380339023,0,0,0,40,0,0,0
57,64,3,2957.03820805643,799.111286566961,0,0,0,108,0,0,0
57,64,4,3262.40113238203,1218.24268822819,0,0,0,133,0,0,0
57,64,5,3648.85766513296,1285.50414795535,0,0,0,174,0,0,0
57,64,6,4715.31375861574,1753.69484061175,0,0,0,150,0,0,0
57,64,7,22376.3737205402,6624.67226420306,42,0,0,214,0,0,0
57,64,8,0,9,0,0,0,0,0,0,0
57,65,1,3035.0066247655,1484.53208091039,87,0,0,102,0,0,0
57,65,2,3004.65117483581,1400.31224788361,2,0,0,70,0,0,0
57,65,3,2955.8885952884,1421.79542484434,9,0,0,70,0,0,0
57,65,4,3264.28001230987,1489.02139915947,48,0,0,69,0,0,0
57,65,5,3678.71215744473,871.415615028717,24,0,0,102,0,0,0
57,65,6,4752.48162780571,1483.09949164621,63,0,0,106,0,0,0
57,65,7,22451.3957774797,7661.56456177741,325,0,0,304,0,0,0
57,65,8,0,9,0,0,0,0,0,0,0
57,66,1,3071.37395843492,999.672890564816,0,0,0,148,0,0,0
57,66,2,3032.7389940017,1072.41846169329,0,0,0,140,0,0,0
57,66,3,2976.85168346446,429.149711897504,0,0,0,142,0,0,0
57,66,4,3289.29382089328,1580.77625569408,0,0,0,148,0,0,0
57,66,5,3707.97442060649,1319.73567400855,0,0,0,87,0,0,0
57,66,6,4839.84731422826,1480.63132743422,0,0,0,148,0,0,0
57,66,7,22489.0892126856,9888.33108889941,97,0,0,174,0,0,0
57,66,8,0,9,0,0,0,0,0,0,0
57,67,1,3078.49993492334,739.878590602403,0,0,0,99,0,0,0
57,67,2,3042.53382178671,1012.48552787557,0,0,0,107,0,0,0
57,67,3,2958.0480003064,984.508938571139,0,0,0,42,0,0,0
57,67,4,3326.27393743165,1094.96244355649,0,0,0,158,0,0,0
57,67,5,3739.79173309874,1754.60478939102,0,0,0,131,0,0,0
57,67,6,4911.06626420006,1972.10518523402,0,0,0,148,0,0,0
57,67,7,22532.6926711846,9022.7859202443,51,0,0,192,0,0,0
57,67,8,0,9,0,0,0,0,0,0,0
57,68,1,3074.44942848162,1013.32586526006,0,0,0,73,0,0,0
57,68,2,3038.42034586438,2220.10011613057,0,0,0,101,0,0,0
57,68,3,2960.71590456659,1500.04481874001,0,0,0,98,0,0,0
57,68,4,3325.6663666381,1246.16103061695,0,0,0,109,0,0,0
57,68,5,3776.80065600866,711.58609906841,0,0,0,175,0,0,0
57,68,6,4976.68509748342,2069.49521546375,0,0,0,189,0,0,0
57,68,7,22556.2510679315,11708.9376775435,63,0,0,184,0,0,0
57,68,8,0,9,0,0,0,0,0,0,0
57,69,1,3072.61353347489,1985.99166355396,0,0,0,101,0,0,0
57,69,2,3066.21875102025,1123.95648942267,0,0,0,222,0,0,0
57,69,3,2972.9982169652,1579.47731211346,0,0,0,150,0,0,0
57,69,4,3333.58704512052,707.512548458554,0,0,0,124,0,0,0
57,69,5,3771.36602633377,1249.59989622028,0,0,0,71,0,0,0
57,69,6,5041.86668767666,1132.80618071632,0,0,0,200,0,0,0
57,69,7,22571.3987716125,9447.48300161812,44,0,0,181,0,0,0
57,69,8,0,9,0,0,0,0,0,0,0
57,70,1,3093.99828422935,1293.10827501251,16,0,0,161,0,0,0
57,70,2,3075.01987936645,1426.47853343994,0,0,0,112,0,0,0
57,70,3,2998.50016336099,1839.35687904139,0,0,0,157,0,0,0
57,70,4,3328.48167872727,1477.40069868613,0,0,0,70,0,0,0
57,70,5,3809.15466427277,1688.84367428941,0,0,0,124,0,0,0
57,70,6,5081.43773371278,2158.8547965047,0,0,0,113,0,0,0
57,70,7,22628.4314172608,11891.433869338,283,0,0,293,0,0,0
57,70,8,0,9,0,0,0,0,0,0,0
57,71,1,3099.28285600323,1367.02549973772,0,0,0,129,0,0,0
57,71,2,3085.20891261303,1430.12781130997,0,0,0,142,0,0,0
57,71,3,3028.31724671982,1158.19023107889,1,0,0,171,0,0,0
57,71,4,3348.58535109494,1987.6117610225,0,0,0,147,0,0,0
57,71,5,3842.26556898042,777.458261780305,0,0,0,168,0,0,0
57,71,6,5158.42189424513,1658.40427207104,0,0,0,215,0,0,0
57,71,7,22661.3318499331,6283.3571130612,81,0,0,205,0,0,1
57,71,8,0,9,0,0,0,0,0,0,0
57,72,1,3122.78384214506,2114.33425820793,0,0,0,136,0,0,0
57,72,2,3101.88929656854,701.962421819318,0,0,0,143,0,0,0
57,72,3,3029.01268086934,1344.53149466643,0,0,0,115,0,0,0
57,72,4,3372.55981710816,1436.95078305515,16,0,0,161,0,0,0
57,72,5,3846.17887572089,1243.90124435923,0,0,0,77,0,0,0
57,72,6,5226.31490786218,1199.87446669483,9,0,0,146,0,0,0
57,72,7,22739.2544974827,10243.6426603055,179,0,0,234,0,0,0
57,72,8,0,9,0,0,0,0,0,0,0
57,73,1,3159.39191620294,1807.09120272183,1,0,0,179,0,0,0
57,73,2,3099.63219658316,1104.30996720364,0,0,0,70,0,0,0
57,73,3,3030.39309798295,1552.42029241576,0,0,0,134,0,0,0
57,73,4,3398.9202074459,1380.57809121462,0,0,0,143,0,0,0
57,73,5,3874.21547672379,940.376088490373,0,0,0,124,0,0,0
57,73,6,5298.65327849145,2576.29542203814,0,0,0,119,0,0,0
57,73,7,22794.1767376361,6131.81481370153,53,0,0,172,0,0,0
57,73,8,0,9,0,0,0,0,0,0,0
57,74,1,3162.52772051223,1023.42477555973,0,96,0,84,0,0,0
57,74,2,3076.58309041738,593.896950157866,0,48,0,62,0,0,0
57,74,3,3013.0020817554,1088.57216203536,0,92,0,63,0,0,0
57,74,4,3391.12722811565,2253.17011096984,0,86,0,52,0,0,0
57,74,5,3854.75005724869,1259.89514145839,0,41,0,53,0,0,0
57,74,6,5334.74396123664,2534.36109881931,0,131,0,126,0,0,0
57,74,7,22896.7640091301,7998.62709067023,0,316,0,297,0,0,0
57,74,8,0,9,0,0,0,0,0,0,0
57,75,1,3177.03173865766,1565.99694556049,0,0,0,102,0,0,0
57,75,2,3071.54244578485,856.769657363321,0,0,0,59,0,0,0
57,75,3,3026.33034943816,391.946405616836,0,0,0,108,0,0,0
57,75,4,3434.37442374461,1125.66458175375,0,0,0,211,0,0,0
57,75,5,3895.00496881991,2018.00059776282,0,0,0,125,0,0,0
57,75,6,5463.22818518857,1968.19499307108,0,0,0,246,0,0,0
57,75,7,22981.1709688376,5641.64416090337,24,0,0,303,0,0,0
57,75,8,0,9,0,0,0,0,0,0,0
57,76,1,3197.6585443469,1338.35325928553,0,0,0,156,0,0,0
57,76,2,3075.30295751785,1451.22614921024,0,0,0,85,0,0,0
57,76,3,3017.73542131427,1146.24370185207,0,0,0,39,0,0,0
57,76,4,3442.59854511094,1704.2148604873,0,0,0,112,0,0,0
57,76,5,3950.83209829481,2451.59995275429,7,0,0,164,0,0,0
57,76,6,5544.47447808772,1277.031848423,0,0,0,192,0,0,0
57,76,7,23048.2772864545,4189.21576924805,73,0,0,206,0,0,0
57,76,8,0,9,0,0,0,0,0,0,0
57,77,1,3208.62652198751,1619.27863811906,6,0,0,121,0,0,0
57,77,2,3089.20799084419,1454.46930147781,0,0,0,145,0,0,0
57,77,3,3025.4557459222,1310.91949502063,0,0,0,114,0,0,0
57,77,4,3461.93532744169,777.090263442411,11,0,0,146,0,0,0
57,77,5,3983.4196018268,2072.98530568878,29,0,0,183,0,0,0
57,77,6,5576.93728606611,1458.21740551505,0,0,0,127,0,0,0
57,77,7,23075.4854631756,5915.42028803564,134,0,0,137,0,0,0
57,77,8,0,9,0,0,0,0,0,0,0
57,78,1,3227.34283351158,813.486617306581,0,0,0,161,0,0,0
57,78,2,3115.27290079366,984.599410110834,0,0,0,145,0,0,0
57,78,3,3038.64443520922,1485.57174702582,0,0,0,131,0,0,0
57,78,4,3469.73733334499,1452.4920084806,0,0,0,77,0,0,0
57,78,5,4063.68262408253,1855.69580693147,1,0,0,188,0,0,1
57,78,6,5623.67740405328,3178.93013473545,0,0,0,145,0,0,0
57,78,7,23155.709052954,11676.7496816211,54,0,0,190,0,0,0
57,78,8,0,9,0,0,0,0,0,0,0
57,79,1,3228.89950263035,1627.10329391148,0,0,0,81,0,0,0
57,79,2,3121.45702433248,1033.90251636746,0,0,0,98,0,0,0
57,79,3,3068.29047948993,2042.87784234204,0,0,0,148,0,0,0
57,79,4,3495.39348866406,794.479885551265,0,0,0,145,0,0,0
57,79,5,4137.02879779776,2056.61029069546,0,0,0,184,0,0,0
57,79,6,5725.5965468656,2628.31832516747,3,0,0,189,0,0,2
57,79,7,23222.6716951435,6829.78919987752,34,0,0,228,0,0,0
57,79,8,0,9,0,0,0,0,0,0,0
57,80,1,3303.22424906801,715.366666496683,0,0,0,162,0,0,0
57,80,2,3169.22553703801,2172.32708991007,0,0,0,103,0,0,0
57,80,3,3160.06108341096,1886.36189047403,0,0,0,204,0,0,0
57,80,4,3517.7580102852,1779.55838404455,0,0,0,79,0,0,0
57,80,5,4326.95087547696,623.916922567281,0,0,0,205,0,0,0
57,80,6,5950.80349394075,2138.91335392841,8,0,0,169,0,0,0
57,80,7,23401.663623122,14605.3831219561,40,0,0,232,0,0,0
57,80,8,0,9,0,0,0,0,0,0,0
57,81,1,3295.6096216172,2277.5458067061,0,0,0,71,0,0,0
57,81,2,3200.50979484989,829.844137919151,0,0,0,196,0,0,0
57,81,3,3184.9750467525,1643.78937478702,0,0,0,184,0,0,0
57,81,4,3525.9868974746,1022.2728224908,0,0,0,177,0,0,0
57,81,5,4331.4073197601,1755.22203898358,0,0,0,62,0,0,0
57,81,6,6044.9065889845,3497.53403830525,0,0,0,213,0,0,0
57,81,7,23471.0751823593,7714.71307735152,33,0,0,306,0,0,0
57,81,8,0,9,0,0,0,0,0,0,0
57,82,1,3353.36422551787,1045.29712107845,11,0,0,161,0,0,0
57,82,2,3204.58063296033,1401.24594727373,0,0,0,82,0,0,0
57,82,3,3213.30177861933,572.673936411178,0,0,0,164,0,0,0
57,82,4,3533.77521635326,1587.35066504307,0,0,0,102,0,0,0
57,82,5,4404.48713839943,2678.98880268196,0,0,0,172,0,0,0
57,82,6,6204.53456933774,2027.0590910915,22,0,0,218,0,0,0
57,82,7,23565.0758101876,8953.61227787514,98,0,0,199,0,0,0
57,82,8,0,9,0,0,0,0,0,0,0
57,83,1,3392.64961622656,2033.41499644138,0,0,0,104,0,0,0
57,83,2,3243.24751235841,1262.06811969608,0,0,0,140,0,0,0
57,83,3,3203.07350996958,1233.99897193535,0,0,0,57,0,0,0
57,83,4,3578.99348554282,1260.44287258888,0,0,0,157,0,0,0
57,83,5,4523.58038668858,1892.61838006524,9,0,0,190,0,0,0
57,83,6,6391.51942269053,1709.11558752785,3,0,0,177,0,0,0
57,83,7,23695.7636564375,6112.83201174445,78,0,0,237,0,0,0
57,83,8,0,9,0,0,0,0,0,0,0
57,84,1,3442.55242069715,1046.98149735411,27,0,0,139,0,0,0
57,84,2,3291.48731694518,2245.53617750294,0,0,0,126,0,0,0
57,84,3,3242.78820175822,1825.94308257059,0,0,0,123,0,0,0
57,84,4,3625.90871281626,1094.14608894696,0,0,0,126,0,0,0
57,84,5,4658.26804511998,2393.73312673894,8,0,0,171,0,0,0
57,84,6,6573.79283670341,1807.15399588223,18,0,0,130,0,0,0
57,84,7,23835.6294332979,8715.26983672204,186,0,0,200,0,0,0
57,84,8,0,9,0,0,0,0,0,0,0
57,85,1,3445.16196149603,2526.30389365576,0,0,0,104,0,0,0
57,85,2,3323.45218743839,1300.95735125787,4,0,0,161,0,0,1
57,85,3,3279.12853504235,1758.48988486673,0,0,0,182,0,0,0
57,85,4,3636.52900138781,2168.57088297563,0,0,0,109,0,0,0
57,85,5,4729.95658013547,1903.51882906275,6,0,0,169,0,0,0
57,85,6,6722.26001506813,1853.48238824934,0,0,0,178,0,0,0
57,85,7,23923.5889380712,10267.5063545825,65,0,0,172,0,0,0
57,85,8,0,9,0,0,0,0,0,0,0
57,86,1,3480.88584796762,959.300662831939,4,0,0,190,0,0,0
57,86,2,3344.7232412055,928.356459592519,0,0,0,130,0,0,0
57,86,3,3298.0328166596,1811.47626717203,0,0,0,175,0,0,0
57,86,4,3677.68743459169,1961.62630972422,0,0,0,205,0,0,0
57,86,5,4803.54913562913,2717.62768312739,0,0,0,184,0,0,0
57,86,6,6807.42423555229,2751.35963959375,0,0,0,174,0,0,0
57,86,7,23979.3887016928,7848.17136117246,57,0,0,205,0,0,0
57,86,8,0,9,0,0,0,0,0,0,0
57,87,1,3452.74283867788,1288.80692685643,82,0,0,13,0,0,0
57,87,2,3331.94751607152,1075.41323567006,48,0,0,44,0,0,0
57,87,3,3319.50599477345,1607.64520076401,73,0,0,108,0,0,0
57,87,4,3696.78894840285,1602.55084535413,105,0,0,91,0,0,0
57,87,5,4861.5796358708,2375.06445407163,137,0,0,134,0,0,0
57,87,6,6937.23735142125,3010.24066358361,144,0,0,131,0,0,0
57,87,7,24094.7621735112,6965.35789291329,421,0,0,363,0,0,0
57,87,8,0,9,0,0,0,0,0,0,0
57,88,1,3457.09627909655,1392.04340197865,0,0,0,128,0,0,0
57,88,2,3336.49888964706,1737.48611765829,0,0,0,107,0,0,0
57,88,3,3346.94319703442,1160.26119212972,0,0,0,160,0,0,0
57,88,4,3743.24559693582,2179.11931349752,0,0,0,158,0,0,0
57,88,5,4953.76365082408,2182.99446145194,28,0,0,173,0,0,0
57,88,6,7055.00467737763,2363.33205868729,57,0,0,169,0,0,0
57,88,7,24107.7244321094,13431.1628809138,147,2,0,197,0,0,11
57,88,8,0,9,0,0,0,0,0,0,0
57,89,1,3477.59230832359,955.575636051711,0,0,0,139,0,0,0
57,89,2,3358.88800748429,1761.61274461048,0,0,0,173,0,0,0
57,89,3,3360.89419204852,967.730921337184,0,0,0,116,0,0,0
57,89,4,3789.15523769093,2381.7714912148,0,0,0,183,0,0,0
57,89,5,5002.11851220896,2423.05002736469,1,0,0,172,0,0,0
57,89,6,7172.58113844504,4910.6102211968,0,0,0,195,0,0,0
57,89,7,24131.6114549544,8934.33497288577,45,0,0,209,0,0,0
57,89,8,0,9,0,0,0,0,0,0,0
57,90,1,3490.08751148941,1980.39456704474,0,0,0,95,0,0,0
57,90,2,3411.88006737335,1336.94893793671,0,0,0,176,0,0,0
57,90,3,3372.06994428083,1004.88107986117,0,0,0,96,0,0,0
57,90,4,3871.87775708644,982.678897809034,4,0,0,189,0,0,0
57,90,5,5080.8761357834,2275.43152803286,6,0,0,170,0,0,1
57,90,6,7382.90652244088,4202.20228871911,26,0,0,212,0,0,2
57,90,7,24214.9964412949,6257.43475075501,64,0,0,213,0,0,2
57,90,8,0,9,0,0,0,0,0,0,0
57,91,1,3525.86287531946,919.848190795062,48,0,0,126,0,0,0
57,91,2,3438.18424730805,1672.43181903718,0,0,0,133,0,0,0
57,91,3,3385.86353531559,1470.56760303469,0,0,0,100,0,0,0
57,91,4,3914.81686700517,1936.52355515766,0,0,0,98,0,0,0
57,91,5,5166.53959368021,3049.01879811793,57,0,0,142,0,0,0
57,91,6,7528.37157710527,2889.00099770879,156,0,0,163,0,0,8
57,91,7,24274.6904083273,9296.25951470529,180,2,0,192,0,0,8
57,91,8,0,9,0,0,0,0,0,0,0
57,92,1,3570.3603054205,1938.06090237284,0,0,0,91,0,0,0
57,92,2,3494.03750961831,1689.36295177184,0,0,0,167,0,0,0
57,92,3,3427.43186692315,2178.43650903529,0,0,0,147,0,0,0
57,92,4,3986.35876293354,1728.42996051481,0,1,0,175,0,0,0
57,92,5,5348.40012632318,3457.82628023065,1,4,0,208,0,0,0
57,92,6,7938.07167597219,4020.84705332123,0,4,0,239,0,0,0
57,92,7,24359.6990560648,14686.1515645841,0,59,0,206,0,0,0
57,92,8,0,9,0,0,0,0,0,0,0
57,93,1,3588.58832486172,1129.18400524433,0,5,0,148,0,0,0
57,93,2,3493.99038726527,1412.38220420285,0,0,0,163,0,0,0
57,93,3,3448.46890318688,1399.86491234103,0,5,0,173,0,0,0
57,93,4,4016.11359152226,2037.44287887541,0,0,0,172,0,0,0
57,93,5,5427.22395156643,2988.31405478579,0,21,0,162,0,0,0
57,93,6,8072.86180249229,2948.34845524479,0,26,0,176,0,0,0
57,93,7,24354.611632474,4947.77450680593,0,155,0,144,0,0,0
57,93,8,0,9,0,0,0,0,0,0,0
57,94,1,3619.75271206587,1962.36932994644,0,0,0,112,0,0,0
57,94,2,3519.73988244734,1975.12527677536,0,0,0,141,0,0,0
57,94,3,3453.13757284217,1827.90864052662,0,0,0,139,0,0,0
57,94,4,4074.33926781986,2639.30638449267,6,0,0,179,0,0,0
57,94,5,5523.67340091273,2213.08097294776,24,0,0,210,0,0,0
57,94,6,8235.11652126958,2945.45443724752,40,0,0,145,0,0,0
57,94,7,24385.853926553,2296.15590026894,91,0,0,155,0,0,0
57,94,8,0,9,0,0,0,0,0,0,0
57,95,1,3620.65936794012,1098.3052520543,0,87,0,109,0,0,0
57,95,2,3511.07430852764,1580.72149500323,0,89,0,108,0,0,0
57,95,3,3442.11685146948,1066.39670659946,0,82,0,100,0,0,0
57,95,4,4091.98127862445,2281.80168508394,0,142,0,121,0,0,0
57,95,5,5546.90254249837,1713.61882022094,0,106,0,115,0,0,0
57,95,6,8335.99041586767,3959.17526010632,0,153,0,141,0,0,0
57,95,7,24366.7923313749,5864.4039283645,0,116,0,113,0,0,0
57,95,8,0,9,0,0,0,0,0,0,0
57,96,1,3661.46220375754,1385.39010481112,0,0,0,109,0,0,0
57,96,2,3620.02820982211,1000.09101397799,0,0,0,158,0,0,0
57,96,3,3484.30789518327,1384.40231843396,0,0,0,106,0,0,0
57,96,4,4236.22515557951,2286.94226008021,4,0,0,173,0,0,0
57,96,5,5792.44752832801,2408.84931164497,0,0,0,171,0,0,0
57,96,6,8776.66183488428,2492.16833351366,17,0,0,195,0,0,0
57,96,7,24555.9914460914,4132.1447552052,30,0,0,226,0,0,0
57,96,8,0,9,0,0,0,0,0,0,0
57,97,1,3659.18562025475,752.10641834166,0,0,0,138,0,0,0
57,97,2,3626.66276010018,929.542318860383,0,0,0,100,0,0,0
57,97,3,3492.66666731264,2260.28430887371,0,0,0,138,0,0,0
57,97,4,4296.31786276225,1050.5710399184,24,0,0,167,0,0,0
57,97,5,5867.9145918536,1957.83469616457,10,0,0,214,0,0,0
57,97,6,8875.19764293812,4128.76617214955,31,0,0,171,0,0,0
57,97,7,24578.6613594828,11642.1920715696,77,0,0,220,0,0,0
57,97,8,0,9,0,0,0,0,0,0,0
57,98,1,3662.96226815451,2168.20811450475,0,0,0,75,0,0,0
57,98,2,3650.30456813932,1090.73606214364,0,0,0,92,0,0,0
57,98,3,3547.88237298018,1801.24179035406,0,0,0,226,0,0,0
57,98,4,4339.15485271231,2228.11253946889,0,0,0,105,0,0,0
57,98,5,5947.74175031209,1461.8953999233,0,0,0,176,0,0,0
57,98,6,9057.56316452076,3489.33055414086,7,0,0,209,0,0,0
57,98,7,24626.9444965481,5477.04597534939,34,0,0,228,0,0,0
57,98,8,0,9,0,0,0,0,0,0,0
57,99,1,3689.63197882726,1730.87267822843,6,0,0,173,0,0,1
57,99,2,3674.73534553317,918.695986367728,0,0,0,109,0,0,0
57,99,3,3609.68830491736,613.218743972055,0,0,0,178,0,0,0
57,99,4,4432.93769954056,1343.0659757318,6,0,0,180,0,0,0
57,99,5,6061.65091562292,2315.17763510024,0,0,0,146,0,0,0
57,99,6,9316.1002074744,2666.48580299707,17,0,0,233,0,0,0
57,99,7,24695.1554382306,15502.6955163756,54,0,0,177,0,0,1
57,99,8,0,9,0,0,0,0,0,0,0
57,100,1,3712.25235060488,1662.73702130547,0,0,0,173,0,0,0
57,100,2,3667.17285164117,1818.91664779852,0,0,0,91,0,0,0
57,100,3,3606.12472758068,1211.68761294796,0,0,0,61,0,0,0
57,100,4,4461.98044500919,2446.14810361734,0,0,0,134,0,0,0
57,100,5,6176.68803281043,5121.05449851035,0,0,0,203,0,0,0
57,100,6,9494.36009024705,4584.26725630248,0,0,0,247,0,0,0
57,100,7,24697.5674894381,11432.8127396575,34,0,0,212,0,0,0
57,100,8,0,9,0,0,0,0,0,0,0
58,1,1,2932.032,1137.51688041239,0,0,0,92,0,0,0
58,1,2,2928.3264,1609.0287135838,0,0,0,94,0,0,0
58,1,3,2927.864,737.424067127504,0,0,0,99,0,0,0
58,1,4,2905.264,770.4055257736,0,0,0,6,0,0,0
58,1,5,2915.2112,931.739344007354,0,0,0,62,0,0,0
58,1,6,2915.224,1234.43639679803,0,0,0,57,0,0,0
58,1,7,19448.6479999999,9941.15236284804,0,0,0,82,0,0,0
58,1,8,0,6,0,0,0,48,0,0,0
58,2,1,2941.784,987.882356451874,0,0,0,113,0,0,0
58,2,2,2943.6928,1399.77209106997,0,0,0,160,0,0,0
58,2,3,2928.824,1231.47416227672,0,0,0,73,0,0,0
58,2,4,2907.64,1697.65456076541,0,0,0,77,0,0,0
58,2,5,2918.97152,1256.16041668777,0,0,0,93,0,0,0
58,2,6,2921.304,1829.2397802906,0,0,0,123,0,0,0
58,2,7,19401.8844799998,6423.08081623928,16,6,0,218,0,0,0
58,2,8,0,6,0,0,0,0,0,0,0
58,3,1,2944.328,1677.21784333681,0,1,0,97,0,0,0
58,3,2,2954.9568,854.338998952993,0,17,0,116,0,0,0
58,3,3,2933.68159999999,1229.50721363931,0,8,0,111,0,0,0
58,3,4,2922.6336,1212.42600263247,0,19,0,142,0,0,0
58,3,5,2925.75712,927.566000310972,0,9,0,113,0,0,0
58,3,6,2932.6816,1199.9651432824,0,44,0,121,0,0,0
58,3,7,19363.3705599998,4892.89969914537,0,278,0,253,0,0,0
58,3,8,0,6,0,0,0,0,0,0,0
58,4,1,2964.7696,1338.25485828036,0,0,0,162,0,0,0
58,4,2,2956.128,1349.65190309124,0,0,0,85,0,0,0
58,4,3,2947.71487999999,1522.63678768092,0,0,0,122,0,0,0
58,4,4,2934.5776,2028.94975940115,0,0,0,121,0,0,0
58,4,5,2933.03072,922.507097872722,0,0,0,92,0,0,0
58,4,6,2950.10368,1124.86332629553,0,0,0,119,0,0,0
58,4,7,19360.0649599998,7788.93670719127,36,0,0,175,0,0,0
58,4,8,0,6,0,0,0,0,0,0,0
58,5,1,2974.31392,1194.28159561964,0,0,0,133,0,0,0
58,5,2,2969.166464,347.907860126353,0,0,0,134,0,0,0
58,5,3,2968.111936,1428.78459037269,0,0,0,152,0,0,0
58,5,4,2959.9648,1416.74335041865,0,0,0,190,0,0,0
58,5,5,2944.29824,669.593084840916,0,0,0,92,0,0,0
58,5,6,2968.96608,1263.23494781271,0,0,0,112,0,0,0
58,5,7,19357.2326399997,5357.06244615025,28,0,0,181,0,0,0
58,5,8,0,6,0,0,0,0,0,0,0
58,6,1,2979.23296000001,1306.72172546945,0,0,0,119,0,0,0
58,6,2,2956.681664,915.654197404176,0,0,0,34,0,0,0
58,6,3,2984.337856,1408.55537627751,0,0,0,142,0,0,0
58,6,4,2975.58336000001,1745.45874153385,0,0,0,141,0,0,0
58,6,5,2945.33824,1069.19615814344,0,0,0,66,0,0,0
58,6,6,2990.62592000001,1270.34707971416,0,0,0,126,0,0,0
58,6,7,19348.0723199997,8396.70902823914,109,0,0,176,0,0,0
58,6,8,0,6,0,0,0,0,0,0,0
58,7,1,2985.68486400001,1535.10322904931,0,0,0,130,0,0,0
58,7,2,2950.736064,984.017444343423,0,0,0,91,0,0,0
58,7,3,2992.315776,1395.39083857826,0,0,0,140,0,0,0
58,7,4,2997.41216,826.237295064123,0,0,0,173,0,0,0
58,7,5,2950.45376,663.215750760846,0,0,0,106,0,0,0
58,7,6,3006.65792,2054.27237134965,0,0,0,127,0,0,0
58,7,7,19344.4351999997,7358.68870645939,39,0,0,189,0,0,0
58,7,8,0,6,0,0,0,0,0,0,0
58,8,1,2994.53321216001,1087.19461199851,0,0,0,153,0,0,0
58,8,2,2945.393024,1273.64071097179,0,0,0,98,0,0,0
58,8,3,2999.645184,1510.69961674592,0,0,0,139,0,0,0
58,8,4,2996.236416,1245.73529895819,0,0,0,82,0,0,0
58,8,5,2950.85024,1232.96835341797,0,0,0,66,0,0,0
58,8,6,3039.12416,1455.99744081747,0,0,0,205,0,0,0
58,8,7,19350.7935999997,8686.09540361949,41,0,0,240,0,0,5
58,8,8,0,6,0,0,0,0,0,0,0
58,9,1,2991.29276416001,1117.53166454672,0,0,0,108,0,0,0
58,9,2,2951.24678400001,1139.6206233604,0,0,0,127,0,0,0
58,9,3,3013.38028800001,1062.70192737727,0,0,0,151,0,0,0
58,9,4,3004.45657600001,1295.54729010221,0,0,0,124,0,0,0
58,9,5,2965.647616,1030.95200168957,0,0,0,123,0,0,0
58,9,6,3064.79552000001,1255.74071559621,0,0,0,145,0,0,0
58,9,7,19346.2991999996,12806.7259653676,44,0,0,179,0,0,0
58,9,8,0,6,0,0,0,0,0,0,0
58,10,1,2982.86793216002,977.144737918653,0,0,0,111,0,0,0
58,10,2,2945.57888000001,557.984520223787,0,0,0,113,0,0,0
58,10,3,3010.75283200001,1013.14123963339,0,0,0,106,0,0,0
58,10,4,3010.11449600001,1265.23427145492,0,0,0,129,0,0,0
58,10,5,2970.65593600001,1485.41586705277,0,0,0,103,0,0,0
58,10,6,3080.72230400001,1752.73918699579,0,0,0,125,0,0,0
58,10,7,19331.4422399996,8580.27822521857,0,50,0,204,0,0,0
58,10,8,0,6,0,0,0,0,0,0,0
58,11,1,2977.95709696002,943.908751931245,0,1,0,96,0,0,0
58,11,2,2927.67097600001,1954.12166433794,0,0,0,55,0,0,0
58,11,3,3007.89088000001,872.152652832036,0,0,0,101,0,0,0
58,11,4,3015.26942720001,809.251335016657,0,4,0,120,0,0,0
58,11,5,2986.89496320001,646.088179304671,0,2,0,145,0,0,0
58,11,6,3101.03811840002,1100.66555088213,0,24,0,141,0,0,0
58,11,7,19317.0239999995,3984.98763877694,5,161,0,161,0,0,5
58,11,8,0,6,0,0,0,0,0,0,0
58,12,1,2978.14257152002,861.141035192772,0,0,0,94,0,0,0
58,12,2,2936.80794880002,1270.60764184101,0,0,0,185,0,0,1
58,12,3,3002.16243200001,1792.22573374604,0,0,0,87,0,0,0
58,12,4,3016.81680640002,1120.1120736443,0,0,0,80,0,0,0
58,12,5,2987.93726720001,565.024863971228,0,0,0,64,0,0,0
58,12,6,3119.23971840002,375.306164832755,0,0,0,110,0,0,0
58,12,7,19329.8595839995,6466.3497590821,24,0,0,182,0,0,0
58,12,8,0,6,0,0,0,0,0,0,0
58,13,1,2961.31863552002,401.233372827423,0,0,0,86,0,0,0
58,13,2,2938.96774400002,1244.90442300425,0,0,0,127,0,0,0
58,13,3,3008.63379456001,1329.35663064656,0,0,0,178,0,0,0
58,13,4,3016.31619840001,926.877410507157,0,0,0,112,0,0,0
58,13,5,2980.45688320001,1769.43995151547,0,0,0,56,0,0,0
58,13,6,3116.35747840002,1143.66183275333,0,0,0,37,0,0,0
58,13,7,19339.7155199995,4815.50914647448,0,28,0,241,0,0,0
58,13,8,0,6,0,0,0,0,0,0,0
58,14,1,2929.70593792002,1337.44984010863,0,31,0,9,0,0,0
58,14,2,2924.22304000002,1428.60360946266,0,51,0,73,0,0,0
58,14,3,2996.33272576002,1510.93040352576,0,55,0,77,0,0,0
58,14,4,3002.30064384001,1692.08347148616,0,46,0,46,0,0,0
58,14,5,2979.30885120001,867.636603285659,0,93,0,83,0,0,0
58,14,6,3116.32221440002,1469.04320575787,0,58,0,56,0,0,0
58,14,7,19353.2037759995,12235.7758687183,0,228,0,239,0,0,0
58,14,8,0,6,0,0,0,0,0,0,0
58,15,1,2930.01445632002,559.095754627545,0,0,0,133,0,0,0
58,15,2,2931.61920000002,811.523152048329,0,0,0,142,0,0,0
58,15,3,3011.03923456002,701.426347417492,0,0,0,151,0,0,0
58,15,4,3024.77851084801,1931.52139260943,0,0,0,169,0,0,0
58,15,5,2989.38917120001,1545.32143164229,0,0,0,86,0,0,0
58,15,6,3145.85648640001,933.015375764907,0,0,0,146,0,0,0
58,15,7,19390.2840959995,6125.52031120357,21,4,0,235,0,0,0
58,15,8,0,6,0,0,0,0,0,0,0
58,16,1,2921.65795072002,719.191906464177,0,0,0,55,0,0,0
58,16,2,2924.29676800002,599.710421279196,0,0,0,81,0,0,0
58,16,3,3007.34923776002,1434.15316335291,0,0,0,70,0,0,0
58,16,4,3040.41411827714,1572.29383347146,15,0,0,141,0,0,0
58,16,5,3015.30858240001,1265.93929772186,0,0,0,154,0,0,0
58,16,6,3164.01021440001,2329.24263812671,0,0,0,93,0,0,0
58,16,7,19410.5399039995,6098.63085033724,136,0,0,148,0,0,0
58,16,8,0,6,0,0,0,0,0,0,0
58,17,1,2913.41686272002,680.753318831767,0,0,0,71,0,0,0
58,17,2,2913.29553920002,1081.72908708044,0,0,0,59,0,0,0
58,17,3,3011.49807872002,1803.68763441875,0,0,0,143,0,0,0
58,17,4,3060.39706611714,955.715528354242,0,0,0,157,0,0,0
58,17,5,3030.27560960001,728.253139055013,0,0,0,126,0,0,0
58,17,6,3192.00765440001,1585.84006133212,36,0,0,153,0,0,0
58,17,7,19448.8851967995,4242.70778818937,174,0,0,227,0,0,0
58,17,8,0,6,0,0,0,0,0,0,0
58,18,1,2902.66942259202,1924.38515247883,0,0,0,68,0,0,0
58,18,2,2912.48227840002,1546.27165114332,0,0,0,108,0,0,0
58,18,3,3031.89527592962,1208.85384969291,0,0,0,180,0,0,0
58,18,4,3065.56202995714,1336.31625696806,0,0,0,95,0,0,0
58,18,5,3035.60086784001,1044.31900318786,0,0,0,72,0,0,0
58,18,6,3225.92961280001,1502.27713185825,0,0,0,157,0,0,0
58,18,7,19488.7760895995,11727.7921144705,81,0,0,188,0,0,0
58,18,8,0,6,0,0,0,0,0,0,0
58,19,1,2911.90158692354,860.850823587794,0,0,0,192,0,0,0
58,19,2,2913.94937958402,282.055300346383,0,0,0,154,0,0,0
58,19,3,3031.20130088963,1610.61723978208,0,0,0,120,0,0,0
58,19,4,3074.58483556354,1188.09506709728,0,0,0,133,0,0,0
58,19,5,3044.75970304002,1044.3045780474,0,0,0,104,0,0,0
58,19,6,3252.62680320001,567.261001286223,0,0,0,150,0,0,0
58,19,7,19527.2844518395,14892.3962714807,35,0,0,229,0,0,0
58,19,8,0,6,0,0,0,0,0,0,0
58,20,1,2899.02784868354,855.187999708185,0,0,0,86,0,0,0
58,20,2,2888.73951334402,1221.95711408579,0,0,0,28,0,0,0
58,20,3,3040.08556328962,1000.08743358003,0,0,0,161,0,0,0
58,20,4,3072.15206244354,1244.61308223866,0,0,0,118,0,0,0
58,20,5,3053.41881600002,666.327119946976,0,0,0,104,0,0,0
58,20,6,3255.81124864001,997.588813872527,0,0,0,56,0,0,0
58,20,7,19581.7550822395,6367.49205287516,26,0,0,345,0,0,0
58,20,8,0,6,0,0,0,0,0,0,0
58,21,1,2892.29096292354,1399.00881728239,0,0,0,85,0,0,0
58,21,2,2889.41335992322,1122.46466368568,0,0,0,122,0,0,0
58,21,3,3038.4595923149,1231.37662027059,0,0,0,100,0,0,0
58,21,4,3078.67800161897,1029.89641082014,0,0,0,124,0,0,0
58,21,5,3054.84606720002,1345.75885247436,0,0,0,66,0,0,0
58,21,6,3277.66244556801,1911.98283683826,0,0,0,99,0,0,0
58,21,7,19610.0054758395,8808.26165379294,60,0,0,178,0,0,0
58,21,8,0,6,0,0,0,0,0,0,0
58,22,1,2889.20094769154,1678.7521559519,0,0,0,139,0,0,0
58,22,2,2880.68253112323,535.367795702839,0,0,0,112,0,0,0
58,22,3,3035.39364294658,1063.5970692602,0,0,0,123,0,0,0
58,22,4,3071.03442949737,1232.60351387614,0,0,0,102,0,0,0
58,22,5,3061.65997056002,2027.33917238088,0,0,0,134,0,0,0
58,22,6,3309.26146353153,1541.60308157396,0,0,0,191,0,0,0
58,22,7,19638.0546278395,6652.46735885209,47,0,0,240,0,0,0
58,22,8,0,6,0,0,0,0,0,0,0
58,23,1,2880.51052132354,1370.83725694084,0,82,0,85,0,0,0
58,23,2,2854.72601528323,1052.19113664912,0,28,0,25,0,0,0
58,23,3,3015.92028614658,717.472557089037,0,49,0,57,0,0,0
58,23,4,3054.48092362345,736.804392346206,0,47,0,76,0,0,0
58,23,5,3063.15987456002,733.935832293173,0,107,0,95,0,0,0
58,23,6,3313.55029297153,1762.73697749929,0,78,0,76,0,0,0
58,23,7,19642.8822758395,7482.36246013863,8,178,0,144,0,0,0
58,23,8,0,6,0,0,0,0,0,0,0
58,24,1,2889.33128701954,877.057991928994,0,0,0,137,0,0,0
58,24,2,2855.08682424322,1013.80506292976,0,0,0,105,0,0,0
58,24,3,3001.81107398658,1087.97592614879,0,0,0,71,0,0,0
58,24,4,3050.68068042345,1970.03507271267,0,0,0,73,0,0,0
58,24,5,3070.84517376002,1045.6745770801,0,0,0,73,0,0,0
58,24,6,3354.20035428353,924.802476450572,0,0,0,176,0,0,0
58,24,7,19681.2288998395,2583.49491284387,25,2,0,216,0,0,0
58,24,8,0,6,0,0,0,0,0,0,0
58,25,1,2882.55327997954,615.861816920394,0,0,0,87,0,0,0
58,25,2,2852.23987589122,1099.88524385981,0,0,0,101,0,0,0
58,25,3,2998.70148294658,965.529073551792,0,0,0,108,0,0,0
58,25,4,3060.85916362345,1513.69311194504,23,0,0,144,0,0,0
58,25,5,3082.99268864002,521.37160483097,0,0,0,104,0,0,0
58,25,6,3372.31412785153,2181.26285036719,0,0,0,92,0,0,0
58,25,7,19703.1312998395,5939.08078934672,45,0,0,154,0,0,0
58,25,8,0,6,0,0,0,0,0,0,0
58,26,1,2875.38434406402,1458.51590961012,0,0,0,61,0,0,0
58,26,2,2852.07491482012,1184.42380849635,0,0,0,109,0,0,0
58,26,3,3002.1938593997,1540.31961323448,0,0,0,96,0,0,0
58,26,4,3079.30722631272,978.655151557373,0,0,0,151,0,0,0
58,26,5,3086.75316275202,1683.36385962935,0,0,0,52,0,0,0
58,26,6,3428.18398093313,982.106744626917,0,0,0,218,0,0,0
58,26,7,19739.4902906875,9404.90525932418,32,0,0,183,0,0,0
58,26,8,0,6,0,0,0,0,0,0,0
58,27,1,2884.98496839682,1095.55667582997,0,0,0,145,0,0,0
58,27,2,2852.73909545372,1549.19321398101,0,0,0,118,0,0,0
58,27,3,3012.4238533837,2082.92206879787,0,0,0,154,0,0,0
58,27,4,3081.90616391273,2537.70447482917,0,0,0,97,0,0,0
58,27,5,3107.52957747202,698.505626167795,0,0,0,168,0,0,0
58,27,6,3448.14001293313,1709.52262254902,0,0,0,98,0,0,0
58,27,7,19772.9091450874,12071.9347450502,25,0,0,235,0,0,0
58,27,8,0,6,0,0,0,0,0,0,0
58,28,1,2881.30455050242,861.004121089908,0,0,0,109,0,0,0
58,28,2,2861.13701366172,957.645927761906,0,0,0,154,0,0,0
58,28,3,3028.19481504237,1278.73769604574,0,0,0,190,0,0,0
58,28,4,3101.542041002,1747.34905522789,1,0,0,194,0,0,1
58,28,5,3106.59296051202,1677.0950888221,0,0,0,69,0,0,0
58,28,6,3483.37508870145,1991.08855837465,0,0,0,170,0,0,0
58,28,7,19808.6556129274,9994.54235663946,28,0,0,251,0,0,2
58,28,8,0,6,0,0,0,0,0,0,0
58,29,1,2874.85988259842,902.645517120102,0,0,0,86,0,0,0
58,29,2,2856.47405803931,515.297061916886,0,0,0,95,0,0,0
58,29,3,3023.02918629869,732.423425799358,0,0,0,127,0,0,0
58,29,4,3119.803169706,972.728546257596,0,0,0,174,0,0,0
58,29,5,3127.02507008002,1792.74060345626,0,0,0,167,0,0,0
58,29,6,3523.69221525505,1838.32822493756,0,0,0,194,0,0,0
58,29,7,19823.5151559674,9451.34170804504,72,0,0,196,0,0,0
58,29,8,0,6,0,0,0,0,0,0,0
58,30,1,2871.30618105858,1573.31014964555,0,0,0,90,0,0,0
58,30,2,2838.74925855131,517.210469519392,0,0,0,51,0,0,0
58,30,3,3013.69694943316,1255.06624221734,0,0,0,73,0,0,0
58,30,4,3119.80056781129,660.586488171611,0,0,0,97,0,0,0
58,30,5,3151.28350208002,1134.26509177077,0,0,0,179,0,0,0
58,30,6,3557.58065702504,953.257723839277,3,0,0,163,0,0,0
58,30,7,19839.4250567673,8710.91757405929,110,0,0,167,0,0,0
58,30,8,0,6,0,0,0,0,0,0,0
58,31,1,2880.3130081444,1928.79281820271,0,0,0,157,0,0,0
58,31,2,2826.69560144284,1296.0651036753,0,0,0,51,0,0,0
58,31,3,3010.12867741422,1635.80601796498,0,0,0,125,0,0,0
58,31,4,3114.67165754083,1972.02819301208,0,0,0,66,0,0,0
58,31,5,3160.45938585602,1850.28061829659,0,0,0,113,0,0,0
58,31,6,3574.58670126695,1465.09480072158,0,0,0,95,0,0,0
58,31,7,19869.0220487674,9985.47379188901,0,41,0,211,0,0,0
58,31,8,0,6,0,0,0,0,0,0,0
58,32,1,2869.64464852584,695.434720617503,0,118,0,74,0,0,0
58,32,2,2816.38906724764,660.763677065881,0,58,0,71,0,0,0
58,32,3,2986.43951456906,1635.86242700226,0,79,0,84,0,0,0
58,32,4,3104.88947186403,1281.04251347119,0,108,0,89,0,0,0
58,32,5,3161.40408760321,2235.53453080314,0,93,0,92,0,0,0
58,32,6,3581.02807342696,1869.43303121572,0,71,0,75,0,0,0
58,32,7,19899.5307315193,8443.57427413163,7,248,0,241,0,0,0
58,32,8,0,6,0,0,0,0,0,0,0
58,33,1,2869.18036807272,948.265130523249,0,0,0,69,0,0,0
58,33,2,2818.18670643611,1001.19672020128,0,0,0,66,0,0,0
58,33,3,3010.96867228298,1133.56744659643,0,0,0,163,0,0,0
58,33,4,3131.80394837116,1702.05460276868,0,0,0,128,0,0,0
58,33,5,3207.42669486081,1599.91926060657,1,0,0,197,0,0,0
58,33,6,3639.58331743766,273.462759074912,0,0,0,186,0,0,0
58,33,7,19949.2370094073,9708.56849650039,31,0,0,204,0,0,0
58,33,8,0,6,0,0,0,0,0,0,0
58,34,1,2878.7831130235,1314.15095417338,0,0,0,94,0,0,0
58,34,2,2819.92405236123,1455.64861959665,0,0,0,100,0,0,0
58,34,3,3023.62685439438,1039.15524209423,0,0,0,113,0,0,0
58,34,4,3163.34825047721,1602.58478940876,0,0,0,170,0,0,0
58,34,5,3248.29281761281,1268.54300408125,0,0,0,159,0,0,0
58,34,6,3647.15921247766,1303.00177970191,0,0,0,27,0,0,0
58,34,7,19991.8378639352,10279.828907253,29,0,0,189,0,0,0
58,34,8,0,6,0,0,0,0,0,0,0
58,35,1,2885.72043687118,1020.43905362243,0,0,0,131,0,0,0
58,35,2,2833.08726419867,1436.07340845044,0,0,0,145,0,0,0
58,35,3,3021.04213349711,820.876724634165,0,0,0,103,0,0,0
58,35,4,3187.74146467756,1575.35735135724,0,0,0,160,0,0,0
58,35,5,3274.04135014401,1068.85572505926,0,0,0,126,0,0,0
58,35,6,3680.33621599766,974.368958986748,0,0,0,130,0,0,0
58,35,7,20028.5177815032,6713.92478009683,28,0,0,213,0,0,0
58,35,8,0,6,0,0,0,0,0,0,0
58,36,1,2895.16899658958,1592.56938886205,0,0,0,102,0,0,0
58,36,2,2843.98040172464,701.126779566629,0,0,0,143,0,0,0
58,36,3,3023.84900627381,1165.75044166221,0,0,0,82,0,0,0
58,36,4,3208.77551262349,767.014923970194,0,0,0,157,0,0,0
58,36,5,3293.77062397953,531.410546541725,0,0,0,106,0,0,0
58,36,6,3707.41110951036,1100.883959281,0,0,0,97,0,0,0
58,36,7,20068.3410397176,7542.61088217545,40,0,0,207,0,0,0
58,36,8,0,6,0,0,0,0,0,0,0
58,37,1,2920.41442882684,639.857622083049,0,0,0,159,0,0,0
58,37,2,2836.89098186672,745.723096956209,0,0,0,70,0,0,0
58,37,3,3034.37062697237,1100.25801292099,0,0,0,116,0,0,0
58,37,4,3217.58478354757,1116.32442478447,0,0,0,76,0,0,0
58,37,5,3294.90055315048,814.647458083238,0,0,0,53,0,0,0
58,37,6,3739.82974114448,405.892631297242,0,0,0,110,0,0,0
58,37,7,20101.2666492919,7035.32404654813,37,0,0,181,0,0,1
58,37,8,0,6,0,0,0,0,0,0,0
58,38,1,2921.74443337156,537.616015443869,0,0,0,63,0,0,0
58,38,2,2833.13058903984,1160.02294672897,0,0,0,74,0,0,0
58,38,3,3043.24070923202,1072.59628478665,0,0,0,110,0,0,0
58,38,4,3233.14874684962,1666.16623561031,0,0,0,111,0,0,0
58,38,5,3303.88510144431,1173.28346632476,0,0,0,81,0,0,0
58,38,6,3745.07741266986,2000.16662030391,0,0,0,40,0,0,0
58,38,7,20141.2830483652,8823.76574846389,61,0,0,195,0,0,0
58,38,8,0,6,0,0,0,0,0,0,0
58,39,1,2917.09741249087,1683.86445722817,0,0,0,53,0,0,0
58,39,2,2840.30413713737,1329.5772131496,0,0,0,116,0,0,0
58,39,3,3052.43289115848,2014.70357950374,0,0,0,107,0,0,0
58,39,4,3265.73870661368,988.916203167024,0,0,0,166,0,0,0
58,39,5,3333.0447594447,1472.12653949677,0,0,0,117,0,0,0
58,39,6,3802.55758975223,1955.17407929829,2,0,0,171,0,0,0
58,39,7,20179.1875943251,13233.4584017528,49,0,0,176,0,0,0
58,39,8,0,6,0,0,0,0,0,0,0
58,40,1,2925.61538208319,1725.12638792246,0,0,0,168,0,0,0
58,40,2,2834.87935962072,532.340000045834,0,0,0,132,0,0,0
58,40,3,3066.58051153398,1371.79818416489,0,0,0,191,0,0,0
58,40,4,3267.98403950328,331.623436754738,0,0,0,98,0,0,0
58,40,5,3349.4226543567,1696.74149992209,0,0,0,147,0,0,0
58,40,6,3841.14835552421,1853.55883304173,0,0,0,195,0,0,0
58,40,7,20209.1037389651,11621.8328431354,40,0,0,265,0,0,0
58,40,8,0,6,0,0,0,0,0,0,0
58,41,1,2940.87377782867,1101.24431851781,0,0,0,172,0,0,0
58,41,2,2819.90302643668,851.497623921079,0,0,0,53,0,0,0
58,41,3,3082.35218654301,1793.97201116177,0,0,0,137,0,0,0
58,41,4,3251.92534532917,1433.16902207352,0,0,0,33,0,0,0
58,41,5,3380.48707550152,2146.80247154748,0,0,0,169,0,0,0
58,41,6,3881.57734711051,1104.59380755241,0,0,0,183,0,0,0
58,41,7,20236.4185420627,8628.95221580682,70,0,0,186,0,0,0
58,41,8,0,6,0,0,0,0,0,0,0
58,42,1,2948.34524655453,937.632706126592,0,0,0,110,0,0,0
58,42,2,2811.82510036751,1359.56129793259,0,0,0,85,0,0,0
58,42,3,3104.68228042689,906.640558232676,3,0,0,163,0,0,0
58,42,4,3272.18852073816,900.821380908474,0,0,0,143,0,0,0
58,42,5,3409.5925176151,1129.51291791214,8,0,0,190,0,0,0
58,42,6,3908.60996073228,2298.35839201159,0,0,0,110,0,0,0
58,42,7,20260.3534067539,8295.40409191805,186,1,0,172,0,0,19
58,42,8,0,6,0,0,0,0,0,0,0
58,43,1,2940.39501327074,794.033480804551,0,0,0,93,0,0,0
58,43,2,2817.71127727969,1164.28650290957,0,0,0,135,0,0,0
58,43,3,3089.15000152083,1536.47491546449,0,0,0,90,0,0,0
58,43,4,3266.41566602507,1057.12491196432,0,0,0,90,0,0,0
58,43,5,3415.52581871974,1127.64474829335,0,0,0,112,0,0,0
58,43,6,3940.16208221964,1844.38699623801,20,0,0,173,0,0,2
58,43,7,20296.7139678035,7777.87963079927,219,0,0,254,0,0,2
58,43,8,0,6,0,0,0,0,0,0,0
58,44,1,2933.2133568191,2200.92674415836,0,0,0,79,0,0,0
58,44,2,2816.87715261715,1139.90914783344,0,0,0,116,0,0,0
58,44,3,3106.53370463554,1588.80530239362,0,0,0,153,0,0,0
58,44,4,3269.24702379422,1087.19819701741,0,0,0,105,0,0,0
58,44,5,3420.72931901454,744.848545794425,0,0,0,112,0,0,0
58,44,6,3991.73396492958,1264.5762976754,0,0,0,180,0,0,0
58,44,7,20349.5064116501,5915.42203603685,0,43,0,201,0,0,0
58,44,8,0,6,0,0,0,0,0,0,0
58,45,1,2925.62760419476,1563.33729860693,0,141,0,79,0,0,0
58,45,2,2796.91785511719,634.405854711361,0,54,0,59,0,0,0
58,45,3,3089.72233600695,807.332316884604,0,92,0,66,0,0,0
58,45,4,3251.0287012458,1586.63645499512,0,53,0,55,0,0,0
58,45,5,3399.89877202548,1358.92166825696,0,31,0,43,0,0,0
58,45,6,3989.29534933337,1324.96670383067,0,70,0,56,0,0,0
58,45,7,20401.0203491605,4498.54143972149,0,327,0,264,0,0,0
58,45,8,0,6,0,0,0,0,0,0,0
58,46,1,2951.84001547411,962.883760716354,0,0,0,156,0,0,0
58,46,2,2803.88514712343,885.039959974652,0,0,0,63,0,0,0
58,46,3,3096.16598513038,823.523020904101,0,0,0,80,0,0,0
58,46,4,3277.1251822284,813.186120415436,0,0,0,158,0,0,0
58,46,5,3430.32400395302,1958.43041679897,0,0,0,135,0,0,0
58,46,6,4037.54535932419,1204.09949076538,0,0,0,132,0,0,0
58,46,7,20462.0875288648,9440.47667573751,43,0,0,191,0,0,0
58,46,8,0,6,0,0,0,0,0,0,0
58,47,1,2956.15776208822,917.680526317637,0,0,0,96,0,0,0
58,47,2,2799.81406984671,1209.48223262527,0,0,0,88,0,0,0
58,47,3,3097.38222239286,1275.85002162104,0,0,0,82,0,0,0
58,47,4,3270.84200917189,2081.03795045428,0,0,0,81,0,0,0
58,47,5,3462.97088411891,1277.38966171863,0,0,0,195,0,0,0
58,47,6,4065.60654372462,870.698725573302,0,0,0,120,0,0,0
58,47,7,20545.6994629704,6356.83270025513,25,0,0,314,0,0,0
58,47,8,0,6,0,0,0,0,0,0,0
58,48,1,2963.55075847727,1316.22814609342,0,0,0,91,0,0,0
58,48,2,2807.39515595592,1454.31382052743,0,0,0,120,0,0,0
58,48,3,3096.70516209651,878.499407988543,0,0,0,127,0,0,0
58,48,4,3297.99498963058,1300.42262921164,4,0,0,183,0,0,0
58,48,5,3471.93369471157,1235.57718806258,0,0,0,127,0,0,0
58,48,6,4078.82580853071,1229.07976374514,0,0,0,87,0,0,0
58,48,7,20594.1774161787,9392.24704057668,81,0,0,198,0,0,0
58,48,8,0,6,0,0,0,0,0,0,0
58,49,1,2982.46955005667,1235.95763272062,0,0,0,131,0,0,0
58,49,2,2823.46277626502,895.441315189983,0,0,0,145,0,0,0
58,49,3,3097.58525134857,1322.36840276699,0,0,0,87,0,0,0
58,49,4,3322.73387434328,1431.87203351052,0,0,0,130,0,0,0
58,49,5,3494.50971403977,601.030641260194,0,0,0,123,0,0,0
58,49,6,4116.54291701931,2243.57124302914,0,0,0,122,0,0,0
58,49,7,20657.1351658158,12150.7411563442,39,0,0,244,0,0,0
58,49,8,0,6,0,0,0,0,0,0,0
58,50,1,2988.75727982487,1050.53494437237,0,0,0,123,0,0,0
58,50,2,2820.53329864858,1249.94143473778,0,0,0,89,0,0,0
58,50,3,3098.80512399005,1153.44931870314,0,0,0,132,0,0,0
58,50,4,3323.50074953089,1356.86317013352,0,0,0,143,0,0,0
58,50,5,3486.33539054896,2144.58710915605,0,0,0,60,0,0,0
58,50,6,4160.28433752367,1739.21281799048,0,0,0,210,0,0,0
58,50,7,20693.9742790318,8346.33460907134,35,0,0,253,0,0,0
58,50,8,0,6,0,0,0,0,0,0,0
58,51,1,2968.51737520286,713.512069539237,82,0,0,23,0,0,0
58,51,2,2813.68404479128,1046.71408333801,63,0,0,61,0,0,0
58,51,3,3082.47571367716,631.989212109821,69,0,0,46,0,0,0
58,51,4,3322.09153046113,938.58200539991,53,0,0,82,0,0,0
58,51,5,3485.61359618966,1349.36832742631,120,0,0,94,0,0,0
58,51,6,4177.63888404291,1768.19353555614,86,0,0,87,0,0,0
58,51,7,20725.806833418,7133.81607610141,178,5,0,171,0,0,1
58,51,8,0,6,0,0,0,0,0,0,0
58,52,1,2948.43247751325,1088.47165703081,67,0,0,4,0,0,0
58,52,2,2799.9549817294,1420.61722141857,56,0,0,48,0,0,0
58,52,3,3058.14721940134,829.078850401642,36,0,0,27,0,0,0
58,52,4,3310.73282889051,1400.58738900497,38,0,0,55,0,0,0
58,52,5,3486.31995591984,1949.90775315318,82,0,0,52,0,0,0
58,52,6,4190.1193369745,1120.50792395119,91,0,0,85,0,0,0
58,52,7,20715.8617432471,9857.19555442308,271,2,0,236,0,0,4
58,52,8,0,6,0,0,0,0,0,0,0
58,53,1,2956.60512634483,1148.30098237204,0,0,0,108,0,0,0
58,53,2,2817.98248736475,1463.75261691969,0,0,0,142,0,0,0
58,53,3,3055.57624091629,1518.84829605132,0,0,0,82,0,0,0
58,53,4,3335.05811140874,843.457813538728,0,0,0,140,0,0,0
58,53,5,3523.2534295539,1279.34831945771,0,2,0,159,0,0,0
58,53,6,4229.83202805391,1261.83213054389,0,0,0,112,0,0,0
58,53,7,20699.6775406999,8266.71892874221,0,48,0,190,0,0,1
58,53,8,0,6,0,0,0,0,0,0,0
58,54,1,2965.45563650471,1158.47040076519,0,1,0,113,0,0,0
58,54,2,2824.34743320632,1050.79613606048,0,21,0,114,0,0,0
58,54,3,3070.82031300985,706.308047488065,0,13,0,132,0,0,0
58,54,4,3345.90805062904,996.312421708404,0,0,0,84,0,0,0
58,54,5,3548.21235350694,1243.04239255413,0,0,0,127,0,0,0
58,54,6,4269.72938816408,767.32884132446,0,0,0,126,0,0,0
58,54,7,20713.0410272021,3002.17556644939,2,213,0,231,0,0,5
58,54,8,0,6,0,0,0,0,0,0,0
58,55,1,2954.91531042262,1064.48391984775,0,0,0,115,0,0,0
58,55,2,2817.89316467838,1776.07005591556,0,0,0,105,0,0,0
58,55,3,3067.32226006005,865.334711550782,0,0,0,70,0,0,0
58,55,4,3345.65915251888,1054.90849075902,0,0,0,99,0,0,0
58,55,5,3564.43647445625,1697.2217087438,0,0,0,124,0,0,0
58,55,6,4282.1213117532,990.381074952738,0,0,0,76,0,0,0
58,55,7,20713.4052126997,12539.3584854871,48,0,0,173,0,0,0
58,55,8,0,6,0,0,0,0,0,0,0
58,56,1,2954.2397408892,907.478163042555,0,0,0,106,0,0,0
58,56,2,2827.41111287726,1132.77451310751,0,0,0,177,0,0,0
58,56,3,3062.51938594272,1393.02959396539,0,0,0,86,0,0,0
58,56,4,3348.49387240936,1861.22614764126,0,0,0,105,0,0,0
58,56,5,3590.85450520864,1417.49153287002,0,0,0,169,0,0,0
58,56,6,4307.05182929105,1783.75322225457,0,0,0,99,0,0,0
58,56,7,20725.4228076492,7828.81078366481,30,0,0,201,0,0,0
58,56,8,0,6,0,0,0,0,0,0,0
58,57,1,2937.86775454381,1351.17421074695,0,44,0,46,0,0,0
58,57,2,2810.34515233028,1770.69633184337,0,58,0,55,0,0,0
58,57,3,3056.91927125259,952.492873879056,0,71,0,68,0,0,0
58,57,4,3352.73864933271,1261.83454986721,0,95,0,91,0,0,0
58,57,5,3590.98111129523,1644.85059636548,0,72,0,69,0,0,0
58,57,6,4327.66731731251,1533.32453575414,0,96,0,82,0,0,0
58,57,7,20769.9603939939,13354.0811254175,1,323,0,306,0,0,1
58,57,8,0,6,0,0,0,0,0,0,0
58,58,1,2946.7737477064,988.638199258066,0,0,0,135,0,0,0
58,58,2,2829.98518261397,668.603055397258,0,0,0,177,0,0,0
58,58,3,3061.28478659733,931.881555585055,0,0,0,95,0,0,0
58,58,4,3375.46492297169,1025.78255895269,0,0,0,126,0,0,0
58,58,5,3629.89006898796,1308.5011971196,0,0,0,164,0,0,0
58,58,6,4370.6864485018,930.511702038683,0,0,0,153,0,0,0
58,58,7,20820.3646236259,8773.87633617959,25,1,0,246,0,0,1
58,58,8,0,6,0,0,0,0,0,0,0
58,59,1,2955.41140968035,1143.22155319139,0,0,0,98,0,0,0
58,59,2,2829.63583005047,835.098291128879,0,0,0,66,0,0,0
58,59,3,3068.69855945401,1156.27788549049,0,0,0,93,0,0,0
58,59,4,3388.12477530009,811.503624284539,0,0,0,102,0,0,0
58,59,5,3667.44619108647,1143.51971653346,0,0,0,130,0,0,0
58,59,6,4400.35175067083,2144.69473269413,0,0,0,93,0,0,0
58,59,7,20868.8737901614,6116.3506558694,70,0,0,182,0,0,0
58,59,8,0,6,0,0,0,0,0,0,0
58,60,1,2972.03339855302,735.795459918041,0,0,0,114,0,0,0
58,60,2,2835.34485055201,1517.96419219465,0,0,0,83,0,0,0
58,60,3,3103.57727760695,1566.0786118486,0,0,0,115,0,0,0
58,60,4,3410.31033147828,1648.13874030795,0,0,0,81,0,0,0
58,60,5,3700.97449750469,1192.35737530279,0,0,0,114,0,0,0
58,60,6,4472.3012655153,671.391906215384,28,0,0,138,0,0,0
58,60,7,20960.7288336344,12255.1317120096,142,0,0,224,0,0,0
58,60,8,0,6,0,0,0,0,0,0,0
58,61,1,2972.05610766404,2149.56167741296,0,0,0,73,0,0,0
58,61,2,2848.36612274141,561.294301622789,0,0,0,151,0,0,0
58,61,3,3123.73343353722,880.374925473637,0,0,0,156,0,0,0
58,61,4,3442.62594144486,2120.12887930518,0,0,0,164,0,0,0
58,61,5,3725.47584042264,1568.19439824507,0,0,0,119,0,0,0
58,61,6,4492.13101092928,1020.31690073155,0,0,0,67,0,0,0
58,61,7,21025.2265595044,9866.86813566153,44,0,0,236,0,0,0
58,61,8,0,6,0,0,0,0,0,0,0
58,62,1,2999.92854194307,1205.31362765924,11,0,0,141,0,0,0
58,62,2,2843.57737876578,1271.05899534006,0,0,0,56,0,0,0
58,62,3,3128.38330468471,403.607289058801,0,0,0,88,0,0,0
58,62,4,3507.32620987962,1120.33434680762,2,0,0,197,0,0,0
58,62,5,3776.4102630285,1576.84946196117,0,0,0,156,0,0,0
58,62,6,4540.17636718621,1457.86500106648,0,0,0,102,0,0,0
58,62,7,21091.7953616585,4100.84323239808,124,0,0,163,0,0,0
58,62,8,0,6,0,0,0,0,0,0,0
58,63,1,3016.55961929565,1581.4322254521,0,0,0,120,0,0,0
58,63,2,2860.20775489199,1049.70883893462,0,0,0,127,0,0,0
58,63,3,3116.17189106563,847.754232379785,0,0,0,40,0,0,0
58,63,4,3524.08550813342,1223.48345054335,0,0,0,112,0,0,0
58,63,5,3812.91646202782,1795.66598539971,7,0,0,142,0,0,0
58,63,6,4602.91322885365,1425.77586815782,0,0,0,145,0,0,0
58,63,7,21154.7899267408,4819.81479174443,110,0,0,177,0,0,0
58,63,8,0,6,0,0,0,0,0,0,0
58,64,1,3026.7235923164,698.560260075437,0,0,0,158,0,0,0
58,64,2,2854.83722419685,1902.47527425931,0,0,0,104,0,0,0
58,64,3,3110.84371086431,1530.83646586776,0,0,0,84,0,0,0
58,64,4,3530.16604632638,1472.50145479385,0,0,0,122,0,0,0
58,64,5,3842.18521232617,2141.28888564964,6,0,0,154,0,0,0
58,64,6,4638.5324097501,1315.81452043435,0,0,0,142,0,0,0
58,64,7,21186.3222622544,9175.34188773969,72,0,0,179,0,0,0
58,64,8,0,6,0,0,0,0,0,0,0
58,65,1,3023.40376244099,1037.50531170495,0,0,0,69,0,0,0
58,65,2,2883.76326031584,864.879825324472,0,0,0,190,0,0,0
58,65,3,3124.40273008611,682.99672108999,0,0,0,153,0,0,0
58,65,4,3557.09979847347,1324.79143316456,0,0,0,147,0,0,0
58,65,5,3895.06227068358,1051.88985935934,2,0,0,177,0,0,0
58,65,6,4676.24015398355,2607.58678403881,0,0,0,131,0,0,0
58,65,7,21248.7182558387,8837.27740474409,39,0,0,215,0,0,0
58,65,8,0,6,0,0,0,0,0,0,0
58,66,1,3033.17655613151,594.706558272474,0,0,0,103,0,0,0
58,66,2,2888.4829380977,1178.70826897104,0,0,0,86,0,0,0
58,66,3,3116.9419836298,1282.74487041455,0,0,0,68,0,0,0
58,66,4,3574.61899453145,1000.67610427094,0,0,0,132,0,0,0
58,66,5,3912.71340625393,1266.73323527504,0,0,0,105,0,0,0
58,66,6,4743.76263814999,1562.66244319059,4,0,0,183,0,0,0
58,66,7,21322.7659689645,13152.653938303,35,0,0,223,0,0,0
58,66,8,0,6,0,0,0,0,0,0,0
58,67,1,3024.54463060516,560.921012734491,0,0,0,59,0,0,0
58,67,2,2887.99430850413,1152.27261815553,0,0,0,117,0,0,0
58,67,3,3115.67504011149,909.195358632263,0,0,0,128,0,0,0
58,67,4,3573.87644172543,852.392866453851,0,0,0,100,0,0,0
58,67,5,3924.44789933864,814.188474104893,0,0,0,126,0,0,0
58,67,6,4781.23288718332,1500.37848503441,0,0,0,156,0,0,0
58,67,7,21361.54052887,9426.43830750252,32,0,0,249,0,0,1
58,67,8,0,6,0,0,0,0,0,0,0
58,68,1,3016.91761968071,1995.22481496618,0,0,0,56,0,0,0
58,68,2,2893.8545320827,1382.01817439051,0,0,0,115,0,0,0
58,68,3,3113.87180598765,1062.09752327519,0,0,0,90,0,0,0
58,68,4,3589.21228899506,2327.71554844881,0,0,0,85,0,0,0
58,68,5,3936.98952584239,1593.41176563465,0,0,0,81,0,0,0
58,68,6,4834.92968722785,917.327872210001,0,0,0,150,0,0,0
58,68,7,21413.9076125078,11123.1535926203,143,0,0,196,0,0,0
58,68,8,0,6,0,0,0,0,0,0,0
58,69,1,3034.27346799093,1553.1167811748,0,0,0,199,0,0,0
58,69,2,2904.73884708504,1395.28660591405,0,0,0,138,0,0,0
58,69,3,3110.55014384794,1959.171130325,0,0,0,106,0,0,0
58,69,4,3627.09772214709,1923.81958652652,0,0,0,232,0,0,0
58,69,5,3964.85880281427,1735.58803554444,0,0,0,159,0,0,0
58,69,6,4860.85839842783,2636.87799765059,0,0,0,91,0,0,0
58,69,7,21457.5225073395,7156.67131324208,0,42,0,188,0,0,0
58,69,8,0,6,0,0,0,0,0,0,0
58,70,1,3018.58028181799,1193.53271199013,0,97,0,58,0,0,0
58,70,2,2896.61749266228,1362.64387292483,0,61,0,78,0,0,0
58,70,3,3092.67785108486,2245.38524574562,0,95,0,100,0,0,0
58,70,4,3624.15961283675,1073.91878768013,0,97,0,95,0,0,0
58,70,5,3953.90107098174,755.028134556086,0,83,0,90,0,0,0
58,70,6,4887.95924822317,807.390808475,0,132,0,131,0,0,0
58,70,7,21489.9993728797,13239.5794008723,3,159,0,195,0,0,7
58,70,8,0,6,0,0,0,0,0,0,0
58,71,1,3032.17843791221,1346.03849645589,0,0,0,119,0,0,0
58,71,2,2913.34006160989,971.204542321629,0,0,0,136,0,0,0
58,71,3,3129.41853280783,1217.20906060519,0,0,0,204,0,0,0
58,71,4,3641.55094742271,959.887335763349,0,0,0,107,0,0,0
58,71,5,3962.01845577484,1473.11489106288,0,0,0,75,0,0,0
58,71,6,4915.89103198546,1505.90397283101,0,0,0,80,0,0,0
58,71,7,21539.4200418282,13824.4168644373,26,0,0,198,0,0,2
58,71,8,0,6,0,0,0,0,0,0,0
58,72,1,3054.95081998055,1418.2120478481,0,0,0,134,0,0,0
58,72,2,2922.00657739683,1188.85888389241,0,0,0,97,0,0,0
58,72,3,3145.78169738883,1291.05899567552,0,0,0,121,0,0,0
58,72,4,3651.7695279091,1535.43387259508,0,0,0,95,0,0,0
58,72,5,3991.52162734695,923.521421972701,0,0,0,147,0,0,0
58,72,6,4963.8504867967,1502.7503980764,0,0,0,150,0,0,0
58,72,7,21586.791644465,8790.25082367097,28,0,0,205,0,0,0
58,72,8,0,6,0,0,0,0,0,0,0
58,73,1,3082.97004243892,1368.40770775758,0,0,0,141,0,0,0
58,73,2,2948.35798087002,689.585082868059,0,0,0,118,0,0,0
58,73,3,3176.163552746,590.213749102061,0,0,0,129,0,0,0
58,73,4,3691.20616789898,2343.29364061696,0,0,0,153,0,0,0
58,73,5,4017.85303906498,1299.47698415202,0,0,0,92,0,0,0
58,73,6,5038.49925435766,1430.83352333114,0,0,0,150,0,0,0
58,73,7,21669.1097133198,6182.47796284533,236,0,0,241,0,0,0
58,73,8,0,6,0,0,0,0,0,0,0
58,74,1,3102.39565684064,1407.47450745774,3,0,0,130,0,0,0
58,74,2,2948.10557099442,769.29165181026,0,0,0,68,0,0,0
58,74,3,3172.11550117428,1173.210230414,0,0,0,59,0,0,0
58,74,4,3715.32720788857,1486.54849536047,42,0,0,140,0,0,0
58,74,5,4040.21438915989,1424.2120745897,0,0,0,129,0,0,0
58,74,6,5073.95932654587,1635.15214669359,0,0,0,143,0,0,0
58,74,7,21736.4976953558,11226.9264632979,188,0,0,204,0,0,0
58,74,8,0,6,0,0,0,0,0,0,0
58,75,1,3125.32562808286,781.890796930216,0,0,0,140,0,0,0
58,75,2,2958.41077473303,1876.59683332842,0,0,0,76,0,0,0
58,75,3,3187.96952854447,1676.56694987772,0,0,0,117,0,0,0
58,75,4,3757.08787631756,1073.40755136988,0,0,0,148,0,0,0
58,75,5,4073.68421186829,2573.07214171613,0,0,0,142,0,0,0
58,75,6,5142.81814598156,2579.02593500273,0,0,0,163,0,0,0
58,75,7,21799.9492483599,8479.90585046891,54,0,0,188,0,0,0
58,75,8,0,6,0,0,0,0,0,0,0
58,76,1,3138.20312498524,687.210503545833,0,0,0,78,0,0,0
58,76,2,2994.39080289259,1161.38599668024,7,0,0,168,0,0,0
58,76,3,3218.30593033441,1412.51178982234,0,0,0,167,0,0,0
58,76,4,3767.09272702373,2178.69316313522,0,0,0,107,0,0,0
58,76,5,4154.35773035078,1066.87780893507,29,0,0,174,0,0,0
58,76,6,5208.46121203353,2837.41628473844,34,0,0,161,0,0,0
58,76,7,21892.6299533696,8921.17624969166,164,1,0,218,0,0,5
58,76,8,0,6,0,0,0,0,0,0,0
58,77,1,3138.03310888311,1604.27075553666,0,0,0,68,0,0,0
58,77,2,3017.71044306224,1285.18925599245,0,0,0,116,0,0,0
58,77,3,3234.25217373666,1435.99421110657,0,0,0,141,0,0,0
58,77,4,3823.22996524733,1506.54556900197,12,0,0,169,0,0,0
58,77,5,4185.08870871485,1534.27016361577,0,0,0,106,0,0,0
58,77,6,5329.37898147378,2614.32666909594,23,0,0,188,0,0,0
58,77,7,21984.4508786962,9400.82538883142,167,0,0,216,0,0,1
58,77,8,0,6,0,0,0,0,0,0,0
58,78,1,3155.16229117276,1187.94674326971,0,0,0,159,0,0,0
58,78,2,3028.23918558274,715.329520594213,0,0,0,128,0,0,0
58,78,3,3246.80670839777,1361.68644279534,0,0,0,143,0,0,0
58,78,4,3856.73366642227,1122.17317836736,0,0,0,150,0,0,0
58,78,5,4244.91890880342,2304.74077533228,0,0,0,153,0,0,0
58,78,6,5400.50454121141,2477.06869660775,22,0,0,171,0,0,0
58,78,7,22086.7854515281,10405.2848196506,167,0,0,253,0,0,0
58,78,8,0,6,0,0,0,0,0,0,0
58,79,1,3168.12182904981,1617.98003626384,0,0,0,118,0,0,0
58,79,2,3016.89994772183,1402.18047836432,0,0,0,71,0,0,0
58,79,3,3261.49930210691,1758.30839328636,0,0,0,136,0,0,0
58,79,4,3883.02319958897,2056.66420675797,0,0,0,112,0,0,0
58,79,5,4340.2441892135,190.245559736177,0,0,0,226,0,0,0
58,79,6,5519.91138411859,2934.03383053536,7,0,0,183,0,0,0
58,79,7,22177.448832178,12108.8294926539,96,0,0,201,0,0,0
58,79,8,0,6,0,0,0,0,0,0,0
58,80,1,3169.12416713442,1912.11357998352,0,0,0,161,0,0,0
58,80,2,3020.58166012394,1259.65146110913,0,0,0,140,0,0,0
58,80,3,3268.9004195134,1549.13964050857,0,0,0,175,0,0,0
58,80,4,3896.11610189843,1754.69864208928,0,0,0,205,0,0,0
58,80,5,4324.68287106726,2248.25940873247,0,0,0,19,0,0,0
58,80,6,5579.14893165543,2242.26542341922,5,0,0,200,0,0,0
58,80,7,22232.2873110736,7219.68650957172,62,0,0,227,0,0,1
58,80,8,0,6,0,0,0,0,0,0,0
58,81,1,3200.7271028656,1834.32918268175,18,0,0,144,0,0,0
58,81,2,3030.78074346542,1935.26427374249,0,0,0,125,0,0,0
58,81,3,3304.1313991851,1773.74638935532,0,0,0,154,0,0,0
58,81,4,3972.84545517093,1817.19481442263,3,0,0,167,0,0,0
58,81,5,4414.42731291006,1480.02836228036,14,0,0,188,0,0,0
58,81,6,5696.94308608037,703.087009190185,22,0,0,169,0,0,0
58,81,7,22364.848825676,6624.78380865652,185,0,0,252,0,0,2
58,81,8,0,6,0,0,0,0,0,0,0
58,82,1,3232.98826336398,2191.84829775394,0,0,0,183,0,0,0
58,82,2,3065.82609764624,1412.39921317908,0,0,0,193,0,0,0
58,82,3,3337.94474042596,1506.32730689026,0,0,0,176,0,0,0
58,82,4,4009.88045342439,2076.35311103434,0,0,0,181,0,0,0
58,82,5,4450.75993693539,2202.03798131631,0,0,0,148,0,0,0
58,82,6,5744.05701812425,2444.60817257847,0,0,0,70,0,0,0
58,82,7,22440.6684983499,12208.013793421,0,66,0,208,0,0,0
58,82,8,0,6,0,0,0,0,0,0,0
58,83,1,3280.08350387155,1204.3222210049,0,2,0,200,0,0,0
58,83,2,3093.8935764614,1014.49625425233,0,0,0,141,0,0,0
58,83,3,3352.24189827491,1192.4846984878,0,0,0,150,0,0,0
58,83,4,4068.08729250214,2918.70864897876,0,2,0,185,0,0,0
58,83,5,4548.8404020593,2023.92366681411,0,0,0,218,0,0,0
58,83,6,5910.14259390383,2642.02211757775,0,1,0,222,0,0,0
58,83,7,22537.6391985852,12852.7638094991,0,128,0,191,0,0,0
58,83,8,0,6,0,0,0,0,0,0,0
58,84,1,3274.03206100645,1613.81602534212,0,21,0,93,0,0,0
58,84,2,3090.24327949402,1078.6515704316,0,0,0,101,0,0,0
58,84,3,3348.78903630397,939.720235185815,0,0,0,119,0,0,0
58,84,4,4075.86223989673,1768.36647966654,0,118,0,138,0,0,0
58,84,5,4567.02197200292,1632.01205090394,0,53,0,133,0,0,0
58,84,6,5945.52703084694,1302.53832988533,0,97,0,138,0,0,0
58,84,7,22651.7932900101,9203.49758020463,2,412,0,452,0,0,0
58,84,8,0,6,0,0,0,0,0,0,0
58,85,1,3294.7157136441,944.376199355935,0,0,0,161,0,0,0
58,85,2,3096.41776716006,1214.7053606076,0,0,0,107,0,0,0
58,85,3,3322.04753218042,1373.48936571251,0,0,0,93,0,0,0
58,85,4,4102.46399781195,1956.44218166922,0,0,0,176,0,0,0
58,85,5,4618.84902620426,1612.11104521032,0,0,0,163,0,0,0
58,85,6,6012.28085642628,2760.19681705193,0,0,0,130,0,0,0
58,85,7,22719.5698357735,8937.35743096932,28,0,0,200,0,0,0
58,85,8,0,6,0,0,0,0,0,0,0
58,86,1,3292.61013772012,1339.06682670151,0,0,0,94,0,0,0
58,86,2,3107.17925229959,370.122294611072,0,0,0,121,0,0,0
58,86,3,3332.55777204141,1026.95014436889,0,0,0,137,0,0,0
58,86,4,4141.18127488405,1743.74108084684,0,0,0,195,0,0,0
58,86,5,4659.13750507624,1454.09881611964,0,0,0,161,0,0,0
58,86,6,6125.54618051034,2305.47175011202,3,0,0,181,0,0,0
58,86,7,22810.0940546518,8155.71746912703,25,0,0,221,0,0,0
58,86,8,0,6,0,0,0,0,0,0,0
58,87,1,3292.89635387657,1590.38294919967,0,70,0,63,0,0,0
58,87,2,3078.54735950486,870.117284138358,0,25,0,12,0,0,0
58,87,3,3302.28838239442,1795.25354446369,0,49,0,53,0,0,0
58,87,4,4135.68579034562,2813.39290923901,0,98,0,76,0,0,0
58,87,5,4670.67579361805,734.55690267608,0,63,0,82,0,0,0
58,87,6,6190.33503554815,2891.08057057914,0,121,0,109,0,0,0
58,87,7,22943.5704073441,6811.71711581364,4,303,0,284,0,0,0
58,87,8,0,6,0,0,0,0,0,0,0
58,88,1,3322.14089881862,398.932381186733,0,0,0,159,0,0,0
58,88,2,3097.50725602975,1047.42195996953,0,0,0,87,0,0,0
58,88,3,3350.58043283734,1272.85672617578,0,0,0,179,0,0,0
58,88,4,4219.34292451546,1255.44127258881,2,0,0,232,0,0,0
58,88,5,4714.88620584101,1983.86893242344,0,0,0,73,0,0,0
58,88,6,6334.04835397658,3843.6489018969,6,0,0,181,0,0,0
58,88,7,23033.8236950048,8802.24969149863,29,0,0,182,0,0,0
58,88,8,0,6,0,0,0,0,0,0,0
58,89,1,3314.93520838934,1153.56534078106,0,0,0,39,0,0,0
58,89,2,3109.45996504658,578.399065890237,0,0,0,104,0,0,0
58,89,3,3369.72918018293,924.583166831443,0,0,0,127,0,0,0
58,89,4,4257.98216572629,1847.82809716356,0,0,0,125,0,0,0
58,89,5,4801.05494877657,1771.65996284763,0,0,0,198,0,0,0
58,89,6,6497.82480008902,2631.34101033309,6,0,0,195,0,0,0
58,89,7,23188.816868498,7116.46274607669,23,0,0,273,0,0,0
58,89,8,0,6,0,0,0,0,0,0,0
58,90,1,3346.08956852679,1588.12476825811,0,0,0,115,0,0,0
58,90,2,3108.524499951,1497.3685728083,0,0,0,57,0,0,0
58,90,3,3383.56078801532,969.053109453747,0,0,0,92,0,0,0
58,90,4,4328.50098871517,1955.58307659634,0,0,0,184,0,0,0
58,90,5,4882.36450881638,2009.74053140593,2,0,0,154,0,0,0
58,90,6,6666.3743911088,2096.2567073103,7,0,0,171,0,0,0
58,90,7,23316.3156099098,13334.3487751504,41,0,0,226,0,0,2
58,90,8,0,6,0,0,0,0,0,0,0
58,91,1,3376.93988921903,1429.17009639839,0,0,0,158,0,0,0
58,91,2,3119.77409664163,1296.78846384949,0,0,0,149,0,0,0
58,91,3,3385.07600308289,1472.63909480613,0,0,0,96,0,0,0
58,91,4,4364.94405214671,1139.68660476242,0,0,0,187,0,0,0
58,91,5,4939.69432895341,2206.68137888353,0,0,0,178,0,0,0
58,91,6,6788.27373485891,3671.39423022179,0,0,0,209,0,0,0
58,91,7,23386.6473919979,10467.4373950403,32,0,0,277,0,0,0
58,91,8,0,6,0,0,0,0,0,0,0
58,92,1,3409.85989134209,1218.99883237508,0,0,0,142,0,0,0
58,92,2,3158.65011703854,894.505577585797,0,0,0,129,0,0,0
58,92,3,3410.99563570227,1551.99932971122,0,0,0,147,0,0,0
58,92,4,4418.02142109338,2238.99777949973,0,0,0,113,0,0,0
58,92,5,5042.39438508749,1376.88660655346,4,0,0,168,0,0,0
58,92,6,7014.04374849649,2895.11610286674,7,0,0,280,0,0,0
58,92,7,23477.3750678362,13556.9665199582,74,0,0,199,0,0,0
58,92,8,0,6,0,0,0,0,0,0,0
58,93,1,3417.88528468582,876.08661326547,0,0,0,121,0,0,0
58,93,2,3150.21030113674,1121.98280059744,0,0,0,89,0,0,0
58,93,3,3425.73691036303,1965.94210087408,0,0,0,155,0,0,0
58,93,4,4450.97078360684,1942.98719949767,0,0,0,223,0,0,0
58,93,5,5067.804027122,2133.4298379919,0,0,0,137,0,0,0
58,93,6,7086.57735818132,1705.70578114722,5,0,0,175,0,0,0
58,93,7,23500.4976816917,10375.6653458369,51,0,0,191,0,0,0
58,93,8,0,6,0,0,0,0,0,0,0
58,94,1,3419.94076375719,843.972156887167,0,0,0,87,0,0,0
58,94,2,3149.70593907596,1654.1856102841,0,0,0,112,0,0,0
58,94,3,3442.39369659328,851.964883665688,22,0,0,154,0,0,0
58,94,4,4488.99798097632,1280.93638907804,23,0,0,150,0,0,0
58,94,5,5108.35324582233,3073.00788744684,33,0,0,150,0,0,0
58,94,6,7166.37011242311,2148.71845437421,21,0,0,130,0,0,0
58,94,7,23534.9016255707,13072.1319314361,230,2,0,228,0,0,32
58,94,8,0,6,0,0,0,0,0,0,0
58,95,1,3428.43969086175,801.838663463376,0,0,0,84,0,0,0
58,95,2,3158.74916139859,1466.38354328099,0,0,0,165,0,0,0
58,95,3,3432.53220783532,1361.97110890108,0,0,0,85,0,0,0
58,95,4,4504.76343682502,2692.39113356093,0,0,0,128,0,0,0
58,95,5,5171.16738443486,1760.89727723791,10,0,0,171,0,0,0
58,95,6,7283.76235433154,3768.41270219999,2,0,0,164,0,0,0
58,95,7,23610.9408731119,14879.9635507106,81,0,0,255,0,0,0
58,95,8,0,6,0,0,0,0,0,0,0
58,96,1,3432.67338341335,1515.39050573066,0,0,0,80,0,0,0
58,96,2,3178.83151260135,1234.36599870435,0,0,0,146,0,0,0
58,96,3,3442.65951611439,1451.46767230827,0,0,0,136,0,0,0
58,96,4,4546.74691421846,1930.99227721915,0,2,0,189,0,0,0
58,96,5,5229.93353579357,2510.24889984277,0,0,0,176,0,0,0
58,96,6,7442.53923450295,3658.06806981882,0,2,0,249,0,0,1
58,96,7,23661.5556146103,9781.08301921165,0,48,0,184,0,0,0
58,96,8,0,6,0,0,0,0,0,0,0
58,97,1,3412.28846195356,1330.18373233173,0,101,0,50,0,0,0
58,97,2,3164.57365661663,1650.69899864473,0,77,0,46,0,0,0
58,97,3,3433.61122988263,2562.00741956103,0,58,0,87,0,0,0
58,97,4,4537.83649395995,1818.41993609859,0,96,0,97,0,0,0
58,97,5,5229.72237993519,2304.41754418896,0,135,0,116,0,0,0
58,97,6,7506.48605907869,1758.36589041769,0,196,0,169,0,0,0
58,97,7,23729.0060029916,6041.75946094072,8,167,0,190,0,0,0
58,97,8,0,6,0,0,0,0,0,0,0
58,98,1,3470.46766328346,1292.00871472696,0,0,0,133,0,0,0
58,98,2,3220.43979254505,1461.76476135802,0,0,0,165,0,0,0
58,98,3,3489.91764220663,970.212998829089,6,0,0,183,0,0,0
58,98,4,4677.62794713819,1948.42739820278,0,0,0,180,0,0,0
58,98,5,5369.4755540605,1611.40464858374,4,0,0,180,0,0,0
58,98,6,7687.45717855112,2928.78188342811,0,0,0,175,0,0,0
58,98,7,23883.0921999377,8617.88024415912,30,0,0,244,0,0,0
58,98,8,0,6,0,0,0,0,0,0,0
58,99,1,3507.66664578803,1676.95951548778,0,0,0,129,0,0,0
58,99,2,3261.16879511707,1623.89858696004,0,0,0,146,0,0,0
58,99,3,3519.22862400134,1060.18189770457,0,0,0,97,0,0,0
58,99,4,4770.06671911778,3025.95923399255,0,0,0,194,0,0,0
58,99,5,5465.99686586363,2503.39481328347,0,0,0,161,0,0,0
58,99,6,7918.3551237147,1779.26320706161,3,0,0,207,0,0,0
58,99,7,24034.872180464,6500.36533038155,25,0,0,227,0,0,0
58,99,8,0,6,0,0,0,0,0,0,0
58,100,1,3548.75038854318,1182.48190110997,6,0,0,149,0,0,0
58,100,2,3298.2895906894,1542.28342266621,0,0,0,162,0,0,0
58,100,3,3531.15624092498,1242.33861923041,0,0,0,106,0,0,0
58,100,4,4841.37660992162,2664.86768896837,49,0,0,165,0,0,0
58,100,5,5538.15390869746,3206.3584146154,24,0,0,183,0,0,0
58,100,6,8047.98732900986,4198.06799846811,8,0,0,153,0,0,0
58,100,7,24104.8378560439,12673.5065198631,167,0,0,182,0,0,0
58,100,8,0,6,0,0,0,0,0,0,0
59,1,1,3004.7664,1081.54910509592,0,0,0,91,0,0,0
59,1,2,2987.8656,1405.89501180616,0,0,0,4,0,0,0
59,1,3,2988.384,1269.97416099837,0,0,0,17,0,0,0
59,1,4,3004.408,354.495193285492,0,0,0,76,0,0,0
59,1,5,3000.1056,1680.03008558836,0,0,0,76,0,0,0
59,1,6,3004.0752,1256.95097109044,0,0,0,89,0,0,0
59,1,7,18901.4991999999,7620.62065112836,0,0,0,97,0,0,0
59,1,8,0,8,0,0,0,18,0,0,0
59,2,1,3011.8816,1576.83149275324,0,0,0,108,0,0,0
59,2,2,3000.2896,1517.83050257091,0,0,0,140,0,0,0
59,2,3,3000.768,1028.36298888763,0,0,0,126,0,0,0
59,2,4,2997.648,1253.6077259426,0,0,0,35,0,0,0
59,2,5,3020.93759999999,1756.68640594533,0,0,0,168,0,0,0
59,2,6,3015.29247999999,708.303776062194,0,0,0,125,0,0,0
59,2,7,18856.5231999999,7199.18739498012,3,18,0,196,0,0,0
59,2,8,0,8,0,0,0,0,0,0,0
59,3,1,3029.3824,631.419484360597,0,0,0,157,0,0,0
59,3,2,3018.85728000001,1012.30074814601,0,0,0,151,0,0,0
59,3,3,3009.5536,798.729516594058,0,0,0,102,0,0,0
59,3,4,3008.464,1403.5562055757,0,0,0,125,0,0,0
59,3,5,3048.9216,1441.18860442492,0,0,0,175,0,0,0
59,3,6,3018.06176,661.837507439381,0,0,0,70,0,0,0
59,3,7,18814.6156799997,6850.0928433941,39,0,0,191,0,0,0
59,3,8,0,8,0,0,0,0,0,0,0
59,4,1,3026.54368,1706.56711255874,0,0,0,63,0,0,0
59,4,2,3026.25088,1282.81327714067,0,0,0,101,0,0,0
59,4,3,3007.34688,714.476036296481,0,0,0,79,0,0,0
59,4,4,3024.8128,1130.33066356782,0,0,0,140,0,0,0
59,4,5,3065.9872,1313.60593833681,0,0,0,144,0,0,0
59,4,6,3016.72544,956.584348989307,0,0,0,66,0,0,0
59,4,7,18770.9897599997,5969.77658493949,36,0,0,207,0,0,1
59,4,8,0,8,0,0,0,0,0,0,0
59,5,1,3025.015616,954.47817025335,0,80,0,90,0,0,0
59,5,2,3023.92,801.364399277363,0,59,0,69,0,0,0
59,5,3,2993.4301952,888.688113956412,0,48,0,23,0,0,0
59,5,4,3022.70528,1332.19645423016,0,53,0,60,0,0,0
59,5,5,3063.6768,1399.55143849975,0,65,0,66,0,0,0
59,5,6,3009.91744,1453.83699631829,0,61,0,34,0,0,0
59,5,7,18727.8009599996,7276.71320131644,2,256,0,238,0,0,0
59,5,8,0,8,0,0,0,0,0,0,0
59,6,1,3033.320576,1195.27549329313,0,0,0,95,0,0,0
59,6,2,3035.601664,1169.10122350387,0,0,0,80,0,0,0
59,6,3,3003.3117952,848.610684964598,0,0,0,88,0,0,0
59,6,4,3042.9568,1467.07473381187,0,0,0,133,0,0,0
59,6,5,3087.40831999999,1733.84903346621,0,0,0,139,0,0,0
59,6,6,3036.47584,1410.47523070157,0,0,0,145,0,0,0
59,6,7,18731.1783039996,8957.77150033784,27,0,0,258,0,0,0
59,6,8,0,8,0,0,0,0,0,0,0
59,7,1,3050.009216,1453.60971270216,0,0,0,119,0,0,0
59,7,2,3049.0192,721.678389608237,0,0,0,116,0,0,0
59,7,3,3010.1208192,231.342066537427,0,0,0,84,0,0,0
59,7,4,3067.2256,1893.90336408245,0,0,0,146,0,0,0
59,7,5,3115.92159999999,1692.78106657846,0,0,0,173,0,0,0
59,7,6,3061.24415999999,1559.60221112386,0,0,0,141,0,0,0
59,7,7,18727.4489599996,5569.44008115949,22,1,0,211,0,0,0
59,7,8,0,8,0,0,0,0,0,0,0
59,8,1,3069.090176,1187.05646675856,0,0,0,145,0,0,0
59,8,2,3050.233024,1786.97226696871,0,0,0,72,0,0,0
59,8,3,3005.2712192,1375.94340168163,0,0,0,23,0,0,0
59,8,4,3088.173376,1703.24859013661,17,0,0,145,0,0,0
59,8,5,3143.7728,1932.64777493887,4,0,0,158,0,0,0
59,8,6,3085.15616,1645.55517989449,5,0,0,142,0,0,0
59,8,7,18715.7146111996,10000.1417219841,137,0,0,175,0,0,3
59,8,8,0,8,0,0,0,0,0,0,0
59,9,1,3080.691703808,1346.63347614344,0,0,0,118,0,0,0
59,9,2,3071.911232,602.462713621961,0,0,0,172,0,0,0
59,9,3,3022.32433920001,1103.73319474889,0,0,0,137,0,0,0
59,9,4,3115.136256,1913.77056460857,0,0,0,170,0,0,0
59,9,5,3178.227008,1507.51219645645,1,0,0,174,0,0,0
59,9,6,3117.246976,1293.72036229414,0,0,0,164,0,0,0
59,9,7,18726.5396223995,12546.288558205,41,0,0,248,0,0,0
59,9,8,0,8,0,0,0,0,0,0,0
59,10,1,3090.472567808,1382.75802054966,0,0,0,134,0,0,0
59,10,2,3063.81300480001,735.600657364142,0,0,0,60,0,0,0
59,10,3,3031.18749440001,547.500785474958,0,0,0,110,0,0,0
59,10,4,3143.3285248,1713.71871494959,0,0,0,191,0,0,0
59,10,5,3199.918208,710.152025465055,0,0,0,150,0,0,0
59,10,6,3136.9846272,1072.25059318743,0,0,0,129,0,0,0
59,10,7,18728.0205183995,10028.6055652435,33,0,0,242,0,0,0
59,10,8,0,8,0,0,0,0,0,0,0
59,11,1,3109.52034148352,1223.0557666417,0,0,0,138,0,0,0
59,11,2,3064.16683520001,1140.90547016946,0,0,0,73,0,0,0
59,11,3,3028.68599040001,1485.48148848914,0,0,0,54,0,0,0
59,11,4,3172.7110528,1100.55416844708,0,0,0,171,0,0,0
59,11,5,3208.04653056,450.492054595333,0,0,0,71,0,0,0
59,11,6,3157.41016064,427.03789279196,0,0,0,107,0,0,0
59,11,7,18719.7995878394,10478.6410142658,140,0,0,155,0,0,0
59,11,8,0,8,0,0,0,0,0,0,0
59,12,1,3111.07229028352,986.538612456807,0,0,0,122,0,0,0
59,12,2,3067.8215552,913.646138896876,0,0,0,114,0,0,0
59,12,3,3038.17207040001,1072.10086336313,0,0,0,148,0,0,0
59,12,4,3178.7818368,896.863739291244,0,0,0,110,0,0,0
59,12,5,3203.50285056,1025.10950797396,0,0,0,45,0,0,0
59,12,6,3155.68248064,1477.27622802475,0,0,0,42,0,0,0
59,12,7,18714.7602278394,5666.02693893192,85,0,0,188,0,0,1
59,12,8,0,8,0,0,0,0,0,0,0
59,13,1,3118.64131172353,403.025153079747,0,0,0,98,0,0,0
59,13,2,3066.59594240001,1138.45198979488,0,0,0,91,0,0,0
59,13,3,3039.45935616001,1171.78060507022,0,0,0,107,0,0,0
59,13,4,3179.25722880001,893.772123521506,0,0,0,89,0,0,0
59,13,5,3211.54093056001,1634.00468326078,0,0,0,102,0,0,0
59,13,6,3176.12472064,1362.5944808078,12,0,0,126,0,0,0
59,13,7,18725.8968038393,5731.76777987268,183,0,0,225,0,0,6
59,13,8,0,8,0,0,0,0,0,0,0
59,14,1,3105.94270052353,1363.08092959683,0,0,0,40,0,0,0
59,14,2,3063.33438146561,717.032499877686,3,0,0,110,0,0,0
59,14,3,3039.44646604801,1113.38726901634,4,0,0,112,0,0,0
59,14,4,3173.58918400001,1234.20185942268,0,0,0,89,0,0,0
59,14,5,3217.67597056001,573.77823759002,47,0,0,107,0,0,0
59,14,6,3184.35125504,1439.49547045781,40,0,0,88,0,0,0
59,14,7,18751.4832358393,4419.79637881119,263,0,0,257,0,0,0
59,14,8,0,8,0,0,0,0,0,0,0
59,15,1,3104.58304817153,1418.42334442911,9,0,0,121,0,0,0
59,15,2,3052.07063746561,1745.77235094023,0,0,0,71,0,0,0
59,15,3,3035.68326604801,1034.20609811797,0,0,0,111,0,0,0
59,15,4,3180.11777587201,1192.82975874284,0,0,0,123,0,0,0
59,15,5,3213.73773056001,1381.04978452677,0,0,0,57,0,0,0
59,15,6,3203.80491008,1135.95170754067,4,0,0,137,0,0,0
59,15,7,18778.8642790393,7366.47217949662,156,0,0,192,0,0,0
59,15,8,0,8,0,0,0,0,0,0,0
59,16,1,3102.66016765954,1142.79313361324,0,0,0,141,0,0,0
59,16,2,3056.11661762561,1035.59807161773,0,0,0,174,0,0,0
59,16,3,3027.67097804801,1614.8596101923,0,0,0,103,0,0,0
59,16,4,3178.40866549761,1633.56169794736,0,0,0,119,0,0,0
59,16,5,3222.94491392002,1295.55164227072,0,0,0,138,0,0,0
59,16,6,3217.03257088001,1558.51204685941,0,0,0,113,0,0,0
59,16,7,18816.2815590393,8353.0669096315,39,0,0,227,0,0,0
59,16,8,0,8,0,0,0,0,0,0,0
59,17,1,3100.71054896744,1592.77542443828,0,0,0,114,0,0,0
59,17,2,3046.45955266561,642.523193609238,0,0,0,103,0,0,0
59,17,3,3035.14359234561,1540.18250911496,0,0,0,161,0,0,0
59,17,4,3194.15063283714,632.023549365229,0,0,0,163,0,0,0
59,17,5,3232.22387712002,766.575830038284,0,0,0,129,0,0,0
59,17,6,3246.03440384001,1125.7526834919,0,0,0,155,0,0,0
59,17,7,18850.7103667193,8447.04825503551,0,51,0,180,0,0,0
59,17,8,0,8,0,0,0,0,0,0,0
59,18,1,3092.97236803176,1425.05483794114,0,51,0,98,0,0,0
59,18,2,3021.65010309121,854.887117541956,0,0,0,64,0,0,0
59,18,3,3025.90163906561,480.454811239876,0,14,0,137,0,0,0
59,18,4,3177.69171443714,1347.51132810662,0,0,0,63,0,0,0
59,18,5,3223.99442176002,1228.06304385251,0,3,0,73,0,0,0
59,18,6,3257.06517504001,1778.54329744355,0,5,0,106,0,0,0
59,18,7,18908.4365747193,6190.07815666198,1,311,0,340,0,0,0
59,18,8,0,8,0,0,0,0,0,0,0
59,19,1,3101.37130819176,1637.55078905395,0,0,0,142,0,0,0
59,19,2,3008.50766469122,1477.9488453947,0,0,0,85,0,0,0
59,19,3,2999.22674114562,1893.51471503293,0,0,0,48,0,0,0
59,19,4,3174.64425510914,511.814167135044,0,0,0,134,0,0,0
59,19,5,3229.59735296002,868.611090652528,0,0,0,122,0,0,0
59,19,6,3286.02764544001,741.795590907789,0,0,0,177,0,0,0
59,19,7,18945.5151795193,4756.17600692007,30,0,0,208,0,0,0
59,19,8,0,8,0,0,0,0,0,0,0
59,20,1,3095.16154745981,1133.55327485086,0,64,0,99,0,0,0
59,20,2,2989.16836751362,1039.60220718508,0,75,0,72,0,0,0
59,20,3,2981.14244034562,1255.18948662693,0,93,0,96,0,0,0
59,20,4,3144.54158067714,970.426136929446,0,22,0,29,0,0,0
59,20,5,3210.24923392002,1245.68157642576,0,59,0,27,0,0,0
59,20,6,3276.98790144001,1433.71003742497,0,36,0,38,0,0,0
59,20,7,18980.2601267193,14903.158807917,0,228,0,247,0,0,0
59,20,8,0,8,0,0,0,0,0,0,0
59,21,1,3098.14006076541,2293.08581284006,0,0,0,113,0,0,0
59,21,2,2990.80476047362,816.116096209394,0,0,0,103,0,0,0
59,21,3,2978.36722227202,1442.35713970133,0,0,0,125,0,0,0
59,21,4,3139.26807488514,1822.29228378286,0,0,0,97,0,0,0
59,21,5,3217.47424512002,916.763209662383,0,0,0,124,0,0,0
59,21,6,3296.95571251201,1234.97143572137,0,0,0,143,0,0,0
59,21,7,19021.9471667194,4664.31221319697,25,1,0,262,0,0,0
59,21,8,0,8,0,0,0,0,0,0,0
59,22,1,3113.78146671741,1451.25328234592,45,0,0,138,0,0,0
59,22,2,2984.29904527362,1172.80512832689,0,0,0,81,0,0,0
59,22,3,2983.95284541442,684.618371583251,0,0,0,144,0,0,0
59,22,4,3149.28939814914,493.530052014284,12,0,0,158,0,0,0
59,22,5,3220.34709248002,1690.61460619689,0,0,0,91,0,0,0
59,22,6,3318.34740070401,656.016001159448,0,0,0,123,0,0,0
59,22,7,19065.1678796793,6847.52405605739,130,0,0,206,0,0,0
59,22,8,0,8,0,0,0,0,0,0,0
59,23,1,3132.95393825999,825.277337279596,0,0,0,145,0,0,0
59,23,2,2985.54729256962,1454.4041062792,0,0,0,117,0,0,0
59,23,3,2976.00894450075,1072.73296340789,0,0,0,68,0,0,0
59,23,4,3134.52992141314,1155.76544668786,0,0,0,49,0,0,0
59,23,5,3236.49013196802,1079.61008894742,0,0,0,169,0,0,0
59,23,6,3328.41764300801,1033.387523489,0,0,0,65,0,0,0
59,23,7,19104.7013662713,7595.00745247352,49,0,0,168,0,0,0
59,23,8,0,8,0,0,0,0,0,0,0
59,24,1,3135.22235313359,1128.38454103873,0,0,0,82,0,0,0
59,24,2,2996.95126517762,733.092206908949,0,0,0,145,0,0,0
59,24,3,2972.62460350876,1211.7977683446,0,0,0,107,0,0,0
59,24,4,3130.95953293314,938.163424213932,0,0,0,115,0,0,0
59,24,5,3238.40502272002,1143.47066502512,0,0,0,107,0,0,0
59,24,6,3345.05492951041,1434.97331600237,0,0,0,103,0,0,0
59,24,7,19161.7608734713,10525.3520279358,33,0,0,262,0,0,3
59,24,8,0,8,0,0,0,0,0,0,0
59,25,1,3139.65500951759,1509.91762932127,0,0,0,112,0,0,0
59,25,2,2987.24825989122,985.0295627396,0,0,0,73,0,0,0
59,25,3,2964.68242162076,1709.73280905541,0,0,0,121,0,0,0
59,25,4,3123.23151736834,888.889393954145,0,0,0,93,0,0,0
59,25,5,3241.26474291202,666.174953806202,0,0,0,114,0,0,0
59,25,6,3359.99220428802,911.339689995123,0,0,0,143,0,0,0
59,25,7,19186.7416478713,6758.13140110401,31,0,0,194,0,0,0
59,25,8,0,8,0,0,0,0,0,0,0
59,26,1,3156.65236711442,1406.09275201397,0,0,0,150,0,0,0
59,26,2,2983.61803755522,910.678665219768,0,0,0,98,0,0,0
59,26,3,2976.78399312284,942.477735586723,0,0,0,170,0,0,0
59,26,4,3113.16205842434,1395.04576988049,0,0,0,88,0,0,0
59,26,5,3232.34726494209,1203.43707653134,0,0,0,66,0,0,0
59,26,6,3372.51761938843,1464.31213403838,0,0,0,91,0,0,0
59,26,7,19224.8883000312,7465.89724029393,39,0,0,229,0,0,0
59,26,8,0,8,0,0,0,0,0,0,0
59,27,1,3168.05209618041,1138.36506392622,0,0,0,140,0,0,0
59,27,2,2973.93094674434,1606.88666380979,0,0,0,91,0,0,0
59,27,3,2962.55237517724,1505.76515307815,0,0,0,94,0,0,0
59,27,4,3114.00947429378,1040.9729577026,0,0,0,139,0,0,0
59,27,5,3230.4135193805,1124.85519770343,0,0,0,120,0,0,0
59,27,6,3393.49819849115,1339.16860134357,0,0,0,146,0,0,0
59,27,7,19248.2863923192,9137.32462731656,0,41,0,186,0,0,0
59,27,8,0,8,0,0,0,0,0,0,0
59,28,1,3149.64659588729,1226.21464159368,0,83,0,30,0,0,0
59,28,2,2953.97688594435,1703.43379576487,0,86,0,74,0,0,0
59,28,3,2942.82297291164,1249.89539099092,0,87,0,63,0,0,0
59,28,4,3086.58176490211,1705.20361624687,0,48,0,56,0,0,0
59,28,5,3211.02678222849,1300.3067039704,0,66,0,46,0,0,0
59,28,6,3392.09772908955,921.875198791079,0,66,0,67,0,0,0
59,28,7,19304.2273433591,3672.66669354984,4,312,0,345,0,0,0
59,28,8,0,8,0,0,0,0,0,0,0
59,29,1,3167.20655852767,1149.62627271424,0,0,0,122,0,0,0
59,29,2,2977.8121501901,927.752618002734,7,0,0,150,0,0,0
59,29,3,2950.21499399867,1387.22663543362,0,0,0,124,0,0,0
59,29,4,3108.70181791729,1463.14741017418,0,0,0,170,0,0,0
59,29,5,3231.29843621889,657.479071312554,0,0,0,130,0,0,0
59,29,6,3412.37930260891,1248.03740605413,0,0,0,92,0,0,0
59,29,7,19344.7320361975,6713.36611964048,82,0,0,154,0,0,0
59,29,8,0,8,0,0,0,0,0,0,0
59,30,1,3188.07503799126,1313.93963854636,0,0,0,114,0,0,0
59,30,2,2986.24225422953,993.318334230577,0,0,0,92,0,0,0
59,30,3,2970.85330350508,615.250517202395,0,0,0,138,0,0,0
59,30,4,3133.82601619343,1648.40760403802,0,0,0,146,0,0,0
59,30,5,3229.59447040001,848.002622336884,0,0,0,65,0,0,0
59,30,6,3444.64408548149,1125.99621345724,0,0,0,124,0,0,0
59,30,7,19398.0590259396,4630.89771850305,41,0,0,178,0,0,0
59,30,8,0,8,0,0,0,0,0,0,0
59,31,1,3185.00305496918,796.671297673828,76,0,0,55,0,0,0
59,31,2,2975.14699394665,763.198621904855,51,0,0,48,0,0,0
59,31,3,2948.30255518534,1362.72654990061,31,0,0,30,0,0,0
59,31,4,3122.56380604656,652.569586977934,92,0,0,72,0,0,0
59,31,5,3219.7731870884,1351.62195523542,32,0,0,52,0,0,0
59,31,6,3445.01111319349,792.639578287019,44,0,0,68,0,0,0
59,31,7,19442.3509164228,9181.0032784769,239,0,0,224,0,0,0
59,31,8,0,8,0,0,0,0,0,0,0
59,32,1,3180.56877228968,1628.06074909118,0,0,0,79,0,0,0
59,32,2,2973.26825768634,978.2046689101,0,0,0,76,0,0,0
59,32,3,2947.78195575621,1103.53294750095,0,0,0,136,0,0,0
59,32,4,3113.77660475449,1758.61637011791,0,0,0,65,0,0,0
59,32,5,3226.8939970724,1127.65700225875,0,0,0,135,0,0,0
59,32,6,3450.02468221749,1341.17614837656,0,0,0,79,0,0,0
59,32,7,19458.3067436228,8313.14105355109,44,0,0,199,0,0,0
59,32,8,0,8,0,0,0,0,0,0,0
59,33,1,3204.85262071102,1652.60784705746,0,0,0,162,0,0,0
59,33,2,2981.52190709434,1802.12381628352,0,0,0,97,0,0,0
59,33,3,2958.65637324572,2016.43084189069,0,0,0,110,0,0,0
59,33,4,3133.68764164235,929.257213067449,0,0,0,175,0,0,0
59,33,5,3242.08229203559,1793.17483937961,0,0,0,112,0,0,0
59,33,6,3479.24438408563,828.243403846107,0,0,0,134,0,0,0
59,33,7,19505.0672813252,5182.57307399135,42,0,0,215,0,0,0
59,33,8,0,8,0,0,0,0,0,0,0
59,34,1,3234.92442673157,975.811968134777,9,0,0,141,0,0,0
59,34,2,3010.33914472957,1092.86882898378,5,0,0,167,0,0,0
59,34,3,2988.45888064345,1143.50764227856,19,0,0,152,0,0,0
59,34,4,3137.94002540532,872.654858665439,0,0,0,92,0,0,0
59,34,5,3273.43167314658,2368.00515763545,11,0,0,150,0,0,0
59,34,6,3489.18813409937,2261.10196612759,0,0,0,82,0,0,0
59,34,7,19544.867294842,9290.15562932318,136,0,0,164,0,0,0
59,34,8,0,8,0,0,0,0,0,0,0
59,35,1,3240.8056240698,1317.07974620651,0,0,0,97,0,0,0
59,35,2,3014.41718155692,1228.55171570093,0,0,0,109,0,0,0
59,35,3,2995.53282596574,1761.26127657164,0,0,0,114,0,0,0
59,35,4,3139.32228286058,705.016551234063,0,0,0,87,0,0,0
59,35,5,3307.92835112388,1679.57758398463,2,0,0,183,0,0,0
59,35,6,3540.32386833041,798.91489942392,0,0,0,213,0,0,0
59,35,7,19580.9660973252,4776.63104536944,42,0,0,208,0,0,0
59,35,8,0,8,0,0,0,0,0,0,0
59,36,1,3226.85035679299,1239.60294186424,0,62,0,69,0,0,0
59,36,2,2998.01513739568,771.441978665171,0,49,0,73,0,0,0
59,36,3,2989.94616538846,1261.10652566652,0,87,0,89,0,0,0
59,36,4,3119.84846572671,715.944844799496,0,29,0,41,0,0,0
59,36,5,3301.04636606793,1756.41447737146,0,87,0,80,0,0,0
59,36,6,3531.35469767313,1898.86023441022,0,41,0,38,0,0,0
59,36,7,19606.5336498371,6860.06203476432,1,183,0,242,0,0,0
59,36,8,0,8,0,0,0,0,0,0,0
59,37,1,3247.10412792183,755.152206171773,0,0,0,123,0,0,0
59,37,2,3009.38175844373,546.995763692325,0,0,0,77,0,0,0
59,37,3,3018.55705789817,1081.08790802497,0,0,0,126,0,0,0
59,37,4,3128.15179303817,644.639252680287,0,0,0,71,0,0,0
59,37,5,3344.28164351919,474.516707211223,0,0,0,175,0,0,0
59,37,6,3599.36855073759,1940.3548905214,0,0,0,185,0,0,0
59,37,7,19685.9490118892,6639.23504304482,25,0,0,216,0,0,0
59,37,8,0,8,0,0,0,0,0,0,0
59,38,1,3254.07533894767,1348.75227142455,0,0,0,75,0,0,0
59,38,2,3008.47016484475,1284.86542086209,0,0,0,54,0,0,0
59,38,3,3036.0293794282,1029.93260643248,0,0,0,108,0,0,0
59,38,4,3141.89239472089,1179.32971477191,0,0,0,64,0,0,0
59,38,5,3345.60516599727,1368.51042344891,0,0,0,47,0,0,0
59,38,6,3656.80846541077,1535.25830689583,0,0,0,183,0,0,0
59,38,7,19747.2309599509,11467.5854239186,31,0,0,196,0,0,0
59,38,8,0,8,0,0,0,0,0,0,0
59,39,1,3257.80958196536,1304.03470346146,0,0,0,134,0,0,0
59,39,2,3006.93220010742,1077.75417888414,0,0,0,128,0,0,0
59,39,3,3035.95063946528,677.290047408629,0,0,0,102,0,0,0
59,39,4,3148.94266505177,1895.99178576665,0,0,0,117,0,0,0
59,39,5,3365.21547736597,1203.72828043742,0,0,0,136,0,0,0
59,39,6,3688.1885975773,1229.55018101621,0,0,0,153,0,0,0
59,39,7,19790.5419741215,4443.84761949973,31,0,0,235,0,0,0
59,39,8,0,8,0,0,0,0,0,0,0
59,40,1,3264.67440977053,2616.32868062368,0,0,0,130,0,0,0
59,40,2,3003.12848687518,1022.55868028103,0,0,0,107,0,0,0
59,40,3,3028.89748884768,1916.73281516276,0,0,0,67,0,0,0
59,40,4,3164.10680809401,928.635625956665,12,0,0,158,0,0,0
59,40,5,3382.54507926225,1274.81750533182,0,0,0,120,0,0,0
59,40,6,3711.71436957858,969.952870151059,0,0,0,122,0,0,0
59,40,7,19811.6149452831,9832.19007280403,110,0,0,158,0,0,0
59,40,8,0,8,0,0,0,0,0,0,0
59,41,1,3292.87564970446,2163.04781936734,4,0,0,179,0,0,0
59,41,2,2999.7932287599,1316.53935713099,0,0,0,102,0,0,0
59,41,3,3053.51995611123,1386.66451265472,0,0,0,191,0,0,0
59,41,4,3163.83657720867,773.692643222402,0,0,0,92,0,0,0
59,41,5,3407.4606134721,920.444699229302,0,0,0,127,0,0,0
59,41,6,3733.83714905321,1671.77865699694,0,0,0,96,0,0,0
59,41,7,19860.0656979344,12138.9107605625,44,0,0,192,0,0,0
59,41,8,0,8,0,0,0,0,0,0,0
59,42,1,3303.35939529077,1098.02337559495,0,0,0,189,0,0,0
59,42,2,3004.09292471095,1044.97432717653,0,0,0,131,0,0,0
59,42,3,3053.17066473049,1177.49549754042,0,0,0,138,0,0,0
59,42,4,3154.9041376383,940.07946745656,0,0,0,77,0,0,0
59,42,5,3415.36846617379,1374.73415332945,0,0,0,92,0,0,0
59,42,6,3772.93742034563,2004.41226260726,0,0,0,167,0,0,0
59,42,7,19908.60879441,10785.8535748981,34,0,0,275,0,0,0
59,42,8,0,8,0,0,0,0,0,0,0
59,43,1,3306.1590710809,1567.56864631586,0,0,0,109,0,0,0
59,43,2,2999.24238580125,896.751558842967,0,0,0,104,0,0,0
59,43,3,3050.72896862998,896.107576811846,0,0,0,117,0,0,0
59,43,4,3151.86139720791,1252.82745889783,0,0,0,94,0,0,0
59,43,5,3436.62286055736,1522.57021220939,0,0,0,137,0,0,0
59,43,6,3831.41429948201,1150.24626216068,0,0,0,200,0,0,0
59,43,7,19954.9383510948,14411.6994720235,37,0,0,232,0,0,0
59,43,8,0,8,0,0,0,0,0,0,0
59,44,1,3314.12683456594,2177.56179276295,0,0,0,156,0,0,0
59,44,2,2994.18956234101,791.532401474349,0,0,0,89,0,0,0
59,44,3,3044.84664875798,1677.66623962595,0,0,0,89,0,0,0
59,44,4,3155.17191783592,1641.70951790722,0,0,0,125,0,0,0
59,44,5,3452.94574448952,1087.51043532926,0,0,0,152,0,0,0
59,44,6,3850.81692860201,1234.79243732286,0,0,0,115,0,0,0
59,44,7,19980.7750056868,6029.6126180898,39,0,0,215,0,0,0
59,44,8,0,8,0,0,0,0,0,0,0
59,45,1,3335.33372046812,1420.05847246562,31,0,0,152,0,0,0
59,45,2,2989.16722947051,776.201345223158,0,0,0,79,0,0,0
59,45,3,3058.44342722384,910.820645333283,5,0,0,157,0,0,0
59,45,4,3179.58634366087,1066.36685140646,0,0,0,164,0,0,0
59,45,5,3462.54151865025,1855.77631914443,0,0,0,108,0,0,0
59,45,6,3878.79520459458,2331.48735856996,0,0,0,123,0,0,0
59,45,7,20033.1728339409,7520.64625241868,183,0,0,213,0,0,1
59,45,8,0,8,0,0,0,0,0,0,0
59,46,1,3364.18787219605,848.251352111306,0,0,0,142,0,0,0
59,46,2,2990.09696785437,1243.30487594758,0,0,0,77,0,0,0
59,46,3,3064.64625919126,1255.48612788381,0,0,0,91,0,0,0
59,46,4,3191.90639229301,1676.77239642937,0,0,0,106,0,0,0
59,46,5,3506.68216770689,980.953668689463,0,0,0,183,0,0,0
59,46,6,3950.37615034267,1623.46059070303,3,0,0,196,0,0,1
59,46,7,20097.5916400504,5554.05416166214,64,0,0,168,0,0,0
59,46,8,0,8,0,0,0,0,0,0,0
59,47,1,3379.65794874699,271.365313895085,0,0,0,84,0,0,0
59,47,2,3015.29145360653,1078.69718976659,0,0,0,124,0,0,0
59,47,3,3090.82452490242,1389.58462680529,0,0,0,125,0,0,0
59,47,4,3228.39296057109,1084.63235613755,10,0,0,143,0,0,0
59,47,5,3531.30420089531,862.231716257084,0,0,0,98,0,0,0
59,47,6,4023.73956956271,1145.99154913847,0,0,0,162,0,0,0
59,47,7,20172.1577503648,6706.23198124845,156,0,0,196,0,0,0
59,47,8,0,8,0,0,0,0,0,0,0
59,48,1,3362.41734538665,1982.29873832978,0,0,0,27,0,0,0
59,48,2,3005.85746086645,987.694931024221,0,0,0,107,0,0,0
59,48,3,3084.31083151703,1552.28434805498,0,0,0,138,0,0,0
59,48,4,3222.95877155823,606.664806461561,0,0,0,108,0,0,0
59,48,5,3522.36590853872,1750.00471504145,0,0,0,86,0,0,0
59,48,6,4043.04674776281,1400.65488881829,0,0,0,114,0,0,0
59,48,7,20212.0356175981,6440.15048547963,76,0,0,201,0,0,0
59,48,8,0,8,0,0,0,0,0,0,0
59,49,1,3374.0755958442,1144.46204133867,0,8,0,148,0,0,0
59,49,2,2996.33489945005,1670.6061319804,0,0,0,98,0,0,0
59,49,3,3082.96290585856,1394.09219929301,0,1,0,146,0,0,0
59,49,4,3207.35820620562,1758.6292925895,0,0,0,60,0,0,0
59,49,5,3538.3830234501,1570.98819602743,0,0,0,170,0,0,0
59,49,6,4064.48910876098,1491.31334807275,0,0,0,140,0,0,0
59,49,7,20243.4161293421,9916.45922106732,0,80,0,186,0,0,0
59,49,8,0,8,0,0,0,0,0,0,0
59,50,1,3375.41469975849,1074.06894620554,0,0,0,114,0,0,0
59,50,2,2999.71646277242,1837.63060119278,0,0,0,167,0,0,0
59,50,3,3077.82565683041,1419.3001288656,0,0,0,139,0,0,0
59,50,4,3216.36855525807,2005.40249945897,0,4,0,157,0,0,0
59,50,5,3556.88909685775,429.980156776634,0,0,0,157,0,0,0
59,50,6,4102.70289949537,1586.36063521424,0,0,0,146,0,0,0
59,50,7,20305.638609933,7256.00852852946,0,180,0,181,0,0,0
59,50,8,0,8,0,0,0,0,0,0,0
59,51,1,3338.70323337386,1064.47170719115,0,107,0,0,0,0,0
59,51,2,2990.95136012869,1160.32199458919,0,96,0,87,0,0,0
59,51,3,3053.51941545874,1289.7218306767,0,77,0,64,0,0,0
59,51,4,3204.56073134135,1234.42535651901,0,114,0,86,0,0,0
59,51,5,3527.30355230553,1315.9985816667,0,21,0,21,0,0,0
59,51,6,4125.32563026789,1704.75721363489,0,71,0,87,0,0,0
59,51,7,20424.6868625903,7266.54657339395,1,261,0,278,0,0,10
59,51,8,0,8,0,0,0,0,0,0,0
59,52,1,3354.94832199352,1151.6162155835,0,0,0,106,0,0,0
59,52,2,2999.28939796782,843.245132745747,0,0,0,116,0,0,0
59,52,3,3060.85161313382,1881.03973920531,0,0,0,128,0,0,0
59,52,4,3208.40581284466,1245.22065373746,0,0,0,123,0,0,0
59,52,5,3555.83232320475,2097.80109002358,0,0,0,131,0,0,0
59,52,6,4178.70446131016,2000.88719315322,0,0,0,170,0,0,0
59,52,7,20506.6852376662,6308.63814881263,23,0,0,285,0,0,0
59,52,8,0,8,0,0,0,0,0,0,0
59,53,1,3376.73141168424,1403.12065246659,0,0,0,115,0,0,0
59,53,2,2997.48998657121,1338.11638667861,0,0,0,84,0,0,0
59,53,3,3079.1523506909,1634.60381366712,0,0,0,185,0,0,0
59,53,4,3216.87956468164,1867.77947430947,0,0,0,124,0,0,0
59,53,5,3587.72281482795,1744.20274282783,1,0,0,176,0,0,0
59,53,6,4232.01407482232,1571.18645147836,0,0,0,193,0,0,0
59,53,7,20555.734802896,6448.28917116321,23,0,0,184,0,0,1
59,53,8,0,8,0,0,0,0,0,0,0
59,54,1,3406.24407180529,637.111269673618,0,0,0,140,0,0,0
59,54,2,3005.70518136983,1796.11598532251,0,0,0,133,0,0,0
59,54,3,3089.83216308653,1279.71019761729,0,0,0,163,0,0,0
59,54,4,3246.61499730144,536.972900821954,0,0,0,183,0,0,0
59,54,5,3613.57650221716,1420.62022158134,0,0,0,174,0,0,0
59,54,6,4260.94083470537,1037.80444768804,0,0,0,157,0,0,0
59,54,7,20599.9202812448,6485.36162500446,25,0,0,184,0,0,5
59,54,8,0,8,0,0,0,0,0,0,0
59,55,1,3416.59177422997,996.889016014297,0,0,0,63,0,0,0
59,55,2,3040.83281581556,992.488251950992,0,0,0,179,0,0,0
59,55,3,3108.76402130205,1883.79627338207,0,0,0,127,0,0,0
59,55,4,3266.45792425249,1429.43436146966,0,0,0,53,0,0,0
59,55,5,3644.06024813564,2021.82246102716,0,0,0,142,0,0,0
59,55,6,4307.6339503302,2412.98247480637,0,0,0,103,0,0,0
59,55,7,20700.5071409434,7832.36458065337,29,0,0,221,0,0,0
59,55,8,0,8,0,0,0,0,0,0,0
59,56,1,3439.40057275616,646.268010147619,0,0,0,99,0,0,0
59,56,2,3056.66773984194,1702.2484706128,0,0,0,99,0,0,0
59,56,3,3156.14554403146,1428.21574154886,0,0,0,188,0,0,0
59,56,4,3298.5353829511,1842.76449748026,0,0,0,142,0,0,0
59,56,5,3697.39533271643,2330.81299595383,0,0,0,175,0,0,0
59,56,6,4422.3142385941,1460.24294558415,3,0,0,191,0,0,0
59,56,7,20853.5997120281,11018.7249120575,35,0,0,290,0,0,0
59,56,8,0,8,0,0,0,0,0,0,0
59,57,1,3439.41558783643,1107.95231899092,0,0,0,64,0,0,0
59,57,2,3083.95371893069,1885.19363164665,0,0,0,170,0,0,0
59,57,3,3169.41957499279,1119.44328684558,0,0,0,142,0,0,0
59,57,4,3332.53378275978,1900.60963053675,0,0,0,179,0,0,0
59,57,5,3744.20011298264,2637.12466852649,2,0,0,175,0,0,0
59,57,6,4471.68754442976,2091.81907687241,0,0,0,146,0,0,0
59,57,7,20914.8119607358,7408.00157517096,32,0,0,201,0,0,0
59,57,8,0,8,0,0,0,0,0,0,0
59,58,1,3440.67008784341,1268.49830369458,0,0,0,110,0,0,0
59,58,2,3094.6374702248,1532.93986186289,0,0,0,188,0,0,0
59,58,3,3161.6701183275,1126.99872203071,0,0,0,111,0,0,0
59,58,4,3348.44350324974,1777.7132808837,6,0,0,163,0,0,0
59,58,5,3787.99146235394,2555.89249150918,6,0,0,235,0,0,0
59,58,6,4510.1467734464,1122.99905394621,5,0,0,187,0,0,0
59,58,7,20958.8079043892,13325.713403877,122,0,0,228,0,0,0
59,58,8,0,8,0,0,0,0,0,0,0
59,59,1,3445.43009494521,1408.42583050543,0,0,0,126,0,0,0
59,59,2,3083.50576629323,1449.87877810526,0,0,0,153,0,0,0
59,59,3,3148.86692953583,869.312248398068,0,0,0,112,0,0,0
59,59,4,3350.94223263131,1359.4102048141,0,0,0,177,0,0,0
59,59,5,3812.20428812565,1740.05845590411,0,1,0,210,0,0,0
59,59,6,4525.63651755026,2199.74162245998,0,0,0,112,0,0,0
59,59,7,20988.6963326219,10638.2567807392,0,30,0,244,0,0,0
59,59,8,0,8,0,0,0,0,0,0,0
59,60,1,3430.96020423961,1435.88902569982,0,82,0,58,0,0,0
59,60,2,3058.20127528332,1643.47552145216,0,71,0,73,0,0,0
59,60,3,3118.94082596161,911.767376711647,0,40,0,46,0,0,0
59,60,4,3330.71833530829,1878.649650768,0,67,0,68,0,0,0
59,60,5,3803.17269568934,2520.54377209297,0,102,0,72,0,0,0
59,60,6,4532.43899785356,2230.67052604346,0,126,0,93,0,0,0
59,60,7,21027.0535403877,8708.087341506,5,196,0,206,0,0,2
59,60,8,0,8,0,0,0,0,0,0,0
59,61,1,3468.83250714184,1034.57028889053,0,0,0,143,0,0,0
59,61,2,3104.39599248772,880.482350523783,0,0,0,164,0,0,0
59,61,3,3125.72283486889,1780.14767203682,0,0,0,91,0,0,0
59,61,4,3383.24882622742,1013.11333072658,0,0,0,187,0,0,0
59,61,5,3894.27655598708,2506.57145733925,2,0,0,187,0,0,0
59,61,6,4650.26029441866,2045.62428278565,1,0,0,189,0,0,0
59,61,7,21135.5323827402,12598.990524219,23,0,0,222,0,0,5
59,61,8,0,8,0,0,0,0,0,0,0
59,62,1,3472.98661551491,583.646116030705,0,0,0,103,0,0,0
59,62,2,3102.61880451511,825.012765148334,0,0,0,88,0,0,0
59,62,3,3134.84236030654,745.060863505544,0,0,0,175,0,0,0
59,62,4,3384.11007557054,812.506230775666,0,0,0,101,0,0,0
59,62,5,3928.92326513181,1328.94405516927,1,0,0,187,0,0,0
59,62,6,4720.26762908967,2552.80512373411,0,0,0,201,0,0,0
59,62,7,21185.4206175344,8018.57589558938,23,0,0,214,0,0,0
59,62,8,0,8,0,0,0,0,0,0,0
59,63,1,3469.56262010389,1506.53770684506,0,0,0,58,0,0,0
59,63,2,3104.10686896851,922.872525868344,0,0,0,82,0,0,0
59,63,3,3116.4607878064,484.171866402189,0,0,0,74,0,0,0
59,63,4,3379.59467331548,1552.50464888821,0,0,0,81,0,0,0
59,63,5,3949.32743076592,2563.43016019463,0,0,0,132,0,0,0
59,63,6,4778.43400300544,2457.65175431685,32,0,0,152,0,0,0
59,63,7,21238.3335838103,7831.89973027981,191,0,0,187,0,0,0
59,63,8,0,8,0,0,0,0,0,0,0
59,64,1,3495.00445937372,1442.64141675574,0,0,0,150,0,0,0
59,64,2,3102.80858177765,733.876607779584,0,0,0,92,0,0,0
59,64,3,3101.01127155277,1510.4678291744,0,0,0,48,0,0,0
59,64,4,3394.54102920363,1197.90746084512,0,0,0,155,0,0,0
59,64,5,3984.97153682986,501.966833979928,16,0,0,168,0,0,0
59,64,6,4855.26583055333,1373.87839137181,12,0,0,178,0,0,0
59,64,7,21328.8596707375,5546.41527202398,100,0,0,228,0,0,0
59,64,8,0,8,0,0,0,0,0,0,0
59,65,1,3477.19594005856,1731.15198981805,127,0,0,17,0,0,0
59,65,2,3080.12453694406,791.096351442246,42,0,0,31,0,0,0
59,65,3,3082.23355649743,1219.59017975158,95,0,0,56,0,0,0
59,65,4,3381.19293250516,1300.25541097755,56,0,0,63,0,0,0
59,65,5,3980.2622181948,2100.03418003156,9,0,0,41,0,0,0
59,65,6,4870.17764008691,1281.15006051362,68,0,0,69,0,0,0
59,65,7,21455.122881158,8978.66203361292,245,0,0,309,0,0,0
59,65,8,0,8,0,0,0,0,0,0,0
59,66,1,3506.57543715352,1580.39331400729,0,0,0,173,0,0,0
59,66,2,3085.18421925979,1653.48420697477,0,0,0,79,0,0,0
59,66,3,3084.71692747132,1202.87384294651,0,0,0,121,0,0,0
59,66,4,3385.43738054784,1318.96757125008,0,0,0,130,0,0,0
59,66,5,4021.62402141428,2182.10870551443,0,0,0,210,0,0,0
59,66,6,4911.56225848641,2454.62710575729,0,0,0,128,0,0,0
59,66,7,21493.8041006738,7336.01278548189,63,0,0,173,0,0,0
59,66,8,0,8,0,0,0,0,0,0,0
59,67,1,3540.69287468586,955.988719303503,0,0,0,155,0,0,0
59,67,2,3126.05853247348,1132.40545489719,0,0,0,165,0,0,0
59,67,3,3086.73472045404,312.798649551425,0,0,0,120,0,0,0
59,67,4,3398.2495981806,1201.24250266047,0,0,0,131,0,0,0
59,67,5,4080.26500978483,2819.17981434707,8,0,0,182,0,0,0
59,67,6,5043.46203595635,2604.15178684198,9,0,0,206,0,0,0
59,67,7,21570.5974421204,6335.2197420259,127,0,0,196,0,0,0
59,67,8,0,8,0,0,0,0,0,0,0
59,68,1,3562.87786143902,1548.83146295326,0,0,0,95,0,0,0
59,68,2,3145.40635468701,1100.30107553926,0,0,0,113,0,0,0
59,68,3,3064.83294785281,1186.69879764884,0,0,0,31,0,0,0
59,68,4,3420.94736611851,1517.59375710769,0,0,0,120,0,0,0
59,68,5,4132.87185041625,2672.07859012758,0,16,0,171,0,0,0
59,68,6,5202.09246211687,2012.22702216923,0,6,0,224,0,0,0
59,68,7,21688.1638974736,9188.76011448558,0,62,0,251,0,0,0
59,68,8,0,8,0,0,0,0,0,0,0
59,69,1,3569.40098813674,390.032529977099,0,17,0,129,0,0,0
59,69,2,3137.44550416212,2497.8700310907,0,0,0,110,0,0,0
59,69,3,3055.80045818382,492.890122496482,0,0,0,118,0,0,0
59,69,4,3425.98531142667,1103.03588640568,0,0,0,151,0,0,0
59,69,5,4140.64911913736,2075.26934388746,0,89,0,133,0,0,0
59,69,6,5236.51634202651,2596.29810031278,0,39,0,142,0,0,0
59,69,7,21829.9024605589,6630.8700872635,0,352,0,390,0,0,0
59,69,8,0,8,0,0,0,0,0,0,0
59,70,1,3562.82047403639,1273.11214242028,0,0,0,39,0,0,0
59,70,2,3202.54488148835,1355.28439360464,0,0,0,222,0,0,0
59,70,3,3045.6087058682,902.067425615958,0,0,0,49,0,0,0
59,70,4,3466.3530508426,1254.87438841639,0,0,0,110,0,0,0
59,70,5,4232.1080377231,1513.42101726413,0,0,0,207,0,0,0
59,70,6,5414.90837844995,2338.0196837801,1,0,0,206,0,0,0
59,70,7,21944.7023031409,9229.72706016701,31,0,0,183,0,0,0
59,70,8,0,8,0,0,0,0,0,0,0
59,71,1,3601.83305413031,1741.88350019055,0,0,0,127,0,0,0
59,71,2,3236.30666073146,1466.73437619429,0,0,0,135,0,0,0
59,71,3,3054.9552664942,1467.21516923498,0,0,0,90,0,0,0
59,71,4,3495.26668888291,1899.09410445065,0,0,0,125,0,0,0
59,71,5,4292.93123648528,560.879885910004,0,0,0,151,0,0,0
59,71,6,5645.97559837857,2158.95266180356,0,1,0,201,0,0,0
59,71,7,22119.3152614314,6526.4882211942,0,34,0,223,0,0,0
59,71,8,0,8,0,0,0,0,0,0,0
59,72,1,3591.03664354686,663.355855923232,0,107,0,67,0,0,0
59,72,2,3230.19746643136,843.066603966154,0,67,0,79,0,0,0
59,72,3,3049.56652402318,1575.13064179714,0,72,0,74,0,0,0
59,72,4,3502.19890875817,1375.00514806367,0,97,0,92,0,0,0
59,72,5,4259.6080793098,1852.62993991693,0,40,0,16,0,0,0
59,72,6,5721.53333772864,1905.37858779295,0,102,0,113,0,0,0
59,72,7,22252.8020339499,14046.2688900606,2,278,0,236,0,0,0
59,72,8,0,8,0,0,0,0,0,0,0
59,73,1,3589.14104503842,2052.27677204744,0,0,0,66,0,0,0
59,73,2,3230.86641270873,1325.61435288493,0,0,0,84,0,0,0
59,73,3,3056.42776104335,1293.24287814183,0,0,0,157,0,0,0
59,73,4,3514.75980640306,1196.73489005051,0,0,0,137,0,0,0
59,73,5,4292.15354467423,2623.53713735367,0,0,0,185,0,0,0
59,73,6,5780.81226239116,2183.30868369184,0,0,0,188,0,0,0
59,73,7,22307.6918519661,10615.5402864539,28,0,0,233,0,0,0
59,73,8,0,8,0,0,0,0,0,0,0
59,74,1,3665.75179727236,1968.07881269367,0,0,0,196,0,0,0
59,74,2,3270.73512556168,905.906508522716,0,0,0,132,0,0,0
59,74,3,3085.12394431041,1076.85589155646,0,0,0,129,0,0,0
59,74,4,3567.03573492212,2412.57540702467,0,0,0,119,0,0,0
59,74,5,4418.52987648703,1943.23408676404,2,0,0,186,0,0,0
59,74,6,5943.58319469591,1559.73150160501,0,0,0,212,0,0,0
59,74,7,22416.7232119902,13785.1472865818,36,0,0,168,0,0,0
59,74,8,0,8,0,0,0,0,0,0,0
59,75,1,3701.65763011407,1964.67477690084,0,0,0,196,0,0,0
59,75,2,3263.65023490208,1502.66757957673,0,0,0,90,0,0,0
59,75,3,3083.97902133704,1404.59974862971,0,0,0,107,0,0,0
59,75,4,3621.69741363591,1453.21470227824,0,0,0,241,0,0,0
59,75,5,4457.80922930555,2940.45158334349,0,0,0,194,0,0,0
59,75,6,5990.32124129327,2139.14865793012,0,0,0,155,0,0,0
59,75,7,22460.017564474,4593.95587715258,32,0,0,220,0,0,0
59,75,8,0,8,0,0,0,0,0,0,0
59,76,1,3744.4546985375,2240.71222818776,60,0,0,130,0,0,0
59,76,2,3276.79878973159,1230.70631482501,62,0,0,82,0,0,0
59,76,3,3092.73974547109,592.660091580041,53,0,0,82,0,0,0
59,76,4,3655.4648946808,1342.70046834456,63,0,0,76,0,0,0
59,76,5,4548.70409869572,1187.44236382409,129,0,0,152,0,0,0
59,76,6,6104.64975614179,1813.10514856751,98,0,0,106,0,0,0
59,76,7,22621.0695457549,6498.99536089969,212,0,0,226,0,0,0
59,76,8,0,8,0,0,0,0,0,0,0
59,77,1,3773.86888727389,1604.70921304958,11,0,0,162,0,0,0
59,77,2,3290.5563612507,1741.02403061709,0,0,0,123,0,0,0
59,77,3,3090.40586621662,1553.29728879122,0,0,0,59,0,0,0
59,77,4,3682.54730569166,1289.19647823347,0,0,0,134,0,0,0
59,77,5,4577.6918839048,3142.49721356852,0,0,0,118,0,0,0
59,77,6,6190.94753254397,3236.56074468536,1,0,0,175,0,0,0
59,77,7,22645.435785032,5475.93755132683,84,0,0,171,0,0,0
59,77,8,0,8,0,0,0,0,0,0,0
59,78,1,3815.4515066487,1405.02726200142,38,0,0,103,0,0,0
59,78,2,3360.32167655607,1898.99550803444,32,0,0,126,0,0,0
59,78,3,3152.64331857834,1591.39448205296,0,0,0,155,0,0,0
59,78,4,3794.60367711405,1653.47360276983,0,0,0,128,0,0,0
59,78,5,4690.02650935797,1706.29236732478,98,0,0,167,0,0,0
59,78,6,6426.02524565572,3407.52970322766,113,0,0,154,0,0,0
59,78,7,22805.7492674755,12153.0090267157,203,0,0,217,0,0,10
59,78,8,0,8,0,0,0,0,0,0,0
59,79,1,3829.41022724207,913.473048075525,0,0,0,140,0,0,0
59,79,2,3387.58563680417,859.809401537459,0,0,0,188,0,0,0
59,79,3,3162.66800125785,1671.12419529497,0,0,0,159,0,0,0
59,79,4,3814.37456161743,894.776241276986,0,0,0,165,0,0,0
59,79,5,4737.69312876494,1628.23801596172,0,0,0,170,0,0,0
59,79,6,6511.12369214311,2916.6517392945,5,0,0,207,0,0,0
59,79,7,22832.1756869997,7920.03849543369,40,0,0,257,0,0,0
59,79,8,0,8,0,0,0,0,0,0,0
59,80,1,3823.42371602294,905.858129293642,0,0,0,91,0,0,0
59,80,2,3386.40966938836,1385.35405292604,1,0,0,84,0,0,0
59,80,3,3179.064687895,1962.19114446517,0,0,0,167,0,0,0
59,80,4,3821.19161466025,2127.19272483898,0,0,0,89,0,0,0
59,80,5,4806.68397718846,2663.20357454278,1,0,0,161,0,0,0
59,80,6,6621.76155607972,2176.90432250263,64,0,0,175,0,0,0
59,80,7,22917.1895953551,10956.0272048191,239,1,0,264,0,0,2
59,80,8,0,8,0,0,0,0,0,0,0
59,81,1,3829.17325960819,1107.96846801146,0,0,0,90,0,0,0
59,81,2,3393.43322471502,1929.17754667229,0,0,0,138,0,0,0
59,81,3,3189.52424716463,1851.44706423397,0,0,0,186,0,0,0
59,81,4,3841.35271777508,1878.03953786699,1,0,0,200,0,0,0
59,81,5,4881.55932014244,3078.80577568149,3,0,0,233,0,0,0
59,81,6,6711.74014455232,1041.07950914978,5,0,0,163,0,0,0
59,81,7,22942.0683901965,12010.1978391407,84,0,0,204,0,0,0
59,81,8,0,8,0,0,0,0,0,0,0
59,82,1,3848.43305407895,1361.85245278551,0,0,0,110,0,0,0
59,82,2,3443.29721012762,775.871086352279,0,0,0,192,0,0,0
59,82,3,3207.54453512189,1442.36644231533,0,0,0,185,0,0,0
59,82,4,3884.55320985579,1813.3264946466,0,0,0,186,0,0,0
59,82,5,5018.68285249125,1466.84890216929,0,4,0,202,0,0,0
59,82,6,6808.9881027082,2740.53024559855,0,0,0,104,0,0,0
59,82,7,23012.0638919395,4788.20745703144,0,46,0,190,0,0,0
59,82,8,0,8,0,0,0,0,0,0,0
59,83,1,3821.99117849245,1670.91130193529,0,96,0,40,0,0,0
59,83,2,3411.41979571762,960.457611767446,0,38,0,39,0,0,0
59,83,3,3190.80359132122,1620.1413697452,0,62,0,82,0,0,0
59,83,4,3880.97719796926,1709.83125237424,0,103,0,78,0,0,0
59,83,5,5031.87747235479,2327.21751903358,0,56,0,90,0,0,0
59,83,6,6918.26749229809,1816.82507492736,0,144,0,130,0,0,0
59,83,7,23078.8461699479,11145.9642225209,0,216,0,229,0,0,3
59,83,8,0,8,0,0,0,0,0,0,0
59,84,1,3849.86203446798,2075.96219972468,0,0,0,167,0,0,0
59,84,2,3400.25735288604,1869.02593992877,0,0,0,96,0,0,0
59,84,3,3210.66926138772,2160.79929346358,0,0,0,162,0,0,0
59,84,4,3950.93984831961,1413.37926781172,0,0,0,170,0,0,0
59,84,5,5096.53648437963,2226.68158329011,0,0,0,230,0,0,0
59,84,6,7002.17219564001,3226.94077406409,0,0,0,181,0,0,0
59,84,7,23160.2986029053,11676.2524786884,23,0,0,319,0,0,0
59,84,8,0,8,0,0,0,0,0,0,0
59,85,1,3882.76284120521,1112.24939199029,0,0,0,203,0,0,0
59,85,2,3434.79051397044,833.506744748998,0,0,0,184,0,0,0
59,85,3,3255.31281369365,1343.08604396759,0,0,0,214,0,0,0
59,85,4,3976.47117255138,1062.58233563956,0,0,0,141,0,0,0
59,85,5,5172.45323456126,2186.31258371038,0,0,0,193,0,0,0
59,85,6,7098.02614170763,2837.02015921914,2,0,0,193,0,0,0
59,85,7,23232.1795843914,10979.0804016735,20,0,0,271,0,0,1
59,85,8,0,8,0,0,0,0,0,0,0
59,86,1,3884.79946890498,2221.30844274353,0,0,0,111,0,0,0
59,86,2,3436.17233400093,999.158530201849,0,0,0,83,0,0,0
59,86,3,3277.74371998005,969.063397462635,0,0,0,134,0,0,0
59,86,4,3987.07172079248,1509.27036053101,0,0,0,106,0,0,0
59,86,5,5240.26744814129,1793.81072053707,0,0,0,173,0,0,3
59,86,6,7214.77429251566,2871.51161902784,0,0,0,215,0,0,3
59,86,7,23279.3818018026,6805.86471624776,28,0,0,186,0,0,1
59,86,8,0,8,0,0,0,0,0,0,0
59,87,1,3956.08260843659,876.459617344631,7,0,0,172,0,0,0
59,87,2,3463.40459083674,1200.5509584038,0,0,0,99,0,0,0
59,87,3,3303.89917796351,1137.86304404651,0,0,0,96,0,0,0
59,87,4,4036.31459862266,1882.02622705467,0,0,0,150,0,0,0
59,87,5,5365.40675406794,1412.97505104017,0,0,0,179,0,0,0
59,87,6,7605.40444891975,3211.58613322469,12,0,0,204,0,0,0
59,87,7,23470.5513724605,8345.05043403051,68,0,0,230,0,0,0
59,87,8,0,8,0,0,0,0,0,0,0
59,88,1,3962.70073401436,1908.23954632739,0,0,0,87,0,0,0
59,88,2,3478.53192280072,1127.76775894298,0,0,0,120,0,0,0
59,88,3,3339.10216994419,2071.77053897297,0,0,0,113,0,0,0
59,88,4,4093.24534566983,1434.14457937589,1,0,0,169,0,0,0
59,88,5,5439.10627377727,1733.48952614179,0,0,0,141,0,0,0
59,88,6,7931.86933984975,3466.04791647551,9,0,0,218,0,0,0
59,88,7,23632.1468543826,9126.98854789421,58,0,0,190,0,0,1
59,88,8,0,8,0,0,0,0,0,0,0
59,89,1,4048.23630257715,1484.30407549461,0,0,0,174,0,0,0
59,89,2,3533.7022048582,1318.07156106724,0,0,0,112,0,0,0
59,89,3,3409.74340770606,1911.8162275058,1,0,0,184,0,0,0
59,89,4,4142.06862070607,1905.18558031674,0,0,0,143,0,0,0
59,89,5,5561.41828271665,813.549999602991,0,0,0,173,0,0,0
59,89,6,8533.57331452921,3947.10280603727,8,0,0,193,0,0,0
59,89,7,23788.7471708382,15376.9412566947,46,0,0,194,0,0,0
59,89,8,0,8,0,0,0,0,0,0,0
59,90,1,4030.9677787143,1419.09243320443,0,0,0,148,0,0,0
59,90,2,3526.26836823274,1350.20539208123,0,0,0,131,0,0,0
59,90,3,3418.40929778057,2201.06560103566,0,0,0,188,0,0,0
59,90,4,4161.45821956384,2172.75321666963,0,0,0,189,0,0,0
59,90,5,5567.025547815,3066.11355736721,0,0,0,81,0,0,0
59,90,6,8684.32971493642,3568.3439879632,3,0,0,254,0,0,0
59,90,7,23810.5871654526,5277.78176844566,37,0,0,212,0,0,0
59,90,8,0,8,0,0,0,0,0,0,0
59,91,1,4015.10798942393,1864.38343061677,0,70,0,71,0,0,0
59,91,2,3523.41194352258,1758.53831177539,0,53,0,82,0,0,0
59,91,3,3431.64786238354,1074.04985130956,0,96,0,124,0,0,0
59,91,4,4164.02363776522,912.765075359409,0,135,0,82,0,0,0
59,91,5,5638.03461271991,1109.01925908197,0,157,0,149,0,0,0
59,91,6,8933.20664572536,2541.74788539262,0,195,0,161,0,0,0
59,91,7,23970.93844984,9631.09126930289,0,249,0,263,0,0,0
59,91,8,0,8,0,0,0,0,0,0,0
59,92,1,4039.57756076339,1772.21472938755,0,0,0,186,0,0,0
59,92,2,3539.62399605451,2159.98616411441,0,0,0,175,0,0,0
59,92,3,3448.63606693172,1660.69330747693,0,0,0,107,0,0,0
59,92,4,4185.67631422531,2002.3201568919,0,0,0,91,0,0,0
59,92,5,5698.70316711287,3023.38586708778,0,0,0,110,0,0,0
59,92,6,9055.63838533777,2417.90348832291,2,0,0,190,0,0,0
59,92,7,24026.4611317992,12314.5540614245,29,0,0,205,0,0,0
59,92,8,0,8,0,0,0,0,0,0,0
59,93,1,4076.60603748578,1097.82323528216,0,0,0,177,0,0,0
59,93,2,3580.78901322619,1022.23844960066,0,0,0,192,0,0,0
59,93,3,3498.91054450795,1337.49284810404,0,0,0,166,0,0,0
59,93,4,4244.01239468352,948.385073922131,0,0,0,199,0,0,0
59,93,5,5833.05381177483,2772.93676640778,1,0,0,213,0,0,0
59,93,6,9234.46173164362,4642.01348738282,0,0,0,195,0,0,0
59,93,7,24143.7701696469,6230.15863133685,24,0,0,259,0,0,0
59,93,8,0,8,0,0,0,0,0,0,0
59,94,1,4097.98267437964,1417.64194899085,0,0,0,109,0,0,0
59,94,2,3596.38693232439,1473.1390447854,0,0,0,102,0,0,0
59,94,3,3530.18390462042,1005.87732861319,0,0,0,133,0,0,0
59,94,4,4273.74537578033,1442.09043134482,0,0,0,94,0,0,0
59,94,5,5983.77531445982,2048.60978550363,11,0,0,182,0,0,0
59,94,6,9549.0256743084,3831.13333979515,33,0,0,183,0,0,0
59,94,7,24259.3851061522,15561.1685025508,52,0,0,194,0,0,0
59,94,8,0,8,0,0,0,0,0,0,0
59,95,1,4113.72229157469,1314.92528096514,0,0,0,141,0,0,0
59,95,2,3595.8537585314,1582.62259250191,0,0,0,147,0,0,0
59,95,3,3530.64424952789,683.540506341495,0,0,0,100,0,0,0
59,95,4,4307.43237269129,752.985351545202,0,0,0,144,0,0,0
59,95,5,6038.75899281261,2955.51956804997,0,0,0,175,0,0,0
59,95,6,9713.85934411691,4567.17384961272,1,0,0,274,0,0,1
59,95,7,24297.5469915541,6976.57569621207,36,0,0,197,0,0,0
59,95,8,0,8,0,0,0,0,0,0,0
59,96,1,4143.92068648688,1788.90918461597,0,0,0,131,0,0,0
59,96,2,3614.49535369099,1346.86108593153,0,0,0,158,0,0,0
59,96,3,3540.27470116536,1129.55864421424,0,0,0,68,0,0,0
59,96,4,4321.08867873413,1340.58608915236,0,0,0,75,0,0,0
59,96,5,6139.02466320441,2341.13773814108,20,0,0,197,0,0,0
59,96,6,10118.0046212964,4803.12755487901,51,0,0,207,0,0,0
59,96,7,24403.0989529211,12560.5038159952,107,0,0,189,0,0,0
59,96,8,0,8,0,0,0,0,0,0,0
59,97,1,4171.35869087214,1597.33943134081,0,0,0,178,0,0,0
59,97,2,3614.1187670165,1284.61079829959,0,0,0,134,0,0,0
59,97,3,3540.95579333906,925.75651619248,0,0,0,112,0,0,0
59,97,4,4347.22419429358,2216.41062400816,0,0,0,134,0,0,0
59,97,5,6193.00182241842,3954.16885013265,1,0,0,190,0,0,0
59,97,6,10256.4302323029,5188.62073244288,11,0,0,221,0,0,0
59,97,7,24443.3362749947,5801.13298566416,44,0,0,220,0,0,0
59,97,8,0,8,0,0,0,0,0,0,0
59,98,1,4233.61546937158,1306.78596185924,20,0,0,129,0,0,0
59,98,2,3687.74410393905,1202.74023756445,2,0,0,124,0,0,0
59,98,3,3563.82471464538,1240.69960813608,0,0,0,92,0,0,0
59,98,4,4420.02276385697,1417.94165570581,49,0,0,148,0,0,0
59,98,5,6361.86647151569,3602.98443918904,148,0,0,172,0,0,0
59,98,6,10826.2601612336,5558.37518679659,194,0,0,201,0,0,3
59,98,7,24696.4393737828,8235.04882307564,217,0,0,254,0,0,0
59,98,8,0,8,0,0,0,0,0,0,0
59,99,1,4253.67436975384,2267.35960954243,0,0,0,130,0,0,0
59,99,2,3694.19595451824,1000.86848878585,0,0,0,120,0,0,0
59,99,3,3582.21020936568,1668.27125512786,0,0,0,124,0,0,0
59,99,4,4464.2401395369,1039.08196036402,0,0,0,141,0,0,0
59,99,5,6482.90039324688,1982.14236429895,13,0,0,205,0,0,0
59,99,6,11114.152745889,4215.14303270184,24,0,0,284,0,0,0
59,99,7,24796.9061586645,13767.8085387757,49,0,0,261,0,0,0
59,99,8,0,8,0,0,0,0,0,0,0
59,100,1,4304.24105520506,1410.24591101491,1,0,0,191,0,0,0
59,100,2,3695.05339939388,217.493906131706,0,0,0,100,0,0,0
59,100,3,3612.87720281065,1014.23304487704,0,0,0,166,0,0,0
59,100,4,4530.04666372102,2925.55951050641,0,0,0,103,0,0,0
59,100,5,6558.72782019343,2201.83064399425,0,0,0,175,0,0,0
59,100,6,11275.1819631015,6531.9074371027,6,0,0,223,0,0,0
59,100,7,24851.5714521739,14707.8435033052,36,0,0,201,0,0,2
59,100,8,0,8,0,0,0,0,0,0,0
60,1,1,2860.6496,314.582529550104,0,34,0,41,0,0,0
60,1,2,2864.088,1325.13867402712,0,47,0,46,0,0,0
60,1,3,2859.192,675.00553276888,0,25,0,38,0,0,0
60,1,4,2860.0816,2365.41093388216,0,28,0,13,0,0,0
60,1,5,2866.1696,1021.33134921124,0,36,0,46,0,0,0
60,1,6,2860.704,1084.44991666021,0,51,0,36,0,0,0
60,1,7,19785.4207999998,7001.53153320006,0,2,0,1,0,0,0
60,1,8,0,1,0,19,0,2,0,0,0
60,2,1,2854.9296,2189.59434133342,0,0,0,31,0,0,0
60,2,2,2881.63199999999,711.038288981202,0,0,0,132,0,0,0
60,2,3,2867.08,940.581235025484,0,0,0,67,0,0,0
60,2,4,2895.0992,963.67276324436,1,0,0,205,0,0,0
60,2,5,2879.4752,1390.56696821524,0,0,0,102,0,0,0
60,2,6,2875.952,1531.7741557576,0,0,0,108,0,0,0
60,2,7,19726.4841599998,7858.19779222545,20,0,0,240,0,0,0
60,2,8,0,1,0,0,0,0,0,0,0
60,3,1,2883.2096,1897.5971705875,0,0,0,202,0,0,1
60,3,2,2886.00799999999,1143.61231162563,0,0,0,71,0,0,0
60,3,3,2880.152,1438.67398022436,0,0,0,94,0,0,0
60,3,4,2908.4992,1704.75752288917,0,0,0,96,0,0,0
60,3,5,2899.95551999999,923.839481886979,0,0,0,139,0,0,0
60,3,6,2899.37599999999,925.473570772628,0,0,0,153,0,0,0
60,3,7,19660.7241599997,6447.97022375846,22,0,0,210,0,0,0
60,3,8,0,1,0,0,0,0,0,0,0
60,4,1,2903.4464,445.193486065956,2,0,0,169,0,0,0
60,4,2,2896.19999999999,698.940504898916,0,0,0,114,0,0,0
60,4,3,2904.11999999999,1437.40483038558,0,0,0,143,0,0,0
60,4,4,2935.85119999999,1306.89087899054,0,0,0,170,0,0,0
60,4,5,2910.53951999999,775.874220132535,0,0,0,92,0,0,0
60,4,6,2908.93439999999,716.007270014178,0,0,0,92,0,0,0
60,4,7,19587.7843839996,8075.21405797885,46,0,0,167,0,0,0
60,4,8,0,1,0,0,0,0,0,0,0
60,5,1,2894.31072,1234.58245937549,0,0,0,44,0,0,0
60,5,2,2893.82079999999,878.454187746641,0,0,0,69,0,0,0
60,5,3,2922.84991999999,1012.01645221371,0,0,0,143,0,0,0
60,5,4,2952.99455999999,640.988181178015,0,0,0,130,0,0,0
60,5,5,2918.920896,1008.12196082128,0,0,0,77,0,0,0
60,5,6,2914.1376,638.065332356993,0,0,0,71,0,0,0
60,5,7,19513.6944639994,5943.36301837328,0,35,0,206,0,0,0
60,5,8,0,1,0,0,0,0,0,0,0
60,6,1,2886.5897728,1655.49934144982,0,76,0,47,0,0,0
60,6,2,2884.3552,1660.01697813225,0,51,0,36,0,0,0
60,6,3,2921.02751999999,425.494261355951,0,52,0,49,0,0,0
60,6,4,2950.79776,752.49962005764,0,30,0,34,0,0,0
60,6,5,2917.842816,1066.30361717025,0,57,0,43,0,0,0
60,6,6,2906.61792,625.048512389495,0,31,0,32,0,0,0
60,6,7,19459.2839679993,6955.24613427983,0,306,0,288,0,0,0
60,6,8,0,1,0,0,0,0,0,0,0
60,7,1,2908.8873728,1078.80480856731,0,0,0,165,0,0,0
60,7,2,2909.44512,1527.28118014632,0,0,0,166,0,0,0
60,7,3,2926.56991999999,1557.41763656979,0,0,0,42,0,0,0
60,7,4,2964.35136,1482.36881197014,0,0,0,75,0,0,0
60,7,5,2936.199296,1892.77419824035,0,0,0,106,0,0,0
60,7,6,2910.6848,745.350390235122,0,0,0,62,0,0,0
60,7,7,19441.9447679993,11150.5581913581,28,0,0,217,0,0,0
60,7,8,0,1,0,0,0,0,0,0,0
60,8,1,2919.4153728,928.064954981821,0,0,0,107,0,0,0
60,8,2,2933.56511999999,1080.38247579221,0,0,0,152,0,0,0
60,8,3,2952.64991999999,792.729435017222,0,0,0,155,0,0,0
60,8,4,2990.56095999999,1241.61608025768,0,0,0,148,0,0,0
60,8,5,2967.2062848,840.869860862995,0,0,0,189,0,0,0
60,8,6,2919.6688,1682.75447269214,0,0,0,74,0,0,0
60,8,7,19424.2155391993,7111.4069047601,28,0,0,223,0,0,0
60,8,8,0,1,0,0,0,0,0,0,0
60,9,1,2928.4453888,1312.57691715877,0,0,0,92,0,0,0
60,9,2,2951.59392,649.527858619209,0,0,0,108,0,0,0
60,9,3,2966.61951999999,945.597014781607,0,0,0,79,0,0,0
60,9,4,3013.727936,1405.65478166246,0,0,0,124,0,0,0
60,9,5,2976.13894656,1036.91036230066,0,0,0,84,0,0,0
60,9,6,2951.47936,1748.20640230178,0,0,0,168,0,0,0
60,9,7,19400.3318911992,5857.44571584451,105,0,0,173,0,0,0
60,9,8,0,1,0,0,0,0,0,0,0
60,10,1,2943.68595200001,1478.00140730011,0,0,0,131,0,0,0
60,10,2,2958.979584,1121.87441198476,0,0,0,64,0,0,0
60,10,3,2978.62303999999,1201.48555137926,0,0,0,94,0,0,0
60,10,4,3038.5093632,922.147247345989,0,0,0,140,0,0,0
60,10,5,2988.86694656,1085.66009902447,0,0,0,103,0,0,0
60,10,6,2981.261888,1534.96012665401,3,0,0,162,0,0,0
60,10,7,19389.0538751991,8750.19090060278,147,0,0,195,0,0,1
60,10,8,0,1,0,0,0,0,0,0,0
60,11,1,2959.04652800001,879.254609401161,0,0,0,147,0,0,0
60,11,2,2969.9630848,1448.80958583055,0,0,0,112,0,0,0
60,11,3,2993.02938879999,847.746394382085,0,0,0,120,0,0,0
60,11,4,3047.0965632,1141.79361844791,0,0,0,92,0,0,0
60,11,5,2998.17024256,1407.07714258426,0,0,0,108,0,0,0
60,11,6,3001.520064,984.6557740064,0,0,0,153,0,0,0
60,11,7,19370.724339199,14068.0876942022,58,0,0,187,0,0,0
60,11,8,0,1,0,0,0,0,0,0,0
60,12,1,2959.99270400001,837.780169463942,0,0,0,87,0,0,0
60,12,2,2986.5131648,901.181160490718,0,0,0,144,0,0,0
60,12,3,2994.55590655999,1496.27098295312,0,0,0,84,0,0,0
60,12,4,3057.3606912,1634.74412057607,0,0,0,114,0,0,0
60,12,5,3010.88320255999,1248.3043448626,0,0,0,140,0,0,0
60,12,6,3010.144064,1037.82278874817,0,0,0,98,0,0,0
60,12,7,19366.326643199,11018.7496308763,29,0,0,254,0,0,0
60,12,8,0,1,0,0,0,0,0,0,0
60,13,1,2958.31965696001,937.48696362834,0,0,0,83,0,0,0
60,13,2,2986.4137088,1030.29468334029,0,0,0,90,0,0,0
60,13,3,3010.03897856,1881.71377865704,0,0,0,149,0,0,0
60,13,4,3075.4509312,1511.12557568019,0,0,0,163,0,0,0
60,13,5,3019.43328256,1143.77415526944,0,0,0,124,0,0,0
60,13,6,3017.961152,625.815036563192,0,0,0,103,0,0,0
60,13,7,19350.063923199,8635.28562430918,69,0,0,219,0,0,0
60,13,8,0,1,0,0,0,0,0,0,0
60,14,1,2960.02217472001,1690.22181671355,0,0,0,93,0,0,0
60,14,2,2990.0786688,554.750365121717,0,0,0,103,0,0,0
60,14,3,3021.55027456,778.986716084838,17,0,0,152,0,0,0
60,14,4,3088.7978752,699.951897800322,0,0,0,151,0,0,0
60,14,5,3026.99550976,381.666994352947,0,0,0,114,0,0,0
60,14,6,3015.745472,350.816360184767,0,0,0,62,0,0,0
60,14,7,19336.414515199,10024.9718056694,218,1,0,232,0,0,9
60,14,8,0,1,0,0,0,0,0,0,0
60,15,1,2978.28589764609,1510.40057723296,0,0,0,169,0,0,0
60,15,2,2982.82054656,1750.12607276853,0,0,0,55,0,0,0
60,15,3,3015.6496318464,703.262521996982,0,0,0,77,0,0,0
60,15,4,3082.30546176,1170.69638696274,0,0,0,69,0,0,0
60,15,5,3011.94584576,1266.6553373841,0,0,0,38,0,0,0
60,15,6,3006.55819520001,989.609266523656,0,0,0,35,0,0,0
60,15,7,19326.0943359989,7725.19186270106,2,38,0,191,0,0,0
60,15,8,0,1,0,0,0,0,0,0,0
60,16,1,2970.34641860609,1358.10720917248,0,103,0,48,0,0,0
60,16,2,2976.37645056001,808.607920005466,0,96,0,79,0,0,0
60,16,3,2994.98947565568,1801.77688391264,0,29,0,41,0,0,0
60,16,4,3073.995532288,1847.55855745645,0,49,0,68,0,0,0
60,16,5,3000.90419456,902.318047027409,0,79,0,47,0,0,0
60,16,6,3004.37720320001,1058.53438236532,0,44,0,54,0,0,0
60,16,7,19325.0358169589,10186.43357203,5,226,0,221,0,0,1
60,16,8,0,1,0,0,0,0,0,0,0
60,17,1,2992.42635460609,673.075081339966,0,0,0,135,0,0,0
60,17,2,2980.94875136001,1249.22729083829,0,0,0,80,0,0,0
60,17,3,3012.38864365568,739.264810492481,0,0,0,178,0,0,0
60,17,4,3096.101951488,335.986714541314,0,0,0,184,0,0,0
60,17,5,3008.59187456,721.766529077299,0,0,0,90,0,0,0
60,17,6,3017.55507200001,1661.55444259607,0,0,0,105,0,0,0
60,17,7,19346.3725209589,5730.38049803394,20,4,0,190,0,0,0
60,17,8,0,1,0,0,0,0,0,0,0
60,18,1,2997.81631940609,1537.03930962301,0,0,0,67,0,0,0
60,18,2,2993.69710336001,379.99237708845,0,0,0,124,0,0,0
60,18,3,3012.13598701568,1375.46569888811,0,0,0,73,0,0,0
60,18,4,3083.3683429376,900.985541450525,0,0,0,33,0,0,0
60,18,5,3010.22718208001,1140.17615669325,0,0,0,72,0,0,0
60,18,6,3050.44245760001,1318.55221538786,0,0,0,166,0,0,0
60,18,7,19369.7427097589,10102.3497119691,125,0,0,170,0,0,0
60,18,8,0,1,0,0,0,0,0,0,0
60,19,1,3019.32070340609,672.010502984529,0,0,0,153,0,0,0
60,19,2,2982.91956736001,1348.17263392807,0,0,0,37,0,0,0
60,19,3,3025.56071968769,1697.76987861505,0,0,0,137,0,0,0
60,19,4,3080.58192627713,429.879537064778,0,0,0,90,0,0,0
60,19,5,3023.52524288001,712.765001346991,0,0,0,114,0,0,0
60,19,6,3071.53026560001,1695.37629354394,0,0,0,131,0,0,0
60,19,7,19407.5778585588,5830.91102742662,38,0,0,234,0,0,0
60,19,8,0,1,0,0,0,0,0,0,0
60,20,1,3019.93088749569,1571.17405340091,0,0,0,67,0,0,0
60,20,2,2998.51278131201,1133.43747809212,0,0,0,134,0,0,0
60,20,3,3044.87270483969,1134.02848404666,4,0,0,156,0,0,0
60,20,4,3071.63994148455,1251.52684142606,0,0,0,42,0,0,0
60,20,5,3024.12281344001,815.992046633766,0,0,0,71,0,0,0
60,20,6,3104.41199872001,794.015371707298,6,0,0,147,0,0,0
60,20,7,19452.3408844788,10820.7650199676,114,0,0,194,0,0,0
60,20,8,0,1,0,0,0,0,0,0,0
60,21,1,3037.25250541569,1632.45281535863,0,0,0,157,0,0,0
60,21,2,3000.33487718402,972.188400834394,0,0,0,113,0,0,0
60,21,3,3048.81205188609,1832.27447851664,0,0,0,113,0,0,0
60,21,4,3080.73862692455,849.800358001022,0,0,0,125,0,0,0
60,21,5,3026.10077132801,1298.92403566065,0,0,0,81,0,0,0
60,21,6,3114.39657472001,1265.59144866361,0,0,0,79,0,0,0
60,21,7,19487.6860236787,4872.15638990199,45,0,0,220,0,0,0
60,21,8,0,1,0,0,0,0,0,0,0
60,22,1,3043.36491960731,674.292717338184,18,0,0,120,0,0,0
60,22,2,2999.07792998402,477.157306839377,0,0,0,97,0,0,0
60,22,3,3058.49362833409,1300.68087175715,20,0,0,135,0,0,0
60,22,4,3076.21824292455,1286.76782169516,0,0,0,84,0,0,0
60,22,5,3039.56168140801,828.644681583736,0,0,0,129,0,0,0
60,22,6,3132.32979456002,330.28979282699,0,0,0,126,0,0,0
60,22,7,19505.4571315187,3275.67640171261,137,0,0,156,0,0,1
60,22,8,0,1,0,0,0,0,0,0,0
60,23,1,3037.0868370473,1275.21378197042,0,0,0,67,0,0,0
60,23,2,2984.13146101762,1086.0184664269,0,0,0,47,0,0,0
60,23,3,3058.60265617409,1954.10700413757,0,0,0,130,0,0,0
60,23,4,3074.09212452456,913.852241725676,0,0,0,128,0,0,0
60,23,5,3037.20393625601,1569.21703661079,0,0,0,82,0,0,0
60,23,6,3125.4725424333,1411.13641005234,0,0,0,33,0,0,0
60,23,7,19527.5252915187,7445.9045008547,56,0,0,164,0,0,0
60,23,8,0,1,0,0,0,0,0,0,0
60,24,1,3047.42792874476,1601.24420629633,0,0,0,127,0,0,0
60,24,2,2989.98973634562,1708.07072483247,0,0,0,108,0,0,0
60,24,3,3085.03607287809,1888.25152446313,0,0,0,186,0,0,0
60,24,4,3073.97068836456,1699.70383282928,0,0,0,91,0,0,0
60,24,5,3055.75692165121,1359.679628614,0,0,0,156,0,0,0
60,24,6,3163.78412310202,1014.13553920975,0,0,0,141,0,0,0
60,24,7,19586.1665064947,12214.279377352,33,0,0,224,0,0,0
60,24,8,0,1,0,0,0,0,0,0,0
60,25,1,3065.12940980717,1180.60933985346,0,0,0,160,0,0,0
60,25,2,3002.27847813122,1567.65059569598,0,0,0,170,0,0,0
60,25,3,3098.81795055617,1472.93374602108,0,0,0,174,0,0,0
60,25,4,3089.56346824296,1277.93388426661,0,0,0,169,0,0,0
60,25,5,3067.52010516481,362.028445435308,0,0,0,135,0,0,0
60,25,6,3174.16574281402,841.697329607591,0,0,0,101,0,0,0
60,25,7,19623.2377077747,7662.92721879219,30,0,0,210,0,0,0
60,25,8,0,1,0,0,0,0,0,0,0
60,26,1,3077.45047556589,1464.75495454262,0,0,0,118,0,0,0
60,26,2,2999.50344046594,1412.62868761457,11,0,0,133,0,0,0
60,26,3,3100.67863791618,1702.33654595747,2,0,0,143,0,0,0
60,26,4,3086.04836255336,2088.59843510174,0,0,0,127,0,0,0
60,26,5,3054.25235220481,1352.46740119994,0,0,0,36,0,0,0
60,26,6,3176.90893385402,589.610279727174,0,0,0,84,0,0,0
60,26,7,19663.7690526707,5194.49025904237,236,0,0,270,0,0,0
60,26,8,0,1,0,0,0,0,0,0,0
60,27,1,3068.22790805997,1493.0877315469,0,64,0,82,0,0,0
60,27,2,2983.82689646594,957.858813481989,0,66,0,75,0,0,0
60,27,3,3083.27312882567,1391.71832645547,0,76,0,94,0,0,0
60,27,4,3075.17199416936,928.969171510147,0,102,0,106,0,0,0
60,27,5,3048.69060003841,582.54603925037,0,53,0,82,0,0,0
60,27,6,3165.90631149242,613.253614336383,0,31,0,27,0,0,0
60,27,7,19681.9420194598,9466.60635639004,6,163,0,172,0,0,0
60,27,8,0,1,0,0,0,0,0,0,0
60,28,1,3083.7279206523,831.836891010553,0,0,0,149,0,0,0
60,28,2,2981.51821985794,1654.1051354486,0,0,0,95,0,0,0
60,28,3,3093.30975925127,1292.79649366656,0,0,0,139,0,0,0
60,28,4,3079.04329838184,1566.46344842164,0,0,0,92,0,0,0
60,28,5,3046.51613859841,992.380411820972,0,0,0,58,0,0,0
60,28,6,3168.69037078202,1305.36863608542,0,0,0,61,0,0,0
60,28,7,19724.9423728422,5147.39927254942,27,0,0,226,0,0,0
60,28,8,0,1,0,0,0,0,0,0,0
60,29,1,3087.6151336059,765.457291517188,0,0,0,83,0,0,0
60,29,2,2995.08699817986,860.378418545646,0,0,0,165,0,0,0
60,29,3,3098.91442691852,1551.72556605314,0,0,0,129,0,0,0
60,29,4,3094.32463298152,1477.46007212615,0,0,0,156,0,0,0
60,29,5,3053.32388976641,926.843726080523,0,0,0,99,0,0,0
60,29,6,3188.57600278202,1315.27345127592,0,0,0,130,0,0,0
60,29,7,19757.1591306022,6944.65563379799,64,0,0,201,0,0,0
60,29,8,0,1,0,0,0,0,0,0,0
60,30,1,3097.72591590442,1191.74385172159,0,0,0,76,0,0,0
60,30,2,3002.89696022121,804.095711897333,0,0,0,86,0,0,0
60,30,3,3131.63991205415,1201.86909477793,0,0,0,155,0,0,0
60,30,4,3118.7867221197,831.091746764076,0,0,0,147,0,0,0
60,30,5,3069.31598465025,1780.13165265638,0,0,0,92,0,0,0
60,30,6,3230.91416040342,1727.9151310359,0,0,0,131,0,0,0
60,30,7,19820.5906275069,7566.54821238209,58,0,0,188,0,0,0
60,30,8,0,1,0,0,0,0,0,0,0
60,31,1,3116.50661704923,1124.39717777731,0,0,0,119,0,0,0
60,31,2,3008.5952993313,727.665556532498,0,0,0,80,0,0,0
60,31,3,3153.04245652768,1712.54112338658,0,0,0,120,0,0,0
60,31,4,3130.31117117442,1157.43414373655,0,0,0,83,0,0,0
60,31,5,3100.05276061288,1310.51530515167,0,0,0,174,0,0,0
60,31,6,3283.43977185972,1026.54823131486,0,0,0,172,0,0,0
60,31,7,19880.3686442585,3287.04475527691,47,0,0,186,0,0,0
60,31,8,0,1,0,0,0,0,0,0,0
60,32,1,3115.91707731163,1104.44112066356,0,0,0,112,0,0,0
60,32,2,3003.12992940362,1047.64587771957,0,0,0,72,0,0,0
60,32,3,3156.98759608895,1643.79849871406,17,0,0,140,0,0,0
60,32,4,3129.95620833281,1218.47629266083,0,0,0,115,0,0,0
60,32,5,3109.64905823848,2095.4087442226,0,0,0,131,0,0,0
60,32,6,3296.7196600635,1477.10329091262,0,0,0,102,0,0,0
60,32,7,19893.5390890585,8756.56007662427,95,0,0,156,0,0,0
60,32,8,0,1,0,0,0,0,0,0,0
60,33,1,3116.49805999323,1481.64417909491,0,0,0,110,0,0,0
60,33,2,2997.07472105802,1517.8031783159,0,0,0,104,0,0,0
60,33,3,3174.32147956778,1719.29378458923,0,0,0,164,0,0,0
60,33,4,3129.04642983937,1056.31559512218,0,0,0,121,0,0,0
60,33,5,3137.66661244519,1193.16213249883,0,0,0,202,0,0,0
60,33,6,3318.3464744251,1539.99928908655,0,0,0,147,0,0,0
60,33,7,19924.2798770449,10290.5541636707,31,0,0,213,0,0,0
60,33,8,0,1,0,0,0,0,0,0,0
60,34,1,3123.70868640069,1367.5498952335,0,0,0,148,0,0,0
60,34,2,3001.72851515722,1466.14525445336,0,0,0,151,0,0,0
60,34,3,3192.12524057726,1913.79966043265,0,0,0,171,0,0,0
60,34,4,3133.42426634733,1421.79583330521,0,0,0,105,0,0,0
60,34,5,3143.86954360833,1570.0679520205,0,0,0,119,0,0,0
60,34,6,3343.10209657606,686.535542176396,0,0,0,153,0,0,0
60,34,7,19966.6876491025,6821.97642049694,24,0,0,252,0,0,3
60,34,8,0,1,0,0,0,0,0,0,0
60,35,1,3128.48849017157,1454.91564466514,0,0,0,136,0,0,0
60,35,2,2999.20717819824,851.135682432025,0,0,0,146,0,0,0
60,35,3,3202.88697136945,525.584639812926,0,0,0,191,0,0,0
60,35,4,3143.40857713133,671.392207997355,0,0,0,142,0,0,0
60,35,5,3158.07355656193,1609.57978378146,0,0,0,157,0,0,0
60,35,6,3343.97603998061,1808.72626026792,0,0,0,68,0,0,0
60,35,7,19981.016139922,10987.8335836488,157,0,0,162,0,0,0
60,35,8,0,1,0,0,0,0,0,0,0
60,36,1,3138.37097669961,1719.99259775717,0,0,0,145,0,0,0
60,36,2,2984.00141079595,1421.44824065644,0,0,0,85,0,0,0
60,36,3,3182.0413860188,1263.30100477906,0,0,0,52,0,0,0
60,36,4,3130.87336477165,456.494522721282,0,0,0,67,0,0,0
60,36,5,3178.82261269857,863.618561314849,0,0,0,160,0,0,0
60,36,6,3374.98185230701,895.510818392467,0,0,0,180,0,0,0
60,36,7,20011.2062825613,6897.48646439309,0,39,0,206,0,0,0
60,36,8,0,1,0,0,0,0,0,0,0
60,37,1,3136.12533110171,1164.02537195648,0,33,0,129,0,0,0
60,37,2,2982.37114350635,1442.76524427701,0,8,0,131,0,0,0
60,37,3,3182.64702910536,784.871676553632,0,6,0,118,0,0,0
60,37,4,3114.05073445357,670.700572501936,0,0,0,45,0,0,0
60,37,5,3176.66820883809,1868.00761225817,0,0,0,86,0,0,0
60,37,6,3383.23549295284,1237.35069634219,0,0,0,89,0,0,0
60,37,7,20065.4086153963,13176.3923958816,0,294,0,307,0,0,0
60,37,8,0,1,0,0,0,0,0,0,0
60,38,1,3133.10776547124,1669.78556312,0,0,0,116,0,0,0
60,38,2,2984.28936299562,1062.98133754167,0,0,0,144,0,0,0
60,38,3,3168.68098626018,627.923921379174,0,0,0,78,0,0,0
60,38,4,3097.91654601606,884.743458478492,0,0,0,67,0,0,0
60,38,5,3194.02379305927,1907.0675292015,0,0,0,186,0,0,0
60,38,6,3392.14370271924,2045.50257196587,0,0,0,123,0,0,0
60,38,7,20097.9382440888,9445.34864854753,27,0,0,203,0,0,0
60,38,8,0,1,0,0,0,0,0,0,0
60,39,1,3128.44003738712,1063.24087665498,0,77,0,89,0,0,0
60,39,2,2966.28822837839,635.470803583812,0,49,0,57,0,0,0
60,39,3,3142.5394160934,1652.40074628803,0,29,0,33,0,0,0
60,39,4,3083.05631109612,1640.7142291388,0,30,0,58,0,0,0
60,39,5,3194.85870047246,1663.54755659658,0,86,0,104,0,0,0
60,39,6,3401.39790148276,812.794842249144,0,111,0,93,0,0,0
60,39,7,20174.2810162309,8430.27604680897,2,374,0,346,0,0,2
60,39,8,0,1,0,0,0,0,0,0,0
60,40,1,3135.10083230335,1779.90783917422,0,0,0,106,0,0,0
60,40,2,2961.23672482383,677.479546807301,0,0,0,63,0,0,0
60,40,3,3160.00527211352,1120.14321887726,0,0,0,165,0,0,0
60,40,4,3099.18130084185,935.845390600998,0,0,0,164,0,0,0
60,40,5,3222.7945184495,1800.99350457176,0,0,0,166,0,0,0
60,40,6,3416.93727617716,871.653700964337,0,0,0,81,0,0,0
60,40,7,20224.8598722619,4543.23346291627,32,0,0,199,0,0,0
60,40,8,0,1,0,0,0,0,0,0,0
60,41,1,3132.24608191513,1372.45203925459,107,0,0,70,0,0,0
60,41,2,2946.96868559439,1140.5182119132,23,0,0,44,0,0,0
60,41,3,3142.68033171408,748.084066216488,59,0,0,53,0,0,0
60,41,4,3093.13796794057,1562.27060523459,31,0,0,62,0,0,0
60,41,5,3236.6052371695,827.888792100255,84,0,0,96,0,0,0
60,41,6,3425.92208891696,1857.55238733146,38,0,0,49,0,0,0
60,41,7,20255.5771868219,7803.40768912531,142,2,0,168,0,0,15
60,41,8,0,1,0,0,0,0,0,0,0
60,42,1,3161.7079079689,1271.90478349192,0,0,0,137,0,0,0
60,42,2,2955.94718776051,1368.73404432485,0,0,0,114,0,0,0
60,42,3,3140.95481958041,1534.88627845085,0,0,0,74,0,0,0
60,42,4,3118.40824500847,1282.51303297522,0,0,0,156,0,0,0
60,42,5,3255.40832605403,1650.57067612285,0,0,0,82,0,0,0
60,42,6,3476.53455139165,941.292402265497,0,0,0,185,0,0,0
60,42,7,20280.6131865659,7782.78898540543,44,0,0,188,0,0,0
60,42,8,0,1,0,0,0,0,0,0,0
60,43,1,3198.41233263645,1215.64418001631,0,0,0,127,0,0,0
60,43,2,2981.71843043895,1352.50253222301,0,0,0,136,0,0,0
60,43,3,3188.71585073578,2080.54097775336,0,0,0,153,0,0,0
60,43,4,3160.2244128983,1299.48275594151,0,0,0,128,0,0,0
60,43,5,3310.34655115871,2066.61732960126,0,0,0,165,0,0,0
60,43,6,3525.11256440174,1081.71723953969,0,0,0,94,0,0,0
60,43,7,20356.2936799536,6861.74857245911,41,0,0,192,0,0,0
60,43,8,0,1,0,0,0,0,0,0,0
60,44,1,3236.85153549423,1064.15211144409,0,0,0,121,0,0,0
60,44,2,3016.6754245507,1289.91423232188,0,0,0,135,0,0,0
60,44,3,3240.50409467731,868.260893440289,29,0,0,135,0,0,0
60,44,4,3204.97871784358,953.03472804217,0,0,0,129,0,0,0
60,44,5,3364.81689985339,1842.47204850922,23,0,0,144,0,0,0
60,44,6,3586.37016835822,505.332395151837,0,0,0,108,0,0,0
60,44,7,20445.9634972955,13707.2708607099,194,0,0,197,0,0,0
60,44,8,0,1,0,0,0,0,0,0,0
60,45,1,3231.52957649784,1435.03629519128,0,0,0,106,0,0,0
60,45,2,3020.60490445748,1387.61879095847,0,0,0,128,0,0,0
60,45,3,3234.45872435968,2597.56563564318,0,0,0,86,0,0,0
60,45,4,3206.87905706179,2203.85887529519,0,0,0,95,0,0,0
60,45,5,3391.20200524039,1265.4002994967,0,0,0,184,0,0,0
60,45,6,3592.97214879323,2134.33268640309,0,0,0,50,0,0,0
60,45,7,20462.8028131815,8828.19301398614,41,0,0,206,0,0,0
60,45,8,0,1,0,0,0,0,0,0,0
60,46,1,3253.74718885536,1851.69324559401,0,0,0,143,0,0,0
60,46,2,3025.79537512246,1454.21119634973,8,0,0,121,0,0,0
60,46,3,3258.05195501207,1719.00012901643,52,0,0,150,0,0,0
60,46,4,3227.08502710752,1220.86221910451,27,0,0,163,0,0,0
60,46,5,3414.27561555513,1637.17833735876,0,0,0,126,0,0,0
60,46,6,3624.97890338477,1287.77156834363,29,0,0,152,0,0,0
60,46,7,20537.3581394087,7003.13552754663,258,0,0,338,0,0,0
60,46,8,0,1,0,0,0,0,0,0,0
60,47,1,3241.09456766214,1046.27179903642,79,0,0,90,0,0,0
60,47,2,3021.55593983798,1190.08008476914,37,0,0,101,0,0,0
60,47,3,3259.38629699946,1380.48044872958,34,0,0,131,0,0,0
60,47,4,3234.34320628784,1069.91345188097,0,0,0,122,0,0,0
60,47,5,3417.68904075248,1176.67921620099,42,0,0,113,0,0,0
60,47,6,3641.03967770284,1555.13592216616,8,0,0,118,0,0,0
60,47,7,20607.0133442176,14026.6141958765,309,0,0,329,0,0,0
60,47,8,0,1,0,0,0,0,0,0,0
60,48,1,3234.22539751468,1530.03986439891,0,0,0,104,0,0,0
60,48,2,3016.21669727874,1497.27179512572,0,0,0,119,0,0,0
60,48,3,3266.82272637911,692.448678875144,0,0,0,138,0,0,0
60,48,4,3228.03097768291,1060.04468119014,0,0,0,106,0,0,0
60,48,5,3415.07658870614,1041.7375057175,0,0,0,117,0,0,0
60,48,6,3663.53615549433,2092.140049335,0,0,0,155,0,0,0
60,48,7,20627.8740044621,9714.51180971016,4,27,0,255,0,0,0
60,48,8,0,1,0,0,0,0,0,0,0
60,49,1,3243.71160367942,1220.24264248734,0,10,0,137,0,0,0
60,49,2,3013.62535197191,983.116154278501,0,19,0,119,0,0,0
60,49,3,3249.68614941639,1812.52543213309,0,0,0,69,0,0,0
60,49,4,3223.41634846151,1134.12769728981,0,0,0,106,0,0,0
60,49,5,3420.52277392419,2120.70932091297,0,0,0,104,0,0,0
60,49,6,3682.52732668937,1605.09733942038,0,53,0,124,0,0,0
60,49,7,20660.5771525609,6493.24814576574,5,196,0,242,0,0,1
60,49,8,0,1,0,0,0,0,0,0,0
60,50,1,3254.92595134157,1394.0904638054,0,0,0,122,0,0,0
60,50,2,3016.68882015106,1390.78507702068,0,0,0,98,0,0,0
60,50,3,3273.29741177728,1157.8841680028,0,0,0,181,0,0,0
60,50,4,3223.86029339396,962.081019607201,0,0,0,113,0,0,0
60,50,5,3472.57911515998,661.376301761616,0,0,0,212,0,0,0
60,50,6,3732.51581989039,1055.87984236851,0,0,0,160,0,0,0
60,50,7,20743.5837318387,7517.72428779475,21,0,0,291,0,0,0
60,50,8,0,1,0,0,0,0,0,0,0
60,51,1,3291.67409254902,1079.04615708005,0,0,0,139,0,0,0
60,51,2,3056.99678819139,772.326127197322,0,0,0,139,0,0,0
60,51,3,3317.49736598193,970.211132480606,0,0,0,115,0,0,0
60,51,4,3256.95018119242,1045.26924763014,0,0,0,96,0,0,0
60,51,5,3493.5677700883,1598.66358384036,0,0,0,66,0,0,0
60,51,6,3796.08539914562,2056.04020788221,0,0,0,105,0,0,0
60,51,7,20872.1882849274,7064.16781216607,27,0,0,195,0,0,0
60,51,8,0,1,0,0,0,0,0,0,0
60,52,1,3334.1287810439,1986.61699006981,0,0,0,107,0,0,0
60,52,2,3072.92333382831,939.004544318398,0,0,0,77,0,0,0
60,52,3,3354.06996473729,1532.4963713206,0,0,0,97,0,0,0
60,52,4,3304.06566936141,805.231775690459,0,0,0,104,0,0,0
60,52,5,3554.30428314888,1537.20274097359,0,0,0,159,0,0,0
60,52,6,3914.43428288557,1759.08202556025,0,0,0,193,0,0,0
60,52,7,21037.0151418884,10218.3099546431,22,0,0,219,0,0,0
60,52,8,0,1,0,0,0,0,0,0,0
60,53,1,3363.36054795526,1378.92787849477,0,0,0,195,0,0,0
60,53,2,3060.45586633592,872.560084037585,0,0,0,93,0,0,0
60,53,3,3379.51632439532,1179.72628454166,0,0,0,153,0,0,0
60,53,4,3291.06275758637,843.418951727472,0,0,0,80,0,0,0
60,53,5,3582.20420266316,1254.04214992466,0,0,0,153,0,0,0
60,53,6,3958.52966232407,1774.99301307561,0,0,0,175,0,0,0
60,53,7,21078.0727570681,9916.98503269946,0,35,0,197,0,0,0
60,53,8,0,1,0,0,0,0,0,0,0
60,54,1,3369.75430598619,2621.11343027029,0,9,0,125,0,0,0
60,54,2,3049.31414966826,1630.49463814877,0,0,0,87,0,0,0
60,54,3,3392.65778776788,1292.33059916843,0,1,0,116,0,0,0
60,54,4,3284.1393430304,592.881771832695,0,0,0,84,0,0,0
60,54,5,3611.18313319677,1417.83607485218,0,5,0,118,0,0,0
60,54,6,3990.44999870597,958.503858415247,0,38,0,124,0,0,0
60,54,7,21125.2333660462,8161.37516166655,7,207,0,172,0,0,1
60,54,8,0,1,0,0,0,0,0,0,0
60,55,1,3406.5807552826,671.27903460904,3,0,0,178,0,0,0
60,55,2,3063.62947985631,1561.65827178682,0,0,0,163,0,0,0
60,55,3,3411.31685676169,1256.78785488929,0,0,0,129,0,0,0
60,55,4,3276.05030694289,1304.95847833808,0,0,0,59,0,0,0
60,55,5,3656.18940234293,1938.71648384152,0,0,0,141,0,0,0
60,55,6,4025.81765676504,2146.15108246207,0,0,0,95,0,0,0
60,55,7,21204.3642538171,10217.5959752584,24,0,0,205,0,0,0
60,55,8,0,1,0,0,0,0,0,0,0
60,56,1,3385.8659693286,1793.03589277817,0,0,0,67,0,0,0
60,56,2,3069.18432115889,1990.14748398543,0,0,0,156,0,0,0
60,56,3,3402.56820532402,699.266974599311,0,0,0,125,0,0,0
60,56,4,3280.61812942675,1745.48065529233,0,0,0,130,0,0,0
60,56,5,3701.61661017927,1475.92574829861,0,0,0,193,0,0,0
60,56,6,4080.34085297925,2523.67845010334,0,0,0,192,0,0,0
60,56,7,21268.6692630214,8214.00443644336,20,0,0,232,0,0,0
60,56,8,0,1,0,0,0,0,0,0,0
60,57,1,3380.5455176502,1461.05869623294,0,87,0,92,0,0,0
60,57,2,3055.17634796668,1057.39547030204,0,101,0,98,0,0,0
60,57,3,3370.15315264644,955.501228825142,0,35,0,34,0,0,0
60,57,4,3272.7139828315,1775.89970218048,0,87,0,87,0,0,0
60,57,5,3706.42100476491,1112.37772022466,0,82,0,65,0,0,0
60,57,6,4094.88788592803,1839.14332140058,0,128,0,124,0,0,0
60,57,7,21327.938289685,12243.7027241854,4,309,0,245,0,0,0
60,57,8,0,1,0,0,0,0,0,0,0
60,58,1,3396.18138008587,1795.91465807871,0,0,0,146,0,0,0
60,58,2,3057.32209867723,1029.63953877237,0,0,0,105,0,0,0
60,58,3,3368.62945532726,1317.83814732438,0,0,0,95,0,0,0
60,58,4,3306.70728268569,1650.18416488547,0,0,0,177,0,0,0
60,58,5,3729.47907909632,2040.36094097279,0,0,0,111,0,0,0
60,58,6,4149.74253581607,1369.45534250243,0,0,0,179,0,0,0
60,58,7,21376.675737255,4463.7228825557,31,0,0,197,0,0,0
60,58,8,0,1,0,0,0,0,0,0,0
60,59,1,3428.34329167799,1349.68114493118,0,0,0,179,0,0,0
60,59,2,3056.51623619334,1813.2141130519,0,0,0,102,0,0,0
60,59,3,3386.54218529459,919.845544263204,0,0,0,131,0,0,0
60,59,4,3326.37264622773,1753.53467820529,0,0,0,165,0,0,0
60,59,5,3773.22340136076,1572.37098028757,1,0,0,194,0,0,2
60,59,6,4190.63168975424,2065.33358637916,0,0,0,136,0,0,0
60,59,7,21414.0922057897,12227.885054301,33,0,0,177,0,0,1
60,59,8,0,1,0,0,0,0,0,0,0
60,60,1,3444.71979310897,1121.84289870886,0,0,0,134,0,0,0
60,60,2,3079.19216003709,963.734399945524,0,0,0,181,0,0,0
60,60,3,3380.53831890284,859.973462576126,0,0,0,91,0,0,0
60,60,4,3367.93853167555,1304.28916746257,0,0,0,175,0,0,0
60,60,5,3811.29684598781,2322.89945218699,0,0,0,157,0,0,0
60,60,6,4259.46190032092,1420.4244332348,0,0,0,199,0,0,0
60,60,7,21466.6069216916,9271.11895170093,30,0,0,190,0,0,0
60,60,8,0,1,0,0,0,0,0,0,0
60,61,1,3472.08271705151,1107.65687995805,0,0,0,112,0,0,0
60,61,2,3087.95932062314,935.146937567035,0,0,0,96,0,0,0
60,61,3,3388.32772558079,2014.2050349719,0,0,0,85,0,0,0
60,61,4,3399.08814775736,1494.96116672995,0,0,0,130,0,0,0
60,61,5,3888.28670892532,826.647477913675,3,0,0,185,0,0,0
60,61,6,4325.58227486998,1558.42027038477,0,0,0,142,0,0,0
60,61,7,21556.3046896467,10064.0123742679,45,0,0,263,0,0,0
60,61,8,0,1,0,0,0,0,0,0,0
60,62,1,3471.56957381011,1720.83535686669,0,0,0,110,0,0,0
60,62,2,3084.46645243755,1235.01748909429,0,0,0,93,0,0,0
60,62,3,3417.09772587211,948.737167192665,0,0,0,201,0,0,0
60,62,4,3421.17563848404,1603.32498645422,0,0,0,149,0,0,0
60,62,5,3897.01281129998,2393.31635600545,0,0,0,82,0,0,0
60,62,6,4377.77369904228,951.801698047676,0,0,0,155,0,0,0
60,62,7,21601.3297202275,9640.90693305833,43,0,0,191,0,0,0
60,62,8,0,1,0,0,0,0,0,0,0
60,63,1,3513.74279837545,341.480302174986,0,0,0,172,0,0,0
60,63,2,3093.1889079178,1010.40030993362,0,0,0,123,0,0,0
60,63,3,3418.55875664889,1300.98472657728,0,0,0,94,0,0,0
60,63,4,3461.81234584359,1356.10519050537,0,0,0,160,0,0,0
60,63,5,3954.15668364505,2136.63455453125,4,0,0,168,0,0,0
60,63,6,4407.24003786346,2361.82338085066,0,0,0,95,0,0,0
60,63,7,21661.2752613729,6796.23526071737,63,0,0,190,0,0,0
60,63,8,0,1,0,0,0,0,0,0,0
60,64,1,3500.92032818526,1973.89253054909,0,0,0,34,0,0,0
60,64,2,3108.93672807594,1634.01869329745,0,0,0,101,0,0,0
60,64,3,3442.2703600336,1698.07518173798,0,0,0,130,0,0,0
60,64,4,3490.58133601654,1452.52369630382,0,0,0,135,0,0,0
60,64,5,3993.35214369253,1680.35076776985,26,0,0,147,0,0,0
60,64,6,4471.35062073438,1268.84969792206,23,0,0,178,0,0,0
60,64,7,21752.7703278398,5652.12310325458,176,0,0,238,0,0,0
60,64,8,0,1,0,0,0,0,0,0,0
60,65,1,3489.98115695992,1293.83220922653,105,0,0,71,0,0,0
60,65,2,3107.04302093324,1433.41979923471,47,0,0,107,0,0,0
60,65,3,3452.13154369086,1698.4664574884,34,0,0,129,0,0,0
60,65,4,3511.15647803318,2008.15112085942,23,0,0,117,0,0,0
60,65,5,4020.11679690755,1599.72349130079,29,0,0,133,0,0,0
60,65,6,4508.31717594675,1519.61959348696,7,0,0,118,0,0,0
60,65,7,21845.7425851163,8787.40013099836,249,0,0,266,0,0,0
60,65,8,0,1,0,0,0,0,0,0,0
60,66,1,3508.21335846262,1720.02062556917,0,0,0,129,0,0,0
60,66,2,3120.51254599719,1433.46768440791,0,0,0,143,0,0,0
60,66,3,3464.63101385485,2520.25046161529,0,0,0,169,0,0,0
60,66,4,3553.91304478389,827.643137920073,1,0,0,182,0,0,0
60,66,5,4047.11172746731,1813.48443910007,0,0,0,159,0,0,0
60,66,6,4566.41341490773,1494.87405019021,0,0,0,151,0,0,0
60,66,7,21891.2210956914,8002.54000271012,53,0,0,175,0,0,4
60,66,8,0,1,0,0,0,0,0,0,0
60,67,1,3545.48031143787,636.925568759825,0,0,0,172,0,0,0
60,67,2,3139.72589157199,1744.92977982818,0,0,0,143,0,0,0
60,67,3,3499.55154870007,1530.38274994366,4,0,0,197,0,0,0
60,67,4,3557.56790326209,1300.20281465326,0,0,0,82,0,0,0
60,67,5,4087.19519354203,1406.57391023789,0,0,0,171,0,0,0
60,67,6,4624.47864681127,1925.62482790368,0,0,0,149,0,0,0
60,67,7,21979.8239659547,7186.54973095548,68,0,0,180,0,0,0
60,67,8,0,1,0,0,0,0,0,0,0
60,68,1,3545.42183298087,1267.81058411042,0,0,0,63,0,0,0
60,68,2,3153.21858710066,1112.33381606181,0,7,0,160,0,0,0
60,68,3,3511.18511186242,1985.29571871329,0,5,0,143,0,0,0
60,68,4,3562.57301600841,1694.53714334204,0,0,0,130,0,0,0
60,68,5,4117.03766879615,727.172216892815,0,5,0,129,0,0,0
60,68,6,4684.06691169478,2390.30394632206,0,13,0,166,0,0,0
60,68,7,22077.8310159039,4062.51788929851,0,237,0,243,0,0,0
60,68,8,0,1,0,0,0,0,0,0,0
60,69,1,3552.12576236913,1998.08661710567,0,0,0,126,0,0,0
60,69,2,3143.50453724297,1228.84924230595,0,0,0,111,0,0,0
60,69,3,3520.20564135933,1654.40006503872,15,0,0,145,0,0,0
60,69,4,3576.95596386984,1137.93404590762,4,0,0,155,0,0,0
60,69,5,4101.11316245372,1635.47359249478,0,0,0,72,0,0,0
60,69,6,4752.02795630721,2152.79613773854,11,0,0,198,0,0,0
60,69,7,22123.0648641898,3858.6068436254,67,0,0,178,0,0,0
60,69,8,0,1,0,0,0,0,0,0,0
60,70,1,3553.39470959756,2296.63997949018,17,0,0,136,0,0,0
60,70,2,3131.5296663975,794.448059405579,0,0,0,122,0,0,0
60,70,3,3517.86516489521,2013.85800546826,3,0,0,154,0,0,0
60,70,4,3567.57971428697,1013.68562808191,0,0,0,113,0,0,0
60,70,5,4121.27699263605,909.896639350944,1,0,0,159,0,0,0
60,70,6,4783.63803550785,882.180966118521,18,0,0,148,0,0,0
60,70,7,22150.4075746331,11583.3365507103,59,0,0,167,0,0,0
60,70,8,0,1,0,0,0,0,0,0,0
60,71,1,3604.497836134,1582.72250559418,0,0,0,219,0,0,0
60,71,2,3121.78634859342,1397.98664384599,0,0,0,79,0,0,0
60,71,3,3556.80430112575,2251.96115814109,0,0,0,196,0,0,0
60,71,4,3561.12930503258,543.596097516893,0,0,0,101,0,0,0
60,71,5,4134.37202548787,1404.40938322444,0,0,0,90,0,0,0
60,71,6,4816.57571203988,2870.02849403725,0,0,0,88,0,0,0
60,71,7,22249.248906552,5946.33480451449,2,24,0,244,0,0,0
60,71,8,0,1,0,0,0,0,0,0,0
60,72,1,3603.45330478893,2259.26450505232,0,75,0,83,0,0,0
60,72,2,3102.67776121107,738.887075709084,0,78,0,61,0,0,0
60,72,3,3548.9600482098,1652.98375931743,0,124,0,101,0,0,0
60,72,4,3522.65482298686,1976.21373701554,0,26,0,28,0,0,0
60,72,5,4132.41399300653,1405.91709551071,0,58,0,82,0,0,0
60,72,6,4853.36842254107,2603.97715092453,0,136,0,151,0,0,0
60,72,7,22303.0984761537,3262.80134669028,0,305,0,286,0,0,0
60,72,8,0,1,0,0,0,0,0,0,0
60,73,1,3623.00389088477,858.80590689128,69,0,0,143,0,0,0
60,73,2,3104.84628231906,1104.66872530873,4,0,0,69,0,0,0
60,73,3,3571.64901709913,884.42219614916,26,0,0,134,0,0,0
60,73,4,3538.69770045029,565.1757851395,45,0,0,143,0,0,0
60,73,5,4151.4010264761,1842.55187334609,17,0,0,120,0,0,0
60,73,6,4896.5902098435,1182.87946330253,105,0,0,134,0,0,0
60,73,7,22339.9614791334,6994.25980597366,156,0,0,139,0,0,0
60,73,8,0,1,0,0,0,0,0,0,0
60,74,1,3637.16395885895,2740.12564365685,0,0,0,85,0,0,0
60,74,2,3125.06485869256,749.045374865704,0,0,0,110,0,0,0
60,74,3,3588.65313652191,1766.05416105681,0,0,0,88,0,0,0
60,74,4,3536.11598447361,1689.83467424339,0,0,0,56,0,0,0
60,74,5,4246.03254830315,1782.54514092826,0,0,0,182,0,0,0
60,74,6,4961.78039032413,2721.41909694688,0,0,0,118,0,0,0
60,74,7,22417.3891153981,11370.6664183731,43,0,0,171,0,0,0
60,74,8,0,1,0,0,0,0,0,0,0
60,75,1,3707.69031434347,1191.4251690187,2,0,0,193,0,0,0
60,75,2,3134.8594357369,1111.41666430438,0,0,0,74,0,0,0
60,75,3,3645.58332023704,1504.88800147788,0,0,0,176,0,0,0
60,75,4,3588.11940101345,1528.28917894902,0,0,0,168,0,0,0
60,75,5,4301.07525422297,1232.24566263838,0,0,0,178,0,0,0
60,75,6,5103.86871186174,3001.42738014178,0,0,0,272,0,0,0
60,75,7,22545.2888921489,9587.94880900792,29,0,0,272,0,0,0
60,75,8,0,1,0,0,0,0,0,0,0
60,76,1,3736.59160664163,2135.98523478743,0,0,0,119,0,0,0
60,76,2,3153.12725660801,1374.91084849937,0,0,0,111,0,0,0
60,76,3,3675.67254737416,1667.76846072557,0,0,0,150,0,0,0
60,76,4,3642.38989170131,864.723556039786,0,0,0,152,0,0,0
60,76,5,4338.31291056116,876.897459764211,0,0,0,123,0,0,0
60,76,6,5210.84848712308,2231.50759974592,6,0,0,181,0,0,0
60,76,7,22624.9429550599,6496.29928979837,36,0,0,220,0,0,3
60,76,8,0,1,0,0,0,0,0,0,0
60,77,1,3813.46847742465,923.335923244521,28,0,0,142,0,0,0
60,77,2,3205.14712664829,1892.45700052564,0,0,0,137,0,0,0
60,77,3,3780.54105817768,2049.0431864535,8,0,0,146,0,0,0
60,77,4,3705.52263788081,1019.61454577042,0,0,0,86,0,0,0
60,77,5,4381.92427774138,768.120164761956,0,0,0,87,0,0,0
60,77,6,5402.37776938099,2897.22818652463,24,0,0,163,0,0,0
60,77,7,22780.0035091623,11094.782320905,180,0,0,185,0,0,0
60,77,8,0,1,0,0,0,0,0,0,0
60,78,1,3828.15467596235,2021.34036357798,0,0,0,92,0,0,0
60,78,2,3253.29584236247,402.302277574206,0,0,0,189,0,0,0
60,78,3,3825.58877284259,920.942931064859,0,0,0,197,0,0,0
60,78,4,3741.83920041911,1248.2796417577,0,0,0,101,0,0,0
60,78,5,4402.83297029173,1636.12714340906,0,0,0,76,0,0,0
60,78,6,5552.86692799908,3196.48727330298,4,0,0,204,0,0,0
60,78,7,22868.924567065,10091.7298135599,48,0,0,178,0,0,0
60,78,8,0,1,0,0,0,0,0,0,0
60,79,1,3868.58790610595,1865.59253497187,0,0,0,193,0,0,0
60,79,2,3238.84543424608,1074.44373799342,0,0,0,40,0,0,0
60,79,3,3822.33055574092,2268.03432225507,0,0,0,92,0,0,0
60,79,4,3754.05729278146,1319.56455680578,0,0,0,124,0,0,0
60,79,5,4465.43485001706,1281.0372490548,0,0,0,163,0,0,0
60,79,6,5630.42198706689,2154.05385005162,8,0,0,192,0,0,0
60,79,7,22952.1534294516,7936.51807559969,52,0,0,228,0,0,0
60,79,8,0,1,0,0,0,0,0,0,0
60,80,1,3916.6153298191,1390.88724583701,5,0,0,159,0,0,0
60,80,2,3252.20545463554,747.208955780707,0,0,0,107,0,0,0
60,80,3,3858.65373773778,2190.14896652923,8,0,0,169,0,0,6
60,80,4,3777.8966676309,1765.14116787006,0,0,0,131,0,0,0
60,80,5,4498.59341326968,1257.95690527615,0,0,0,128,0,0,0
60,80,6,5752.7196192229,1304.0622478203,4,0,0,190,0,0,0
60,80,7,23026.6766083651,6987.82663197738,113,0,0,171,0,0,0
60,80,8,0,1,0,0,0,0,0,0,0
60,81,1,3940.79539715328,1429.16166046531,0,0,0,139,0,0,0
60,81,2,3241.69745895667,1381.98279120642,0,0,0,74,0,0,0
60,81,3,3876.46792153263,1313.57026652051,0,7,0,167,0,0,0
60,81,4,3811.49857314556,1287.33343786738,0,0,0,175,0,0,0
60,81,5,4520.04863132587,916.446622490896,0,0,0,125,0,0,0
60,81,6,5811.93432086623,1778.0335606058,0,0,0,130,0,0,0
60,81,7,23056.5943939792,6340.58646303366,0,68,0,197,0,0,0
60,81,8,0,1,0,0,0,0,0,0,0
60,82,1,3941.88019804422,2004.38601002254,0,0,0,142,0,0,0
60,82,2,3239.48425184524,1697.52385681057,0,0,0,138,0,0,0
60,82,3,3886.24643465298,2478.38964823833,0,0,0,131,0,0,0
60,82,4,3822.54374693825,2093.4494845839,0,0,0,128,0,0,0
60,82,5,4524.22677063745,744.666978561617,0,0,0,91,0,0,0
60,82,6,5869.33500591839,2952.1326884118,0,0,0,177,0,0,0
60,82,7,23096.3554089693,5304.91122566498,35,0,0,206,0,0,0
60,82,8,0,1,0,0,0,0,0,0,0
60,83,1,3940.78959863345,843.636131979049,0,106,0,94,0,0,0
60,83,2,3220.22043199256,2122.43030589081,0,87,0,82,0,0,0
60,83,3,3883.23536953198,830.587483820803,0,126,0,121,0,0,0
60,83,4,3827.00699367507,1622.3251925916,0,113,0,96,0,0,0
60,83,5,4510.16963208367,796.647863125326,0,33,0,41,0,0,0
60,83,6,5923.32461706888,1866.90245482334,0,154,0,141,0,0,0
60,83,7,23141.9335539505,6350.46459366728,0,257,0,253,0,0,0
60,83,8,0,1,0,0,0,0,0,0,0
60,84,1,3959.82392615647,1251.9005153297,0,0,0,84,0,0,0
60,84,2,3263.7715426688,1591.6475688582,0,0,0,212,0,0,0
60,84,3,3901.92850170493,764.143317697996,0,0,0,83,0,0,0
60,84,4,3876.94449074293,1074.09129771252,0,0,0,162,0,0,0
60,84,5,4549.12126825665,2005.65489199578,0,0,0,79,0,0,0
60,84,6,6052.452761423,2355.27172069772,0,0,0,186,0,0,0
60,84,7,23266.7140158946,12236.6385084061,26,0,0,276,0,0,0
60,84,8,0,1,0,0,0,0,0,0,0
60,85,1,3977.41819230613,1390.08526688821,0,0,0,125,0,0,0
60,85,2,3287.00756187829,1127.95802140907,0,0,0,159,0,0,0
60,85,3,3906.15377578968,1820.60820919867,0,0,0,76,0,0,0
60,85,4,3893.56497165215,1078.89990557117,0,0,0,107,0,0,0
60,85,5,4602.0036402639,2453.2864352514,0,0,0,198,0,0,0
60,85,6,6138.97118147892,3189.78313216213,0,0,0,227,0,0,0
60,85,7,23309.9526556499,11702.1953896177,30,0,0,202,0,0,0
60,85,8,0,1,0,0,0,0,0,0,0
60,86,1,4026.02425168915,2172.18021506542,0,0,0,139,0,0,0
60,86,2,3314.57800662467,1967.81864695855,0,0,0,112,0,0,0
60,86,3,3984.19869535661,2502.77146894307,0,0,0,182,0,0,0
60,86,4,3938.27562046048,2184.81476916655,0,0,0,107,0,0,0
60,86,5,4657.06314552879,2610.44942615343,1,0,0,209,0,0,0
60,86,6,6242.62625243096,1732.79746759707,3,0,0,196,0,0,1
60,86,7,23436.2849424633,8606.10656236253,27,0,0,251,0,0,0
60,86,8,0,1,0,0,0,0,0,0,0
60,87,1,4124.20859416757,1986.20332402445,12,0,0,175,0,0,0
60,87,2,3372.44144432335,2045.92009647929,11,0,0,159,0,0,0
60,87,3,4058.55416563286,1326.26133519788,21,0,0,176,0,0,0
60,87,4,4022.71082412381,1825.52947092025,16,0,0,161,0,0,0
60,87,5,4806.54926327438,2279.33393081187,32,0,0,151,0,0,0
60,87,6,6388.3618638838,3533.86670123044,1,0,0,169,0,0,0
60,87,7,23565.40982786,12931.8461847173,187,0,0,223,0,0,0
60,87,8,0,1,0,0,0,0,0,0,0
60,88,1,4185.12766852329,2815.70943671971,0,0,0,198,0,0,0
60,88,2,3406.44914620001,1435.26356125053,0,0,0,204,0,0,0
60,88,3,4084.10487453295,1924.68242788864,0,0,0,132,0,0,0
60,88,4,4083.70018832045,1469.21416962105,0,0,0,176,0,0,0
60,88,5,4873.50612414245,1752.26872726007,0,0,0,227,0,0,0
60,88,6,6504.32224025694,2715.93883944684,9,0,0,206,0,0,0
60,88,7,23611.8330587319,12793.8147925737,67,0,0,202,0,0,0
60,88,8,0,1,0,0,0,0,0,0,0
60,89,1,4247.90671330556,344.201988967141,4,0,0,210,0,0,0
60,89,2,3419.57391475741,1920.722452351,0,0,0,143,0,0,0
60,89,3,4125.19558982545,1645.12227029246,0,0,0,189,0,0,0
60,89,4,4107.07698192781,847.202717529604,0,0,0,146,0,0,0
60,89,5,4902.68666163506,2501.28193391835,0,0,0,175,0,0,0
60,89,6,6562.74335267323,3026.28257769854,1,0,0,232,0,0,2
60,89,7,23654.6539249849,10692.1634921494,59,0,0,233,0,0,0
60,89,8,0,1,0,0,0,0,0,0,0
60,90,1,4238.88071030631,1488.36043894911,0,0,0,34,0,0,0
60,90,2,3436.52491365102,1858.91555390852,25,0,0,153,0,0,0
60,90,3,4134.37760667001,2181.79905974432,23,0,0,130,0,0,0
60,90,4,4115.27365620902,1986.16606377243,1,0,0,83,0,0,0
60,90,5,4926.262060057,1406.45553353294,69,0,0,146,0,0,0
60,90,6,6603.60050886206,3358.39198169997,91,0,0,166,0,0,0
60,90,7,23703.1058466223,12094.7407970243,259,3,0,267,0,0,36
60,90,8,0,1,0,0,0,0,0,0,0
60,91,1,4273.57502982281,1396.48686311052,0,0,0,148,0,0,0
60,91,2,3465.13312352305,1580.66958353503,1,0,0,181,0,0,0
60,91,3,4162.27488285571,1847.76555045587,12,0,0,162,0,0,0
60,91,4,4140.36581513537,1710.12366452423,5,0,0,175,0,0,0
60,91,5,4955.96886603556,2329.54575279621,0,0,0,140,0,0,0
60,91,6,6677.36434782831,2151.65931648286,39,0,0,156,0,0,0
60,91,7,23763.6301465678,13889.0002037147,206,0,0,258,0,0,0
60,91,8,0,1,0,0,0,0,0,0,0
60,92,1,4281.18523929014,1667.85770409377,0,0,0,139,0,0,0
60,92,2,3477.32104217511,1329.25715955641,0,0,0,158,0,0,0
60,92,3,4206.94988908663,2336.91887879143,0,0,0,184,0,0,0
60,92,4,4161.11187279808,1554.02959764961,0,0,0,168,0,0,0
60,92,5,5015.1926072941,2461.04479051358,3,0,0,188,0,0,0
60,92,6,6748.20008837217,2249.38835353116,3,0,0,163,0,0,0
60,92,7,23802.1054818985,7307.78150442935,91,0,0,183,0,0,0
60,92,8,0,1,0,0,0,0,0,0,0
60,93,1,4282.8084361351,2103.27487165036,31,0,0,120,0,0,0
60,93,2,3500.02879227934,1917.36792033915,0,0,0,132,0,0,0
60,93,3,4214.01838690203,1500.26554389101,73,0,0,124,0,0,0
60,93,4,4206.53901198674,1116.87597401539,2,0,0,152,0,0,0
60,93,5,5065.10286114027,1500.78450392665,52,0,0,167,0,0,0
60,93,6,6883.77137423926,2411.67401752285,51,0,0,148,0,0,0
60,93,7,23917.6167186896,8224.25932555621,241,1,0,277,0,0,0
60,93,8,0,1,0,0,0,0,0,0,0
60,94,1,4376.16245455087,1688.33487265657,12,0,0,158,0,0,0
60,94,2,3548.73693824743,1148.01143955634,9,0,0,150,0,0,0
60,94,3,4291.07148158239,1052.38047949451,0,0,0,150,0,0,0
60,94,4,4253.66340955153,911.548088102593,0,0,0,111,0,0,0
60,94,5,5259.97393485771,2188.91162330199,0,0,0,150,0,0,0
60,94,6,7086.63606207993,1691.56767041045,11,0,0,191,0,0,0
60,94,7,24024.6476375741,7759.73451331604,150,0,0,177,0,0,0
60,94,8,0,1,0,0,0,0,0,0,0
60,95,1,4435.01958930249,1017.31903130469,3,0,0,157,0,0,0
60,95,2,3549.15567244742,1110.71534825717,0,0,0,114,0,0,0
60,95,3,4329.65231001017,1895.44252024438,0,0,0,105,0,0,0
60,95,4,4275.25725911222,2513.22027088354,0,0,0,91,0,0,0
60,95,5,5403.44108558605,1411.30769342275,12,0,0,180,0,0,0
60,95,6,7252.84032263235,2940.49778222475,0,0,0,169,0,0,0
60,95,7,24184.2866332438,12095.8559746961,164,0,0,240,0,0,3
60,95,8,0,1,0,0,0,0,0,0,0
60,96,1,4426.2787866833,1475.68157695405,0,0,0,101,0,0,0
60,96,2,3544.93911197223,941.822884723856,0,0,0,111,0,0,0
60,96,3,4339.19535132849,1775.5039045484,0,0,0,189,0,0,0
60,96,4,4296.31647337362,2124.2814500343,3,0,0,185,0,0,0
60,96,5,5439.89210269637,2315.03234887811,0,0,0,141,0,0,0
60,96,6,7352.1926977777,3385.68012936937,5,0,0,213,0,0,0
60,96,7,24241.3454738156,7308.01086757211,63,0,0,252,0,0,0
60,96,8,0,1,0,0,0,0,0,0,0
60,97,1,4456.86204278562,2170.00157808413,22,0,0,114,0,0,0
60,97,2,3557.67836473266,2029.56832713629,0,0,0,94,0,0,0
60,97,3,4410.06033302997,2304.45591487449,21,0,0,146,0,0,0
60,97,4,4342.57936862659,1211.33854962583,50,0,0,137,0,0,0
60,97,5,5542.98401485697,1159.55756883385,54,0,0,150,0,0,0
60,97,6,7529.54698042796,3501.26085821223,131,0,0,142,0,0,0
60,97,7,24387.1138784015,12582.4008024042,153,3,0,191,0,0,39
60,97,8,0,1,0,0,0,0,0,0,0
60,98,1,4511.28571075325,2462.60128389364,0,0,0,200,0,0,0
60,98,2,3555.40501310192,2069.27195793941,0,0,0,191,0,0,0
60,98,3,4468.57963254436,1789.28396793439,0,0,0,229,0,0,0
60,98,4,4344.4498850972,1266.39993173069,0,0,0,121,0,0,0
60,98,5,5559.25945368137,1457.63021994119,0,0,0,115,0,0,0
60,98,6,7619.35469056839,3463.77359574786,7,0,0,217,0,0,0
60,98,7,24434.9462369701,9439.66787482286,55,0,0,247,0,0,0
60,98,8,0,1,0,0,0,0,0,0,0
60,99,1,4569.47471899652,1427.69252902426,0,18,0,176,0,0,0
60,99,2,3598.8724749724,1209.59734311296,0,13,0,153,0,0,0
60,99,3,4579.60070519534,2433.24947041181,0,3,0,167,0,0,0
60,99,4,4387.6276050853,2245.91512650364,0,0,0,126,0,0,0
60,99,5,5729.34144965263,3074.65869033552,0,0,0,145,0,0,0
60,99,6,7828.52769375781,4783.25317078412,0,40,0,188,0,0,0
60,99,7,24595.474439764,13786.9857824136,1,168,0,202,0,0,0
60,99,8,0,1,0,0,0,0,0,0,0
60,100,1,4581.8395690558,2283.56527997011,0,0,0,142,0,0,0
60,100,2,3596.00665178139,2042.42685591511,0,0,0,120,0,0,0
60,100,3,4602.25059577407,2244.56117194707,0,0,0,209,0,0,0
60,100,4,4408.88878318007,2219.88483671448,0,0,0,202,0,0,0
60,100,5,5949.79416058879,1559.08583745196,0,0,0,298,0,0,0
60,100,6,8036.45404598123,6718.52170964519,0,0,0,392,0,0,0
60,100,7,24640.042752641,9778.38965257832,28,0,0,217,0,0,0
60,100,8,0,1,0,0,0,0,0,0,0
61,1,1,2930.568,1715.3720349662,0,0,0,70,0,0,0
61,1,2,2915.264,1223.08875592146,0,0,0,9,0,0,0
61,1,3,2931.5472,853.375545411229,0,0,0,77,0,0,0
61,1,4,2933.032,1213.27006922322,0,0,0,99,0,0,0
61,1,5,2930.144,1539.09048822247,0,0,0,96,0,0,0
61,1,6,2928.656,1239.97515045853,0,0,0,91,0,0,0
61,1,7,19408.6673151999,9525.73843220659,0,0,0,65,0,0,0
61,1,8,0,8,0,0,0,98,0,0,0
61,2,1,2952.46367999999,1301.34857606155,0,0,0,171,0,0,0
61,2,2,2925.776,218.185299570716,0,0,0,122,0,0,0
61,2,3,2936.4112,1359.58063321397,0,0,0,85,0,0,0
61,2,4,2942.552,802.360598687012,0,0,0,121,0,0,0
61,2,5,2944.82752,1404.08247650814,0,0,0,153,0,0,0
61,2,6,2939.1136,675.748011933644,0,0,0,123,0,0,0
61,2,7,19372.5057151999,6469.11052123977,22,0,0,246,0,0,0
61,2,8,0,8,0,0,0,0,0,0,0
61,3,1,2964.49855999999,1955.91574754812,0,0,0,130,0,0,0
61,3,2,2916.8624,1151.17935897826,0,0,0,21,0,0,0
61,3,3,2948.56512,942.138982855726,0,0,0,135,0,0,0
61,3,4,2944.8624,1564.90541949311,0,0,0,80,0,0,0
61,3,5,2957.91872,500.134959423409,0,0,0,140,0,0,0
61,3,6,2939.90559999999,1258.8118073224,0,0,0,67,0,0,0
61,3,7,19344.0941951998,10825.1849918916,18,0,0,284,0,0,0
61,3,8,0,8,0,0,0,0,0,0,0
61,4,1,2989.79775999999,1760.71608619725,0,0,0,195,0,0,0
61,4,2,2924.752,790.071222358866,0,0,0,115,0,0,0
61,4,3,2952.49312,1212.45436461582,0,0,0,94,0,0,0
61,4,4,2958.34528,1251.38607104225,0,0,0,156,0,0,0
61,4,5,2954.63712,1184.58549701634,0,0,0,50,0,0,0
61,4,6,2950.16351999999,1339.68511361976,0,0,0,125,0,0,0
61,4,7,19311.3633791998,5212.32723902637,19,1,0,272,0,0,0
61,4,8,0,8,0,0,0,0,0,0,0
61,5,1,2990.92863999999,2193.17649232928,0,79,0,97,0,0,0
61,5,2,2918.0736,1440.50808502856,0,39,0,40,0,0,0
61,5,3,2945.1568,995.042305079188,0,68,0,53,0,0,0
61,5,4,2955.27968,1299.3123071737,0,55,0,70,0,0,0
61,5,5,2950.08224,1332.38155378827,0,52,0,66,0,0,0
61,5,6,2952.29152,1019.19427956589,0,55,0,78,0,0,0
61,5,7,19268.0270591997,9085.99513251021,0,249,0,272,0,0,0
61,5,8,0,8,0,0,0,0,0,0,0
61,6,1,3028.47648,1830.91359714915,0,0,0,200,0,0,0
61,6,2,2944.29248,812.224342253075,0,0,0,144,0,0,0
61,6,3,2961.355136,1139.38635271984,0,0,0,99,0,0,0
61,6,4,2978.79456,1032.75594850413,0,0,0,129,0,0,0
61,6,5,2973.32160000001,646.097390299973,0,0,0,133,0,0,0
61,6,6,2969.205504,1056.91447846135,0,0,0,101,0,0,0
61,6,7,19265.3278591995,10112.0835766128,27,0,0,227,0,0,0
61,6,8,0,8,0,0,0,0,0,0,0
61,7,1,3060.95328,613.736514480292,0,0,0,183,0,0,0
61,7,2,2951.67456,1697.27564667955,0,0,0,81,0,0,0
61,7,3,2977.983936,1614.63845518831,0,0,0,113,0,0,0
61,7,4,2993.67264000001,1457.65499872706,0,0,0,103,0,0,0
61,7,5,2980.81632000001,1409.11853150233,0,0,0,64,0,0,0
61,7,6,2984.220224,1327.62829310095,0,0,0,105,0,0,0
61,7,7,19253.8377343995,12146.994893861,22,0,0,192,0,0,1
61,7,8,0,8,0,0,0,0,0,0,0
61,8,1,3072.308288,1328.27811502144,0,0,0,61,0,0,0
61,8,2,2986.796352,1329.55146804947,0,0,0,169,0,0,0
61,8,3,3009.5508608,1204.20926302814,0,0,0,161,0,0,0
61,8,4,3022.68367104001,1319.40625920549,0,0,0,145,0,0,0
61,8,5,3007.60275200001,407.65423266739,0,0,0,140,0,0,0
61,8,6,3011.7865728,1279.55968226479,0,0,0,132,0,0,0
61,8,7,19261.3652863994,8028.64100114991,23,0,0,221,0,0,0
61,8,8,0,8,0,0,0,0,0,0,0
61,9,1,3091.458624,1040.37685421199,0,0,0,132,0,0,0
61,9,2,3007.175552,742.830858520479,0,0,0,132,0,0,0
61,9,3,3024.7847808,838.992153322394,0,0,0,120,0,0,0
61,9,4,3041.53295104,961.985079866538,0,0,0,131,0,0,0
61,9,5,3008.95409920001,971.104081586473,0,0,0,40,0,0,0
61,9,6,3032.6518528,644.842889471497,0,0,0,127,0,0,0
61,9,7,19246.3310233593,5864.07050439623,140,0,0,172,0,0,0
61,9,8,0,8,0,0,0,0,0,0,0
61,10,1,3079.662144,1648.7997113632,87,0,0,8,0,0,0
61,10,2,3008.065472,1179.8551574067,11,0,0,62,0,0,0
61,10,3,3030.9179008,1551.59275735239,18,0,0,64,0,0,0
61,10,4,3046.65455104,1343.68924909477,21,0,0,73,0,0,0
61,10,5,3012.85073920001,1045.98561862534,30,0,0,64,0,0,0
61,10,6,3031.3379328,972.186210138484,23,0,0,39,0,0,0
61,10,7,19266.4760601593,6761.49648269148,267,0,0,259,0,0,15
61,10,8,0,8,0,0,0,0,0,0,0
61,11,1,3103.74014720001,1320.42117637446,0,0,0,164,0,0,0
61,11,2,3022.565696,1552.45933199638,0,0,0,117,0,0,0
61,11,3,3052.4727296,1302.96830994246,0,0,0,154,0,0,0
61,11,4,3064.17871104,901.661635710755,0,0,0,134,0,0,0
61,11,5,3022.66481920001,973.924287540541,0,0,0,104,0,0,0
61,11,6,3042.5481728,631.319522688368,0,0,0,97,0,0,0
61,11,7,19277.0200729592,8265.82946598505,97,0,0,196,0,0,0
61,11,8,0,8,0,0,0,0,0,0,0
61,12,1,3125.40111104001,1422.57160722902,0,0,0,132,0,0,0
61,12,2,3046.8619648,905.321867675741,0,0,0,155,0,0,0
61,12,3,3068.98965811201,979.077629004137,0,0,0,130,0,0,0
61,12,4,3074.38818304001,2034.51939725687,0,0,0,90,0,0,0
61,12,5,3030.66040320001,1424.52615012563,0,0,0,97,0,0,0
61,12,6,3050.6683648,1553.14335475905,0,0,0,63,0,0,0
61,12,7,19296.8990899191,7016.75209481182,70,0,0,195,0,0,0
61,12,8,0,8,0,0,0,0,0,0,0
61,13,1,3142.46133504001,1656.03290647919,0,0,0,142,0,0,0
61,13,2,3047.34598400001,1628.55712314526,0,0,0,90,0,0,0
61,13,3,3077.04689715201,470.88893247572,0,0,0,97,0,0,0
61,13,4,3102.09078784001,1867.25305189392,3,0,0,193,0,0,0
61,13,5,3050.00007680001,2101.76840293578,0,0,0,142,0,0,0
61,13,6,3072.15102976,1801.82913032993,0,0,0,155,0,0,0
61,13,7,19300.4744755191,4214.62433083927,167,0,0,144,0,0,19
61,13,8,0,8,0,0,0,0,0,0,0
61,14,1,3149.09671424001,1680.64918093554,11,0,0,133,0,0,0
61,14,2,3058.55258880001,1661.09846374769,0,0,0,162,0,0,0
61,14,3,3066.58652211201,1221.20122295705,0,0,0,47,0,0,0
61,14,4,3114.89316864001,1270.09778497233,8,0,0,164,0,0,0
61,14,5,3067.19626240001,997.95404007514,15,0,0,168,0,0,0
61,14,6,3097.96581376,656.792293997864,0,0,0,180,0,0,0
61,14,7,19309.5423155191,5661.87654571965,86,0,0,180,0,0,0
61,14,8,0,8,0,0,0,0,0,0,0
61,15,1,3160.76249344001,1320.43413733784,1,0,0,161,0,0,0
61,15,2,3070.15177984001,868.339309888459,0,0,0,166,0,0,0
61,15,3,3069.12303206401,692.040322569799,0,0,0,122,0,0,0
61,15,4,3120.68420864001,1575.46887748701,0,0,0,127,0,0,0
61,15,5,3063.19311360001,993.003995560766,0,0,0,99,0,0,0
61,15,6,3099.93272576,1358.11688651365,0,0,0,65,0,0,0
61,15,7,19314.0536115191,5437.2384595756,63,0,0,169,0,0,0
61,15,8,0,8,0,0,0,0,0,0,0
61,16,1,3170.35627008002,1111.91763061544,0,0,0,132,0,0,0
61,16,2,3065.05072384002,872.126836258437,0,0,0,86,0,0,0
61,16,3,3057.28607846401,711.12927389257,0,0,0,69,0,0,0
61,16,4,3133.36669184001,1852.23686940099,0,0,0,157,0,0,0
61,16,5,3062.94165760002,1786.26699518428,0,0,0,99,0,0,0
61,16,6,3113.84139776,994.164607818791,0,0,0,135,0,0,0
61,16,7,19329.0872755191,10401.3258147924,82,0,0,193,0,0,1
61,16,8,0,8,0,0,0,0,0,0,0
61,17,1,3173.50205900802,910.020889715672,0,0,0,111,0,0,0
61,17,2,3061.34888243202,1328.0050443043,0,0,0,87,0,0,0
61,17,3,3043.53452646402,1335.22149029043,0,0,0,71,0,0,0
61,17,4,3153.49655040002,1174.90204821871,0,0,0,185,0,0,0
61,17,5,3086.08420096002,1508.14741841485,0,0,0,178,0,0,0
61,17,6,3121.57771776001,1471.61297876205,0,0,0,99,0,0,0
61,17,7,19364.453598719,4952.8867597081,34,0,0,258,0,0,0
61,17,8,0,8,0,0,0,0,0,0,0
61,18,1,3157.79745484802,769.877600143978,0,48,0,43,0,0,0
61,18,2,3042.67616563202,568.671095744075,0,80,0,52,0,0,0
61,18,3,3025.83056486402,766.577801521814,0,72,0,61,0,0,0
61,18,4,3128.47832064002,1038.96339457955,0,63,0,54,0,0,0
61,18,5,3080.94277376002,2045.67494180264,0,82,0,68,0,0,0
61,18,6,3127.86309171201,1286.57043719437,0,51,0,96,0,0,0
61,18,7,19363.313963519,9377.78011201049,3,153,0,188,0,0,0
61,18,8,0,8,0,0,0,0,0,0,0
61,19,1,3165.91758080002,1120.0390787917,0,0,0,76,0,0,0
61,19,2,3041.71087667202,1420.93292817328,0,0,0,56,0,0,0
61,19,3,3028.7437835469,394.307564035707,0,0,0,76,0,0,0
61,19,4,3151.29504819202,1036.07129289091,0,0,0,103,0,0,0
61,19,5,3126.28147200002,792.815106324798,0,0,0,204,0,0,0
61,19,6,3161.82691901441,2266.05750846158,0,0,0,128,0,0,0
61,19,7,19414.592770559,6277.87489878602,30,0,0,206,0,0,0
61,19,8,0,8,0,0,0,0,0,0,0
61,20,1,3175.51523317762,1188.03276788771,0,0,0,112,0,0,0
61,20,2,3050.01655603202,735.0944647036,0,0,0,142,0,0,0
61,20,3,3021.46312046184,839.790979873727,0,0,0,39,0,0,0
61,20,4,3157.07864934402,708.706108981803,0,0,0,103,0,0,0
61,20,5,3131.13875200002,1369.21517623958,0,0,0,79,0,0,0
61,20,6,3193.53362237441,713.066741431429,9,0,0,167,0,0,0
61,20,7,19439.730063359,10330.1521105082,66,0,0,187,0,0,0
61,20,8,0,8,0,0,0,0,0,0,0
61,21,1,3196.8240134349,1160.56967253301,0,0,0,118,0,0,0
61,21,2,3056.06216304642,1433.46932099668,0,0,0,73,0,0,0
61,21,3,3029.31347666536,1182.08694196354,0,0,0,83,0,0,0
61,21,4,3166.22320537602,684.447218237933,0,0,0,70,0,0,0
61,21,5,3161.56513239042,570.733848687118,0,0,0,136,0,0,0
61,21,6,3216.16204054529,1090.02627903608,0,0,0,71,0,0,0
61,21,7,19500.431142399,5916.07315404168,39,0,0,202,0,0,0
61,21,8,0,8,0,0,0,0,0,0,0
61,22,1,3203.98275931752,1262.18285512916,0,0,0,116,0,0,0
61,22,2,3062.37130608642,1704.15601761683,0,0,0,143,0,0,0
61,22,3,3035.92538079234,1026.53936939879,0,0,0,118,0,0,0
61,22,4,3164.34940108803,1500.00836152055,0,0,0,68,0,0,0
61,22,5,3164.15499735042,864.16857119966,0,0,0,57,0,0,0
61,22,6,3235.2985781453,746.393004435476,0,0,0,109,0,0,0
61,22,7,19531.808281599,8410.68761705106,79,0,0,184,0,0,0
61,22,8,0,8,0,0,0,0,0,0,0
61,23,1,3211.62616020584,1441.21191449064,0,0,0,126,0,0,0
61,23,2,3075.08949913602,888.384847941742,0,0,0,170,0,0,0
61,23,3,3035.64616210434,1319.45750764913,0,0,0,102,0,0,0
61,23,4,3180.62950615043,1242.3736422415,0,0,0,150,0,0,0
61,23,5,3169.31789015042,1509.03220799875,0,0,0,86,0,0,0
61,23,6,3247.56597014529,1901.10661025134,0,0,0,74,0,0,0
61,23,7,19574.188326399,6681.07824422132,44,0,0,265,0,0,0
61,23,8,0,8,0,0,0,0,0,0,0
61,24,1,3226.44202468477,1339.6419446645,0,0,0,144,0,0,0
61,24,2,3071.50714777602,1237.53158145924,0,0,0,88,0,0,0
61,24,3,3045.19652220356,1362.73415424162,0,0,0,131,0,0,0
61,24,4,3194.65053769731,1531.76865665412,0,0,0,124,0,0,0
61,24,5,3195.83474954242,1140.84364352208,0,0,0,150,0,0,0
61,24,6,3281.70105422235,1400.91923909781,10,0,0,162,0,0,0
61,24,7,19610.672374271,7221.83829726245,168,0,0,189,0,0,4
61,24,8,0,8,0,0,0,0,0,0,0
61,25,1,3239.56209585277,1231.23013090155,1,0,0,131,0,0,0
61,25,2,3070.74111283202,1101.38403948509,0,0,0,123,0,0,0
61,25,3,3055.18212117956,1623.37061078163,2,0,0,132,0,0,0
61,25,4,3206.91526320131,1216.23165241397,0,0,0,153,0,0,0
61,25,5,3210.05717850524,2104.37174922318,0,0,0,114,0,0,0
61,25,6,3306.47544203675,529.732026412976,0,0,0,140,0,0,0
61,25,7,19657.413932031,6806.67702957021,211,0,0,253,0,0,0
61,25,8,0,8,0,0,0,0,0,0,0
61,26,1,3243.66310241405,1085.98600307507,0,0,0,123,0,0,0
61,26,2,3071.97496717314,1288.33147996843,0,0,0,110,0,0,0
61,26,3,3065.64839966149,474.633354040491,0,0,0,162,0,0,0
61,26,4,3209.1435174134,988.877428224699,0,0,0,121,0,0,0
61,26,5,3232.84906047916,446.581886011039,30,0,0,162,0,0,0
61,26,6,3309.80906942876,1807.93810014778,0,0,0,52,0,0,0
61,26,7,19706.3342975989,8311.39380218871,244,0,0,246,0,0,23
61,26,8,0,8,0,0,0,0,0,0,0
61,27,1,3248.61556061079,2379.07962666022,0,0,0,108,0,0,0
61,27,2,3072.40530409474,1597.06000540798,0,0,0,128,0,0,0
61,27,3,3047.09224121797,2415.64081309512,0,0,0,47,0,0,0
61,27,4,3213.66769459121,1062.67574118597,0,0,0,98,0,0,0
61,27,5,3224.89643839916,1220.44245673734,0,0,0,44,0,0,0
61,27,6,3350.89231645083,680.487461123118,0,0,0,180,0,0,0
61,27,7,19752.6682577909,8875.61827602086,120,0,0,195,0,0,0
61,27,8,0,8,0,0,0,0,0,0,0
61,28,1,3263.78847555274,1467.85885810873,4,0,0,197,0,0,0
61,28,2,3075.76339128322,1112.29857274031,0,0,0,159,0,0,0
61,28,3,3051.14352610757,909.928381517271,7,0,0,174,0,0,0
61,28,4,3206.44450324401,1043.05755189186,0,0,0,106,0,0,0
61,28,5,3232.79670179121,1341.91316190784,0,0,0,122,0,0,0
61,28,6,3353.7784082809,1882.02241582598,0,0,0,68,0,0,0
61,28,7,19802.3936138229,5545.27981247024,65,0,0,276,0,0,0
61,28,8,0,8,0,0,0,0,0,0,0
61,29,1,3271.88698722996,689.311956052286,6,0,0,134,0,0,0
61,29,2,3070.08830330882,584.21938953069,0,0,0,111,0,0,0
61,29,3,3040.76657123166,1731.55254820852,0,0,0,90,0,0,0
61,29,4,3210.45537161137,827.249715998041,0,0,0,104,0,0,0
61,29,5,3254.40072508069,621.142637818292,0,0,0,134,0,0,0
61,29,6,3395.19360030738,2108.80118615109,4,0,0,181,0,0,0
61,29,7,19840.4433707202,7628.79705089403,213,0,0,171,0,0,0
61,29,8,0,8,0,0,0,0,0,0,0
61,30,1,3251.97563603636,1832.61185192644,0,0,0,68,0,0,0
61,30,2,3052.63875613411,1111.47313941864,0,0,0,58,0,0,0
61,30,3,3054.13405872442,1188.08134416632,0,0,0,173,0,0,0
61,30,4,3200.81558054833,1709.65142159158,0,0,0,82,0,0,0
61,30,5,3242.58097457829,1407.90949562942,0,0,0,62,0,0,0
61,30,6,3442.30552027157,656.961872395089,0,0,0,209,0,0,0
61,30,7,19920.1990700226,9049.07204083411,0,27,0,295,0,0,0
61,30,8,0,8,0,0,0,0,0,0,0
61,31,1,3272.42107871162,1375.16244901038,0,13,0,141,0,0,0
61,31,2,3047.90490863945,975.966039992204,0,0,0,111,0,0,0
61,31,3,3065.63855258143,1554.10113193798,0,0,0,118,0,0,0
61,31,4,3226.19210521316,732.72281265634,0,0,0,170,0,0,0
61,31,5,3262.33782828226,2165.76118888046,0,0,0,140,0,0,0
61,31,6,3450.25888290837,1296.66678001368,0,0,0,65,0,0,0
61,31,7,19976.3917656708,11434.0890301831,5,118,0,189,0,0,0
61,31,8,0,8,0,0,0,0,0,0,0
61,32,1,3270.50926059449,1673.85231676226,0,0,0,137,0,0,0
61,32,2,3033.15974551472,1384.37519846843,0,0,0,97,0,0,0
61,32,3,3065.32815191653,1144.14219995406,0,0,0,155,0,0,0
61,32,4,3212.41035922177,1706.04302507525,0,0,0,73,0,0,0
61,32,5,3287.76520845629,921.203639114422,0,0,0,216,0,0,0
61,32,6,3468.48051304468,1094.82305524107,0,0,0,129,0,0,0
61,32,7,20020.5343192709,7921.3159245391,19,3,0,287,0,0,0
61,32,8,0,8,0,0,0,0,0,0,0
61,33,1,3283.00260656672,1198.71845611625,0,0,0,167,0,0,0
61,33,2,3027.91262962321,1636.89781976633,0,0,0,138,0,0,0
61,33,3,3060.42692124261,1349.30105581343,0,0,0,114,0,0,0
61,33,4,3227.9891474851,521.293235612171,0,0,0,170,0,0,0
61,33,5,3288.54452531923,1286.88883059284,0,0,0,92,0,0,0
61,33,6,3487.95235360789,1201.94082670897,0,0,0,109,0,0,0
61,33,7,20065.4322045777,11996.6551809424,25,0,0,212,0,0,1
61,33,8,0,8,0,0,0,0,0,0,0
61,34,1,3276.30641935916,1152.97051957313,0,0,0,119,0,0,0
61,34,2,3037.45749920401,1144.01602179974,0,0,0,163,0,0,0
61,34,3,3052.73982955519,1891.09794017922,0,0,0,134,0,0,0
61,34,4,3208.6979164579,1103.37413117873,0,0,0,52,0,0,0
61,34,5,3298.96567093971,598.70663526163,0,0,0,128,0,0,0
61,34,6,3502.04646924308,2000.02371610408,0,0,0,120,0,0,0
61,34,7,20092.9443494737,10892.1542919861,27,0,0,234,0,0,0
61,34,8,0,8,0,0,0,0,0,0,0
61,35,1,3279.63743544139,837.013616620653,0,0,0,115,0,0,0
61,35,2,3034.17422416939,1018.33832606225,0,0,0,114,0,0,0
61,35,3,3058.2349544579,675.268095912102,0,1,0,181,0,0,0
61,35,4,3205.90508749303,2084.38280585412,0,0,0,110,0,0,0
61,35,5,3295.20107348849,536.773618147688,0,0,0,59,0,0,0
61,35,6,3537.53758108082,2133.10013291487,0,0,0,198,0,0,0
61,35,7,20123.7596224336,11139.9538486451,0,113,0,214,0,0,0
61,35,8,0,8,0,0,0,0,0,0,0
61,36,1,3273.99709167064,1392.57721422141,0,0,0,83,0,0,0
61,36,2,3033.9513250554,789.206144496961,0,0,0,101,0,0,0
61,36,3,3044.2374662275,789.919557256599,0,0,0,67,0,0,0
61,36,4,3217.74615358627,1179.5976448392,0,0,0,191,0,0,0
61,36,5,3285.70933334897,1440.00626231151,0,0,0,53,0,0,0
61,36,6,3575.53543522328,845.17659658376,0,0,0,213,0,0,0
61,36,7,20173.7643026256,9619.31682961107,26,0,0,276,0,0,0
61,36,8,0,8,0,0,0,0,0,0,0
61,37,1,3274.7453078422,1751.58325852335,0,0,0,139,0,0,0
61,37,2,3015.46910213817,997.810322718762,0,0,0,78,0,0,0
61,37,3,3031.39119271525,1529.77129591641,0,0,0,78,0,0,0
61,37,4,3215.78303795579,1586.92138342159,0,0,0,117,0,0,0
61,37,5,3290.48832023409,1550.59563412329,0,0,0,144,0,0,0
61,37,6,3579.86951819289,992.489097164994,0,0,0,84,0,0,0
61,37,7,20202.74767092,9103.05958883481,22,1,0,203,0,0,1
61,37,8,0,8,0,0,0,0,0,0,0
61,38,1,3313.95181354015,1317.62714381439,0,0,0,175,0,0,0
61,38,2,3014.32748355257,1272.4095185072,0,0,0,99,0,0,0
61,38,3,3046.01943445175,1249.81540313705,0,0,0,152,0,0,0
61,38,4,3240.13905284073,1083.17908771009,0,0,0,158,0,0,0
61,38,5,3332.92314987964,2164.94984111415,0,0,0,155,0,0,0
61,38,6,3598.0534339498,1086.5160614838,0,0,0,99,0,0,0
61,38,7,20278.9064595116,8377.51345415719,33,0,0,249,0,0,0
61,38,8,0,8,0,0,0,0,0,0,0
61,39,1,3323.36865982516,1214.27633309067,0,0,0,131,0,0,0
61,39,2,3015.74509067535,1007.86877281462,0,0,0,127,0,0,0
61,39,3,3054.99673716734,1078.01737353321,0,0,0,124,0,0,0
61,39,4,3245.2811533825,590.598482455425,0,0,0,108,0,0,0
61,39,5,3378.2786532631,1311.42731300543,2,0,0,188,0,0,0
61,39,6,3617.16772781629,792.228188617643,0,0,0,108,0,0,0
61,39,7,20329.3519628038,8354.52701462542,47,0,0,212,0,0,0
61,39,8,0,8,0,0,0,0,0,0,0
61,40,1,3337.02013876728,878.356789117434,0,0,0,121,0,0,0
61,40,2,3011.75278405449,2153.67885766485,0,0,0,100,0,0,0
61,40,3,3058.55936191196,957.65535829347,0,0,0,107,0,0,0
61,40,4,3235.53161159624,952.077711665808,0,0,0,59,0,0,0
61,40,5,3400.52014080951,1256.79846361496,0,0,0,131,0,0,0
61,40,6,3628.21528630436,1771.53318601307,0,0,0,79,0,0,0
61,40,7,20361.2807445706,5443.43823284066,0,51,0,168,0,0,0
61,40,8,0,8,0,0,0,0,0,0,0
61,41,1,3325.3050967459,1167.39254241582,0,0,0,87,0,0,0
61,41,2,3022.69950639912,1476.76280515054,0,8,0,170,0,0,0
61,41,3,3043.39586658381,967.730811194695,0,0,0,95,0,0,0
61,41,4,3226.11093791362,1726.2112928971,0,0,0,95,0,0,0
61,41,5,3404.81132059575,1473.7650379388,0,0,0,125,0,0,0
61,41,6,3659.75747523747,956.469528043135,0,3,0,162,0,0,0
61,41,7,20370.4265754825,6669.45683411568,0,80,0,160,0,0,0
61,41,8,0,8,0,0,0,0,0,0,0
61,42,1,3327.48328327934,1927.26347873845,0,0,0,116,0,0,0
61,42,2,3035.41944280462,1862.30862742961,0,0,0,147,0,0,0
61,42,3,3032.46202065793,1280.3369038254,0,0,0,96,0,0,0
61,42,4,3236.52365114287,1890.3207462349,0,0,0,172,0,0,0
61,42,5,3419.06370642544,1788.80765529873,0,0,0,147,0,0,0
61,42,6,3670.82858259538,1778.49496460825,0,0,0,95,0,0,0
61,42,7,20402.3576730825,10204.314680934,30,0,0,230,0,0,0
61,42,8,0,8,0,0,0,0,0,0,0
61,43,1,3364.29000808198,1177.98644615867,0,0,0,175,0,0,0
61,43,2,3069.3656413128,1514.84416703446,0,0,0,186,0,0,0
61,43,3,3044.34657785468,993.414007871329,0,0,0,128,0,0,0
61,43,4,3265.39502587467,1657.57340547839,0,0,0,189,0,0,0
61,43,5,3452.61280918338,1215.44013732091,0,0,0,178,0,0,0
61,43,6,3723.71937583461,2426.98399367609,0,0,0,177,0,0,0
61,43,7,20469.3162485199,7289.83827925625,27,0,0,223,0,0,0
61,43,8,0,8,0,0,0,0,0,0,0
61,44,1,3357.04920747868,1051.895806803,0,48,0,69,0,0,0
61,44,2,3064.02236529719,1364.93062609038,0,78,0,73,0,0,0
61,44,3,3022.07863734615,1530.22834796401,0,46,0,53,0,0,0
61,44,4,3258.41601820844,2228.36189650971,0,86,0,79,0,0,0
61,44,5,3442.26618986002,951.142507713476,0,63,0,58,0,0,0
61,44,6,3750.96779665667,2076.65918802254,0,111,0,131,0,0,0
61,44,7,20526.6681290396,8534.21588997965,3,264,0,245,0,0,1
61,44,8,0,8,0,0,0,0,0,0,0
61,45,1,3374.1161029451,1189.78835706372,0,0,0,105,0,0,0
61,45,2,3082.93250113697,1346.42312306908,0,0,0,136,0,0,0
61,45,3,3049.20493012971,1472.25404077616,0,0,0,153,0,0,0
61,45,4,3311.43264877378,734.50010680643,1,0,0,195,0,0,0
61,45,5,3465.37691795358,842.620062104981,0,0,0,95,0,0,0
61,45,6,3817.65065489606,1980.65476331965,0,0,0,193,0,0,0
61,45,7,20592.9712038032,8822.26748220966,28,0,0,218,0,0,0
61,45,8,0,8,0,0,0,0,0,0,0
61,46,1,3405.1470922938,1954.24919577673,0,0,0,118,0,0,0
61,46,2,3113.60064193751,691.923518386109,0,0,0,134,0,0,0
61,46,3,3089.11103064518,1707.19254528699,0,0,0,147,0,0,0
61,46,4,3321.12756019833,1093.93016252228,0,0,0,73,0,0,0
61,46,5,3480.49690135675,856.778605156788,0,0,0,84,0,0,0
61,46,6,3904.3979810865,1762.82563955983,0,0,0,194,0,0,0
61,46,7,20684.4186041877,10970.7149132294,25,0,0,210,0,0,0
61,46,8,0,8,0,0,0,0,0,0,0
61,47,1,3458.88912234441,1618.92468672867,0,0,0,192,0,0,0
61,47,2,3116.85838512469,1287.11617262109,0,0,0,69,0,0,0
61,47,3,3130.79976603288,1101.75464124744,0,0,0,170,0,0,0
61,47,4,3355.52304577719,2226.4225612606,0,0,0,109,0,0,0
61,47,5,3507.3926512509,819.785965252273,0,0,0,85,0,0,0
61,47,6,3974.98336215977,2045.41637849728,0,0,0,176,0,0,0
61,47,7,20772.1397192846,9713.74567373592,23,0,0,218,0,0,0
61,47,8,0,8,0,0,0,0,0,0,0
61,48,1,3489.23133931399,274.968523294811,0,0,0,161,0,0,0
61,48,2,3123.86481374495,963.404380742521,0,0,0,128,0,0,0
61,48,3,3134.94014348723,1313.95508257031,0,0,0,110,0,0,0
61,48,4,3392.17497023688,1052.899264211,1,0,0,203,0,0,0
61,48,5,3518.89702018172,1458.4632335559,0,0,0,81,0,0,0
61,48,6,4014.39067584815,1457.53802421593,1,0,0,173,0,0,0
61,48,7,20817.7677516294,8603.32519700847,36,0,0,232,0,0,2
61,48,8,0,8,0,0,0,0,0,0,0
61,49,1,3478.56942583097,1993.20474553301,0,0,0,27,0,0,0
61,49,2,3131.86562499792,1629.10506643982,0,0,0,96,0,0,0
61,49,3,3155.51121252985,1633.16068335061,0,0,0,131,0,0,0
61,49,4,3406.55037596524,2037.32921471496,0,0,0,105,0,0,0
61,49,5,3553.82727708447,1124.95423752502,0,0,0,145,0,0,0
61,49,6,4064.3291034753,1931.44821466344,0,0,0,145,0,0,0
61,49,7,20876.1058862917,9443.96745188478,99,0,0,154,0,0,0
61,49,8,0,8,0,0,0,0,0,0,0
61,50,1,3503.72016114209,1442.07129474525,3,0,0,165,0,0,0
61,50,2,3155.32573488275,766.815312314279,0,0,0,160,0,0,0
61,50,3,3176.33025177958,924.639964368712,0,0,0,163,0,0,0
61,50,4,3450.38391076484,923.16106017791,1,0,0,189,0,0,0
61,50,5,3580.74934968392,1640.31043369223,0,0,0,112,0,0,0
61,50,6,4117.52167303032,1665.98393484009,1,0,0,180,0,0,0
61,50,7,20932.0002471175,8151.1958651362,84,0,0,214,0,0,0
61,50,8,0,8,0,0,0,0,0,0,0
61,51,1,3548.71235968601,1143.39635265861,0,0,0,143,0,0,0
61,51,2,3156.717547689,1143.09386006506,0,0,0,76,0,0,0
61,51,3,3180.77803402924,1188.09327362546,0,0,0,92,0,0,0
61,51,4,3460.66324381598,860.604139082954,0,0,0,92,0,0,0
61,51,5,3640.94596132933,1342.52929717331,0,0,0,163,0,0,0
61,51,6,4189.80415191168,2226.85395034986,0,0,0,166,0,0,0
61,51,7,21012.7762756485,10758.7682908056,209,0,0,200,0,0,7
61,51,8,0,8,0,0,0,0,0,0,0
61,52,1,3579.78680685822,1944.50115092815,0,0,0,114,0,0,0
61,52,2,3166.72716180068,1572.0279862244,0,0,0,114,0,0,0
61,52,3,3210.5587586496,2289.63784258791,0,0,0,118,0,0,0
61,52,4,3477.5179501383,1426.82319076207,0,0,0,86,0,0,0
61,52,5,3686.96490052634,1224.13902202033,0,0,0,134,0,0,0
61,52,6,4292.87546433234,2070.84211017629,1,0,0,205,0,0,0
61,52,7,21115.3304559991,10980.5495794416,70,0,0,211,0,0,0
61,52,8,0,8,0,0,0,0,0,0,0
61,53,1,3616.99480398467,1587.15182630553,0,0,0,182,0,0,0
61,53,2,3182.52447734486,637.207444119753,0,0,0,157,0,0,0
61,53,3,3215.71771064199,1684.13476146536,2,0,0,183,0,0,0
61,53,4,3486.63745702183,1997.71759405013,0,0,0,142,0,0,0
61,53,5,3699.11700762056,1437.88949466099,0,0,0,122,0,0,0
61,53,6,4344.19359344376,1746.44703077011,2,0,0,164,0,0,0
61,53,7,21161.5540227396,17462.4340053301,62,0,0,190,0,0,0
61,53,8,0,8,0,0,0,0,0,0,0
61,54,1,3632.953125863,1910.91407197222,0,0,0,158,0,0,0
61,54,2,3155.64408288651,1334.40024459184,0,0,0,63,0,0,0
61,54,3,3213.60717757225,1297.57438858231,0,0,0,168,0,0,0
61,54,4,3504.19163824734,1583.16882094291,0,0,0,194,0,0,0
61,54,5,3705.08954490577,1163.88619765834,0,0,0,143,0,0,0
61,54,6,4386.16161369238,2499.59095450654,0,0,0,174,0,0,0
61,54,7,21197.405178339,8539.36270438338,47,0,0,227,0,0,0
61,54,8,0,8,0,0,0,0,0,0,0
61,55,1,3649.49053408409,1435.43026967627,40,0,0,131,0,0,0
61,55,2,3158.59967257521,2021.82975388151,0,0,0,133,0,0,0
61,55,3,3207.71438824155,1561.16025843457,1,0,0,128,0,0,0
61,55,4,3505.96187708848,1284.89554683161,11,0,0,141,0,0,0
61,55,5,3716.43136642584,1721.40626418598,0,0,0,116,0,0,0
61,55,6,4427.66559555674,1800.90372407253,55,0,0,167,0,0,0
61,55,7,21274.4753865635,8384.23716322993,316,0,0,329,0,0,1
61,55,8,0,8,0,0,0,0,0,0,0
61,56,1,3617.18398747924,1194.13154551261,143,0,0,0,0,0,0
61,56,2,3143.256177078,1819.20551150138,99,0,0,103,0,0,0
61,56,3,3175.89647336759,544.477274138556,90,0,0,66,0,0,0
61,56,4,3488.26514476802,1527.89807677851,70,0,0,58,0,0,0
61,56,5,3706.99467284764,2155.30215449647,89,0,0,83,0,0,0
61,56,6,4446.40917804753,1439.63639195072,75,0,0,105,0,0,0
61,56,7,21356.2660392816,5374.84068498198,425,0,0,413,0,0,0
61,56,8,0,8,0,0,0,0,0,0,0
61,57,1,3641.97767018174,1276.82340933293,0,0,0,119,0,0,0
61,57,2,3160.84919813763,1612.46938872386,1,0,0,179,0,0,0
61,57,3,3156.3206934384,956.261562978126,0,0,0,54,0,0,0
61,57,4,3506.09858725881,2511.04931601908,0,0,0,152,0,0,0
61,57,5,3759.17693453349,2204.95263977624,0,0,0,215,0,0,0
61,57,6,4482.70377552945,2108.14681767522,2,0,0,139,0,0,0
61,57,7,21384.9379888189,7870.65196643164,150,0,0,192,0,0,0
61,57,8,0,8,0,0,0,0,0,0,0
61,58,1,3647.79486191013,801.142485295193,0,0,0,127,0,0,0
61,58,2,3158.07183461713,1724.79660065199,0,0,0,154,0,0,0
61,58,3,3148.58229294247,708.23884231535,0,0,0,95,0,0,0
61,58,4,3540.54398161862,1225.04346735317,0,1,0,219,0,0,0
61,58,5,3788.72064580343,1973.02850619877,0,1,0,199,0,0,0
61,58,6,4527.55614747959,1811.37241540842,0,1,0,187,0,0,0
61,58,7,21404.5762373127,12938.9914341284,0,36,0,181,0,0,0
61,58,8,0,8,0,0,0,0,0,0,0
61,59,1,3634.67088197393,522.741746103375,0,0,0,80,0,0,0
61,59,2,3169.24536028411,1557.11563313174,0,0,0,163,0,0,0
61,59,3,3126.94449929785,1352.10451923808,0,0,0,70,0,0,0
61,59,4,3548.30419147893,1237.89038614362,0,0,0,122,0,0,0
61,59,5,3827.88827387066,813.585956032262,0,0,0,197,0,0,0
61,59,6,4586.02900185763,2238.4217283338,0,0,0,181,0,0,0
61,59,7,21442.4280835272,6736.42266946694,0,115,0,195,0,0,0
61,59,8,0,8,0,0,0,0,0,0,0
61,60,1,3613.62830750106,1480.70763195046,0,0,0,52,0,0,0
61,60,2,3187.73326931512,2185.66652952701,0,0,0,155,0,0,0
61,60,3,3156.47334665548,1678.54067945149,0,0,0,135,0,0,0
61,60,4,3557.09521493675,1639.12707397578,0,0,0,123,0,0,0
61,60,5,3829.95207571706,2101.36713560426,0,0,0,81,0,0,0
61,60,6,4655.04664815988,1678.86257099263,0,19,0,173,0,0,0
61,60,7,21540.8483773645,6768.56853708288,0,177,0,213,0,0,0
61,60,8,0,8,0,0,0,0,0,0,0
61,61,1,3598.53800628806,1357.39139071813,0,50,0,88,0,0,0
61,61,2,3197.4260585763,1800.47110031122,0,67,0,138,0,0,0
61,61,3,3168.72405278818,695.835532563034,0,39,0,121,0,0,0
61,61,4,3553.12726579505,2104.9698256329,0,54,0,99,0,0,0
61,61,5,3849.16764065806,1011.67564806146,0,55,0,144,0,0,0
61,61,6,4693.08895208906,1277.86959433321,0,31,0,130,0,0,0
61,61,7,21667.0934640737,6458.19999977025,2,208,0,252,0,0,6
61,61,8,0,8,0,0,0,0,0,0,0
61,62,1,3616.32754034284,2029.65210889833,0,0,0,135,0,0,0
61,62,2,3222.42159773996,1433.84159485991,1,0,0,164,0,0,0
61,62,3,3163.10447103871,888.057154183044,0,0,0,69,0,0,0
61,62,4,3620.51482598901,1224.15392040989,0,0,0,210,0,0,0
61,62,5,3888.49889908586,1313.16685674857,0,0,0,101,0,0,0
61,62,6,4739.19221417497,2772.24831030666,0,0,0,127,0,0,0
61,62,7,21790.1255919672,4977.48710618644,38,0,0,201,0,0,0
61,62,8,0,8,0,0,0,0,0,0,0
61,63,1,3626.42458911088,1217.80690890485,4,0,0,158,0,0,0
61,63,2,3222.67520166901,1847.56484474458,0,0,0,143,0,0,0
61,63,3,3153.90212687079,1543.09884931038,0,0,0,88,0,0,0
61,63,4,3637.38777852425,1448.33107493852,0,0,0,122,0,0,0
61,63,5,3908.51050455003,1471.34664523548,0,0,0,131,0,0,0
61,63,6,4789.93235514501,3303.22922197474,9,0,0,192,0,0,0
61,63,7,21825.0177922609,9856.70435441425,31,0,0,195,0,0,0
61,63,8,0,8,0,0,0,0,0,0,0
61,64,1,3672.38704372342,1017.07575420264,0,0,0,121,0,0,0
61,64,2,3262.29974196909,889.283486524038,0,0,0,176,0,0,0
61,64,3,3195.94214417762,1671.56119454071,0,0,0,154,0,0,0
61,64,4,3681.48347585265,2408.56753438952,0,0,0,144,0,0,0
61,64,5,3984.46927921087,2373.23219256604,0,0,0,147,0,0,0
61,64,6,4913.14235214614,1682.14787908877,4,0,0,210,0,0,0
61,64,7,21946.9894803726,10734.1891999253,30,0,0,233,0,0,0
61,64,8,0,8,0,0,0,0,0,0,0
61,65,1,3686.46447609038,1015.19433528911,0,0,0,101,0,0,0
61,65,2,3263.36177410016,1720.17518727302,0,0,0,88,0,0,0
61,65,3,3213.06365644025,1514.22442774574,0,0,0,167,0,0,0
61,65,4,3723.52394604023,1135.79986679151,2,0,0,172,0,0,0
61,65,5,4047.3477303615,801.559796629013,1,0,0,189,0,0,0
61,65,6,4998.3621557972,1789.51879482709,0,0,0,168,0,0,0
61,65,7,22018.4580355713,10048.6845023301,30,0,0,221,0,0,0
61,65,8,0,8,0,0,0,0,0,0,0
61,66,1,3685.05016107556,797.941956044982,0,0,0,101,0,0,0
61,66,2,3305.32426617704,938.09762843051,0,0,0,172,0,0,0
61,66,3,3232.95619727464,1423.87003827727,0,0,0,151,0,0,0
61,66,4,3755.5908235067,1203.62876519697,0,0,0,113,0,0,0
61,66,5,4062.91029668565,1730.38271410009,0,0,0,80,0,0,0
61,66,6,5084.47733127864,3167.75608585397,0,0,0,178,0,0,0
61,66,7,22081.5282018076,5510.37913106835,35,0,0,197,0,0,5
61,66,8,0,8,0,0,0,0,0,0,0
61,67,1,3673.42756636999,1633.59221463481,1,0,0,78,0,0,0
61,67,2,3294.44689008179,1027.3409439792,1,0,0,92,0,0,0
61,67,3,3238.62678090621,946.843271646387,8,0,0,131,0,0,0
61,67,4,3771.48432330855,1858.07743193009,0,0,0,120,0,0,0
61,67,5,4089.5540872669,1635.49350120868,28,0,0,133,0,0,0
61,67,6,5139.28562076897,946.205137172246,113,0,0,158,0,0,0
61,67,7,22164.994470619,4074.85424625137,206,0,0,262,0,0,0
61,67,8,0,8,0,0,0,0,0,0,0
61,68,1,3667.11223414033,1985.68383494761,9,0,0,136,0,0,0
61,68,2,3304.42238649712,941.689087361718,0,0,0,102,0,0,0
61,68,3,3242.06592083823,1586.1253262417,0,0,0,94,0,0,0
61,68,4,3790.97849366812,994.179620812399,6,0,0,161,0,0,0
61,68,5,4120.29809346978,1858.3598505037,4,0,0,151,0,0,0
61,68,6,5175.41142072926,1394.49494383625,0,0,0,94,0,0,0
61,68,7,22186.396538505,3095.95056085935,77,0,0,175,0,0,0
61,68,8,0,8,0,0,0,0,0,0,0
61,69,1,3658.77369226884,1436.90205090515,24,0,0,136,0,0,0
61,69,2,3286.87671181677,2369.13930015986,0,0,0,94,0,0,0
61,69,3,3239.69617634741,1538.8911473444,3,0,0,150,0,0,0
61,69,4,3788.60817413559,1362.345728769,0,0,0,99,0,0,0
61,69,5,4142.93303285594,1799.80813055005,9,0,0,156,0,0,0
61,69,6,5204.24841504776,2564.5069976557,0,0,0,139,0,0,0
61,69,7,22207.1286137798,8894.48891547794,52,0,0,172,0,0,0
61,69,8,0,8,0,0,0,0,0,0,0
61,70,1,3679.90507800935,1108.85702854511,0,0,0,143,0,0,0
61,70,2,3350.88562401047,1743.82024305435,1,0,0,196,0,0,0
61,70,3,3306.32666712081,2065.09946378527,0,0,0,153,0,0,0
61,70,4,3824.88823566763,1546.11557855482,0,0,0,136,0,0,0
61,70,5,4208.47305566432,2589.82397965416,0,0,0,179,0,0,0
61,70,6,5380.47112716578,1812.74765270506,1,0,0,230,0,0,0
61,70,7,22390.2981708445,8679.38512049835,26,0,0,244,0,0,0
61,70,8,0,8,0,0,0,0,0,0,0
61,71,1,3682.82491740909,2216.48589797319,0,0,0,110,0,0,0
61,71,2,3358.42880868924,1307.10488148595,0,1,0,166,0,0,0
61,71,3,3315.14995931219,1587.32465463804,0,6,0,167,0,0,0
61,71,4,3841.30864529619,1578.23397742289,0,0,0,154,0,0,0
61,71,5,4245.66074665675,1744.65628503225,0,14,0,174,0,0,0
61,71,6,5438.49156964296,1215.39430811871,0,5,0,152,0,0,0
61,71,7,22418.9108584536,8437.03185133451,0,117,0,186,0,0,0
61,71,8,0,8,0,0,0,0,0,0,0
61,72,1,3743.35236484974,1067.35000225353,0,0,0,208,0,0,0
61,72,2,3402.67255341381,1740.44532131945,0,0,0,130,0,0,0
61,72,3,3386.79074494944,594.927476638165,0,0,0,157,0,0,0
61,72,4,3915.65051579257,1267.70767041975,0,0,0,157,0,0,0
61,72,5,4319.36070220864,1575.12407885041,0,0,0,172,0,0,0
61,72,6,5538.71264550088,2142.62445611991,0,0,0,121,0,0,0
61,72,7,22581.428620534,10758.1465987648,0,46,0,194,0,0,0
61,72,8,0,8,0,0,0,0,0,0,0
61,73,1,3716.31426994265,1761.26611768245,0,45,0,57,0,0,0
61,73,2,3410.39821081002,1560.59129417429,0,70,0,97,0,0,0
61,73,3,3358.2952507903,635.454908864573,0,24,0,33,0,0,0
61,73,4,3924.62540861114,1497.87964212529,0,35,0,88,0,0,0
61,73,5,4337.72154269944,3025.07177443999,0,64,0,87,0,0,0
61,73,6,5615.7883568213,1592.47267323386,0,81,0,125,0,0,0
61,73,7,22727.2026873911,9410.46775025877,3,340,0,364,0,0,1
61,73,8,0,8,0,0,0,0,0,0,0
61,74,1,3763.74135281359,1775.25535949107,0,0,0,176,0,0,0
61,74,2,3444.18760559646,1636.57574594151,0,0,0,156,0,0,0
61,74,3,3397.99109223879,1859.5955811005,0,0,0,63,0,0,0
61,74,4,3954.77410947702,1284.37592096919,0,0,0,149,0,0,0
61,74,5,4433.06121354501,1567.65680732331,2,0,0,245,0,0,0
61,74,6,5732.18016230419,1072.69662190479,0,0,0,159,0,0,0
61,74,7,22843.4306555629,3960.85636473044,32,0,0,198,0,0,0
61,74,8,0,8,0,0,0,0,0,0,0
61,75,1,3791.47615534066,1467.40684361314,0,0,0,177,0,0,0
61,75,2,3455.13594676799,1135.32248763052,0,0,0,163,0,0,0
61,75,3,3405.36553918332,1508.07302482904,1,0,0,179,0,0,0
61,75,4,3959.18418851963,846.1454818108,0,0,0,128,0,0,0
61,75,5,4465.88801645097,842.294442878955,0,0,0,156,0,0,0
61,75,6,5764.95479688237,2160.87785009476,0,0,0,107,0,0,0
61,75,7,22884.312327496,8623.48732917532,39,0,0,215,0,0,0
61,75,8,0,8,0,0,0,0,0,0,0
61,76,1,3851.55962281615,1511.96388827119,0,0,0,146,0,0,0
61,76,2,3498.33925118248,1646.1679972073,0,0,0,113,0,0,0
61,76,3,3492.71822378799,1812.81580825875,0,0,0,150,0,0,0
61,76,4,3990.32339952064,1748.6687997397,0,0,0,84,0,0,0
61,76,5,4502.71562636767,2045.57739662609,0,0,0,84,0,0,0
61,76,6,6006.91806590199,1720.92093701867,0,0,0,216,0,0,0
61,76,7,23086.1832897433,3956.48125733771,33,0,0,234,0,0,0
61,76,8,0,8,0,0,0,0,0,0,0
61,77,1,3868.58030181153,1785.49876984782,0,0,0,151,0,0,0
61,77,2,3506.07928644175,1503.72675297505,10,0,0,136,0,0,0
61,77,3,3496.29711824218,956.299068014384,14,0,0,141,0,0,0
61,77,4,4011.04506145032,2188.6362289278,0,0,0,174,0,0,0
61,77,5,4544.86962595551,1982.24540109686,16,0,0,161,0,0,0
61,77,6,6071.59297495001,969.476471616188,0,0,0,172,0,0,0
61,77,7,23122.1063935667,12174.4083110575,76,0,0,190,0,0,0
61,77,8,0,8,0,0,0,0,0,0,0
61,78,1,3887.17211953914,1077.73351352653,0,0,0,178,0,0,0
61,78,2,3512.53561698848,1710.4486659968,0,0,0,150,0,0,0
61,78,3,3493.76406847533,1566.40647542746,0,0,0,95,0,0,0
61,78,4,4039.98041100752,2535.08101278908,0,0,0,191,0,0,0
61,78,5,4590.78299411868,3509.60795243732,0,0,0,175,0,0,0
61,78,6,6096.89154809656,1842.96394269268,0,0,0,96,0,0,0
61,78,7,23170.768513552,13091.6101003282,34,0,0,200,0,0,0
61,78,8,0,8,0,0,0,0,0,0,0
61,79,1,3917.89052562267,2010.87809312375,0,0,0,107,0,0,0
61,79,2,3565.08628934073,1532.83777249453,0,0,0,171,0,0,0
61,79,3,3518.08285690136,2109.74727289729,0,0,0,156,0,0,0
61,79,4,4088.99844474932,1100.90945665961,0,0,0,232,0,0,0
61,79,5,4657.61780547458,1265.77513136045,4,0,0,198,0,0,0
61,79,6,6196.47727875854,3801.81904668105,0,0,0,184,0,0,0
61,79,7,23221.8722655742,10614.4133386561,31,0,0,200,0,0,0
61,79,8,0,8,0,0,0,0,0,0,0
61,80,1,4023.61800481343,2049.34811099001,0,0,0,201,0,0,0
61,80,2,3615.60839833267,1858.22562598715,0,0,0,153,0,0,0
61,80,3,3629.61370422458,1781.23694331678,2,0,0,165,0,0,0
61,80,4,4149.28459295498,1595.12795980068,0,0,0,110,0,0,0
61,80,5,4737.25878599748,1290.87244184148,0,0,0,126,0,0,0
61,80,6,6405.43593957308,1973.84952274736,13,0,0,167,0,0,0
61,80,7,23378.2099034784,6660.60638928113,52,0,0,214,0,0,0
61,80,8,0,8,0,0,0,0,0,0,0
61,81,1,4044.97182316155,1114.09986224478,53,0,0,130,0,0,0
61,81,2,3645.14225129955,1277.16594431016,29,0,0,145,0,0,0
61,81,3,3645.74245595339,849.522426961373,33,0,0,131,0,0,0
61,81,4,4187.89429896654,1479.17745985813,8,0,0,148,0,0,0
61,81,5,4788.58411469757,1572.23141338932,0,0,0,129,0,0,0
61,81,6,6501.21715391255,1452.89708529147,35,0,0,148,0,0,0
61,81,7,23449.7035195712,11299.5415985196,297,0,0,213,0,0,13
61,81,8,0,8,0,0,0,0,0,0,0
61,82,1,4041.21578152501,2094.93328096098,0,0,0,111,0,0,0
61,82,2,3638.02916364302,2271.36899659459,0,0,0,127,0,0,0
61,82,3,3683.53295914228,2169.31521223067,0,0,0,84,0,0,0
61,82,4,4207.18095432093,1190.8463006892,0,0,0,147,0,0,0
61,82,5,4818.18223248181,936.273833055833,0,0,0,157,0,0,0
61,82,6,6532.60959582915,1706.33749815215,0,0,0,145,0,0,0
61,82,7,23479.2943724091,16390.1816328742,50,0,0,271,0,0,0
61,82,8,0,8,0,0,0,0,0,0,0
61,83,1,4052.31232223855,1628.15900020187,0,0,0,198,0,0,0
61,83,2,3648.04124016729,1874.68432728096,0,0,0,206,0,0,0
61,83,3,3685.64914854785,2124.02615228378,0,1,0,172,0,0,0
61,83,4,4208.79576645148,1907.27644356737,0,0,0,119,0,0,0
61,83,5,4818.44991320457,1738.92665207227,0,0,0,93,0,0,0
61,83,6,6561.83519326489,1773.26281258083,0,0,0,170,0,0,0
61,83,7,23511.3951592486,7398.43828955553,0,31,0,262,0,0,2
61,83,8,0,8,0,0,0,0,0,0,0
61,84,1,4100.01585774639,918.000270195072,0,13,0,135,0,0,0
61,84,2,3704.09296437307,2519.9442977748,0,34,0,116,0,0,0
61,84,3,3816.66211830601,1306.21227317719,0,33,0,143,0,0,0
61,84,4,4313.54249881849,1351.91254343853,0,15,0,159,0,0,0
61,84,5,4889.9102348792,1334.73824744858,0,11,0,149,0,0,0
61,84,6,6766.77675533778,1375.04288702682,0,0,0,177,0,0,0
61,84,7,23776.8416547063,11204.0674477441,1,202,0,248,0,0,0
61,84,8,0,8,0,0,0,0,0,0,0
61,85,1,4123.86714046195,1745.56074833022,0,0,0,91,0,0,0
61,85,2,3797.47635632839,1559.05461820553,0,0,0,237,0,0,0
61,85,3,3828.16751872574,981.81276982648,0,0,0,130,0,0,0
61,85,4,4352.52885914839,1692.71113625065,0,0,0,135,0,0,0
61,85,5,4945.75089933978,1396.67190090406,0,0,0,133,0,0,0
61,85,6,6842.74091839099,1925.08755610169,0,0,0,137,0,0,0
61,85,7,23876.6817061156,12354.3821708216,27,0,0,238,0,0,0
61,85,8,0,8,0,0,0,0,0,0,0
61,86,1,4157.05350263195,2331.55226535984,0,0,0,174,0,0,0
61,86,2,3842.92735101495,913.565159173207,0,0,0,155,0,0,0
61,86,3,3831.61122942843,1884.43981221703,0,0,0,98,0,0,0
61,86,4,4384.60585474394,1945.15725558797,0,0,0,169,0,0,0
61,86,5,4999.38540446963,1750.54911276562,0,0,0,139,0,0,0
61,86,6,6917.45720198789,3516.03818041567,0,0,0,172,0,0,0
61,86,7,23981.9317534599,10850.5667649934,23,0,0,262,0,0,0
61,86,8,0,8,0,0,0,0,0,0,0
61,87,1,4251.51935151621,2166.63137089847,0,0,0,229,0,0,0
61,87,2,3837.57784788672,1592.40053501038,0,0,0,91,0,0,0
61,87,3,3869.74960254694,2737.48273240427,0,0,0,187,0,0,0
61,87,4,4490.30468809419,828.396460032012,0,0,0,194,0,0,0
61,87,5,5077.60086034173,927.606936066098,0,0,0,175,0,0,0
61,87,6,7171.06242178997,2803.5989679283,5,0,0,208,0,0,0
61,87,7,24083.2631767595,7927.85392388735,32,0,0,202,0,0,0
61,87,8,0,8,0,0,0,0,0,0,0
61,88,1,4261.30511300347,1689.75735303472,0,107,0,109,0,0,0
61,88,2,3824.3127124824,1408.56143755198,0,76,0,83,0,0,0
61,88,3,3877.08119606406,963.903841779976,0,156,0,117,0,0,0
61,88,4,4451.98731600114,2550.72111151703,0,49,0,33,0,0,0
61,88,5,5053.11574123968,1285.89683087058,0,66,0,26,0,0,0
61,88,6,7267.44448126777,2740.11681093146,0,152,0,128,0,0,0
61,88,7,24112.9429599034,10425.8626961847,6,215,0,209,0,0,1
61,88,8,0,8,0,0,0,0,0,0,0
61,89,1,4298.89657962918,2782.06145815379,0,0,0,168,0,0,0
61,89,2,3887.14219993694,1341.66592864227,0,0,0,140,0,0,0
61,89,3,3899.52752465483,1377.69804441407,0,0,0,96,0,0,0
61,89,4,4532.73895424609,2020.31684656466,0,0,0,205,0,0,0
61,89,5,5107.38917154423,2157.64810926127,0,0,0,128,0,0,0
61,89,6,7413.44013334961,4892.43796784749,2,0,0,198,0,0,0
61,89,7,24229.0414887002,11544.0436696867,25,0,0,276,0,0,0
61,89,8,0,8,0,0,0,0,0,0,0
61,90,1,4478.24383927112,3712.93320216562,0,0,0,224,0,0,2
61,90,2,3986.79093675775,1846.09889966149,0,0,0,134,0,0,0
61,90,3,4114.8626348087,1281.57861617499,0,0,0,137,0,0,0
61,90,4,4679.8180700875,2178.43757283443,0,0,0,178,0,0,0
61,90,5,5267.72854165677,1399.333868119,0,0,0,215,0,0,0
61,90,6,7819.99367228088,4528.57161324644,9,0,0,211,0,0,0
61,90,7,24401.9799758908,8985.44072622938,34,0,0,180,0,0,0
61,90,8,0,8,0,0,0,0,0,0,0
61,91,1,4602.55275286489,732.778860335696,23,0,0,169,0,0,0
61,91,2,4109.84312435518,1688.97754803898,0,0,0,183,0,0,0
61,91,3,4294.53267007122,2046.43996151937,0,0,0,128,0,0,0
61,91,4,4822.11790727863,1253.30380630956,2,0,0,197,0,0,0
61,91,5,5415.19242644054,1669.53125498347,0,0,0,139,0,0,0
61,91,6,8084.44936441388,4307.58686005558,34,0,0,169,0,0,0
61,91,7,24701.7161832752,13731.6615899218,82,0,0,204,0,0,1
61,91,8,0,8,0,0,0,0,0,0,0
61,92,1,4603.2809889063,2204.12443841489,0,0,0,73,0,0,0
61,92,2,4125.4017767806,2136.41466478791,0,0,0,168,0,0,0
61,92,3,4449.45110495659,1936.23639134028,0,0,0,204,0,0,0
61,92,4,4855.67806977809,2052.94592005235,0,0,0,125,0,0,0
61,92,5,5462.60857345323,3529.77553436864,0,0,0,166,0,0,0
61,92,6,8162.35739680012,3237.08905122095,11,0,0,192,0,0,0
61,92,7,24735.6969384848,15171.8393310189,59,0,0,198,0,0,0
61,92,8,0,8,0,0,0,0,0,0,0
61,93,1,4652.81831001317,2561.19624223568,1,0,0,177,0,0,0
61,93,2,4154.18034045842,1339.62066282458,0,0,0,189,0,0,0
61,93,3,4495.0567290168,2032.63402695689,0,0,0,184,0,0,0
61,93,4,4897.94903437212,1069.43534133866,0,0,0,204,0,0,0
61,93,5,5519.39296491726,2234.1377098706,5,0,0,198,0,0,0
61,93,6,8233.93417327023,2957.37385564001,5,0,0,169,0,0,0
61,93,7,24789.4688683407,11669.0065287643,38,0,0,283,0,0,0
61,93,8,0,8,0,0,0,0,0,0,0
61,94,1,4683.97641694013,1713.88246195787,39,0,0,174,0,0,0
61,94,2,4162.57625154179,1492.32334758843,0,0,0,133,0,0,0
61,94,3,4506.55371506416,2063.61840670971,31,0,0,138,0,0,0
61,94,4,4909.2486478334,2771.65836920114,0,0,0,106,0,0,0
61,94,5,5547.20833754871,2192.79955156001,36,0,0,146,0,0,0
61,94,6,8286.3793910351,2693.03019748715,64,0,0,160,0,0,0
61,94,7,24837.5360409438,16289.8313267305,245,3,0,268,0,0,6
61,94,8,0,8,0,0,0,0,0,0,0
61,95,1,4704.64477742421,2172.81790435868,0,0,0,171,0,0,0
61,95,2,4138.66329165575,1626.51291522234,0,0,0,149,0,0,0
61,95,3,4527.75357866621,1271.57488447842,1,0,0,183,0,0,0
61,95,4,4991.00468055673,2390.56988728619,0,0,0,267,0,0,0
61,95,5,5578.65249389266,2735.35882380052,0,0,0,216,0,0,0
61,95,6,8378.23753963483,1685.9813757045,4,0,0,192,0,0,0
61,95,7,24869.2918239897,14666.1350254384,80,0,0,199,0,0,0
61,95,8,0,8,0,0,0,0,0,0,0
61,96,1,4725.17680195857,2711.72586307641,0,0,0,213,0,0,0
61,96,2,4155.18157988401,910.335670251966,0,0,0,162,0,0,0
61,96,3,4535.87138586603,1270.00470584061,0,0,0,127,0,0,0
61,96,4,5062.69936402834,1569.02563680224,2,0,0,208,0,0,0
61,96,5,5632.83186184833,1827.86898007363,8,0,0,181,0,0,0
61,96,6,8445.18724579177,1681.93520382664,0,0,0,168,0,0,0
61,96,7,24912.9685615636,12119.5538078691,113,0,0,196,0,0,0
61,96,8,0,8,0,0,0,0,0,0,0
61,97,1,4745.63495227733,1327.87255301826,191,0,0,80,0,0,0
61,97,2,4148.85380042944,2267.5979481936,38,0,0,53,0,0,0
61,97,3,4524.62466980392,1681.28928765875,67,0,0,60,0,0,0
61,97,4,5064.60740084091,2410.39623033422,87,0,0,69,0,0,0
61,97,5,5661.97970791249,547.054132529448,97,0,0,85,0,0,0
61,97,6,8447.26215093747,915.265113062025,100,0,0,68,0,0,0
61,97,7,24994.1371466133,10117.3725395606,322,4,0,316,0,0,25
61,97,8,0,8,0,0,0,0,0,0,0
61,98,1,4715.73060562393,1493.54970843498,125,0,0,7,0,0,0
61,98,2,4143.70244169589,2060.04209021802,134,0,0,92,0,0,0
61,98,3,4532.18342876834,1705.54953846504,72,0,0,96,0,0,0
61,98,4,5076.31384326994,3347.9841265051,124,0,0,117,0,0,0
61,98,5,5662.89825383592,2696.48367727715,22,0,0,32,0,0,0
61,98,6,8436.6627772592,2899.87671142348,48,0,0,43,0,0,0
61,98,7,25017.4107687473,10238.51445872,208,5,0,252,0,0,25
61,98,8,0,8,0,0,0,0,0,0,0
61,99,1,4760.24826668838,1892.24200511285,30,0,0,104,0,0,0
61,99,2,4188.36690643662,1808.22557027535,35,0,0,153,0,0,0
61,99,3,4576.4687337069,1662.77155918224,23,0,0,135,0,0,0
61,99,4,5132.34486702635,1184.68352008328,115,0,0,162,0,0,0
61,99,5,5741.33108137738,631.0179642862,74,0,0,158,0,0,0
61,99,6,8471.95110904661,2159.02599605821,88,0,0,157,0,0,0
61,99,7,24987.7594168996,5910.53036933589,218,4,0,203,0,0,9
61,99,8,0,8,0,0,0,0,0,0,0
61,100,1,4968.38933170462,2702.48752883716,20,0,0,139,0,0,0
61,100,2,4301.4435217926,2199.68941572799,8,0,0,160,0,0,0
61,100,3,4956.10814116536,2541.92902264719,0,0,0,166,0,0,0
61,100,4,5234.53158483952,2119.97900540222,0,0,0,118,0,0,0
61,100,5,5850.20582920446,3873.01417323931,0,0,0,63,0,0,0
61,100,6,8741.35376461401,2547.21011767123,7,0,0,196,0,0,0
61,100,7,25080.6774228734,8681.56169034601,148,0,0,212,0,0,0
61,100,8,0,8,0,0,0,0,0,0,0
62,1,1,2839.4816,927.153851673585,0,0,0,50,0,0,0
62,1,2,2843.808,976.364622122324,0,0,0,97,0,0,0
62,1,3,2843.8496,982.027487522211,0,0,0,93,0,0,0
62,1,4,2841.736,977.430274712026,0,0,0,99,0,0,0
62,1,5,2848.7376,655.622603498098,0,0,0,92,0,0,0
62,1,6,2847.7504,1146.54344640545,0,0,0,99,0,0,0
62,1,7,19994.4604799999,8988.15805403218,0,0,0,8,0,0,0
62,1,8,0,5,0,0,0,12,0,0,0
62,2,1,2842.5856,922.044678093049,0,0,0,92,0,0,0
62,2,2,2848.456,451.39714601934,0,0,0,97,0,0,0
62,2,3,2851.3776,756.600272236414,0,0,0,98,0,0,0
62,2,4,2847.136,1589.47359112343,0,0,0,97,0,0,0
62,2,5,2848.8672,1311.39706600191,0,0,0,65,0,0,0
62,2,6,2852.264,1160.87465007122,0,0,0,114,0,0,0
62,2,7,19947.4012799999,7629.48707705004,8,13,0,229,0,0,0
62,2,8,0,5,0,0,0,0,0,0,0
62,3,1,2831.016,638.277460797121,0,59,0,33,0,0,0
62,3,2,2839.4944,1165.60391368467,0,16,0,29,0,0,0
62,3,3,2845.0192,844.731647233064,0,34,0,41,0,0,0
62,3,4,2850.7664,1096.97435657429,0,79,0,79,0,0,0
62,3,5,2848.8432,1381.76269059609,0,67,0,64,0,0,0
62,3,6,2851.376,1035.59147417606,0,52,0,64,0,0,0
62,3,7,19906.1468799998,5172.00794716226,4,244,0,289,0,0,0
62,3,8,0,5,0,0,0,0,0,0,0
62,4,1,2830.92,921.631233702007,0,0,0,63,0,0,0
62,4,2,2849.45152,641.537957458329,0,0,0,116,0,0,0
62,4,3,2856.65312,533.805631291719,0,0,0,84,0,0,0
62,4,4,2869.8784,2007.72991140133,0,0,0,109,0,0,0
62,4,5,2875.09919999999,1763.49366585753,0,0,0,138,0,0,0
62,4,6,2867.768,1546.2627702,0,0,0,103,0,0,0
62,4,7,19900.4572799997,13653.3169419554,25,0,0,228,0,0,0
62,4,8,0,5,0,0,0,0,0,0,0
62,5,1,2832.94368,1044.43502806701,0,0,0,92,0,0,0
62,5,2,2846.40672,1531.24118146626,0,0,0,64,0,0,0
62,5,3,2860.01632,344.19559055328,0,0,0,53,0,0,0
62,5,4,2904.7632,1006.09623461579,0,0,0,194,0,0,0
62,5,5,2905.62047999999,1326.90112186992,0,0,0,176,0,0,0
62,5,6,2894.11872,759.21156096762,0,0,0,154,0,0,0
62,5,7,19879.1945599997,7011.60266526654,29,0,0,205,0,0,0
62,5,8,0,5,0,0,0,0,0,0,0
62,6,1,2837.45599999999,1059.91367317977,0,0,0,104,0,0,0
62,6,2,2862.896,819.223880451085,0,0,0,153,0,0,0
62,6,3,2854.89632,1505.42956023325,0,0,0,34,0,0,0
62,6,4,2918.39359999999,1152.42003948521,0,0,0,100,0,0,0
62,6,5,2927.91007999999,1160.85872205248,0,0,0,132,0,0,0
62,6,6,2904.33632,895.770915820133,0,0,0,75,0,0,0
62,6,7,19865.5033599997,4585.90733000614,206,0,0,247,0,0,0
62,6,8,0,5,0,0,0,0,0,0,0
62,7,1,2836.85119999999,723.945407159897,0,0,0,105,0,0,0
62,7,2,2860.672384,1094.34103593495,0,0,0,81,0,0,0
62,7,3,2866.57792,1317.22797100357,10,0,0,131,0,0,0
62,7,4,2930.89759999999,1205.13292465843,0,0,0,115,0,0,0
62,7,5,2940.42368,626.564402608434,0,0,0,116,0,0,0
62,7,6,2914.76992,985.802559422257,0,0,0,89,0,0,0
62,7,7,19846.8489599997,6605.32401105844,140,0,0,183,0,0,6
62,7,8,0,5,0,0,0,0,0,0,0
62,8,1,2832.28288,792.044010215629,0,0,0,72,0,0,0
62,8,2,2863.23078400001,969.322576704048,0,0,0,109,0,0,0
62,8,3,2880.381824,1689.33654544984,0,0,0,131,0,0,0
62,8,4,2941.01312,879.144717791477,0,0,0,120,0,0,0
62,8,5,2942.4176,697.257879575488,0,0,0,62,0,0,0
62,8,6,2923.73376,1166.98813726177,0,0,0,98,0,0,0
62,8,7,19838.1139199996,5448.1872952896,72,0,0,181,0,0,0
62,8,8,0,5,0,0,0,0,0,0,0
62,9,1,2828.887424,667.960515185588,0,0,0,79,0,0,0
62,9,2,2856.52833280001,619.539684257556,0,0,0,96,0,0,0
62,9,3,2888.78950400001,1963.88691838144,26,0,0,126,0,0,0
62,9,4,2943.51744,705.010250060053,0,0,0,87,0,0,0
62,9,5,2942.7888,1342.46134547696,0,0,0,69,0,0,0
62,9,6,2934.79776,806.70698158991,0,0,0,116,0,0,0
62,9,7,19834.0253439995,8820.61308958332,201,0,0,221,0,0,0
62,9,8,0,5,0,0,0,0,0,0,0
62,10,1,2821.7763328,823.462653723287,0,0,0,66,0,0,0
62,10,2,2844.01562880001,1702.00126431783,0,0,0,61,0,0,0
62,10,3,2899.06795520001,1496.42701901979,0,1,0,170,0,0,0
62,10,4,2940.65728000001,1171.39970069911,0,0,0,70,0,0,0
62,10,5,2954.41600000001,1088.65720134789,0,0,0,134,0,0,0
62,10,6,2937.00340480001,1654.54392280365,0,0,0,80,0,0,0
62,10,7,19833.9300479994,6424.15419173322,0,43,0,192,0,0,0
62,10,8,0,5,0,0,0,0,0,0,0
62,11,1,2799.46977280001,633.020854684983,0,56,0,26,0,0,0
62,11,2,2836.10881280001,474.163986477453,0,68,0,102,0,0,0
62,11,3,2890.72811520001,1286.7927235143,0,73,0,76,0,0,0
62,11,4,2929.52640000001,2039.5316242961,0,64,0,53,0,0,0
62,11,5,2947.08633600001,1920.17288921891,0,51,0,57,0,0,0
62,11,6,2939.55086080001,779.744612497988,0,80,0,85,0,0,0
62,11,7,19857.0396543993,9335.64529180577,0,356,0,286,0,0,0
62,11,8,0,5,0,0,0,0,0,0,0
62,12,1,2791.78221056001,800.109609571541,0,0,0,63,0,0,0
62,12,2,2827.24403200001,1411.50429952817,0,0,0,47,0,0,0
62,12,3,2906.80485120001,1897.50922125654,0,0,0,128,0,0,0
62,12,4,2963.09472000001,887.218108287219,0,0,0,203,0,0,0
62,12,5,2975.285312,734.112309048621,0,0,0,186,0,0,0
62,12,6,2950.78286080001,903.210710862736,0,0,0,77,0,0,0
62,12,7,19893.3497343994,8570.03607998181,28,1,0,213,0,0,0
62,12,8,0,5,0,0,0,0,0,0,0
62,13,1,2792.61269495809,1527.62463624556,0,0,0,80,0,0,0
62,13,2,2845.88976640001,1015.56573937093,0,0,0,141,0,0,0
62,13,3,2937.22199040001,1579.23885413199,0,0,0,189,0,0,0
62,13,4,2975.52121600001,1274.83038034516,0,0,0,88,0,0,0
62,13,5,2986.7759232,1196.49942805327,0,0,0,73,0,0,0
62,13,6,2972.14866176,1006.52892192586,0,0,0,90,0,0,0
62,13,7,19945.4368511993,4662.75882088197,25,0,0,224,0,0,0
62,13,8,0,5,0,0,0,0,0,0,0
62,14,1,2806.18363895809,1074.01429955301,0,0,0,152,0,0,0
62,14,2,2847.40483840001,1328.1421667435,0,0,0,101,0,0,0
62,14,3,2953.39861760001,1401.37036570302,0,0,0,157,0,0,0
62,14,4,2987.30732800001,637.51716259506,0,0,0,127,0,0,0
62,14,5,3002.457152,1064.69096168661,0,0,0,119,0,0,0
62,14,6,2989.04184576,1553.97929708537,0,0,0,100,0,0,0
62,14,7,19964.7914111993,5126.60827375325,65,0,0,167,0,0,0
62,14,8,0,5,0,0,0,0,0,0,0
62,15,1,2809.94657220609,1898.94656100659,0,0,0,107,0,0,0
62,15,2,2856.10659840002,1295.73572317129,0,0,0,132,0,0,0
62,15,3,2965.54485760001,343.38541165779,0,0,0,140,0,0,0
62,15,4,2984.72409600001,779.321717879317,0,0,0,63,0,0,0
62,15,5,3018.720128,1259.59844831826,0,0,0,106,0,0,0
62,15,6,3019.06528256001,757.584565969427,0,0,0,155,0,0,0
62,15,7,19989.9773951993,8278.24447765964,51,0,0,193,0,0,0
62,15,8,0,5,0,0,0,0,0,0,0
62,16,1,2831.3867007181,1529.89715763821,0,0,0,163,0,0,0
62,16,2,2870.74379008002,1927.26895984503,0,0,0,129,0,0,0
62,16,3,2948.43205120001,1639.35188611183,0,0,0,34,0,0,0
62,16,4,2982.70720000001,1225.10832517679,0,0,0,77,0,0,0
62,16,5,3039.04288000001,1727.5892507536,0,0,0,125,0,0,0
62,16,6,3029.49574656001,1020.02830967631,0,0,0,75,0,0,0
62,16,7,20036.2029491193,6787.58176962443,37,0,0,235,0,0,0
62,16,8,0,5,0,0,0,0,0,0,0
62,17,1,2846.71846390171,681.335364743176,0,0,0,152,0,0,0
62,17,2,2891.26326374402,409.301257099339,1,0,0,180,0,0,0
62,17,3,2964.68696320002,584.988022174487,0,0,0,163,0,0,0
62,17,4,2996.44491776002,1585.67902398798,0,0,0,122,0,0,0
62,17,5,3064.62552268801,786.170398607555,0,0,0,172,0,0,0
62,17,6,3046.91257856001,1672.69084268068,0,0,0,102,0,0,0
62,17,7,20065.8432051192,4781.64378547023,62,0,0,216,0,0,0
62,17,8,0,5,0,0,0,0,0,0,0
62,18,1,2839.71507190171,1316.8398196169,0,0,0,68,0,0,0
62,18,2,2877.13623910402,1012.79372227022,0,0,0,40,0,0,0
62,18,3,2948.59574784002,1778.07233289252,0,0,0,58,0,0,0
62,18,4,3002.00928256001,1770.21045799396,11,0,0,131,0,0,0
62,18,5,3062.28405258241,1391.72183510817,0,0,0,78,0,0,0
62,18,6,3058.90297856001,1725.58888016965,15,0,0,130,0,0,0
62,18,7,20081.8818611192,8434.33449958734,121,0,0,186,0,0,0
62,18,8,0,5,0,0,0,0,0,0,0
62,19,1,2858.71015680411,1352.57979995523,0,0,0,131,0,0,0
62,19,2,2871.30701191169,1560.57421371184,0,0,0,101,0,0,0
62,19,3,2966.73474140162,1788.98380398497,0,0,0,177,0,0,0
62,19,4,3021.66991360001,1464.48627184064,0,0,0,177,0,0,0
62,19,5,3081.00437987329,1998.08708043311,0,0,0,139,0,0,0
62,19,6,3101.58555432961,1964.14509487913,0,0,0,172,0,0,0
62,19,7,20113.2454503416,8581.77578224078,44,0,0,184,0,0,0
62,19,8,0,5,0,0,0,0,0,0,0
62,20,1,2861.57252352411,819.053661079391,0,0,0,135,0,0,0
62,20,2,2878.63960199169,1218.93487710797,0,0,0,156,0,0,0
62,20,3,2983.75671132162,905.530721799852,0,0,0,178,0,0,0
62,20,4,3029.38468812802,1409.86977375928,0,0,0,146,0,0,0
62,20,5,3104.01600739329,1929.27050347712,0,0,0,187,0,0,0
62,20,6,3138.26097508353,971.457579991697,0,0,0,193,0,0,0
62,20,7,20147.9425752056,6570.51179827694,37,0,0,223,0,0,2
62,20,8,0,5,0,0,0,0,0,0,0
62,21,1,2844.10031821211,544.294865913571,0,46,0,35,0,0,0
62,21,2,2860.86067637864,1633.45347652551,0,59,0,62,0,0,0
62,21,3,2960.2799286477,1578.08158202491,0,44,0,46,0,0,0
62,21,4,3015.11890892802,1003.6457908022,0,82,0,58,0,0,0
62,21,5,3101.64581859329,2024.19191329991,0,113,0,79,0,0,0
62,21,6,3131.64808548353,849.333477831666,0,49,0,48,0,0,0
62,21,7,20210.0634406903,8390.02998115822,0,322,0,335,0,0,0
62,21,8,0,5,0,0,0,0,0,0,0
62,22,1,2835.94536192411,1017.20353721415,0,0,0,54,0,0,0
62,22,2,2868.98677173864,1135.15438712313,0,0,0,158,0,0,0
62,22,3,2974.6717110477,851.251487853411,0,0,0,157,0,0,0
62,22,4,3018.98672578562,1308.7058438962,0,0,0,100,0,0,0
62,22,5,3140.90209507329,1536.84042199069,0,0,0,199,0,0,0
62,22,6,3146.75162724353,1198.15103189878,0,0,0,84,0,0,0
62,22,7,20240.1574438904,8838.98634616699,25,1,0,211,0,0,2
62,22,8,0,5,0,0,0,0,0,0,0
62,23,1,2836.98770432411,1442.01695645675,0,0,0,101,0,0,0
62,23,2,2870.79157737063,1158.62154877487,0,0,0,113,0,0,0
62,23,3,2971.8562998477,883.896369204978,0,0,0,85,0,0,0
62,23,4,3031.35970498562,1117.31779054476,0,0,0,130,0,0,0
62,23,5,3163.16913840129,1445.87259736916,0,0,0,153,0,0,0
62,23,6,3168.97000548353,1917.52266505971,0,0,0,119,0,0,0
62,23,7,20279.8336038904,14592.4664755126,22,0,0,250,0,0,0
62,23,8,0,5,0,0,0,0,0,0,0
62,24,1,2842.53905594779,427.804043295449,0,0,0,144,0,0,0
62,24,2,2869.25580152424,707.456212714217,0,0,0,115,0,0,0
62,24,3,2971.1456453837,1138.15673212695,0,0,0,88,0,0,0
62,24,4,3037.25682882562,1291.91600405304,0,0,0,111,0,0,0
62,24,5,3181.33352624129,661.49925694451,0,0,0,144,0,0,0
62,24,6,3205.37090711553,855.873218006006,0,0,0,190,0,0,0
62,24,7,20308.4562680824,10671.2214434938,26,0,0,200,0,0,0
62,24,8,0,5,0,0,0,0,0,0,0
62,25,1,2829.43482554779,1484.46083346571,0,0,0,42,0,0,0
62,25,2,2856.08859051624,560.151126857411,0,0,0,70,0,0,0
62,25,3,2972.0676964557,1446.93089022719,0,0,0,113,0,0,0
62,25,4,3047.74153461762,1290.20027089378,0,0,0,129,0,0,0
62,25,5,3182.76219824129,1817.2701594312,0,0,0,66,0,0,0
62,25,6,3216.32331927553,1162.27475692221,0,0,0,85,0,0,0
62,25,7,20329.2058488824,13997.723025778,92,0,0,176,0,0,0
62,25,8,0,5,0,0,0,0,0,0,0
62,26,1,2838.24534505473,501.014305716354,0,0,0,148,0,0,0
62,26,2,2838.89413803624,965.059409481704,0,0,0,56,0,0,0
62,26,3,2974.1671843021,794.927808679544,0,0,0,144,0,0,0
62,26,4,3053.19682088962,1057.28313615042,0,0,0,129,0,0,0
62,26,5,3205.19149744129,1234.92079591323,0,0,0,175,0,0,0
62,26,6,3232.40139927553,2391.10910409011,0,0,0,116,0,0,0
62,26,7,20350.6777848825,9947.23083645482,59,0,0,197,0,0,0
62,26,8,0,5,0,0,0,0,0,0,0
62,27,1,2824.66209001473,1139.74830533217,0,0,0,50,0,0,0
62,27,2,2824.80025372264,1094.35536340395,0,0,0,96,0,0,0
62,27,3,2963.8840319181,925.936045167738,0,0,0,79,0,0,0
62,27,4,3051.60191272962,1845.30968458504,0,0,0,105,0,0,0
62,27,5,3212.77868781569,871.212889654087,0,0,0,123,0,0,0
62,27,6,3273.85498990593,1546.47548248168,0,0,0,237,0,0,0
62,27,7,20373.1184581625,9129.89100962152,112,0,0,216,0,0,0
62,27,8,0,5,0,0,0,0,0,0,0
62,28,1,2819.21071132673,1345.79889499542,0,0,0,113,0,0,0
62,28,2,2815.20784248424,658.279423212372,0,0,0,109,0,0,0
62,28,3,2952.3462449357,1430.20419813359,0,0,0,92,0,0,0
62,28,4,3062.04776140802,1178.30336570899,21,0,0,142,0,0,0
62,28,5,3211.88236177409,890.875413978057,0,0,0,87,0,0,0
62,28,6,3298.21447022593,1402.39125440154,3,0,0,147,0,0,0
62,28,7,20399.6636127225,13107.7650341044,213,2,0,215,0,0,3
62,28,8,0,5,0,0,0,0,0,0,0
62,29,1,2816.77002936321,895.81769978285,0,0,0,134,0,0,0
62,29,2,2790.7344832676,964.964643980343,0,0,0,65,0,0,0
62,29,3,2951.75800610818,685.756668511528,0,0,0,143,0,0,0
62,29,4,3058.27712716802,789.922273857055,0,0,0,117,0,0,0
62,29,5,3206.55425890715,1891.65339177399,0,0,0,89,0,0,0
62,29,6,3316.65352046593,1682.60339698954,0,0,0,140,0,0,0
62,29,7,20442.5920223225,10630.8780531491,0,44,0,254,0,0,0
62,29,8,0,5,0,0,0,0,0,0,0
62,30,1,2789.62702081967,1420.93783823843,0,54,0,35,0,0,0
62,30,2,2769.57853271164,1022.18885240052,0,51,0,45,0,0,0
62,30,3,2928.51791171586,768.790156544498,0,35,0,33,0,0,0
62,30,4,3036.27308851201,658.263805221417,0,34,0,44,0,0,0
62,30,5,3203.67736193435,886.706995691908,0,112,0,77,0,0,0
62,30,6,3326.68325527553,1883.01256661669,0,84,0,84,0,0,0
62,30,7,20493.4429899974,13384.5853757593,7,218,0,189,0,0,1
62,30,8,0,5,0,0,0,0,0,0,0
62,31,1,2790.44158465967,1353.80960905625,0,0,0,142,0,0,0
62,31,2,2762.33829463164,851.757475902391,0,0,0,102,0,0,0
62,31,3,2913.44809642395,1095.26176336696,0,0,0,76,0,0,0
62,31,4,3030.64120872961,1384.29528718402,0,0,0,65,0,0,0
62,31,5,3212.86221646235,1110.86086550951,0,0,0,88,0,0,0
62,31,6,3370.20195018753,2237.52964903972,0,0,0,186,0,0,0
62,31,7,20535.2489701574,6813.85345121853,28,0,0,237,0,0,0
62,31,8,0,5,0,0,0,0,0,0,0
62,32,1,2807.47360798639,1237.48983248712,0,0,0,135,0,0,0
62,32,2,2757.02339554428,888.77826523492,0,0,0,85,0,0,0
62,32,3,2917.87743162452,1580.50109837965,0,0,0,109,0,0,0
62,32,4,3043.54806661121,798.72836177058,0,0,0,138,0,0,0
62,32,5,3232.97628125595,1459.82494353016,0,0,0,111,0,0,0
62,32,6,3422.76402536449,407.35103183105,13,0,0,178,0,0,0
62,32,7,20598.093034524,11754.9460406839,143,0,0,169,0,0,1
62,32,8,0,5,0,0,0,0,0,0,0
62,33,1,2806.79083479434,649.830082542503,0,0,0,123,0,0,0
62,33,2,2738.55558411388,487.066477043845,0,0,0,88,0,0,0
62,33,3,2923.54735901902,522.52392822603,0,0,0,158,0,0,0
62,33,4,3034.33663590401,1337.33238885456,0,0,0,79,0,0,0
62,33,5,3250.62372368795,1397.04337741577,0,0,0,145,0,0,0
62,33,6,3425.95586367489,2122.92239853069,0,0,0,40,0,0,0
62,33,7,20638.936631324,9677.94823750419,48,0,0,212,0,0,0
62,33,8,0,5,0,0,0,0,0,0,0
62,34,1,2791.82810737034,1062.1684316738,0,0,0,64,0,0,0
62,34,2,2716.69467872281,1821.08369114066,0,0,0,48,0,0,0
62,34,3,2896.943900373,482.187105000671,0,0,0,52,0,0,0
62,34,4,3027.17632303515,1154.17319641085,0,0,0,133,0,0,0
62,34,5,3262.98798229915,1920.67328852387,0,0,0,139,0,0,0
62,34,6,3472.36282142721,823.258948550474,0,0,0,212,0,0,0
62,34,7,20699.4248029464,8958.18494240418,65,0,0,319,0,0,0
62,34,8,0,5,0,0,0,0,0,0,0
62,35,1,2790.11088948888,1406.25672847986,0,0,0,106,0,0,0
62,35,2,2719.94205792538,968.051196494342,0,0,0,182,0,0,0
62,35,3,2878.56349525018,682.899178370895,0,0,0,48,0,0,0
62,35,4,3018.52972110235,1656.36446148802,0,0,0,115,0,0,0
62,35,5,3291.37663715739,1026.47238442505,0,0,0,192,0,0,0
62,35,6,3481.47431458325,1663.62798817688,0,0,0,82,0,0,0
62,35,7,20752.5701013005,3843.56078645078,0,44,0,209,0,0,0
62,35,8,0,5,0,0,0,0,0,0,0
62,36,1,2777.86097258956,1039.5001688231,0,24,0,109,0,0,0
62,36,2,2703.69517920538,822.500295061771,0,0,0,96,0,0,0
62,36,3,2856.16005379098,657.043164819051,0,0,0,68,0,0,0
62,36,4,3013.72829462709,2227.66922385524,0,22,0,136,0,0,0
62,36,5,3287.44195658139,850.631232893962,0,0,0,102,0,0,0
62,36,6,3499.43488546325,2326.67930003893,0,33,0,122,0,0,1
62,36,7,20774.4953365005,5140.72020820577,0,159,0,176,0,0,0
62,36,8,0,5,0,0,0,0,0,0,0
62,37,1,2778.16320990135,752.174116539435,0,0,0,103,0,0,0
62,37,2,2684.40118544666,723.072467286541,0,0,0,82,0,0,0
62,37,3,2821.68771834906,1054.17542278379,0,0,0,65,0,0,0
62,37,4,3018.76139778639,1450.94069165544,5,0,0,166,0,0,0
62,37,5,3290.76357122459,1862.45708128547,0,0,0,85,0,0,0
62,37,6,3547.21492504085,1386.64690765948,2,0,0,207,0,0,0
62,37,7,20815.9478119949,10447.4043053942,26,0,0,230,0,0,0
62,37,8,0,5,0,0,0,0,0,0,0
62,38,1,2768.19570129994,1132.71460455453,0,0,0,75,0,0,0
62,38,2,2660.06310598118,1028.86297097046,0,0,0,72,0,0,0
62,38,3,2805.37200288466,462.930271272169,0,0,0,105,0,0,0
62,38,4,3015.44258347599,1175.06536266626,0,0,0,145,0,0,0
62,38,5,3323.23229763176,1310.91548523582,0,0,0,178,0,0,0
62,38,6,3573.14271893013,1720.00140859992,0,0,0,138,0,0,0
62,38,7,20844.4261545165,11239.4068035211,0,23,0,194,0,0,0
62,38,8,0,5,0,0,0,0,0,0,0
62,39,1,2762.73884567762,455.216043324374,0,0,0,113,0,0,0
62,39,2,2638.73468219999,426.754366641577,0,0,0,102,0,0,0
62,39,3,2772.12044898617,790.807727195807,0,0,0,46,0,0,0
62,39,4,3006.76051212879,1191.80944553695,0,0,0,117,0,0,0
62,39,5,3326.46764640995,1075.51558464826,0,0,0,131,0,0,0
62,39,6,3606.11034783253,1722.80353875077,0,1,0,169,0,0,0
62,39,7,20873.7642718413,9966.4291109233,6,194,0,249,0,0,0
62,39,8,0,5,0,0,0,0,0,0,0
62,40,1,2732.75070006507,1007.76794603298,0,41,0,4,0,0,0
62,40,2,2606.13678029407,1195.69682965233,0,21,0,21,0,0,0
62,40,3,2732.46504539981,1547.71511751961,0,57,0,22,0,0,0
62,40,4,2979.28561504847,1410.99665851151,0,71,0,48,0,0,0
62,40,5,3315.02600390903,1032.47776440191,0,48,0,59,0,0,0
62,40,6,3621.68351374689,862.760909212762,0,65,0,107,0,0,0
62,40,7,20967.2255438028,3751.47510258825,1,432,0,426,0,0,0
62,40,8,0,5,0,0,0,0,0,0,0
62,41,1,2729.05459234764,1049.61097032382,0,0,0,100,0,0,0
62,41,2,2600.9409530654,999.840905868157,0,0,0,119,0,0,0
62,41,3,2738.30842264766,1629.29804054246,0,0,0,154,0,0,0
62,41,4,2985.95664726607,698.282374007456,0,0,0,141,0,0,0
62,41,5,3328.94770548983,1875.84333109422,0,0,0,103,0,0,0
62,41,6,3639.97403737441,1407.65595576683,0,0,0,86,0,0,0
62,41,7,21034.2447828172,5422.55407216527,38,0,0,230,0,0,0
62,41,8,0,5,0,0,0,0,0,0,0
62,42,1,2724.27239056229,830.48097315985,0,0,0,104,0,0,0
62,42,2,2588.27869434954,835.138530261014,0,0,0,99,0,0,0
62,42,3,2740.64389139597,1295.69925600478,0,0,0,162,0,0,0
62,42,4,2973.40796009039,985.607394315562,0,0,0,69,0,0,0
62,42,5,3363.69540530637,391.561564676905,0,0,0,187,0,0,0
62,42,6,3676.74485820769,1676.80531662433,0,0,0,140,0,0,0
62,42,7,21083.5356372172,6789.81257556236,36,0,0,226,0,0,1
62,42,8,0,5,0,0,0,0,0,0,0
62,43,1,2710.88266965124,812.138310034503,0,0,0,83,0,0,0
62,43,2,2573.23741931963,1206.91723509811,0,0,0,83,0,0,0
62,43,3,2732.40217624757,1215.82555951306,0,0,0,129,0,0,0
62,43,4,2963.98225884628,1197.86426509831,0,0,0,98,0,0,0
62,43,5,3353.26842802637,689.400075970111,0,0,0,39,0,0,0
62,43,6,3718.56106796385,635.34143532647,0,0,0,167,0,0,0
62,43,7,21110.1303477451,8201.81560637977,0,154,0,184,0,0,0
62,43,8,0,5,0,0,0,0,0,0,0
62,44,1,2696.06071673046,1127.4951742791,0,0,0,81,0,0,0
62,44,2,2563.78145708727,902.060248469818,0,4,0,115,0,0,0
62,44,3,2720.59288122328,635.584704766164,0,0,0,121,0,0,0
62,44,4,2953.65510773818,1119.14570133114,0,2,0,117,0,0,0
62,44,5,3348.74340737403,1881.38752057623,0,0,0,68,0,0,0
62,44,6,3728.86534364923,822.681077501286,0,0,0,63,0,0,0
62,44,7,21201.4603262605,11234.9210674097,0,330,0,390,0,0,0
62,44,8,0,5,0,0,0,0,0,0,0
62,45,1,2669.91692081366,1011.18192150183,0,112,0,0,0,0,0
62,45,2,2535.858328928,995.706735503009,0,48,0,42,0,0,0
62,45,3,2685.14828823102,1005.36965310678,0,22,0,41,0,0,0
62,45,4,2932.27830815258,1503.33447374895,0,47,0,64,0,0,0
62,45,5,3348.36339752355,1271.65214505708,0,82,0,106,0,0,0
62,45,6,3723.89256282261,2259.2974624535,0,54,0,28,0,0,0
62,45,7,21245.9535986276,8214.26601188464,8,175,0,202,0,0,0
62,45,8,0,5,0,0,0,0,0,0,0
62,46,1,2674.02234025788,1058.039165417,0,0,0,101,0,0,0
62,46,2,2531.7348086167,992.608386221308,0,0,0,99,0,0,0
62,46,3,2674.61513130397,1094.14657392971,0,0,0,100,0,0,0
62,46,4,2946.57851965096,812.355535108226,0,0,0,150,0,0,0
62,46,5,3370.49334375136,1703.83136444151,0,0,0,127,0,0,0
62,46,6,3791.9738623346,1059.44925086336,0,0,0,225,0,0,0
62,46,7,21305.7791101417,12962.3261636284,25,0,0,228,0,0,0
62,46,8,0,5,0,0,0,0,0,0,0
62,47,1,2677.3298716267,804.263380911037,0,0,0,105,0,0,0
62,47,2,2524.56478625668,1404.43142800475,0,0,0,99,0,0,0
62,47,3,2676.12303831681,704.857522240635,0,0,0,109,0,0,0
62,47,4,2942.00264613014,1637.66751306526,0,0,0,81,0,0,0
62,47,5,3399.27185253838,957.534553204599,0,0,0,170,0,0,0
62,47,6,3813.93583469868,1584.70436515496,0,0,0,105,0,0,0
62,47,7,21362.6368267434,8307.36101787039,28,0,0,210,0,0,0
62,47,8,0,5,0,0,0,0,0,0,0
62,48,1,2676.98051711337,1595.12183643779,0,0,0,80,0,0,0
62,48,2,2533.00220849098,1028.95614565468,0,0,0,140,0,0,0
62,48,3,2661.36492953317,1165.26358858349,0,0,0,70,0,0,0
62,48,4,2950.89344551693,1366.92089143555,0,0,0,163,0,0,0
62,48,5,3410.11466297385,838.090744866292,0,0,0,95,0,0,0
62,48,6,3851.55407786162,2824.15854791383,0,0,0,158,0,0,0
62,48,7,21426.8471657232,5117.25784118018,108,0,0,199,0,0,0
62,48,8,0,5,0,0,0,0,0,0,0
62,49,1,2664.84834689385,632.309593709389,94,0,0,56,0,0,0
62,49,2,2517.36027598904,1378.43531314203,34,0,0,65,0,0,0
62,49,3,2644.03224150885,942.742109970641,44,0,0,68,0,0,0
62,49,4,2934.15021009041,1603.36341029502,54,0,0,77,0,0,0
62,49,5,3403.7892424749,1828.10267311118,5,0,0,78,0,0,0
62,49,6,3882.20133236914,2086.44756125083,124,0,0,146,0,0,0
62,49,7,21487.5863037009,4060.25778761041,247,0,0,240,0,0,0
62,49,8,0,5,0,0,0,0,0,0,0
62,50,1,2651.78281645871,1628.32422095971,0,32,0,31,0,0,0
62,50,2,2503.61121623301,429.984652038003,0,72,0,65,0,0,0
62,50,3,2623.66105796342,1157.1333951415,0,53,0,41,0,0,0
62,50,4,2920.45663739721,1181.65277951887,0,93,0,67,0,0,0
62,50,5,3414.50906687783,977.418828850264,0,82,0,100,0,0,0
62,50,6,3897.87077070616,1199.11259797026,0,111,0,97,0,0,0
62,50,7,21518.2675157073,7721.77215989945,0,209,0,197,0,0,0
62,50,8,0,5,0,0,0,0,0,0,0
62,51,1,2669.40679613853,1383.86126325716,0,0,0,162,0,0,0
62,51,2,2494.23104877255,1299.12362815218,0,0,0,42,0,0,0
62,51,3,2625.27285853303,1621.32102611939,0,0,0,115,0,0,0
62,51,4,2938.27070418433,1015.61914593418,0,0,0,118,0,0,0
62,51,5,3431.26782828668,1443.12015975456,0,0,0,97,0,0,0
62,51,6,3939.38975221791,1840.6259226306,0,0,0,119,0,0,0
62,51,7,21568.6206446672,7006.28566010786,29,0,0,208,0,0,0
62,51,8,0,5,0,0,0,0,0,0,0
62,52,1,2680.90693311725,1642.02815756232,0,0,0,138,0,0,0
62,52,2,2498.85554258978,989.867473694828,0,0,0,129,0,0,0
62,52,3,2644.01520205401,1153.39780232617,0,0,0,162,0,0,0
62,52,4,2948.29524909995,1569.65564767541,0,0,0,101,0,0,0
62,52,5,3461.54703676985,1372.62097824138,0,0,0,144,0,0,0
62,52,6,3993.16850902336,1185.79130567397,0,0,0,184,0,0,0
62,52,7,21632.1745178499,9188.76245043233,21,0,0,239,0,0,1
62,52,8,0,5,0,0,0,0,0,0,0
62,53,1,2698.26586028481,1402.55732397047,0,0,0,164,0,0,0
62,53,2,2510.75012227868,1208.71371823249,0,0,0,98,0,0,0
62,53,3,2657.34140846316,1220.21884859627,0,0,0,115,0,0,0
62,53,4,2972.35962227849,1120.94293247808,0,0,0,156,0,0,0
62,53,5,3494.22269045331,833.379746449329,0,0,0,137,0,0,0
62,53,6,4032.133594808,1877.83832137912,0,0,0,118,0,0,0
62,53,7,21725.7770385888,15390.9571592919,21,0,0,294,0,0,0
62,53,8,0,5,0,0,0,0,0,0,0
62,54,1,2709.86814970896,1211.48031414132,0,0,0,140,0,0,0
62,54,2,2516.28398085141,808.531068592859,0,0,0,120,0,0,0
62,54,3,2661.35526730147,788.450521105072,0,0,0,122,0,0,0
62,54,4,2983.32429181827,1479.75993673527,0,0,0,112,0,0,0
62,54,5,3499.01070776505,1031.22876375608,0,0,0,83,0,0,0
62,54,6,4087.24406233875,2353.01948597319,0,0,0,187,0,0,0
62,54,7,21762.9444831533,8282.87818433346,28,1,0,218,0,0,0
62,54,8,0,5,0,0,0,0,0,0,0
62,55,1,2716.01042023292,1269.38334274437,0,0,0,121,0,0,0
62,55,2,2512.91648382582,1231.55057573807,0,0,0,80,0,0,0
62,55,3,2657.59173978954,685.445472403363,0,0,0,78,0,0,0
62,55,4,2998.51258539858,949.724527958419,0,0,0,147,0,0,0
62,55,5,3515.27586677741,1810.71813450975,0,0,0,103,0,0,0
62,55,6,4171.01825026491,2137.87549770822,0,0,0,235,0,0,0
62,55,7,21809.5153436155,8221.03021075071,50,0,0,210,0,0,0
62,55,8,0,5,0,0,0,0,0,0,0
62,56,1,2734.57834860116,1189.64525779206,0,0,0,126,0,0,0
62,56,2,2532.87466372457,1071.63606337196,0,0,0,123,0,0,0
62,56,3,2661.60044766389,1013.46911157945,0,0,0,68,0,0,0
62,56,4,3006.28313559578,1665.96887664406,0,0,0,94,0,0,0
62,56,5,3565.42502169813,1041.0858737466,0,0,0,181,0,0,0
62,56,6,4252.63500898734,1003.21390720834,0,0,0,213,0,0,0
62,56,7,21895.8491514979,7352.846260415,60,0,0,240,0,0,0
62,56,8,0,5,0,0,0,0,0,0,0
62,57,1,2754.51604971713,578.872982741087,0,0,0,118,0,0,0
62,57,2,2543.15931607053,395.667523889684,0,0,0,107,0,0,0
62,57,3,2671.41513991566,1156.56411967541,0,0,0,101,0,0,0
62,57,4,3035.64848679727,542.996214694482,6,0,0,155,0,0,0
62,57,5,3592.94694233249,931.540736029536,0,0,0,104,0,0,0
62,57,6,4283.12307499719,1006.4514960693,0,0,0,100,0,0,0
62,57,7,21981.9572604179,14221.8417831437,256,0,0,256,0,0,0
62,57,8,0,5,0,0,0,0,0,0,0
62,58,1,2735.98225821846,774.056598152726,0,0,0,57,0,0,0
62,58,2,2525.42773514335,728.064861600528,0,0,0,39,0,0,0
62,58,3,2670.50267292247,1396.01718483255,0,0,0,115,0,0,0
62,58,4,3015.56927077019,716.635348147894,0,0,0,54,0,0,0
62,58,5,3593.95718900749,1103.90341898262,0,0,0,93,0,0,0
62,58,6,4302.53266436889,1598.64182044521,0,0,0,100,0,0,0
62,58,7,22027.4525025401,9915.03701765881,45,0,0,276,0,0,0
62,58,8,0,5,0,0,0,0,0,0,0
62,59,1,2735.38172817522,879.471994501123,0,0,0,77,0,0,0
62,59,2,2516.43536757006,1221.6301393067,0,0,0,72,0,0,0
62,59,3,2693.2174421227,700.799936057062,0,0,0,139,0,0,0
62,59,4,3006.46963231219,1363.90874817695,0,0,0,71,0,0,0
62,59,5,3620.44155268192,1135.77522774604,0,0,0,110,0,0,0
62,59,6,4370.87455964043,1655.13328993203,0,0,0,159,0,0,0
62,59,7,22126.635691028,10561.3003060888,0,118,0,188,0,0,0
62,59,8,0,5,0,0,0,0,0,0,0
62,60,1,2726.48959414498,730.689598195836,0,0,0,87,0,0,0
62,60,2,2514.61161203372,1140.98216849299,0,0,0,122,0,0,0
62,60,3,2680.49115868401,362.004038160743,0,0,0,70,0,0,0
62,60,4,3011.19286933536,1336.91015101497,0,7,0,123,0,0,0
62,60,5,3621.95308190469,1948.46067588027,0,0,0,113,0,0,0
62,60,6,4421.302287845,1078.63986640795,0,0,0,165,0,0,0
62,60,7,22254.8347524456,8834.49605349175,0,330,0,395,0,0,0
62,60,8,0,5,0,0,0,0,0,0,0
62,61,1,2696.56019600281,1355.54082273473,0,69,0,4,0,0,0
62,61,2,2500.931033813,542.700031547629,0,58,0,56,0,0,0
62,61,3,2652.67215980056,1156.04858947689,0,14,0,22,0,0,0
62,61,4,2992.93728429035,2151.62232554723,0,82,0,51,0,0,0
62,61,5,3614.24961901207,1118.75020478902,0,116,0,78,0,0,0
62,61,6,4424.55439356721,1355.08980642006,0,46,0,61,0,0,0
62,61,7,22353.9330324883,11031.5393008607,3,251,0,275,0,0,4
62,61,8,0,5,0,0,0,0,0,0,0
62,62,1,2709.501625777,1369.66173905954,0,0,0,135,0,0,0
62,62,2,2491.60034712815,455.512004250334,0,0,0,54,0,0,0
62,62,3,2658.01988818933,1267.83296403771,0,0,0,115,0,0,0
62,62,4,3022.62489625398,1254.21403846752,0,0,0,206,0,0,0
62,62,5,3638.32351121202,1391.4554387215,0,0,0,111,0,0,0
62,62,6,4458.3722275422,1142.8073788755,0,0,0,135,0,0,0
62,62,7,22410.0375899631,7570.51534995262,26,0,0,242,0,0,0
62,62,8,0,5,0,0,0,0,0,0,0
62,63,1,2717.69380165391,1456.26836343656,0,0,0,136,0,0,0
62,63,2,2485.4135985044,975.435962718651,0,0,0,45,0,0,0
62,63,3,2672.90160416946,1274.2286135923,0,0,0,126,0,0,0
62,63,4,3037.91632621352,1569.17494094073,0,0,0,125,0,0,0
62,63,5,3662.51837694727,1518.91800828801,0,0,0,139,0,0,0
62,63,6,4507.9792829177,2616.52269981683,0,0,0,114,0,0,0
62,63,7,22484.6441859231,11228.7210457707,59,0,0,212,0,0,0
62,63,8,0,5,0,0,0,0,0,0,0
62,64,1,2735.52544302211,1129.35059465842,0,0,0,145,0,0,0
62,64,2,2487.45920991712,1249.46282068975,0,0,0,97,0,0,0
62,64,3,2675.05124024269,1259.92587282668,0,0,0,127,0,0,0
62,64,4,3061.88602168466,2124.65576088832,0,0,0,156,0,0,0
62,64,5,3704.43488169277,2182.20200234886,0,0,0,151,0,0,0
62,64,6,4601.93738747672,1549.42156750073,3,0,0,198,0,0,0
62,64,7,22588.1627861534,11216.821236428,42,0,0,252,0,0,0
62,64,8,0,5,0,0,0,0,0,0,0
62,65,1,2751.60330931994,676.845766159526,0,0,0,112,0,0,0
62,65,2,2500.12356184892,1127.81932041627,0,0,0,124,0,0,0
62,65,3,2685.51936579237,980.792321280947,0,0,0,125,0,0,0
62,65,4,3105.25515100249,1171.47550505084,0,0,0,209,0,0,0
62,65,5,3773.52743954374,1560.4656243039,0,0,0,209,0,0,0
62,65,6,4685.16867391405,1747.34906725664,0,0,0,154,0,0,0
62,65,7,22686.2264626467,2922.85527179371,35,0,0,213,0,0,0
62,65,8,0,5,0,0,0,0,0,0,0
62,66,1,2744.55245663918,1351.3657864045,0,0,0,67,0,0,0
62,66,2,2489.04746027699,925.0380914763,1,0,0,111,0,0,0
62,66,3,2679.78123147182,1340.51201052877,0,0,0,98,0,0,0
62,66,4,3101.32812681561,1388.63387421033,0,0,0,117,0,0,0
62,66,5,3787.56698879827,1219.79949118704,3,0,0,151,0,0,0
62,66,6,4709.61820478714,749.597553071325,39,0,0,120,0,0,0
62,66,7,22699.9172355413,11442.6094277875,102,0,0,149,0,0,0
62,66,8,0,5,0,0,0,0,0,0,0
62,67,1,2753.94383652958,1436.13743956197,0,0,0,135,0,0,0
62,67,2,2484.79648342313,598.141264769461,0,0,0,92,0,0,0
62,67,3,2679.48717563851,1088.42347806013,0,0,0,134,0,0,0
62,67,4,3114.52592193959,1593.51076892835,0,0,0,138,0,0,0
62,67,5,3818.41082760338,901.400287686429,0,0,0,121,0,0,0
62,67,6,4735.36338365741,1618.88336850937,0,0,0,74,0,0,0
62,67,7,22773.8532315249,6649.08433473755,0,31,0,202,0,0,0
62,67,8,0,5,0,0,0,0,0,0,0
62,68,1,2737.53490645864,697.519613154182,0,74,0,62,0,0,0
62,68,2,2462.295997511,851.859308258839,0,8,0,51,0,0,0
62,68,3,2659.82206064617,1270.65425709219,0,29,0,76,0,0,0
62,68,4,3112.76238873893,1308.69354827047,0,52,0,102,0,0,0
62,68,5,3809.94502827722,1603.36992046644,0,31,0,56,0,0,0
62,68,6,4745.74956369606,1539.37760109471,0,71,0,83,0,0,0
62,68,7,22904.9312541111,8494.21648052474,0,315,0,301,0,0,0
62,68,8,0,5,0,0,0,0,0,0,0
62,69,1,2730.39244407678,1536.1924243636,0,0,0,69,0,0,0
62,69,2,2466.82721108642,766.788096634343,0,0,0,85,0,0,0
62,69,3,2665.52541129213,955.733716922647,0,0,0,127,0,0,0
62,69,4,3133.87110865146,1850.63230865938,0,0,0,130,0,0,0
62,69,5,3864.43070813306,892.581383344278,0,0,0,160,0,0,0
62,69,6,4836.99031358033,1968.35704260721,0,0,0,153,0,0,0
62,69,7,23022.5335443054,15185.0444926656,28,0,0,216,0,0,0
62,69,8,0,5,0,0,0,0,0,0,0
62,70,1,2734.22750713586,1610.96233626699,0,0,0,153,0,0,0
62,70,2,2451.65418220578,1603.23391802237,0,0,0,76,0,0,0
62,70,3,2656.96782088243,1106.64812951189,0,0,0,95,0,0,0
62,70,4,3142.50543299375,1388.68763148753,0,0,0,185,0,0,0
62,70,5,3871.05683143672,1691.08192250044,0,0,0,89,0,0,0
62,70,6,4894.14519678894,3294.2222858031,0,0,0,196,0,0,0
62,70,7,23068.42519054,9412.53930880637,26,2,0,205,0,0,0
62,70,8,0,5,0,0,0,0,0,0,0
62,71,1,2753.99043041506,458.788823533422,0,0,0,161,0,0,0
62,71,2,2453.41410862061,1002.58446020326,0,0,0,160,0,0,0
62,71,3,2654.32161664904,1423.6897845416,0,0,0,110,0,0,0
62,71,4,3142.67142798402,1302.72418473456,0,0,0,138,0,0,0
62,71,5,3904.5324532378,1730.73793492716,0,0,0,165,0,0,0
62,71,6,4959.1795652968,2881.2507185122,19,0,0,173,0,0,0
62,71,7,23115.4295695074,11246.0560855238,99,0,0,166,0,0,0
62,71,8,0,5,0,0,0,0,0,0,0
62,72,1,2741.28140908462,1793.29309689957,0,0,0,45,0,0,0
62,72,2,2440.71983808178,475.752729579888,0,0,0,100,0,0,0
62,72,3,2650.3884701823,474.187489224804,0,0,0,142,0,0,0
62,72,4,3135.5885283394,1418.56986465457,0,0,0,130,0,0,0
62,72,5,3938.55290916672,1990.10735046425,0,0,0,173,0,0,0
62,72,6,5036.34317248646,2449.50244058928,1,1,0,201,0,0,0
62,72,7,23178.9834574889,9016.78768664498,2,28,0,248,0,0,0
62,72,8,0,5,0,0,0,0,0,0,0
62,73,1,2730.93079651729,813.078459244467,0,108,0,71,0,0,0
62,73,2,2413.99435441978,950.06458786423,0,24,0,23,0,0,0
62,73,3,2625.71034060744,556.989275445849,0,24,0,23,0,0,0
62,73,4,3127.30488812115,1687.517710296,0,80,0,61,0,0,0
62,73,5,3951.32169192444,1674.15676509316,0,92,0,107,0,0,0
62,73,6,5089.38046491188,2109.27707080342,0,109,0,135,0,0,0
62,73,7,23367.9227616325,6484.55673187554,1,390,0,403,0,0,0
62,73,8,0,5,0,0,0,0,0,0,0
62,74,1,2731.9949233518,1204.63274403183,0,0,0,81,0,0,0
62,74,2,2412.9845314043,1425.75059867495,0,0,0,95,0,0,0
62,74,3,2619.09215566478,645.037088253323,0,0,0,55,0,0,0
62,74,4,3162.28792942234,2302.49101110646,0,0,0,168,0,0,0
62,74,5,4015.11420317756,1672.82318379094,0,0,0,167,0,0,0
62,74,6,5188.76355680463,1752.03232936081,0,0,0,210,0,0,0
62,74,7,23454.2305412558,6865.21966139142,28,0,0,223,0,0,0
62,74,8,0,5,0,0,0,0,0,0,0
62,75,1,2742.62804551449,1489.99408400913,0,0,0,120,0,0,0
62,75,2,2431.08901410411,886.93864655474,0,0,0,142,0,0,0
62,75,3,2607.64649966706,1242.44613493686,0,0,0,64,0,0,0
62,75,4,3191.37661861045,1792.61168638522,4,0,0,177,0,0,0
62,75,5,4073.04781255563,1020.25925100057,0,0,0,167,0,0,0
62,75,6,5286.49377197356,1839.16208978439,0,0,0,175,0,0,0
62,75,7,23516.3391981852,11654.3065572884,34,1,0,184,0,0,0
62,75,8,0,5,0,0,0,0,0,0,0
62,76,1,2773.91176475611,578.361018053737,0,0,0,146,0,0,0
62,76,2,2427.03144338384,607.092797414996,0,0,0,88,0,0,0
62,76,3,2629.10508923054,1030.98363681557,0,0,0,124,0,0,0
62,76,4,3248.66908236729,1599.27060024451,0,0,0,179,0,0,0
62,76,5,4119.83732705172,3061.15229262763,0,0,0,102,0,0,0
62,76,6,5436.21894100022,1343.23771092656,0,0,0,183,0,0,0
62,76,7,23680.4075930378,10932.4137613448,29,0,0,227,0,0,0
62,76,8,0,5,0,0,0,0,0,0,0
62,77,1,2768.658941452,1387.12170505108,0,0,0,57,0,0,0
62,77,2,2413.61240511357,923.44429253999,0,0,0,60,0,0,0
62,77,3,2641.04281128741,856.172945965507,0,0,0,103,0,0,0
62,77,4,3290.40680369291,1483.63116628491,0,0,0,159,0,0,0
62,77,5,4214.3193708542,1091.30551670536,2,0,0,219,0,0,0
62,77,6,5513.89543532205,1834.70414864572,0,0,0,134,0,0,0
62,77,7,23782.6508536775,16650.0547310802,28,0,0,184,0,0,1
62,77,8,0,5,0,0,0,0,0,0,0
62,78,1,2766.97790374748,1198.62451453342,0,0,0,138,0,0,0
62,78,2,2404.87241498536,1281.22884327676,0,0,0,92,0,0,0
62,78,3,2631.25730382571,1404.37256241893,0,0,0,85,0,0,0
62,78,4,3295.75830304656,1652.97627356407,0,0,0,148,0,0,0
62,78,5,4216.68050590499,1992.55586387306,0,0,0,109,0,0,0
62,78,6,5560.84677188067,3036.19651274982,0,0,0,181,0,0,0
62,78,7,23837.5801329302,11983.887077643,34,0,0,314,0,0,0
62,78,8,0,5,0,0,0,0,0,0,0
62,79,1,2773.13109146226,1548.30269714232,0,0,0,119,0,0,0
62,79,2,2412.85576141311,1011.25585749755,0,0,0,128,0,0,0
62,79,3,2635.89632390054,1775.32128874088,0,0,0,140,0,0,0
62,79,4,3308.2435826125,1058.68903897503,0,14,0,130,0,0,0
62,79,5,4253.56392405932,2053.11056349464,0,11,0,170,0,0,0
62,79,6,5622.63821928656,4350.38093696289,0,59,0,156,0,0,0
62,79,7,23875.941265013,6510.11457505105,8,146,0,173,0,0,1
62,79,8,0,5,0,0,0,0,0,0,0
62,80,1,2792.25090350907,470.496810741386,0,0,0,154,0,0,0
62,80,2,2422.97261763103,979.299721628585,0,0,0,101,0,0,0
62,80,3,2660.52203895208,967.906705765803,0,0,0,177,0,0,0
62,80,4,3311.18947531495,1689.5274217171,0,0,0,105,0,0,0
62,80,5,4311.06379170452,2257.69174182097,1,0,0,173,0,0,0
62,80,6,5689.21832202004,2705.80419813709,16,0,0,164,0,0,1
62,80,7,23954.5002803215,12777.9640352329,28,0,0,205,0,0,0
62,80,8,0,5,0,0,0,0,0,0,0
62,81,1,2783.39059255024,1114.5293466544,0,0,0,47,0,0,0
62,81,2,2414.99077493233,857.504268318283,0,0,0,97,0,0,0
62,81,3,2658.05248940316,967.155794272228,0,0,0,96,0,0,0
62,81,4,3327.13226290146,1336.19831133975,0,0,0,168,0,0,0
62,81,5,4369.50426306202,2687.41998096276,0,0,0,225,0,0,0
62,81,6,5760.49698984056,2479.59215924118,1,0,0,198,0,0,0
62,81,7,24005.0688910818,10682.6060321561,28,0,0,206,0,0,0
62,81,8,0,5,0,0,0,0,0,0,0
62,82,1,2770.85180705107,454.93243718912,0,7,0,103,0,0,0
62,82,2,2405.05417421324,416.571998439546,0,3,0,82,0,0,0
62,82,3,2646.35768611048,561.788853499239,0,3,0,93,0,0,0
62,82,4,3327.39563144554,1148.05514094766,0,28,0,100,0,0,0
62,82,5,4406.93247202369,2593.79139597764,0,107,0,140,0,0,0
62,82,6,5832.50224972506,3343.01789620308,0,99,0,129,0,0,0
62,82,7,24210.3492997107,7930.2301942661,3,357,0,390,0,0,0
62,82,8,0,5,0,0,0,0,0,0,0
62,83,1,2761.35875487251,1050.17535104203,0,0,0,45,0,0,0
62,83,2,2388.50725808756,742.80059246766,0,0,0,41,0,0,0
62,83,3,2636.63159477081,1270.9044796875,0,0,0,56,0,0,0
62,83,4,3350.25510324373,1197.64589175371,0,0,0,114,0,0,0
62,83,5,4530.74328011986,1721.37577483948,1,0,0,214,0,0,0
62,83,6,5970.08127768212,2839.0245156926,6,0,0,188,0,0,0
62,83,7,24291.7791674735,10112.9968092956,28,0,0,194,0,0,0
62,83,8,0,5,0,0,0,0,0,0,0
62,84,1,2759.87598885781,1234.86979227672,0,0,0,105,0,0,0
62,84,2,2380.82629473851,771.19000166739,0,0,0,74,0,0,0
62,84,3,2642.23870790927,863.87617514032,0,0,0,127,0,0,0
62,84,4,3369.9651230328,860.688345435448,0,0,0,119,0,0,0
62,84,5,4604.42971599467,1004.30916455433,0,0,0,172,0,0,0
62,84,6,6094.76666063215,2814.33583147353,1,0,0,224,0,0,0
62,84,7,24358.0392428468,5272.83833216472,24,0,0,195,0,0,0
62,84,8,0,5,0,0,0,0,0,0,0
62,85,1,2776.19447690729,832.09510617582,0,0,0,123,0,0,0
62,85,2,2384.24109942168,1040.10161499744,0,0,0,77,0,0,0
62,85,3,2642.1610677178,317.776160794323,0,0,0,86,0,0,0
62,85,4,3371.40379276988,924.382507402296,0,0,0,86,0,0,0
62,85,5,4647.25569341678,1949.1633839441,0,0,0,100,0,0,0
62,85,6,6260.69960087636,3530.47917075622,7,0,0,197,0,0,2
62,85,7,24411.4803325147,10310.6762713621,34,0,0,164,0,0,3
62,85,8,0,5,0,0,0,0,0,0,0
62,86,1,2779.47885188867,1676.13377672486,0,0,0,83,0,0,0
62,86,2,2397.52526214352,1148.80859629136,0,0,0,104,0,0,0
62,86,3,2623.53823192513,1341.95917864198,0,0,0,31,0,0,0
62,86,4,3396.95448874797,1590.24030111222,0,0,0,92,0,0,0
62,86,5,4795.90110553209,2073.10888918087,0,0,0,190,0,0,0
62,86,6,6563.38726854659,2563.42877276923,3,0,0,265,0,0,0
62,86,7,24616.867914904,12215.0425942544,28,0,0,236,0,0,0
62,86,8,0,5,0,0,0,0,0,0,0
62,87,1,2828.88653148716,1036.08996898953,0,0,0,167,0,0,0
62,87,2,2420.37928187894,823.146133361129,0,0,0,114,0,0,0
62,87,3,2649.46029221879,824.92874897845,0,0,0,134,0,0,0
62,87,4,3464.3575226591,1622.40877751585,0,0,0,159,0,0,0
62,87,5,4957.18706297934,2459.54669167052,0,0,0,207,0,0,0
62,87,6,6825.63230436971,1729.53314962411,0,3,0,187,0,0,0
62,87,7,24866.240523275,9041.83117064402,0,49,0,243,0,0,0
62,87,8,0,5,0,0,0,0,0,0,0
62,88,1,2822.05369955153,1277.95195403601,0,33,0,64,0,0,0
62,88,2,2412.32279255402,1081.20264432413,0,0,0,82,0,0,0
62,88,3,2641.98938873803,1446.17490889432,0,0,0,82,0,0,0
62,88,4,3463.13745771508,1458.66081306961,0,46,0,106,0,0,0
62,88,5,5031.9140054546,1446.2437246846,0,74,0,157,0,0,0
62,88,6,6930.87276157063,2073.66171155558,0,49,0,114,0,0,0
62,88,7,25033.9969427981,8611.23672472363,1,321,0,295,0,0,7
62,88,8,0,5,0,0,0,0,0,0,0
62,89,1,2846.33585526671,1245.29437307056,0,0,0,127,0,0,0
62,89,2,2416.88378670358,1040.06303284098,0,0,0,108,0,0,0
62,89,3,2663.20629274119,1279.80900491481,0,0,0,144,0,0,0
62,89,4,3514.12124329309,1384.9476911058,0,0,0,145,0,0,0
62,89,5,5148.63793478407,781.030534291234,0,0,0,144,0,0,0
62,89,6,7179.19251989843,3067.76891635384,0,0,0,198,0,0,0
62,89,7,25192.5962915979,5370.53431408654,26,0,0,248,0,0,0
62,89,8,0,5,0,0,0,0,0,0,0
62,90,1,2845.67798125075,1536.54158859949,0,0,0,124,0,0,0
62,90,2,2410.50819356793,953.082711450665,0,0,0,104,0,0,0
62,90,3,2669.38032690562,1378.52944307478,0,0,0,127,0,0,0
62,90,4,3536.06452451787,1246.63836895393,0,0,0,138,0,0,0
62,90,5,5154.89428179847,2583.06087440167,0,0,0,78,0,0,0
62,90,6,7360.14032994219,2045.47955854644,37,0,0,166,0,0,0
62,90,7,25257.120648649,4953.08467280125,90,0,0,194,0,0,0
62,90,8,0,5,0,0,0,0,0,0,0
62,91,1,2853.37834208355,1140.43400180438,10,0,0,128,0,0,0
62,91,2,2398.24971325021,793.004843816773,0,0,0,95,0,0,0
62,91,3,2677.30700971805,1065.61686863113,0,0,0,137,0,0,0
62,91,4,3527.42507185878,1928.27776329232,0,0,0,124,0,0,0
62,91,5,5232.1396265641,2268.16028017436,36,0,0,167,0,0,0
62,91,6,7442.92705632739,2432.48329200137,17,0,0,163,0,0,0
62,91,7,25304.4756541886,12274.6361974408,130,0,0,183,0,0,0
62,91,8,0,5,0,0,0,0,0,0,0
62,92,1,2844.51286035495,1769.60139866579,0,0,0,114,0,0,0
62,92,2,2386.09567987204,303.264718715423,0,0,0,79,0,0,0
62,92,3,2662.24730310291,1504.91006453373,0,0,0,106,0,0,0
62,92,4,3558.57864218779,1070.33058569204,0,0,0,192,0,0,0
62,92,5,5292.69893095683,3199.49818547602,0,1,0,190,0,0,0
62,92,6,7573.34306133317,2104.98493476363,0,1,0,214,0,0,0
62,92,7,25401.3855694052,12532.4835676906,0,39,0,296,0,0,0
62,92,8,0,5,0,0,0,0,0,0,0
62,93,1,2852.4857125327,1190.341863731,0,6,0,136,0,0,0
62,93,2,2359.78433687192,917.369290780242,0,0,0,30,0,0,0
62,93,3,2668.46317195878,1375.44765418827,0,0,0,150,0,0,0
62,93,4,3558.11878337043,1647.66902582143,0,0,0,107,0,0,0
62,93,5,5369.81956472721,1781.6150119786,0,22,0,168,0,0,0
62,93,6,7757.88501768476,3898.92211072461,0,4,0,183,0,0,0
62,93,7,25516.1397309841,6150.09398801599,0,155,0,207,0,0,0
62,93,8,0,5,0,0,0,0,0,0,0
62,94,1,2861.82463252087,654.094762438372,0,0,0,119,0,0,0
62,94,2,2363.35460957122,1155.39282680263,0,0,0,91,0,0,0
62,94,3,2677.07829293157,943.497532679784,0,0,0,137,0,0,0
62,94,4,3589.65377669484,1500.75552308087,0,0,0,164,0,0,0
62,94,5,5482.62202991071,2681.74272873957,0,0,0,178,0,0,0
62,94,6,8172.68929118301,5211.78476530026,0,24,0,203,0,0,0
62,94,7,25608.8694254442,9827.45004851398,0,61,0,184,0,0,0
62,94,8,0,5,0,0,0,0,0,0,0
62,95,1,2844.52974326299,1667.11766126748,0,0,0,65,0,0,0
62,95,2,2358.13232672288,138.233651718818,0,0,0,115,0,0,0
62,95,3,2667.3878511993,1126.36137923911,0,0,0,94,0,0,0
62,95,4,3594.10539595338,1272.76455706198,0,0,0,150,0,0,0
62,95,5,5529.03947336148,2754.61283721621,0,20,0,166,0,0,0
62,95,6,8280.52907372137,1815.06650963339,0,69,0,172,0,0,0
62,95,7,25703.1684804512,15219.5248576922,0,153,0,206,0,0,0
62,95,8,0,5,0,0,0,0,0,0,0
62,96,1,2852.49975955256,964.550268969724,0,0,0,166,0,0,0
62,96,2,2318.02176860906,1046.01870395955,0,0,0,13,0,0,0
62,96,3,2662.98099501138,932.790421464055,0,0,0,112,0,0,0
62,96,4,3586.45889629154,118.319419769405,0,0,0,127,0,0,0
62,96,5,5576.38492513823,1939.95612386408,1,0,0,205,0,0,0
62,96,6,8380.33560915582,1997.07998259999,0,0,0,181,0,0,0
62,96,7,25754.3631921441,19458.4221685396,28,1,0,205,0,0,0
62,96,8,0,5,0,0,0,0,0,0,0
62,97,1,2844.66879622089,802.94458386573,0,0,0,96,0,0,0
62,97,2,2294.78447276598,1613.83925334307,0,0,0,104,0,0,0
62,97,3,2637.1534229802,1260.62115464286,0,0,0,93,0,0,0
62,97,4,3557.77472870619,2182.3216096446,0,0,0,11,0,0,0
62,97,5,5601.73810146455,1843.1740477589,0,0,0,185,0,0,0
62,97,6,8463.93225629786,1978.05787291335,0,0,0,199,0,0,0
62,97,7,25798.9279534696,8059.66792381289,0,62,0,228,0,0,0
62,97,8,0,5,0,0,0,0,0,0,0
62,98,1,2847.59714018691,772.997671944629,0,0,0,80,0,0,0
62,98,2,2300.50394548262,400.679401933243,0,10,0,134,0,0,0
62,98,3,2642.27233721461,1579.3546180903,0,0,0,126,0,0,0
62,98,4,3609.39508220257,1589.80724821273,0,26,0,146,0,0,0
62,98,5,5755.80996887124,2178.53412280901,0,9,0,154,0,0,0
62,98,6,8658.59034972348,4619.63313872599,0,19,0,146,0,0,0
62,98,7,25948.7822754048,14658.630965982,0,203,0,233,0,0,0
62,98,8,0,5,0,0,0,0,0,0,0
62,99,1,2840.97079760754,1112.57800903843,0,0,0,77,0,0,0
62,99,2,2273.88964142232,1617.72922020858,0,0,0,40,0,0,0
62,99,3,2644.71980751483,991.019363965597,0,0,0,157,0,0,0
62,99,4,3610.74985601016,997.755858970843,0,0,0,158,0,0,0
62,99,5,5813.35451117554,2209.90792464439,0,0,0,217,0,0,0
62,99,6,8801.19527036078,3833.14424269451,3,0,0,210,0,0,0
62,99,7,26005.4548211894,11090.1927364328,25,3,0,221,0,0,0
62,99,8,0,5,0,0,0,0,0,0,0
62,100,1,2828.85121507264,826.949686696959,0,66,0,45,0,0,0
62,100,2,2270.93234471155,1932.35899155048,0,73,0,88,0,0,0
62,100,3,2631.05121028747,1324.8478488906,0,41,0,58,0,0,0
62,100,4,3606.42427228819,1991.06413771113,0,46,0,53,0,0,0
62,100,5,5913.47646487115,2407.47792554063,0,123,0,97,0,0,0
62,100,6,9074.73797158485,2846.68997728722,0,189,0,194,0,0,0
62,100,7,26138.9790459322,7211.84937366013,9,185,0,188,0,0,0
62,100,8,0,5,0,0,0,0,0,0,0
63,1,1,2994.088,1551.08466427264,0,0,0,67,0,0,0
63,1,2,3004.4096,1380.89617800324,0,0,0,86,0,0,0
63,1,3,2995.5856,1084.31056732258,0,0,0,29,0,0,0
63,1,4,3003.72,1793.62679536787,0,0,0,94,0,0,0
63,1,5,2992.816,1568.20519602963,0,0,0,53,0,0,0
63,1,6,2998.696,908.819602257319,0,0,0,95,0,0,0
63,1,7,18916.0704639999,4468.10816606365,0,0,0,77,0,0,0
63,1,8,0,0,0,0,0,99,0,0,0
63,2,1,NA,NA,NA,NA,NA,NA,NA,NA,NA
63,2,2,NA,NA,NA,NA,NA,NA,NA,NA,NA
63,2,3,NA,NA,NA,NA,NA,NA,NA,NA,NA
63,2,4,NA,NA,NA,NA,NA,NA,NA,NA,NA
63,2,5,NA,NA,NA,NA,NA,NA,NA,NA,NA
63,2,6,NA,NA,NA,NA,NA,NA,NA,NA,NA
63,2,7,NA,NA,NA,NA,NA,NA,NA,NA,NA
63,2,8,NA,NA,NA,NA,NA,NA,NA,NA,NA
63,3,1,NA,NA,NA,NA,NA,NA,NA,NA,NA
63,3,2,NA,NA,NA,NA,NA,NA,NA,NA,NA
63,3,3,NA,NA,NA,NA,NA,NA,NA,NA,NA
63,3,4,NA,NA,NA,NA,NA,NA,NA,NA,NA
63,3,5,NA,NA,NA,NA,NA,NA,NA,NA,NA
63,3,6,NA,NA,NA,NA,NA,NA,NA,NA,NA
63,3,7,NA,NA,NA,NA,NA,NA,NA,NA,NA
63,3,8,NA,NA,NA,NA,NA,NA,NA,NA,NA
63,4,1,NA,NA,NA,NA,NA,NA,NA,NA,NA
63,4,2,NA,NA,NA,NA,NA,NA,NA,NA,NA
63,4,3,NA,NA,NA,NA,NA,NA,NA,NA,NA
63,4,4,NA,NA,NA,NA,NA,NA,NA,NA,NA
63,4,5,NA,NA,NA,NA,NA,NA,NA,NA,NA
63,4,6,NA,NA,NA,NA,NA,NA,NA,NA,NA
63,4,7,NA,NA,NA,NA,NA,NA,NA,NA,NA
63,4,8,NA,NA,NA,NA,NA,NA,NA,NA,NA
63,5,1,NA,NA,NA,NA,NA,NA,NA,NA,NA
63,5,2,NA,NA,NA,NA,NA,NA,NA,NA,NA
63,5,3,NA,NA,NA,NA,NA,NA,NA,NA,NA
63,5,4,NA,NA,NA,NA,NA,NA,NA,NA,NA
63,5,5,NA,NA,NA,NA,NA,NA,NA,NA,NA
63,5,6,NA,NA,NA,NA,NA,NA,NA,NA,NA
63,5,7,NA,NA,NA,NA,NA,NA,NA,NA,NA
63,5,8,NA,NA,NA,NA,NA,NA,NA,NA,NA
63,6,1,NA,NA,NA,NA,NA,NA,NA,NA,NA
63,6,2,NA,NA,NA,NA,NA,NA,NA,NA,NA
63,6,3,NA,NA,NA,NA,NA,NA,NA,NA,NA
63,6,4,NA,NA,NA,NA,NA,NA,NA,NA,NA
63,6,5,NA,NA,NA,NA,NA,NA,NA,NA,NA
63,6,6,NA,NA,NA,NA,NA,NA,NA,NA,NA
63,6,7,NA,NA,NA,NA,NA,NA,NA,NA,NA
63,6,8,NA,NA,NA,NA,NA,NA,NA,NA,NA
63,7,1,NA,NA,NA,NA,NA,NA,NA,NA,NA
63,7,2,NA,NA,NA,NA,NA,NA,NA,NA,NA
63,7,3,NA,NA,NA,NA,NA,NA,NA,NA,NA
63,7,4,NA,NA,NA,NA,NA,NA,NA,NA,NA
63,7,5,NA,NA,NA,NA,NA,NA,NA,NA,NA
63,7,6,NA,NA,NA,NA,NA,NA,NA,NA,NA
63,7,7,NA,NA,NA,NA,NA,NA,NA,NA,NA
63,7,8,NA,NA,NA,NA,NA,NA,NA,NA,NA
63,8,1,NA,NA,NA,NA,NA,NA,NA,NA,NA
63,8,2,NA,NA,NA,NA,NA,NA,NA,NA,NA
63,8,3,NA,NA,NA,NA,NA,NA,NA,NA,NA
63,8,4,NA,NA,NA,NA,NA,NA,NA,NA,NA
63,8,5,NA,NA,NA,NA,NA,NA,NA,NA,NA
63,8,6,NA,NA,NA,NA,NA,NA,NA,NA,NA
63,8,7,NA,NA,NA,NA,NA,NA,NA,NA,NA
63,8,8,NA,NA,NA,NA,NA,NA,NA,NA,NA
63,9,1,NA,NA,NA,NA,NA,NA,NA,NA,NA
63,9,2,NA,NA,NA,NA,NA,NA,NA,NA,NA
63,9,3,NA,NA,NA,NA,NA,NA,NA,NA,NA
63,9,4,NA,NA,NA,NA,NA,NA,NA,NA,NA
63,9,5,NA,NA,NA,NA,NA,NA,NA,NA,NA
63,9,6,NA,NA,NA,NA,NA,NA,NA,NA,NA
63,9,7,NA,NA,NA,NA,NA,NA,NA,NA,NA
63,9,8,NA,NA,NA,NA,NA,NA,NA,NA,NA
63,10,1,NA,NA,NA,NA,NA,NA,NA,NA,NA
63,10,2,NA,NA,NA,NA,NA,NA,NA,NA,NA
63,10,3,NA,NA,NA,NA,NA,NA,NA,NA,NA
63,10,4,NA,NA,NA,NA,NA,NA,NA,NA,NA
63,10,5,NA,NA,NA,NA,NA,NA,NA,NA,NA
63,10,6,NA,NA,NA,NA,NA,NA,NA,NA,NA
63,10,7,NA,NA,NA,NA,NA,NA,NA,NA,NA
63,10,8,NA,NA,NA,NA,NA,NA,NA,NA,NA
63,11,1,NA,NA,NA,NA,NA,NA,NA,NA,NA
63,11,2,NA,NA,NA,NA,NA,NA,NA,NA,NA
63,11,3,NA,NA,NA,NA,NA,NA,NA,NA,NA
63,11,4,NA,NA,NA,NA,NA,NA,NA,NA,NA
63,11,5,NA,NA,NA,NA,NA,NA,NA,NA,NA
63,11,6,NA,NA,NA,NA,NA,NA,NA,NA,NA
63,11,7,NA,NA,NA,NA,NA,NA,NA,NA,NA
63,11,8,NA,NA,NA,NA,NA,NA,NA,NA,NA
63,12,1,NA,NA,NA,NA,NA,NA,NA,NA,NA
63,12,2,NA,NA,NA,NA,NA,NA,NA,NA,NA
63,12,3,NA,NA,NA,NA,NA,NA,NA,NA,NA
63,12,4,NA,NA,NA,NA,NA,NA,NA,NA,NA
63,12,5,NA,NA,NA,NA,NA,NA,NA,NA,NA
63,12,6,NA,NA,NA,NA,NA,NA,NA,NA,NA
63,12,7,NA,NA,NA,NA,NA,NA,NA,NA,NA
63,12,8,NA,NA,NA,NA,NA,NA,NA,NA,NA
63,13,1,NA,NA,NA,NA,NA,NA,NA,NA,NA
63,13,2,NA,NA,NA,NA,NA,NA,NA,NA,NA
63,13,3,NA,NA,NA,NA,NA,NA,NA,NA,NA
63,13,4,NA,NA,NA,NA,NA,NA,NA,NA,NA
63,13,5,NA,NA,NA,NA,NA,NA,NA,NA,NA
63,13,6,NA,NA,NA,NA,NA,NA,NA,NA,NA
63,13,7,NA,NA,NA,NA,NA,NA,NA,NA,NA
63,13,8,NA,NA,NA,NA,NA,NA,NA,NA,NA
63,14,1,NA,NA,NA,NA,NA,NA,NA,NA,NA
63,14,2,NA,NA,NA,NA,NA,NA,NA,NA,NA
63,14,3,NA,NA,NA,NA,NA,NA,NA,NA,NA
63,14,4,NA,NA,NA,NA,NA,NA,NA,NA,NA
63,14,5,NA,NA,NA,NA,NA,NA,NA,NA,NA
63,14,6,NA,NA,NA,NA,NA,NA,NA,NA,NA
63,14,7,NA,NA,NA,NA,NA,NA,NA,NA,NA
63,14,8,NA,NA,NA,NA,NA,NA,NA,NA,NA
63,15,1,NA,NA,NA,NA,NA,NA,NA,NA,NA
63,15,2,NA,NA,NA,NA,NA,NA,NA,NA,NA
63,15,3,NA,NA,NA,NA,NA,NA,NA,NA,NA
63,15,4,NA,NA,NA,NA,NA,NA,NA,NA,NA
63,15,5,NA,NA,NA,NA,NA,NA,NA,NA,NA
63,15,6,NA,NA,NA,NA,NA,NA,NA,NA,NA
63,15,7,NA,NA,NA,NA,NA,NA,NA,NA,NA
63,15,8,NA,NA,NA,NA,NA,NA,NA,NA,NA
63,16,1,NA,NA,NA,NA,NA,NA,NA,NA,NA
63,16,2,NA,NA,NA,NA,NA,NA,NA,NA,NA
63,16,3,NA,NA,NA,NA,NA,NA,NA,NA,NA
63,16,4,NA,NA,NA,NA,NA,NA,NA,NA,NA
63,16,5,NA,NA,NA,NA,NA,NA,NA,NA,NA
63,16,6,NA,NA,NA,NA,NA,NA,NA,NA,NA
63,16,7,NA,NA,NA,NA,NA,NA,NA,NA,NA
63,16,8,NA,NA,NA,NA,NA,NA,NA,NA,NA
63,17,1,NA,NA,NA,NA,NA,NA,NA,NA,NA
63,17,2,NA,NA,NA,NA,NA,NA,NA,NA,NA
63,17,3,NA,NA,NA,NA,NA,NA,NA,NA,NA
63,17,4,NA,NA,NA,NA,NA,NA,NA,NA,NA
63,17,5,NA,NA,NA,NA,NA,NA,NA,NA,NA
63,17,6,NA,NA,NA,NA,NA,NA,NA,NA,NA
63,17,7,NA,NA,NA,NA,NA,NA,NA,NA,NA
63,17,8,NA,NA,NA,NA,NA,NA,NA,NA,NA
63,18,1,NA,NA,NA,NA,NA,NA,NA,NA,NA
63,18,2,NA,NA,NA,NA,NA,NA,NA,NA,NA
63,18,3,NA,NA,NA,NA,NA,NA,NA,NA,NA
63,18,4,NA,NA,NA,NA,NA,NA,NA,NA,NA
63,18,5,NA,NA,NA,NA,NA,NA,NA,NA,NA
63,18,6,NA,NA,NA,NA,NA,NA,NA,NA,NA
63,18,7,NA,NA,NA,NA,NA,NA,NA,NA,NA
63,18,8,NA,NA,NA,NA,NA,NA,NA,NA,NA
63,19,1,NA,NA,NA,NA,NA,NA,NA,NA,NA
63,19,2,NA,NA,NA,NA,NA,NA,NA,NA,NA
63,19,3,NA,NA,NA,NA,NA,NA,NA,NA,NA
63,19,4,NA,NA,NA,NA,NA,NA,NA,NA,NA
63,19,5,NA,NA,NA,NA,NA,NA,NA,NA,NA
63,19,6,NA,NA,NA,NA,NA,NA,NA,NA,NA
63,19,7,NA,NA,NA,NA,NA,NA,NA,NA,NA
63,19,8,NA,NA,NA,NA,NA,NA,NA,NA,NA
63,20,1,NA,NA,NA,NA,NA,NA,NA,NA,NA
63,20,2,NA,NA,NA,NA,NA,NA,NA,NA,NA
63,20,3,NA,NA,NA,NA,NA,NA,NA,NA,NA
63,20,4,NA,NA,NA,NA,NA,NA,NA,NA,NA
63,20,5,NA,NA,NA,NA,NA,NA,NA,NA,NA
63,20,6,NA,NA,NA,NA,NA,NA,NA,NA,NA
63,20,7,NA,NA,NA,NA,NA,NA,NA,NA,NA
63,20,8,NA,NA,NA,NA,NA,NA,NA,NA,NA
63,21,1,NA,NA,NA,NA,NA,NA,NA,NA,NA
63,21,2,NA,NA,NA,NA,NA,NA,NA,NA,NA
63,21,3,NA,NA,NA,NA,NA,NA,NA,NA,NA
63,21,4,NA,NA,NA,NA,NA,NA,NA,NA,NA
63,21,5,NA,NA,NA,NA,NA,NA,NA,NA,NA
63,21,6,NA,NA,NA,NA,NA,NA,NA,NA,NA
63,21,7,NA,NA,NA,NA,NA,NA,NA,NA,NA
63,21,8,NA,NA,NA,NA,NA,NA,NA,NA,NA
63,22,1,NA,NA,NA,NA,NA,NA,NA,NA,NA
63,22,2,NA,NA,NA,NA,NA,NA,NA,NA,NA
63,22,3,NA,NA,NA,NA,NA,NA,NA,NA,NA
63,22,4,NA,NA,NA,NA,NA,NA,NA,NA,NA
63,22,5,NA,NA,NA,NA,NA,NA,NA,NA,NA
63,22,6,NA,NA,NA,NA,NA,NA,NA,NA,NA
63,22,7,NA,NA,NA,NA,NA,NA,NA,NA,NA
63,22,8,NA,NA,NA,NA,NA,NA,NA,NA,NA
63,23,1,NA,NA,NA,NA,NA,NA,NA,NA,NA
63,23,2,NA,NA,NA,NA,NA,NA,NA,NA,NA
63,23,3,NA,NA,NA,NA,NA,NA,NA,NA,NA
63,23,4,NA,NA,NA,NA,NA,NA,NA,NA,NA
63,23,5,NA,NA,NA,NA,NA,NA,NA,NA,NA
63,23,6,NA,NA,NA,NA,NA,NA,NA,NA,NA
63,23,7,NA,NA,NA,NA,NA,NA,NA,NA,NA
63,23,8,NA,NA,NA,NA,NA,NA,NA,NA,NA
63,24,1,NA,NA,NA,NA,NA,NA,NA,NA,NA
63,24,2,NA,NA,NA,NA,NA,NA,NA,NA,NA
63,24,3,NA,NA,NA,NA,NA,NA,NA,NA,NA
63,24,4,NA,NA,NA,NA,NA,NA,NA,NA,NA
63,24,5,NA,NA,NA,NA,NA,NA,NA,NA,NA
63,24,6,NA,NA,NA,NA,NA,NA,NA,NA,NA
63,24,7,NA,NA,NA,NA,NA,NA,NA,NA,NA
63,24,8,NA,NA,NA,NA,NA,NA,NA,NA,NA
63,25,1,NA,NA,NA,NA,NA,NA,NA,NA,NA
63,25,2,NA,NA,NA,NA,NA,NA,NA,NA,NA
63,25,3,NA,NA,NA,NA,NA,NA,NA,NA,NA
63,25,4,NA,NA,NA,NA,NA,NA,NA,NA,NA
63,25,5,NA,NA,NA,NA,NA,NA,NA,NA,NA
63,25,6,NA,NA,NA,NA,NA,NA,NA,NA,NA
63,25,7,NA,NA,NA,NA,NA,NA,NA,NA,NA
63,25,8,NA,NA,NA,NA,NA,NA,NA,NA,NA
63,26,1,NA,NA,NA,NA,NA,NA,NA,NA,NA
63,26,2,NA,NA,NA,NA,NA,NA,NA,NA,NA
63,26,3,NA,NA,NA,NA,NA,NA,NA,NA,NA
63,26,4,NA,NA,NA,NA,NA,NA,NA,NA,NA
63,26,5,NA,NA,NA,NA,NA,NA,NA,NA,NA
63,26,6,NA,NA,NA,NA,NA,NA,NA,NA,NA
63,26,7,NA,NA,NA,NA,NA,NA,NA,NA,NA
63,26,8,NA,NA,NA,NA,NA,NA,NA,NA,NA
63,27,1,NA,NA,NA,NA,NA,NA,NA,NA,NA
63,27,2,NA,NA,NA,NA,NA,NA,NA,NA,NA
63,27,3,NA,NA,NA,NA,NA,NA,NA,NA,NA
63,27,4,NA,NA,NA,NA,NA,NA,NA,NA,NA
63,27,5,NA,NA,NA,NA,NA,NA,NA,NA,NA
63,27,6,NA,NA,NA,NA,NA,NA,NA,NA,NA
63,27,7,NA,NA,NA,NA,NA,NA,NA,NA,NA
63,27,8,NA,NA,NA,NA,NA,NA,NA,NA,NA
63,28,1,NA,NA,NA,NA,NA,NA,NA,NA,NA
63,28,2,NA,NA,NA,NA,NA,NA,NA,NA,NA
63,28,3,NA,NA,NA,NA,NA,NA,NA,NA,NA
63,28,4,NA,NA,NA,NA,NA,NA,NA,NA,NA
63,28,5,NA,NA,NA,NA,NA,NA,NA,NA,NA
63,28,6,NA,NA,NA,NA,NA,NA,NA,NA,NA
63,28,7,NA,NA,NA,NA,NA,NA,NA,NA,NA
63,28,8,NA,NA,NA,NA,NA,NA,NA,NA,NA
63,29,1,NA,NA,NA,NA,NA,NA,NA,NA,NA
63,29,2,NA,NA,NA,NA,NA,NA,NA,NA,NA
63,29,3,NA,NA,NA,NA,NA,NA,NA,NA,NA
63,29,4,NA,NA,NA,NA,NA,NA,NA,NA,NA
63,29,5,NA,NA,NA,NA,NA,NA,NA,NA,NA
63,29,6,NA,NA,NA,NA,NA,NA,NA,NA,NA
63,29,7,NA,NA,NA,NA,NA,NA,NA,NA,NA
63,29,8,NA,NA,NA,NA,NA,NA,NA,NA,NA
63,30,1,NA,NA,NA,NA,NA,NA,NA,NA,NA
63,30,2,NA,NA,NA,NA,NA,NA,NA,NA,NA
63,30,3,NA,NA,NA,NA,NA,NA,NA,NA,NA
63,30,4,NA,NA,NA,NA,NA,NA,NA,NA,NA
63,30,5,NA,NA,NA,NA,NA,NA,NA,NA,NA
63,30,6,NA,NA,NA,NA,NA,NA,NA,NA,NA
63,30,7,NA,NA,NA,NA,NA,NA,NA,NA,NA
63,30,8,NA,NA,NA,NA,NA,NA,NA,NA,NA
63,31,1,NA,NA,NA,NA,NA,NA,NA,NA,NA
63,31,2,NA,NA,NA,NA,NA,NA,NA,NA,NA
63,31,3,NA,NA,NA,NA,NA,NA,NA,NA,NA
63,31,4,NA,NA,NA,NA,NA,NA,NA,NA,NA
63,31,5,NA,NA,NA,NA,NA,NA,NA,NA,NA
63,31,6,NA,NA,NA,NA,NA,NA,NA,NA,NA
63,31,7,NA,NA,NA,NA,NA,NA,NA,NA,NA
63,31,8,NA,NA,NA,NA,NA,NA,NA,NA,NA
63,32,1,NA,NA,NA,NA,NA,NA,NA,NA,NA
63,32,2,NA,NA,NA,NA,NA,NA,NA,NA,NA
63,32,3,NA,NA,NA,NA,NA,NA,NA,NA,NA
63,32,4,NA,NA,NA,NA,NA,NA,NA,NA,NA
63,32,5,NA,NA,NA,NA,NA,NA,NA,NA,NA
63,32,6,NA,NA,NA,NA,NA,NA,NA,NA,NA
63,32,7,NA,NA,NA,NA,NA,NA,NA,NA,NA
63,32,8,NA,NA,NA,NA,NA,NA,NA,NA,NA
63,33,1,NA,NA,NA,NA,NA,NA,NA,NA,NA
63,33,2,NA,NA,NA,NA,NA,NA,NA,NA,NA
63,33,3,NA,NA,NA,NA,NA,NA,NA,NA,NA
63,33,4,NA,NA,NA,NA,NA,NA,NA,NA,NA
63,33,5,NA,NA,NA,NA,NA,NA,NA,NA,NA
63,33,6,NA,NA,NA,NA,NA,NA,NA,NA,NA
63,33,7,NA,NA,NA,NA,NA,NA,NA,NA,NA
63,33,8,NA,NA,NA,NA,NA,NA,NA,NA,NA
63,34,1,NA,NA,NA,NA,NA,NA,NA,NA,NA
63,34,2,NA,NA,NA,NA,NA,NA,NA,NA,NA
63,34,3,NA,NA,NA,NA,NA,NA,NA,NA,NA
63,34,4,NA,NA,NA,NA,NA,NA,NA,NA,NA
63,34,5,NA,NA,NA,NA,NA,NA,NA,NA,NA
63,34,6,NA,NA,NA,NA,NA,NA,NA,NA,NA
63,34,7,NA,NA,NA,NA,NA,NA,NA,NA,NA
63,34,8,NA,NA,NA,NA,NA,NA,NA,NA,NA
63,35,1,NA,NA,NA,NA,NA,NA,NA,NA,NA
63,35,2,NA,NA,NA,NA,NA,NA,NA,NA,NA
63,35,3,NA,NA,NA,NA,NA,NA,NA,NA,NA
63,35,4,NA,NA,NA,NA,NA,NA,NA,NA,NA
63,35,5,NA,NA,NA,NA,NA,NA,NA,NA,NA
63,35,6,NA,NA,NA,NA,NA,NA,NA,NA,NA
63,35,7,NA,NA,NA,NA,NA,NA,NA,NA,NA
63,35,8,NA,NA,NA,NA,NA,NA,NA,NA,NA
63,36,1,NA,NA,NA,NA,NA,NA,NA,NA,NA
63,36,2,NA,NA,NA,NA,NA,NA,NA,NA,NA
63,36,3,NA,NA,NA,NA,NA,NA,NA,NA,NA
63,36,4,NA,NA,NA,NA,NA,NA,NA,NA,NA
63,36,5,NA,NA,NA,NA,NA,NA,NA,NA,NA
63,36,6,NA,NA,NA,NA,NA,NA,NA,NA,NA
63,36,7,NA,NA,NA,NA,NA,NA,NA,NA,NA
63,36,8,NA,NA,NA,NA,NA,NA,NA,NA,NA
63,37,1,NA,NA,NA,NA,NA,NA,NA,NA,NA
63,37,2,NA,NA,NA,NA,NA,NA,NA,NA,NA
63,37,3,NA,NA,NA,NA,NA,NA,NA,NA,NA
63,37,4,NA,NA,NA,NA,NA,NA,NA,NA,NA
63,37,5,NA,NA,NA,NA,NA,NA,NA,NA,NA
63,37,6,NA,NA,NA,NA,NA,NA,NA,NA,NA
63,37,7,NA,NA,NA,NA,NA,NA,NA,NA,NA
63,37,8,NA,NA,NA,NA,NA,NA,NA,NA,NA
63,38,1,NA,NA,NA,NA,NA,NA,NA,NA,NA
63,38,2,NA,NA,NA,NA,NA,NA,NA,NA,NA
63,38,3,NA,NA,NA,NA,NA,NA,NA,NA,NA
63,38,4,NA,NA,NA,NA,NA,NA,NA,NA,NA
63,38,5,NA,NA,NA,NA,NA,NA,NA,NA,NA
63,38,6,NA,NA,NA,NA,NA,NA,NA,NA,NA
63,38,7,NA,NA,NA,NA,NA,NA,NA,NA,NA
63,38,8,NA,NA,NA,NA,NA,NA,NA,NA,NA
63,39,1,NA,NA,NA,NA,NA,NA,NA,NA,NA
63,39,2,NA,NA,NA,NA,NA,NA,NA,NA,NA
63,39,3,NA,NA,NA,NA,NA,NA,NA,NA,NA
63,39,4,NA,NA,NA,NA,NA,NA,NA,NA,NA
63,39,5,NA,NA,NA,NA,NA,NA,NA,NA,NA
63,39,6,NA,NA,NA,NA,NA,NA,NA,NA,NA
63,39,7,NA,NA,NA,NA,NA,NA,NA,NA,NA
63,39,8,NA,NA,NA,NA,NA,NA,NA,NA,NA
63,40,1,NA,NA,NA,NA,NA,NA,NA,NA,NA
63,40,2,NA,NA,NA,NA,NA,NA,NA,NA,NA
63,40,3,NA,NA,NA,NA,NA,NA,NA,NA,NA
63,40,4,NA,NA,NA,NA,NA,NA,NA,NA,NA
63,40,5,NA,NA,NA,NA,NA,NA,NA,NA,NA
63,40,6,NA,NA,NA,NA,NA,NA,NA,NA,NA
63,40,7,NA,NA,NA,NA,NA,NA,NA,NA,NA
63,40,8,NA,NA,NA,NA,NA,NA,NA,NA,NA
63,41,1,NA,NA,NA,NA,NA,NA,NA,NA,NA
63,41,2,NA,NA,NA,NA,NA,NA,NA,NA,NA
63,41,3,NA,NA,NA,NA,NA,NA,NA,NA,NA
63,41,4,NA,NA,NA,NA,NA,NA,NA,NA,NA
63,41,5,NA,NA,NA,NA,NA,NA,NA,NA,NA
63,41,6,NA,NA,NA,NA,NA,NA,NA,NA,NA
63,41,7,NA,NA,NA,NA,NA,NA,NA,NA,NA
63,41,8,NA,NA,NA,NA,NA,NA,NA,NA,NA
63,42,1,NA,NA,NA,NA,NA,NA,NA,NA,NA
63,42,2,NA,NA,NA,NA,NA,NA,NA,NA,NA
63,42,3,NA,NA,NA,NA,NA,NA,NA,NA,NA
63,42,4,NA,NA,NA,NA,NA,NA,NA,NA,NA
63,42,5,NA,NA,NA,NA,NA,NA,NA,NA,NA
63,42,6,NA,NA,NA,NA,NA,NA,NA,NA,NA
63,42,7,NA,NA,NA,NA,NA,NA,NA,NA,NA
63,42,8,NA,NA,NA,NA,NA,NA,NA,NA,NA
63,43,1,NA,NA,NA,NA,NA,NA,NA,NA,NA
63,43,2,NA,NA,NA,NA,NA,NA,NA,NA,NA
63,43,3,NA,NA,NA,NA,NA,NA,NA,NA,NA
63,43,4,NA,NA,NA,NA,NA,NA,NA,NA,NA
63,43,5,NA,NA,NA,NA,NA,NA,NA,NA,NA
63,43,6,NA,NA,NA,NA,NA,NA,NA,NA,NA
63,43,7,NA,NA,NA,NA,NA,NA,NA,NA,NA
63,43,8,NA,NA,NA,NA,NA,NA,NA,NA,NA
63,44,1,NA,NA,NA,NA,NA,NA,NA,NA,NA
63,44,2,NA,NA,NA,NA,NA,NA,NA,NA,NA
63,44,3,NA,NA,NA,NA,NA,NA,NA,NA,NA
63,44,4,NA,NA,NA,NA,NA,NA,NA,NA,NA
63,44,5,NA,NA,NA,NA,NA,NA,NA,NA,NA
63,44,6,NA,NA,NA,NA,NA,NA,NA,NA,NA
63,44,7,NA,NA,NA,NA,NA,NA,NA,NA,NA
63,44,8,NA,NA,NA,NA,NA,NA,NA,NA,NA
63,45,1,NA,NA,NA,NA,NA,NA,NA,NA,NA
63,45,2,NA,NA,NA,NA,NA,NA,NA,NA,NA
63,45,3,NA,NA,NA,NA,NA,NA,NA,NA,NA
63,45,4,NA,NA,NA,NA,NA,NA,NA,NA,NA
63,45,5,NA,NA,NA,NA,NA,NA,NA,NA,NA
63,45,6,NA,NA,NA,NA,NA,NA,NA,NA,NA
63,45,7,NA,NA,NA,NA,NA,NA,NA,NA,NA
63,45,8,NA,NA,NA,NA,NA,NA,NA,NA,NA
63,46,1,NA,NA,NA,NA,NA,NA,NA,NA,NA
63,46,2,NA,NA,NA,NA,NA,NA,NA,NA,NA
63,46,3,NA,NA,NA,NA,NA,NA,NA,NA,NA
63,46,4,NA,NA,NA,NA,NA,NA,NA,NA,NA
63,46,5,NA,NA,NA,NA,NA,NA,NA,NA,NA
63,46,6,NA,NA,NA,NA,NA,NA,NA,NA,NA
63,46,7,NA,NA,NA,NA,NA,NA,NA,NA,NA
63,46,8,NA,NA,NA,NA,NA,NA,NA,NA,NA
63,47,1,NA,NA,NA,NA,NA,NA,NA,NA,NA
63,47,2,NA,NA,NA,NA,NA,NA,NA,NA,NA
63,47,3,NA,NA,NA,NA,NA,NA,NA,NA,NA
63,47,4,NA,NA,NA,NA,NA,NA,NA,NA,NA
63,47,5,NA,NA,NA,NA,NA,NA,NA,NA,NA
63,47,6,NA,NA,NA,NA,NA,NA,NA,NA,NA
63,47,7,NA,NA,NA,NA,NA,NA,NA,NA,NA
63,47,8,NA,NA,NA,NA,NA,NA,NA,NA,NA
63,48,1,NA,NA,NA,NA,NA,NA,NA,NA,NA
63,48,2,NA,NA,NA,NA,NA,NA,NA,NA,NA
63,48,3,NA,NA,NA,NA,NA,NA,NA,NA,NA
63,48,4,NA,NA,NA,NA,NA,NA,NA,NA,NA
63,48,5,NA,NA,NA,NA,NA,NA,NA,NA,NA
63,48,6,NA,NA,NA,NA,NA,NA,NA,NA,NA
63,48,7,NA,NA,NA,NA,NA,NA,NA,NA,NA
63,48,8,NA,NA,NA,NA,NA,NA,NA,NA,NA
63,49,1,NA,NA,NA,NA,NA,NA,NA,NA,NA
63,49,2,NA,NA,NA,NA,NA,NA,NA,NA,NA
63,49,3,NA,NA,NA,NA,NA,NA,NA,NA,NA
63,49,4,NA,NA,NA,NA,NA,NA,NA,NA,NA
63,49,5,NA,NA,NA,NA,NA,NA,NA,NA,NA
63,49,6,NA,NA,NA,NA,NA,NA,NA,NA,NA
63,49,7,NA,NA,NA,NA,NA,NA,NA,NA,NA
63,49,8,NA,NA,NA,NA,NA,NA,NA,NA,NA
63,50,1,NA,NA,NA,NA,NA,NA,NA,NA,NA
63,50,2,NA,NA,NA,NA,NA,NA,NA,NA,NA
63,50,3,NA,NA,NA,NA,NA,NA,NA,NA,NA
63,50,4,NA,NA,NA,NA,NA,NA,NA,NA,NA
63,50,5,NA,NA,NA,NA,NA,NA,NA,NA,NA
63,50,6,NA,NA,NA,NA,NA,NA,NA,NA,NA
63,50,7,NA,NA,NA,NA,NA,NA,NA,NA,NA
63,50,8,NA,NA,NA,NA,NA,NA,NA,NA,NA
63,51,1,NA,NA,NA,NA,NA,NA,NA,NA,NA
63,51,2,NA,NA,NA,NA,NA,NA,NA,NA,NA
63,51,3,NA,NA,NA,NA,NA,NA,NA,NA,NA
63,51,4,NA,NA,NA,NA,NA,NA,NA,NA,NA
63,51,5,NA,NA,NA,NA,NA,NA,NA,NA,NA
63,51,6,NA,NA,NA,NA,NA,NA,NA,NA,NA
63,51,7,NA,NA,NA,NA,NA,NA,NA,NA,NA
63,51,8,NA,NA,NA,NA,NA,NA,NA,NA,NA
63,52,1,NA,NA,NA,NA,NA,NA,NA,NA,NA
63,52,2,NA,NA,NA,NA,NA,NA,NA,NA,NA
63,52,3,NA,NA,NA,NA,NA,NA,NA,NA,NA
63,52,4,NA,NA,NA,NA,NA,NA,NA,NA,NA
63,52,5,NA,NA,NA,NA,NA,NA,NA,NA,NA
63,52,6,NA,NA,NA,NA,NA,NA,NA,NA,NA
63,52,7,NA,NA,NA,NA,NA,NA,NA,NA,NA
63,52,8,NA,NA,NA,NA,NA,NA,NA,NA,NA
63,53,1,NA,NA,NA,NA,NA,NA,NA,NA,NA
63,53,2,NA,NA,NA,NA,NA,NA,NA,NA,NA
63,53,3,NA,NA,NA,NA,NA,NA,NA,NA,NA
63,53,4,NA,NA,NA,NA,NA,NA,NA,NA,NA
63,53,5,NA,NA,NA,NA,NA,NA,NA,NA,NA
63,53,6,NA,NA,NA,NA,NA,NA,NA,NA,NA
63,53,7,NA,NA,NA,NA,NA,NA,NA,NA,NA
63,53,8,NA,NA,NA,NA,NA,NA,NA,NA,NA
63,54,1,NA,NA,NA,NA,NA,NA,NA,NA,NA
63,54,2,NA,NA,NA,NA,NA,NA,NA,NA,NA
63,54,3,NA,NA,NA,NA,NA,NA,NA,NA,NA
63,54,4,NA,NA,NA,NA,NA,NA,NA,NA,NA
63,54,5,NA,NA,NA,NA,NA,NA,NA,NA,NA
63,54,6,NA,NA,NA,NA,NA,NA,NA,NA,NA
63,54,7,NA,NA,NA,NA,NA,NA,NA,NA,NA
63,54,8,NA,NA,NA,NA,NA,NA,NA,NA,NA
63,55,1,NA,NA,NA,NA,NA,NA,NA,NA,NA
63,55,2,NA,NA,NA,NA,NA,NA,NA,NA,NA
63,55,3,NA,NA,NA,NA,NA,NA,NA,NA,NA
63,55,4,NA,NA,NA,NA,NA,NA,NA,NA,NA
63,55,5,NA,NA,NA,NA,NA,NA,NA,NA,NA
63,55,6,NA,NA,NA,NA,NA,NA,NA,NA,NA
63,55,7,NA,NA,NA,NA,NA,NA,NA,NA,NA
63,55,8,NA,NA,NA,NA,NA,NA,NA,NA,NA
63,56,1,NA,NA,NA,NA,NA,NA,NA,NA,NA
63,56,2,NA,NA,NA,NA,NA,NA,NA,NA,NA
63,56,3,NA,NA,NA,NA,NA,NA,NA,NA,NA
63,56,4,NA,NA,NA,NA,NA,NA,NA,NA,NA
63,56,5,NA,NA,NA,NA,NA,NA,NA,NA,NA
63,56,6,NA,NA,NA,NA,NA,NA,NA,NA,NA
63,56,7,NA,NA,NA,NA,NA,NA,NA,NA,NA
63,56,8,NA,NA,NA,NA,NA,NA,NA,NA,NA
63,57,1,NA,NA,NA,NA,NA,NA,NA,NA,NA
63,57,2,NA,NA,NA,NA,NA,NA,NA,NA,NA
63,57,3,NA,NA,NA,NA,NA,NA,NA,NA,NA
63,57,4,NA,NA,NA,NA,NA,NA,NA,NA,NA
63,57,5,NA,NA,NA,NA,NA,NA,NA,NA,NA
63,57,6,NA,NA,NA,NA,NA,NA,NA,NA,NA
63,57,7,NA,NA,NA,NA,NA,NA,NA,NA,NA
63,57,8,NA,NA,NA,NA,NA,NA,NA,NA,NA
63,58,1,NA,NA,NA,NA,NA,NA,NA,NA,NA
63,58,2,NA,NA,NA,NA,NA,NA,NA,NA,NA
63,58,3,NA,NA,NA,NA,NA,NA,NA,NA,NA
63,58,4,NA,NA,NA,NA,NA,NA,NA,NA,NA
63,58,5,NA,NA,NA,NA,NA,NA,NA,NA,NA
63,58,6,NA,NA,NA,NA,NA,NA,NA,NA,NA
63,58,7,NA,NA,NA,NA,NA,NA,NA,NA,NA
63,58,8,NA,NA,NA,NA,NA,NA,NA,NA,NA
63,59,1,NA,NA,NA,NA,NA,NA,NA,NA,NA
63,59,2,NA,NA,NA,NA,NA,NA,NA,NA,NA
63,59,3,NA,NA,NA,NA,NA,NA,NA,NA,NA
63,59,4,NA,NA,NA,NA,NA,NA,NA,NA,NA
63,59,5,NA,NA,NA,NA,NA,NA,NA,NA,NA
63,59,6,NA,NA,NA,NA,NA,NA,NA,NA,NA
63,59,7,NA,NA,NA,NA,NA,NA,NA,NA,NA
63,59,8,NA,NA,NA,NA,NA,NA,NA,NA,NA
63,60,1,NA,NA,NA,NA,NA,NA,NA,NA,NA
63,60,2,NA,NA,NA,NA,NA,NA,NA,NA,NA
63,60,3,NA,NA,NA,NA,NA,NA,NA,NA,NA
63,60,4,NA,NA,NA,NA,NA,NA,NA,NA,NA
63,60,5,NA,NA,NA,NA,NA,NA,NA,NA,NA
63,60,6,NA,NA,NA,NA,NA,NA,NA,NA,NA
63,60,7,NA,NA,NA,NA,NA,NA,NA,NA,NA
63,60,8,NA,NA,NA,NA,NA,NA,NA,NA,NA
63,61,1,NA,NA,NA,NA,NA,NA,NA,NA,NA
63,61,2,NA,NA,NA,NA,NA,NA,NA,NA,NA
63,61,3,NA,NA,NA,NA,NA,NA,NA,NA,NA
63,61,4,NA,NA,NA,NA,NA,NA,NA,NA,NA
63,61,5,NA,NA,NA,NA,NA,NA,NA,NA,NA
63,61,6,NA,NA,NA,NA,NA,NA,NA,NA,NA
63,61,7,NA,NA,NA,NA,NA,NA,NA,NA,NA
63,61,8,NA,NA,NA,NA,NA,NA,NA,NA,NA
63,62,1,NA,NA,NA,NA,NA,NA,NA,NA,NA
63,62,2,NA,NA,NA,NA,NA,NA,NA,NA,NA
63,62,3,NA,NA,NA,NA,NA,NA,NA,NA,NA
63,62,4,NA,NA,NA,NA,NA,NA,NA,NA,NA
63,62,5,NA,NA,NA,NA,NA,NA,NA,NA,NA
63,62,6,NA,NA,NA,NA,NA,NA,NA,NA,NA
63,62,7,NA,NA,NA,NA,NA,NA,NA,NA,NA
63,62,8,NA,NA,NA,NA,NA,NA,NA,NA,NA
63,63,1,NA,NA,NA,NA,NA,NA,NA,NA,NA
63,63,2,NA,NA,NA,NA,NA,NA,NA,NA,NA
63,63,3,NA,NA,NA,NA,NA,NA,NA,NA,NA
63,63,4,NA,NA,NA,NA,NA,NA,NA,NA,NA
63,63,5,NA,NA,NA,NA,NA,NA,NA,NA,NA
63,63,6,NA,NA,NA,NA,NA,NA,NA,NA,NA
63,63,7,NA,NA,NA,NA,NA,NA,NA,NA,NA
63,63,8,NA,NA,NA,NA,NA,NA,NA,NA,NA
63,64,1,NA,NA,NA,NA,NA,NA,NA,NA,NA
63,64,2,NA,NA,NA,NA,NA,NA,NA,NA,NA
63,64,3,NA,NA,NA,NA,NA,NA,NA,NA,NA
63,64,4,NA,NA,NA,NA,NA,NA,NA,NA,NA
63,64,5,NA,NA,NA,NA,NA,NA,NA,NA,NA
63,64,6,NA,NA,NA,NA,NA,NA,NA,NA,NA
63,64,7,NA,NA,NA,NA,NA,NA,NA,NA,NA
63,64,8,NA,NA,NA,NA,NA,NA,NA,NA,NA
63,65,1,NA,NA,NA,NA,NA,NA,NA,NA,NA
63,65,2,NA,NA,NA,NA,NA,NA,NA,NA,NA
63,65,3,NA,NA,NA,NA,NA,NA,NA,NA,NA
63,65,4,NA,NA,NA,NA,NA,NA,NA,NA,NA
63,65,5,NA,NA,NA,NA,NA,NA,NA,NA,NA
63,65,6,NA,NA,NA,NA,NA,NA,NA,NA,NA
63,65,7,NA,NA,NA,NA,NA,NA,NA,NA,NA
63,65,8,NA,NA,NA,NA,NA,NA,NA,NA,NA
63,66,1,NA,NA,NA,NA,NA,NA,NA,NA,NA
63,66,2,NA,NA,NA,NA,NA,NA,NA,NA,NA
63,66,3,NA,NA,NA,NA,NA,NA,NA,NA,NA
63,66,4,NA,NA,NA,NA,NA,NA,NA,NA,NA
63,66,5,NA,NA,NA,NA,NA,NA,NA,NA,NA
63,66,6,NA,NA,NA,NA,NA,NA,NA,NA,NA
63,66,7,NA,NA,NA,NA,NA,NA,NA,NA,NA
63,66,8,NA,NA,NA,NA,NA,NA,NA,NA,NA
63,67,1,NA,NA,NA,NA,NA,NA,NA,NA,NA
63,67,2,NA,NA,NA,NA,NA,NA,NA,NA,NA
63,67,3,NA,NA,NA,NA,NA,NA,NA,NA,NA
63,67,4,NA,NA,NA,NA,NA,NA,NA,NA,NA
63,67,5,NA,NA,NA,NA,NA,NA,NA,NA,NA
63,67,6,NA,NA,NA,NA,NA,NA,NA,NA,NA
63,67,7,NA,NA,NA,NA,NA,NA,NA,NA,NA
63,67,8,NA,NA,NA,NA,NA,NA,NA,NA,NA
63,68,1,NA,NA,NA,NA,NA,NA,NA,NA,NA
63,68,2,NA,NA,NA,NA,NA,NA,NA,NA,NA
63,68,3,NA,NA,NA,NA,NA,NA,NA,NA,NA
63,68,4,NA,NA,NA,NA,NA,NA,NA,NA,NA
63,68,5,NA,NA,NA,NA,NA,NA,NA,NA,NA
63,68,6,NA,NA,NA,NA,NA,NA,NA,NA,NA
63,68,7,NA,NA,NA,NA,NA,NA,NA,NA,NA
63,68,8,NA,NA,NA,NA,NA,NA,NA,NA,NA
63,69,1,NA,NA,NA,NA,NA,NA,NA,NA,NA
63,69,2,NA,NA,NA,NA,NA,NA,NA,NA,NA
63,69,3,NA,NA,NA,NA,NA,NA,NA,NA,NA
63,69,4,NA,NA,NA,NA,NA,NA,NA,NA,NA
63,69,5,NA,NA,NA,NA,NA,NA,NA,NA,NA
63,69,6,NA,NA,NA,NA,NA,NA,NA,NA,NA
63,69,7,NA,NA,NA,NA,NA,NA,NA,NA,NA
63,69,8,NA,NA,NA,NA,NA,NA,NA,NA,NA
63,70,1,NA,NA,NA,NA,NA,NA,NA,NA,NA
63,70,2,NA,NA,NA,NA,NA,NA,NA,NA,NA
63,70,3,NA,NA,NA,NA,NA,NA,NA,NA,NA
63,70,4,NA,NA,NA,NA,NA,NA,NA,NA,NA
63,70,5,NA,NA,NA,NA,NA,NA,NA,NA,NA
63,70,6,NA,NA,NA,NA,NA,NA,NA,NA,NA
63,70,7,NA,NA,NA,NA,NA,NA,NA,NA,NA
63,70,8,NA,NA,NA,NA,NA,NA,NA,NA,NA
63,71,1,NA,NA,NA,NA,NA,NA,NA,NA,NA
63,71,2,NA,NA,NA,NA,NA,NA,NA,NA,NA
63,71,3,NA,NA,NA,NA,NA,NA,NA,NA,NA
63,71,4,NA,NA,NA,NA,NA,NA,NA,NA,NA
63,71,5,NA,NA,NA,NA,NA,NA,NA,NA,NA
63,71,6,NA,NA,NA,NA,NA,NA,NA,NA,NA
63,71,7,NA,NA,NA,NA,NA,NA,NA,NA,NA
63,71,8,NA,NA,NA,NA,NA,NA,NA,NA,NA
63,72,1,NA,NA,NA,NA,NA,NA,NA,NA,NA
63,72,2,NA,NA,NA,NA,NA,NA,NA,NA,NA
63,72,3,NA,NA,NA,NA,NA,NA,NA,NA,NA
63,72,4,NA,NA,NA,NA,NA,NA,NA,NA,NA
63,72,5,NA,NA,NA,NA,NA,NA,NA,NA,NA
63,72,6,NA,NA,NA,NA,NA,NA,NA,NA,NA
63,72,7,NA,NA,NA,NA,NA,NA,NA,NA,NA
63,72,8,NA,NA,NA,NA,NA,NA,NA,NA,NA
63,73,1,NA,NA,NA,NA,NA,NA,NA,NA,NA
63,73,2,NA,NA,NA,NA,NA,NA,NA,NA,NA
63,73,3,NA,NA,NA,NA,NA,NA,NA,NA,NA
63,73,4,NA,NA,NA,NA,NA,NA,NA,NA,NA
63,73,5,NA,NA,NA,NA,NA,NA,NA,NA,NA
63,73,6,NA,NA,NA,NA,NA,NA,NA,NA,NA
63,73,7,NA,NA,NA,NA,NA,NA,NA,NA,NA
63,73,8,NA,NA,NA,NA,NA,NA,NA,NA,NA
63,74,1,NA,NA,NA,NA,NA,NA,NA,NA,NA
63,74,2,NA,NA,NA,NA,NA,NA,NA,NA,NA
63,74,3,NA,NA,NA,NA,NA,NA,NA,NA,NA
63,74,4,NA,NA,NA,NA,NA,NA,NA,NA,NA
63,74,5,NA,NA,NA,NA,NA,NA,NA,NA,NA
63,74,6,NA,NA,NA,NA,NA,NA,NA,NA,NA
63,74,7,NA,NA,NA,NA,NA,NA,NA,NA,NA
63,74,8,NA,NA,NA,NA,NA,NA,NA,NA,NA
63,75,1,NA,NA,NA,NA,NA,NA,NA,NA,NA
63,75,2,NA,NA,NA,NA,NA,NA,NA,NA,NA
63,75,3,NA,NA,NA,NA,NA,NA,NA,NA,NA
63,75,4,NA,NA,NA,NA,NA,NA,NA,NA,NA
63,75,5,NA,NA,NA,NA,NA,NA,NA,NA,NA
63,75,6,NA,NA,NA,NA,NA,NA,NA,NA,NA
63,75,7,NA,NA,NA,NA,NA,NA,NA,NA,NA
63,75,8,NA,NA,NA,NA,NA,NA,NA,NA,NA
63,76,1,NA,NA,NA,NA,NA,NA,NA,NA,NA
63,76,2,NA,NA,NA,NA,NA,NA,NA,NA,NA
63,76,3,NA,NA,NA,NA,NA,NA,NA,NA,NA
63,76,4,NA,NA,NA,NA,NA,NA,NA,NA,NA
63,76,5,NA,NA,NA,NA,NA,NA,NA,NA,NA
63,76,6,NA,NA,NA,NA,NA,NA,NA,NA,NA
63,76,7,NA,NA,NA,NA,NA,NA,NA,NA,NA
63,76,8,NA,NA,NA,NA,NA,NA,NA,NA,NA
63,77,1,NA,NA,NA,NA,NA,NA,NA,NA,NA
63,77,2,NA,NA,NA,NA,NA,NA,NA,NA,NA
63,77,3,NA,NA,NA,NA,NA,NA,NA,NA,NA
63,77,4,NA,NA,NA,NA,NA,NA,NA,NA,NA
63,77,5,NA,NA,NA,NA,NA,NA,NA,NA,NA
63,77,6,NA,NA,NA,NA,NA,NA,NA,NA,NA
63,77,7,NA,NA,NA,NA,NA,NA,NA,NA,NA
63,77,8,NA,NA,NA,NA,NA,NA,NA,NA,NA
63,78,1,NA,NA,NA,NA,NA,NA,NA,NA,NA
63,78,2,NA,NA,NA,NA,NA,NA,NA,NA,NA
63,78,3,NA,NA,NA,NA,NA,NA,NA,NA,NA
63,78,4,NA,NA,NA,NA,NA,NA,NA,NA,NA
63,78,5,NA,NA,NA,NA,NA,NA,NA,NA,NA
63,78,6,NA,NA,NA,NA,NA,NA,NA,NA,NA
63,78,7,NA,NA,NA,NA,NA,NA,NA,NA,NA
63,78,8,NA,NA,NA,NA,NA,NA,NA,NA,NA
63,79,1,NA,NA,NA,NA,NA,NA,NA,NA,NA
63,79,2,NA,NA,NA,NA,NA,NA,NA,NA,NA
63,79,3,NA,NA,NA,NA,NA,NA,NA,NA,NA
63,79,4,NA,NA,NA,NA,NA,NA,NA,NA,NA
63,79,5,NA,NA,NA,NA,NA,NA,NA,NA,NA
63,79,6,NA,NA,NA,NA,NA,NA,NA,NA,NA
63,79,7,NA,NA,NA,NA,NA,NA,NA,NA,NA
63,79,8,NA,NA,NA,NA,NA,NA,NA,NA,NA
63,80,1,NA,NA,NA,NA,NA,NA,NA,NA,NA
63,80,2,NA,NA,NA,NA,NA,NA,NA,NA,NA
63,80,3,NA,NA,NA,NA,NA,NA,NA,NA,NA
63,80,4,NA,NA,NA,NA,NA,NA,NA,NA,NA
63,80,5,NA,NA,NA,NA,NA,NA,NA,NA,NA
63,80,6,NA,NA,NA,NA,NA,NA,NA,NA,NA
63,80,7,NA,NA,NA,NA,NA,NA,NA,NA,NA
63,80,8,NA,NA,NA,NA,NA,NA,NA,NA,NA
63,81,1,NA,NA,NA,NA,NA,NA,NA,NA,NA
63,81,2,NA,NA,NA,NA,NA,NA,NA,NA,NA
63,81,3,NA,NA,NA,NA,NA,NA,NA,NA,NA
63,81,4,NA,NA,NA,NA,NA,NA,NA,NA,NA
63,81,5,NA,NA,NA,NA,NA,NA,NA,NA,NA
63,81,6,NA,NA,NA,NA,NA,NA,NA,NA,NA
63,81,7,NA,NA,NA,NA,NA,NA,NA,NA,NA
63,81,8,NA,NA,NA,NA,NA,NA,NA,NA,NA
63,82,1,NA,NA,NA,NA,NA,NA,NA,NA,NA
63,82,2,NA,NA,NA,NA,NA,NA,NA,NA,NA
63,82,3,NA,NA,NA,NA,NA,NA,NA,NA,NA
63,82,4,NA,NA,NA,NA,NA,NA,NA,NA,NA
63,82,5,NA,NA,NA,NA,NA,NA,NA,NA,NA
63,82,6,NA,NA,NA,NA,NA,NA,NA,NA,NA
63,82,7,NA,NA,NA,NA,NA,NA,NA,NA,NA
63,82,8,NA,NA,NA,NA,NA,NA,NA,NA,NA
63,83,1,NA,NA,NA,NA,NA,NA,NA,NA,NA
63,83,2,NA,NA,NA,NA,NA,NA,NA,NA,NA
63,83,3,NA,NA,NA,NA,NA,NA,NA,NA,NA
63,83,4,NA,NA,NA,NA,NA,NA,NA,NA,NA
63,83,5,NA,NA,NA,NA,NA,NA,NA,NA,NA
63,83,6,NA,NA,NA,NA,NA,NA,NA,NA,NA
63,83,7,NA,NA,NA,NA,NA,NA,NA,NA,NA
63,83,8,NA,NA,NA,NA,NA,NA,NA,NA,NA
63,84,1,NA,NA,NA,NA,NA,NA,NA,NA,NA
63,84,2,NA,NA,NA,NA,NA,NA,NA,NA,NA
63,84,3,NA,NA,NA,NA,NA,NA,NA,NA,NA
63,84,4,NA,NA,NA,NA,NA,NA,NA,NA,NA
63,84,5,NA,NA,NA,NA,NA,NA,NA,NA,NA
63,84,6,NA,NA,NA,NA,NA,NA,NA,NA,NA
63,84,7,NA,NA,NA,NA,NA,NA,NA,NA,NA
63,84,8,NA,NA,NA,NA,NA,NA,NA,NA,NA
63,85,1,NA,NA,NA,NA,NA,NA,NA,NA,NA
63,85,2,NA,NA,NA,NA,NA,NA,NA,NA,NA
63,85,3,NA,NA,NA,NA,NA,NA,NA,NA,NA
63,85,4,NA,NA,NA,NA,NA,NA,NA,NA,NA
63,85,5,NA,NA,NA,NA,NA,NA,NA,NA,NA
63,85,6,NA,NA,NA,NA,NA,NA,NA,NA,NA
63,85,7,NA,NA,NA,NA,NA,NA,NA,NA,NA
63,85,8,NA,NA,NA,NA,NA,NA,NA,NA,NA
63,86,1,NA,NA,NA,NA,NA,NA,NA,NA,NA
63,86,2,NA,NA,NA,NA,NA,NA,NA,NA,NA
63,86,3,NA,NA,NA,NA,NA,NA,NA,NA,NA
63,86,4,NA,NA,NA,NA,NA,NA,NA,NA,NA
63,86,5,NA,NA,NA,NA,NA,NA,NA,NA,NA
63,86,6,NA,NA,NA,NA,NA,NA,NA,NA,NA
63,86,7,NA,NA,NA,NA,NA,NA,NA,NA,NA
63,86,8,NA,NA,NA,NA,NA,NA,NA,NA,NA
63,87,1,NA,NA,NA,NA,NA,NA,NA,NA,NA
63,87,2,NA,NA,NA,NA,NA,NA,NA,NA,NA
63,87,3,NA,NA,NA,NA,NA,NA,NA,NA,NA
63,87,4,NA,NA,NA,NA,NA,NA,NA,NA,NA
63,87,5,NA,NA,NA,NA,NA,NA,NA,NA,NA
63,87,6,NA,NA,NA,NA,NA,NA,NA,NA,NA
63,87,7,NA,NA,NA,NA,NA,NA,NA,NA,NA
63,87,8,NA,NA,NA,NA,NA,NA,NA,NA,NA
63,88,1,NA,NA,NA,NA,NA,NA,NA,NA,NA
63,88,2,NA,NA,NA,NA,NA,NA,NA,NA,NA
63,88,3,NA,NA,NA,NA,NA,NA,NA,NA,NA
63,88,4,NA,NA,NA,NA,NA,NA,NA,NA,NA
63,88,5,NA,NA,NA,NA,NA,NA,NA,NA,NA
63,88,6,NA,NA,NA,NA,NA,NA,NA,NA,NA
63,88,7,NA,NA,NA,NA,NA,NA,NA,NA,NA
63,88,8,NA,NA,NA,NA,NA,NA,NA,NA,NA
63,89,1,NA,NA,NA,NA,NA,NA,NA,NA,NA
63,89,2,NA,NA,NA,NA,NA,NA,NA,NA,NA
63,89,3,NA,NA,NA,NA,NA,NA,NA,NA,NA
63,89,4,NA,NA,NA,NA,NA,NA,NA,NA,NA
63,89,5,NA,NA,NA,NA,NA,NA,NA,NA,NA
63,89,6,NA,NA,NA,NA,NA,NA,NA,NA,NA
63,89,7,NA,NA,NA,NA,NA,NA,NA,NA,NA
63,89,8,NA,NA,NA,NA,NA,NA,NA,NA,NA
63,90,1,NA,NA,NA,NA,NA,NA,NA,NA,NA
63,90,2,NA,NA,NA,NA,NA,NA,NA,NA,NA
63,90,3,NA,NA,NA,NA,NA,NA,NA,NA,NA
63,90,4,NA,NA,NA,NA,NA,NA,NA,NA,NA
63,90,5,NA,NA,NA,NA,NA,NA,NA,NA,NA
63,90,6,NA,NA,NA,NA,NA,NA,NA,NA,NA
63,90,7,NA,NA,NA,NA,NA,NA,NA,NA,NA
63,90,8,NA,NA,NA,NA,NA,NA,NA,NA,NA
63,91,1,NA,NA,NA,NA,NA,NA,NA,NA,NA
63,91,2,NA,NA,NA,NA,NA,NA,NA,NA,NA
63,91,3,NA,NA,NA,NA,NA,NA,NA,NA,NA
63,91,4,NA,NA,NA,NA,NA,NA,NA,NA,NA
63,91,5,NA,NA,NA,NA,NA,NA,NA,NA,NA
63,91,6,NA,NA,NA,NA,NA,NA,NA,NA,NA
63,91,7,NA,NA,NA,NA,NA,NA,NA,NA,NA
63,91,8,NA,NA,NA,NA,NA,NA,NA,NA,NA
63,92,1,NA,NA,NA,NA,NA,NA,NA,NA,NA
63,92,2,NA,NA,NA,NA,NA,NA,NA,NA,NA
63,92,3,NA,NA,NA,NA,NA,NA,NA,NA,NA
63,92,4,NA,NA,NA,NA,NA,NA,NA,NA,NA
63,92,5,NA,NA,NA,NA,NA,NA,NA,NA,NA
63,92,6,NA,NA,NA,NA,NA,NA,NA,NA,NA
63,92,7,NA,NA,NA,NA,NA,NA,NA,NA,NA
63,92,8,NA,NA,NA,NA,NA,NA,NA,NA,NA
63,93,1,NA,NA,NA,NA,NA,NA,NA,NA,NA
63,93,2,NA,NA,NA,NA,NA,NA,NA,NA,NA
63,93,3,NA,NA,NA,NA,NA,NA,NA,NA,NA
63,93,4,NA,NA,NA,NA,NA,NA,NA,NA,NA
63,93,5,NA,NA,NA,NA,NA,NA,NA,NA,NA
63,93,6,NA,NA,NA,NA,NA,NA,NA,NA,NA
63,93,7,NA,NA,NA,NA,NA,NA,NA,NA,NA
63,93,8,NA,NA,NA,NA,NA,NA,NA,NA,NA
63,94,1,NA,NA,NA,NA,NA,NA,NA,NA,NA
63,94,2,NA,NA,NA,NA,NA,NA,NA,NA,NA
63,94,3,NA,NA,NA,NA,NA,NA,NA,NA,NA
63,94,4,NA,NA,NA,NA,NA,NA,NA,NA,NA
63,94,5,NA,NA,NA,NA,NA,NA,NA,NA,NA
63,94,6,NA,NA,NA,NA,NA,NA,NA,NA,NA
63,94,7,NA,NA,NA,NA,NA,NA,NA,NA,NA
63,94,8,NA,NA,NA,NA,NA,NA,NA,NA,NA
63,95,1,NA,NA,NA,NA,NA,NA,NA,NA,NA
63,95,2,NA,NA,NA,NA,NA,NA,NA,NA,NA
63,95,3,NA,NA,NA,NA,NA,NA,NA,NA,NA
63,95,4,NA,NA,NA,NA,NA,NA,NA,NA,NA
63,95,5,NA,NA,NA,NA,NA,NA,NA,NA,NA
63,95,6,NA,NA,NA,NA,NA,NA,NA,NA,NA
63,95,7,NA,NA,NA,NA,NA,NA,NA,NA,NA
63,95,8,NA,NA,NA,NA,NA,NA,NA,NA,NA
63,96,1,NA,NA,NA,NA,NA,NA,NA,NA,NA
63,96,2,NA,NA,NA,NA,NA,NA,NA,NA,NA
63,96,3,NA,NA,NA,NA,NA,NA,NA,NA,NA
63,96,4,NA,NA,NA,NA,NA,NA,NA,NA,NA
63,96,5,NA,NA,NA,NA,NA,NA,NA,NA,NA
63,96,6,NA,NA,NA,NA,NA,NA,NA,NA,NA
63,96,7,NA,NA,NA,NA,NA,NA,NA,NA,NA
63,96,8,NA,NA,NA,NA,NA,NA,NA,NA,NA
63,97,1,NA,NA,NA,NA,NA,NA,NA,NA,NA
63,97,2,NA,NA,NA,NA,NA,NA,NA,NA,NA
63,97,3,NA,NA,NA,NA,NA,NA,NA,NA,NA
63,97,4,NA,NA,NA,NA,NA,NA,NA,NA,NA
63,97,5,NA,NA,NA,NA,NA,NA,NA,NA,NA
63,97,6,NA,NA,NA,NA,NA,NA,NA,NA,NA
63,97,7,NA,NA,NA,NA,NA,NA,NA,NA,NA
63,97,8,NA,NA,NA,NA,NA,NA,NA,NA,NA
63,98,1,NA,NA,NA,NA,NA,NA,NA,NA,NA
63,98,2,NA,NA,NA,NA,NA,NA,NA,NA,NA
63,98,3,NA,NA,NA,NA,NA,NA,NA,NA,NA
63,98,4,NA,NA,NA,NA,NA,NA,NA,NA,NA
63,98,5,NA,NA,NA,NA,NA,NA,NA,NA,NA
63,98,6,NA,NA,NA,NA,NA,NA,NA,NA,NA
63,98,7,NA,NA,NA,NA,NA,NA,NA,NA,NA
63,98,8,NA,NA,NA,NA,NA,NA,NA,NA,NA
63,99,1,NA,NA,NA,NA,NA,NA,NA,NA,NA
63,99,2,NA,NA,NA,NA,NA,NA,NA,NA,NA
63,99,3,NA,NA,NA,NA,NA,NA,NA,NA,NA
63,99,4,NA,NA,NA,NA,NA,NA,NA,NA,NA
63,99,5,NA,NA,NA,NA,NA,NA,NA,NA,NA
63,99,6,NA,NA,NA,NA,NA,NA,NA,NA,NA
63,99,7,NA,NA,NA,NA,NA,NA,NA,NA,NA
63,99,8,NA,NA,NA,NA,NA,NA,NA,NA,NA
63,100,1,NA,NA,NA,NA,NA,NA,NA,NA,NA
63,100,2,NA,NA,NA,NA,NA,NA,NA,NA,NA
63,100,3,NA,NA,NA,NA,NA,NA,NA,NA,NA
63,100,4,NA,NA,NA,NA,NA,NA,NA,NA,NA
63,100,5,NA,NA,NA,NA,NA,NA,NA,NA,NA
63,100,6,NA,NA,NA,NA,NA,NA,NA,NA,NA
63,100,7,NA,NA,NA,NA,NA,NA,NA,NA,NA
63,100,8,NA,NA,NA,NA,NA,NA,NA,NA,NA
64,1,1,2811.1872,1140.57055359012,0,51,0,48,0,0,0
64,1,2,2815.24768,2020.88718659317,0,58,0,41,0,0,0
64,1,3,2817.4176,1368.83896770588,0,38,0,44,0,0,0
64,1,4,2811.3616,695.90203551969,0,46,0,48,0,0,0
64,1,5,2816.648,1189.71382399919,0,41,0,53,0,0,0
64,1,6,2816.272,977.564163854159,0,57,0,39,0,0,0
64,1,7,20135.0426239999,7058.93804843491,0,7,0,5,0,0,0
64,1,8,0,1,0,14,0,41,0,0,0
64,2,1,2823.5328,2281.3256763765,0,0,0,114,0,0,0
64,2,2,2848.20768,1795.50065366877,1,0,0,181,0,0,0
64,2,3,2841.8976,1432.41601235821,0,0,0,136,0,0,0
64,2,4,2820.304,1295.99914105786,0,0,0,69,0,0,0
64,2,5,2835.056,1742.97703951085,0,0,0,118,0,0,0
64,2,6,2828.792,1175.86249456782,0,0,0,97,0,0,0
64,2,7,20087.5459839998,5360.34760674538,24,0,0,258,0,0,0
64,2,8,0,1,0,0,0,0,0,0,0
64,3,1,2852.54239999999,616.897898884463,3,0,0,188,0,0,0
64,3,2,2878.52768,918.950017437738,0,0,0,179,0,0,0
64,3,3,2866.83519999999,878.900612583892,0,0,0,143,0,0,0
64,3,4,2841.32,1081.28143817872,0,0,0,129,0,0,0
64,3,5,2861.99999999999,614.780180799339,0,0,0,174,0,0,0
64,3,6,2842.648,1202.45033456209,0,0,0,117,0,0,0
64,3,7,20029.8848639997,14006.3081735024,27,0,0,197,0,0,0
64,3,8,0,1,0,0,0,0,0,0,0
64,4,1,2854.18399999999,1396.44619214558,0,0,0,61,0,0,0
64,4,2,2888.46489599999,1004.78451799001,0,0,0,91,0,0,0
64,4,3,2877.99679999999,1217.91644552275,0,0,0,87,0,0,0
64,4,4,2857.8,997.431686163581,0,0,0,108,0,0,0
64,4,5,2867.40799999999,1110.7815386391,0,0,0,61,0,0,0
64,4,6,2853.328,1078.28650860775,0,0,0,120,0,0,0
64,4,7,19984.3913599997,9773.76810902111,28,0,0,248,0,0,0
64,4,8,0,1,0,0,0,0,0,0,0
64,5,1,2867.65791999999,780.972103033657,0,0,0,139,0,0,0
64,5,2,2900.03481599999,1867.0719906015,0,0,0,100,0,0,0
64,5,3,2893.90399999999,747.410317187074,0,0,0,121,0,0,0
64,5,4,2868.1424,1572.37100136411,0,0,0,99,0,0,0
64,5,5,2878.36159999999,393.101384491907,0,0,0,111,0,0,0
64,5,6,2862.4672,1889.22847162794,0,0,0,107,0,0,0
64,5,7,19924.4936191996,8172.29790364035,62,0,0,237,0,0,0
64,5,8,0,1,0,0,0,0,0,0,0
64,6,1,2866.62337279999,1199.98676599404,0,0,0,78,0,0,0
64,6,2,2925.72601599999,1675.82892497685,0,0,0,183,0,0,0
64,6,3,2900.15807999999,581.952747159165,0,0,0,74,0,0,0
64,6,4,2885.5328,641.605382942298,0,1,0,150,0,0,0
64,6,5,2873.49599999999,1241.05217125191,0,0,0,39,0,0,0
64,6,6,2886.9232,1631.94598727837,0,1,0,180,0,0,0
64,6,7,19852.1137151995,13612.1808743912,0,118,0,177,0,0,0
64,6,8,0,1,0,0,0,0,0,0,0
64,7,1,2876.85185279999,330.946448910207,0,0,0,119,0,0,0
64,7,2,2943.57062399999,1175.60262190848,0,0,0,167,0,0,0
64,7,3,2899.45247999999,1306.19759847443,0,0,0,58,0,0,0
64,7,4,2887.1472,1366.78807536322,0,0,0,64,0,0,0
64,7,5,2886.20799999999,862.699847115707,0,0,0,124,0,0,0
64,7,6,2906.664,1487.11275566686,0,0,0,163,0,0,0
64,7,7,19802.2388351994,7567.32183077787,27,2,0,235,0,0,0
64,7,8,0,1,0,0,0,0,0,0,0
64,8,1,2861.2806528,1434.86924520447,0,20,0,13,0,0,0
64,8,2,2939.76582399999,1026.78186827809,0,56,0,61,0,0,0
64,8,3,2898.82975999999,1261.03699226994,0,66,0,64,0,0,0
64,8,4,2893.9472,1189.51609104095,0,46,0,90,0,0,0
64,8,5,2879.4656,1169.71876814615,0,44,0,42,0,0,0
64,8,6,2904.9792,1020.12768819016,0,80,0,68,0,0,0
64,8,7,19774.3362047994,8754.45095209257,0,394,0,362,0,0,0
64,8,8,0,1,0,0,0,0,0,0,0
64,9,1,2883.2125568,1271.02478940147,0,0,0,143,0,0,0
64,9,2,2953.516928,866.983773567569,0,0,0,102,0,0,0
64,9,3,2925.33312,676.121541104635,0,0,0,126,0,0,0
64,9,4,2917.45248,913.341259986638,0,0,0,118,0,0,0
64,9,5,2902.88128,1298.84929538484,0,0,0,116,0,0,0
64,9,6,2924.90240000001,684.035127348992,0,0,0,102,0,0,0
64,9,7,19787.0866431993,5551.32368396342,28,0,0,188,0,0,0
64,9,8,0,1,0,0,0,0,0,0,0
64,10,1,2899.1702528,1797.08063524138,0,0,0,127,0,0,0
64,10,2,2961.65728,755.830880530781,0,0,0,86,0,0,0
64,10,3,2933.40224,865.736006669629,0,0,0,67,0,0,0
64,10,4,2931.03168,1009.36614921839,0,0,0,91,0,0,0
64,10,5,2925.07456,1786.78015622458,0,0,0,129,0,0,0
64,10,6,2935.14304,1290.70408192759,0,0,0,68,0,0,0
64,10,7,19792.1521791993,5905.25924298164,79,0,0,195,0,0,0
64,10,8,0,1,0,0,0,0,0,0,0
64,11,1,2922.5449728,661.627487729495,1,0,0,170,0,0,0
64,11,2,2965.775730688,1239.74513207043,0,0,0,75,0,0,0
64,11,3,2942.60383999999,1593.70153857359,0,0,0,86,0,0,0
64,11,4,2947.03552,497.74372024291,0,0,0,100,0,0,0
64,11,5,2956.39647999999,1523.31206128028,0,0,0,177,0,0,1
64,11,6,2957.37664,1544.63046594039,0,0,0,129,0,0,0
64,11,7,19804.1064191993,5493.3163915072,51,0,0,217,0,0,0
64,11,8,0,1,0,0,0,0,0,0,0
64,12,1,2924.0796928,1495.78648525552,0,0,0,66,0,0,0
64,12,2,2980.1187526656,1474.43379685937,1,0,0,121,0,0,0
64,12,3,2963.75104,890.590473648542,12,0,0,136,0,0,0
64,12,4,2949.22624,1443.33931057608,0,0,0,49,0,0,0
64,12,5,2985.878656,1395.17672563352,0,0,0,152,0,0,0
64,12,6,2985.53524480001,1239.49753400492,8,0,0,139,0,0,0
64,12,7,19822.3723519992,14563.0101599533,175,0,0,216,0,0,0
64,12,8,0,1,0,0,0,0,0,0,0
64,13,1,2939.7652096,980.612318208734,0,0,0,149,0,0,0
64,13,2,2996.9403206656,851.200222234897,0,0,0,147,0,0,0
64,13,3,2965.974976,1334.1007245403,0,0,0,89,0,0,0
64,13,4,2970.838976,451.968717223607,0,0,0,144,0,0,0
64,13,5,3004.841536,1689.60321697644,0,0,0,139,0,0,0
64,13,6,3005.99892480001,1107.83623543106,0,0,0,123,0,0,0
64,13,7,19846.7947238393,11517.2192639783,38,0,0,224,0,0,0
64,13,8,0,1,0,0,0,0,0,0,0
64,14,1,2941.6691456,905.584925650596,0,0,0,98,0,0,0
64,14,2,2998.0051014656,1714.19355745261,0,0,0,85,0,0,0
64,14,3,2980.593792,676.902168203224,0,0,0,133,0,0,0
64,14,4,2967.284736,1967.55016261585,0,0,0,45,0,0,0
64,14,5,3031.901824,1553.41139284144,0,0,0,168,0,0,0
64,14,6,3021.19444480001,1000.79629349785,0,0,0,110,0,0,0
64,14,7,19872.1729638393,6476.18350987115,33,0,0,234,0,0,1
64,14,8,0,1,0,0,0,0,0,0,0
64,15,1,2947.26415616001,1128.95093509455,0,0,0,90,0,0,0
64,15,2,3015.89578946561,1729.1426489172,5,0,0,156,0,0,0
64,15,3,2982.564224,687.948496934365,0,0,0,67,0,0,0
64,15,4,2998.93856,806.897227439038,5,0,0,180,0,0,0
64,15,5,3057.872064,503.343994522309,1,0,0,152,0,0,0
64,15,6,3037.56034560001,1580.45276766992,0,0,0,100,0,0,0
64,15,7,19899.2650598392,7704.28688942441,141,0,0,216,0,0,0
64,15,8,0,1,0,0,0,0,0,0,0
64,16,1,2957.16203939841,1447.28072680859,0,0,0,112,0,0,0
64,16,2,3036.45388226561,2089.59567431701,0,0,0,170,0,0,0
64,16,3,2980.762048,1588.68018066124,0,0,0,68,0,0,0
64,16,4,2998.82368,1951.07461272215,0,0,0,80,0,0,0
64,16,5,3057.700288,2055.33223891646,0,0,0,50,0,0,0
64,16,6,3067.52230656001,1371.03563599547,0,0,0,158,0,0,0
64,16,7,19927.6664678392,5209.35609002402,85,0,0,186,0,0,2
64,16,8,0,1,0,0,0,0,0,0,0
64,17,1,2962.92145059841,764.769177780911,17,0,0,112,0,0,0
64,17,2,3049.29932226561,872.860108005916,31,0,0,150,0,0,0
64,17,3,2994.47749120001,947.774426706252,0,0,0,158,0,0,0
64,17,4,3014.54478080001,872.944070469306,26,0,0,145,0,0,0
64,17,5,3071.3618688,879.481794660975,39,0,0,131,0,0,0
64,17,6,3086.23494656001,1537.70673362268,6,0,0,125,0,0,0
64,17,7,19961.7529958392,9000.25396726545,154,0,0,228,0,0,0
64,17,8,0,1,0,0,0,0,0,0,0
64,18,1,2960.61155235841,1255.36022577751,0,0,0,76,0,0,0
64,18,2,3048.23276226561,1809.58481333473,0,0,0,87,0,0,0
64,18,3,2994.02309120001,1242.06859907001,0,0,0,94,0,0,0
64,18,4,3013.56495360001,1228.12732601672,0,0,0,87,0,0,0
64,18,5,3076.570304,1241.44352031489,0,0,0,87,0,0,0
64,18,6,3109.13327872001,1856.34946201613,0,0,0,153,0,0,0
64,18,7,19980.9871615992,6406.97319379295,44,0,0,186,0,0,0
64,18,8,0,1,0,0,0,0,0,0,0
64,19,1,2967.16645795841,1097.21110435441,0,0,0,125,0,0,0
64,19,2,3065.13792706561,725.023996833818,12,0,0,158,0,0,0
64,19,3,2996.50324480001,1803.23368938134,0,0,0,124,0,0,0
64,19,4,3020.22912256001,625.689629640488,0,0,0,122,0,0,0
64,19,5,3091.15891200001,605.913531701819,0,0,0,124,0,0,0
64,19,6,3136.31510067201,1372.57979642082,12,0,0,161,0,0,0
64,19,7,20003.7362815992,12511.0748538095,216,0,0,213,0,0,0
64,19,8,0,1,0,0,0,0,0,0,0
64,20,1,2967.39162019841,1132.94202977799,0,0,0,109,0,0,0
64,20,2,3050.83538626561,758.238726187249,0,0,0,72,0,0,0
64,20,3,3011.16980480001,2173.29979849037,0,0,0,178,0,0,0
64,20,4,3008.91710976001,1555.21068057283,0,0,0,62,0,0,0
64,20,5,3086.48940800001,1041.42994503015,0,0,0,60,0,0,0
64,20,6,3157.27478067201,1311.52348456489,0,0,0,137,0,0,0
64,20,7,20026.1635455992,9182.32664696063,54,0,0,187,0,0,0
64,20,8,0,1,0,0,0,0,0,0,0
64,21,1,2971.41690019841,855.892960500136,0,0,0,113,0,0,0
64,21,2,3035.25996085249,1189.76176817826,0,0,0,75,0,0,0
64,21,3,3019.07188736001,1389.91284122882,11,0,0,164,0,0,0
64,21,4,3017.73688883201,575.726549570255,0,0,0,155,0,0,0
64,21,5,3091.42515200001,1591.59313488971,0,0,0,104,0,0,0
64,21,6,3177.78839347201,1046.97576708649,0,0,0,131,0,0,0
64,21,7,20047.0429055992,5137.32865978334,154,0,0,187,0,0,0
64,21,8,0,1,0,0,0,0,0,0,0
64,22,1,2961.25314723841,1126.2672728197,0,0,0,85,0,0,0
64,22,2,3035.2676393124,1012.50455857878,0,0,0,118,0,0,0
64,22,3,3024.42274099201,1769.41308545593,5,0,0,130,0,0,0
64,22,4,3003.66034227202,1131.01019428865,0,0,0,57,0,0,0
64,22,5,3109.33859584001,1409.59199230122,11,0,0,139,0,0,0
64,22,6,3195.54785587201,1366.50621133358,0,0,0,104,0,0,0
64,22,7,20075.4827673591,5055.5066429961,198,0,0,176,0,0,0
64,22,8,0,1,0,0,0,0,0,0,0
64,23,1,2957.75967088641,680.887865778021,0,0,0,112,0,0,0
64,23,2,3025.0481981604,1285.28631931234,0,0,0,101,0,0,0
64,23,3,3028.04067123201,1224.62722233686,14,0,0,154,0,0,0
64,23,4,3003.56061235202,2012.453535769,0,0,0,113,0,0,0
64,23,5,3116.51437260801,997.469934823696,8,0,0,128,0,0,0
64,23,6,3220.77352499202,1787.24224933354,0,0,0,136,0,0,0
64,23,7,20122.0980889591,9153.04587974971,169,0,0,234,0,0,0
64,23,8,0,1,0,0,0,0,0,0,0
64,24,1,2942.90325514241,729.843117392254,0,0,0,68,0,0,0
64,24,2,3030.55552589744,1855.56049298891,0,0,0,128,0,0,0
64,24,3,3024.08711475201,1950.94326617338,0,0,0,122,0,0,0
64,24,4,3021.40721203202,673.387960404644,0,0,0,187,0,0,0
64,24,5,3127.75527669761,1061.08061963625,0,0,0,99,0,0,0
64,24,6,3260.10876784642,2115.96567480851,0,0,0,177,0,0,0
64,24,7,20167.7545759735,5362.04697841598,1,29,0,178,0,0,0
64,24,8,0,1,0,0,0,0,0,0,0
64,25,1,2912.93927178241,427.731684136688,0,46,0,26,0,0,0
64,25,2,3012.18751319984,1825.32683494023,0,101,0,84,0,0,0
64,25,3,3011.91335208962,1096.81115683295,0,81,0,114,0,0,0
64,25,4,2995.41575884802,973.462671960348,0,44,0,23,0,0,0
64,25,5,3118.67433205762,2329.92934459017,0,42,0,64,0,0,0
64,25,6,3276.2895736013,1077.79225717241,0,108,0,103,0,0,0
64,25,7,20223.9128838134,8196.37561281201,0,255,0,280,0,0,0
64,25,8,0,1,0,0,0,0,0,0,0
64,26,1,2902.00102615041,1616.98817318672,0,0,0,42,0,0,0
64,26,2,3048.59707603748,771.232795224707,0,0,0,180,0,0,0
64,26,3,3025.18740838401,884.844253147563,0,0,0,109,0,0,0
64,26,4,3000.07339929602,1275.4255244942,0,0,0,97,0,0,0
64,26,5,3168.29531807745,921.287365773787,1,0,0,202,0,0,0
64,26,6,3309.4627715277,897.266217154167,0,0,0,107,0,0,0
64,26,7,20287.0981388483,8974.15070153133,28,0,0,212,0,0,0
64,26,8,0,1,0,0,0,0,0,0,0
64,27,1,2915.41682186241,1453.81131782353,0,0,0,161,0,0,0
64,27,2,3041.36367520548,1759.41934636341,0,0,0,77,0,0,0
64,27,3,3016.21114624001,1662.09169503863,0,0,0,88,0,0,0
64,27,4,3005.11442391042,1356.58611645153,0,0,0,127,0,0,0
64,27,5,3173.04468127745,1675.2546765447,0,0,0,92,0,0,0
64,27,6,3323.4988291277,1188.6621447714,0,0,0,89,0,0,0
64,27,7,20320.5666884803,6945.7312210617,31,0,0,199,0,0,1
64,27,8,0,1,0,0,0,0,0,0,0
64,28,1,2928.57434419201,1258.44185276818,0,0,0,145,0,0,0
64,28,2,3056.88333247268,842.999147929313,0,0,0,175,0,0,0
64,28,3,3035.25855744001,1667.83241097357,0,0,0,166,0,0,0
64,28,4,3016.27952855042,568.693076310645,0,0,0,135,0,0,0
64,28,5,3199.28102477416,1641.29607814333,0,0,0,167,0,0,0
64,28,6,3347.3383068877,1492.83163529518,0,0,0,118,0,0,0
64,28,7,20356.9557465283,7447.87919029448,72,0,0,179,0,0,0
64,28,8,0,1,0,0,0,0,0,0,0
64,29,1,2937.58653857793,979.390015992611,0,0,0,125,0,0,0
64,29,2,3053.80006591268,1606.82194149463,0,0,0,84,0,0,0
64,29,3,3060.38731898881,2023.35601786522,0,0,0,166,0,0,0
64,29,4,3007.65473331202,1513.65005711563,0,0,0,56,0,0,0
64,29,5,3230.78582185576,850.431484437147,0,0,0,164,0,0,0
64,29,6,3383.7386094797,1196.63310800572,0,0,0,149,0,0,0
64,29,7,20407.3183809526,8375.49669112054,60,0,0,208,0,0,0
64,29,8,0,1,0,0,0,0,0,0,0
64,30,1,2932.80985044993,1373.9656356584,0,0,0,97,0,0,0
64,30,2,3061.58004309182,1602.48141041263,0,0,0,160,0,0,0
64,30,3,3073.8734425383,1436.30587732696,1,0,0,187,0,0,0
64,30,4,3019.47488077416,1478.56961802503,0,0,0,151,0,0,0
64,30,5,3229.21290983016,1166.36148085337,0,0,0,85,0,0,0
64,30,6,3405.9080635597,1617.71275900184,0,0,0,119,0,0,0
64,30,7,20447.1438662645,13178.5209186551,52,0,0,233,0,0,0
64,30,8,0,1,0,0,0,0,0,0,0
64,31,1,2933.09691553793,995.517439881512,0,0,0,137,0,0,0
64,31,2,3062.68321017022,845.000170930362,0,0,0,160,0,0,0
64,31,3,3075.6050948432,1392.52538552588,0,0,0,143,0,0,0
64,31,4,3026.50156393187,1360.14785094194,0,0,0,147,0,0,0
64,31,5,3231.49879271016,448.258475279759,0,0,0,116,0,0,0
64,31,6,3436.5961429197,1411.52227172321,0,0,0,161,0,0,0
64,31,7,20470.9873453045,4360.09431591911,40,0,0,203,0,0,0
64,31,8,0,1,0,0,0,0,0,0,0
64,32,1,2928.68800315393,1403.894237431,0,0,0,99,0,0,0
64,32,2,3051.86932626622,964.389855890858,0,0,0,84,0,0,0
64,32,3,3069.77536564512,891.122114378321,0,18,0,112,0,0,0
64,32,4,3032.14164869859,412.613332279053,0,0,0,136,0,0,0
64,32,5,3217.57638223464,1278.53262619956,0,0,0,44,0,0,0
64,32,6,3457.74272851232,1471.45955866982,0,12,0,122,0,0,0
64,32,7,20487.2093880309,9608.86232593041,0,174,0,168,0,0,0
64,32,8,0,1,0,0,0,0,0,0,0
64,33,1,2931.97741688834,950.253824220443,0,0,0,140,0,0,0
64,33,2,3042.34554320569,1525.51611790126,0,0,0,96,0,0,0
64,33,3,3062.58464105842,1255.21499658205,0,0,0,89,0,0,0
64,33,4,3011.78773873379,1444.02545884618,0,0,0,41,0,0,0
64,33,5,3220.73525685864,1440.94884025259,0,0,0,127,0,0,0
64,33,6,3485.59591046432,1519.16290283697,0,0,0,147,0,0,0
64,33,7,20526.8685143028,10095.2529746862,28,0,0,209,0,0,0
64,33,8,0,1,0,0,0,0,0,0,0
64,34,1,2924.19188918273,1404.18242725913,0,0,0,95,0,0,0
64,34,2,3047.75973174969,1168.85055745622,0,0,0,152,0,0,0
64,34,3,3062.45268788594,774.849939803626,0,0,0,125,0,0,0
64,34,4,3015.98702758626,1245.84826636205,0,0,0,144,0,0,0
64,34,5,3226.67141125736,839.674834426228,0,0,0,144,0,0,0
64,34,6,3516.97346743585,1224.22533638335,0,0,0,151,0,0,0
64,34,7,20566.2679778292,7189.50222736216,27,0,0,228,0,0,0
64,34,8,0,1,0,0,0,0,0,0,0
64,35,1,2918.78100959233,1230.4638191974,0,58,0,82,0,0,0
64,35,2,3027.85163787961,1356.72992403774,0,40,0,76,0,0,0
64,35,3,3032.94158214923,614.057898303786,0,39,0,38,0,0,0
64,35,4,2996.05119658313,1779.25504733682,0,56,0,68,0,0,0
64,35,5,3200.03031281256,1265.57828123306,0,64,0,19,0,0,0
64,35,6,3508.77731171207,2091.62068466407,0,61,0,61,0,0,0
64,35,7,20596.3728866292,12614.3840994431,3,251,0,222,0,0,3
64,35,8,0,1,0,0,0,0,0,0,0
64,36,1,2927.21964922881,634.682332216375,0,0,0,123,0,0,0
64,36,2,3029.92298926098,1121.38277269833,0,0,0,135,0,0,0
64,36,3,3020.22072933107,1428.58369583472,0,0,0,61,0,0,0
64,36,4,3014.20459895195,2014.71481704558,0,0,0,177,0,0,0
64,36,5,3214.18270852221,1472.35705625462,0,0,0,126,0,0,0
64,36,6,3552.64499760007,2479.9638881782,0,0,0,187,0,0,0
64,36,7,20646.1889797927,10088.1448833175,26,0,0,243,0,0,0
64,36,8,0,1,0,0,0,0,0,0,0
64,37,1,2921.10971312129,1194.80260795131,0,0,0,63,0,0,0
64,37,2,3036.05891010971,1151.75610435956,0,0,0,112,0,0,0
64,37,3,3041.93695390287,2037.6087629803,0,0,0,142,0,0,0
64,37,4,3040.34806937699,1288.923414839,0,0,0,201,0,0,0
64,37,5,3236.86009797347,737.636947521545,0,0,0,147,0,0,0
64,37,6,3623.72081302407,799.265616009198,0,0,0,238,0,0,0
64,37,7,20698.0427283444,10056.9550909732,28,0,0,205,0,0,0
64,37,8,0,1,0,0,0,0,0,0,0
64,38,1,2933.44805499291,1122.20167126455,0,0,0,119,0,0,0
64,38,2,3046.78661454559,437.258803281337,0,0,0,115,0,0,0
64,38,3,3076.47137786454,2054.02909796004,0,0,0,194,0,0,0
64,38,4,3062.2600023951,1120.72143584705,0,0,0,128,0,0,0
64,38,5,3239.0043216675,685.238361981585,0,0,0,73,0,0,0
64,38,6,3642.96799771527,1343.52898071271,0,0,0,79,0,0,0
64,38,7,20747.6285363024,4372.69335197171,31,0,0,194,0,0,4
64,38,8,0,1,0,0,0,0,0,0,0
64,39,1,2937.231282901,878.218122007409,3,0,0,107,0,0,0
64,39,2,3029.26684837804,1723.96146766211,0,0,0,43,0,0,0
64,39,3,3081.17590353306,1546.57900391727,39,0,0,139,0,0,0
64,39,4,3065.55102855676,1173.47581167717,0,0,0,112,0,0,0
64,39,5,3232.54784456542,897.499239028533,0,0,0,68,0,0,0
64,39,6,3665.87730109237,1826.34181051294,3,0,0,129,0,0,0
64,39,7,20762.6972185423,11361.6150422722,166,0,0,149,0,0,2
64,39,8,0,1,0,0,0,0,0,0,0
64,40,1,2934.49156574413,1154.5508183962,0,0,0,87,0,0,0
64,40,2,3038.46060144556,1173.00851265006,0,0,0,172,0,0,0
64,40,3,3089.01851373773,1562.11922397519,0,0,0,154,0,0,0
64,40,4,3057.79901811687,1481.96067243385,0,0,0,117,0,0,0
64,40,5,3227.297126681,1469.68034781039,0,0,0,89,0,0,0
64,40,6,3694.44273612949,1826.34991282582,0,0,0,182,0,0,0
64,40,7,20781.8129377103,4328.41258815179,40,0,0,180,0,0,0
64,40,8,0,1,0,0,0,0,0,0,0
64,41,1,2921.00576897516,1737.54277556432,0,66,0,49,0,0,0
64,41,2,3019.5230865336,598.274658028636,0,70,0,47,0,0,0
64,41,3,3072.63072403432,1248.26499521549,0,80,0,76,0,0,0
64,41,4,3036.77039431778,1677.8878814386,0,81,0,67,0,0,0
64,41,5,3219.32858718439,872.975947295194,0,63,0,83,0,0,0
64,41,6,3703.2498220291,875.706521535414,0,78,0,104,0,0,0
64,41,7,20801.5462604623,10463.3132236887,1,202,0,186,0,0,0
64,41,8,0,1,0,0,0,0,0,0,0
64,42,1,2940.12627481658,1363.37237351754,0,0,0,173,0,0,0
64,42,2,3019.642948396,1332.5114461682,0,0,0,59,0,0,0
64,42,3,3082.92541900795,976.19693637391,0,0,0,124,0,0,0
64,42,4,3060.58770070291,1221.3263652484,0,0,0,167,0,0,0
64,42,5,3224.08383289981,652.366747710071,0,0,0,87,0,0,0
64,42,6,3714.4601385219,1608.16197879502,0,0,0,87,0,0,0
64,42,7,20834.3894604623,10555.2144284414,28,0,0,193,0,0,0
64,42,8,0,1,0,0,0,0,0,0,0
64,43,1,2955.05627675706,1103.02374277426,0,0,0,136,0,0,0
64,43,2,3032.94052752606,1165.65462967413,0,0,0,133,0,0,0
64,43,3,3084.74346807701,1449.8093392044,0,0,0,97,0,0,0
64,43,4,3066.53471361811,992.426447920466,0,0,0,122,0,0,0
64,43,5,3222.91916425034,1894.64906980535,0,0,0,65,0,0,0
64,43,6,3757.27987105925,1500.70355925898,0,0,0,160,0,0,0
64,43,7,20877.2848260943,7683.56000528901,22,0,0,226,0,0,0
64,43,8,0,1,0,0,0,0,0,0,0
64,44,1,2966.52982186738,565.366672029475,0,0,0,110,0,0,0
64,44,2,3045.6846036844,1391.69773999244,0,0,0,116,0,0,0
64,44,3,3098.3790243038,1142.62443856636,0,0,0,144,0,0,0
64,44,4,3066.55506166628,775.084756516395,0,0,0,99,0,0,0
64,44,5,3247.49697716451,1509.09486786691,4,0,0,158,0,0,0
64,44,6,3791.25579294853,1050.39529664667,0,0,0,150,0,0,0
64,44,7,20904.6591856463,6105.64425174016,88,0,0,166,0,0,0
64,44,8,0,1,0,0,0,0,0,0,0
64,45,1,2963.2787857082,987.700803615134,0,0,0,56,0,0,0
64,45,2,3063.65566220066,1616.99898282494,0,0,0,139,0,0,0
64,45,3,3101.49055484469,1199.79669285614,0,0,0,114,0,0,0
64,45,4,3060.78011560723,756.386909817305,0,0,0,77,0,0,0
64,45,5,3267.5858454518,1343.99648997012,0,0,0,150,0,0,0
64,45,6,3810.53836633835,1182.91165142911,0,0,0,105,0,0,0
64,45,7,20950.7608873807,11192.6068650053,158,0,0,211,0,0,0
64,45,8,0,1,0,0,0,0,0,0,0
64,46,1,2966.38218248127,1220.42517763871,0,0,0,98,0,0,0
64,46,2,3076.00221585104,793.917833074868,0,0,0,161,0,0,0
64,46,3,3105.08251490869,1312.12232347957,0,0,0,119,0,0,0
64,46,4,3053.04949891875,714.556142712624,0,0,0,75,0,0,0
64,46,5,3277.33782697393,752.353143632355,0,0,0,134,0,0,0
64,46,6,3829.58553138923,1608.46445281016,0,0,0,118,0,0,0
64,46,7,20993.7558443855,6606.31866299709,45,0,0,204,0,0,0
64,46,8,0,1,0,0,0,0,0,0,0
64,47,1,2984.05771321099,1815.57463048472,0,0,0,122,0,0,0
64,47,2,3098.37448823181,958.771079523558,0,0,0,79,0,0,0
64,47,3,3123.40223101706,1010.74650663876,0,0,0,131,0,0,0
64,47,4,3047.8114111549,1069.94242178478,0,0,0,71,0,0,0
64,47,5,3287.44769113438,1133.48633341578,0,0,0,75,0,0,0
64,47,6,3892.59662464645,1577.9688401954,0,0,0,160,0,0,0
64,47,7,21061.6465571138,7185.42950288806,128,0,0,186,0,0,0
64,47,8,0,1,0,0,0,0,0,0,0
64,48,1,3027.51236078813,1169.18544879244,1,0,0,177,0,0,0
64,48,2,3112.03617013641,1481.92238510854,0,0,0,95,0,0,0
64,48,3,3135.04403084982,1145.74173281831,0,0,0,101,0,0,0
64,48,4,3055.34794363965,776.053440780395,0,0,0,106,0,0,0
64,48,5,3311.64311228871,1297.7041084347,0,0,0,113,0,0,0
64,48,6,3955.79643688415,945.153798390379,0,0,0,157,0,0,0
64,48,7,21145.8904896433,12829.8128902702,132,0,0,210,0,0,0
64,48,8,0,1,0,0,0,0,0,0,0
64,49,1,3036.23698523013,629.211012030677,0,0,0,116,0,0,0
64,49,2,3119.80891791979,1567.6853675776,0,0,0,148,0,0,0
64,49,3,3133.53875310657,1642.70271467448,0,0,0,114,0,0,0
64,49,4,3041.09598782827,1353.45931208611,0,0,0,77,0,0,0
64,49,5,3326.13645159675,790.091066476133,0,0,0,129,0,0,0
64,49,6,3967.39979263794,1660.88736982568,0,0,0,94,0,0,0
64,49,7,21192.3845855152,8450.34597658564,45,0,0,224,0,0,0
64,49,8,0,1,0,0,0,0,0,0,0
64,50,1,3033.8923870226,713.270515940685,0,0,0,62,0,0,0
64,50,2,3125.03995705314,1312.55276815024,0,0,0,156,0,0,0
64,50,3,3140.02045236592,1407.66261159402,0,0,0,164,0,0,0
64,50,4,3044.4889698982,1539.01678863536,0,0,0,135,0,0,0
64,50,5,3325.05689869399,614.765714491925,0,0,0,79,0,0,0
64,50,6,4000.88790321683,1293.8318952648,1,0,0,160,0,0,0
64,50,7,21241.2091480189,9080.61756766415,119,0,0,210,0,0,0
64,50,8,0,1,0,0,0,0,0,0,0
64,51,1,3034.31679228576,1217.71426682564,0,0,0,71,0,0,0
64,51,2,3127.76959934829,1329.72650520374,0,0,0,131,0,0,0
64,51,3,3149.12453424512,1585.12120173361,0,0,0,140,0,0,0
64,51,4,3057.37125613489,1155.76259634837,0,0,0,153,0,0,0
64,51,5,3316.82413849982,1273.92751866888,0,0,0,61,0,0,0
64,51,6,4035.5732787335,1638.21251858527,0,0,0,129,0,0,0
64,51,7,21286.1131329497,11600.2222142945,144,0,0,173,0,0,0
64,51,8,0,1,0,0,0,0,0,0,0
64,52,1,3040.25245495197,1293.6569947617,0,0,0,121,0,0,0
64,52,2,3120.83968464697,1064.57300687174,0,0,0,132,0,0,0
64,52,3,3146.4994728431,1214.27121685029,0,0,0,158,0,0,0
64,52,4,3052.68692231128,1608.90473288379,0,0,0,115,0,0,0
64,52,5,3322.87870912554,1155.43796919434,0,0,0,127,0,0,0
64,52,6,4069.97947347252,2434.86221720906,0,0,0,163,0,0,0
64,52,7,21336.9980888435,10774.8898440113,0,44,0,240,0,0,0
64,52,8,0,1,0,0,0,0,0,0,0
64,53,1,3019.2232663194,1157.61524091601,0,92,0,37,0,0,0
64,53,2,3098.66928697064,979.155075409954,0,65,0,41,0,0,0
64,53,3,3115.09417215871,1284.30029030398,0,74,0,47,0,0,0
64,53,4,3031.47476576256,540.037715724754,0,84,0,76,0,0,0
64,53,5,3304.78112810502,896.754482125295,0,61,0,54,0,0,0
64,53,6,4087.39680684094,1655.55034707237,0,117,0,126,0,0,0
64,53,7,21445.4364449138,11997.2686479551,0,552,0,486,0,0,0
64,53,8,0,1,0,0,0,0,0,0,0
64,54,1,3026.82480851173,854.414269103633,0,0,0,115,0,0,0
64,54,2,3098.29265310399,934.648147577016,0,0,0,97,0,0,0
64,54,3,3106.99328660337,1194.28464849645,0,0,0,128,0,0,0
64,54,4,3020.40895867303,1293.7065248978,0,0,0,54,0,0,0
64,54,5,3304.43982977832,526.732022411081,0,0,0,89,0,0,0
64,54,6,4131.00837323879,1296.24415468124,0,0,0,165,0,0,0
64,54,7,21482.4394913138,8695.55832790141,24,2,0,215,0,0,1
64,54,8,0,1,0,0,0,0,0,0,0
64,55,1,3034.6748060899,1182.00479545024,0,0,0,85,0,0,0
64,55,2,3101.65783328251,1701.98559368152,0,0,0,93,0,0,0
64,55,3,3121.07616073069,1289.36966153973,0,0,0,119,0,0,0
64,55,4,3039.49191900193,1323.74778052353,0,0,0,129,0,0,0
64,55,5,3305.71185604826,2021.0258584592,0,0,0,52,0,0,0
64,55,6,4177.76173516813,2084.16952490414,0,0,0,129,0,0,0
64,55,7,21550.0629218437,6537.31951120096,47,0,0,206,0,0,0
64,55,8,0,1,0,0,0,0,0,0,0
64,56,1,3047.85020662473,822.066052214942,0,0,0,118,0,0,0
64,56,2,3118.49372919574,1585.66461020272,2,0,0,158,0,0,0
64,56,3,3134.71828464973,1176.46625698422,0,0,0,128,0,0,0
64,56,4,3053.28624236185,1591.73805452675,0,0,0,132,0,0,0
64,56,5,3328.81824756897,1963.78431925625,5,0,0,174,0,0,0
64,56,6,4245.62858141685,1757.35976153116,3,0,0,192,0,0,0
64,56,7,21599.6647693075,8347.79168703765,91,0,0,166,0,0,0
64,56,8,0,1,0,0,0,0,0,0,0
64,57,1,3050.61549723361,2008.77644610134,0,0,0,82,0,0,0
64,57,2,3136.99685429347,1743.25582946611,0,0,0,158,0,0,0
64,57,3,3148.60608244207,1925.79824732467,0,0,0,117,0,0,0
64,57,4,3073.45797454799,1995.51165850465,0,0,0,159,0,0,0
64,57,5,3363.67397232021,1863.70215229001,0,0,0,196,0,0,0
64,57,6,4296.07390996633,1105.96812008785,0,0,0,175,0,0,0
64,57,7,21647.0189281248,15322.7346408765,67,0,0,177,0,0,0
64,57,8,0,1,0,0,0,0,0,0,0
64,58,1,3076.38352717125,1072.24847932265,0,0,0,186,0,0,0
64,58,2,3151.06640701147,1133.58513123894,0,0,0,174,0,0,0
64,58,3,3162.6355789418,1514.99585055778,0,0,0,192,0,0,0
64,58,4,3088.1827780642,773.543963261867,0,0,0,199,0,0,0
64,58,5,3391.57357245107,1157.39741545574,0,0,0,182,0,0,0
64,58,6,4309.76211141446,2031.97706547838,0,0,0,110,0,0,0
64,58,7,21682.9279436768,9007.45112609164,44,0,0,207,0,0,0
64,58,8,0,1,0,0,0,0,0,0,0
64,59,1,3079.29314322915,1092.79360649263,0,0,0,107,0,0,0
64,59,2,3146.51671497359,1389.64130802795,0,0,0,113,0,0,0
64,59,3,3170.80702133057,1020.74470693208,0,0,0,151,0,0,0
64,59,4,3080.70960735718,1330.6692979994,0,0,0,77,0,0,0
64,59,5,3400.96706311866,1097.4982023448,0,0,0,115,0,0,0
64,59,6,4371.45080649965,2448.66415224574,0,0,0,201,0,0,0
64,59,7,21728.9410760057,11613.9028269432,56,0,0,219,0,0,0
64,59,8,0,1,0,0,0,0,0,0,0
64,60,1,3082.65347565727,1079.26901800454,0,0,0,109,0,0,0
64,60,2,3154.313215473,2045.17086935387,0,0,0,138,0,0,0
64,60,3,3159.71810605959,1509.65220263496,0,0,0,102,0,0,0
64,60,4,3083.79072323275,1388.4954839936,0,0,0,133,0,0,0
64,60,5,3406.67705147009,911.473107278199,0,0,0,109,0,0,0
64,60,6,4421.8030294638,2136.16739940679,1,0,0,208,0,0,0
64,60,7,21754.012109579,11222.7164190742,53,0,0,200,0,0,0
64,60,8,0,1,0,0,0,0,0,0,0
64,61,1,3087.98162855238,523.557699331291,0,0,0,107,0,0,0
64,61,2,3191.80993604111,757.642881098753,0,0,0,204,0,0,0
64,61,3,3164.13729954729,719.424811952034,0,0,0,150,0,0,0
64,61,4,3101.41125642048,585.316304905093,0,0,0,138,0,0,0
64,61,5,3409.58823724052,1520.04979031597,0,0,0,91,0,0,0
64,61,6,4516.60198728757,2800.35347008961,0,0,0,213,0,0,0
64,61,7,21802.9910816571,12665.2849003979,0,51,0,237,0,0,0
64,61,8,0,1,0,0,0,0,0,0,0
64,62,1,3074.40186665016,875.899679764259,0,23,0,27,0,0,0
64,62,2,3181.75449788689,1324.09832150846,0,4,0,71,0,0,0
64,62,3,3144.9630374918,1043.39141627179,0,7,0,64,0,0,0
64,62,4,3082.73754140502,1169.17652634325,0,5,0,53,0,0,0
64,62,5,3408.67945067808,1353.96890348587,0,46,0,101,0,0,0
64,62,6,4543.34440215097,1266.61359969895,0,136,0,130,0,0,0
64,62,7,21875.7525659131,8144.70447772122,5,392,0,380,0,0,0
64,62,8,0,1,0,0,0,0,0,0,0
64,63,1,3073.02535921638,1339.89044103522,0,0,0,87,0,0,0
64,63,2,3195.90216909577,1537.5625265422,0,0,0,132,0,0,0
64,63,3,3134.65951871426,2222.49299013944,0,0,0,104,0,0,0
64,63,4,3091.90174969854,1812.93823135323,0,0,0,116,0,0,0
64,63,5,3426.20743874575,1672.61744510506,0,0,0,135,0,0,0
64,63,6,4603.70461378691,1183.07787031597,0,0,0,126,0,0,0
64,63,7,21949.8726477593,15583.9405664768,25,0,0,216,0,0,0
64,63,8,0,1,0,0,0,0,0,0,0
64,64,1,3081.20853611285,777.726641511501,0,0,0,133,0,0,0
64,64,2,3194.92396989838,326.676264518184,0,0,0,153,0,0,0
64,64,3,3139.52572633202,1304.51239669629,0,0,0,190,0,0,0
64,64,4,3111.99814588752,961.901124575268,0,0,0,181,0,0,0
64,64,5,3451.94978933504,912.299221136794,0,0,0,167,0,0,0
64,64,6,4643.33563220803,1288.26924755958,0,0,0,118,0,0,0
64,64,7,22002.7114105011,5776.0704546151,24,1,0,226,0,0,1
64,64,8,0,1,0,0,0,0,0,0,0
64,65,1,3085.57863754084,1764.50542811942,0,0,0,77,0,0,0
64,65,2,3170.15925077412,864.356167061973,0,0,0,32,0,0,0
64,65,3,3153.57216237438,540.339344697442,0,0,0,130,0,0,0
64,65,4,3108.04629441603,934.486095208726,0,0,0,96,0,0,0
64,65,5,3466.62898391527,850.525145009498,0,0,0,91,0,0,0
64,65,6,4713.25039030592,1764.07642370652,0,0,0,128,0,0,0
64,65,7,22101.3346970177,8480.38492084389,148,0,0,221,0,0,0
64,65,8,0,1,0,0,0,0,0,0,0
64,66,1,3135.14657118397,1413.90028651035,0,0,0,176,0,0,0
64,66,2,3180.85047585852,1234.77269742271,0,0,0,86,0,0,0
64,66,3,3138.28375141797,530.951313087601,0,0,0,54,0,0,0
64,66,4,3102.91410038438,1409.71753759135,0,0,0,93,0,0,0
64,66,5,3481.80100962242,1326.25516100945,0,0,0,85,0,0,0
64,66,6,4831.72004155541,3118.51804023746,0,0,0,176,0,0,0
64,66,7,22226.6094923867,10106.915148235,0,35,0,220,0,0,0
64,66,8,0,1,0,0,0,0,0,0,0
64,67,1,3142.65636702147,1168.88354205604,0,12,0,122,0,0,0
64,67,2,3190.98264316118,1656.73866447213,0,0,0,123,0,0,0
64,67,3,3117.93770369553,1841.82767496049,0,0,0,53,0,0,0
64,67,4,3113.09134015267,1248.48004621355,0,1,0,139,0,0,0
64,67,5,3492.03992083053,1592.39365346378,0,1,0,131,0,0,0
64,67,6,4927.53571309922,1251.53600731881,0,89,0,169,0,0,0
64,67,7,22363.1144038763,9740.84408665189,0,384,0,396,0,0,0
64,67,8,0,1,0,0,0,0,0,0,0
64,68,1,3145.43001586459,1412.43481347797,0,0,0,116,0,0,0
64,68,2,3220.23467534606,1248.03908549727,0,0,0,165,0,0,0
64,68,3,3141.82246617938,1764.23844128978,0,0,0,184,0,0,0
64,68,4,3105.56449224566,717.142435356912,0,0,0,124,0,0,0
64,68,5,3524.64028967351,1915.32809879333,0,0,0,159,0,0,0
64,68,6,4975.03399161805,2103.16846272535,0,0,0,125,0,0,0
64,68,7,22427.0035968283,6137.71920697566,28,0,0,210,0,0,0
64,68,8,0,1,0,0,0,0,0,0,0
64,69,1,3132.20247627744,1036.15212650602,0,66,0,75,0,0,0
64,69,2,3192.18382539653,876.782222209928,0,63,0,61,0,0,0
64,69,3,3134.17609644671,1079.89192218819,0,76,0,100,0,0,0
64,69,4,3083.51429768821,1267.73912444584,0,23,0,48,0,0,0
64,69,5,3519.74519002394,1942.32347210576,0,100,0,91,0,0,0
64,69,6,4994.97094487894,768.030945380331,0,104,0,106,0,0,0
64,69,7,22538.737000854,8772.82376806722,0,309,0,304,0,0,0
64,69,8,0,1,0,0,0,0,0,0,0
64,70,1,3148.12039415644,1482.5579758522,0,0,0,103,0,0,0
64,70,2,3213.45550350385,2084.29657735918,0,0,0,87,0,0,0
64,70,3,3151.35360559341,858.365636885278,0,0,0,107,0,0,0
64,70,4,3105.55299884489,1260.90271199774,0,0,0,126,0,0,0
64,70,5,3576.01301741411,1405.68038268911,0,0,0,193,0,0,0
64,70,6,5036.7031835786,3469.66655607362,0,0,0,76,0,0,0
64,70,7,22608.5712740519,13832.7494215125,31,0,0,195,0,0,0
64,70,8,0,1,0,0,0,0,0,0,0
64,71,1,3172.35248938386,799.181136858812,0,0,0,148,0,0,0
64,71,2,3234.26853562781,1880.78517649257,0,0,0,207,0,0,0
64,71,3,3146.66679219392,1762.79410414358,0,0,0,85,0,0,0
64,71,4,3114.93678924411,631.832454874424,0,0,0,126,0,0,0
64,71,5,3603.65914486726,1628.90060977589,0,0,0,140,0,0,0
64,71,6,5157.02334529232,2388.79783201405,0,0,0,323,0,0,0
64,71,7,22660.4442767772,9933.85598918275,24,2,0,201,0,0,0
64,71,8,0,1,0,0,0,0,0,0,0
64,72,1,3175.57396911883,1278.36093107807,0,0,0,79,0,0,0
64,72,2,3287.27623370139,1451.09268596221,0,0,0,188,0,0,0
64,72,3,3194.86390424978,2372.7606483826,0,0,0,175,0,0,0
64,72,4,3118.14143094176,908.185871713999,0,0,0,63,0,0,0
64,72,5,3656.75182810605,1105.7489954556,0,0,0,162,0,0,0
64,72,6,5338.74566897322,2225.49796938328,0,0,0,228,0,0,2
64,72,7,22765.265236233,11443.9210462894,50,0,0,222,0,0,0
64,72,8,0,1,0,0,0,0,0,0,0
64,73,1,3177.64739430254,679.605676056066,0,0,0,127,0,0,0
64,73,2,3311.12931637328,1223.17879231012,0,0,0,145,0,0,0
64,73,3,3208.25886260224,1202.03190008564,2,0,0,195,0,0,0
64,73,4,3105.00801746117,1384.22755423699,0,0,0,90,0,0,0
64,73,5,3673.07969454394,718.635600784507,0,0,0,110,0,0,0
64,73,6,5409.39657786848,2918.20653953012,1,0,0,196,0,0,0
64,73,7,22840.8370194679,10766.2131164359,44,0,0,267,0,0,0
64,73,8,0,1,0,0,0,0,0,0,0
64,74,1,3169.34357650753,947.750361283582,0,0,0,67,0,0,0
64,74,2,3325.36117870592,1817.35987192423,0,0,0,122,0,0,0
64,74,3,3221.79748800617,759.593287166148,0,0,0,120,0,0,0
64,74,4,3122.74172688792,1480.62478287559,0,0,0,138,0,0,0
64,74,5,3666.07776835153,1523.28219701362,0,0,0,71,0,0,0
64,74,6,5506.19181297049,2071.39562006377,8,0,0,198,0,0,0
64,74,7,22900.2795688617,10692.7629821823,85,0,0,204,0,0,0
64,74,8,0,1,0,0,0,0,0,0,0
64,75,1,3169.44226026632,1568.14336968253,0,0,0,94,0,0,0
64,75,2,3347.79762393425,1715.38482675489,0,0,0,181,0,0,0
64,75,3,3220.3006268543,579.697273107427,0,0,0,75,0,0,0
64,75,4,3138.10845447494,962.975777013575,0,0,0,148,0,0,0
64,75,5,3703.43742297926,1244.26338608822,0,0,0,152,0,0,0
64,75,6,5608.87213596808,2543.95911557853,3,0,0,184,0,0,0
64,75,7,22973.3820105858,10573.8617282846,115,0,0,202,0,0,7
64,75,8,0,1,0,0,0,0,0,0,0
64,76,1,3198.91782477767,1097.17041059597,0,0,0,156,0,0,0
64,76,2,3406.0865072983,1206.58287495397,0,0,0,171,0,0,0
64,76,3,3216.30150261861,1443.60703344849,0,0,0,57,0,0,0
64,76,4,3145.13198428855,1437.9391943408,0,0,0,96,0,0,0
64,76,5,3745.74943458086,951.319337611394,0,0,0,124,0,0,0
64,76,6,5764.68423116835,2397.11453387579,0,2,0,210,0,0,0
64,76,7,23057.9360927311,8416.9397672377,0,43,0,189,0,0,0
64,76,8,0,1,0,0,0,0,0,0,0
64,77,1,3176.1349974825,1191.51292988691,0,46,0,59,0,0,0
64,77,2,3401.33477382787,833.454862640228,0,26,0,92,0,0,0
64,77,3,3208.95112262103,2059.8434198054,0,51,0,88,0,0,0
64,77,4,3136.29910228242,1961.2658897718,0,42,0,97,0,0,0
64,77,5,3744.61309115749,1682.58262136096,0,27,0,65,0,0,0
64,77,6,5796.14888324347,2057.01123833872,0,107,0,122,0,0,0
64,77,7,23128.6003435373,12133.8029185136,2,266,0,259,0,0,5
64,77,8,0,1,0,0,0,0,0,0,0
64,78,1,3190.79165652115,1275.27836598457,0,0,0,119,0,0,0
64,78,2,3392.54208404468,1361.17478596411,0,0,0,83,0,0,0
64,78,3,3236.81529774812,1123.96001611631,0,0,0,202,0,0,0
64,78,4,3168.44085545133,1434.18328563431,0,0,0,196,0,0,0
64,78,5,3797.77237592606,2127.35958006475,0,0,0,168,0,0,0
64,78,6,5879.62371070461,2587.30019229312,0,0,0,187,0,0,0
64,78,7,23235.6443855887,4449.55724528901,23,0,0,363,0,0,0
64,78,8,0,1,0,0,0,0,0,0,0
64,79,1,3186.84400755094,1096.98269768725,0,0,0,127,0,0,0
64,79,2,3404.16091551019,966.654198526406,0,0,0,136,0,0,0
64,79,3,3225.76278764502,1255.1399252814,0,0,0,112,0,0,0
64,79,4,3177.85509473577,1404.96089792151,0,0,0,143,0,0,0
64,79,5,3829.71057789085,1903.7470892843,3,0,0,177,0,0,0
64,79,6,5957.82243439563,3212.90559240486,6,0,0,191,0,0,0
64,79,7,23281.0990057856,9712.65509143572,21,0,0,206,0,0,0
64,79,8,0,1,0,0,0,0,0,0,0
64,80,1,3206.46394095871,1035.5298959181,0,0,0,109,0,0,0
64,80,2,3412.87365070366,1421.75972319642,0,0,0,96,0,0,0
64,80,3,3254.00019788054,1199.34623384109,0,0,0,125,0,0,0
64,80,4,3206.10252002414,1934.47663345334,0,0,0,140,0,0,0
64,80,5,3868.46104536043,1705.26791906398,0,0,0,165,0,0,0
64,80,6,6067.32905331829,2021.15238544971,4,0,0,190,0,0,0
64,80,7,23380.5734270811,10667.4627972227,20,1,0,244,0,0,0
64,80,8,0,1,0,0,0,0,0,0,0
64,81,1,3200.90236139692,663.823795074193,0,0,0,103,0,0,0
64,81,2,3428.09588582725,2554.72160944078,0,0,0,142,0,0,0
64,81,3,3271.40502768386,567.223588458618,0,0,0,119,0,0,0
64,81,4,3247.78003751686,1359.96196609164,0,0,0,193,0,0,0
64,81,5,3906.11693079437,1706.27281423744,0,0,0,170,0,0,0
64,81,6,6189.45752744047,1737.95047456742,0,0,0,202,0,0,0
64,81,7,23499.4552671597,13188.6819602376,20,0,0,315,0,0,3
64,81,8,0,1,0,0,0,0,0,0,0
64,82,1,3191.46642262037,1686.22160807646,0,0,0,66,0,0,0
64,82,2,3479.83569078814,1686.80955123938,0,2,0,196,0,0,0
64,82,3,3273.84379664468,1071.39732393143,0,0,0,56,0,0,0
64,82,4,3272.82771800094,661.938587042293,0,0,0,135,0,0,0
64,82,5,3982.57973052919,2098.71117675222,0,0,0,170,0,0,0
64,82,6,6278.39425160181,2891.39908214344,0,0,0,173,0,0,0
64,82,7,23593.6413330206,9010.19726478721,0,52,0,247,0,0,0
64,82,8,0,1,0,0,0,0,0,0,0
64,83,1,3204.84136593522,406.871889948691,0,12,0,143,0,0,0
64,83,2,3518.80783460644,2131.74786444432,0,12,0,142,0,0,0
64,83,3,3288.2959259895,1549.15806144398,0,0,0,107,0,0,0
64,83,4,3275.5053235411,1142.48549101176,0,0,0,66,0,0,0
64,83,5,4014.85624648138,1318.97722427825,0,38,0,129,0,0,0
64,83,6,6433.14948187004,2322.46781968967,0,62,0,157,0,0,0
64,83,7,23772.5607985599,6886.38802337814,0,264,0,337,0,0,0
64,83,8,0,1,0,0,0,0,0,0,0
64,84,1,3180.48728590874,1507.04614139869,0,0,0,40,0,0,0
64,84,2,3543.18504272098,1461.56606541137,1,0,0,190,0,0,0
64,84,3,3311.63761879579,1043.53443291728,0,0,0,154,0,0,0
64,84,4,3285.65488722574,762.213275490386,0,0,0,114,0,0,0
64,84,5,4052.99763727183,1652.32344274723,0,0,0,131,0,0,0
64,84,6,6548.06955587736,2657.01264298258,3,0,0,182,0,0,0
64,84,7,23842.541284062,6347.59470287766,35,0,0,185,0,0,0
64,84,8,0,1,0,0,0,0,0,0,0
64,85,1,3202.13328265068,710.576950511861,0,0,0,150,0,0,0
64,85,2,3525.910329702,1135.77898515147,0,0,0,146,0,0,0
64,85,3,3302.85188817063,1707.81114210803,0,0,0,104,0,0,0
64,85,4,3273.29352872998,549.037473648287,0,0,0,76,0,0,0
64,85,5,4084.35177865065,947.772638919926,0,0,0,165,0,0,0
64,85,6,6675.20546675336,3387.75924526096,3,0,0,198,0,0,3
64,85,7,23893.4230149159,11714.8342453933,28,0,0,199,0,0,0
64,85,8,0,1,0,0,0,0,0,0,0
64,86,1,3192.95396281579,1175.03808610191,0,0,0,71,0,0,0
64,86,2,3537.41848130544,1680.35349762893,0,0,0,113,0,0,0
64,86,3,3365.49720320107,1477.85919121067,0,0,0,170,0,0,0
64,86,4,3267.71023372486,1490.23148921986,0,0,0,54,0,0,0
64,86,5,4094.18926262833,1652.47480412289,0,0,0,94,0,0,0
64,86,6,6833.29158836677,1610.85710570327,4,0,0,191,0,0,0
64,86,7,24008.5825639932,12605.9868390589,28,0,0,221,0,0,3
64,86,8,0,1,0,0,0,0,0,0,0
64,87,1,3203.44456389095,1601.98499706386,0,0,0,117,0,0,0
64,87,2,3589.39627779259,1724.70446080547,0,0,0,168,0,0,0
64,87,3,3409.01295406514,936.310779970261,0,0,0,147,0,0,0
64,87,4,3302.84647447027,1126.99008266499,0,0,0,149,0,0,0
64,87,5,4147.98547154281,790.872354003696,0,0,0,165,0,0,0
64,87,6,7011.98613905641,4001.08596854995,0,0,0,161,0,0,0
64,87,7,24138.1816834041,11574.6383319004,0,47,0,234,0,0,0
64,87,8,0,1,0,0,0,0,0,0,0
64,88,1,3191.43507539215,1153.35550205587,0,98,0,62,0,0,0
64,88,2,3593.46699212431,1627.85647373201,0,74,0,98,0,0,0
64,88,3,3385.09314175198,625.106215967517,0,51,0,42,0,0,0
64,88,4,3298.1887241064,1525.2257428859,0,49,0,63,0,0,0
64,88,5,4133.89714764959,2536.30859463797,0,38,0,41,0,0,0
64,88,6,7173.60692148101,3103.06692280211,0,203,0,195,0,0,0
64,88,7,24288.0802747607,5896.31991066361,7,287,0,255,0,0,0
64,88,8,0,1,0,0,0,0,0,0,0
64,89,1,3216.12270924962,1263.80573467287,0,0,0,115,0,0,0
64,89,2,3648.43530252298,979.093229123252,0,0,0,162,0,0,0
64,89,3,3398.13750857224,1125.24114108615,0,0,0,62,0,0,0
64,89,4,3330.50494470025,2324.85239855337,0,0,0,152,0,0,0
64,89,5,4224.88792400179,2567.38941278076,5,0,0,185,0,0,0
64,89,6,7559.88168377641,3254.3145356415,2,0,0,279,0,0,0
64,89,7,24434.0946023849,4030.5440984203,28,0,0,224,0,0,0
64,89,8,0,1,0,0,0,0,0,0,0
64,90,1,3225.11740597258,1480.63552835249,0,0,0,126,0,0,0
64,90,2,3634.06126691541,345.147040651238,0,0,0,97,0,0,0
64,90,3,3399.40789870295,958.415299962335,0,0,0,112,0,0,0
64,90,4,3333.64796608675,1249.56296197731,50,0,0,127,0,0,0
64,90,5,4243.20109033834,1681.47400577544,57,0,0,136,0,0,0
64,90,6,7600.76980988788,2621.93931542947,75,0,0,164,0,0,2
64,90,7,24469.7003430156,14152.7729696194,107,0,0,177,0,0,0
64,90,8,0,1,0,0,0,0,0,0,0
64,91,1,3226.53565638538,1317.74642706246,0,0,0,148,0,0,0
64,91,2,3609.03783222174,414.365033441382,0,0,0,34,0,0,0
64,91,3,3389.42952653998,887.864577662381,0,0,0,95,0,0,0
64,91,4,3344.7143912222,1989.36852071655,0,0,0,124,0,0,0
64,91,5,4274.86138584341,1104.20296614266,0,0,0,168,0,0,0
64,91,6,7786.75135621554,1885.99355678784,1,0,0,201,0,0,0
64,91,7,24489.5442662066,12449.0429560606,34,0,0,189,0,0,0
64,91,8,0,1,0,0,0,0,0,0,0
64,92,1,3233.56251886025,1477.6715206322,0,0,0,131,0,0,0
64,92,2,3580.09371928848,1022.70321408513,0,0,0,41,0,0,0
64,92,3,3382.29233650728,1973.00850763236,0,0,0,88,0,0,0
64,92,4,3375.4969460009,770.303705036078,0,0,0,197,0,0,0
64,92,5,4292.10767322929,2216.56090352938,0,0,0,110,0,0,0
64,92,6,7951.23072543902,4051.64861317863,0,0,0,178,0,0,2
64,92,7,24538.6961362555,10121.0426714372,24,0,0,226,0,0,6
64,92,8,0,1,0,0,0,0,0,0,0
64,93,1,3268.64290425292,1990.1823466845,0,0,0,147,0,0,0
64,93,2,3592.88170218791,632.479433685723,0,0,0,102,0,0,0
64,93,3,3416.36961742265,1137.1270006739,0,0,0,190,0,0,0
64,93,4,3389.62426224824,1122.32215069462,0,0,0,77,0,0,0
64,93,5,4433.51339916352,2748.73147147095,2,0,0,201,0,0,0
64,93,6,8137.95615447543,2146.25477810728,30,0,0,187,0,0,0
64,93,7,24651.5202838383,12120.8279305862,116,0,0,179,0,0,0
64,93,8,0,1,0,0,0,0,0,0,0
64,94,1,3304.93782640718,811.479806900062,0,0,0,199,0,0,0
64,94,2,3587.77672209971,1312.57091687016,0,0,0,63,0,0,0
64,94,3,3436.96031700772,1614.34283102215,0,0,0,113,0,0,0
64,94,4,3396.52415494048,1585.52904288297,0,0,0,112,0,0,0
64,94,5,4545.62551135002,1867.26539451362,0,2,0,194,0,0,0
64,94,6,8288.41428603275,4209.56601968044,0,1,0,189,0,0,0
64,94,7,24768.770199067,9560.67704465114,0,43,0,233,0,0,0
64,94,8,0,1,0,0,0,0,0,0,0
64,95,1,3298.09580689152,1408.42181849509,0,0,0,81,0,0,0
64,95,2,3607.34822284577,841.162572248756,0,0,0,131,0,0,0
64,95,3,3465.94374721087,1057.65719320315,0,8,0,149,0,0,0
64,95,4,3447.26763696164,1540.38668398685,0,4,0,151,0,0,0
64,95,5,4586.09534599407,2367.79594828349,0,39,0,128,0,0,0
64,95,6,8443.91179411078,3449.31055498683,0,145,0,203,0,0,0
64,95,7,24888.2953759375,6356.12402199134,4,237,0,241,0,0,0
64,95,8,0,1,0,0,0,0,0,0,0
64,96,1,3315.98787384916,642.649973432771,0,0,0,140,0,0,0
64,96,2,3618.18636739453,889.262448083521,0,0,0,84,0,0,0
64,96,3,3467.13715269262,1609.47753134495,0,0,0,105,0,0,0
64,96,4,3468.08637286989,1552.79213468959,0,0,0,154,0,0,0
64,96,5,4687.67801804146,2111.73795643382,1,0,0,214,0,0,0
64,96,6,8649.20488286494,2702.33630100205,13,0,0,182,0,0,0
64,96,7,24990.3488214237,12703.125012663,38,0,0,182,0,0,0
64,96,8,0,1,0,0,0,0,0,0,0
64,97,1,3297.83678817714,2165.67718208335,0,0,0,64,0,0,0
64,97,2,3589.32893039861,2405.214763141,0,0,0,88,0,0,0
64,97,3,3467.80739511473,852.495002011794,0,0,0,160,0,0,0
64,97,4,3481.07540665081,1839.79264551444,0,0,0,155,0,0,0
64,97,5,4680.16925445041,1545.3170279745,0,0,0,191,0,0,0
64,97,6,8793.55024704932,3892.63820772172,2,0,0,187,0,0,0
64,97,7,25084.8354024403,8330.93440197962,26,0,0,273,0,0,0
64,97,8,0,1,0,0,0,0,0,0,0
64,98,1,3294.98074064965,914.186878380048,0,106,0,110,0,0,0
64,98,2,3593.35193645743,1151.18055073973,0,116,0,124,0,0,0
64,98,3,3461.43416703886,1838.57627406067,0,36,0,49,0,0,0
64,98,4,3507.40837002385,1903.59225148582,0,87,0,96,0,0,0
64,98,5,4726.94417696184,2133.87417155426,0,62,0,92,0,0,0
64,98,6,8966.19005700908,3413.20151621574,0,158,0,193,0,0,1
64,98,7,25326.6434269142,18873.9363432801,0,387,0,409,0,0,1
64,98,8,0,1,0,0,0,0,0,0,0
64,99,1,3297.37956018781,372.559877455712,0,0,0,91,0,0,0
64,99,2,3594.48973489611,1406.81741343308,0,0,0,115,0,0,0
64,99,3,3481.63720748746,2246.58589826897,0,0,0,183,0,0,0
64,99,4,3532.72204215427,1008.0111398222,0,0,0,189,0,0,0
64,99,5,4778.27011185844,1842.8567479553,0,0,0,213,0,0,0
64,99,6,9102.73084587897,3953.95063399971,1,0,0,255,0,0,0
64,99,7,25371.1017291071,13284.4592867633,30,0,0,236,0,0,0
64,99,8,0,1,0,0,0,0,0,0,0
64,100,1,3294.30538264531,1453.50153313876,0,0,0,37,0,0,0
64,100,2,3622.13618911995,1403.32688571225,0,0,0,140,0,0,0
64,100,3,3514.00349275839,1685.9903220238,0,0,0,203,0,0,0
64,100,4,3546.03372271387,1393.56404217659,0,0,0,100,0,0,0
64,100,5,4831.43548247954,1267.66510639749,0,0,0,184,0,0,0
64,100,6,9313.23604255196,5582.26104015382,3,0,0,194,0,0,7
64,100,7,25461.8038168784,7972.96201910947,24,0,0,217,0,0,2
64,100,8,0,1,0,0,0,0,0,0,0
65,1,1,2755.9456,842.105546859498,0,0,0,44,0,0,0
65,1,2,2765.616,600.962799880308,0,0,0,68,0,0,0
65,1,3,2754.568,1218.32741629376,0,0,0,24,0,0,0
65,1,4,2748.696,872.225496741755,0,0,0,9,0,0,0
65,1,5,2770.608,736.673356036506,0,0,0,99,0,0,0
65,1,6,2754.3296,881.262395417542,0,0,0,17,0,0,0
65,1,7,20556.2399999999,9686.99761122683,0,0,0,93,0,0,0
65,1,8,0,3,0,0,0,95,0,0,0
65,2,1,2756.5152,1747.53459982826,0,0,0,84,0,0,0
65,2,2,2765.286144,1486.39766267087,0,0,0,60,0,0,0
65,2,3,2764.672,1095.6123595358,0,0,0,121,0,0,0
65,2,4,2751.0944,994.709030093596,0,0,0,87,0,0,0
65,2,5,2772.064,1250.50051546003,0,0,0,73,0,0,0
65,2,6,2758.848,576.377080949021,0,0,0,88,0,0,0
65,2,7,20516.1967999999,6082.97043916307,12,9,0,271,0,0,0
65,2,8,0,3,0,0,0,0,0,0,0
65,3,1,2767.65728,1326.9747904241,0,34,0,127,0,0,0
65,3,2,2772.854144,1170.78715868059,0,30,0,106,0,0,0
65,3,3,2771.616,541.659480651151,0,1,0,108,0,0,0
65,3,4,2754.256,803.797863453365,0,0,0,99,0,0,0
65,3,5,2782.3376,1360.35326036251,0,4,0,119,0,0,0
65,3,6,2754.88,412.129248369002,0,1,0,56,0,0,0
65,3,7,20478.1439999998,8079.17271154925,0,251,0,255,0,0,0
65,3,8,0,3,0,0,0,0,0,0,0
65,4,1,2786.0768,1388.31131907428,0,0,0,132,0,0,0
65,4,2,2789.452544,1489.97942140647,0,0,0,117,0,0,0
65,4,3,2769.2352,1135.32878500662,0,0,0,54,0,0,0
65,4,4,2756.3632,838.86363753373,0,0,0,80,0,0,0
65,4,5,2796.1088,1420.63330974658,0,0,0,136,0,0,0
65,4,6,2750.192,1386.67592132396,0,0,0,41,0,0,0
65,4,7,20477.3583999997,6219.90215220987,25,0,0,222,0,0,0
65,4,8,0,3,0,0,0,0,0,0,0
65,5,1,2803.9104,1360.03210097692,0,0,0,138,0,0,0
65,5,2,2806.127744,950.046897462684,0,0,0,148,0,0,0
65,5,3,2775.03072,589.247874268024,0,0,0,113,0,0,0
65,5,4,2755.02848,1760.71075677237,0,0,0,83,0,0,0
65,5,5,2807.84480000001,718.613040347551,0,0,0,142,0,0,0
65,5,6,2765.99232,1153.71511224107,0,0,0,138,0,0,0
65,5,7,20452.1783039997,2596.14152252488,21,0,0,186,0,0,0
65,5,8,0,3,0,0,0,0,0,0,0
65,6,1,2819.90304,1211.97232060332,0,0,0,136,0,0,0
65,6,2,2811.217344,446.035376606848,0,0,0,95,0,0,0
65,6,3,2769.15808,431.854519204994,0,0,0,58,0,0,0
65,6,4,2771.598016,756.110037155606,1,0,0,172,0,0,0
65,6,5,2805.30528,1189.44489784411,0,0,0,71,0,0,0
65,6,6,2772.6528,1374.23246770028,0,0,0,115,0,0,0
65,6,7,20423.4093951997,7163.60553225032,24,0,0,163,0,0,0
65,6,8,0,3,0,0,0,0,0,0,0
65,7,1,2829.375296,1553.22518311922,0,0,0,121,0,0,0
65,7,2,2804.335744,2046.0329630689,0,0,0,44,0,0,0
65,7,3,2756.9578752,926.060069481978,0,0,0,43,0,0,0
65,7,4,2769.259136,287.16052679334,0,0,0,75,0,0,0
65,7,5,2811.55648,1269.32239822939,0,0,0,118,0,0,0
65,7,6,2786.013056,851.771884083618,0,0,0,137,0,0,0
65,7,7,20399.9933951996,5252.0507491358,28,0,0,210,0,0,0
65,7,8,0,3,0,0,0,0,0,0,0
65,8,1,2844.19328,1555.4881873633,0,0,0,155,0,0,0
65,8,2,2818.640064,1389.73329415117,4,0,0,174,0,0,0
65,8,3,2758.40873216,1125.63244300576,0,0,0,92,0,0,0
65,8,4,2756.4849152,1002.05416288559,0,0,0,28,0,0,0
65,8,5,2821.60160000001,1079.96624194381,0,0,0,126,0,0,0
65,8,6,2788.653056,1384.16911079875,0,0,0,85,0,0,0
65,8,7,20372.2680191996,8157.79590103544,44,0,0,209,0,0,1
65,8,8,0,3,0,0,0,0,0,0,0
65,9,1,2861.182976,1055.43973749966,0,0,0,155,0,0,0
65,9,2,2825.41984,1576.57601344737,0,0,0,138,0,0,0
65,9,3,2760.09314816,1290.02757022345,0,0,0,112,0,0,0
65,9,4,2762.6744192,1088.38374848499,0,0,0,100,0,0,0
65,9,5,2829.66490880001,1039.30768867981,0,0,0,107,0,0,0
65,9,6,2802.203456,1382.61955802941,0,0,0,138,0,0,0
65,9,7,20339.0319329274,9550.24530724326,0,40,0,204,0,0,0
65,9,8,0,3,0,0,0,0,0,0,0
65,10,1,2858.421696,1072.40286496778,0,11,0,92,0,0,0
65,10,2,2829.179776,1216.61772843585,0,33,0,118,0,0,0
65,10,3,2759.04073216,1096.09898518134,0,10,0,117,0,0,0
65,10,4,2769.0350592,1148.3221133486,0,4,0,104,0,0,0
65,10,5,2830.07284480001,1477.85578521617,0,14,0,87,0,0,0
65,10,6,2808.67898880001,1159.80427874619,0,26,0,107,0,0,0
65,10,7,20352.4223329274,5938.78004071503,2,339,0,389,0,0,0
65,10,8,0,3,0,0,0,0,0,0,0
65,11,1,2863.36410880001,732.919775309346,0,0,0,107,0,0,0
65,11,2,2834.94406400001,871.102871826948,0,0,0,121,0,0,0
65,11,3,2763.12162816,883.738037895105,0,0,0,109,0,0,0
65,11,4,2774.6029952,1574.1682770679,0,0,0,114,0,0,0
65,11,5,2851.02854400001,1091.82448422695,0,0,0,147,0,0,0
65,11,6,2822.8528128,1080.44245806534,0,0,0,115,0,0,0
65,11,7,20373.4769889273,13520.0515389548,31,0,0,185,0,0,0
65,11,8,0,3,0,0,0,0,0,0,0
65,12,1,2861.94682880001,940.855534447543,0,0,0,73,0,0,0
65,12,2,2834.76409600001,509.605332280363,0,0,0,87,0,0,0
65,12,3,2761.84046336,1783.62739830837,0,0,0,88,0,0,0
65,12,4,2786.36645120001,657.504185709893,0,0,0,157,0,0,0
65,12,5,2862.94392064001,1592.81371606795,0,0,0,109,0,0,0
65,12,6,2835.68481280001,1281.83043355403,0,0,0,108,0,0,0
65,12,7,20391.7570529274,6267.42807331651,26,0,0,220,0,0,0
65,12,8,0,3,0,0,0,0,0,0,0
65,13,1,2864.21838080001,1353.28165827074,0,0,0,94,0,0,0
65,13,2,2826.18649600001,885.038755844175,0,0,0,50,0,0,0
65,13,3,2777.77001216,1586.23167235893,0,0,0,173,0,0,0
65,13,4,2784.9469312,1227.288280219,0,0,0,65,0,0,0
65,13,5,2881.23566848001,1119.22507546044,0,0,0,159,0,0,0
65,13,6,2851.5188608,1472.08611088305,0,0,0,128,0,0,0
65,13,7,20406.8242529273,4667.64831318485,34,0,0,184,0,0,0
65,13,8,0,3,0,0,0,0,0,0,0
65,14,1,2854.14882816001,1505.08192230863,87,0,0,48,0,0,0
65,14,2,2820.91616000001,790.05652504233,33,0,0,55,0,0,0
65,14,3,2772.12556032001,1285.17863100218,88,0,0,70,0,0,0
65,14,4,2782.25623040001,988.061841976004,62,0,0,60,0,0,0
65,14,5,2876.79278848001,1515.43701650394,60,0,0,51,0,0,0
65,14,6,2858.9233408,1586.79793448,59,0,0,88,0,0,0
65,14,7,20431.2920289273,8597.22975598768,219,0,0,238,0,0,1
65,14,8,0,3,0,0,0,0,0,0,0
65,15,1,2865.21537536001,488.980534145877,0,0,0,150,0,0,0
65,15,2,2820.33408000001,1380.1860538529,0,0,0,79,0,0,0
65,15,3,2785.18431232001,1545.11938558609,0,0,0,128,0,0,0
65,15,4,2789.32311040001,1645.6461416467,0,0,0,98,0,0,0
65,15,5,2895.99925248001,947.161876053616,0,0,0,151,0,0,0
65,15,6,2883.3075968,744.817505868663,0,0,0,158,0,0,0
65,15,7,20421.2289889273,12459.1696451904,54,0,0,199,0,0,0
65,15,8,0,3,0,0,0,0,0,0,0
65,16,1,2854.78578176001,442.301126672331,0,0,0,48,0,0,0
65,16,2,2833.03398400001,668.852915376993,0,0,0,138,0,0,0
65,16,3,2801.15073024001,1337.11783746936,0,0,0,154,0,0,0
65,16,4,2809.88155904001,946.461172629239,0,0,0,164,0,0,0
65,16,5,2898.84686848001,966.779475783819,0,0,0,94,0,0,0
65,16,6,2892.52839680001,1742.28819499794,0,0,0,74,0,0,0
65,16,7,20415.2225889273,6276.95039561131,36,0,0,225,0,0,0
65,16,8,0,3,0,0,0,0,0,0,0
65,17,1,2849.91290368001,619.036983875445,0,0,0,44,0,0,0
65,17,2,2831.73300480001,778.730202346501,0,0,0,66,0,0,0
65,17,3,2819.64175718401,643.417219218689,0,0,0,133,0,0,0
65,17,4,2813.03535104001,1052.56594056875,0,0,0,94,0,0,0
65,17,5,2909.46065408001,1017.33368406755,0,0,0,96,0,0,0
65,17,6,2912.18048000001,763.117154014244,4,0,0,158,0,0,0
65,17,7,20403.2925409272,8744.97192328536,121,0,0,166,0,0,0
65,17,8,0,3,0,0,0,0,0,0,0
65,18,1,2842.91370956801,818.075213842624,0,0,0,61,0,0,0
65,18,2,2831.13159424001,1390.18263455025,0,0,0,77,0,0,0
65,18,3,2818.91981414401,786.205406427165,0,0,0,64,0,0,0
65,18,4,2817.51496704002,656.88450574352,0,0,0,105,0,0,0
65,18,5,2915.69214208002,1524.31404318724,0,0,0,101,0,0,0
65,18,6,2917.06676480001,1156.63948584325,0,0,0,76,0,0,0
65,18,7,20403.4718970872,8960.62318276779,61,0,0,212,0,0,0
65,18,8,0,3,0,0,0,0,0,0,0
65,19,1,2844.92071833601,1211.26003828239,0,0,0,81,0,0,0
65,19,2,2843.39136000002,1573.65818079604,0,0,0,139,0,0,0
65,19,3,2817.27247974401,543.219104909644,0,0,0,78,0,0,0
65,19,4,2817.22919680002,1337.57117197036,0,0,0,65,0,0,0
65,19,5,2931.07354368002,1133.4995098852,0,0,0,152,0,0,0
65,19,6,2934.01192960001,942.500490479716,0,0,0,115,0,0,0
65,19,7,20406.1616890871,7380.29841461052,50,0,0,222,0,0,0
65,19,8,0,3,0,0,0,0,0,0,0
65,20,1,2836.98488473601,975.089778417017,78,0,0,43,0,0,0
65,20,2,2842.82418483202,961.900653727755,84,0,0,73,0,0,0
65,20,3,2804.37666355201,1445.6102810857,27,0,0,27,0,0,0
65,20,4,2811.30168627202,1701.32461485212,77,0,0,56,0,0,0
65,20,5,2928.50379776002,1637.02634419055,50,0,0,63,0,0,0
65,20,6,2934.53505024001,1290.88478632916,41,0,0,53,0,0,0
65,20,7,20426.053081087,7350.4522212248,217,2,0,263,0,0,18
65,20,8,0,3,0,0,0,0,0,0,0
65,21,1,2844.21527951361,1358.4086908473,0,0,0,97,0,0,0
65,21,2,2851.90326323202,963.931470425665,0,0,0,96,0,0,0
65,21,3,2817.83378534401,1177.42951604689,0,0,0,144,0,0,0
65,21,4,2832.64384307202,751.833988764778,0,0,0,170,0,0,0
65,21,5,2948.79226112002,1467.88646634805,0,0,0,163,0,0,0
65,21,6,2950.85034240001,1593.28914340257,0,0,0,129,0,0,0
65,21,7,20405.6660858869,7462.57365694376,218,0,0,251,0,0,1
65,21,8,0,3,0,0,0,0,0,0,0
65,22,1,2859.35157647362,1081.7802077267,0,0,0,135,0,0,0
65,22,2,2854.09861683202,1303.22070209272,0,0,0,96,0,0,0
65,22,3,2827.28137697282,967.385156789377,0,0,0,117,0,0,0
65,22,4,2827.72744499202,1036.61876796669,0,0,0,75,0,0,0
65,22,5,2963.21947648002,1192.64735611093,0,0,0,146,0,0,0
65,22,6,2974.00168499202,1575.98699201672,0,0,0,159,0,0,0
65,22,7,20391.4419118069,8224.03236319401,0,44,0,197,0,0,0
65,22,8,0,3,0,0,0,0,0,0,0
65,23,1,2849.76578703362,1098.01208232988,0,65,0,43,0,0,0
65,23,2,2848.46864384002,565.041450461987,0,64,0,66,0,0,0
65,23,3,2811.76679188482,1739.97321807495,0,43,0,53,0,0,0
65,23,4,2817.89992499201,931.146262379663,0,54,0,49,0,0,0
65,23,5,2958.86773760002,1025.80669570867,0,56,0,63,0,0,0
65,23,6,2972.20863795202,732.268219121144,0,86,0,71,0,0,0
65,23,7,20439.5526415348,14888.940118317,0,418,0,402,0,0,0
65,23,8,0,3,0,0,0,0,0,0,0
65,24,1,2862.13536348162,1135.20842112464,0,0,0,109,0,0,0
65,24,2,2849.09548800002,876.00936604778,0,0,0,56,0,0,0
65,24,3,2831.37356871682,1165.0293239053,0,0,0,173,0,0,0
65,24,4,2824.46566963202,1245.70915983008,0,0,0,93,0,0,0
65,24,5,2971.80582287362,1343.97413045201,0,0,0,102,0,0,0
65,24,6,2986.33353011202,1162.45782982814,0,0,0,73,0,0,0
65,24,7,20483.7950735348,8365.71392292293,28,0,0,249,0,0,0
65,24,8,0,3,0,0,0,0,0,0,0
65,25,1,2878.66897756162,1439.1249693721,0,0,0,113,0,0,0
65,25,2,2856.07114188802,1725.97796390569,0,0,0,87,0,0,0
65,25,3,2848.19033620482,1600.63828109612,0,0,0,116,0,0,0
65,25,4,2843.64065126401,1106.8513368382,0,0,0,124,0,0,0
65,25,5,3000.57313678953,1543.06484543956,0,0,0,134,0,0,0
65,25,6,3013.51665817602,1028.01860592188,0,0,0,116,0,0,0
65,25,7,20549.3993057268,7662.72244180504,115,0,0,222,0,0,0
65,25,8,0,3,0,0,0,0,0,0,0
65,26,1,2894.24568453122,1346.22539139768,0,0,0,143,0,0,0
65,26,2,2872.68251330562,720.11065009275,2,0,0,164,0,0,0
65,26,3,2866.72905236482,979.392794708226,1,0,0,156,0,0,0
65,26,4,2851.84527974401,888.137745502115,0,0,0,110,0,0,0
65,26,5,3027.72189070953,954.588918625725,0,0,0,154,0,0,0
65,26,6,3034.21355683842,1179.07384071822,0,0,0,102,0,0,0
65,26,7,20589.9464545268,11925.1313011038,139,0,0,217,0,0,1
65,26,8,0,3,0,0,0,0,0,0,0
65,27,1,2906.91739269122,953.993729860456,0,0,0,134,0,0,0
65,27,2,2870.10130370562,444.870529342204,0,0,0,72,0,0,0
65,27,3,2871.6251697357,1983.92561274604,0,0,0,97,0,0,0
65,27,4,2855.74800998401,555.338615804453,0,0,0,88,0,0,0
65,27,5,3036.73422734953,1078.06782848417,0,0,0,95,0,0,0
65,27,6,3055.81348259842,1207.96595920697,0,0,0,117,0,0,0
65,27,7,20627.2043617268,9118.5561948346,50,0,0,190,0,0,0
65,27,8,0,3,0,0,0,0,0,0,0
65,28,1,2918.54244741122,1739.31888715342,0,0,0,95,0,0,0
65,28,2,2862.08484546562,185.073625079169,0,0,0,44,0,0,0
65,28,3,2894.87416791042,760.278870388772,19,0,0,166,0,0,0
65,28,4,2853.66517708801,914.071695360739,0,0,0,55,0,0,0
65,28,5,3056.31065753193,1123.78634532366,1,0,0,106,0,0,0
65,28,6,3079.69074391041,1683.37657534021,0,0,0,120,0,0,0
65,28,7,20695.1906386931,11534.5813038841,263,2,0,221,0,0,25
65,28,8,0,3,0,0,0,0,0,0,0
65,29,1,2934.56357304322,1073.02166046525,0,0,0,170,0,0,0
65,29,2,2848.01819023362,678.374287790197,0,0,0,18,0,0,0
65,29,3,2895.8998479266,1257.36374421428,0,0,0,76,0,0,0
65,29,4,2856.01710991361,1487.44031477994,0,0,0,91,0,0,0
65,29,5,3069.43720857192,1617.21639804026,0,0,0,112,0,0,0
65,29,6,3117.17242439682,747.481309189371,0,0,0,168,0,0,0
65,29,7,20728.9249106931,8787.22076892116,83,0,0,180,0,0,0
65,29,8,0,3,0,0,0,0,0,0,0
65,30,1,2919.62825605122,1200.88705948027,82,0,0,17,0,0,0
65,30,2,2838.79686686722,1151.05696074651,7,0,0,60,0,0,0
65,30,3,2895.7819553186,1359.50522088823,37,0,0,85,0,0,0
65,30,4,2863.97883996161,770.170011944483,46,0,0,98,0,0,0
65,30,5,3080.20875877992,1527.88199759452,76,0,0,78,0,0,0
65,30,6,3127.20840007682,454.390296304165,7,0,0,67,0,0,0
65,30,7,20777.4412299251,8435.22938633061,231,4,0,222,0,0,22
65,30,8,0,3,0,0,0,0,0,0,0
65,31,1,2925.23435866114,505.334223780812,14,0,0,98,0,0,0
65,31,2,2846.2692326605,1204.59060726212,0,0,0,115,0,0,0
65,31,3,2904.53482004973,549.294353387755,0,0,0,135,0,0,0
65,31,4,2868.28578396161,1319.59312908049,0,0,0,77,0,0,0
65,31,5,3104.84904386152,1214.66299779619,0,0,0,152,0,0,0
65,31,6,3128.31836487681,1559.58037582886,0,0,0,45,0,0,0
65,31,7,20807.3287056371,6912.82435083819,243,2,0,206,0,0,13
65,31,8,0,3,0,0,0,0,0,0,0
65,32,1,2923.66648737794,1217.65456337386,0,0,0,50,0,0,0
65,32,2,2851.4420301005,919.847437524059,0,0,0,120,0,0,0
65,32,3,2899.68388989011,1251.54268392602,1,0,0,53,0,0,0
65,32,4,2884.26073425921,1508.29350081752,0,0,0,131,0,0,0
65,32,5,3123.519311274,1715.66338946604,0,0,0,121,0,0,0
65,32,6,3158.84549672961,2023.87263849598,13,0,0,136,0,0,0
65,32,7,20905.6295899123,3759.36684847384,270,0,0,286,0,0,6
65,32,8,0,3,0,0,0,0,0,0,0
65,33,1,2929.13041958504,1409.97160816821,0,0,0,121,0,0,0
65,33,2,2849.54184441857,1810.25809187346,0,0,0,91,0,0,0
65,33,3,2907.53213288532,957.983774281486,0,0,0,125,0,0,0
65,33,4,2896.63234170881,1615.41896026894,4,0,0,140,0,0,0
65,33,5,3145.8625305764,1413.9317425416,7,0,0,155,0,0,0
65,33,6,3193.35229706241,950.253028069439,20,0,0,155,0,0,0
65,33,7,20941.0395739123,8570.45496101494,87,0,0,175,0,0,0
65,33,8,0,3,0,0,0,0,0,0,0
65,34,1,2940.48564794984,1065.68700504379,0,0,0,140,0,0,0
65,34,2,2861.77327045019,1166.91378419535,1,0,0,164,0,0,0
65,34,3,2910.88336633939,2118.16158633944,0,0,0,95,0,0,0
65,34,4,2910.47403335681,1312.79061522417,0,0,0,161,0,0,0
65,34,5,3169.27855380072,1362.6194782555,0,0,0,141,0,0,0
65,34,6,3210.33036042241,1080.55651635844,0,0,0,95,0,0,0
65,34,7,20979.9110977523,10803.7254831563,38,0,0,214,0,0,0
65,34,8,0,3,0,0,0,0,0,0,0
65,35,1,2946.91141310056,870.208976876285,0,0,0,106,0,0,0
65,35,2,2869.09679352219,650.613653971339,0,0,0,116,0,0,0
65,35,3,2947.25194168338,803.69566841219,0,0,0,210,0,0,0
65,35,4,2930.34667665409,786.182113620175,0,0,0,131,0,0,0
65,35,5,3194.50973367912,861.945534651107,0,0,0,136,0,0,0
65,35,6,3239.53513711617,1306.2074672405,0,0,0,108,0,0,0
65,35,7,21030.484212325,9466.19398349413,32,0,0,200,0,0,0
65,35,8,0,3,0,0,0,0,0,0,0
65,36,1,2951.80627178702,1283.893519813,0,0,0,87,0,0,0
65,36,2,2863.99791698331,1585.08782964587,0,0,0,65,0,0,0
65,36,3,2954.96741768319,1599.38287429061,0,0,0,80,0,0,0
65,36,4,2938.61869058459,1798.46152892681,0,0,0,78,0,0,0
65,36,5,3215.95416724686,1338.57915818798,0,0,0,86,0,0,0
65,36,6,3276.31524166043,1470.22355739261,0,0,0,130,0,0,0
65,36,7,21126.6702504946,4485.93066619883,79,0,0,232,0,0,0
65,36,8,0,3,0,0,0,0,0,0,0
65,37,1,2963.47586127463,2192.40399778825,2,0,0,124,0,0,0
65,37,2,2874.62212694836,1471.28089408998,0,0,0,158,0,0,0
65,37,3,2968.59224453862,1382.38837686712,13,0,0,136,0,0,0
65,37,4,2963.09688977819,1182.09109952056,15,0,0,152,0,0,0
65,37,5,3240.7759583355,1501.38374559988,0,0,0,133,0,0,0
65,37,6,3307.69861472667,1215.81373171267,10,0,0,129,0,0,0
65,37,7,21155.0209730546,4063.12174173776,159,0,0,153,0,0,3
65,37,8,0,3,0,0,0,0,0,0,0
65,38,1,2960.23407316583,1415.56203743003,87,0,0,106,0,0,0
65,38,2,2880.35292046542,1651.32751026086,11,0,0,132,0,0,0
65,38,3,2974.43608986752,1230.56036420702,1,0,0,136,0,0,0
65,38,4,2970.26425141659,1471.34468527915,0,0,0,118,0,0,0
65,38,5,3259.76651442997,994.757697761958,10,0,0,137,0,0,0
65,38,6,3328.96120314267,1690.4151231719,0,0,0,121,0,0,0
65,38,7,21175.8853340146,7853.24136979283,169,0,0,161,0,0,9
65,38,8,0,3,0,0,0,0,0,0,0
65,39,1,2974.60097172686,1179.66596388947,0,0,0,141,0,0,0
65,39,2,2895.15153371219,1760.43502737528,0,0,0,162,0,0,0
65,39,3,2976.63089203454,1179.7474326627,0,0,0,123,0,0,0
65,39,4,2985.46409709979,1417.68038642428,0,0,0,147,0,0,0
65,39,5,3268.53192323402,742.810923433962,0,0,0,99,0,0,0
65,39,6,3361.69855095195,487.156603868444,0,0,0,169,0,0,0
65,39,7,21200.365104315,10146.1538778068,48,0,0,184,0,0,0
65,39,8,0,3,0,0,0,0,0,0,0
65,40,1,3001.52753313138,1047.662105466,0,0,0,117,0,0,0
65,40,2,2923.97531512276,2062.99293270235,0,0,0,176,0,0,0
65,40,3,2985.77249798744,993.154694693985,0,0,0,117,0,0,0
65,40,4,3011.91817593325,2076.32511677134,0,0,0,141,0,0,0
65,40,5,3284.63928039983,2305.30797992649,0,0,0,74,0,0,0
65,40,6,3373.07734387263,541.978089904477,0,0,0,48,0,0,0
65,40,7,21301.860952813,11710.5252218115,33,0,0,232,0,0,2
65,40,8,0,3,0,0,0,0,0,0,0
65,41,1,3002.69097446769,1281.15618504262,0,0,0,104,0,0,0
65,41,2,2949.81507190228,927.190474141972,0,0,0,206,0,0,0
65,41,3,2983.58672374687,1245.38628857943,0,0,0,99,0,0,0
65,41,4,3031.14085966808,1441.34307882617,0,0,0,193,0,0,0
65,41,5,3316.39341061801,2094.38906089107,1,0,0,193,0,0,0
65,41,6,3374.67716467263,2267.63084769571,0,0,0,54,0,0,0
65,41,7,21319.2324804725,4301.26531331041,31,0,0,214,0,0,0
65,41,8,0,3,0,0,0,0,0,0,0
65,42,1,3014.63784217478,595.258129308216,0,0,0,128,0,0,0
65,42,2,2950.35233798669,1181.84871583341,0,0,0,92,0,0,0
65,42,3,2995.1912445489,1412.24364852695,0,0,0,124,0,0,0
65,42,4,3047.18079044634,879.300576363401,0,0,0,144,0,0,0
65,42,5,3349.76279324886,1486.70340191064,18,0,0,164,0,0,0
65,42,6,3407.37395243501,1718.68930515074,35,0,0,139,0,0,0
65,42,7,21340.8665985141,10168.6063386192,103,0,0,172,0,0,0
65,42,8,0,3,0,0,0,0,0,0,0
65,43,1,3011.0241882928,1330.1618941076,0,0,0,59,0,0,0
65,43,2,2969.7261374602,942.965267828221,0,0,0,118,0,0,0
65,43,3,3016.96620242159,1427.24415143206,0,0,0,141,0,0,0
65,43,4,3062.27754130995,1353.7221099552,0,0,0,87,0,0,0
65,43,5,3399.35377708248,1784.84037891339,0,0,0,148,0,0,0
65,43,6,3470.49661217019,1174.68478444418,0,0,0,171,0,0,0
65,43,7,21425.022672046,11411.6789883149,36,0,0,190,0,0,0
65,43,8,0,3,0,0,0,0,0,0,0
65,44,1,3019.18817452,879.865157752891,0,0,0,133,0,0,0
65,44,2,2960.4281128033,1124.9546357856,0,0,0,94,0,0,0
65,44,3,3020.20370938838,1050.01764939384,0,0,0,142,0,0,0
65,44,4,3070.58446613576,1099.49005510217,0,0,0,135,0,0,0
65,44,5,3428.39706742586,872.089630301108,0,0,0,176,0,0,0
65,44,6,3489.39465631585,885.493138260485,0,0,0,117,0,0,0
65,44,7,21436.5571030486,9648.56805119194,30,0,0,202,0,0,0
65,44,8,0,3,0,0,0,0,0,0,0
65,45,1,3011.48345159595,1127.48975067788,0,0,0,87,0,0,0
65,45,2,2953.87417148808,1218.91923820929,0,0,0,112,0,0,0
65,45,3,3008.46298401396,443.883444781382,0,0,0,105,0,0,0
65,45,4,3072.17230521415,1463.59681459475,0,0,0,109,0,0,0
65,45,5,3434.52361443129,1427.95112530547,0,0,0,87,0,0,0
65,45,6,3500.28079181338,1642.03272018911,0,0,0,88,0,0,0
65,45,7,21442.8345622998,9235.77701800892,0,170,0,196,0,0,0
65,45,8,0,3,0,0,0,0,0,0,0
65,46,1,3023.87685494228,1534.42458278576,0,0,0,112,0,0,0
65,46,2,2969.04357518999,1010.93369331692,0,0,0,121,0,0,0
65,46,3,2992.63924333401,1035.75537723729,0,0,0,44,0,0,0
65,46,4,3104.38895792295,2042.46281804382,0,0,0,146,0,0,0
65,46,5,3483.14625654423,887.977240916946,0,0,0,142,0,0,0
65,46,6,3559.98791908766,1189.34227662415,0,0,0,164,0,0,0
65,46,7,21559.7339319037,6506.69660586217,28,0,0,235,0,0,0
65,46,8,0,3,0,0,0,0,0,0,0
65,47,1,3042.65545040135,870.33337291121,0,0,0,153,0,0,0
65,47,2,2961.80111392884,495.430101104383,0,0,0,101,0,0,0
65,47,3,2995.61122507903,1250.37297976515,0,0,0,103,0,0,0
65,47,4,3129.56485046722,1966.51777632565,3,0,0,170,0,0,0
65,47,5,3499.32408994528,1433.9420304356,0,0,0,88,0,0,0
65,47,6,3587.84547903779,1491.94802426178,0,0,0,118,0,0,0
65,47,7,21596.2517460127,9571.44631567389,53,0,0,192,0,0,0
65,47,8,0,3,0,0,0,0,0,0,0
65,48,1,3033.34407687324,1979.04563625075,0,0,0,87,0,0,0
65,48,2,2943.39111438141,812.733220075899,0,0,0,49,0,0,0
65,48,3,3002.85872533069,2059.23198245403,0,0,0,125,0,0,0
65,48,4,3141.08172712385,1372.28095079433,0,0,0,191,0,0,0
65,48,5,3521.32689546299,1700.70549086308,0,0,0,143,0,0,0
65,48,6,3621.32181436046,1341.5444119581,0,0,0,149,0,0,0
65,48,7,21618.7153169157,8402.00281125941,0,43,0,196,0,0,0
65,48,8,0,3,0,0,0,0,0,0,0
65,49,1,3041.14200864291,1082.0494336999,0,46,0,138,0,0,0
65,49,2,2933.26272701352,1332.22055594147,0,0,0,81,0,0,0
65,49,3,3003.7494134949,2059.43398200667,0,43,0,150,0,0,0
65,49,4,3138.56122184293,2439.11301163674,0,7,0,128,0,0,0
65,49,5,3530.09683797797,1508.96232896133,0,39,0,119,0,0,0
65,49,6,3653.50089935625,1346.53959708064,0,0,0,134,0,0,0
65,49,7,21639.5580895792,5470.5644105499,6,212,0,170,0,0,0
65,49,8,0,3,0,0,0,0,0,0,0
65,50,1,3048.70591645019,1585.58453775353,0,0,0,108,0,0,0
65,50,2,2936.13218611599,915.026745031284,0,0,0,133,0,0,0
65,50,3,3013.22321177006,1177.2304569955,1,0,0,188,0,0,0
65,50,4,3144.0942330415,1266.38722296975,4,0,0,179,0,0,0
65,50,5,3547.57593953806,833.651355726611,0,0,0,150,0,0,0
65,50,6,3677.93381901724,800.10025213013,0,0,0,134,0,0,0
65,50,7,21694.6306864263,12176.8749710608,21,0,0,241,0,0,0
65,50,8,0,3,0,0,0,0,0,0,0
65,51,1,3072.00685942536,795.615745585684,0,0,0,158,0,0,0
65,51,2,2925.6408222678,1080.03287590384,0,0,0,91,0,0,0
65,51,3,3008.65525565378,1268.48459855922,0,0,0,117,0,0,0
65,51,4,3143.11155920497,2092.38011261036,0,0,0,126,0,0,0
65,51,5,3545.7583741511,1527.73406000374,0,0,0,83,0,0,0
65,51,6,3692.01564392863,1002.75955074769,0,0,0,80,0,0,0
65,51,7,21744.3736202374,5696.92485133077,24,0,0,275,0,0,0
65,51,8,0,3,0,0,0,0,0,0,0
65,52,1,3071.52330357225,1414.04611086062,0,0,0,79,0,0,0
65,52,2,2924.22748267124,1374.24086880682,0,0,0,108,0,0,0
65,52,3,3008.57274739891,2235.5598848922,0,0,0,126,0,0,0
65,52,4,3165.29259401363,1273.82836898168,2,0,0,191,0,0,0
65,52,5,3563.23981675591,1209.53508944273,0,0,0,152,0,0,0
65,52,6,3705.50719276674,2258.81197765532,0,0,0,100,0,0,0
65,52,7,21772.193965991,14088.7474007515,55,0,0,164,0,0,0
65,52,8,0,3,0,0,0,0,0,0,0
65,53,1,3082.03742759988,1173.59038228297,0,0,0,141,0,0,0
65,53,2,2922.62504879491,1437.22442903129,0,0,0,137,0,0,0
65,53,3,3021.28920652682,880.367302633343,1,0,0,187,0,0,0
65,53,4,3164.04589689478,881.721497447091,0,0,0,127,0,0,0
65,53,5,3566.68104144718,1964.18592489116,0,0,0,120,0,0,0
65,53,6,3746.24118271897,2175.00968502864,0,0,0,210,0,0,0
65,53,7,21796.7939225734,12075.6936997571,34,0,0,194,0,0,0
65,53,8,0,3,0,0,0,0,0,0,0
65,54,1,3098.32262309135,1249.02834790523,0,0,0,117,0,0,0
65,54,2,2932.0860699103,1411.43706121348,0,0,0,143,0,0,0
65,54,3,3022.76410705009,1281.64182789589,0,0,0,88,0,0,0
65,54,4,3162.18459089849,1466.70239890051,0,0,0,88,0,0,0
65,54,5,3609.92600650359,2018.23462147598,0,0,0,196,0,0,0
65,54,6,3803.9184745087,944.787658272613,0,0,0,212,0,0,0
65,54,7,21851.2593364847,5163.40788817042,0,65,0,200,0,0,0
65,54,8,0,3,0,0,0,0,0,0,0
65,55,1,3105.60773411762,978.234642907503,0,0,0,124,0,0,0
65,55,2,2939.02776164489,1565.14776330607,0,0,0,141,0,0,0
65,55,3,3016.02709783715,1530.57814136918,0,0,0,128,0,0,0
65,55,4,3161.31234081243,1063.096298227,0,0,0,146,0,0,0
65,55,5,3633.23760505123,635.623865259953,0,3,0,171,0,0,0
65,55,6,3812.64343539549,1369.22705222861,0,0,0,94,0,0,0
65,55,7,21868.5434191932,6356.66968240305,0,44,0,169,0,0,0
65,55,8,0,3,0,0,0,0,0,0,0
65,56,1,3117.59380378169,1239.44242272643,0,0,0,97,0,0,0
65,56,2,2956.48392355544,954.897911083375,0,0,0,156,0,0,0
65,56,3,3025.06102027263,972.480206517881,0,0,0,153,0,0,0
65,56,4,3158.23990072494,1242.37536842188,0,0,0,106,0,0,0
65,56,5,3622.08712529232,2029.12971289471,0,0,0,63,0,0,0
65,56,6,3856.35391602983,1650.72977185669,0,0,0,136,0,0,0
65,56,7,21932.3249422961,10012.1821259941,0,207,0,254,0,0,0
65,56,8,0,3,0,0,0,0,0,0,0
65,57,1,3139.56932296703,965.591261621137,0,0,0,123,0,0,0
65,57,2,2968.24518088816,601.753986080216,0,0,0,95,0,0,0
65,57,3,3027.63962833227,1024.33494959468,0,0,0,97,0,0,0
65,57,4,3158.31420999165,1370.28643508835,0,0,0,124,0,0,0
65,57,5,3695.9677338561,978.143226497708,0,0,0,202,0,0,0
65,57,6,3920.59983771251,883.405451114025,0,0,0,165,0,0,0
65,57,7,22040.518497005,13913.6889324541,25,0,0,219,0,0,0
65,57,8,0,3,0,0,0,0,0,0,0
65,58,1,3138.89215485067,1147.38730865989,0,0,0,96,0,0,0
65,58,2,2949.92718846162,1421.09418502634,0,0,0,60,0,0,0
65,58,3,3013.53717610856,1490.81118612342,0,0,0,102,0,0,0
65,58,4,3146.42159191312,515.466126432641,0,0,0,137,0,0,0
65,58,5,3687.05970471585,1250.21217355333,0,0,0,97,0,0,0
65,58,6,3926.4082978163,1130.66471461096,0,0,0,88,0,0,0
65,58,7,22066.3080607198,10274.2406660099,25,0,0,208,0,0,0
65,58,8,0,3,0,0,0,0,0,0,0
65,59,1,3150.46316331181,1780.63042345774,0,1,0,113,0,0,0
65,59,2,2956.27086425685,1171.17238550982,0,0,0,142,0,0,0
65,59,3,3018.10834553397,1034.85979046559,0,15,0,128,0,0,0
65,59,4,3118.19703508252,1020.92826120729,0,0,0,51,0,0,0
65,59,5,3693.08232016245,947.405759916993,0,0,0,125,0,0,0
65,59,6,3938.44404011621,802.772905914177,0,0,0,113,0,0,0
65,59,7,22155.8747737292,10165.6203021419,3,294,0,297,0,0,2
65,59,8,0,3,0,0,0,0,0,0,0
65,60,1,3174.83727971196,1180.00884375832,0,0,0,178,0,0,0
65,60,2,2959.06355606387,1174.63089423638,0,0,0,117,0,0,0
65,60,3,3018.5917296994,1383.31533155794,0,0,0,103,0,0,0
65,60,4,3104.34562091318,1246.21478207592,0,0,0,102,0,0,0
65,60,5,3691.26733297181,2405.29198950326,0,0,0,94,0,0,0
65,60,6,3951.71754114717,1157.4385964194,0,0,0,80,0,0,0
65,60,7,22228.2830929551,10396.9101413012,22,0,0,284,0,0,2
65,60,8,0,3,0,0,0,0,0,0,0
65,61,1,3186.41190788985,1615.62702069705,0,0,0,118,0,0,0
65,61,2,2957.72610221944,1305.26527974515,0,0,0,117,0,0,0
65,61,3,3021.48301307344,1144.92012513511,0,0,0,138,0,0,0
65,61,4,3103.01307230464,1124.46445481735,0,0,0,124,0,0,0
65,61,5,3725.35332652481,1956.53325849389,0,0,0,210,0,0,0
65,61,6,3978.83468926916,3012.30305499166,0,0,0,115,0,0,0
65,61,7,22350.1716316293,6535.1815002912,20,0,0,258,0,0,1
65,61,8,0,3,0,0,0,0,0,0,0
65,62,1,3185.72762849729,1134.51977185538,0,86,0,75,0,0,0
65,62,2,2952.85474486333,984.611175049004,0,65,0,65,0,0,0
65,62,3,3006.46396373738,1685.31060255619,0,53,0,61,0,0,0
65,62,4,3079.52523972841,1231.11153641696,0,65,0,47,0,0,0
65,62,5,3709.05212403164,1481.04694126988,0,109,0,86,0,0,0
65,62,6,3997.324811197,1264.62321969571,0,168,0,133,0,0,0
65,62,7,22414.1064149952,15052.6885236359,0,347,0,306,0,0,0
65,62,8,0,3,0,0,0,0,0,0,0
65,63,1,3194.6060981659,1366.50013348657,0,0,0,113,0,0,0
65,63,2,2954.17067228573,1375.0668767425,0,0,0,98,0,0,0
65,63,3,3023.59404727216,1044.99421791655,0,0,0,168,0,0,0
65,63,4,3072.40618591616,1178.74230546406,0,0,0,123,0,0,0
65,63,5,3726.99579641729,2240.59277299963,0,0,0,148,0,0,0
65,63,6,4025.28385830467,1800.77691869078,0,0,0,126,0,0,0
65,63,7,22486.1347240767,8950.18815557323,27,0,0,348,0,0,0
65,63,8,0,3,0,0,0,0,0,0,0
65,64,1,3215.11453435246,2223.08419395209,0,0,0,136,0,0,0
65,64,2,2967.24088433486,611.670758327375,0,0,0,137,0,0,0
65,64,3,3027.98157054639,535.295183336828,0,0,0,104,0,0,0
65,64,4,3081.17788306187,1197.33061028505,0,0,0,117,0,0,0
65,64,5,3781.35916863338,344.567317679342,3,0,0,191,0,0,0
65,64,6,4079.11583257261,1706.34399804461,0,0,0,180,0,0,0
65,64,7,22545.057993631,12972.1897675616,60,0,0,235,0,0,0
65,64,8,0,3,0,0,0,0,0,0,0
65,65,1,3261.1573092094,1777.71365193043,0,0,0,189,0,0,0
65,65,2,2966.96352276487,1711.45016247773,0,0,0,61,0,0,0
65,65,3,3016.74206945849,532.474274123909,0,0,0,53,0,0,0
65,65,4,3093.464769666,1315.66059671817,0,0,0,119,0,0,0
65,65,5,3771.35195143626,988.629976327451,0,0,0,34,0,0,0
65,65,6,4139.40872604482,2482.08370953105,0,0,0,170,0,0,0
65,65,7,22605.0321226691,9656.6585121459,47,0,0,203,0,0,0
65,65,8,0,3,0,0,0,0,0,0,0
65,66,1,3297.90673488023,878.986631367871,9,0,0,151,0,0,0
65,66,2,2995.73769142097,759.737054544133,5,0,0,156,0,0,0
65,66,3,3018.02325129309,893.501492839557,0,0,0,53,0,0,0
65,66,4,3118.71572092287,907.965801158304,0,0,0,131,0,0,0
65,66,5,3798.58489283219,1656.56506169484,0,0,0,98,0,0,0
65,66,6,4202.54377000773,2350.42931454545,34,0,0,155,0,0,0
65,66,7,22725.8897490276,10062.1666737622,157,2,0,201,0,0,2
65,66,8,0,3,0,0,0,0,0,0,0
65,67,1,3309.25555230167,1123.67468464656,0,0,0,87,0,0,0
65,67,2,2998.25054530104,1176.97087727247,0,0,0,75,0,0,0
65,67,3,3022.88288818903,720.881348315108,0,0,0,89,0,0,0
65,67,4,3123.30104829281,1426.60058269576,0,0,0,90,0,0,0
65,67,5,3834.67343865767,2213.61472836502,5,0,0,149,0,0,0
65,67,6,4249.60580793828,1163.3706270095,25,0,0,160,0,0,0
65,67,7,22777.5183639089,6699.42733814715,206,1,0,210,0,0,4
65,67,8,0,3,0,0,0,0,0,0,0
65,68,1,3345.64020219863,898.025896522942,14,0,0,94,0,0,0
65,68,2,3026.52617013729,323.737619554318,3,0,0,113,0,0,0
65,68,3,3042.56718330506,705.194480552229,0,0,0,72,0,0,0
65,68,4,3164.23358897353,926.244758587387,12,0,0,126,0,0,0
65,68,5,3892.62815566479,1769.91066799145,71,0,0,129,0,0,0
65,68,6,4332.88903572872,3111.9559293756,0,0,0,116,0,0,0
65,68,7,22957.9615940507,13440.3481812508,258,1,0,210,0,0,25
65,68,8,0,3,0,0,0,0,0,0,0
65,69,1,3351.20276698934,1089.41498781008,0,0,0,89,0,0,0
65,69,2,3015.24506108942,1326.5100785884,0,0,0,32,0,0,0
65,69,3,3035.82178257164,1486.27268514593,0,0,0,70,0,0,0
65,69,4,3172.84060212025,1375.50080680381,0,0,0,92,0,0,0
65,69,5,3913.29656791512,1475.04094751025,0,0,0,176,0,0,0
65,69,6,4400.52221326868,1927.17182758193,2,0,0,231,0,0,0
65,69,7,23005.1767418936,13656.6952329816,44,0,0,236,0,0,0
65,69,8,0,3,0,0,0,0,0,0,0
65,70,1,3355.79677938001,659.596067393942,0,0,0,108,0,0,0
65,70,2,3023.46080915953,2020.24696659036,0,0,0,132,0,0,0
65,70,3,3045.72754589539,1106.81684742839,0,0,0,148,0,0,0
65,70,4,3189.29425825941,1012.5914918754,0,0,0,137,0,0,0
65,70,5,3949.17032754256,2103.09586005026,0,0,0,147,0,0,0
65,70,6,4460.70685330926,1907.18999819044,0,0,0,192,0,0,0
65,70,7,23053.1895813381,12920.250845339,34,0,0,224,0,0,0
65,70,8,0,3,0,0,0,0,0,0,0
65,71,1,3357.05816238351,1287.15150598254,0,0,0,65,0,0,0
65,71,2,3048.84956325305,500.451415290303,2,0,0,171,0,0,0
65,71,3,3054.71219375576,1424.41623644878,0,0,0,110,0,0,0
65,71,4,3199.46521493046,1074.92213615109,0,0,0,101,0,0,0
65,71,5,3996.27590885889,1112.5679772725,2,0,0,183,0,0,0
65,71,6,4523.54895108938,1540.72491208063,0,0,0,190,0,0,0
65,71,7,23099.5388560694,10566.9562354574,82,0,0,201,0,0,0
65,71,8,0,3,0,0,0,0,0,0,0
65,72,1,3377.89138270753,1273.08819648313,0,0,0,128,0,0,0
65,72,2,3046.04275887785,832.759392370478,0,0,0,50,0,0,0
65,72,3,3072.56254519046,1585.69958970168,0,0,0,142,0,0,0
65,72,4,3201.56439333425,1396.63584820981,0,0,0,107,0,0,0
65,72,5,4017.01012424392,2082.94777974961,0,0,0,111,0,0,0
65,72,6,4574.23558498235,1503.64035931237,0,0,0,154,0,0,0
65,72,7,23161.1777095326,10313.1281670128,172,0,0,231,0,0,0
65,72,8,0,3,0,0,0,0,0,0,0
65,73,1,3361.39605207736,1825.996979064,123,0,0,4,0,0,0
65,73,2,3034.60124306297,1201.58322783269,46,0,0,37,0,0,0
65,73,3,3071.13441229765,911.541208254728,82,0,0,76,0,0,0
65,73,4,3197.6642058471,1017.9458564088,73,0,0,66,0,0,0
65,73,5,4039.871469862,1377.96652415399,92,0,0,116,0,0,0
65,73,6,4592.33015443322,1802.38655728399,82,0,0,68,0,0,0
65,73,7,23220.9932624539,10982.6158963345,177,6,0,194,0,0,3
65,73,8,0,3,0,0,0,0,0,0,0
65,74,1,3387.13932379599,584.161285913905,7,0,0,156,0,0,0
65,74,2,3046.10604901882,843.770153910822,0,0,0,120,0,0,0
65,74,3,3075.43339672838,716.926736602392,0,0,0,91,0,0,0
65,74,4,3204.17191751401,1897.95725171195,0,0,0,101,0,0,0
65,74,5,4070.8573558259,931.325027254482,0,0,0,137,0,0,0
65,74,6,4648.820896525,1607.4479945791,5,0,0,163,0,0,0
65,74,7,23227.9548885016,5884.4126403868,225,0,0,226,0,0,0
65,74,8,0,3,0,0,0,0,0,0,0
65,75,1,3389.71209413784,750.682754819225,0,0,0,58,0,0,0
65,75,2,3051.69362161817,1629.53596945416,0,0,0,84,0,0,0
65,75,3,3072.73289899285,476.477068358573,1,0,0,70,0,0,0
65,75,4,3218.96921013044,1697.42890008689,35,0,0,135,0,0,0
65,75,5,4087.78496153928,1298.48157451128,0,0,0,93,0,0,0
65,75,6,4681.1315063177,2254.11468136591,12,0,0,142,0,0,0
65,75,7,23237.9472889306,7700.22710018196,180,2,0,162,0,0,6
65,75,8,0,3,0,0,0,0,0,0,0
65,76,1,3392.04834784798,1276.53925985167,0,0,0,75,0,0,0
65,76,2,3076.20497126057,1291.67088691826,0,0,0,162,0,0,0
65,76,3,3061.57895892293,771.506271280178,0,0,0,47,0,0,0
65,76,4,3247.97192039527,843.913481112173,0,0,0,169,0,0,0
65,76,5,4109.77017100582,2072.54353147009,0,0,0,129,0,0,0
65,76,6,4740.53589643441,2108.85404354749,3,0,0,205,0,0,0
65,76,7,23265.2660008007,9548.06558102879,110,0,0,159,0,0,0
65,76,8,0,3,0,0,0,0,0,0,0
65,77,1,3456.35049689064,1058.43008550977,0,0,0,127,0,0,0
65,77,2,3130.57982835598,961.843541147727,0,0,0,129,0,0,0
65,77,3,3067.57415050406,775.924745546087,0,0,0,77,0,0,0
65,77,4,3269.41659750277,1239.46831621425,0,0,0,84,0,0,0
65,77,5,4271.15136463846,1093.11347769522,0,0,0,207,0,0,0
65,77,6,4914.2599571676,2767.14406696424,0,0,0,207,0,0,0
65,77,7,23436.9653996288,6977.76038143637,55,0,0,205,0,0,0
65,77,8,0,3,0,0,0,0,0,0,0
65,78,1,3467.78076592667,1198.22893264919,2,0,0,103,0,0,0
65,78,2,3137.59369286877,676.968360591208,0,0,0,96,0,0,0
65,78,3,3061.86992139437,1127.36229351064,0,0,0,77,0,0,0
65,78,4,3281.28952990541,2399.46340765728,2,0,0,121,0,0,0
65,78,5,4309.15888491155,1510.05934668219,0,0,0,109,0,0,0
65,78,6,4995.02196671422,1958.98753638867,89,0,0,152,0,0,0
65,78,7,23493.0569885079,7498.7252616222,191,3,0,222,0,0,0
65,78,8,0,3,0,0,0,0,0,0,0
65,79,1,3466.66453379713,1408.21367000949,0,0,0,119,0,0,0
65,79,2,3129.80238102622,1627.5573365051,0,0,0,67,0,0,0
65,79,3,3057.43889809504,1877.44006516002,0,0,0,112,0,0,0
65,79,4,3300.9508220255,1081.87358458485,27,0,0,160,0,0,0
65,79,5,4341.93533797664,1481.9521381849,3,0,0,140,0,0,0
65,79,6,5053.39722927794,2899.48127406679,8,0,0,172,0,0,0
65,79,7,23539.114025697,8374.1949556553,180,0,0,227,0,0,0
65,79,8,0,3,0,0,0,0,0,0,0
65,80,1,3481.66417486405,1834.89618814642,0,0,0,140,0,0,0
65,80,2,3151.38731339878,1158.85394692562,0,0,0,162,0,0,0
65,80,3,3081.44893214844,1538.66571899086,0,0,0,187,0,0,0
65,80,4,3305.40215280946,767.035654091521,0,0,0,108,0,0,0
65,80,5,4389.57759002094,2038.05399127342,0,0,0,148,0,0,0
65,80,6,5158.0685311653,1463.88259701001,17,0,0,193,0,0,0
65,80,7,23590.4466754625,13169.9409938793,116,0,0,194,0,0,0
65,80,8,0,3,0,0,0,0,0,0,0
65,81,1,3505.64721339789,1470.90867460107,0,0,0,182,0,0,0
65,81,2,3147.13806058892,1390.40194813512,0,0,0,115,0,0,0
65,81,3,3095.34946697684,1196.19790982399,0,0,0,153,0,0,0
65,81,4,3294.72575221561,1155.02468408462,0,0,0,76,0,0,0
65,81,5,4427.7559867404,1788.70490550013,0,0,0,203,0,0,0
65,81,6,5218.5310306986,2632.58197263764,0,0,0,146,0,0,0
65,81,7,23637.2722647682,6228.07903466914,48,0,0,211,0,0,0
65,81,8,0,3,0,0,0,0,0,0,0
65,82,1,3523.73929963448,1269.58300670138,37,0,0,106,0,0,0
65,82,2,3140.90775731708,1660.95911827104,54,0,0,79,0,0,0
65,82,3,3075.53362854583,701.723235797336,56,0,0,58,0,0,0
65,82,4,3299.0890841699,1666.86221823782,12,0,0,102,0,0,0
65,82,5,4429.03867680524,1169.46513256705,98,0,0,71,0,0,0
65,82,6,5278.23838052587,3772.44891240273,106,0,0,146,0,0,0
65,82,7,23754.8516625698,8919.41777545062,270,0,0,325,0,0,0
65,82,8,0,3,0,0,0,0,0,0,0
65,83,1,3571.38306931607,1277.91025700428,0,0,0,126,0,0,0
65,83,2,3187.54016833275,1484.64428106746,0,0,0,166,0,0,0
65,83,3,3082.11068209232,578.615092695182,0,0,0,70,0,0,0
65,83,4,3353.80923542876,701.425574974658,0,0,0,166,0,0,0
65,83,5,4525.54560591042,1261.14407215787,0,0,0,116,0,0,0
65,83,6,5474.26653013955,1982.42996157083,0,7,0,218,0,0,0
65,83,7,23960.9064174495,4463.27314531414,1,31,0,234,0,0,0
65,83,8,0,3,0,0,0,0,0,0,0
65,84,1,3569.80630833065,1225.76482559468,0,1,0,126,0,0,0
65,84,2,3183.87724581249,1320.1467394632,0,1,0,146,0,0,0
65,84,3,3062.46851053951,1819.81589464942,0,0,0,57,0,0,0
65,84,4,3342.10073785095,1808.8155408631,0,0,0,70,0,0,0
65,84,5,4532.3013176772,2924.10132253058,0,0,0,126,0,0,0
65,84,6,5514.70788106945,1230.27939296533,0,32,0,147,0,0,0
65,84,7,23960.9199301863,9953.79132793285,0,165,0,182,0,0,0
65,84,8,0,3,0,0,0,0,0,0,0
65,85,1,3669.67857294586,1736.98749107144,0,0,0,122,0,0,0
65,85,2,3252.75994930814,1609.95188917162,0,0,0,132,0,0,0
65,85,3,3130.06300516834,1145.52617019608,0,0,0,181,0,0,0
65,85,4,3441.1928374347,1525.05898389893,0,0,0,180,0,0,0
65,85,5,4771.98966035331,1204.13351283168,3,0,0,198,0,0,0
65,85,6,5718.63065949737,1662.92966168735,0,0,0,123,0,0,0
65,85,7,24252.182238016,13702.0029618255,23,0,0,244,0,0,1
65,85,8,0,3,0,0,0,0,0,0,0
65,86,1,3713.81477732541,1648.4910895236,0,0,0,172,0,0,0
65,86,2,3268.89734649,1417.52326522066,0,0,0,160,0,0,0
65,86,3,3144.38807376101,1479.45442786263,0,0,0,114,0,0,0
65,86,4,3471.59779463811,711.461866381655,0,0,0,152,0,0,0
65,86,5,4799.20249370101,1227.64176794885,0,0,0,120,0,0,0
65,86,6,5793.86859106203,2395.17916655722,0,0,0,166,0,0,0
65,86,7,24313.1129613093,13604.1749881839,23,0,0,197,0,0,0
65,86,8,0,3,0,0,0,0,0,0,0
65,87,1,3745.20176885196,960.556776667941,0,0,0,164,0,0,0
65,87,2,3264.00540795893,637.594942881304,0,0,0,141,0,0,0
65,87,3,3140.08407679933,1166.6837865758,0,0,0,147,0,0,0
65,87,4,3452.16321769319,1562.67961593055,0,0,0,71,0,0,0
65,87,5,4825.45986356525,1678.34439726659,0,0,0,122,0,0,0
65,87,6,5927.8698255431,1496.24094912988,0,0,0,239,0,0,0
65,87,7,24368.458045449,6171.33259867854,18,0,0,317,0,0,1
65,87,8,0,3,0,0,0,0,0,0,0
65,88,1,3742.25265938278,1786.9466412639,0,42,0,54,0,0,0
65,88,2,3232.61707678301,1570.20388351978,0,36,0,27,0,0,0
65,88,3,3125.81345857595,1485.56023573313,0,58,0,58,0,0,0
65,88,4,3438.86464659255,912.112845182271,0,96,0,60,0,0,0
65,88,5,4839.43094817822,2113.43293822635,0,85,0,82,0,0,0
65,88,6,5947.70341173453,2395.64521778958,0,82,0,67,0,0,0
65,88,7,24469.6445032286,12293.7530977475,1,263,0,281,0,0,0
65,88,8,0,3,0,0,0,0,0,0,0
65,89,1,3805.92979957292,2053.17946368934,0,0,0,178,0,0,0
65,89,2,3249.77577503276,1878.43736579753,0,0,0,157,0,0,0
65,89,3,3150.1380448016,1044.66657695691,0,0,0,148,0,0,0
65,89,4,3441.26933345186,702.279063085646,0,0,0,91,0,0,0
65,89,5,4922.401138795,2069.44241290942,0,0,0,203,0,0,0
65,89,6,6126.97609167222,3367.67657078347,0,0,0,220,0,0,0
65,89,7,24553.205653418,11408.9260164864,22,0,0,308,0,0,0
65,89,8,0,3,0,0,0,0,0,0,0
65,90,1,3860.43164026785,1403.22035094793,0,0,0,182,0,0,0
65,90,2,3296.47555336339,1472.40772173411,0,0,0,187,0,0,0
65,90,3,3169.32212862747,950.781716628955,0,0,0,104,0,0,0
65,90,4,3458.03374380743,1478.86294392733,0,0,0,70,0,0,0
65,90,5,5028.76707954959,2611.57535118468,0,0,0,206,0,0,0
65,90,6,6245.86050020881,2343.9636719581,4,0,0,190,0,0,0
65,90,7,24670.9620071077,11525.0876854969,24,0,0,218,0,0,5
65,90,8,0,3,0,0,0,0,0,0,0
65,91,1,3868.73013090647,1557.98453322762,0,0,0,140,0,0,0
65,91,2,3315.74117511842,1866.74855796655,0,0,0,147,0,0,0
65,91,3,3183.73269443588,590.75112622732,0,0,0,95,0,0,0
65,91,4,3495.20948300365,1450.64272779436,0,0,0,147,0,0,0
65,91,5,5129.07471289683,2469.98392034411,0,0,0,180,0,0,0
65,91,6,6407.38006118523,2357.81811381035,0,0,0,210,0,0,0
65,91,7,24759.3734877694,6548.47436981878,27,0,0,245,0,0,0
65,91,8,0,3,0,0,0,0,0,0,0
65,92,1,3890.92493083936,1355.04544218694,0,0,0,150,0,0,3
65,92,2,3338.72799793993,2079.37142944938,1,0,0,170,0,0,0
65,92,3,3188.54626947396,1448.71065933232,0,0,0,59,0,0,0
65,92,4,3513.37656273936,1025.99093799645,0,0,0,145,0,0,0
65,92,5,5203.42311243413,2510.6100668229,15,0,0,156,0,0,0
65,92,6,6532.9791421179,2067.55738441045,5,0,0,200,0,0,1
65,92,7,24817.542299487,10646.9423426779,78,0,0,210,0,0,0
65,92,8,0,3,0,0,0,0,0,0,0
65,93,1,4056.08644200007,2317.20849389249,0,0,0,135,0,0,0
65,93,2,3454.77238860671,1557.06510357183,1,0,0,183,0,0,0
65,93,3,3272.52634232006,1130.05730441852,0,0,0,144,0,0,0
65,93,4,3583.75095112337,1766.7643293204,0,0,0,102,0,0,0
65,93,5,5519.31095648236,1856.7854702822,3,0,0,179,0,0,0
65,93,6,6971.38509037755,2621.10367626813,0,0,0,188,0,0,0
65,93,7,25131.8953645258,12718.1336520758,50,0,0,210,0,0,1
65,93,8,0,3,0,0,0,0,0,0,0
65,94,1,4124.11809135086,1013.5337054208,0,0,0,216,0,0,0
65,94,2,3478.91011293046,1035.79392352692,0,0,0,155,0,0,0
65,94,3,3288.63136821154,1555.69857355811,0,0,0,113,0,0,0
65,94,4,3636.92586037856,1615.70919046418,0,0,0,176,0,0,0
65,94,5,5631.00439236922,2801.5015284824,0,0,0,185,0,0,0
65,94,6,7107.89168161483,1294.56221132792,2,0,0,204,0,0,0
65,94,7,25215.3955728055,12538.0171051778,45,0,0,194,0,0,0
65,94,8,0,3,0,0,0,0,0,0,0
65,95,1,4104.18584438898,2014.10753195679,0,0,0,101,0,0,0
65,95,2,3484.32537802015,1707.5997599351,0,0,0,103,0,0,0
65,95,3,3314.21378852571,1744.81598112725,0,0,0,155,0,0,0
65,95,4,3639.06410615772,1421.88919763066,0,0,0,161,0,0,0
65,95,5,5704.63635599073,3122.92929466655,5,0,0,179,0,0,0
65,95,6,7165.67370088123,2231.15515383079,0,0,0,129,0,0,0
65,95,7,25259.240280632,9268.09350753509,54,0,0,170,0,0,1
65,95,8,0,3,0,0,0,0,0,0,0
65,96,1,4310.18311595694,1859.95847081,0,0,0,201,0,0,0
65,96,2,3613.10125421594,1485.6023329436,0,0,0,170,0,0,0
65,96,3,3440.05017362874,1342.73901146003,0,0,0,174,0,0,0
65,96,4,3749.20806620225,1701.6743224732,0,0,0,142,0,0,0
65,96,5,6057.08577860767,1397.92095663876,17,0,0,160,0,0,0
65,96,6,7736.53238563763,3314.32093640371,2,0,0,204,0,0,0
65,96,7,25604.4383527209,9218.16547539037,87,0,0,201,0,0,2
65,96,8,0,3,0,0,0,0,0,0,0
65,97,1,4553.4717883382,1051.32194153288,0,0,0,185,0,0,0
65,97,2,3739.35694484386,1761.72679125277,0,0,0,148,0,0,0
65,97,3,3543.30093973252,1486.19649208897,0,0,0,134,0,0,0
65,97,4,3869.19732454124,1578.06941871801,0,0,0,170,0,0,0
65,97,5,6403.53882582196,1994.8303011855,0,0,0,139,0,0,0
65,97,6,8400.37257924424,4570.08640809395,24,0,0,200,0,0,0
65,97,7,25925.4774226975,18374.0542509104,137,0,0,179,0,0,1
65,97,8,0,3,0,0,0,0,0,0,0
65,98,1,4546.79163235924,1797.26330155531,0,0,0,105,0,0,0
65,98,2,3772.51404984456,893.752117914189,0,0,0,176,0,0,0
65,98,3,3534.70717863071,1272.33701347982,0,0,0,148,0,0,0
65,98,4,3876.7434887417,1035.41002175976,0,0,0,157,0,0,0
65,98,5,6466.40245822861,1644.34972303359,0,0,0,195,0,0,0
65,98,6,8487.2104422995,4551.31813252003,7,0,0,209,0,0,0
65,98,7,25961.242083581,12087.2904918207,49,0,0,202,0,0,0
65,98,8,0,3,0,0,0,0,0,0,0
65,99,1,4552.78100648239,2331.08512230624,30,0,0,140,0,0,0
65,99,2,3756.41315546498,1035.92947670132,0,0,0,89,0,0,0
65,99,3,3523.93695294963,1700.83193863697,0,0,0,127,0,0,0
65,99,4,3867.72133677719,2104.84257140488,0,0,0,103,0,0,0
65,99,5,6466.68847239752,2503.85788100728,22,0,0,135,0,0,0
65,99,6,8775.80725924291,1993.08785327969,190,0,0,207,0,0,0
65,99,7,25984.7227850827,11584.1222717997,186,6,0,184,0,0,36
65,99,8,0,3,0,0,0,0,0,0,0
65,100,1,4566.15811162994,2458.56085200513,40,0,0,141,0,0,0
65,100,2,3733.83754038368,1093.4869378393,0,0,0,103,0,0,0
65,100,3,3516.17806684158,1277.54287680911,12,0,0,141,0,0,0
65,100,4,3867.06150830997,1485.5140760793,19,0,0,165,0,0,0
65,100,5,6554.29269223854,2431.92375485805,34,0,0,170,0,0,0
65,100,6,8848.14038298289,1923.46044823571,14,0,0,165,0,0,0
65,100,7,26032.1101598599,12110.9989453464,179,3,0,208,0,0,7
65,100,8,0,3,0,0,0,0,0,0,0
66,1,1,2684.472,1387.20403986841,0,40,0,45,0,0,0
66,1,2,2686.1456,472.740363672446,0,30,0,44,0,0,0
66,1,3,2676.392,996.452498202419,0,8,0,14,0,0,0
66,1,4,2678,903.480938391589,0,17,0,11,0,0,0
66,1,5,2683.384,1244.70343174913,0,5,0,12,0,0,0
66,1,6,2679.4816,2011.8739481659,0,54,0,38,0,0,0
66,1,7,21062.3405439999,7652.87273957765,0,36,0,56,0,0,0
66,1,8,0,2,0,55,0,43,0,0,0
66,2,1,2705.056,672.404807456024,0,0,0,138,0,0,0
66,2,2,2685.6976,1274.18306221543,0,0,0,47,0,0,0
66,2,3,2688.072,1202.0727307368,0,0,0,99,0,0,0
66,2,4,2687.84,696.292893593115,0,0,0,90,0,0,0
66,2,5,2701.112,596.885262184626,0,0,0,124,0,0,0
66,2,6,2711.7712,1684.63214969848,0,0,0,200,0,0,0
66,2,7,21009.4653439998,5337.99512000509,24,0,0,209,0,0,0
66,2,8,0,2,0,0,0,0,0,0,0
66,3,1,2707.616,416.236878107146,0,0,0,67,0,0,0
66,3,2,2701.1616,800.439392162945,0,0,0,127,0,0,0
66,3,3,2703.312,1304.87778527927,0,0,0,120,0,0,0
66,3,4,2695.392,1025.99226199823,0,0,0,69,0,0,0
66,3,5,2704.608,479.376554550099,0,0,0,59,0,0,0
66,3,6,2735.98112,385.464043553068,0,0,0,167,0,0,0
66,3,7,20944.6509439997,8822.37636733257,74,0,0,146,0,0,0
66,3,8,0,2,0,0,0,0,0,0,0
66,4,1,2701.7616,1170.82961811465,0,0,0,41,0,0,0
66,4,2,2705.4576,370.582601148575,0,0,0,80,0,0,0
66,4,3,2720.5456,1026.57123825521,0,0,0,130,0,0,0
66,4,4,2707.008,1281.03904141365,0,0,0,102,0,0,0
66,4,5,2703.368,1019.9020003426,0,0,0,47,0,0,0
66,4,6,2735.83872,523.58068841011,0,0,0,38,0,0,0
66,4,7,20881.8074239997,8752.40373904365,34,0,0,173,0,0,0
66,4,8,0,2,0,0,0,0,0,0,0
66,5,1,2711.176,1379.56629833905,0,0,0,117,0,0,0
66,5,2,2697.11072,1720.63348755769,0,0,0,37,0,0,0
66,5,3,2729.0208,502.876220392611,0,0,0,102,0,0,0
66,5,4,2719.008,923.986391941169,0,0,0,128,0,0,0
66,5,5,2713.30688,1378.40182973455,0,0,0,101,0,0,0
66,5,6,2735.85856,1358.92049690683,0,0,0,52,0,0,0
66,5,7,20805.6947199995,6540.43545120397,0,51,0,177,0,0,0
66,5,8,0,2,0,0,0,0,0,0,0
66,6,1,2703.59232,1039.24650361029,0,96,0,41,0,0,0
66,6,2,2699.26272,732.758662775209,0,89,0,83,0,0,0
66,6,3,2718.6128,1443.58774062934,0,24,0,26,0,0,0
66,6,4,2717.8656,1349.47660758089,0,48,0,44,0,0,0
66,6,5,2715.78432,1353.45018629147,0,75,0,62,0,0,0
66,6,6,2738.70976,1382.23059833914,0,66,0,69,0,0,0
66,6,7,20768.6325119994,7676.51713169359,0,341,0,313,0,0,0
66,6,8,0,2,0,0,0,0,0,0,0
66,7,1,2718.42272,824.814637696492,0,0,0,103,0,0,0
66,7,2,2710.81792,685.030973812549,0,0,0,73,0,0,0
66,7,3,2743.153024,1427.63791174297,0,0,0,144,0,0,0
66,7,4,2740.7632,1243.4187680402,0,0,0,134,0,0,0
66,7,5,2740.73824,824.142288922429,0,0,0,135,0,0,0
66,7,6,2765.723904,1564.41002234292,0,0,0,138,0,0,0
66,7,7,20770.1137919994,9251.80379913777,30,0,0,234,0,0,0
66,7,8,0,2,0,0,0,0,0,0,0
66,8,1,2730.02272,760.877304633376,0,0,0,82,0,0,0
66,8,2,2718.64672,694.314128586024,0,0,0,68,0,0,0
66,8,3,2767.368704,868.727411738156,0,0,0,142,0,0,0
66,8,4,2762.39168,711.863545838278,0,0,0,124,0,0,0
66,8,5,2755.68224,649.789415834793,0,0,0,82,0,0,0
66,8,6,2795.9447808,670.800304876543,0,0,0,156,0,0,0
66,8,7,20768.1964159994,9259.56645078936,28,0,0,221,0,0,0
66,8,8,0,2,0,0,0,0,0,0,0
66,9,1,2739.23904,1482.99215660944,0,0,0,76,0,0,0
66,9,2,2725.89952,1400.7104485551,0,0,0,69,0,0,0
66,9,3,2778.232384,1302.87438120055,0,0,0,86,0,0,0
66,9,4,2774.63808,1388.97653526261,0,0,0,71,0,0,0
66,9,5,2764.64224,1260.04405741767,0,0,0,64,0,0,0
66,9,6,2808.7399808,941.236764182383,0,0,0,67,0,0,0
66,9,7,20789.5639807994,6060.34651116535,20,0,0,347,0,0,0
66,9,8,0,2,0,0,0,0,0,0,0
66,10,1,2762.26752,395.02491476844,0,0,0,148,0,0,0
66,10,2,2746.89568,1379.56039942427,0,0,0,140,0,0,0
66,10,3,2799.95116799999,1580.14445368145,0,0,0,130,0,0,0
66,10,4,2798.74368,865.906805536855,0,0,0,138,0,0,0
66,10,5,2786.96064,1293.3538305834,0,0,0,126,0,0,0
66,10,6,2822.7255808,1361.35647144598,0,0,0,94,0,0,0
66,10,7,20782.7854207994,11879.2722535027,61,0,0,192,0,0,0
66,10,8,0,2,0,0,0,0,0,0,0
66,11,1,2761.51872,1025.51942130631,0,0,0,39,0,0,0
66,11,2,2767.15936,2005.15212510824,0,0,0,137,0,0,0
66,11,3,2825.61740799999,847.242683673781,0,0,0,158,0,0,0
66,11,4,2812.12768,831.543514583149,0,0,0,86,0,0,0
66,11,5,2809.32224,1245.61961508481,0,0,0,129,0,0,0
66,11,6,2846.3070848,1676.96211182035,0,0,0,136,0,0,0
66,11,7,20779.7851647994,7030.32989625535,37,0,0,198,0,0,0
66,11,8,0,2,0,0,0,0,0,0,0
66,12,1,2774.96608,1169.65674004407,0,0,0,102,0,0,0
66,12,2,2802.029504,825.036136609242,0,0,0,200,0,0,0
66,12,3,2838.13100799999,1019.08047811288,0,0,0,84,0,0,0
66,12,4,2827.03712,1774.30746228947,0,0,0,83,0,0,0
66,12,5,2833.281024,1010.86079935013,0,0,0,124,0,0,0
66,12,6,2880.3957248,1214.79044555594,0,0,0,167,0,0,0
66,12,7,20795.3804902393,6053.0425601559,59,0,0,218,0,0,0
66,12,8,0,2,0,0,0,0,0,0,0
66,13,1,2789.18304,2356.22562740493,0,0,0,116,0,0,0
66,13,2,2810.659584,1405.91008667109,0,0,0,82,0,0,0
66,13,3,2850.1479808,1657.01347907836,0,0,0,101,0,0,0
66,13,4,2853.319424,1780.7909878577,14,0,0,148,0,0,0
66,13,5,2847.984704,1359.49413716605,0,0,0,101,0,0,0
66,13,6,2897.2616448,1020.76882971853,0,0,0,121,0,0,0
66,13,7,20804.3705702393,9799.98809733841,182,0,0,221,0,0,0
66,13,8,0,2,0,0,0,0,0,0,0
66,14,1,2817.752192,1019.75882649419,3,0,0,195,0,0,0
66,14,2,2827.124288,1056.60102420787,0,0,0,140,0,0,0
66,14,3,2876.3580288,1646.86458841989,0,0,0,165,0,0,0
66,14,4,2882.23654400001,1137.74734990137,0,0,0,178,0,0,0
66,14,5,2869.73312,1265.35549816907,0,0,0,135,0,0,0
66,14,6,2912.51716096,2369.08323916969,0,0,0,102,0,0,0
66,14,7,20819.3594808313,8961.60769705233,59,0,0,189,0,0,0
66,14,8,0,2,0,0,0,0,0,0,0
66,15,1,2829.52650240001,1757.06727538844,0,0,0,101,0,0,0
66,15,2,2843.65568,1154.82310278765,0,0,0,105,0,0,0
66,15,3,2907.45381376,1233.13698510188,0,0,0,164,0,0,0
66,15,4,2902.94886400001,529.015657336083,0,0,0,113,0,0,0
66,15,5,2890.9704832,1027.02787593885,0,0,0,126,0,0,0
66,15,6,2961.791396352,519.386155196539,0,0,0,236,0,0,0
66,15,7,20841.1429969912,14260.1793685557,55,0,0,192,0,0,0
66,15,8,0,2,0,0,0,0,0,0,0
66,16,1,2849.84312320001,683.403736600843,0,0,0,173,0,0,0
66,16,2,2853.6572672,923.811625676478,0,0,0,115,0,0,0
66,16,3,2919.86606592,961.005559526007,0,0,0,123,0,0,0
66,16,4,2900.38483200001,448.906399499089,0,0,0,52,0,0,0
66,16,5,2904.376384,1577.56804618626,0,0,0,102,0,0,0
66,16,6,2964.738276352,1034.85691376131,0,0,0,51,0,0,0
66,16,7,20863.4018257912,7438.00617350305,43,0,0,255,0,0,0
66,16,8,0,2,0,0,0,0,0,0,0
66,17,1,2846.89189120001,1848.60470095213,0,0,0,68,0,0,0
66,17,2,2855.5334912,1833.00121536079,0,0,0,92,0,0,0
66,17,3,2930.50435072,647.534114294581,0,0,0,96,0,0,0
66,17,4,2892.57171456001,700.174019437432,0,0,0,44,0,0,0
66,17,5,2928.18175744,1430.41365609564,0,0,0,157,0,0,0
66,17,6,2977.778020352,1123.76423944333,0,0,0,103,0,0,0
66,17,7,20875.7523409912,9413.96556650755,164,3,0,201,0,0,5
66,17,8,0,2,0,0,0,0,0,0,0
66,18,1,2862.94323200001,1350.84206806334,4,0,0,154,0,0,0
66,18,2,2872.0893312,1156.32412817539,2,0,0,165,0,0,0
66,18,3,2927.67091968001,962.188881701662,0,0,0,64,0,0,0
66,18,4,2888.67294976001,1232.45420506488,0,0,0,70,0,0,0
66,18,5,2946.15827916801,1003.69679134753,0,0,0,143,0,0,0
66,18,6,2991.271268352,1295.72849444559,0,0,0,112,0,0,0
66,18,7,20887.1840209911,7447.27943021228,109,0,0,184,0,0,0
66,18,8,0,2,0,0,0,0,0,0,0
66,19,1,2872.12946944001,991.693269422481,5,0,0,124,0,0,0
66,19,2,2883.70740224,1144.12960931664,0,0,0,115,0,0,0
66,19,3,2929.33068288001,1150.1410941588,0,0,0,96,0,0,0
66,19,4,2902.35603200001,1269.91209630833,0,0,0,123,0,0,0
66,19,5,2951.57819852801,885.069535292003,0,0,0,100,0,0,0
66,19,6,3012.0426189824,1582.01901865614,0,0,0,129,0,0,0
66,19,7,20912.1240099831,6707.28342973983,197,2,0,159,0,0,4
66,19,8,0,2,0,0,0,0,0,0,0
66,20,1,2880.14075955201,513.767254303609,0,0,0,99,0,0,0
66,20,2,2892.124192768,578.287914133398,0,0,0,114,0,0,0
66,20,3,2934.67623987201,1895.24799855518,0,0,0,115,0,0,0
66,20,4,2917.34819850241,681.700592160088,3,0,0,123,0,0,0
66,20,5,2956.52736143361,1523.3472490231,0,0,0,88,0,0,0
66,20,6,3030.59346493441,1167.92584077939,33,0,0,115,0,0,0
66,20,7,20973.9051654135,9918.92385099909,288,0,0,296,0,0,0
66,20,8,0,2,0,0,0,0,0,0,0
66,21,1,2864.37946419201,1212.6882602452,0,0,0,51,0,0,0
66,21,2,2877.02243532801,496.304997320214,0,0,0,57,0,0,0
66,21,3,2946.26737971201,687.362723937527,0,0,0,189,0,0,0
66,21,4,2908.05877053442,1141.81586616239,0,0,0,68,0,0,0
66,21,5,2968.78428303361,2168.72206460515,0,0,0,152,0,0,0
66,21,6,3048.41359933441,1514.88124844702,0,0,0,116,0,0,0
66,21,7,21024.1038609398,10058.4686936363,66,0,0,275,0,0,0
66,21,8,0,2,0,0,0,0,0,0,0
66,22,1,2866.87312947201,1517.21853952199,0,0,0,121,0,0,0
66,22,2,2856.84207052801,707.121624602893,0,0,0,49,0,0,0
66,22,3,2929.98745190401,1022.87940377246,0,0,0,68,0,0,0
66,22,4,2905.97750589442,754.085161824464,0,0,0,114,0,0,0
66,22,5,2997.4154183885,1691.82805031949,0,0,0,215,0,0,0
66,22,6,3073.97029029889,623.100035930615,0,0,0,151,0,0,0
66,22,7,21062.0413948918,13048.0281987784,74,0,0,220,0,0,0
66,22,8,0,2,0,0,0,0,0,0,0
66,23,1,2868.45356902401,670.247875998576,0,0,0,151,0,0,0
66,23,2,2837.70228736001,788.178576885459,0,0,0,70,0,0,0
66,23,3,2917.63401830402,1258.72619741904,0,0,0,102,0,0,0
66,23,4,2890.85752780802,564.120173592299,0,0,0,75,0,0,0
66,23,5,3004.3970990285,966.47807156068,0,0,0,169,0,0,0
66,23,6,3071.95974309889,710.873964440506,0,0,0,62,0,0,0
66,23,7,21093.2868348918,7177.28697929283,51,0,0,237,0,0,0
66,23,8,0,2,0,0,0,0,0,0,0
66,24,1,2850.54089981953,1091.9805786039,0,38,0,29,0,0,0
66,24,2,2810.01581168641,1577.53163765438,0,48,0,30,0,0,0
66,24,3,2904.61711347714,952.904269091664,0,53,0,72,0,0,0
66,24,4,2868.79547666434,556.4052776015,0,31,0,25,0,0,0
66,24,5,2994.2300212429,1350.09251596592,0,43,0,53,0,0,0
66,24,6,3062.1555192013,1507.94378124058,0,48,0,23,0,0,0
66,24,7,21164.5924226038,9576.55762645593,0,346,0,371,0,0,0
66,24,8,0,2,0,0,0,0,0,0,0
66,25,1,2851.48688269313,1583.81617182931,0,0,0,109,0,0,0
66,25,2,2825.16151715841,1171.08549949384,0,0,0,157,0,0,0
66,25,3,2904.42740166658,1280.9647942178,0,0,0,95,0,0,0
66,25,4,2861.10324908034,1286.58061945795,0,0,0,55,0,0,0
66,25,5,3005.49057407387,1182.01344528896,0,0,0,135,0,0,0
66,25,6,3090.0654942413,1063.91284294399,0,0,0,150,0,0,0
66,25,7,21202.9763714037,9194.73793854747,29,0,0,203,0,0,0
66,25,8,0,2,0,0,0,0,0,0,0
66,26,1,2871.11068258306,1744.61829647395,0,0,0,158,0,0,0
66,26,2,2828.77095792641,870.896692291803,0,0,0,117,0,0,0
66,26,3,2908.64773498473,569.603377989478,0,0,0,128,0,0,0
66,26,4,2867.39446638594,1259.63507742488,0,0,0,128,0,0,0
66,26,5,3019.9757224182,1191.86122508066,0,0,0,118,0,0,0
66,26,6,3105.2331814093,1279.81012678691,0,0,0,106,0,0,0
66,26,7,21235.6660046837,14831.9168709298,21,1,0,190,0,0,1
66,26,8,0,2,0,0,0,0,0,0,0
66,27,1,2890.72495622146,1457.24514118778,0,0,0,174,0,0,0
66,27,2,2825.75898324993,854.17123585549,0,0,0,87,0,0,0
66,27,3,2886.48355327183,956.036376631537,0,0,0,56,0,0,0
66,27,4,2872.69763899394,855.848000500256,0,0,0,125,0,0,0
66,27,5,3024.1329888502,497.079841804475,0,0,0,119,0,0,0
66,27,6,3121.3594790093,662.102097180367,0,0,0,127,0,0,0
66,27,7,21264.3423464437,12380.8662614339,25,0,0,237,0,0,0
66,27,8,0,2,0,0,0,0,0,0,0
66,28,1,2903.19993729026,737.99266628829,0,0,0,145,0,0,0
66,28,2,2823.64321810433,559.745866723185,0,0,0,85,0,0,0
66,28,3,2880.10215836141,1186.38664973118,0,0,0,95,0,0,0
66,28,4,2871.95920136194,1797.39454763903,0,0,0,85,0,0,0
66,28,5,3018.3584639222,1675.9955805198,0,0,0,49,0,0,0
66,28,6,3123.8290080973,913.6691969487,0,0,0,66,0,0,0
66,28,7,21301.5522524353,6919.36242413147,44,0,0,253,0,0,0
66,28,8,0,2,0,0,0,0,0,0,0
66,29,1,2896.73528348264,1110.19600475541,0,0,0,73,0,0,0
66,29,2,2808.48065093634,769.161778392991,0,0,0,55,0,0,0
66,29,3,2879.22980536813,932.441152019266,0,0,0,118,0,0,0
66,29,4,2888.76857825282,1243.82709193602,5,0,0,166,0,0,0
66,29,5,3042.83906095106,1273.35784209612,2,0,0,161,0,0,0
66,29,6,3130.6563514573,1664.40229140843,0,0,0,91,0,0,0
66,29,7,21330.0273742016,4959.22109619048,189,0,0,251,0,0,4
66,29,8,0,2,0,0,0,0,0,0,0
66,30,1,2876.68050529896,1661.36254529441,0,69,0,42,0,0,0
66,30,2,2789.43510597634,1512.32165738558,0,48,0,28,0,0,0
66,30,3,2855.80840549255,1095.88174486476,0,52,0,41,0,0,0
66,30,4,2875.27703377922,588.830490088542,0,53,0,71,0,0,0
66,30,5,3035.29416619133,962.78434021599,0,48,0,79,0,0,0
66,30,6,3134.0449466573,583.39081218837,0,90,0,76,0,0,0
66,30,7,21347.4896692415,4456.5174016019,0,266,0,229,0,0,0
66,30,8,0,2,0,0,0,0,0,0,0
66,31,1,2903.1763032359,841.296319585587,0,0,0,166,0,0,0
66,31,2,2809.89667192834,1344.14776774792,0,0,0,151,0,0,0
66,31,3,2859.58562394196,1758.79904493956,0,0,0,109,0,0,0
66,31,4,2873.4061029581,577.55378522225,0,0,0,58,0,0,0
66,31,5,3048.08023305341,2140.0912390959,0,0,0,96,0,0,0
66,31,6,3141.1003168973,1325.59827863567,0,0,0,58,0,0,0
66,31,7,21392.9665460415,9759.43260109729,39,0,0,199,0,0,0
66,31,8,0,2,0,0,0,0,0,0,0
66,32,1,2911.8546735227,1174.10411021612,0,0,0,84,0,0,0
66,32,2,2829.43655380994,1086.09348741598,0,0,0,134,0,0,0
66,32,3,2882.74112489539,2022.92364506147,0,0,0,175,0,0,0
66,32,4,2868.47182731675,640.755528005616,0,0,0,57,0,0,0
66,32,5,3102.58167709207,1252.81240028434,0,0,0,212,0,0,0
66,32,6,3172.5481515213,662.388560656153,0,0,0,132,0,0,0
66,32,7,21444.1865004223,7214.0174069492,32,0,0,209,0,0,0
66,32,8,0,2,0,0,0,0,0,0,0
66,33,1,2923.4997594235,847.597481562309,0,0,0,117,0,0,0
66,33,2,2836.13827092482,1349.47583074953,0,0,0,108,0,0,0
66,33,3,2890.60584682752,2165.84584943078,8,0,0,150,0,0,0
66,33,4,2863.97533585082,696.161553929958,0,0,0,64,0,0,0
66,33,5,3126.71458801896,1727.16576909606,0,0,0,125,0,0,0
66,33,6,3178.2268268749,2224.99724356275,0,0,0,66,0,0,0
66,33,7,21482.6682878142,6935.1982779183,79,0,0,204,0,0,0
66,33,8,0,2,0,0,0,0,0,0,0
66,34,1,2929.53007314798,1528.07230277448,0,0,0,84,0,0,0
66,34,2,2851.67705774082,329.555466547102,0,0,0,134,0,0,0
66,34,3,2912.40308764163,1147.12794643799,8,0,0,162,0,0,1
66,34,4,2867.05266390648,1227.54885213522,0,0,0,69,0,0,0
66,34,5,3165.41655433775,952.730996112635,0,0,0,172,0,0,0
66,34,6,3212.88180674152,755.546087831392,7,0,0,176,0,0,0
66,34,7,21521.4160131262,6769.0922529706,78,0,0,174,0,0,3
66,34,8,0,2,0,0,0,0,0,0,0
66,35,1,2949.8320636358,1205.00384338867,4,0,0,143,0,0,0
66,35,2,2830.99906995816,756.840810944504,0,0,0,32,0,0,0
66,35,3,2909.85321601662,963.914560196188,0,0,0,114,0,0,0
66,35,4,2878.86676815074,1404.79781715337,0,0,0,122,0,0,0
66,35,5,3173.88786221615,1103.58111745458,0,0,0,95,0,0,0
66,35,6,3220.9787239588,1374.44201562748,0,0,0,75,0,0,0
66,35,7,21550.4166407563,10684.7673129225,204,0,0,185,0,0,0
66,35,8,0,2,0,0,0,0,0,0,0
66,36,1,2957.02881350859,1987.7780993721,0,0,0,120,0,0,0
66,36,2,2821.83898599016,937.896692507005,0,0,0,75,0,0,0
66,36,3,2897.29000782841,1909.48577697165,0,0,0,96,0,0,0
66,36,4,2886.22745615586,1545.26707665936,0,0,0,140,0,0,0
66,36,5,3184.31318905391,993.551852291535,0,0,0,110,0,0,0
66,36,6,3248.0814762148,1715.67383469915,0,0,0,137,0,0,0
66,36,7,21605.0214459582,10125.925924299,60,0,0,243,0,0,0
66,36,8,0,2,0,0,0,0,0,0,0
66,37,1,2982.15028243688,1661.67809388328,0,0,0,198,0,0,0
66,37,2,2816.54188519016,820.183147636424,0,0,0,93,0,0,0
66,37,3,2908.66349241563,1103.48995550677,0,0,0,190,0,0,0
66,37,4,2900.28443981026,1791.3315312544,0,0,0,154,0,0,0
66,37,5,3193.85762162227,1893.42337538941,0,0,0,99,0,0,0
66,37,6,3292.75062005352,1640.058555214,0,0,0,171,0,0,0
66,37,7,21653.4649557182,6979.80758108877,67,0,0,207,0,0,0
66,37,8,0,2,0,0,0,0,0,0,0
66,38,1,2992.14834305133,905.485815803319,11,0,0,136,0,0,0
66,38,2,2802.87468667389,997.385843914544,0,0,0,82,0,0,0
66,38,3,2908.30826233177,1061.30771124561,0,0,0,110,0,0,0
66,38,4,2919.11091959419,1690.67519436021,0,0,0,179,0,0,0
66,38,5,3220.35418209745,1365.50828357707,8,0,0,169,0,0,0
66,38,6,3327.88008283752,876.826298240775,2,0,0,157,0,0,0
66,38,7,21711.1075796116,16645.8619028462,181,0,0,244,0,0,0
66,38,8,0,2,0,0,0,0,0,0,0
66,39,1,2980.97806706797,1055.29440595877,0,0,0,90,0,0,0
66,39,2,2793.98993142269,633.162819828779,0,0,0,99,0,0,0
66,39,3,2895.01520274269,1535.38657474144,0,0,0,106,0,0,0
66,39,4,2927.9109462182,1850.6144397555,0,0,0,169,0,0,0
66,39,5,3224.14954669445,1624.61089325526,0,0,0,136,0,0,0
66,39,6,3332.22408334952,1844.70782970231,0,0,0,87,0,0,0
66,39,7,21747.2300064916,4754.20056721323,41,0,0,250,0,0,0
66,39,8,0,2,0,0,0,0,0,0,0
66,40,1,2965.07551658502,949.357923466092,0,60,0,45,0,0,0
66,40,2,2770.59095204349,1708.65880953609,0,40,0,23,0,0,0
66,40,3,2876.33335287133,967.992055494948,0,77,0,76,0,0,0
66,40,4,2922.15262062121,1064.3826018594,0,96,0,89,0,0,0
66,40,5,3216.08006562175,925.121930549365,0,87,0,75,0,0,0
66,40,6,3339.40205540558,1783.98364027175,0,106,0,78,0,0,0
66,40,7,21790.7728569697,6530.4803943763,0,280,0,195,0,0,0
66,40,8,0,2,0,0,0,0,0,0,0
66,41,1,2973.01670211381,1756.70134337185,0,0,0,94,0,0,0
66,41,2,2800.14814298949,780.6809940037,0,0,0,170,0,0,0
66,41,3,2886.07199734415,1055.02574821202,0,0,0,96,0,0,0
66,41,4,2938.22620605584,1074.01667986192,0,0,0,106,0,0,0
66,41,5,3240.98474907832,564.755985864286,0,0,0,92,0,0,0
66,41,6,3402.58574302824,1417.94166890102,0,0,0,178,0,0,0
66,41,7,21855.3451767702,12172.7388264722,29,0,0,208,0,0,0
66,41,8,0,2,0,0,0,0,0,0,0
66,42,1,3007.28436200122,1251.76260617449,0,0,0,175,0,0,0
66,42,2,2803.14353371481,734.643146388454,0,0,0,78,0,0,0
66,42,3,2895.53915750222,1411.223054795,0,0,0,105,0,0,0
66,42,4,2955.9083801471,1632.5043088673,0,0,0,107,0,0,0
66,42,5,3245.73210831032,1091.57552945314,0,0,0,56,0,0,0
66,42,6,3447.87006713448,1485.76956335948,0,0,0,141,0,0,0
66,42,7,21912.636645263,5279.28491386497,24,2,0,209,0,0,0
66,42,8,0,2,0,0,0,0,0,0,0
66,43,1,3016.46781391137,720.175711538534,8,0,0,111,0,0,0
66,43,2,2804.09086356211,353.761548471088,0,0,0,73,0,0,0
66,43,3,2902.95853845095,647.426308240323,18,0,0,112,0,0,0
66,43,4,2973.94195093852,751.233639702174,17,0,0,135,0,0,0
66,43,5,3259.88114250098,305.816985344946,0,0,0,109,0,0,0
66,43,6,3486.13397528168,1393.35991444363,0,0,0,148,0,0,0
66,43,7,21954.052919695,5418.84877728118,186,0,0,214,0,0,10
66,43,8,0,2,0,0,0,0,0,0,0
66,44,1,3010.96422234745,994.75288935876,0,0,0,72,0,0,0
66,44,2,2788.17830771443,265.101584048089,1,0,0,34,0,0,0
66,44,3,2902.27946429182,1550.98539835926,2,0,0,62,0,0,0
66,44,4,2973.57471285105,1118.52064939265,0,0,0,75,0,0,0
66,44,5,3250.02254447453,698.357846247528,2,0,0,28,0,0,0
66,44,6,3507.61388828263,2015.521177668,31,0,0,102,0,0,0
66,44,7,21986.758453647,11973.4800195662,174,2,0,185,0,0,26
66,44,8,0,2,0,0,0,0,0,0,0
66,45,1,3019.60268825471,1185.83331355675,0,0,0,99,0,0,0
66,45,2,2780.32322099692,1851.99175988337,0,0,0,26,0,0,0
66,45,3,2920.64265203272,1222.25548216614,0,0,0,155,0,0,0
66,45,4,2985.64902321132,948.188317604733,0,0,0,111,0,0,0
66,45,5,3258.6132655313,876.468281437178,0,0,0,69,0,0,0
66,45,6,3564.98501462771,1708.85155196941,0,0,0,200,0,0,0
66,45,7,22037.3722106538,7557.4206668548,45,0,0,179,0,0,0
66,45,8,0,2,0,0,0,0,0,0,0
66,46,1,3039.33930892412,1492.03813376679,0,0,0,118,0,0,0
66,46,2,2820.85539498994,995.724231509893,0,0,0,182,0,0,0
66,46,3,2930.0523612369,1697.19182445082,0,0,0,122,0,0,0
66,46,4,3000.7796801135,589.525529282464,0,0,0,94,0,0,0
66,46,5,3275.26925148717,925.64654154504,0,0,0,87,0,0,0
66,46,6,3617.66885061674,1316.21814041662,0,0,0,170,0,0,0
66,46,7,22097.7593653283,4326.87725702336,80,0,0,180,0,0,0
66,46,8,0,2,0,0,0,0,0,0,0
66,47,1,3048.8495090888,1278.67498778295,5,0,0,135,0,0,0
66,47,2,2826.5070380305,1282.08868839192,0,0,0,99,0,0,0
66,47,3,2942.3826897528,1509.35407350481,3,0,0,162,0,0,0
66,47,4,2993.59364407464,936.599618453524,0,0,0,58,0,0,0
66,47,5,3283.29701189369,1906.62618884431,0,0,0,92,0,0,0
66,47,6,3642.06635286775,1522.45748635839,0,0,0,131,0,0,0
66,47,7,22132.9410276592,12809.7117554587,102,0,0,177,0,0,0
66,47,8,0,2,0,0,0,0,0,0,0
66,48,1,3060.950885751,779.957228347624,0,0,0,127,0,0,0
66,48,2,2832.1935681496,1307.45684904795,0,0,0,128,0,0,0
66,48,3,2950.50741063752,727.062844197396,0,0,0,150,0,0,0
66,48,4,2995.58854037469,1338.83490772002,0,0,0,93,0,0,0
66,48,5,3310.99786628925,1609.73172420302,0,0,0,190,0,0,0
66,48,6,3673.24530485904,763.07961425942,0,0,0,152,0,0,0
66,48,7,22225.5379439067,15417.4553675094,30,0,0,417,0,0,0
66,48,8,0,2,0,0,0,0,0,0,0
66,49,1,3056.67970969141,1338.94035318366,0,0,0,77,0,0,0
66,49,2,2835.95057645725,907.077040248001,0,0,0,130,0,0,0
66,49,3,2936.65681870773,887.730451925601,0,0,0,72,0,0,0
66,49,4,2997.82992389693,1102.09199708778,0,0,0,133,0,0,0
66,49,5,3330.38125582256,1772.39855007812,0,0,0,160,0,0,0
66,49,6,3677.83324208498,1365.25453704127,0,0,0,76,0,0,0
66,49,7,22265.5241876954,9907.74332030265,29,0,0,197,0,0,0
66,49,8,0,2,0,0,0,0,0,0,0
66,50,1,3078.89208056299,201.232599409815,0,0,0,133,0,0,0
66,50,2,2842.12595472544,1783.67122649834,0,0,0,90,0,0,0
66,50,3,2943.12885421873,1620.22447509787,0,0,0,88,0,0,0
66,50,4,3016.27849707249,832.851438971286,0,0,0,110,0,0,0
66,50,5,3361.06847216534,710.4944446265,3,0,0,167,0,0,0
66,50,6,3722.31833123836,1714.79046651642,0,0,0,136,0,0,0
66,50,7,22346.9904192189,14712.6337532758,230,0,0,275,0,0,0
66,50,8,0,2,0,0,0,0,0,0,0
66,51,1,3058.67470053867,1207.85907902371,0,0,0,20,0,0,0
66,51,2,2842.52522892781,527.379436149654,0,0,0,174,0,0,0
66,51,3,2943.14586358256,1335.19371522058,0,0,0,162,0,0,0
66,51,4,3001.80534469481,769.502976011696,0,0,0,83,0,0,0
66,51,5,3350.10365191815,990.136147970169,0,0,0,71,0,0,0
66,51,6,3755.58810706177,1367.9504051363,0,0,0,171,0,0,0
66,51,7,22373.1005560509,11739.5069669275,60,0,0,182,0,0,0
66,51,8,0,2,0,0,0,0,0,0,0
66,52,1,3066.30677377704,1325.87969378492,0,0,0,120,0,0,0
66,52,2,2823.67080170336,1061.05067450239,0,0,0,52,0,0,0
66,52,3,2951.37203889973,870.595146135045,0,0,0,133,0,0,0
66,52,4,2985.98097383477,1023.14546704517,0,0,0,76,0,0,0
66,52,5,3351.58331003745,1825.45852859612,0,0,0,99,0,0,0
66,52,6,3793.55941887828,1997.90714900198,0,0,0,136,0,0,0
66,52,7,22445.8931667699,9450.20334988564,0,58,0,239,0,0,0
66,52,8,0,2,0,0,0,0,0,0,0
66,53,1,3079.05692057877,866.245627544705,0,0,0,132,0,0,0
66,53,2,2810.66357022543,684.514984873389,0,0,0,106,0,0,0
66,53,3,2935.88192112594,1090.05195196321,0,0,0,87,0,0,0
66,53,4,2976.99175142672,1834.40420366638,0,0,0,102,0,0,0
66,53,5,3377.72760412189,1216.6034853998,0,0,0,176,0,0,0
66,53,6,3825.25872686289,1567.66423462912,0,11,0,158,0,0,0
66,53,7,22510.3064474847,14142.4072873465,0,187,0,288,0,0,0
66,53,8,0,2,0,0,0,0,0,0,0
66,54,1,3068.23304622204,826.782724621584,0,0,0,86,0,0,0
66,54,2,2800.59185558903,1085.73882475343,0,0,0,68,0,0,0
66,54,3,2930.71170709057,1038.79159342077,0,0,0,109,0,0,0
66,54,4,2986.91186584914,1730.46423392548,0,0,0,182,0,0,0
66,54,5,3377.46171016335,2555.37106993976,0,0,0,121,0,0,0
66,54,6,3857.68603116671,2017.58296817093,0,0,0,156,0,0,0
66,54,7,22548.786448611,10773.4583544684,0,70,0,210,0,0,0
66,54,8,0,2,0,0,0,0,0,0,0
66,55,1,3073.26346488946,1233.06903048967,0,0,0,82,0,0,0
66,55,2,2805.5396194615,754.193875032437,0,0,0,108,0,0,0
66,55,3,2921.444405003,1526.59021917566,0,0,0,103,0,0,0
66,55,4,3019.18944876345,1490.11188984926,0,0,0,173,0,0,0
66,55,5,3418.46432354813,1098.58739501753,0,3,0,204,0,0,1
66,55,6,3939.35860633675,868.59963067346,0,0,0,198,0,0,1
66,55,7,22621.3960054623,3346.20514566008,0,71,0,197,0,0,3
66,55,8,0,2,0,0,0,0,0,0,0
66,56,1,3078.78788725889,1912.13417822285,0,0,0,123,0,0,0
66,56,2,2797.6960451333,1529.33878222118,0,0,0,75,0,0,0
66,56,3,2924.60342124868,914.99230530084,0,0,0,152,0,0,0
66,56,4,3025.23906738943,2010.56477520829,0,0,0,149,0,0,0
66,56,5,3423.1657253509,2024.04554222303,0,0,0,109,0,0,0
66,56,6,3957.4434595318,1213.62083902202,0,0,0,86,0,0,0
66,56,7,22666.6724214248,17478.1191270569,0,31,0,207,0,0,0
66,56,8,0,2,0,0,0,0,0,0,0
66,57,1,3091.23432031568,1331.94727946199,0,0,0,191,0,0,0
66,57,2,2801.53029996546,1501.93572296464,0,0,0,152,0,0,0
66,57,3,2900.03722784439,1757.32249101732,0,0,0,91,0,0,0
66,57,4,3027.83200070501,1911.38208825855,0,0,0,192,0,0,0
66,57,5,3444.89998639007,1223.87096721223,0,0,0,192,0,0,0
66,57,6,3967.88868450693,2249.15789020581,0,0,0,121,0,0,0
66,57,7,22709.9705789928,7850.03837243561,0,45,0,264,0,0,0
66,57,8,0,2,0,0,0,0,0,0,0
66,58,1,3089.19436615682,2015.610391357,0,18,0,102,0,0,0
66,58,2,2793.58953217138,724.672573321475,0,8,0,136,0,0,0
66,58,3,2897.39811067041,1109.05325753479,0,15,0,149,0,0,0
66,58,4,3026.18699579817,1192.34362940739,0,21,0,155,0,0,0
66,58,5,3447.50979129317,1697.9426596416,0,0,0,122,0,0,0
66,58,6,3996.5524081311,1868.94608260071,0,43,0,151,0,0,0
66,58,7,22794.0063857128,3570.76296862008,0,274,0,319,0,0,0
66,58,8,0,2,0,0,0,0,0,0,0
66,59,1,3108.80982464116,1067.00619155208,2,0,0,190,0,0,0
66,59,2,2778.24903862066,448.191883867903,0,0,0,72,0,0,0
66,59,3,2880.83415890502,1309.70976103366,0,0,0,110,0,0,0
66,59,4,3007.72912275075,719.540926354201,0,0,0,119,0,0,0
66,59,5,3461.37728428509,2028.70662824205,0,0,0,169,0,0,0
66,59,6,4018.18657925874,1007.31938614325,11,0,0,139,0,0,0
66,59,7,22829.0035211752,11874.8896359755,47,0,0,168,0,0,0
66,59,8,0,2,0,0,0,0,0,0,0
66,60,1,3117.89981202964,1041.84076226736,0,0,0,106,0,0,0
66,60,2,2753.60588426627,1213.03856517959,0,0,0,44,0,0,0
66,60,3,2874.59483273136,1119.37642084821,0,0,0,130,0,0,0
66,60,4,2984.14366200926,862.150384336376,0,0,0,71,0,0,0
66,60,5,3507.72922740305,1348.99845402873,0,0,0,202,0,0,0
66,60,6,4038.51949788067,713.555441899376,0,0,0,100,0,0,0
66,60,7,22916.238017237,7826.87218296591,10,14,0,238,0,0,1
66,60,8,0,2,0,0,0,0,0,0,0
66,61,1,3107.7869128721,1109.01124650272,0,51,0,53,0,0,0
66,61,2,2735.23051161231,1419.32601868705,0,69,0,52,0,0,0
66,61,3,2841.62464285319,1151.2389067028,0,54,0,57,0,0,0
66,61,4,2951.24954118318,1448.79446903704,0,37,0,49,0,0,0
66,61,5,3498.23735218904,1382.56393996187,0,66,0,68,0,0,0
66,61,6,4036.27671322595,1651.12412543632,0,23,0,48,0,0,0
66,61,7,23006.1646477137,9648.25324783819,4,262,0,248,0,0,0
66,61,8,0,2,0,0,0,0,0,0,0
66,62,1,3133.57493936722,1200.12045656625,0,0,0,110,0,0,0
66,62,2,2757.41566122225,1065.68327483245,0,0,0,141,0,0,0
66,62,3,2859.33116102463,1210.11812204301,0,0,0,115,0,0,0
66,62,4,2972.40961138201,1190.64049907043,0,0,0,144,0,0,0
66,62,5,3545.75355642466,1313.68506960939,0,0,0,138,0,0,0
66,62,6,4110.85732835586,2608.27141446371,0,0,0,165,0,0,0
66,62,7,23090.411760974,6034.00071166604,27,0,0,199,0,0,0
66,62,8,0,2,0,0,0,0,0,0,0
66,63,1,3146.09753768601,749.527251914969,0,0,0,120,0,0,0
66,63,2,2757.71827686224,1160.24444779192,0,0,0,106,0,0,0
66,63,3,2850.58087026042,547.678164373177,0,0,0,121,0,0,0
66,63,4,2969.0834421449,847.836357737565,0,0,0,119,0,0,0
66,63,5,3555.00852621557,1037.0966992885,0,0,0,131,0,0,0
66,63,6,4147.34863425504,2129.97902297388,12,0,0,164,0,0,0
66,63,7,23117.3148408131,7007.48674999044,54,0,0,170,0,0,0
66,63,8,0,2,0,0,0,0,0,0,0
66,64,1,3156.02103652831,1519.29404929858,0,0,0,74,0,0,0
66,64,2,2760.73217300912,1104.2364986043,0,0,0,116,0,0,0
66,64,3,2840.15098347799,1404.09137422479,0,0,0,54,0,0,0
66,64,4,2958.63035730801,1101.39614211764,0,0,0,84,0,0,0
66,64,5,3556.67819667235,1238.93426608152,0,0,0,103,0,0,0
66,64,6,4207.16573073006,2040.22911598949,2,0,0,174,0,0,0
66,64,7,23164.7096911171,9375.53102269914,41,0,0,217,0,0,0
66,64,8,0,2,0,0,0,0,0,0,0
66,65,1,3189.79401530739,1689.34435915864,0,0,0,151,0,0,0
66,65,2,2770.29829517474,879.884064518881,0,0,0,110,0,0,0
66,65,3,2845.33857337839,1122.54146652284,0,0,0,140,0,0,0
66,65,4,2965.48443209613,1043.2647904352,0,0,0,110,0,0,0
66,65,5,3580.75766766942,1039.04678836146,0,0,0,123,0,0,0
66,65,6,4290.34337551026,2396.85534764655,0,0,0,197,0,0,0
66,65,7,23212.6409271057,5836.47934740465,42,0,0,169,0,0,0
66,65,8,0,2,0,0,0,0,0,0,0
66,66,1,3182.30642683497,921.734147631376,0,96,0,72,0,0,0
66,66,2,2755.40807797578,1653.58104575287,0,48,0,39,0,0,0
66,66,3,2826.14426875551,1339.39087959379,0,57,0,55,0,0,0
66,66,4,2948.57033087188,988.916101999179,0,48,0,56,0,0,0
66,66,5,3561.72220639873,2245.33088483122,0,59,0,44,0,0,0
66,66,6,4324.52366940571,923.613299725415,0,122,0,117,0,0,0
66,66,7,23274.2834407185,9380.7135415073,0,315,0,267,0,0,0
66,66,8,0,2,0,0,0,0,0,0,0
66,67,1,3200.51988488645,1476.9628287943,0,0,0,92,0,0,0
66,67,2,2774.96101748181,1255.5104687223,0,0,0,165,0,0,0
66,67,3,2831.67270827966,847.217384701937,0,0,0,133,0,0,0
66,67,4,2949.08150486578,1507.71048450655,0,0,0,98,0,0,0
66,67,5,3600.16019829222,2069.23102379877,0,0,0,189,0,0,0
66,67,6,4362.30634919253,1760.37259451081,0,0,0,92,0,0,0
66,67,7,23358.2517870445,6424.83647053791,25,0,0,247,0,0,0
66,67,8,0,2,0,0,0,0,0,0,0
66,68,1,3240.0086643029,1018.26132704681,0,0,0,147,0,0,0
66,68,2,2789.85823942491,1061.64544797909,0,0,0,125,0,0,0
66,68,3,2828.90398161211,1833.35179428847,0,0,0,84,0,0,0
66,68,4,2960.83809168796,907.013486290812,0,0,0,150,0,0,0
66,68,5,3641.52433387035,1019.84257114441,3,0,0,174,0,0,0
66,68,6,4419.53471857098,2820.55761222418,0,0,0,176,0,0,0
66,68,7,23413.3553740269,5913.89146526552,41,0,0,204,0,0,0
66,68,8,0,2,0,0,0,0,0,0,0
66,69,1,3260.64197531921,1595.03014801808,0,0,0,101,0,0,0
66,69,2,2802.24386759003,1398.38401162604,0,0,0,106,0,0,0
66,69,3,2868.71933363121,1241.16585021111,0,0,0,183,0,0,0
66,69,4,2970.76899611816,1253.07580149275,0,0,0,90,0,0,0
66,69,5,3659.63861502248,1163.97137657418,0,0,0,101,0,0,0
66,69,6,4484.73245284578,1813.10663777863,15,0,0,181,0,0,0
66,69,7,23485.3727530567,11173.7904549198,56,0,0,226,0,0,0
66,69,8,0,2,0,0,0,0,0,0,0
66,70,1,3303.00626836525,1626.40444991435,0,0,0,159,0,0,0
66,70,2,2816.82254057153,1051.26606398946,0,0,0,139,0,0,0
66,70,3,2883.73803548237,933.784078340627,0,0,0,124,0,0,0
66,70,4,2977.90243390189,1174.42588072299,0,0,0,125,0,0,0
66,70,5,3679.49484293703,1942.0218541686,0,0,0,116,0,0,0
66,70,6,4568.4399990985,1702.22987256308,0,0,0,180,0,0,0
66,70,7,23555.9158439741,16256.5664915239,45,0,0,198,0,0,0
66,70,8,0,2,0,0,0,0,0,0,0
66,71,1,3329.58857514007,1710.28153591407,0,0,0,162,0,0,0
66,71,2,2811.94973408513,1230.89092539481,0,0,0,105,0,0,0
66,71,3,2874.99978071226,850.529203724809,0,0,0,93,0,0,0
66,71,4,2974.46946372386,1307.07462955733,0,0,0,117,0,0,0
66,71,5,3709.06087629839,1894.60522458207,0,0,0,194,0,0,0
66,71,6,4602.32864846122,1104.60482626156,0,0,0,170,0,0,0
66,71,7,23585.3799300925,11850.557731176,41,0,0,207,0,0,0
66,71,8,0,2,0,0,0,0,0,0,0
66,72,1,3361.75876087426,1285.97869225182,2,0,0,158,0,0,0
66,72,2,2814.16561778151,1314.04245428383,0,0,0,123,0,0,0
66,72,3,2875.14261211738,1575.03358572984,0,0,0,85,0,0,0
66,72,4,2982.54068901328,1287.86163452693,0,0,0,130,0,0,0
66,72,5,3731.82081180569,1123.16608138754,1,0,0,179,0,0,0
66,72,6,4646.45811499074,1223.90252576342,0,0,0,110,0,0,0
66,72,7,23631.2801248956,9216.11450737732,164,0,0,144,0,0,5
66,72,8,0,2,0,0,0,0,0,0,0
66,73,1,3319.10107243843,1037.73016317395,118,0,0,10,0,0,0
66,73,2,2813.46190338484,1477.10379341117,57,0,0,74,0,0,0
66,73,3,2863.05480568587,756.429863068904,96,0,0,61,0,0,0
66,73,4,2966.41502251595,1705.96486053213,67,0,0,61,0,0,0
66,73,5,3728.04237450668,1881.09808612392,58,0,0,54,0,0,0
66,73,6,4667.48305068928,3176.45509342652,61,0,0,61,0,0,0
66,73,7,23739.0438275164,8728.9668269092,219,4,0,231,0,0,28
66,73,8,0,2,0,0,0,0,0,0,0
66,74,1,3292.75580014208,2063.72808420015,103,0,0,0,0,0,0
66,74,2,2808.83563547974,1469.26522881433,82,0,0,65,0,0,0
66,74,3,2852.28619641731,1717.28815385821,34,0,0,41,0,0,0
66,74,4,2961.7183702816,625.718540927369,78,0,0,92,0,0,0
66,74,5,3717.17589704846,1892.55326368238,96,0,0,92,0,0,0
66,74,6,4696.02689947601,1412.69595338214,170,0,0,147,0,0,0
66,74,7,23802.0597750942,8207.39165630972,417,0,0,402,0,0,4
66,74,8,0,2,0,0,0,0,0,0,0
66,75,1,3341.10820396043,1615.73316655217,0,1,0,176,0,0,0
66,75,2,2836.371638358,1442.49734985664,0,0,0,146,0,0,0
66,75,3,2903.09038634666,1198.25863412758,0,0,0,171,0,0,0
66,75,4,2954.20574162787,733.291675850571,0,0,0,62,0,0,0
66,75,5,3780.63868488539,2599.40497015126,0,0,0,189,0,0,0
66,75,6,4770.01221725378,2245.05974050945,0,0,0,141,0,0,0
66,75,7,23821.7774831665,9898.81440240129,0,38,0,208,0,0,0
66,75,8,0,2,0,0,0,0,0,0,0
66,76,1,3344.08995668312,1178.59404178868,0,114,0,47,0,0,0
66,76,2,2839.13473875583,1209.52310285073,0,73,0,71,0,0,0
66,76,3,2902.60486556364,1216.67593489,0,58,0,61,0,0,0
66,76,4,2947.19672544234,932.758359863395,0,46,0,27,0,0,0
66,76,5,3825.22973470855,1727.09607696932,0,124,0,135,0,0,0
66,76,6,4822.98772729105,1571.27048559933,0,108,0,116,0,0,0
66,76,7,23910.856654866,7319.36982872776,0,521,0,468,0,0,0
66,76,8,0,2,0,0,0,0,0,0,0
66,77,1,3376.33273416401,1485.10533015455,0,0,0,117,0,0,0
66,77,2,2886.25052445814,895.773239434442,0,0,0,120,0,0,0
66,77,3,2940.52476731779,1320.31161111903,0,0,0,121,0,0,0
66,77,4,2972.23122182251,1678.03326495691,0,0,0,93,0,0,0
66,77,5,3925.47922524633,2176.34128184907,0,0,0,172,0,0,0
66,77,6,4928.00235476504,1575.17477496767,0,0,0,157,0,0,0
66,77,7,24032.2728023563,15600.3577182908,32,0,0,218,0,0,0
66,77,8,0,2,0,0,0,0,0,0,0
66,78,1,3398.33492333278,1320.18023686803,0,0,0,148,0,0,0
66,78,2,2899.73936071038,1541.11950333821,0,0,0,89,0,0,0
66,78,3,2960.15268938688,813.314667294556,0,0,0,132,0,0,0
66,78,4,3002.98974423687,1223.49607521536,0,0,0,167,0,0,0
66,78,5,3980.22659651758,1865.83594035323,0,0,0,207,0,0,0
66,78,6,4975.54101820368,2960.59742040959,0,0,0,157,0,0,0
66,78,7,24094.4141889698,10687.6373045512,28,0,0,237,0,0,0
66,78,8,0,2,0,0,0,0,0,0,0
66,79,1,3452.75306373592,1874.32743762192,0,0,0,132,0,0,0
66,79,2,2931.95709946077,1371.28837195266,0,0,0,154,0,0,0
66,79,3,2982.37595462301,1673.18199690855,0,0,0,81,0,0,0
66,79,4,3038.08386367977,2547.18209260038,0,0,0,122,0,0,0
66,79,5,4070.5130044768,1257.818272429,0,0,0,186,0,0,0
66,79,6,5110.75036027557,880.521473321341,11,0,0,177,0,0,0
66,79,7,24181.858528418,6694.7442783386,82,0,0,194,0,0,0
66,79,8,0,2,0,0,0,0,0,0,0
66,80,1,3506.31579252847,1109.80734078447,16,0,0,152,0,0,0
66,80,2,2953.17741326425,1228.68603301143,5,0,0,122,0,0,0
66,80,3,3022.31791887368,2160.01468292859,14,0,0,137,0,0,0
66,80,4,3079.26474363317,1251.50532330551,52,0,0,145,0,0,0
66,80,5,4128.96100487517,1366.46261713696,0,0,0,125,0,0,0
66,80,6,5146.59409396918,1832.7417475096,0,0,0,88,0,0,0
66,80,7,24280.8752369151,7251.28463736047,203,0,0,208,0,0,2
66,80,8,0,2,0,0,0,0,0,0,0
66,81,1,3538.0174430572,1567.47238687546,0,0,0,110,0,0,0
66,81,2,2978.11356411538,412.345102352299,0,0,0,122,0,0,0
66,81,3,3065.13277189124,1964.05324851595,12,0,0,155,0,0,0
66,81,4,3106.29556422206,2045.9147774511,0,0,0,125,0,0,0
66,81,5,4194.30222963749,1713.19839055107,0,0,0,136,0,0,0
66,81,6,5248.5102721093,2108.56259156076,2,0,0,174,0,0,0
66,81,7,24366.4724125542,7280.15558733553,129,0,0,179,0,0,0
66,81,8,0,2,0,0,0,0,0,0,0
66,82,1,3571.81336928662,1526.67890812318,14,0,0,118,0,0,0
66,82,2,2982.99984836968,2081.26516649457,0,0,0,41,0,0,0
66,82,3,3121.44093730592,1724.53458418112,14,0,0,158,0,0,0
66,82,4,3156.26902025874,1812.92158408563,13,0,0,167,0,0,0
66,82,5,4281.1193494425,1532.38682783457,1,0,0,168,0,0,0
66,82,6,5369.19739437819,1646.88836220403,7,0,0,192,0,0,0
66,82,7,24484.1784999916,8117.66225589282,198,0,0,212,0,0,0
66,82,8,0,2,0,0,0,0,0,0,0
66,83,1,3614.78566766055,1033.33229969795,0,0,0,152,0,0,0
66,83,2,3036.81000445962,1159.63133211593,12,0,0,159,0,0,0
66,83,3,3159.82847275678,1037.75367972945,0,0,0,172,0,0,0
66,83,4,3198.47555447369,1777.41871638307,10,0,0,140,0,0,0
66,83,5,4355.68982835149,1521.16591781224,0,0,0,152,0,0,0
66,83,6,5481.12240370675,2481.92366866597,0,0,0,164,0,0,0
66,83,7,24591.5803124748,8082.3802974561,148,0,0,219,0,0,0
66,83,8,0,2,0,0,0,0,0,0,0
66,84,1,3648.57231300336,1418.90805751227,0,0,0,103,0,0,0
66,84,2,3073.63436607288,1174.00055139636,0,0,0,115,0,0,0
66,84,3,3180.15228837786,1352.8788971477,0,0,0,103,0,0,0
66,84,4,3246.58875399844,1626.64547402054,7,0,0,152,0,0,0
66,84,5,4455.31801439493,1883.31080660521,0,0,0,152,0,0,0
66,84,6,5582.14051285457,1921.56699428713,31,0,0,144,0,0,0
66,84,7,24696.3157682788,16221.4135603325,173,0,0,235,0,0,0
66,84,8,0,2,0,0,0,0,0,0,0
66,85,1,3673.70326552017,1686.39659636988,0,0,0,141,0,0,0
66,85,2,3094.26267534902,1925.14201193142,0,0,0,117,0,0,0
66,85,3,3200.53209018791,997.91864762646,0,0,0,135,0,0,0
66,85,4,3284.03987214346,1615.8225714784,0,0,0,162,0,0,0
66,85,5,4518.94967394519,1473.42305807493,0,0,0,188,0,0,0
66,85,6,5660.90196457223,1846.20665986845,0,0,0,185,0,0,0
66,85,7,24751.1342558986,7580.69365088077,43,0,0,209,0,0,0
66,85,8,0,2,0,0,0,0,0,0,0
66,86,1,3748.17221077086,1175.40973492927,7,0,0,152,0,0,0
66,86,2,3138.52182832752,1823.60698996243,21,0,0,143,0,0,0
66,86,3,3238.95857038019,1725.46559642848,0,0,0,99,0,0,0
66,86,4,3343.01239467911,946.095922946408,0,0,0,161,0,0,0
66,86,5,4609.9711837698,1886.77958572723,1,0,0,143,0,0,0
66,86,6,5837.48897758419,2390.49439960738,0,0,0,184,0,0,0
66,86,7,24888.9432164426,14080.1357470277,215,0,0,263,0,0,0
66,86,8,0,2,0,0,0,0,0,0,0
66,87,1,3766.12224717443,1025.59137041667,0,0,0,117,0,0,0
66,87,2,3168.07835511174,1341.75324408237,0,0,0,181,0,0,0
66,87,3,3264.07030924186,1174.54510050368,0,0,0,172,0,0,0
66,87,4,3353.310248531,1014.92642144849,0,0,0,94,0,0,0
66,87,5,4647.22052385547,1086.67467651089,0,0,0,185,0,0,0
66,87,6,5912.80948223809,1765.68470289227,1,0,0,200,0,0,0
66,87,7,24937.9787262629,11563.5367997809,58,0,0,182,0,0,0
66,87,8,0,2,0,0,0,0,0,0,0
66,88,1,3834.54859794829,895.356613649004,0,0,0,102,0,0,0
66,88,2,3218.15640675607,1295.53939509831,0,0,0,134,0,0,0
66,88,3,3334.10377562974,2118.12890752698,0,0,0,117,0,0,0
66,88,4,3402.91290842438,959.6110239035,0,0,0,101,0,0,0
66,88,5,4710.36050760494,2078.72257715371,0,0,0,108,0,0,0
66,88,6,6097.60117471408,3171.60585077942,0,0,0,176,0,0,0
66,88,7,25072.8460909115,17623.5159080386,126,0,0,181,0,0,0
66,88,8,0,2,0,0,0,0,0,0,0
66,89,1,3847.66775298081,1115.86848233169,0,0,0,89,0,0,0
66,89,2,3234.5559402574,2262.96097269048,0,0,0,129,0,0,0
66,89,3,3366.89482332673,2631.84322318169,0,0,0,207,0,0,0
66,89,4,3420.7105157385,873.039526056008,0,0,0,95,0,0,0
66,89,5,4784.91288557657,2342.47490148467,0,0,0,202,0,0,0
66,89,6,6204.78469924471,2250.21632448459,4,0,0,198,0,0,0
66,89,7,25127.6926784517,10705.1923468835,52,0,0,219,0,0,0
66,89,8,0,2,0,0,0,0,0,0,0
66,90,1,3891.11058467203,1398.25291543199,0,0,0,111,0,0,0
66,90,2,3278.9420094552,556.864559420986,16,0,0,163,0,0,0
66,90,3,3410.5304283035,1568.39721245043,24,0,0,166,0,0,0
66,90,4,3444.07633984735,1514.88643680117,0,0,0,87,0,0,0
66,90,5,4841.08439126159,1170.88815744781,21,0,0,151,0,0,0
66,90,6,6358.86987870489,2047.76751058819,14,0,0,169,0,0,0
66,90,7,25255.0622285139,11218.2950563597,190,1,0,177,0,0,1
66,90,8,0,2,0,0,0,0,0,0,0
66,91,1,3922.22531694857,1355.591241167,0,0,0,139,0,0,0
66,91,2,3287.62768741438,1175.11951138563,0,0,0,55,0,0,0
66,91,3,3427.68148383323,1326.4407011766,0,0,0,156,0,0,0
66,91,4,3478.13030398877,662.116634929541,0,0,0,151,0,0,0
66,91,5,4886.15032618349,1929.09222227935,0,0,0,117,0,0,0
66,91,6,6491.58756489018,843.854755739146,1,0,0,198,0,0,0
66,91,7,25329.928168866,7277.61689461181,155,0,0,174,0,0,4
66,91,8,0,2,0,0,0,0,0,0,0
66,92,1,3922.74210629076,1097.55516612408,95,0,0,31,0,0,0
66,92,2,3309.54076285545,1901.16392355428,35,0,0,79,0,0,0
66,92,3,3450.93148555277,998.326220201049,46,0,0,82,0,0,0
66,92,4,3478.04753173207,1143.00171824651,12,0,0,53,0,0,0
66,92,5,4935.23956314917,1553.03845372751,88,0,0,96,0,0,0
66,92,6,6519.37003112266,1189.79616457367,21,0,0,61,0,0,0
66,92,7,25414.2597003933,13013.5911937264,227,3,0,208,0,0,4
66,92,8,0,2,0,0,0,0,0,0,0
66,93,1,3957.41254331644,3412.99920935167,0,0,0,109,0,0,0
66,93,2,3350.06506513957,1394.56904197977,1,0,0,172,0,0,0
66,93,3,3459.20791733509,732.932754945695,0,0,0,99,0,0,0
66,93,4,3500.38485439083,1939.61923630035,0,0,0,114,0,0,0
66,93,5,4975.65876648651,1836.85105257358,0,0,0,155,0,0,0
66,93,6,6581.68143794063,3159.74900118246,0,0,0,118,0,0,0
66,93,7,25480.4529440494,8039.8463641543,63,0,0,192,0,0,0
66,93,8,0,2,0,0,0,0,0,0,0
66,94,1,4019.77535273358,1864.24843783133,43,0,0,171,0,0,0
66,94,2,3399.89602644058,1766.02013990026,0,0,0,139,0,0,0
66,94,3,3474.29666552566,1711.31054334207,0,0,0,73,0,0,0
66,94,4,3554.35726824181,1565.72579622913,9,0,0,155,0,0,1
66,94,5,5077.37419734101,1286.97048120117,0,0,0,183,0,0,0
66,94,6,6716.41392397203,2868.45799829039,34,0,0,183,0,0,0
66,94,7,25567.6874486085,11650.1693082645,156,0,0,179,0,0,2
66,94,8,0,2,0,0,0,0,0,0,0
66,95,1,4157.0559589233,1732.89127996378,0,0,0,186,0,0,0
66,95,2,3479.93268369807,762.774503502093,0,0,0,176,0,0,0
66,95,3,3584.19761791417,1301.84665203678,0,0,0,171,0,0,0
66,95,4,3633.93908519994,1096.01092777418,0,0,0,156,0,0,0
66,95,5,5187.23947657313,1902.36159055709,0,0,0,128,0,0,0
66,95,6,7022.11264744137,5256.45418392785,4,0,0,213,0,0,0
66,95,7,25757.9534425963,12642.4467670164,56,0,0,183,0,0,0
66,95,8,0,2,0,0,0,0,0,0,0
66,96,1,4198.06432566737,2306.9254601979,0,0,0,173,0,0,0
66,96,2,3484.79856180037,1105.28203220851,0,0,0,76,0,0,0
66,96,3,3590.95432775014,1694.28822765769,0,0,0,130,0,0,0
66,96,4,3633.03084253174,859.260630009536,0,0,0,109,0,0,0
66,96,5,5227.27671457284,1642.77262406705,0,0,0,190,0,0,0
66,96,6,7180.2676218734,2305.46873161393,14,0,0,218,0,0,0
66,96,7,25831.8806946968,6320.82906676141,44,0,0,271,0,0,0
66,96,8,0,2,0,0,0,0,0,0,0
66,97,1,4284.62886307228,2117.42753966345,56,0,0,135,0,0,0
66,97,2,3498.985844429,903.666889079128,0,0,0,110,0,0,0
66,97,3,3633.17296183672,1585.38081621382,19,0,0,137,0,0,0
66,97,4,3653.02985860897,2491.82520803316,0,0,0,85,0,0,0
66,97,5,5344.75144184497,2338.37244470744,1,0,0,162,0,0,0
66,97,6,7363.09630455661,2953.5048063703,47,0,0,150,0,0,0
66,97,7,25969.9109580534,8789.09099869255,221,0,0,251,0,0,2
66,97,8,0,2,0,0,0,0,0,0,0
66,98,1,4360.96509225147,2050.01132878784,0,0,0,206,0,0,0
66,98,2,3495.31128327431,1372.29593750902,0,0,0,90,0,0,0
66,98,3,3655.90856391567,1331.98827514275,0,0,0,158,0,0,0
66,98,4,3696.77493216803,1156.67710893848,8,0,0,179,0,0,0
66,98,5,5435.30928067372,2086.53321457127,9,0,0,161,0,0,0
66,98,6,7478.65761444401,2552.37209172499,13,0,0,178,0,0,0
66,98,7,26088.1653563066,11284.1190417082,80,0,0,236,0,0,0
66,98,8,0,2,0,0,0,0,0,0,0
66,99,1,4430.4995577463,1179.06021155765,0,0,0,197,0,0,0
66,99,2,3535.49173065656,901.201819683639,0,0,0,137,0,0,0
66,99,3,3656.05022992447,2173.65432787012,0,0,0,133,0,0,0
66,99,4,3722.09244102109,1843.83687693515,0,0,0,115,0,0,0
66,99,5,5583.49260823422,1675.3472273608,0,0,0,203,0,0,0
66,99,6,7648.89562170966,3865.00789831313,2,0,0,207,0,0,0
66,99,7,26190.1306827435,5126.39443834646,55,0,0,174,0,0,0
66,99,8,0,2,0,0,0,0,0,0,0
66,100,1,4483.64123876742,2154.22456671415,12,0,0,102,0,0,0
66,100,2,3538.85348261068,693.25550901374,0,0,0,90,0,0,0
66,100,3,3673.07565646082,1728.53125638358,40,0,0,165,0,0,0
66,100,4,3722.4608918884,1643.69966553099,43,0,0,128,0,0,0
66,100,5,5637.85627618568,3513.92546746641,31,0,0,127,0,0,0
66,100,6,7795.07828393992,3229.62710902989,158,0,0,181,0,0,0
66,100,7,26259.3370483318,8669.32509345543,215,0,0,233,0,0,0
66,100,8,0,2,0,0,0,0,0,0,0
67,1,1,2953.056,518.076735879505,0,5,0,16,0,0,0
67,1,2,2947.592,1559.4120996044,0,24,0,14,0,0,0
67,1,3,2953.6,549.392705536885,0,42,0,46,0,0,0
67,1,4,2953.536,417.518805147152,0,24,0,41,0,0,0
67,1,5,2952.8816,1038.05586499808,0,41,0,40,0,0,0
67,1,6,2961.928,1843.03120317861,0,34,0,44,0,0,0
67,1,7,19153.3260799999,8039.11366315916,0,52,0,44,0,0,0
67,1,8,0,4,0,7,0,6,0,0,0
67,2,1,2948.7296,1343.02432535014,0,0,0,51,0,0,0
67,2,2,2967.632,1070.68212480434,0,0,0,155,0,0,0
67,2,3,2957.552,1220.80100485479,0,0,0,54,0,0,0
67,2,4,2951.8576,998.579107612016,0,0,0,41,0,0,0
67,2,5,2964.76128,1445.31502996709,0,0,0,103,0,0,0
67,2,6,2990.88799999999,1401.47310275506,0,0,0,184,0,0,0
67,2,7,19117.3916799998,7985.29783543236,22,0,0,227,0,0,0
67,2,8,0,4,0,0,0,0,0,0,0
67,3,1,2960.544,584.015038420553,0,0,0,134,0,0,0
67,3,2,2978.64319999999,1104.83159659226,0,0,0,107,0,0,0
67,3,3,2971.176,1201.41552648855,0,0,0,122,0,0,0
67,3,4,2960.1712,2093.88921609792,0,0,0,99,0,0,0
67,3,5,2984.79168,1468.0417463296,0,0,0,144,0,0,0
67,3,6,3009.47039999999,1558.10938988438,0,0,0,140,0,0,0
67,3,7,19081.0919782398,6648.03238811503,21,0,0,216,0,0,0
67,3,8,0,4,0,0,0,0,0,0,0
67,4,1,2961.528,2028.6531697023,0,0,0,58,0,0,0
67,4,2,2989.46559999999,2119.40409199153,0,0,0,110,0,0,0
67,4,3,2984.54528,1207.31785054769,0,0,0,120,0,0,0
67,4,4,2980.19871999999,1389.20402805465,2,0,0,173,0,0,2
67,4,5,3003.63168,1422.77871135243,0,0,0,146,0,0,0
67,4,6,3031.21599999999,1211.9909156836,0,0,0,155,0,0,0
67,4,7,19043.6165222398,4602.64692556236,35,0,0,234,0,0,0
67,4,8,0,4,0,0,0,0,0,0,0
67,5,1,2970.097344,1091.80993185485,0,85,0,117,0,0,0
67,5,2,2998.09759999999,1157.39126932826,0,99,0,112,0,0,0
67,5,3,2984.61088,945.435502006161,0,52,0,68,0,0,0
67,5,4,2978.07711999999,1695.27081658889,0,72,0,66,0,0,0
67,5,5,3002.02208,827.686817676033,0,68,0,74,0,0,0
67,5,6,3032.20639999999,1332.87398763254,0,65,0,56,0,0,0
67,5,7,18979.6629222397,6631.8344750851,5,137,0,167,0,0,0
67,5,8,0,4,0,0,0,0,0,0,0
67,6,1,2986.898944,807.481861939811,0,0,0,109,0,0,0
67,6,2,3020.10239999999,548.882997141108,0,0,0,115,0,0,0
67,6,3,3001.18848,770.980470809858,0,0,0,94,0,0,0
67,6,4,3008.23391999999,1392.91972626083,0,0,0,169,0,0,0
67,6,5,3015.95808,1326.36510712107,0,0,0,82,0,0,0
67,6,6,3056.54047999999,1472.11136833532,0,0,0,133,0,0,0
67,6,7,18947.3266938876,8446.91459901022,29,0,0,191,0,0,0
67,6,8,0,4,0,0,0,0,0,0,0
67,7,1,2996.164224,1568.03057849688,0,0,0,80,0,0,0
67,7,2,3028.55839999999,1441.7960373321,0,0,0,54,0,0,0
67,7,3,3013.66048,739.905426000253,0,0,0,77,0,0,0
67,7,4,3033.62431999999,1002.02351416977,0,0,0,139,0,0,0
67,7,5,3037.60287999999,1060.88019387865,0,0,0,132,0,0,0
67,7,6,3081.07455999999,284.544425316701,0,0,0,147,0,0,0
67,7,7,18926.2218618876,5012.1746123731,21,0,0,246,0,0,0
67,7,8,0,4,0,0,0,0,0,0,0
67,8,1,3015.710144,1128.76886269733,6,0,0,138,0,0,0
67,8,2,3055.00319999999,1206.7930718718,0,0,0,144,0,0,0
67,8,3,3025.47487999999,1075.54307130963,0,0,0,73,0,0,0
67,8,4,3049.44671999999,304.409174091946,0,0,0,100,0,0,0
67,8,5,3052.81855999999,829.845310565259,0,0,0,106,0,0,0
67,8,6,3081.49855999999,1438.3807253932,0,0,0,28,0,0,0
67,8,7,18893.5416058875,4347.65277244004,108,0,0,186,0,0,1
67,8,8,0,4,0,0,0,0,0,0,0
67,9,1,3026.359744,987.158094049101,0,0,0,112,0,0,0
67,9,2,3072.06543103999,1024.51702679079,0,0,0,120,0,0,0
67,9,3,3041.19967999999,1196.69790579845,0,0,0,107,0,0,0
67,9,4,3048.02879999999,877.052423203303,0,0,0,30,0,0,0
67,9,5,3062.55903999999,1742.91064495053,0,0,0,82,0,0,0
67,9,6,3104.02047999999,835.608555881069,0,0,0,143,0,0,0
67,9,7,18869.9883258875,6724.06833685395,107,0,0,188,0,0,0
67,9,8,0,4,0,0,0,0,0,0,0
67,10,1,3032.117184,748.457356584268,0,0,0,98,0,0,0
67,10,2,3080.63663103999,1619.5162184157,0,0,0,102,0,0,0
67,10,3,3060.96799999999,1204.96716567768,0,0,0,119,0,0,0
67,10,4,3056.97247999999,1559.2128071657,0,0,0,87,0,0,0
67,10,5,3093.28838399999,1352.65411407976,0,0,0,174,0,0,0
67,10,6,3114.04607999999,697.075034806313,0,0,0,83,0,0,0
67,10,7,18861.3159418874,4788.79430681763,37,0,0,216,0,0,0
67,10,8,0,4,0,0,0,0,0,0,0
67,11,1,3023.115584,1142.86724899747,47,0,0,27,0,0,0
67,11,2,3083.64277503999,1235.30774038461,84,0,0,77,0,0,0
67,11,3,3061.07711999999,1320.47628317776,63,0,0,57,0,0,0
67,11,4,3064.61414399999,1479.27085341135,82,0,0,73,0,0,0
67,11,5,3092.745664,1093.30381373699,82,0,0,53,0,0,0
67,11,6,3114.39078399999,866.676883457646,38,0,0,31,0,0,0
67,11,7,18855.8637818874,11252.5459018015,260,0,0,218,0,0,0
67,11,8,0,4,0,0,0,0,0,0,0
67,12,1,3031.904384,1188.66218508426,0,0,0,114,0,0,0
67,12,2,3097.99285503999,1051.2507005396,0,0,0,123,0,0,0
67,12,3,3083.17951999999,2029.85564392901,0,0,0,132,0,0,0
67,12,4,3089.99500799999,1055.66110949538,0,0,0,147,0,0,0
67,12,5,3108.44006399999,1457.59990600601,0,0,0,109,0,0,0
67,12,6,3127.9192448,509.009654674292,0,0,0,86,0,0,0
67,12,7,18827.2249978873,6351.77771350825,42,0,0,183,0,0,0
67,12,8,0,4,0,0,0,0,0,0,0
67,13,1,3039.649984,1878.43012187758,0,0,0,118,0,0,0
67,13,2,3107.97973503999,1388.69432731324,0,0,0,105,0,0,0
67,13,3,3111.1872,1070.01594128094,7,0,0,170,0,0,0
67,13,4,3104.96748799999,1689.68457745373,0,0,0,105,0,0,0
67,13,5,3131.2471168,852.765781728729,0,0,0,143,0,0,0
67,13,6,3128.7246208,907.887648410613,0,0,0,50,0,0,0
67,13,7,18803.8103418873,3296.40237240171,108,0,0,179,0,0,0
67,13,8,0,4,0,0,0,0,0,0,0
67,14,1,3046.359488,1626.56127691064,53,0,0,108,0,0,0
67,14,2,3118.22491903999,1257.78487145924,3,0,0,134,0,0,0
67,14,3,3124.018944,884.021426618061,0,0,0,107,0,0,0
67,14,4,3120.89318399999,1309.73033719994,31,0,0,122,0,0,0
67,14,5,3141.7722368,1924.37521828421,0,0,0,85,0,0,0
67,14,6,3138.0526208,986.545209207853,1,0,0,89,0,0,0
67,14,7,18779.5169530873,3456.99652857342,114,0,0,158,0,0,0
67,14,8,0,4,0,0,0,0,0,0,0
67,15,1,3052.1266048,1878.84258831429,22,0,0,118,0,0,0
67,15,2,3132.47771903999,952.126791497937,0,0,0,125,0,0,0
67,15,3,3129.602304,1200.14484210226,0,0,0,88,0,0,0
67,15,4,3139.28582399999,1474.39891242632,0,0,0,130,0,0,0
67,15,5,3164.4960768,522.156179391388,24,0,0,144,0,0,0
67,15,6,3148.360512,1315.62629584474,0,0,0,98,0,0,0
67,15,7,18751.5303802872,6644.19548944926,88,0,0,168,0,0,0
67,15,8,0,4,0,0,0,0,0,0,0
67,16,1,3071.31105280001,909.710720363771,0,0,0,183,0,0,0
67,16,2,3141.16642303999,879.424204238702,0,0,0,95,0,0,0
67,16,3,3143.50756864,879.641203728134,0,0,0,120,0,0,0
67,16,4,3160.153728,2041.12103874726,0,0,0,147,0,0,0
67,16,5,3163.8556928,1595.31933009464,0,0,0,52,0,0,0
67,16,6,3163.8153216,1300.70139025874,0,0,0,131,0,0,0
67,16,7,18736.0475642871,7884.00185470462,38,0,0,191,0,0,0
67,16,8,0,4,0,0,0,0,0,0,0
67,17,1,3071.03194880001,549.49947078461,0,0,0,90,0,0,0
67,17,2,3141.76950784,1457.25395850324,0,0,0,87,0,0,0
67,17,3,3146.36054784001,1878.5587274558,0,0,0,87,0,0,0
67,17,4,3183.90698239999,1846.09212206344,0,0,0,191,0,0,0
67,17,5,3185.3266688,1124.83102411518,0,0,0,159,0,0,0
67,17,6,3178.9120256,1725.22884397018,0,0,0,130,0,0,0
67,17,7,18716.0822650871,7952.20336002032,31,0,0,202,0,0,0
67,17,8,0,4,0,0,0,0,0,0,0
67,18,1,3069.20376576001,1353.89763043167,0,0,0,54,0,0,0
67,18,2,3153.16617984,1338.77821912494,0,9,0,130,0,0,0
67,18,3,3166.47769692161,1525.84928226396,0,29,0,141,0,0,0
67,18,4,3203.30086656,1148.19918631666,0,28,0,139,0,0,0
67,18,5,3200.33275136,1407.17142416033,0,0,0,112,0,0,0
67,18,6,3199.73840640001,998.378626732258,0,13,0,151,0,0,0
67,18,7,18684.962459647,4592.0401219977,8,138,0,165,0,0,0
67,18,8,0,4,0,0,0,0,0,0,0
67,19,1,3081.56864880642,1704.76948290824,0,0,0,135,0,0,0
67,19,2,3166.37611520001,1655.62160912468,0,0,0,133,0,0,0
67,19,3,3188.09113692161,1240.09020898616,0,0,0,152,0,0,0
67,19,4,3216.96704256,1088.16202573907,0,0,0,114,0,0,0
67,19,5,3217.9225472,1313.90951798726,0,0,0,140,0,0,0
67,19,6,3210.0742016,1095.32223059898,0,0,0,99,0,0,0
67,19,7,18676.605815807,3257.43002099273,35,0,0,218,0,0,0
67,19,8,0,4,0,0,0,0,0,0,0
67,20,1,3076.97639280641,997.533428812018,97,0,0,73,0,0,0
67,20,2,3157.93410560001,985.204504210852,91,0,0,74,0,0,0
67,20,3,3181.14450012161,1895.81135598819,61,0,0,63,0,0,0
67,20,4,3215.64270336,1263.41645126939,37,0,0,71,0,0,0
67,20,5,3219.9062272,794.929804666275,69,0,0,62,0,0,0
67,20,6,3206.4569216,1756.04859194617,56,0,0,53,0,0,0
67,20,7,18653.0266717173,7259.23617099431,155,0,0,170,0,0,0
67,20,8,0,4,0,0,0,0,0,0,0
67,21,1,3078.20951920642,779.836345971821,0,0,0,99,0,0,0
67,21,2,3163.74315827201,1736.02058750721,0,0,0,98,0,0,0
67,21,3,3203.51560353794,1244.79103396898,0,0,0,174,0,0,0
67,21,4,3231.35395840001,450.565892463636,0,0,0,126,0,0,0
67,21,5,3227.6152192,1839.9236183639,0,0,0,79,0,0,0
67,21,6,3237.10602240001,1199.0214992247,0,0,0,172,0,0,0
67,21,7,18619.8981597173,5117.44543405201,0,36,0,198,0,0,0
67,21,8,0,4,0,0,0,0,0,0,0
67,22,1,3084.59745751042,1870.53982911003,0,0,0,77,0,0,0
67,22,2,3181.60401725441,626.133548476625,0,10,0,144,0,0,0
67,22,3,3216.04398292994,1698.88826356074,0,0,0,124,0,0,0
67,22,4,3229.72117760001,1122.02172954777,0,0,0,45,0,0,0
67,22,5,3251.39084032,1194.73818831374,0,13,0,146,0,0,0
67,22,6,3255.03041280001,1369.9292517935,0,0,0,119,0,0,0
67,22,7,18576.8913373172,9460.30183942623,0,124,0,150,0,0,0
67,22,8,0,4,0,0,0,0,0,0,0
67,23,1,3110.71301908482,1426.89223970728,0,0,0,187,0,0,0
67,23,2,3179.86278205441,2004.29876180986,0,0,0,62,0,0,0
67,23,3,3237.78147284994,744.295285829684,0,0,0,169,0,0,0
67,23,4,3236.29372979201,1479.76978708457,0,0,0,112,0,0,0
67,23,5,3266.48466432,1235.94372906201,0,0,0,119,0,0,0
67,23,6,3281.78277980161,623.501270839987,0,0,0,136,0,0,0
67,23,7,18556.4318941172,6610.38226708147,21,2,0,212,0,0,2
67,23,8,0,4,0,0,0,0,0,0,0
67,24,1,3123.34905835523,1566.33313061936,0,0,0,142,0,0,0
67,24,2,3211.30567741442,703.530038969979,0,0,0,199,0,0,0
67,24,3,3239.72686292994,1512.42659957223,0,0,0,74,0,0,0
67,24,4,3256.34483159041,712.212742463778,0,0,0,147,0,0,0
67,24,5,3280.48574668801,1896.93578118859,0,0,0,123,0,0,0
67,24,6,3287.70371164161,1464.48941120218,0,0,0,62,0,0,0
67,24,7,18543.2340865011,3342.65492320755,30,0,0,223,0,0,1
67,24,8,0,4,0,0,0,0,0,0,0
67,25,1,3123.20368312322,701.368947763622,0,67,0,89,0,0,0
67,25,2,3196.80570941442,1275.24106335251,0,29,0,41,0,0,0
67,25,3,3237.64181460994,1589.95999063216,0,71,0,80,0,0,0
67,25,4,3238.27132119041,1766.229740512,0,48,0,23,0,0,0
67,25,5,3286.44868044801,1728.53712765684,0,88,0,101,0,0,0
67,25,6,3291.15830824961,459.013187686962,0,75,0,71,0,0,0
67,25,7,18495.3491221491,7623.71170687708,0,192,0,133,0,0,0
67,25,8,0,4,0,0,0,0,0,0,0
67,26,1,3127.51443089411,1250.60910374064,0,0,0,70,0,0,0
67,26,2,3217.95533117442,1031.9760810177,0,0,0,127,0,0,0
67,26,3,3268.77914580994,856.617734197773,0,0,0,158,0,0,0
67,26,4,3274.25689151489,1797.79574196262,0,0,0,176,0,0,0
67,26,5,3327.80487680001,1213.01217335995,0,0,0,172,0,0,0
67,26,6,3300.68025077762,1317.1787364953,0,0,0,45,0,0,0
67,26,7,18495.8388373491,12181.9747919421,29,0,0,169,0,0,0
67,26,8,0,4,0,0,0,0,0,0,0
67,27,1,3143.0555892941,1229.49008854353,0,0,0,125,0,0,0
67,27,2,3228.52434493442,1494.55893716877,0,0,0,103,0,0,0
67,27,3,3275.29548500994,623.870257341198,0,0,0,85,0,0,0
67,27,4,3308.24007743489,886.645513204697,0,0,0,179,0,0,0
67,27,5,3348.36887040002,1596.97035323012,0,0,0,121,0,0,0
67,27,6,3325.03505141762,1680.28534259237,0,0,0,131,0,0,0
67,27,7,18496.0711343091,5705.99846692569,24,0,0,225,0,0,0
67,27,8,0,4,0,0,0,0,0,0,0
67,28,1,3163.09462007811,863.14028808807,0,0,0,122,0,0,0
67,28,2,3257.5353060557,1511.25395526904,0,0,0,149,0,0,0
67,28,3,3279.66417928194,1471.05778979458,0,0,0,62,0,0,0
67,28,4,3324.35492159489,1148.6996318352,0,0,0,88,0,0,0
67,28,5,3384.80992102402,753.87121373661,0,0,0,159,0,0,0
67,28,6,3361.18352578562,669.630413234129,0,0,0,168,0,0,0
67,28,7,18511.0086933491,4647.75770293853,31,0,0,197,0,0,0
67,28,8,0,4,0,0,0,0,0,0,0
67,29,1,3169.5509144781,1763.67509860953,0,0,0,86,0,0,0
67,29,2,3278.1257776333,1212.17863671856,4,0,0,144,0,0,0
67,29,3,3304.01723912194,1799.72888480299,1,0,0,144,0,0,0
67,29,4,3343.1066015949,1207.35843162572,1,0,0,113,0,0,0
67,29,5,3397.86181693442,1265.36357247175,0,0,0,75,0,0,0
67,29,6,3369.83508418562,1321.22902896016,1,0,0,65,0,0,0
67,29,7,18515.063653989,8550.74787538335,166,0,0,199,0,0,0
67,29,8,0,4,0,0,0,0,0,0,0
67,30,1,3195.44892772764,429.938545699944,0,0,0,176,0,0,0
67,30,2,3294.37646493698,1033.6312367743,0,0,0,121,0,0,0
67,30,3,3332.50914126236,1889.54512153507,0,0,0,179,0,0,0
67,30,4,3363.7898932429,1195.74939171178,0,0,0,120,0,0,0
67,30,5,3421.28127242242,1139.69685891015,0,0,0,126,0,0,0
67,30,6,3402.27257495554,1730.16110005243,0,0,0,132,0,0,0
67,30,7,18535.1036948466,7779.53937403007,49,0,0,206,0,0,0
67,30,8,0,4,0,0,0,0,0,0,0
67,31,1,3188.32689979804,1652.76724414712,0,0,0,42,0,0,0
67,31,2,3307.2893525197,2299.94224718236,0,0,0,103,0,0,0
67,31,3,3369.02527223483,1374.69495222675,0,0,0,188,0,0,0
67,31,4,3387.6346793165,1965.09357303802,0,0,0,119,0,0,0
67,31,5,3440.31338557442,1391.10395650856,0,0,0,113,0,0,0
67,31,6,3450.02601633794,1694.82542611173,0,0,0,173,0,0,0
67,31,7,18568.2584750066,7489.16438097218,42,0,0,221,0,0,0
67,31,8,0,4,0,0,0,0,0,0,0
67,32,1,3215.71608412981,1977.8524659153,2,0,0,151,0,0,0
67,32,2,3336.5586398413,1132.23218960728,13,0,0,159,0,0,0
67,32,3,3398.40384716819,2099.58060782782,0,0,0,137,0,0,0
67,32,4,3420.1208147149,1851.3718355409,8,0,0,155,0,0,0
67,32,5,3474.80902809602,1331.98392701808,0,0,0,139,0,0,0
67,32,6,3492.55308859394,1781.12242690248,2,0,0,156,0,0,0
67,32,7,18588.5170328561,9482.66739482065,109,0,0,189,0,0,0
67,32,8,0,4,0,0,0,0,0,0,0
67,33,1,3246.48752533588,1029.17462633365,1,0,0,183,0,0,0
67,33,2,3346.8311161037,1696.68355975052,0,0,0,113,0,0,0
67,33,3,3432.28225136658,2166.90865855863,1,0,0,192,0,0,0
67,33,4,3455.56191377409,1903.02477551941,0,0,0,185,0,0,0
67,33,5,3501.43197081602,1815.61333330887,0,0,0,133,0,0,0
67,33,6,3531.56053164034,1768.10808384344,0,0,0,178,0,0,0
67,33,7,18610.4824365041,9165.45361199788,56,0,0,193,0,0,1
67,33,8,0,4,0,0,0,0,0,0,0
67,34,1,3252.80651556948,1895.0002272129,0,0,0,102,0,0,0
67,34,2,3366.35473930242,1947.58695633311,0,0,0,169,0,0,0
67,34,3,3462.8204309473,1736.56491283654,0,0,0,215,0,0,0
67,34,4,3478.62768795649,1775.09305743382,0,0,0,181,0,0,0
67,34,5,3529.75176314882,2107.52769337106,0,0,0,179,0,0,0
67,34,6,3566.00209970793,1641.04252832809,0,0,0,176,0,0,0
67,34,7,18617.0570136561,8335.63184924575,98,0,0,181,0,0,0
67,34,8,0,4,0,0,0,0,0,0,0
67,35,1,3246.34719866964,1627.25629357121,123,0,0,66,0,0,0
67,35,2,3363.20275200002,1691.59794521784,107,0,0,87,0,0,0
67,35,3,3457.80483656517,1136.18409919341,92,0,0,81,0,0,0
67,35,4,3477.67436316673,1067.03053104444,84,0,0,93,0,0,0
67,35,5,3540.30367772674,1769.37836217729,97,0,0,113,0,0,0
67,35,6,3577.81904578152,874.200504029838,71,0,0,93,0,0,0
67,35,7,18672.0934388721,8300.51631936215,419,0,0,414,0,0,0
67,35,8,0,4,0,0,0,0,0,0,0
67,36,1,3254.25293885524,932.378014587779,32,0,0,114,0,0,0
67,36,2,3374.44798420666,1972.93433993182,22,0,0,136,0,0,0
67,36,3,3462.30661100357,1620.03407245012,0,0,0,113,0,0,0
67,36,4,3482.82920773633,1154.45542719739,0,0,0,106,0,0,0
67,36,5,3562.13773731842,943.786292149456,7,0,0,166,0,0,0
67,36,6,3587.59045262952,2146.20836881098,0,0,0,87,0,0,0
67,36,7,18687.7140212721,10176.4209583404,343,0,0,315,0,0,0
67,36,8,0,4,0,0,0,0,0,0,0
67,37,1,3247.05702420564,1782.62425771839,0,0,0,93,0,0,0
67,37,2,3392.48759885498,1573.32344881743,2,0,0,174,0,0,0
67,37,3,3471.14174892869,1916.53594606761,0,0,0,162,0,0,0
67,37,4,3483.15620444571,535.021165425221,0,0,0,115,0,0,0
67,37,5,3558.32457984002,2307.87470134643,0,0,0,94,0,0,0
67,37,6,3614.71641966185,952.799591570578,3,0,0,186,0,0,0
67,37,7,18705.4629692401,4192.21265406484,87,0,0,201,0,0,0
67,37,8,0,4,0,0,0,0,0,0,0
67,38,1,3251.45231336671,2321.72411997834,44,0,0,116,0,0,0
67,38,2,3393.58961815636,1283.62470349222,23,0,0,125,0,0,0
67,38,3,3462.7168170846,2069.30133481006,45,0,0,128,0,0,0
67,38,4,3465.55770901301,948.514195321494,0,0,0,53,0,0,0
67,38,5,3567.47687475202,828.041742076765,74,0,0,126,0,0,0
67,38,6,3624.14417520233,1072.17112372484,0,0,0,95,0,0,0
67,38,7,18718.497798634,6273.22318007625,182,0,0,164,0,0,0
67,38,8,0,4,0,0,0,0,0,0,0
67,39,1,3268.9484753234,969.997494319482,0,4,0,168,0,0,0
67,39,2,3396.8313134457,998.609549738475,0,0,0,128,0,0,0
67,39,3,3473.14037561542,1059.73089709917,0,3,0,158,0,0,0
67,39,4,3461.99938412464,931.772054200302,0,0,0,94,0,0,0
67,39,5,3568.2841132237,1596.38723296706,0,0,0,82,0,0,0
67,39,6,3640.38795665,1445.30437713882,0,0,0,107,0,0,0
67,39,7,18728.1140197156,9258.25380372159,0,34,0,172,0,0,0
67,39,8,0,4,0,0,0,0,0,0,0
67,40,1,3236.7300308367,788.13172292405,0,71,0,25,0,0,0
67,40,2,3367.9319080313,1551.78395307354,0,48,0,51,0,0,0
67,40,3,3454.4992664391,824.490991852346,0,57,0,48,0,0,0
67,40,4,3439.67033164925,1393.08410334622,0,63,0,30,0,0,0
67,40,5,3563.32107437672,1660.28784288307,0,66,0,93,0,0,0
67,40,6,3636.82326161,899.895430990988,0,73,0,71,0,0,0
67,40,7,18803.2538435568,9344.14344097111,0,443,0,482,0,0,0
67,40,8,0,4,0,0,0,0,0,0,0
67,41,1,3238.22791263777,1025.48184921338,0,0,0,78,0,0,0
67,41,2,3378.3910009209,1660.5564819815,0,0,0,155,0,0,0
67,41,3,3454.17664350406,1562.17468858135,0,0,0,82,0,0,0
67,41,4,3459.20327261391,1895.4605300449,0,0,0,139,0,0,0
67,41,5,3598.23166340712,2525.64293990701,0,0,0,166,0,0,0
67,41,6,3656.57808125954,1551.31615573264,0,0,0,89,0,0,0
67,41,7,18853.64666571,9208.22639466212,28,0,0,234,0,0,0
67,41,8,0,4,0,0,0,0,0,0,0
67,42,1,3240.75262233376,1392.58942320733,0,0,0,102,0,0,0
67,42,2,3410.94514032557,1361.48626555315,0,0,0,166,0,0,0
67,42,3,3476.90683141523,1433.19923211596,0,0,0,156,0,0,0
67,42,4,3502.38650303613,810.771498491421,0,0,0,189,0,0,0
67,42,5,3661.85231550466,1923.21016282061,1,0,0,220,0,0,0
67,42,6,3710.2600317092,513.660242531814,0,0,0,155,0,0,0
67,42,7,18908.6510206592,4748.66816910088,27,0,0,199,0,0,0
67,42,8,0,4,0,0,0,0,0,0,0
67,43,1,3257.06100493088,759.631757877736,0,0,0,139,0,0,0
67,43,2,3414.28787286408,2265.39801811859,0,0,0,136,0,0,0
67,43,3,3490.93968262628,1484.57221522488,0,0,0,143,0,0,0
67,43,4,3502.35772118878,1253.13080335406,0,0,0,81,0,0,0
67,43,5,3696.99017142274,1383.29735176198,2,0,0,177,0,0,0
67,43,6,3719.6028489892,1199.43565422766,0,0,0,51,0,0,0
67,43,7,18939.9914289791,11041.2606567447,45,0,0,186,0,0,0
67,43,8,0,4,0,0,0,0,0,0,0
67,44,1,3246.63325913888,1571.49990866902,0,0,0,75,0,0,0
67,44,2,3434.20804775426,2030.79093143306,0,0,0,226,0,0,0
67,44,3,3498.53774016608,2203.56009367106,0,0,0,148,0,0,0
67,44,4,3512.6724816634,1999.84357429233,0,0,0,125,0,0,0
67,44,5,3716.25622579202,364.757997201566,0,0,0,138,0,0,0
67,44,6,3739.8518984868,1299.7160923038,0,0,0,119,0,0,0
67,44,7,18965.245960215,9405.66600644751,34,0,0,195,0,0,0
67,44,8,0,4,0,0,0,0,0,0,0
67,45,1,3272.35731257411,841.472503715851,0,0,0,157,0,0,0
67,45,2,3456.76296624371,1967.80982123925,1,0,0,173,0,0,0
67,45,3,3538.50875652093,877.112020909565,0,0,0,207,0,0,0
67,45,4,3551.69220654863,1092.80154008732,0,0,0,199,0,0,0
67,45,5,3713.85924573595,1035.74076155412,0,0,0,36,0,0,0
67,45,6,3782.51264316131,2391.87637686742,0,0,0,129,0,0,0
67,45,7,19014.944346647,9075.70581636424,30,0,0,205,0,0,0
67,45,8,0,4,0,0,0,0,0,0,0
67,46,1,3273.45129956494,1466.96763824158,0,0,0,84,0,0,0
67,46,2,3484.32761002817,2163.27076450611,0,0,0,185,0,0,0
67,46,3,3546.18072612677,1798.03734020651,0,0,0,87,0,0,0
67,46,4,3569.76273252484,839.656748162211,0,0,0,109,0,0,0
67,46,5,3736.77537852213,877.682339582889,0,0,0,103,0,0,0
67,46,6,3839.571926558,1969.53397550202,4,0,0,182,0,0,0
67,46,7,19056.9346449638,7124.55625250236,51,0,0,193,0,0,0
67,46,8,0,4,0,0,0,0,0,0,0
67,47,1,3251.40809312462,1892.65929168799,109,0,0,37,0,0,0
67,47,2,3481.15672492295,1978.90063424166,115,0,0,101,0,0,0
67,47,3,3533.97996673833,1098.30276339737,92,0,0,87,0,0,0
67,47,4,3553.01413380802,1263.85308007421,47,0,0,36,0,0,0
67,47,5,3731.22344362723,1446.61784438803,39,0,0,48,0,0,0
67,47,6,3857.18255066039,1371.04956339377,96,0,0,100,0,0,0
67,47,7,19117.5708569789,10065.8444393365,368,0,0,344,0,0,0
67,47,8,0,4,0,0,0,0,0,0,0
67,48,1,3258.91360909517,1091.94750496546,1,0,0,165,0,0,1
67,48,2,3500.77059369059,1968.94152829081,1,0,0,179,0,0,0
67,48,3,3526.51356177193,903.78045106359,0,0,0,109,0,0,0
67,48,4,3550.12317754459,1191.89942643624,0,0,0,126,0,0,0
67,48,5,3749.04177629923,1978.13919531523,0,0,0,144,0,0,0
67,48,6,3882.6634851628,1380.4261082488,0,0,0,137,0,0,0
67,48,7,19113.5601095869,5504.82678239448,72,0,0,202,0,0,0
67,48,8,0,4,0,0,0,0,0,0,0
67,49,1,3245.11530224149,727.609879424087,0,58,0,51,0,0,0
67,49,2,3506.23178064446,1043.11480166099,0,92,0,104,0,0,0
67,49,3,3514.38887789423,618.395376047622,0,41,0,49,0,0,0
67,49,4,3538.21382347212,1366.1418090314,0,48,0,71,0,0,0
67,49,5,3769.37241520539,1855.67353979757,0,92,0,105,0,0,0
67,49,6,3883.43917086115,1473.91930914164,0,84,0,54,0,0,0
67,49,7,19150.069118786,7078.44297170071,0,293,0,254,0,0,0
67,49,8,0,4,0,0,0,0,0,0,0
67,50,1,3247.24672991683,1114.93659788372,0,0,0,72,0,0,0
67,50,2,3522.20567782687,558.982123890369,0,0,0,104,0,0,0
67,50,3,3517.38751499955,1161.86885379218,0,0,0,61,0,0,0
67,50,4,3563.24778525626,1472.08427359594,0,0,0,136,0,0,0
67,50,5,3819.03155792775,1069.5317542658,0,0,0,185,0,0,0
67,50,6,3929.49379713858,1456.66236868978,0,0,0,147,0,0,0
67,50,7,19197.4868549984,14344.9334680146,26,0,0,224,0,0,0
67,50,8,0,4,0,0,0,0,0,0,0
67,51,1,3253.91281952875,1246.4822967179,0,0,0,111,0,0,0
67,51,2,3516.49015451403,1252.28785023562,0,0,0,55,0,0,0
67,51,3,3523.04175061134,1284.51287720121,0,0,0,116,0,0,0
67,51,4,3586.77297214066,1003.01554955137,0,0,0,146,0,0,0
67,51,5,3837.16265610119,2087.59658894641,0,0,0,106,0,0,0
67,51,6,3967.17547738151,1363.86360913286,0,0,0,145,0,0,0
67,51,7,19241.6215335264,5918.79887236207,24,0,0,256,0,0,0
67,51,8,0,4,0,0,0,0,0,0,0
67,52,1,3278.00912909575,937.624606457591,0,0,0,124,0,0,0
67,52,2,3552.10109630396,902.761640061471,0,0,0,125,0,0,0
67,52,3,3553.00720553602,1548.39568574215,0,0,0,128,0,0,0
67,52,4,3608.74303371874,1250.32605603052,0,0,0,100,0,0,0
67,52,5,3900.81549129796,1316.77518477898,3,0,0,163,0,0,0
67,52,6,4021.87592603567,2205.54184292261,0,0,0,136,0,0,0
67,52,7,19302.860124604,6866.91083790991,32,0,0,190,0,0,0
67,52,8,0,4,0,0,0,0,0,0,0
67,53,1,3283.704844902,1125.41348586697,0,0,0,93,0,0,0
67,53,2,3564.74794318985,1094.3793062503,0,0,0,90,0,0,0
67,53,3,3579.75102198053,1075.42603634204,0,0,0,154,0,0,0
67,53,4,3637.16819946918,847.828249635723,0,0,0,125,0,0,0
67,53,5,3929.27357928802,1630.81296111257,0,0,0,131,0,0,0
67,53,6,4105.60776277915,752.157417337706,0,0,0,220,0,0,0
67,53,7,19394.5947514591,11519.7588171486,22,0,0,328,0,0,3
67,53,8,0,4,0,0,0,0,0,0,0
67,54,1,3307.28020237843,1231.89175350664,0,0,0,112,0,0,0
67,54,2,3576.64672099379,1012.87343124162,0,0,0,109,0,0,0
67,54,3,3593.04584459159,1223.18661265802,0,0,0,107,0,0,0
67,54,4,3651.41508472312,1090.51039884272,0,0,0,84,0,0,0
67,54,5,3973.50706866735,1809.97426463584,0,0,0,163,0,0,0
67,54,6,4125.53519707406,2775.69529139025,0,0,0,75,0,0,0
67,54,7,19462.8847146277,7095.94210837333,27,0,0,282,0,0,0
67,54,8,0,4,0,0,0,0,0,0,0
67,55,1,3328.55394647901,1608.1777104597,0,0,0,123,0,0,0
67,55,2,3599.43054430624,1226.54625284712,0,0,0,101,0,0,0
67,55,3,3615.47092432409,2182.68814199939,0,0,0,122,0,0,0
67,55,4,3675.86778455901,1813.12020187398,0,0,0,109,0,0,0
67,55,5,4023.36030865485,1312.06862812418,8,0,0,162,0,0,0
67,55,6,4201.79202876489,1221.56247306734,42,0,0,180,0,0,0
67,55,7,19528.8487114279,5982.12835890067,211,0,0,223,0,0,0
67,55,8,0,4,0,0,0,0,0,0,0
67,56,1,3358.31905009875,1036.1752322429,3,0,0,151,0,0,0
67,56,2,3622.93986033016,1532.52040229723,0,0,0,122,0,0,0
67,56,3,3650.5357924489,610.187040206455,22,0,0,151,0,0,0
67,56,4,3724.84217972802,1315.64750982994,5,0,0,165,0,0,0
67,56,5,4063.26151659543,1924.54374165263,0,0,0,131,0,0,0
67,56,6,4249.88281729633,1501.07817163272,0,0,0,122,0,0,0
67,56,7,19592.1717078183,10822.8020486839,133,0,0,197,0,0,0
67,56,8,0,4,0,0,0,0,0,0,0
67,57,1,3368.81849907001,788.336211164714,0,0,0,103,0,0,0
67,57,2,3648.20102404004,954.859163985529,0,0,0,153,0,0,0
67,57,3,3647.95313318045,1491.48231989718,0,0,0,61,0,0,0
67,57,4,3744.27709516661,1588.46753026343,0,0,0,131,0,0,0
67,57,5,4102.83110415542,2279.63197503841,0,0,0,192,0,0,0
67,57,6,4289.6750455787,1311.84388031184,0,0,0,150,0,0,0
67,57,7,19636.6324409062,5665.20597993348,46,0,0,215,0,0,0
67,57,8,0,4,0,0,0,0,0,0,0
67,58,1,3383.22355755727,1292.18248405398,0,0,0,78,0,0,0
67,58,2,3674.767924032,1796.07942604663,0,0,0,95,0,0,0
67,58,3,3684.39866218275,1438.1266987309,0,0,0,147,0,0,0
67,58,4,3785.70912599226,1010.78204988512,6,0,0,143,0,0,0
67,58,5,4179.99067704467,2795.76577942881,16,0,0,187,0,0,0
67,58,6,4345.7106606772,1335.26422926111,0,0,0,131,0,0,0
67,58,7,19732.4201058377,12159.8628889105,128,0,0,246,0,0,0
67,58,8,0,4,0,0,0,0,0,0,0
67,59,1,3398.18447421913,732.452427511561,0,0,0,129,0,0,0
67,59,2,3706.67453406487,1724.62321359713,0,0,0,179,0,0,0
67,59,3,3707.11104024768,1538.73831572763,0,0,0,143,0,0,0
67,59,4,3801.5922937617,873.359524736864,0,0,0,101,0,0,0
67,59,5,4238.38510748954,1754.99871562723,2,0,0,220,0,0,0
67,59,6,4380.95627133477,2460.60479592997,0,0,0,133,0,0,0
67,59,7,19782.3898414061,9405.99222455419,43,0,0,187,0,0,0
67,59,8,0,4,0,0,0,0,0,0,0
67,60,1,3409.02250375723,1591.18171923243,0,0,0,73,0,0,0
67,60,2,3745.81031995208,911.024655902347,0,0,0,169,0,0,0
67,60,3,3737.27989670899,2294.3265479061,0,0,0,153,0,0,0
67,60,4,3812.78812297557,667.304791419313,0,0,0,87,0,0,0
67,60,5,4294.1934150681,1533.23689382324,1,0,0,168,0,0,0
67,60,6,4448.37678408005,2004.03765174557,9,0,0,181,0,0,0
67,60,7,19835.9836499164,6280.58442779597,107,0,0,204,0,0,0
67,60,8,0,4,0,0,0,0,0,0,0
67,61,1,3445.34596789881,1268.34399833298,9,0,0,138,0,0,0
67,61,2,3768.62608543631,1585.79718883324,0,0,0,91,0,0,0
67,61,3,3799.09594153595,1219.60648494014,21,0,0,183,0,0,0
67,61,4,3825.39780019769,1978.45001208097,0,0,0,66,0,0,0
67,61,5,4356.47369013239,1189.25872166166,0,0,0,151,0,0,0
67,61,6,4524.72917307886,1898.34516584668,22,0,0,149,0,0,1
67,61,7,19920.699014079,6806.0048495626,182,0,0,226,0,0,0
67,61,8,0,4,0,0,0,0,0,0,0
67,62,1,3481.49096195715,1618.75850228501,0,0,0,126,0,0,0
67,62,2,3837.05561013422,2180.57773604934,0,0,0,158,0,0,0
67,62,3,3838.31526051171,2469.53940876348,0,0,0,121,0,0,0
67,62,4,3897.0332886948,1591.62307638441,2,0,0,188,0,0,0
67,62,5,4414.55678974093,1965.27210120328,0,0,0,118,0,0,0
67,62,6,4630.71833731007,1798.22205009031,0,0,0,189,0,0,0
67,62,7,20023.132993668,6522.98860517243,96,0,0,208,0,0,0
67,62,8,0,4,0,0,0,0,0,0,0
67,63,1,3519.75183560469,1882.53986125242,14,0,0,138,0,0,0
67,63,2,3886.53206986325,1759.99421868915,28,0,0,170,0,0,0
67,63,3,3885.40932153571,1181.1729295853,59,0,0,146,0,0,0
67,63,4,3953.2666671579,1060.27902010439,6,0,0,148,0,0,0
67,63,5,4471.35995104083,1589.66245898959,22,0,0,159,0,0,0
67,63,6,4716.99736261593,1283.03550029016,11,0,0,159,0,0,0
67,63,7,20124.3426556953,10989.5657677286,234,0,0,252,0,0,0
67,63,8,0,4,0,0,0,0,0,0,0
67,64,1,3576.54159770126,1367.19261520044,0,0,0,179,0,0,0
67,64,2,3938.27085153328,927.720951861008,0,0,0,175,0,0,0
67,64,3,3907.41655029233,773.622356565166,0,0,0,118,0,0,0
67,64,4,3972.36216036128,2308.93147904535,0,0,0,106,0,0,0
67,64,5,4524.4972151427,1376.10876345036,0,0,0,158,0,0,0
67,64,6,4762.04008196018,1563.2946272778,0,0,0,128,0,0,0
67,64,7,20201.5480060486,7399.43290492042,55,0,0,234,0,0,0
67,64,8,0,4,0,0,0,0,0,0,0
67,65,1,3611.49556048106,1603.45854064995,0,0,0,136,0,0,0
67,65,2,3954.55898953199,530.333971993903,0,0,0,92,0,0,0
67,65,3,3925.43983996447,812.863185989347,0,0,0,77,0,0,0
67,65,4,4031.10999126321,1859.07309919464,14,0,0,167,0,0,0
67,65,5,4566.0816624794,1923.85649884015,0,0,0,137,0,0,0
67,65,6,4856.29817355859,1662.86750085786,0,0,0,156,0,0,0
67,65,7,20297.8941502296,7758.56867023248,116,0,0,220,0,0,0
67,65,8,0,4,0,0,0,0,0,0,0
67,66,1,3668.19015336561,2205.38097111392,10,0,0,133,0,0,0
67,66,2,3964.07260782332,1431.51084664328,0,0,0,53,0,0,0
67,66,3,3941.00921850383,1288.19611456553,0,0,0,81,0,0,0
67,66,4,4109.46103738831,1409.57016184759,0,0,0,185,0,0,0
67,66,5,4642.65764250283,1238.75983494655,11,0,0,162,0,0,0
67,66,6,4956.04900761802,2231.41010021934,3,0,0,157,0,0,0
67,66,7,20414.3280447647,7347.16704018575,186,0,0,244,0,0,2
67,66,8,0,4,0,0,0,0,0,0,0
67,67,1,3687.44314486876,891.025187219085,95,0,0,97,0,0,0
67,67,2,3990.61267937663,1927.22932943656,23,0,0,113,0,0,0
67,67,3,3961.27211969877,736.117370248865,1,0,0,127,0,0,0
67,67,4,4131.31804492401,1672.65823069832,6,0,0,133,0,0,0
67,67,5,4673.945355731,2164.0205479618,0,0,0,123,0,0,0
67,67,6,5010.68693466616,2298.56272358359,62,0,0,142,0,0,0
67,67,7,20540.5353494601,12729.9804481059,281,0,0,369,0,0,0
67,67,8,0,4,0,0,0,0,0,0,0
67,68,1,3698.12434914614,1507.52830475642,0,0,0,89,0,0,0
67,68,2,4018.45178797339,1821.88898369927,0,0,0,192,0,0,0
67,68,3,3964.48081770854,1507.09690762396,0,0,0,73,0,0,0
67,68,4,4158.07190235298,2079.02546624499,0,0,0,167,0,0,0
67,68,5,4717.18980626465,1077.95040080776,1,0,0,193,0,0,0
67,68,6,5073.09568848714,2142.95673311167,0,0,0,187,0,0,0
67,68,7,20594.5617084448,8080.95195015794,53,0,0,268,0,0,0
67,68,8,0,4,0,0,0,0,0,0,0
67,69,1,3729.45872200556,1476.85883728553,6,0,0,127,0,0,0
67,69,2,4075.77140038097,1606.07967965353,1,0,0,173,0,0,2
67,69,3,3998.53096294221,2195.14849280927,0,0,0,150,0,0,0
67,69,4,4213.55144872636,1799.36324625526,5,0,0,188,0,0,1
67,69,5,4761.57961409451,2243.99066731078,0,0,0,107,0,0,0
67,69,6,5172.70820800165,3229.37021015049,11,0,0,176,0,0,0
67,69,7,20663.0672729244,9232.97676161484,172,0,0,222,0,0,0
67,69,8,0,4,0,0,0,0,0,0,0
67,70,1,3753.03409495552,1807.39835081721,0,0,0,146,0,0,0
67,70,2,4119.0989731898,1380.40152305797,0,0,0,160,0,0,0
67,70,3,4031.92162604227,2073.24957911399,7,0,0,184,0,0,0
67,70,4,4246.50056119596,1340.82947391584,7,0,0,146,0,0,0
67,70,5,4818.07081433827,1414.66685626385,15,0,0,157,0,0,0
67,70,6,5242.21675797467,3269.58953697427,39,0,0,150,0,0,0
67,70,7,20724.0076841049,5988.43894217174,154,0,0,235,0,0,0
67,70,8,0,4,0,0,0,0,0,0,0
67,71,1,3828.45298203023,1557.80812234345,2,0,0,175,0,0,0
67,71,2,4175.57434091203,2597.43663440605,0,0,0,138,0,0,0
67,71,3,4098.45771077709,1586.6722168292,23,0,0,149,0,0,0
67,71,4,4316.60113825717,2108.7473285393,0,0,0,134,0,0,0
67,71,5,4894.94978556682,878.008195540088,0,0,0,141,0,0,0
67,71,6,5385.57170808103,1111.32706186653,56,0,0,185,0,0,0
67,71,7,20831.4376131858,5079.52684517401,165,0,0,184,0,0,0
67,71,8,0,4,0,0,0,0,0,0,0
67,72,1,3887.50515857184,951.776955951322,0,0,0,155,0,0,0
67,72,2,4209.91798224265,923.325350756367,27,0,0,159,0,0,0
67,72,3,4136.24319094013,2322.6197972827,0,0,0,158,0,0,0
67,72,4,4349.95536636682,902.555441064881,17,0,0,146,0,0,0
67,72,5,4916.72301768284,1164.43734409604,0,0,0,87,0,0,0
67,72,6,5438.15087869943,2400.83457080129,0,0,0,111,0,0,0
67,72,7,20887.7278272927,7089.43672106781,88,0,0,182,0,0,0
67,72,8,0,4,0,0,0,0,0,0,0
67,73,1,3903.76892327265,1576.26598358205,0,0,0,95,0,0,0
67,73,2,4241.18246165385,1674.12694982081,0,0,0,92,0,0,0
67,73,3,4199.09394077065,1396.73253067356,3,0,0,192,0,0,0
67,73,4,4387.04525440455,1154.78249420661,0,0,0,90,0,0,0
67,73,5,4967.90495620212,1790.60152457085,0,0,0,116,0,0,0
67,73,6,5545.506345323,3092.40477917515,5,0,0,184,0,0,0
67,73,7,20984.0434716671,8065.81914487737,45,0,0,201,0,0,0
67,73,8,0,4,0,0,0,0,0,0,0
67,74,1,3960.42711849089,1942.14325379529,0,0,0,157,0,0,0
67,74,2,4308.5652377289,1426.61458641923,0,0,0,167,0,0,0
67,74,3,4260.63756286143,964.402651806904,0,0,0,139,0,0,0
67,74,4,4449.12017358735,1331.78631693779,0,0,0,115,0,0,0
67,74,5,5087.37640530393,3070.79244442471,0,0,0,172,0,0,0
67,74,6,5665.44451378429,1841.03633819657,8,0,0,194,0,0,0
67,74,7,21102.42313769,8513.79225003598,47,0,0,200,0,0,0
67,74,8,0,4,0,0,0,0,0,0,0
67,75,1,4037.71162979888,1510.43420915253,1,0,0,163,0,0,3
67,75,2,4381.73196961333,1087.52551344993,0,0,0,142,0,0,0
67,75,3,4318.21214497998,1391.15949728937,0,0,0,96,0,0,0
67,75,4,4537.31853629955,2352.56611260145,0,0,0,133,0,0,0
67,75,5,5181.13926479973,1940.65866517788,10,0,0,163,0,0,0
67,75,6,5877.51143271825,1573.83589687099,0,0,0,184,0,0,0
67,75,7,21249.1349237625,8844.24788423151,40,0,0,244,0,0,1
67,75,8,0,4,0,0,0,0,0,0,0
67,76,1,4112.08355596472,1984.14550376138,0,0,0,151,0,0,0
67,76,2,4439.60111001323,1613.95348575133,0,0,0,108,0,0,0
67,76,3,4377.99859602487,1501.19975336628,0,0,0,139,0,0,0
67,76,4,4642.15529469569,2023.40833037165,2,0,0,203,0,0,0
67,76,5,5291.43047322157,1774.72313096315,1,0,0,179,0,0,0
67,76,6,6082.72311917374,1740.44264805294,0,0,0,157,0,0,0
67,76,7,21388.2661370077,10821.8478696639,51,0,0,206,0,0,0
67,76,8,0,4,0,0,0,0,0,0,0
67,77,1,4154.77765804707,2250.36790880812,0,0,0,198,0,0,0
67,77,2,4473.20585272029,3019.88742108616,0,0,0,161,0,0,0
67,77,3,4400.51829286527,3247.11142428251,0,0,0,150,0,0,0
67,77,4,4684.07256057926,1238.75615448699,0,0,0,197,0,0,0
67,77,5,5344.42816369744,1706.68067432312,0,0,0,177,0,0,0
67,77,6,6141.85528451394,2544.23101928759,0,0,0,174,0,0,0
67,77,7,21438.9829534852,7084.07075186468,39,0,0,233,0,0,0
67,77,8,0,4,0,0,0,0,0,0,0
67,78,1,4233.81928779118,956.948955432499,21,0,0,151,0,0,0
67,78,2,4567.19784851603,1552.40393096687,34,0,0,186,0,0,0
67,78,3,4472.90690332204,1914.00328967412,42,0,0,181,0,0,0
67,78,4,4758.45956444995,2011.3383816112,0,0,0,123,0,0,0
67,78,5,5452.13143900905,1267.07796626874,1,0,0,167,0,0,0
67,78,6,6330.84882730568,3462.6448306855,24,0,0,158,0,0,0
67,78,7,21605.1163301605,7282.15505463174,145,0,0,214,0,0,0
67,78,8,0,4,0,0,0,0,0,0,0
67,79,1,4284.58839826627,1042.88288857402,0,0,0,95,0,0,0
67,79,2,4676.12554173891,1546.88674441336,0,0,0,154,0,0,0
67,79,3,4559.0797678882,2349.76265731539,12,0,0,160,0,0,0
67,79,4,4870.39708481127,1412.31694192138,18,0,0,154,0,0,0
67,79,5,5533.04750760975,1572.12594752668,0,0,0,126,0,0,0
67,79,6,6565.06224299604,1297.55763539747,68,0,0,168,0,0,0
67,79,7,21797.7356526158,8416.06060852156,194,0,0,221,0,0,0
67,79,8,0,4,0,0,0,0,0,0,0
67,80,1,4331.50052673903,1344.6148796942,0,0,0,104,0,0,0
67,80,2,4764.00623575572,2333.4844010174,0,0,0,154,0,0,0
67,80,3,4645.01331153744,2009.23271135623,9,0,0,183,0,0,0
67,80,4,4952.83904512281,2688.29265845512,0,0,0,141,0,0,0
67,80,5,5647.13250380968,1765.29925364474,0,0,0,157,0,0,0
67,80,6,6716.83064628922,3449.6207822404,0,0,0,129,0,0,0
67,80,7,21934.8051869889,6830.63167434239,121,0,0,172,0,0,0
67,80,8,0,4,0,0,0,0,0,0,0
67,81,1,4429.40997252927,934.163948152785,0,0,0,134,0,0,0
67,81,2,4898.0478268905,2164.92330739555,27,0,0,161,0,0,0
67,81,3,4750.88251738396,2490.31708379606,21,0,0,140,0,0,0
67,81,4,5112.80280457484,1112.32717364404,42,0,0,159,0,0,0
67,81,5,5753.5937235251,1789.75489416768,11,0,0,146,0,0,0
67,81,6,7003.54301922921,3710.04049838712,69,0,0,163,0,0,0
67,81,7,22155.1515212744,8742.86905327436,176,0,0,224,0,0,0
67,81,8,0,4,0,0,0,0,0,0,0
67,82,1,4456.22981626556,1891.01627804671,0,0,0,93,0,0,0
67,82,2,5003.99492668294,2551.99284296363,0,0,0,206,0,0,0
67,82,3,4821.84611751633,1135.55152547567,6,0,0,183,0,0,1
67,82,4,5157.97805044753,2062.27278270269,0,0,0,111,0,0,0
67,82,5,5883.87115937124,1616.53917707053,0,0,0,178,0,0,0
67,82,6,7194.24491710318,2441.38837932972,21,0,0,165,0,0,0
67,82,7,22245.7836030764,11515.6389872164,70,0,0,203,0,0,0
67,82,8,0,4,0,0,0,0,0,0,0
67,83,1,4519.69601449602,2794.66005883513,0,0,0,189,0,0,0
67,83,2,5061.26758352356,1804.90238820675,4,0,0,173,0,0,0
67,83,3,4851.84921161114,1927.99026890391,0,0,0,113,0,0,0
67,83,4,5193.99987703986,2734.78815429564,0,0,0,187,0,0,0
67,83,5,5945.4923950034,3258.91097739969,0,0,0,161,0,0,0
67,83,6,7299.17469370708,4101.20301186498,0,0,0,223,0,0,0
67,83,7,22337.2650579923,11033.7352274697,49,0,0,182,0,0,0
67,83,8,0,4,0,0,0,0,0,0,0
67,84,1,4544.67639650979,1988.95784890564,4,0,0,167,0,0,4
67,84,2,5110.14913577212,2136.94607221922,0,0,0,178,0,0,0
67,84,3,4884.96849591314,1375.48289826035,0,0,0,176,0,0,6
67,84,4,5272.06243188946,2203.81967471387,0,0,0,271,0,0,0
67,84,5,6014.00233338583,2002.18605244876,6,0,0,192,0,0,0
67,84,6,7408.23555070531,818.606920181068,11,0,0,186,0,0,0
67,84,7,22384.8660834644,10576.1890369805,46,0,0,194,0,0,0
67,84,8,0,4,0,0,0,0,0,0,0
67,85,1,4593.79579731489,882.100068298,1,0,0,178,0,0,0
67,85,2,5178.92412386329,2724.68453284327,2,0,0,181,0,0,2
67,85,3,4915.43042472725,2016.45409067091,0,0,0,137,0,0,0
67,85,4,5361.39293553311,2431.76749852571,0,0,0,207,0,0,5
67,85,5,6102.00923508944,1719.99603208709,0,0,0,200,0,0,0
67,85,6,7440.97916716351,3676.55039144007,0,0,0,81,0,0,0
67,85,7,22434.1667336668,15973.3736565217,71,0,0,201,0,0,1
67,85,8,0,4,0,0,0,0,0,0,0
67,86,1,4600.41572815068,2101.90549132341,0,0,0,88,0,0,0
67,86,2,5211.99733854063,1791.85560560963,1,0,0,188,0,0,0
67,86,3,4953.7409188226,2657.21165194178,0,0,0,201,0,0,0
67,86,4,5402.12344626384,2645.49270471505,1,0,0,187,0,0,1
67,86,5,6171.41217555402,3051.59344601772,0,0,0,171,0,0,0
67,86,6,7513.41830288504,2813.81751620485,6,0,0,188,0,0,0
67,86,7,22483.4945856567,10178.3236327091,49,0,0,194,0,0,0
67,86,8,0,4,0,0,0,0,0,0,0
67,87,1,4714.60887021236,1058.01079963244,1,0,0,194,0,0,5
67,87,2,5279.17268269198,1937.98371378057,0,0,0,179,0,0,0
67,87,3,5034.63846187949,1721.01211658097,0,0,0,264,0,0,0
67,87,4,5465.34194090049,2914.65865463109,10,0,0,166,0,0,8
67,87,5,6277.69106420859,2873.70471641238,12,0,0,206,0,0,1
67,87,6,7676.93085828112,3166.44764432393,5,0,0,231,0,0,0
67,87,7,22549.5884670689,12093.8229907712,103,0,0,176,0,0,0
67,87,8,0,4,0,0,0,0,0,0,0
67,88,1,4742.80380547591,2642.93903736732,0,0,0,105,0,0,0
67,88,2,5346.9457875304,1415.73812795643,0,0,0,181,0,0,0
67,88,3,5067.63414805862,2219.42101436908,0,0,0,172,0,0,0
67,88,4,5537.01523642929,1999.76045117521,5,0,0,210,0,0,0
67,88,5,6350.42294948512,4643.23901130207,6,0,0,196,0,0,0
67,88,6,7834.42217028477,4346.90889096331,8,0,0,185,0,0,0
67,88,7,22628.50089524,14909.0872475233,69,0,0,190,0,0,0
67,88,8,0,4,0,0,0,0,0,0,0
67,89,1,4779.93459807885,2513.76091163928,0,0,0,264,0,0,0
67,89,2,5358.23753322426,2267.0058331325,0,0,0,141,0,0,0
67,89,3,5094.23053213472,3314.58978753054,1,0,0,188,0,0,0
67,89,4,5573.7211483707,2520.93640521825,0,0,0,198,0,0,0
67,89,5,6421.74529490162,1868.90798714632,10,0,0,243,0,0,0
67,89,6,7932.74397099343,2684.1291273205,9,0,0,208,0,0,0
67,89,7,22662.6441039264,12592.6123244822,58,0,0,195,0,0,0
67,89,8,0,4,0,0,0,0,0,0,0
67,90,1,4788.01822439122,996.188790184628,35,0,0,149,0,0,0
67,90,2,5377.3444117848,2369.20506541159,25,0,0,153,0,0,0
67,90,3,5102.559579535,1890.14199328767,59,0,0,160,0,0,0
67,90,4,5594.26935948552,1919.59281977136,29,0,0,167,0,0,0
67,90,5,6499.89739725981,2607.74068967952,2,0,0,181,0,0,0
67,90,6,8002.9578382887,3935.59867651631,32,0,0,173,0,0,0
67,90,7,22723.2269155613,14455.1669121044,251,1,0,235,0,0,12
67,90,8,0,4,0,0,0,0,0,0,0
67,91,1,4774.03654343432,1422.98196337248,0,0,0,99,0,0,0
67,91,2,5416.13064683268,1466.46095457273,6,0,0,182,0,0,0
67,91,3,5116.42055489903,2639.93553530822,0,0,0,189,0,0,0
67,91,4,5621.16644031114,1371.2043747202,1,0,0,170,0,0,1
67,91,5,6563.92453938268,2721.52395073272,8,0,0,188,0,0,0
67,91,6,8111.83344607783,3694.12705628704,24,0,0,188,0,0,0
67,91,7,22764.2553436225,4413.11949547651,146,0,0,199,0,0,0
67,91,8,0,4,0,0,0,0,0,0,0
67,92,1,4820.50873660675,1336.9118785731,13,0,0,119,0,0,0
67,92,2,5478.44710472525,3382.52480072739,5,0,0,138,0,0,0
67,92,3,5188.47267977569,2642.56629514639,77,0,0,133,0,0,0
67,92,4,5681.20585833084,1552.20273205694,0,0,0,137,0,0,0
67,92,5,6704.02359230175,1971.95821118925,77,0,0,141,0,0,0
67,92,6,8412.28634453501,4459.39710899602,126,0,0,155,0,0,0
67,92,7,22945.1431174307,3546.62062771547,160,0,0,166,0,0,0
67,92,8,0,4,0,0,0,0,0,0,0
67,93,1,4826.93300799318,2253.80314860726,8,0,0,119,0,0,0
67,93,2,5510.58706388453,3116.17058529178,100,0,0,168,0,0,0
67,93,3,5189.58312917484,1898.62826200423,68,0,0,147,0,0,0
67,93,4,5718.93929805185,1020.77525842533,12,0,0,134,0,0,0
67,93,5,6760.27413935529,2602.96842270576,16,0,0,169,0,0,0
67,93,6,8547.32879857707,1882.94197811814,151,0,0,188,0,0,0
67,93,7,22958.4345705276,9201.0137930815,109,0,0,169,0,0,0
67,93,8,0,4,0,0,0,0,0,0,0
67,94,1,4868.16430762501,1009.09548327447,0,2,0,166,0,0,0
67,94,2,5649.51267117371,1850.06766280075,0,3,0,237,0,0,0
67,94,3,5294.13461129585,738.071197782252,0,0,0,187,0,0,0
67,94,4,5772.3944525267,2274.83060728086,0,0,0,102,0,0,0
67,94,5,6976.11274932187,2538.52340562952,0,2,0,204,0,0,0
67,94,6,8838.81172444158,4597.06401159434,0,0,0,188,0,0,0
67,94,7,23040.4805503899,4475.6823632201,0,32,0,200,0,0,0
67,94,8,0,4,0,0,0,0,0,0,0
67,95,1,4867.15197727741,2361.5257303625,0,0,0,100,0,0,0
67,95,2,5676.76506196873,1445.80838674914,0,15,0,155,0,0,0
67,95,3,5235.9097540456,2782.99195638829,0,0,0,73,0,0,0
67,95,4,5813.51629828199,1191.92689001777,0,45,0,136,0,0,0
67,95,5,7014.46670275472,1694.65966948336,0,55,0,142,0,0,0
67,95,6,8929.89485551993,3892.84159253467,0,130,0,198,0,0,0
67,95,7,23037.4234885209,14669.8789249955,0,135,0,177,0,0,0
67,95,8,0,4,0,0,0,0,0,0,0
67,96,1,4913.82748379457,2294.2081534148,0,0,0,214,0,0,0
67,96,2,5714.02862538591,1957.88481926299,0,0,0,144,0,0,0
67,96,3,5308.90284903099,3273.9895165596,0,1,0,216,0,0,0
67,96,4,5839.44941020696,2024.43159306812,0,0,0,119,0,0,0
67,96,5,7142.47675116115,2318.28436733491,0,0,0,169,0,0,0
67,96,6,9064.52399469203,4314.3942989212,2,0,0,224,0,0,0
67,96,7,23090.6643558512,13287.4064588152,29,0,0,206,0,0,0
67,96,8,0,4,0,0,0,0,0,0,0
67,97,1,4946.20823984225,1499.63690828685,1,0,0,188,0,0,0
67,97,2,5732.11836255128,2873.98627878238,0,0,0,195,0,0,0
67,97,3,5356.7593242599,2881.07664918082,0,0,0,257,0,0,0
67,97,4,5919.21683409413,2132.49108578211,0,0,0,202,0,0,0
67,97,5,7236.18053040544,1769.08047781014,1,0,0,185,0,0,0
67,97,6,9321.09451175555,3414.61196120619,2,0,0,314,0,0,2
67,97,7,23131.8318543665,11574.9304313353,30,0,0,253,0,0,0
67,97,8,0,4,0,0,0,0,0,0,0
67,98,1,4962.99764756941,2470.51869063666,0,0,0,149,0,0,0
67,98,2,5749.06095743816,2502.99543771616,7,0,0,166,0,0,0
67,98,3,5375.95860204287,2162.34195415149,4,0,0,216,0,0,0
67,98,4,5968.21276030747,2088.28405836528,0,0,0,213,0,0,0
67,98,5,7318.78080623677,2189.34752123569,0,0,0,176,0,0,0
67,98,6,9458.76949423592,3020.72791772899,2,0,0,297,0,0,0
67,98,7,23154.5508934318,10675.6028792428,56,0,0,212,0,0,0
67,98,8,0,4,0,0,0,0,0,0,0
67,99,1,5014.67175690079,2642.22234322295,9,0,0,165,0,0,0
67,99,2,5847.07509316626,2644.24645653537,5,0,0,204,0,0,0
67,99,3,5435.5742756439,2159.33047513518,0,0,0,201,0,0,0
67,99,4,6051.71967364073,3105.97750095296,0,0,0,187,0,0,5
67,99,5,7437.27283300448,3738.01025080824,0,0,0,218,0,0,0
67,99,6,9687.65225063885,2421.39107802385,10,0,0,208,0,0,0
67,99,7,23263.5468701844,5346.72232363198,95,0,0,203,0,0,0
67,99,8,0,4,0,0,0,0,0,0,0
67,100,1,5093.74420127124,2121.00107904718,56,0,0,141,0,0,0
67,100,2,5913.02765101616,1665.52122851953,48,0,0,158,0,0,0
67,100,3,5528.06399411675,1026.79210163476,17,0,0,178,0,0,0
67,100,4,6203.34162899463,3659.55213718163,64,0,0,168,0,0,0
67,100,5,7636.97742582747,2621.5889353885,95,0,0,163,0,0,0
67,100,6,9946.80705318969,4215.7531765694,45,0,0,143,0,0,0
67,100,7,23390.7970669024,8475.06567822269,142,0,0,218,0,0,0
67,100,8,0,4,0,0,0,0,0,0,0
68,1,1,2970.904,1420.47670056668,39,0,0,57,0,0,0
68,1,2,2958.984,793.081231811148,16,0,0,13,0,0,0
68,1,3,2967.584,788.524215858434,33,0,0,35,0,0,0
68,1,4,2958.15008,492.353915824547,0,0,0,0,0,0,0
68,1,5,2962.224,585.785717424406,26,0,0,23,0,0,0
68,1,6,2968.48768,1267.70698806925,36,0,0,52,0,0,0
68,1,7,19054.4575999999,6412.09746406193,27,0,0,24,0,0,0
68,1,8,0,8,49,0,0,41,0,0,0
68,2,1,2990.632,592.416348761575,0,0,0,142,0,0,0
68,2,2,2969.232,1924.55305618889,0,0,0,79,0,0,0
68,2,3,2974.496,1135.87953558396,0,0,0,78,0,0,0
68,2,4,2959.70208,930.052576857119,0,0,0,49,0,0,0
68,2,5,2966.72,1160.31660035071,0,0,0,58,0,0,0
68,2,6,2984.43168,1296.3253806656,0,0,0,126,0,0,0
68,2,7,19034.8351999998,6574.24469031144,19,0,0,227,0,0,0
68,2,8,0,8,0,0,0,0,0,0,0
68,3,1,2994.03199999999,1298.56165920873,0,0,0,59,0,0,0
68,3,2,3000.25599999999,1645.68872909385,0,0,0,191,0,0,0
68,3,3,2988.2896,1027.33704280174,0,0,0,113,0,0,0
68,3,4,2971.51648,986.724602242812,0,0,0,93,0,0,0
68,3,5,2982.704,1917.32713696874,0,0,0,116,0,0,0
68,3,6,3001.97568,989.931917032654,0,0,0,129,0,0,0
68,3,7,19006.6188799998,3634.98354395352,19,0,0,205,0,0,0
68,3,8,0,8,0,0,0,0,0,0,0
68,4,1,3012.60799999999,1020.92356169594,0,0,0,129,0,0,0
68,4,2,3022.34399999999,1201.82605546659,9,0,0,146,0,0,0
68,4,3,2999.8352,403.281263365992,0,0,0,102,0,0,0
68,4,4,2983.22048,634.296209290771,0,0,0,98,0,0,0
68,4,5,3003.00799999999,1572.76145918927,22,0,0,147,0,0,0
68,4,6,3013.71167999999,1554.20912200551,0,0,0,98,0,0,0
68,4,7,18970.9468799998,11040.3528219088,97,0,0,169,0,0,0
68,4,8,0,8,0,0,0,0,0,0,0
68,5,1,3025.16639999999,719.28328505275,0,0,0,102,0,0,0
68,5,2,3036.38399999998,1494.12332286855,0,0,0,120,0,0,0
68,5,3,2993.39494399999,716.641106323181,0,0,0,40,0,0,0
68,5,4,2982.94848,1090.07966862484,0,0,0,63,0,0,0
68,5,5,3025.47167999999,660.033252857093,0,0,0,157,0,0,0
68,5,6,3034.61215999999,900.795507238892,0,0,0,155,0,0,0
68,5,7,18941.8524799997,3675.92846436851,31,0,0,213,0,0,0
68,5,8,0,8,0,0,0,0,0,0,0
68,6,1,3026.63519999999,1353.9121064406,0,0,0,71,0,0,0
68,6,2,3054.97631999998,339.540428834271,0,0,0,149,0,0,0
68,6,3,2996.71334399999,1192.85649502398,0,0,0,71,0,0,0
68,6,4,2991.00288,582.604825851742,0,0,0,109,0,0,0
68,6,5,3026.65087999999,870.361305519271,0,0,0,66,0,0,0
68,6,6,3040.24415999999,523.547280616009,0,0,0,90,0,0,0
68,6,7,18904.5804799997,5740.70569985019,61,0,0,160,0,0,0
68,6,8,0,8,0,0,0,0,0,0,0
68,7,1,3041.69311999999,1353.04715456828,0,0,0,135,0,0,0
68,7,2,3049.62271999998,1741.62228129267,0,0,0,33,0,0,0
68,7,3,3009.77408,1278.31727949758,0,0,0,119,0,0,0
68,7,4,2990.49536,2008.5300456796,0,0,0,58,0,0,0
68,7,5,3030.51328,1571.50902278048,0,0,0,87,0,0,0
68,7,6,3038.14975999999,817.051833244503,0,0,0,52,0,0,0
68,7,7,18878.0997631996,13628.6523840499,38,0,0,181,0,0,0
68,7,8,0,8,0,0,0,0,0,0,0
68,8,1,3052.69792,1227.50931421825,0,0,0,135,0,0,0
68,8,2,3070.72511999998,1011.88955832426,0,0,0,174,0,0,0
68,8,3,3023.32608,1055.5018220175,0,0,0,127,0,0,0
68,8,4,3014.35136,1373.60958966445,0,0,0,194,0,0,0
68,8,5,3046.32288,934.384778503732,0,0,0,157,0,0,0
68,8,6,3039.86495999999,620.87666806761,0,0,0,81,0,0,0
68,8,7,18864.4824831996,9356.75769771339,28,0,0,249,0,0,0
68,8,8,0,8,0,0,0,0,0,0,0
68,9,1,3060.33344,842.24688280564,0,0,0,122,0,0,0
68,9,2,3077.19871999998,1127.98162538801,0,0,0,101,0,0,0
68,9,3,3030.14656,1157.09484471002,0,0,0,105,0,0,0
68,9,4,3024.62336,308.244713984375,0,0,0,137,0,0,0
68,9,5,3048.291136,1639.90195836356,0,0,0,93,0,0,0
68,9,6,3036.85855999999,2123.20702648527,0,0,0,62,0,0,0
68,9,7,18836.2392831996,4531.08222995448,115,0,0,172,0,0,0
68,9,8,0,8,0,0,0,0,0,0,0
68,10,1,3059.70592,1205.42271591799,0,0,0,84,0,0,0
68,10,2,3082.84665599999,1322.2404786659,0,0,0,112,0,0,0
68,10,3,3038.36416,1299.02085002259,0,0,0,115,0,0,0
68,10,4,3011.33728,1356.70824409363,0,0,0,30,0,0,0
68,10,5,3056.603328,1441.20190253791,12,0,0,141,0,0,0
68,10,6,3051.74783999999,1720.90714732869,31,0,0,153,0,0,0
68,10,7,18809.0437631996,8757.61556218828,147,0,0,173,0,0,0
68,10,8,0,8,0,0,0,0,0,0,0
68,11,1,3063.232,770.203224551543,0,0,0,120,0,0,0
68,11,2,3087.01887999999,618.078125574811,0,0,0,132,0,0,0
68,11,3,3045.1108352,1614.61657543103,0,0,0,129,0,0,0
68,11,4,3013.491392,1555.82537575115,0,0,0,135,0,0,0
68,11,5,3064.993664,834.026525283508,0,0,0,144,0,0,0
68,11,6,3070.65343999999,661.546208712829,0,0,0,172,0,0,0
68,11,7,18792.1231871995,10939.3526731413,1,30,0,194,0,0,0
68,11,8,0,8,0,0,0,0,0,0,0
68,12,1,3056.721984,1260.55544018546,0,0,0,77,0,0,0
68,12,2,3075.20038399999,986.442337995065,0,0,0,61,0,0,0
68,12,3,3059.83200000001,602.164283930874,0,0,0,161,0,0,0
68,12,4,3019.489216,1359.46365418305,0,0,0,155,0,0,0
68,12,5,3059.7030272,1457.6543982017,0,0,0,83,0,0,0
68,12,6,3063.41855999999,1152.2553573304,0,0,0,66,0,0,0
68,12,7,18787.4755071995,6252.17844685609,0,299,0,286,0,0,0
68,12,8,0,8,0,0,0,0,0,0,0
68,13,1,3068.212608,866.51094120581,0,0,0,126,0,0,0
68,13,2,3073.7469568,1663.198539859,0,0,0,98,0,0,0
68,13,3,3047.62073600001,1291.8026008857,0,0,0,60,0,0,0
68,13,4,3022.0949632,864.291183830667,0,0,0,135,0,0,0
68,13,5,3065.28006400001,1571.16719461076,0,0,0,145,0,0,0
68,13,6,3071.9041152,882.458774449635,0,0,0,115,0,0,0
68,13,7,18807.3057638395,7409.55648776328,38,0,0,193,0,0,0
68,13,8,0,8,0,0,0,0,0,0,0
68,14,1,3064.98342400001,1523.69909661503,0,0,0,86,0,0,0
68,14,2,3085.61424896,601.265873109202,0,0,0,166,0,0,0
68,14,3,3046.56667136001,1106.76407958233,0,0,0,129,0,0,0
68,14,4,3013.88241920001,942.294683488731,0,0,0,86,0,0,0
68,14,5,3077.22680576001,821.354999084824,0,0,0,157,0,0,0
68,14,6,3073.4551552,1054.27821531955,0,0,0,88,0,0,0
68,14,7,18831.2155950074,5614.30147110847,0,39,0,210,0,0,0
68,14,8,0,8,0,0,0,0,0,0,0
68,15,1,3049.23430400001,723.943173429224,0,96,0,56,0,0,0
68,15,2,3065.92605696,1348.02585602423,0,12,0,48,0,0,0
68,15,3,3025.89390336002,1279.19440641442,0,61,0,49,0,0,0
68,15,4,2991.01905920001,1380.4772049907,0,48,0,46,0,0,0
68,15,5,3059.96134400001,824.00641141954,0,44,0,38,0,0,0
68,15,6,3067.4682624,2022.79953765001,0,40,0,65,0,0,0
68,15,7,18839.2070190074,9678.95426285218,2,188,0,190,0,0,3
68,15,8,0,8,0,0,0,0,0,0,0
68,16,1,3046.52214016001,1982.69510797841,0,0,0,72,0,0,0
68,16,2,3071.02948096,701.161061045033,0,0,0,134,0,0,0
68,16,3,3024.89172736002,1109.01483161733,0,0,0,127,0,0,0
68,16,4,2999.57893120001,1529.13082882349,0,0,0,138,0,0,0
68,16,5,3058.95334400001,1627.47229276686,0,0,0,82,0,0,0
68,16,6,3099.6196224,1047.3136916945,0,0,0,202,0,0,0
68,16,7,18884.8374830074,13821.3314586529,21,0,0,274,0,0,4
68,16,8,0,8,0,0,0,0,0,0,0
68,17,1,3070.24843776001,1744.68429715323,0,0,0,193,0,0,0
68,17,2,3061.05669376001,1185.91610499791,0,0,0,70,0,0,0
68,17,3,3025.14428416002,740.279880284882,0,0,0,110,0,0,0
68,17,4,3004.11481600001,2217.37673641467,0,0,0,152,0,0,0
68,17,5,3082.02901504001,1830.93496078521,0,0,0,162,0,0,0
68,17,6,3109.91623424,1228.57599499165,0,0,0,104,0,0,0
68,17,7,18919.1430190074,4858.56820993894,28,0,0,211,0,0,0
68,17,8,0,8,0,0,0,0,0,0,0
68,18,1,3087.42555392001,1063.98879479313,0,0,0,174,0,0,0
68,18,2,3057.55572838401,1377.48727678266,0,0,0,118,0,0,0
68,18,3,3014.55082240002,509.656193387474,0,0,0,74,0,0,0
68,18,4,3021.62661632001,1150.2288356223,2,0,0,202,0,0,0
68,18,5,3106.50357504001,975.12259996265,0,0,0,183,0,0,0
68,18,6,3127.86041344,1464.63917325383,0,0,0,122,0,0,0
68,18,7,18946.0058516474,10411.1025172988,46,0,0,182,0,0,0
68,18,8,0,8,0,0,0,0,0,0,0
68,19,1,3087.38979072002,742.389544832637,0,0,0,106,0,0,0
68,19,2,3065.25296222209,978.902200444004,0,0,0,137,0,0,0
68,19,3,2998.45022976002,1462.63280139983,0,0,0,50,0,0,0
68,19,4,3020.70661632001,1104.4264731514,0,0,0,115,0,0,0
68,19,5,3111.21112268801,1078.79350930473,0,0,0,97,0,0,0
68,19,6,3150.76933888,961.894909161815,0,0,0,146,0,0,0
68,19,7,18972.5418516473,6443.41749952677,36,0,0,175,0,0,0
68,19,8,0,8,0,0,0,0,0,0,0
68,20,1,3076.93219328002,1623.135392301,0,0,0,74,0,0,0
68,20,2,3056.26928785409,666.598298107782,1,0,0,96,0,0,0
68,20,3,2991.47249920002,495.69291712878,20,0,0,122,0,0,0
68,20,4,3017.03424102401,574.013988160064,2,0,0,108,0,0,0
68,20,5,3114.57038540801,525.845897867601,3,0,0,104,0,0,0
68,20,6,3157.74491648001,1350.28613774108,4,0,0,91,0,0,0
68,20,7,19006.4773908473,9977.49958411254,201,2,0,218,0,0,12
68,20,8,0,8,0,0,0,0,0,0,0
68,21,1,3083.01938995202,1029.41338826881,0,0,0,162,0,0,0
68,21,2,3039.0862140621,2032.42369072966,0,0,0,66,0,0,0
68,21,3,2961.26689024002,1073.84985343065,0,0,0,49,0,0,0
68,21,4,2997.56207144961,1040.60452792054,0,0,0,57,0,0,0
68,21,5,3101.35291033601,871.414284133082,0,0,0,52,0,0,0
68,21,6,3172.92849356801,1302.59489908044,0,0,0,135,0,0,0
68,21,7,19034.8595348473,9715.49779610995,0,51,0,176,0,0,0
68,21,8,0,8,0,0,0,0,0,0,0
68,22,1,3074.66700339202,1216.50746669513,0,1,0,101,0,0,0
68,22,2,3039.5640082637,1484.48756402195,0,34,0,148,0,0,0
68,22,3,2947.13750876162,1508.77296345495,0,0,0,107,0,0,0
68,22,4,2988.43006248962,764.030577487229,0,0,0,104,0,0,0
68,22,5,3095.47353344002,1950.99960067183,0,0,0,87,0,0,0
68,22,6,3188.17170892801,598.039336278882,0,0,0,130,0,0,0
68,22,7,19100.4018836473,3486.39052200089,2,324,0,308,0,0,0
68,22,8,0,8,0,0,0,0,0,0,0
68,23,1,3076.85117132802,1160.34118264806,0,7,0,111,0,0,0
68,23,2,3029.8137849037,1930.59477946613,0,22,0,115,0,0,0
68,23,3,2946.92327075842,1544.80181683413,0,9,0,136,0,0,1
68,23,4,2970.21802024962,877.230076109837,0,0,0,76,0,0,0
68,23,5,3100.42174208002,1292.80082416727,0,47,0,124,0,0,0
68,23,6,3187.35919052801,1312.71631117013,0,0,0,59,0,0,0
68,23,7,19130.0821949228,9128.49275071411,0,129,0,154,0,0,0
68,23,8,0,8,0,0,0,0,0,0,0
68,24,1,3072.72435978242,977.186320100033,0,0,0,116,0,0,0
68,24,2,3034.68204226562,494.672929176157,0,0,0,189,0,0,0
68,24,3,2942.7081165005,696.074427729939,0,0,0,154,0,0,0
68,24,4,2957.11947155048,641.653866431452,0,0,0,87,0,0,0
68,24,5,3101.5720351949,2375.56287588202,0,0,0,129,0,0,0
68,24,6,3204.06729932801,1212.72685288266,0,0,0,131,0,0,0
68,24,7,19160.8831549228,6492.60265947949,24,0,0,199,0,0,0
68,24,8,0,8,0,0,0,0,0,0,0
68,25,1,3051.58434621442,1152.83755037631,0,46,0,51,0,0,0
68,25,2,3003.41460418562,1666.37205277047,0,20,0,29,0,0,0
68,25,3,2909.88110940162,1370.00506650777,0,52,0,17,0,0,0
68,25,4,2932.73152659048,1172.51231274564,0,34,0,30,0,0,0
68,25,5,3096.4808049869,1676.31165837167,0,134,0,103,0,0,0
68,25,6,3196.87727052802,2081.24788814705,0,70,0,51,0,0,0
68,25,7,19193.6475393795,12821.6257922587,4,185,0,204,0,0,2
68,25,8,0,8,0,0,0,0,0,0,0
68,26,1,3051.45170493442,1024.71366841135,0,0,0,115,0,0,0
68,26,2,3008.54717327362,1166.97122438985,0,0,0,166,0,0,0
68,26,3,2907.91847260162,882.945092569789,0,0,0,137,0,0,0
68,26,4,2934.77185939048,1424.27655527843,0,0,0,117,0,0,0
68,26,5,3121.9741963469,1190.15901153568,0,0,0,167,0,0,0
68,26,6,3233.02257817601,998.506360722221,0,0,0,183,0,0,0
68,26,7,19229.812381978,10109.6265391272,27,0,0,213,0,0,0
68,26,8,0,8,0,0,0,0,0,0,0
68,27,1,3050.68938199042,1637.0330889356,0,0,0,102,0,0,0
68,27,2,3006.07074498562,575.356076787616,0,0,0,116,0,0,0
68,27,3,2896.74551582312,905.219988036383,0,0,0,88,0,0,0
68,27,4,2937.01679507048,1557.65255988142,0,0,0,142,0,0,0
68,27,5,3134.5020534989,1808.97822180769,0,0,0,119,0,0,0
68,27,6,3249.34391961601,1102.14976736209,0,0,0,99,0,0,0
68,27,7,19273.046129946,10001.6270587963,23,0,0,235,0,0,5
68,27,8,0,8,0,0,0,0,0,0,0
68,28,1,3069.62694051842,1364.48617019379,0,0,0,163,0,0,0
68,28,2,2989.74309611522,1161.0623645079,0,0,0,57,0,0,0
68,28,3,2887.7995026596,1538.62605311253,0,0,0,90,0,0,0
68,28,4,2948.38027299719,783.161445863755,0,0,0,155,0,0,0
68,28,5,3160.80830365698,1404.62964403169,0,0,0,180,0,0,0
68,28,6,3271.86188697601,1269.88501035952,0,0,0,110,0,0,0
68,28,7,19308.1803533059,12646.9756079565,34,0,0,189,0,0,4
68,28,8,0,8,0,0,0,0,0,0,0
68,29,1,3077.08480520194,924.684589034861,0,0,0,136,0,0,0
68,29,2,2987.24265564162,1381.91002352215,0,0,0,116,0,0,0
68,29,3,2884.99613853288,854.226217399773,0,0,0,153,0,0,0
68,29,4,2937.95538672519,769.916508150491,0,0,0,78,0,0,0
68,29,5,3171.1610323149,1434.90359814997,0,0,0,140,0,0,0
68,29,6,3293.51688908801,1100.66045321474,0,0,0,126,0,0,0
68,29,7,19331.1375373059,8820.00683377944,33,0,0,177,0,0,1
68,29,8,0,8,0,0,0,0,0,0,0
68,30,1,3069.60982648834,1160.81413130726,0,0,0,92,0,0,0
68,30,2,2987.36844840962,948.821588780844,0,0,0,138,0,0,0
68,30,3,2867.65666317928,1775.75700279938,0,0,0,85,0,0,0
68,30,4,2924.50165252999,1289.4286758987,0,0,0,76,0,0,0
68,30,5,3181.14100289538,1734.44024086648,0,0,0,143,0,0,0
68,30,6,3308.67610828801,931.88734636621,0,0,0,110,0,0,0
68,30,7,19373.0316813059,9182.84879414461,257,0,0,262,0,0,1
68,30,8,0,8,0,0,0,0,0,0,0
68,31,1,3062.76314335234,1314.61494268521,0,0,0,116,0,0,0
68,31,2,2974.79732211714,1365.92884989873,0,0,0,94,0,0,0
68,31,3,2866.24217767528,439.760023321561,0,0,0,177,0,0,0
68,31,4,2918.33912609671,1431.7039991276,0,0,0,128,0,0,0
68,31,5,3191.83650907834,932.233734736439,0,0,0,173,0,0,0
68,31,6,3316.05108019201,938.419238464055,0,0,0,93,0,0,0
68,31,7,19401.1728781059,11069.6245482292,0,43,0,198,0,0,0
68,31,8,0,8,0,0,0,0,0,0,0
68,32,1,3043.61935695874,883.927189558022,0,93,0,38,0,0,0
68,32,2,2954.10392594024,1326.27791803331,0,76,0,60,0,0,0
68,32,3,2838.24439207528,1174.71303291666,0,17,0,26,0,0,0
68,32,4,2896.76632793991,758.382234810298,0,63,0,80,0,0,0
68,32,5,3176.27791287994,1608.19419820781,0,44,0,49,0,0,0
68,32,6,3309.56480563202,657.502681846173,0,47,0,46,0,0,0
68,32,7,19433.5431155459,10391.9251125545,10,163,0,196,0,0,0
68,32,8,0,8,0,0,0,0,0,0,0
68,33,1,3045.64270684162,813.071023163574,0,0,0,88,0,0,0
68,33,2,2961.9420462244,1604.05968046714,0,0,0,132,0,0,0
68,33,3,2838.79237246568,1430.05231507139,0,0,0,117,0,0,0
68,33,4,2890.35518855989,1331.19351680628,0,0,0,75,0,0,0
68,33,5,3197.09573457594,1249.83166734444,0,0,0,160,0,0,0
68,33,6,3315.49923123202,567.698286381849,0,0,0,65,0,0,0
68,33,7,19486.3263373058,14026.3275772566,26,0,0,242,0,0,0
68,33,8,0,8,0,0,0,0,0,0,0
68,34,1,3047.74523890075,1336.36512620021,0,0,0,81,0,0,0
68,34,2,2979.09720208672,1411.47102126078,0,0,0,160,0,0,0
68,34,3,2843.55698906728,956.555615810203,0,0,0,143,0,0,0
68,34,4,2890.71266845493,1716.49463092117,0,0,0,133,0,0,0
68,34,5,3210.26955755194,1084.02827691639,0,0,0,124,0,0,0
68,34,6,3317.54821181442,1254.08432458761,0,0,0,56,0,0,0
68,34,7,19542.3976640258,6399.35867260648,21,0,0,292,0,0,0
68,34,8,0,8,0,0,0,0,0,0,0
68,35,1,3059.45719558555,1153.74010435688,0,0,0,133,0,0,0
68,35,2,2989.90041350227,870.822510129605,0,0,0,141,0,0,0
68,35,3,2836.47750043567,646.678326433954,0,0,0,95,0,0,0
68,35,4,2903.11601006364,1535.41756514135,0,0,0,171,0,0,0
68,35,5,3221.2484329177,1759.61960607139,0,0,0,108,0,0,0
68,35,6,3333.80680652801,797.089890245837,0,0,0,125,0,0,0
68,35,7,19582.4183160938,2937.07039185462,19,0,0,186,0,0,0
68,35,8,0,8,0,0,0,0,0,0,0
68,36,1,3061.80386761115,627.372517632329,0,0,0,115,0,0,0
68,36,2,2982.06827078617,1306.24277923638,0,0,0,87,0,0,0
68,36,3,2820.37734527878,1124.58757879332,0,0,0,64,0,0,0
68,36,4,2900.50205486876,796.827809294126,0,0,0,153,0,0,0
68,36,5,3234.26026904697,883.756967321087,0,0,0,175,0,0,0
68,36,6,3337.53290240001,1107.77139697869,0,0,0,79,0,0,0
68,36,7,19600.6039314538,8572.13634107609,34,0,0,163,0,0,0
68,36,8,0,8,0,0,0,0,0,0,0
68,37,1,3048.56683452827,1947.41942344457,0,0,0,62,0,0,0
68,37,2,2979.88304700819,813.087607100037,0,0,0,130,0,0,0
68,37,3,2814.0952020263,1470.72569834283,0,0,0,112,0,0,0
68,37,4,2887.48549543691,343.218925270208,0,0,0,79,0,0,0
68,37,5,3228.01159600355,1706.55855417041,0,0,0,88,0,0,0
68,37,6,3350.99437312002,1793.47165690373,0,0,0,110,0,0,0
68,37,7,19625.6902956137,8086.06292976185,0,23,0,209,0,0,0
68,37,8,0,8,0,0,0,0,0,0,0
68,38,1,3043.00591223195,1244.46236166434,0,118,0,76,0,0,0
68,38,2,2958.79478839494,1231.57084697678,0,47,0,34,0,0,0
68,38,3,2800.73177471796,1462.02576345307,0,74,0,73,0,0,0
68,38,4,2855.09029531403,2043.11412972079,0,24,0,10,0,0,0
68,38,5,3222.13216225916,1469.17308145248,0,87,0,83,0,0,0
68,38,6,3354.73008947202,1448.58685691679,0,97,0,82,0,0,0
68,38,7,19658.5198414953,5409.60961749029,4,203,0,204,0,0,1
68,38,8,0,8,0,0,0,0,0,0,0
68,39,1,3065.39886145946,782.137125525292,0,0,0,124,0,0,0
68,39,2,2975.23422784578,1089.34702073536,0,0,0,123,0,0,0
68,39,3,2817.39937199719,731.433184357008,0,0,0,146,0,0,0
68,39,4,2872.9567489573,1356.6487534901,2,0,0,175,0,0,0
68,39,5,3253.84842900584,775.753374446912,0,0,0,146,0,0,0
68,39,6,3395.10908938242,1224.73144721158,0,0,0,144,0,0,0
68,39,7,19714.5077779152,8087.50059388765,32,0,0,191,0,0,0
68,39,8,0,8,0,0,0,0,0,0,0
68,40,1,3069.65603898164,489.259197988895,0,0,0,78,0,0,0
68,40,2,2980.78619160093,1775.95590680911,0,0,0,108,0,0,0
68,40,3,2819.26587045479,952.929505675927,0,0,0,73,0,0,0
68,40,4,2880.38876283454,787.434033527057,0,0,0,135,0,0,0
68,40,5,3259.3394008955,2316.13213038984,0,0,0,77,0,0,0
68,40,6,3422.25172815874,1559.75506516232,0,0,0,122,0,0,0
68,40,7,19765.4619692751,8932.55725932766,26,0,0,237,0,0,0
68,40,8,0,8,0,0,0,0,0,0,0
68,41,1,3063.51597114164,1169.07108107667,0,0,0,48,0,0,0
68,41,2,3011.74220025917,1256.37567126626,0,0,0,177,0,0,0
68,41,3,2825.07281571349,439.92382811383,0,0,0,95,0,0,0
68,41,4,2882.42819462412,1304.64411741332,0,0,0,78,0,0,0
68,41,5,3289.57956028852,1445.63054870352,1,0,0,176,0,0,0
68,41,6,3465.29227325032,562.39729779372,0,0,0,155,0,0,0
68,41,7,19824.3791056591,4144.87919706547,23,0,0,222,0,0,2
68,41,8,0,8,0,0,0,0,0,0,0
68,42,1,3073.47725411124,1541.68354937561,0,0,0,116,0,0,0
68,42,2,3018.95373873048,855.619815021615,0,0,0,125,0,0,0
68,42,3,2816.41722175406,1116.32721656371,0,0,0,43,0,0,0
68,42,4,2888.18464229452,1325.43521789686,0,0,0,130,0,0,0
68,42,5,3305.32138375194,1363.91020181257,0,0,0,144,0,0,0
68,42,6,3467.98382745192,843.718016136629,0,0,0,56,0,0,0
68,42,7,19866.5943714511,8491.75069558546,47,0,0,225,0,0,0
68,42,8,0,8,0,0,0,0,0,0,0
68,43,1,3095.81929976627,1465.26094997649,0,0,0,154,0,0,0
68,43,2,3028.73458577812,1769.39699985201,0,0,0,85,0,0,0
68,43,3,2824.50131818005,1529.27547478007,0,0,0,111,0,0,0
68,43,4,2898.93694251982,602.422408832141,0,0,0,132,0,0,0
68,43,5,3325.04184654259,905.245645229388,0,0,0,136,0,0,0
68,43,6,3486.5591595942,1724.31624903126,0,0,0,84,0,0,0
68,43,7,19911.3658598095,5278.67207653366,36,0,0,180,0,0,0
68,43,8,0,8,0,0,0,0,0,0,0
68,44,1,3089.53255310131,2020.59839977503,98,0,0,48,0,0,0
68,44,2,3039.89172129491,1258.92740459551,61,0,0,115,0,0,0
68,44,3,2822.42274564751,623.014616303905,79,0,0,73,0,0,0
68,44,4,2887.7820479995,880.84920987307,19,0,0,41,0,0,0
68,44,5,3323.29883951539,1734.23026494415,35,0,0,55,0,0,0
68,44,6,3500.49347271804,1754.41393420696,90,0,0,82,0,0,0
68,44,7,19953.2106748581,10093.3302997414,218,2,0,181,0,0,6
68,44,8,0,8,0,0,0,0,0,0,0
68,45,1,3118.41069883719,711.484869655716,0,0,0,199,0,0,0
68,45,2,3053.90034621018,1183.25129582814,0,0,0,125,0,0,0
68,45,3,2810.08797074473,1997.78134252712,0,0,0,62,0,0,0
68,45,4,2884.56313938812,942.354391341469,0,0,0,88,0,0,0
68,45,5,3341.49749147346,1639.17514810528,0,0,0,173,0,0,0
68,45,6,3537.00420890134,780.480400842365,0,0,0,175,0,0,0
68,45,7,19957.0057417381,6326.08832626298,54,0,0,173,0,0,0
68,45,8,0,8,0,0,0,0,0,0,0
68,46,1,3122.71693255065,1799.08818783654,0,0,0,71,0,0,0
68,46,2,3067.38917715943,1511.37055697612,0,0,0,118,0,0,0
68,46,3,2832.51385380422,514.945790899392,8,0,0,167,0,0,0
68,46,4,2888.84443695808,768.292283986926,0,0,0,94,0,0,0
68,46,5,3369.23758434821,1246.46617040192,0,0,0,163,0,0,0
68,46,6,3543.98812518319,1322.16320597127,0,0,0,78,0,0,0
68,46,7,19984.7617270009,8280.20859689269,108,0,0,195,0,0,0
68,46,8,0,8,0,0,0,0,0,0,0
68,47,1,3151.84268116394,1071.16640561118,0,0,0,171,0,0,0
68,47,2,3098.00842586738,1887.284789574,0,0,0,151,0,0,0
68,47,3,2824.34310669402,817.376547643662,0,0,0,51,0,0,0
68,47,4,2889.1415682159,814.217769021218,0,0,0,76,0,0,0
68,47,5,3384.09757925565,1436.93768974945,0,0,0,124,0,0,0
68,47,6,3576.4265382958,1174.59175956854,0,0,0,132,0,0,0
68,47,7,20012.1477069254,9401.71309147579,74,0,0,169,0,0,0
68,47,8,0,8,0,0,0,0,0,0,0
68,48,1,3169.66470651511,1478.03513425203,0,0,0,107,0,0,0
68,48,2,3138.74979913573,833.524142695362,0,0,0,188,0,0,0
68,48,3,2814.721070426,1391.83499460089,0,0,0,81,0,0,0
68,48,4,2890.34102765441,929.68037561825,0,0,0,81,0,0,0
68,48,5,3406.09509724846,1219.56407951466,0,0,0,143,0,0,0
68,48,6,3602.29564465822,1009.75559375442,0,0,0,117,0,0,0
68,48,7,20049.7199384005,8953.14359293059,0,44,0,195,0,0,0
68,48,8,0,8,0,0,0,0,0,0,0
68,49,1,3155.01127589085,1268.65943590468,0,101,0,46,0,0,0
68,49,2,3119.73475245678,788.34562008318,0,37,0,46,0,0,0
68,49,3,2802.22382229632,1117.13658550834,0,56,0,83,0,0,0
68,49,4,2865.24135530779,923.263839512085,0,53,0,39,0,0,0
68,49,5,3393.12366921283,1945.93423785055,0,54,0,67,0,0,0
68,49,6,3593.42984311454,1723.18971813375,0,54,0,46,0,0,0
68,49,7,20092.4879629765,6505.86695205076,5,263,0,304,0,0,0
68,49,8,0,8,0,0,0,0,0,0,0
68,50,1,3181.64657782472,1264.7150761291,0,0,0,126,0,0,0
68,50,2,3122.03624414437,1510.45091699019,0,0,0,78,0,0,0
68,50,3,2802.71265823014,1035.74009748383,0,0,0,111,0,0,0
68,50,4,2870.4990017074,795.346670809018,0,0,0,92,0,0,0
68,50,5,3426.49283321133,1796.78566636202,0,0,0,190,0,0,0
68,50,6,3636.62047623352,620.904104751329,0,0,0,172,0,0,0
68,50,7,20151.1219777988,7703.80785454626,31,0,0,205,0,0,0
68,50,8,0,8,0,0,0,0,0,0,0
68,51,1,3207.90179967221,1666.46577047678,0,0,0,126,0,0,0
68,51,2,3142.34137366313,1927.31527506692,0,0,0,151,0,0,0
68,51,3,2801.7591738884,485.632910302875,0,0,0,103,0,0,0
68,51,4,2862.45644428275,718.287868511439,0,0,0,79,0,0,0
68,51,5,3459.94365642258,1492.67490558804,0,0,0,179,0,0,0
68,51,6,3651.84780439454,1506.75548216433,0,0,0,62,0,0,0
68,51,7,20212.8077648734,10551.247182055,23,0,0,214,0,0,0
68,51,8,0,8,0,0,0,0,0,0,0
68,52,1,3238.02235689615,727.682103758802,0,0,0,166,0,0,0
68,52,2,3172.237424515,1371.50215848777,0,0,0,192,0,0,0
68,52,3,2790.70398730243,933.606642679122,0,0,0,48,0,0,0
68,52,4,2857.11539409251,1283.08068812266,0,0,0,71,0,0,0
68,52,5,3477.54524204854,1862.61046631747,0,0,0,149,0,0,0
68,52,6,3685.91728366542,1126.49553782656,0,0,0,150,0,0,0
68,52,7,20265.4993763411,9627.43255362818,25,0,0,204,0,0,0
68,52,8,0,8,0,0,0,0,0,0,0
68,53,1,3243.02556237168,968.124853973279,0,0,0,72,0,0,0
68,53,2,3186.25215566852,1267.32338965301,0,0,0,137,0,0,0
68,53,3,2788.02864031744,1070.35594246556,0,0,0,93,0,0,0
68,53,4,2857.49488132025,1665.23601960563,0,0,0,128,0,0,0
68,53,5,3502.79872784594,1807.98076253379,0,0,0,185,0,0,0
68,53,6,3702.58574502065,1485.18342847228,0,0,0,112,0,0,0
68,53,7,20319.1911639123,8102.65928133068,23,0,0,234,0,0,0
68,53,8,0,8,0,0,0,0,0,0,0
68,54,1,3261.29866229677,1588.45698104891,0,0,0,96,0,0,0
68,54,2,3232.73620465037,1340.43130917883,0,0,0,126,0,0,0
68,54,3,2793.06051136359,1605.81372918582,0,0,0,107,0,0,0
68,54,4,2888.73984150482,792.835805694544,0,0,0,166,0,0,0
68,54,5,3552.72807053626,1435.99465780223,1,0,0,174,0,0,0
68,54,6,3758.68649406028,1010.71704526145,0,0,0,148,0,0,0
68,54,7,20387.7967588927,5302.98258340436,109,0,0,186,0,0,0
68,54,8,0,8,0,0,0,0,0,0,0
68,55,1,3279.67174566507,1229.41808522388,19,0,0,128,0,0,0
68,55,2,3252.11726899291,878.093597444668,0,0,0,134,0,0,0
68,55,3,2810.40042560112,691.064918830183,15,0,0,136,0,0,0
68,55,4,2888.1755764834,1262.40123570743,0,0,0,79,0,0,0
68,55,5,3567.40303951595,1710.30969930234,12,0,0,124,0,0,0
68,55,6,3779.61626783195,2182.45268762796,0,0,0,101,0,0,0
68,55,7,20465.9705840341,10385.9431501182,177,0,0,247,0,0,0
68,55,8,0,8,0,0,0,0,0,0,0
68,56,1,3281.51384459719,1382.24894514203,0,0,0,122,0,0,0
68,56,2,3250.22670000578,820.215458820885,0,0,0,87,0,0,0
68,56,3,2789.11007201452,672.077661967598,0,0,0,69,0,0,0
68,56,4,2889.46433763083,820.310605894072,0,0,0,126,0,0,0
68,56,5,3589.53489081966,1593.70599429711,0,0,0,171,0,0,0
68,56,6,3820.2984844157,2413.10486836089,0,0,0,208,0,0,0
68,56,7,20503.7396465332,6122.20640426639,48,0,0,201,0,0,0
68,56,8,0,8,0,0,0,0,0,0,0
68,57,1,3272.74530823336,1516.01853504329,0,58,0,80,0,0,0
68,57,2,3222.57453466541,1776.51918913801,0,53,0,29,0,0,0
68,57,3,2766.54978266113,1671.89589604846,0,33,0,34,0,0,0
68,57,4,2869.21470679188,952.963442283528,0,49,0,33,0,0,0
68,57,5,3579.86411271167,1782.30883592145,0,71,0,88,0,0,0
68,57,6,3844.66703556129,1118.65912697944,0,112,0,129,0,0,0
68,57,7,20546.9570113408,10354.0876476931,4,245,0,212,0,0,0
68,57,8,0,8,0,0,0,0,0,0,0
68,58,1,3296.0003831942,1638.72241221059,0,0,0,151,0,0,0
68,58,2,3244.65086738053,1349.61885507016,0,0,0,177,0,0,0
68,58,3,2777.60954849458,885.788959749285,0,0,0,167,0,0,0
68,58,4,2872.75887014709,1035.0169246354,0,0,0,95,0,0,0
68,58,5,3610.12102866103,1766.6565869984,0,0,0,178,0,0,0
68,58,6,3879.75436323608,913.508413601574,0,0,0,111,0,0,0
68,58,7,20608.8472570752,4564.21765822479,24,0,0,253,0,0,1
68,58,8,0,8,0,0,0,0,0,0,0
68,59,1,3318.16002424254,1464.7657229804,0,0,0,163,0,0,0
68,59,2,3255.88905960535,1455.77107343006,0,0,0,134,0,0,0
68,59,3,2774.02831558885,1134.42160707172,0,0,0,88,0,0,0
68,59,4,2871.43931711101,1565.44255490355,0,0,0,103,0,0,0
68,59,5,3644.7597829867,1938.30685080542,0,0,0,176,0,0,0
68,59,6,3894.73238571538,1045.20804651052,0,0,0,91,0,0,0
68,59,7,20662.8545480576,5037.68580326099,23,0,0,251,0,0,0
68,59,8,0,8,0,0,0,0,0,0,0
68,60,1,3334.36948489105,1579.82841868525,0,0,0,146,0,0,0
68,60,2,3255.08563833416,1248.75189644323,0,0,0,145,0,0,0
68,60,3,2769.84509236379,1517.93908500962,0,0,0,113,0,0,0
68,60,4,2881.53697826334,1340.38160509905,0,0,0,156,0,0,0
68,60,5,3676.72433991177,1632.54879299852,1,0,0,174,0,0,1
68,60,6,3918.73180147351,1326.96920026317,0,0,0,104,0,0,0
68,60,7,20697.5406440476,3952.43132765037,26,0,0,206,0,0,0
68,60,8,0,8,0,0,0,0,0,0,0
68,61,1,3335.41657716629,1196.30281619795,78,0,0,79,0,0,0
68,61,2,3247.18294439452,1711.19896563416,56,0,0,68,0,0,0
68,61,3,2760.00977919734,869.673281626265,79,0,0,72,0,0,0
68,61,4,2879.85125645196,1175.07860006625,61,0,0,73,0,0,0
68,61,5,3679.80967052179,1935.77949029221,87,0,0,76,0,0,0
68,61,6,3925.10917211455,1463.95624665085,77,0,0,55,0,0,0
68,61,7,20726.0116553756,4777.88875007616,188,0,0,190,0,0,0
68,61,8,0,8,0,0,0,0,0,0,0
68,62,1,3360.1247316773,682.059258438037,0,0,0,119,0,0,0
68,62,2,3282.76538164904,1292.0020369722,0,0,0,171,0,0,0
68,62,3,2762.45401116938,610.967342878876,0,0,0,86,0,0,0
68,62,4,2896.70909740691,791.295397046689,0,0,0,117,0,0,0
68,62,5,3735.51959914423,1325.70109556619,2,0,0,183,0,0,0
68,62,6,3974.11642907493,2176.85646772408,0,0,0,146,0,0,0
68,62,7,20760.7016588328,6459.97637420269,71,0,0,170,0,0,0
68,62,8,0,8,0,0,0,0,0,0,0
68,63,1,3351.87572130947,2332.47478259642,0,0,0,68,0,0,0
68,63,2,3304.11904541521,1172.50263901862,0,0,0,129,0,0,0
68,63,3,2752.7055457494,1348.87805463069,0,0,0,61,0,0,0
68,63,4,2897.51423626481,524.841830155003,0,0,0,79,0,0,0
68,63,5,3768.16280637996,766.318200926546,0,0,0,132,0,0,0
68,63,6,4039.35606392832,1340.13118128863,4,0,0,177,0,0,0
68,63,7,20795.5907445618,5332.84341651971,45,0,0,198,0,0,0
68,63,8,0,8,0,0,0,0,0,0,0
68,64,1,3362.06407731292,697.439363045428,48,0,0,121,0,0,0
68,64,2,3302.05865504953,1630.68907363619,0,0,0,117,0,0,0
68,64,3,2750.75630087476,753.204905254248,0,0,0,134,0,0,0
68,64,4,2890.85229603799,1175.7681283463,0,0,0,52,0,0,0
68,64,5,3773.2685559905,2572.27436186111,0,0,0,76,0,0,0
68,64,6,4076.96598186613,1987.83430902585,0,0,0,134,0,0,0
68,64,7,20828.0427763157,13715.6135578451,132,0,0,229,0,0,0
68,64,8,0,8,0,0,0,0,0,0,0
68,65,1,3355.8763065559,1399.21424800211,0,0,0,69,0,0,0
68,65,2,3310.44879344486,1254.97135613328,0,0,0,163,0,0,0
68,65,3,2740.1676056666,1308.41706806055,0,0,0,75,0,0,0
68,65,4,2895.98247240609,1649.55545420829,0,0,0,117,0,0,0
68,65,5,3810.90935422842,943.172247592105,0,2,0,191,0,0,0
68,65,6,4105.74827931812,2114.72264713097,0,0,0,176,0,0,0
68,65,7,20849.6550011144,8745.9111731647,0,44,0,243,0,0,0
68,65,8,0,8,0,0,0,0,0,0,0
68,66,1,3344.31612228054,1350.5605114792,0,93,0,46,0,0,0
68,66,2,3294.72362559747,1482.46313563846,0,38,0,87,0,0,0
68,66,3,2735.8772629051,1179.08904772572,0,48,0,82,0,0,0
68,66,4,2894.63330760975,1042.86082802687,0,68,0,96,0,0,0
68,66,5,3802.60160738759,2760.16663038264,0,41,0,53,0,0,0
68,66,6,4132.4924475319,1618.98512845888,0,90,0,121,0,0,0
68,66,7,20928.3626616088,8727.51700411214,2,368,0,346,0,0,0
68,66,8,0,8,0,0,0,0,0,0,0
68,67,1,3360.1636037861,1906.78520770137,0,0,0,135,0,0,0
68,67,2,3319.57811739422,1732.12805620766,0,0,0,148,0,0,0
68,67,3,2741.26414832841,952.037655405738,0,0,0,117,0,0,0
68,67,4,2901.12019491141,1182.26768483405,0,0,0,104,0,0,0
68,67,5,3860.31059773495,1992.58559177518,2,0,0,212,0,0,0
68,67,6,4182.36141876544,3111.21633746431,0,0,0,161,0,0,0
68,67,7,20997.0315723073,6986.12723391816,29,0,0,226,0,0,0
68,67,8,0,8,0,0,0,0,0,0,0
68,68,1,3417.16483544657,1272.72275330645,0,0,0,186,0,0,0
68,68,2,3375.39049534712,2275.38273343576,0,0,0,173,0,0,0
68,68,3,2755.24350523494,1657.55999254702,0,0,0,95,0,0,0
68,68,4,2924.50562441544,705.122344649738,0,0,0,118,0,0,0
68,68,5,3929.75341887963,2301.32483903605,2,0,0,161,0,0,0
68,68,6,4309.81668977797,941.019823882075,0,0,0,311,0,0,0
68,68,7,21097.2162020818,10897.7532787653,27,0,0,204,0,0,0
68,68,8,0,8,0,0,0,0,0,0,0
68,69,1,3431.30814723026,1222.75196974794,0,0,0,127,0,0,0
68,69,2,3412.25265880925,1748.77760055099,0,0,0,220,0,0,0
68,69,3,2766.4850736759,1069.35808745128,0,0,0,165,0,0,0
68,69,4,2923.46195802518,1258.88659553531,0,0,0,70,0,0,0
68,69,5,3985.59705960501,1502.30213418821,0,0,0,218,0,0,0
68,69,6,4341.03617303921,2041.93166348986,0,0,0,94,0,0,0
68,69,7,21150.4329218309,11360.4368458999,27,0,0,189,0,0,0
68,69,8,0,8,0,0,0,0,0,0,0
68,70,1,3446.38278333013,641.64982584644,0,0,0,122,0,0,0
68,70,2,3444.55413663343,1049.11895920075,0,0,0,170,0,0,0
68,70,3,2760.08966499185,1345.25381055642,0,0,0,106,0,0,0
68,70,4,2932.64379298787,1251.15786474421,0,0,0,125,0,0,0
68,70,5,4026.53969520025,2021.26966627952,0,0,0,150,0,0,0
68,70,6,4403.25154191284,1647.18901151955,0,0,0,193,0,0,0
68,70,7,21208.5488788257,6183.24349459028,28,0,0,242,0,0,0
68,70,8,0,8,0,0,0,0,0,0,0
68,71,1,3452.0561307858,939.822519709066,0,0,0,64,0,0,0
68,71,2,3466.78713022684,1703.75195610004,0,0,0,104,0,0,0
68,71,3,2785.76279638402,1071.18129111525,0,0,0,134,0,0,0
68,71,4,2968.448138385,1646.38216315314,0,0,0,125,0,0,0
68,71,5,4109.41838230165,881.501656491021,0,0,0,197,0,0,0
68,71,6,4484.07739305079,1895.10748755472,0,0,0,164,0,0,0
68,71,7,21290.1305811064,8785.03402827874,53,0,0,181,0,0,0
68,71,8,0,8,0,0,0,0,0,0,0
68,72,1,3463.85750948734,689.118496523083,0,0,0,93,0,0,0
68,72,2,3491.25692881875,1994.33287403266,0,0,0,170,0,0,0
68,72,3,2783.73304106663,1153.53706840141,0,0,0,107,0,0,0
68,72,4,2996.23148701524,968.031945385805,0,0,0,164,0,0,0
68,72,5,4132.21485670058,788.28825993074,0,0,0,88,0,0,0
68,72,6,4556.05835782145,1696.14161627501,0,0,0,189,0,0,0
68,72,7,21342.5417479411,11432.0645143966,41,0,0,168,0,0,0
68,72,8,0,8,0,0,0,0,0,0,0
68,73,1,3436.96277579149,1232.61090799391,0,0,0,68,0,0,0
68,73,2,3532.53060928399,1707.13729305667,0,1,0,177,0,0,0
68,73,3,2784.30898940856,1464.34860470474,0,0,0,115,0,0,0
68,73,4,2988.18477571904,1167.97688422613,0,0,0,96,0,0,0
68,73,5,4133.25317162201,1061.69019361054,0,0,0,78,0,0,0
68,73,6,4604.83343617716,1841.01578640569,0,0,0,169,0,0,0
68,73,7,21409.3955172259,10487.5500372572,0,43,0,239,0,0,0
68,73,8,0,8,0,0,0,0,0,0,0
68,74,1,3416.85748148704,516.743244951684,0,72,0,51,0,0,0
68,74,2,3514.36038005763,2480.15265770026,0,79,0,91,0,0,0
68,74,3,2768.27745001384,1301.31830107169,0,67,0,79,0,0,0
68,74,4,2972.74772056967,843.722661134331,0,68,0,48,0,0,0
68,74,5,4118.59286361054,1572.74984056668,0,38,0,68,0,0,0
68,74,6,4627.31908473392,2805.07821969212,0,96,0,88,0,0,0
68,74,7,21470.5956659657,7209.04454926348,7,243,0,240,0,0,0
68,74,8,0,8,0,0,0,0,0,0,0
68,75,1,3398.27754105534,521.256648690342,0,0,0,51,0,0,0
68,75,2,3573.12423790176,1414.66723835859,3,0,0,179,0,0,0
68,75,3,2775.19603693786,1054.18997813392,0,0,0,130,0,0,0
68,75,4,2972.82504399228,1465.67277649608,0,0,0,84,0,0,0
68,75,5,4166.79357649411,693.182830434099,0,0,0,157,0,0,0
68,75,6,4719.63929651015,953.639280017653,4,0,0,209,0,0,0
68,75,7,21562.8217505392,6098.97084315592,28,0,0,219,0,0,0
68,75,8,0,8,0,0,0,0,0,0,0
68,76,1,3390.88682605404,2533.75558194353,0,0,0,52,0,0,0
68,76,2,3571.48267791122,1194.6230279878,0,0,0,141,0,0,0
68,76,3,2776.4113433455,1045.12353235975,0,0,0,105,0,0,0
68,76,4,2992.09109715621,1186.32589483061,0,0,0,146,0,0,0
68,76,5,4176.64730839139,1830.68700737167,0,0,0,69,0,0,0
68,76,6,4757.36885628212,2172.82623867229,0,0,0,95,0,0,0
68,76,7,21618.3655029369,7087.20646579838,35,0,0,172,0,0,0
68,76,8,0,8,0,0,0,0,0,0,0
68,77,1,3422.74604825178,1678.76385069437,4,0,0,183,0,0,0
68,77,2,3575.83204186268,1069.00178945035,0,0,0,119,0,0,0
68,77,3,2777.45346716723,1229.28439031284,0,0,0,104,0,0,0
68,77,4,3010.60442109868,1773.47035832391,0,0,0,118,0,0,0
68,77,5,4228.83642477777,1572.51658536407,0,0,0,183,0,0,0
68,77,6,4882.93034560858,2120.97796700809,0,0,0,204,0,0,1
68,77,7,21700.8843251083,11710.7239112837,30,0,0,215,0,0,2
68,77,8,0,8,0,0,0,0,0,0,0
68,78,1,3455.04684277208,1909.52467744841,0,0,0,167,0,0,0
68,78,2,3585.90782115688,1478.60475708627,0,0,0,106,0,0,0
68,78,3,2782.51220666015,1948.15351915356,0,0,0,122,0,0,0
68,78,4,3048.59998303078,1107.20981013154,0,0,0,177,0,0,0
68,78,5,4275.8156178304,2844.75281403995,0,0,0,157,0,0,0
68,78,6,4964.90348981885,1548.71833778839,0,0,0,195,0,0,0
68,78,7,21779.3705742007,10318.4932906921,28,0,0,252,0,0,0
68,78,8,0,8,0,0,0,0,0,0,0
68,79,1,3489.46434690326,1056.42740095995,0,0,0,179,0,0,0
68,79,2,3617.66284098494,932.753450126105,0,0,0,147,0,0,0
68,79,3,2812.40296323225,1861.9996794855,0,0,0,183,0,0,0
68,79,4,3055.8695907066,844.543714592569,0,0,0,110,0,0,0
68,79,5,4342.4887635938,1107.47986149729,4,0,0,193,0,0,0
68,79,6,5053.99580573903,2243.76578260308,0,0,0,154,0,0,0
68,79,7,21873.5077814265,5763.58964234146,39,0,0,236,0,0,1
68,79,8,0,8,0,0,0,0,0,0,0
68,80,1,3481.47173611909,1921.03419913506,0,46,0,59,0,0,0
68,80,2,3592.64311476754,874.531482661986,0,55,0,38,0,0,0
68,80,3,2802.79386008056,556.185119548826,0,98,0,88,0,0,0
68,80,4,3037.26625663185,831.587077715207,0,40,0,44,0,0,0
68,80,5,4337.93516307423,1284.23783845463,0,55,0,55,0,0,0
68,80,6,5118.43309675914,1769.57955597594,0,105,0,119,0,0,0
68,80,7,21941.1256591766,9846.51425959101,4,173,0,219,0,0,0
68,80,8,0,8,0,0,0,0,0,0,0
68,81,1,3527.14856969832,1404.18313844691,0,0,0,188,0,0,0
68,81,2,3594.91439228959,1030.03767979944,0,0,0,87,0,0,0
68,81,3,2798.93956377998,1278.36506180088,0,0,0,55,0,0,0
68,81,4,3045.73004534155,1864.61654224938,0,0,0,83,0,0,0
68,81,5,4367.19228358585,1830.51071128927,0,0,0,128,0,0,0
68,81,6,5187.31517578315,1164.71830424899,0,0,0,176,0,0,0
68,81,7,21995.2496189785,9316.0285386074,29,0,0,190,0,0,0
68,81,8,0,8,0,0,0,0,0,0,0
68,82,1,3564.67799377744,1741.11663113449,0,0,0,140,0,0,0
68,82,2,3624.75610332664,1706.52448815459,0,0,0,103,0,0,0
68,82,3,2814.27290638514,1477.95780553268,0,0,0,127,0,0,0
68,82,4,3093.72406873815,958.54589730457,0,0,0,178,0,0,0
68,82,5,4455.91616849166,1781.81492698397,0,0,0,183,0,0,0
68,82,6,5271.14824025678,2693.41551414459,0,0,0,116,0,0,0
68,82,7,22092.6803759586,11498.3803770373,24,0,0,216,0,0,0
68,82,8,0,8,0,0,0,0,0,0,0
68,83,1,3595.72259840762,1516.26970102624,0,0,0,174,0,0,0
68,83,2,3661.43459276056,1943.71273865995,0,0,0,170,0,0,0
68,83,3,2817.39140631918,1523.45888909498,0,0,0,147,0,0,0
68,83,4,3098.82593447655,709.965839492614,0,0,0,95,0,0,0
68,83,5,4515.15890686222,2209.26494804656,0,0,0,178,0,0,0
68,83,6,5400.88604024768,1811.56061989845,0,0,0,269,0,0,0
68,83,7,22159.7140687857,5154.06081433922,24,0,0,206,0,0,0
68,83,8,0,8,0,0,0,0,0,0,0
68,84,1,3634.07813426335,2277.63714300412,0,0,0,151,0,0,0
68,84,2,3685.90030232935,1096.2566204221,4,0,0,166,0,0,0
68,84,3,2832.69449516763,1422.18381114322,0,0,0,152,0,0,0
68,84,4,3091.45043004875,1323.56217241911,0,0,0,70,0,0,0
68,84,5,4576.02679172656,2652.97105503035,6,0,0,170,0,0,0
68,84,6,5468.57442222676,1461.1624374661,1,0,0,166,0,0,0
68,84,7,22211.6550052998,7994.26776600987,50,0,0,185,0,0,0
68,84,8,0,8,0,0,0,0,0,0,0
68,85,1,3715.62751245192,2770.00931210219,1,0,0,204,0,0,0
68,85,2,3719.65433022823,1744.89732967037,0,0,0,109,0,0,0
68,85,3,2860.23012370444,1062.41477624104,0,0,0,142,0,0,0
68,85,4,3121.74185390338,1799.68597108027,0,0,0,132,0,0,0
68,85,5,4681.40140515871,2298.76444825474,5,0,0,184,0,0,0
68,85,6,5588.22505240068,1637.93098655713,0,0,0,146,0,0,0
68,85,7,22324.8863013644,17975.5181283744,41,0,0,217,0,0,0
68,85,8,0,8,0,0,0,0,0,0,0
68,86,1,3743.4655089625,2523.02038651932,1,0,0,222,0,0,0
68,86,2,3734.36332165645,1397.19741598808,0,0,0,174,0,0,0
68,86,3,2855.21811259852,1911.54432109936,0,0,0,106,0,0,0
68,86,4,3127.44252245309,1866.08778579723,0,0,0,179,0,0,0
68,86,5,4725.82924908823,1239.98616800892,0,0,0,222,0,0,0
68,86,6,5623.8557559014,2597.33029024499,0,0,0,163,0,0,0
68,86,7,22348.4500165151,8406.86374491315,31,0,0,213,0,0,0
68,86,8,0,8,0,0,0,0,0,0,0
68,87,1,3807.53243805295,1213.61572137968,4,0,0,185,0,0,0
68,87,2,3793.7239966058,1625.04266512666,0,0,0,139,0,0,0
68,87,3,2887.83245764044,1540.79851240586,0,0,0,179,0,0,0
68,87,4,3153.39547752803,1233.55749084801,0,0,0,186,0,0,0
68,87,5,4777.28204691215,1371.1622036117,0,0,0,123,0,0,0
68,87,6,5759.82961861699,3338.9547916155,3,0,0,193,0,0,2
68,87,7,22462.669843101,7627.79010910083,37,0,0,269,0,0,0
68,87,8,0,8,0,0,0,0,0,0,0
68,88,1,3824.0155820241,2331.94580076824,0,0,0,121,0,0,0
68,88,2,3803.53350367442,2047.51695735822,0,9,0,147,0,0,0
68,88,3,2889.0164483778,1275.34705713178,0,24,0,112,0,0,0
68,88,4,3154.28905331212,979.513158298486,0,0,0,123,0,0,0
68,88,5,4801.51147216928,1952.02168493714,0,1,0,135,0,0,0
68,88,6,5825.87139953084,2788.65714174232,0,112,0,143,0,0,0
68,88,7,22542.3433458379,8667.13018278378,0,285,0,278,0,0,0
68,88,8,0,8,0,0,0,0,0,0,0
68,89,1,3858.41120025814,1766.23772477529,1,0,0,185,0,0,1
68,89,2,3827.6182063444,1994.33370751891,0,0,0,204,0,0,0
68,89,3,2881.74511947206,960.714924668165,0,0,0,127,0,0,0
68,89,4,3138.21113710749,725.505524346926,0,0,0,97,0,0,0
68,89,5,4858.32413797156,3720.12693449799,0,0,0,195,0,0,0
68,89,6,5928.62968094405,1132.64651704833,4,0,0,181,0,0,0
68,89,7,22642.6614036746,4783.08854842657,26,0,0,259,0,0,0
68,89,8,0,8,0,0,0,0,0,0,0
68,90,1,3887.99623484544,2184.70656560599,3,0,0,166,0,0,0
68,90,2,3834.24638154969,564.054470985493,18,0,0,147,0,0,0
68,90,3,2858.19986245343,731.580782549814,0,0,0,96,0,0,0
68,90,4,3124.89950481536,1201.94834218605,0,0,0,72,0,0,0
68,90,5,4883.67819709823,2328.55194195672,66,0,0,178,0,0,0
68,90,6,5963.90353653101,2467.64011162071,0,0,0,113,0,0,0
68,90,7,22669.2409465598,5513.40022137358,108,0,0,163,0,0,0
68,90,8,0,8,0,0,0,0,0,0,0
68,91,1,3931.90155134025,1315.99464785993,0,96,0,122,0,0,0
68,91,2,3785.52825166748,1605.70671808191,0,24,0,32,0,0,0
68,91,3,2832.2984458794,1051.04809388655,0,44,0,29,0,0,0
68,91,4,3102.74288009859,1461.98399404845,0,74,0,46,0,0,0
68,91,5,4893.49263325703,2442.45419418821,0,123,0,109,0,0,0
68,91,6,6025.15035626074,3887.01380620825,0,125,0,121,0,0,0
68,91,7,22799.643697507,13625.3072744811,0,262,0,289,0,0,0
68,91,8,0,8,0,0,0,0,0,0,0
68,92,1,3927.09941242132,733.929705492667,0,0,0,131,0,0,0
68,92,2,3795.734358372,1567.62966827944,0,0,0,160,0,0,0
68,92,3,2829.48637042796,1291.91450384179,0,0,0,105,0,0,0
68,92,4,3120.31230967389,1733.15466179218,0,0,0,146,0,0,0
68,92,5,4945.28935682046,2177.13688814963,0,0,0,198,0,0,1
68,92,6,6129.62387238441,4172.39944483704,3,0,0,229,0,0,0
68,92,7,22848.7484738547,6462.35748314489,20,5,0,220,0,0,0
68,92,8,0,8,0,0,0,0,0,0,0
68,93,1,3925.33887067714,1031.90040071682,0,0,0,73,0,0,0
68,93,2,3831.0402486499,1052.12030542313,0,0,0,156,0,0,0
68,93,3,2849.74305720394,1380.08528806116,0,0,0,129,0,0,0
68,93,4,3164.54352103297,769.010662770647,0,0,0,173,0,0,0
68,93,5,5034.31653556105,1382.21284969804,9,0,0,175,0,0,0
68,93,6,6331.60736657195,2790.64288391644,43,0,0,217,0,0,1
68,93,7,22950.8700966697,12167.73096694,103,0,0,193,0,0,0
68,93,8,0,8,0,0,0,0,0,0,0
68,94,1,3949.68514556031,820.600724407387,0,0,0,103,0,0,0
68,94,2,3847.86946083969,1871.83944233885,0,0,0,105,0,0,0
68,94,3,2844.97514362796,1569.576244814,0,0,0,138,0,0,0
68,94,4,3170.26492418579,2104.20298567538,0,0,0,76,0,0,0
68,94,5,5077.19398555812,1708.59506416295,0,0,0,138,0,0,0
68,94,6,6443.86005794191,1427.62279558817,3,0,0,185,0,0,0
68,94,7,23026.2468141535,12311.0109386892,45,0,0,203,0,0,0
68,94,8,0,8,0,0,0,0,0,0,0
68,95,1,3958.43724109161,756.910191396653,0,0,0,82,0,0,0
68,95,2,3880.39600717037,2101.65026185394,0,0,0,187,0,0,0
68,95,3,2855.16769794189,1268.3617710721,0,0,0,156,0,0,0
68,95,4,3216.7303705446,1661.51258298976,0,0,0,209,0,0,0
68,95,5,5147.77817257895,2087.90638428218,0,0,0,170,0,0,0
68,95,6,6542.27194296921,4149.38800603659,0,0,0,142,0,0,0
68,95,7,23103.8141270439,10350.0813283795,37,0,0,194,0,0,1
68,95,8,0,8,0,0,0,0,0,0,0
68,96,1,3967.45352106631,1522.78003021221,0,0,0,75,0,0,0
68,96,2,3908.08249364886,835.818865135813,11,0,0,160,0,0,0
68,96,3,2859.3117864636,1609.4329865229,0,0,0,126,0,0,0
68,96,4,3252.07092209711,2157.71231036577,0,0,0,166,0,0,0
68,96,5,5197.80175535982,3595.30483606726,6,0,0,183,0,0,0
68,96,6,6679.31616831804,3568.83919049043,49,0,0,207,0,0,0
68,96,7,23200.2193894751,10374.1336019105,184,0,0,249,0,0,0
68,96,8,0,8,0,0,0,0,0,0,0
68,97,1,4009.10412836193,1717.38465532552,0,0,0,152,0,0,0
68,97,2,3890.64751034611,1912.69104449363,0,0,0,83,0,0,0
68,97,3,2875.64700331947,1288.47240318043,0,0,0,160,0,0,0
68,97,4,3304.27391492512,1355.53602972758,7,0,0,175,0,0,0
68,97,5,5285.45311101337,3046.4420821467,34,0,0,159,0,0,0
68,97,6,6871.47449201531,1681.67317880588,22,0,0,229,0,0,0
68,97,7,23292.4210368138,15439.0378654776,140,0,0,193,0,0,5
68,97,8,0,8,0,0,0,0,0,0,0
68,98,1,4018.47870326942,1283.48796237193,0,0,0,165,0,0,0
68,98,2,3915.04860071345,1427.42067953682,0,0,0,191,0,0,0
68,98,3,2867.83905905647,1409.85281531955,0,0,0,128,0,0,0
68,98,4,3306.51257131872,468.38985226555,0,0,0,135,0,0,0
68,98,5,5313.89548884687,1595.73626688475,0,3,0,197,0,0,0
68,98,6,6944.74711495847,2305.38247830685,0,0,0,168,0,0,0
68,98,7,23352.3994241983,10136.3454541252,2,37,0,211,0,0,0
68,98,8,0,8,0,0,0,0,0,0,0
68,99,1,3989.10132248147,1104.19306332793,0,76,0,52,0,0,0
68,99,2,3887.83437003669,2693.61744133506,0,59,0,83,0,0,0
68,99,3,2846.61026530664,1397.29224478739,0,58,0,82,0,0,0
68,99,4,3272.35741815923,1227.32046125859,0,32,0,14,0,0,0
68,99,5,5325.59934374943,1540.0194378634,0,83,0,76,0,0,0
68,99,6,6986.90325499928,2417.60730256273,0,121,0,109,0,0,0
68,99,7,23478.6555539121,7428.2951331987,6,263,0,261,0,0,0
68,99,8,0,8,0,0,0,0,0,0,0
68,100,1,4024.15288997061,1597.85539877869,0,0,0,110,0,0,0
68,100,2,4023.89872207498,1553.59543347168,0,0,0,266,0,0,0
68,100,3,2859.16884367175,1149.13648856607,0,0,0,139,0,0,0
68,100,4,3299.25929199888,1102.84486303595,0,0,0,122,0,0,0
68,100,5,5427.91521455114,2065.20860821817,0,0,0,154,0,0,0
68,100,6,7203.49437765151,2623.06757616114,2,0,0,197,0,0,0
68,100,7,23616.1564012206,6963.65530067253,30,0,0,186,0,0,0
68,100,8,0,8,0,0,0,0,0,0,0
69,1,1,2908.272,1422.07616566936,0,0,0,50,0,0,0
69,1,2,2897.6256,970.823583705524,0,0,0,5,0,0,0
69,1,3,2906.552,601.399330870421,0,0,0,36,0,0,0
69,1,4,2924.6544,774.454094808097,0,0,0,99,0,0,0
69,1,5,2908.088,1345.62314249415,0,0,0,93,0,0,0
69,1,6,2896.6192,1487.42462033502,0,0,0,2,0,0,0
69,1,7,19524.5693951999,9320.18635021315,0,0,0,94,0,0,0
69,1,8,0,2,0,0,0,84,0,0,0
69,2,1,2920.9344,1495.51796310212,0,0,0,142,0,0,0
69,2,2,2901.5856,1641.95805607642,0,0,0,97,0,0,0
69,2,3,2907.264,995.511564209536,0,0,0,60,0,0,0
69,2,4,2926.0064,1069.39881055381,0,0,0,77,0,0,0
69,2,5,2918.12672,808.484022613937,0,0,0,134,0,0,0
69,2,6,2912.1152,1186.30242407447,0,0,0,148,0,0,0
69,2,7,19482.2573951999,7990.91505921695,9,12,0,224,0,0,0
69,2,8,0,2,0,0,0,0,0,0,0
69,3,1,2938.48799999999,991.697253847074,0,0,0,149,0,0,0
69,3,2,2919.83359999999,1563.38356230746,0,0,0,164,0,0,0
69,3,3,2912.9552,919.930498505861,0,0,0,99,0,0,0
69,3,4,2929.89632,743.643164333849,0,0,0,106,0,0,0
69,3,5,2917.72672,1716.97916090588,0,0,0,80,0,0,0
69,3,6,2923.14688,1480.40655229795,0,0,0,118,0,0,0
69,3,7,19434.8682751998,9567.84941608403,33,0,0,211,0,0,0
69,3,8,0,2,0,0,0,0,0,0,0
69,4,1,2946.0176,1035.2108831517,0,0,0,99,0,0,0
69,4,2,2941.86976,1014.53824383136,0,0,0,156,0,0,0
69,4,3,2916.2752,1095.75545133682,0,0,0,91,0,0,0
69,4,4,2926.37024,491.963547996023,0,0,0,74,0,0,0
69,4,5,2941.84460800001,1352.95890350659,0,0,0,171,0,0,0
69,4,6,2943.49728,1199.73191806794,0,0,0,148,0,0,0
69,4,7,19394.8196991997,9350.3342791672,0,44,0,186,0,0,0
69,4,8,0,2,0,0,0,0,0,0,0
69,5,1,2936.2496,940.418263231434,0,78,0,25,0,0,0
69,5,2,2933.17344,2044.76550234513,0,49,0,52,0,0,0
69,5,3,2905.5632,2024.07482418842,0,48,0,61,0,0,0
69,5,4,2912.12544,1438.12836727558,0,18,0,31,0,0,0
69,5,5,2935.50708480001,1051.71709076585,0,82,0,53,0,0,0
69,5,6,2939.6224,1261.46711553118,0,61,0,58,0,0,0
69,5,7,19367.6961791997,7409.79328262232,4,255,0,305,0,0,0
69,5,8,0,2,0,0,0,0,0,0,0
69,6,1,2948.81792,1902.45326127647,0,0,0,94,0,0,0
69,6,2,2960.702144,1038.82061415564,0,0,0,198,0,0,0
69,6,3,2932.63232,1172.83613189751,0,0,0,202,0,0,0
69,6,4,2929.948864,1558.58223594066,0,0,0,143,0,0,0
69,6,5,2948.81268480001,866.191712654668,0,0,0,105,0,0,0
69,6,6,2960.9056,826.084284219065,0,0,0,126,0,0,0
69,6,7,19370.0945151996,3491.35237246381,28,0,0,201,0,0,0
69,6,8,0,2,0,0,0,0,0,0,0
69,7,1,2968.27232,964.640515835046,12,0,0,148,0,0,0
69,7,2,2971.111744,955.537940208009,0,0,0,103,0,0,0
69,7,3,2942.48512,882.543819113145,0,0,0,117,0,0,0
69,7,4,2948.046464,1386.51889901002,0,0,0,155,0,0,0
69,7,5,2958.36462080001,1361.11804782755,0,0,0,86,0,0,0
69,7,6,2969.33152,1770.19856408634,0,0,0,82,0,0,0
69,7,7,19361.6644351996,7056.03185006918,55,0,0,162,0,0,0
69,7,8,0,2,0,0,0,0,0,0,0
69,8,1,2975.70752,1551.61135503121,0,0,0,96,0,0,0
69,8,2,2977.893824,979.366623005126,0,0,0,95,0,0,0
69,8,3,2944.7392,1459.66212528625,0,0,0,88,0,0,0
69,8,4,2961.518464,1847.45716189908,0,0,0,138,0,0,0
69,8,5,2973.9361408,1704.31418856325,0,0,0,136,0,0,0
69,8,6,2996.19968,922.665685562815,0,0,0,177,0,0,0
69,8,7,19363.2305151996,7992.89530031185,34,0,0,206,0,0,0
69,8,8,0,2,0,0,0,0,0,0,0
69,9,1,2999.6928,590.831024488073,0,0,0,155,0,0,0
69,9,2,2983.50816,1196.44581585359,0,0,0,97,0,0,0
69,9,3,2962.45683200001,875.645845349502,0,0,0,145,0,0,0
69,9,4,2987.38048000001,538.941618285694,0,0,0,179,0,0,0
69,9,5,2995.92846080001,856.349431200065,0,0,0,170,0,0,0
69,9,6,3010.639104,1017.59051112878,0,0,0,92,0,0,0
69,9,7,19363.0337151995,9771.26786812809,35,0,0,200,0,0,0
69,9,8,0,2,0,0,0,0,0,0,0
69,10,1,2998.75168,1837.51456610924,0,0,0,59,0,0,0
69,10,2,2993.05376,943.499301922185,0,0,0,119,0,0,0
69,10,3,2960.20748800001,696.591853251852,0,0,0,87,0,0,0
69,10,4,2982.78630400001,1106.59667030737,0,0,0,53,0,0,0
69,10,5,2998.92558080001,1174.10130753559,0,0,0,85,0,0,0
69,10,6,3020.423488,1470.58997059986,0,0,0,101,0,0,0
69,10,7,19356.1373183995,10845.2700930939,28,0,0,203,0,0,0
69,10,8,0,2,0,0,0,0,0,0,0
69,11,1,3021.78496,790.35835573706,0,0,0,183,0,0,0
69,11,2,2992.77696000001,1161.82774563556,0,0,0,94,0,0,0
69,11,3,2955.30380800001,1023.25909262513,0,0,0,69,0,0,0
69,11,4,2988.35109120001,1302.27272683656,0,0,0,110,0,0,0
69,11,5,3009.31343360001,423.413369694103,0,0,0,117,0,0,0
69,11,6,3038.598848,1014.53865619017,0,0,0,147,0,0,0
69,11,7,19349.8570623995,11763.3796714574,29,0,0,217,0,0,0
69,11,8,0,2,0,0,0,0,0,0,0
69,12,1,3022.454336,993.952835552551,0,0,0,79,0,0,0
69,12,2,2998.3353088,626.157293222191,0,0,0,116,0,0,0
69,12,3,2955.94643200001,1460.87156526804,0,0,0,102,0,0,0
69,12,4,2996.48522240001,461.263686031063,0,0,0,130,0,0,0
69,12,5,3002.40929280001,824.260854892017,0,0,0,42,0,0,0
69,12,6,3049.183872,1142.29700737522,0,0,0,101,0,0,0
69,12,7,19337.8801023995,8921.22454772987,30,2,0,214,0,0,0
69,12,8,0,2,0,0,0,0,0,0,0
69,13,1,3028.33433600001,1994.65069427763,0,0,0,99,0,0,0
69,13,2,2992.80262656,1201.24738092104,0,0,0,62,0,0,0
69,13,3,2965.52595200001,833.806255391954,0,0,0,146,0,0,0
69,13,4,2985.82730240001,1552.62829324912,0,0,0,46,0,0,0
69,13,5,3005.78433280001,752.322793339289,0,0,0,82,0,0,0
69,13,6,3063.3904768,568.391285088929,0,0,0,114,0,0,0
69,13,7,19333.4855423994,5614.14990013078,192,0,0,235,0,0,0
69,13,8,0,2,0,0,0,0,0,0,0
69,14,1,3032.36779520001,755.745520802594,35,0,0,129,0,0,0
69,14,2,2998.63277056,828.874859505513,0,0,0,120,0,0,0
69,14,3,2958.25740800001,2013.85580073508,0,0,0,83,0,0,0
69,14,4,2998.46581760001,1480.5721114802,0,0,0,155,0,0,0
69,14,5,3002.83527680001,1452.25859500855,0,0,0,75,0,0,0
69,14,6,3058.8174208,834.400925588394,0,0,0,56,0,0,0
69,14,7,19333.1725951994,4277.04150659214,180,0,0,201,0,0,0
69,14,8,0,2,0,0,0,0,0,0,0
69,15,1,3018.57308416001,998.130031256698,0,34,0,41,0,0,0
69,15,2,2980.40814336,890.403000663981,0,38,0,44,0,0,0
69,15,3,2948.43436800001,1430.54056822984,0,112,0,89,0,0,0
69,15,4,2982.57329152001,1208.11152169346,0,70,0,78,0,0,0
69,15,5,2994.49647360001,823.929679127888,0,87,0,58,0,0,0
69,15,6,3050.315008,793.804722189821,0,40,0,43,0,0,0
69,15,7,19333.7421311994,5337.43320885281,0,209,0,218,0,0,0
69,15,8,0,2,0,0,0,0,0,0,0
69,16,1,3026.41479936001,1063.90143867171,0,0,0,99,0,0,0
69,16,2,2989.20455936001,1577.44217171584,0,0,0,89,0,0,0
69,16,3,2961.69854720001,1080.99587184266,0,0,0,143,0,0,0
69,16,4,2998.43800576001,979.609788554049,0,0,0,120,0,0,0
69,16,5,3002.13058304001,1804.899981549,0,0,0,82,0,0,0
69,16,6,3064.052608,2035.12668980102,0,0,0,79,0,0,0
69,16,7,19368.7098111994,12086.85236114,27,0,0,220,0,0,0
69,16,8,0,2,0,0,0,0,0,0,0
69,17,1,3036.03316736001,876.548483631747,0,0,0,106,0,0,0
69,17,2,3009.49586432001,379.030989481264,0,0,0,157,0,0,0
69,17,3,2971.69089280001,1269.56142490299,0,0,0,108,0,0,0
69,17,4,3009.02254028801,544.832086897195,0,0,0,97,0,0,0
69,17,5,3030.94187264001,1256.27200505441,0,0,0,180,0,0,0
69,17,6,3103.73167104001,1542.32000876622,0,0,0,203,0,0,0
69,17,7,19405.7992703994,6809.49008411869,28,0,0,241,0,0,0
69,17,8,0,2,0,0,0,0,0,0,0
69,18,1,3046.73075148801,974.861950256358,0,0,0,87,0,0,0
69,18,2,3003.67722752001,717.315482937916,1,0,0,36,0,0,0
69,18,3,2984.87229644801,892.067351900935,0,0,0,126,0,0,0
69,18,4,3008.71816652801,1583.7775427374,0,0,0,54,0,0,0
69,18,5,3056.32262912001,1172.99214699534,0,0,0,125,0,0,0
69,18,6,3138.15962316801,1333.25302723395,1,0,0,151,0,0,0
69,18,7,19453.2754585593,6444.15652232912,255,0,0,239,0,0,1
69,18,8,0,2,0,0,0,0,0,0,0
69,19,1,3049.22052044802,428.497914936235,0,0,0,97,0,0,0
69,19,2,3001.69206947841,1412.41341475761,0,0,0,71,0,0,0
69,19,3,2985.07454668802,1530.5507543342,0,0,0,89,0,0,0
69,19,4,3019.97662976001,1324.82867898688,8,0,0,146,0,0,0
69,19,5,3068.45376512001,960.984646928137,0,0,0,117,0,0,0
69,19,6,3163.002579968,2285.61233224743,0,0,0,133,0,0,0
69,19,7,19488.3006233593,5254.36610442882,175,2,0,180,0,0,2
69,19,8,0,2,0,0,0,0,0,0,0
69,20,1,3035.98038220802,1497.4779220506,0,0,0,42,0,0,0
69,20,2,3014.24987607041,1153.98733857229,0,0,0,141,0,0,0
69,20,3,2996.42682255362,1091.21148404675,0,0,0,153,0,0,0
69,20,4,3031.42958786561,1702.1766264538,0,0,0,132,0,0,0
69,20,5,3078.20688128001,1668.44007402726,0,0,0,96,0,0,0
69,20,6,3195.74565120001,1435.58248425908,35,0,0,158,0,0,0
69,20,7,19525.6876441592,11472.0015140961,167,0,0,191,0,0,0
69,20,8,0,2,0,0,0,0,0,0,0
69,21,1,3042.18218700802,1604.62141704253,0,0,0,149,0,0,0
69,21,2,3009.45062359041,1270.96330465857,0,0,0,115,0,0,0
69,21,3,2987.89524879362,1448.56619741206,0,0,0,109,0,0,0
69,21,4,3042.22217205761,1388.62269013741,0,0,0,170,0,0,0
69,21,5,3097.01109248001,873.577172555355,0,0,0,166,0,0,0
69,21,6,3220.73848320001,1622.05782021275,0,0,0,143,0,0,0
69,21,7,19558.1096601593,7233.5526140556,43,0,0,200,0,0,0
69,21,8,0,2,0,0,0,0,0,0,0
69,22,1,3051.38138112002,423.764018514507,0,0,0,160,0,0,0
69,22,2,3010.37359319041,1133.74459084397,0,0,0,127,0,0,0
69,22,3,2989.20601180162,1297.7011312327,0,0,0,144,0,0,0
69,22,4,3052.53432360961,927.990786366304,0,0,0,138,0,0,0
69,22,5,3097.80638464001,1746.45338619432,0,0,0,87,0,0,0
69,22,6,3249.74869760001,1114.00229502408,9,0,0,143,0,0,0
69,22,7,19610.5962393592,4652.04201010627,211,0,0,262,0,0,15
69,22,8,0,2,0,0,0,0,0,0,0
69,23,1,3030.36190103554,703.931295787711,0,0,0,42,0,0,0
69,23,2,2999.39953172481,917.965851713856,0,0,0,113,0,0,0
69,23,3,2985.37098076162,886.495851742308,0,0,0,129,0,0,0
69,23,4,3044.46773288961,1283.21256550309,0,0,0,92,0,0,0
69,23,5,3107.59615334401,1378.08713840703,18,0,0,135,0,0,0
69,23,6,3264.57339699201,1291.55906988057,0,0,0,111,0,0,0
69,23,7,19636.2787993592,8478.35500556521,142,0,0,152,0,0,0
69,23,8,0,2,0,0,0,0,0,0,0
69,24,1,3012.13488783362,1669.85794224766,0,0,0,70,0,0,0
69,24,2,2985.35031130523,1687.60939862793,0,0,0,91,0,0,0
69,24,3,2967.95436892162,1290.59201975699,0,0,0,88,0,0,0
69,24,4,3045.82404904962,1116.92184236655,0,0,0,128,0,0,0
69,24,5,3119.15349913601,1145.25055189449,0,0,0,137,0,0,0
69,24,6,3285.39023155201,1099.52900931977,0,0,0,129,0,0,0
69,24,7,19676.2299315192,13445.3888358746,46,0,0,187,0,0,0
69,24,8,0,2,0,0,0,0,0,0,0
69,25,1,3016.72669524871,888.391253481692,0,0,0,166,0,0,0
69,25,2,2986.83173697619,1441.55987776137,0,0,0,166,0,0,0
69,25,3,2958.26522460162,1071.67645113802,0,0,0,129,0,0,0
69,25,4,3043.57457448962,1969.96791377359,0,0,0,111,0,0,0
69,25,5,3123.78199961601,1061.19011214403,0,0,0,114,0,0,0
69,25,6,3294.92853555201,854.060824700555,0,0,0,109,0,0,0
69,25,7,19708.7205555192,9040.91130660503,34,0,0,229,0,0,0
69,25,8,0,2,0,0,0,0,0,0,0
69,26,1,2990.11088622471,873.716728562193,0,51,0,37,0,0,0
69,26,2,2972.57924069459,688.049653768078,0,76,0,68,0,0,0
69,26,3,2941.44974376962,1265.13269017498,0,48,0,59,0,0,0
69,26,4,3039.51923814402,1944.39624189077,0,97,0,99,0,0,0
69,26,5,3115.44731494401,934.988337571259,0,46,0,60,0,0,0
69,26,6,3293.58821171201,716.267415394573,0,41,0,44,0,0,0
69,26,7,19767.3028915192,11690.3625104904,5,275,0,293,0,0,0
69,26,8,0,2,0,0,0,0,0,0,0
69,27,1,2987.88470059911,2460.57081082289,0,0,0,87,0,0,0
69,27,2,2959.68461541459,1191.5737988381,0,0,0,68,0,0,0
69,27,3,2951.38364825602,727.60386829224,0,0,0,126,0,0,0
69,27,4,3067.15289638914,1836.97401885763,0,0,0,194,0,0,0
69,27,5,3122.17953894401,1326.12184359267,0,0,0,93,0,0,0
69,27,6,3304.22583091201,1181.69491382222,0,0,0,71,0,0,0
69,27,7,19803.2845260792,8803.41071740425,28,0,0,238,0,0,0
69,27,8,0,2,0,0,0,0,0,0,0
69,28,1,3020.19502474217,1145.24122248539,1,0,0,201,0,0,0
69,28,2,2966.55207090259,441.16077141549,0,0,0,119,0,0,0
69,28,3,2949.82163216386,1328.37444139739,0,0,0,72,0,0,0
69,28,4,3101.37029279746,1585.16541669923,0,0,0,183,0,0,0
69,28,5,3156.19045613569,1008.52391069861,0,0,0,132,0,0,0
69,28,6,3339.84580820993,1763.74655615389,0,0,0,118,0,0,0
69,28,7,19854.9830819832,12111.7547845159,26,0,0,212,0,0,0
69,28,8,0,2,0,0,0,0,0,0,0
69,29,1,3028.80787444943,896.052976854478,0,0,0,114,0,0,0
69,29,2,2951.57247799379,768.865773267962,0,0,0,44,0,0,0
69,29,3,2960.69930156443,2025.63160197599,0,0,0,132,0,0,0
69,29,4,3125.0484890788,1496.20477079741,0,0,0,158,0,0,0
69,29,5,3169.5289393357,587.218588204686,0,0,0,100,0,0,0
69,29,6,3382.00574543873,879.106614137275,0,0,0,175,0,0,0
69,29,7,19897.6456913911,6240.11109799005,28,0,0,244,0,0,2
69,29,8,0,2,0,0,0,0,0,0,0
69,30,1,3031.74425428379,1627.20886290036,0,0,0,89,0,0,0
69,30,2,2943.98064331166,1357.46732708446,0,0,0,76,0,0,0
69,30,3,2982.05955532064,1421.78361628695,5,0,0,181,0,0,0
69,30,4,3147.2803386491,1053.64931245562,0,0,0,149,0,0,0
69,30,5,3169.21265510811,639.832830975575,0,0,0,58,0,0,0
69,30,6,3400.66576207873,1168.49979749883,0,0,0,87,0,0,0
69,30,7,19945.2724439031,10821.189800061,97,0,0,236,0,0,0
69,30,8,0,2,0,0,0,0,0,0,0
69,31,1,3039.08449243547,1720.33245670701,0,0,0,162,0,0,0
69,31,2,2943.71041288607,1407.9669895074,0,0,0,135,0,0,0
69,31,3,2984.84334508263,1802.83269358654,0,0,0,142,0,0,0
69,31,4,3152.2499166331,1336.23533292209,0,0,0,105,0,0,0
69,31,5,3167.03085722011,2102.48044911256,0,0,0,63,0,0,0
69,31,6,3418.53057941505,997.771060128117,0,0,0,116,0,0,0
69,31,7,19963.2368599031,9284.25938868188,45,0,0,182,0,0,0
69,31,8,0,2,0,0,0,0,0,0,0
69,32,1,3055.2993698382,802.046181532423,0,0,0,172,0,0,0
69,32,2,2954.72273015198,471.369253633781,0,0,0,140,0,0,0
69,32,3,3004.82053586765,818.045970644145,0,0,0,179,0,0,0
69,32,4,3163.41417661236,1115.15236060005,0,0,0,133,0,0,0
69,32,5,3204.97305603278,2079.15872740706,1,0,0,192,0,0,0
69,32,6,3438.09077356545,813.801291338588,0,0,0,99,0,0,0
69,32,7,20008.1273305079,8911.35222549114,70,0,0,219,0,0,0
69,32,8,0,2,0,0,0,0,0,0,0
69,33,1,3044.31802558219,1338.17119127909,0,0,0,80,0,0,0
69,33,2,2933.42209696158,1226.09448914594,0,0,0,47,0,0,0
69,33,3,2993.24359839565,1540.17659129084,0,0,0,81,0,0,0
69,33,4,3169.76553836119,604.87114358464,0,0,0,111,0,0,0
69,33,5,3231.27443016911,2203.459211422,7,0,0,184,0,0,0
69,33,6,3448.63309932545,763.478386816321,0,0,0,81,0,0,0
69,33,7,20043.9636256758,12503.6145371018,202,0,0,208,0,0,1
69,33,8,0,2,0,0,0,0,0,0,0
69,34,1,3042.01554018059,1083.95515926213,0,0,0,133,0,0,0
69,34,2,2920.13881048207,1746.38423789636,0,0,0,122,0,0,0
69,34,3,2993.36938623944,378.071033252184,0,0,0,154,0,0,0
69,34,4,3158.2822851132,1354.53294777761,0,0,0,60,0,0,0
69,34,5,3252.71934722869,1709.44452069162,2,0,0,178,0,0,0
69,34,6,3453.78279993345,1060.30069952611,0,0,0,76,0,0,0
69,34,7,20067.2557216758,5693.19033036501,67,0,0,207,0,0,0
69,34,8,0,2,0,0,0,0,0,0,0
69,35,1,3024.51815005783,1649.78528619912,0,54,0,54,0,0,0
69,35,2,2905.50225249423,1431.84217774406,0,92,0,82,0,0,0
69,35,3,2957.78455094216,1306.52651131003,0,19,0,18,0,0,0
69,35,4,3145.66412158732,1340.72725251018,0,82,0,53,0,0,0
69,35,5,3249.77176988469,1082.60108000691,0,103,0,67,0,0,0
69,35,6,3455.24588345345,1390.55569361334,0,53,0,53,0,0,0
69,35,7,20133.771572776,5892.49248004017,0,296,0,273,0,0,0
69,35,8,0,2,0,0,0,0,0,0,0
69,36,1,3057.88947797556,418.197689314156,0,0,0,164,0,0,0
69,36,2,2920.1766036351,723.361377154525,0,0,0,143,0,0,0
69,36,3,2973.31515726792,1182.90122009878,0,0,0,130,0,0,0
69,36,4,3165.98174711974,1024.44897933797,0,0,0,134,0,0,0
69,36,5,3276.81961790261,1832.59825162024,0,0,0,108,0,0,0
69,36,6,3500.26691010151,756.646254261303,0,0,0,139,0,0,0
69,36,7,20189.263259688,8816.6289907063,35,0,0,194,0,0,0
69,36,8,0,2,0,0,0,0,0,0,0
69,37,1,3047.45478118963,669.355484120797,0,0,0,41,0,0,0
69,37,2,2907.86596485877,1516.6508003269,0,0,0,72,0,0,0
69,37,3,2978.98896550856,1005.76926310799,0,0,0,118,0,0,0
69,37,4,3171.62984214694,1588.5692371432,0,0,0,102,0,0,0
69,37,5,3311.66850233141,883.874933944797,0,0,0,182,0,0,0
69,37,6,3520.94956625512,1540.08510492063,0,0,0,75,0,0,0
69,37,7,20254.7227707013,6012.73329922815,25,0,0,309,0,0,0
69,37,8,0,2,0,0,0,0,0,0,0
69,38,1,3040.09545713203,691.750574898088,0,0,0,66,0,0,0
69,38,2,2912.45919635804,1234.37592240984,1,0,0,148,0,0,0
69,38,3,2978.23031338419,816.533068025464,0,0,0,100,0,0,0
69,38,4,3180.22862320499,699.501987573856,12,0,0,128,0,0,0
69,38,5,3320.26851022031,984.71723064725,0,0,0,88,0,0,0
69,38,6,3546.75985428072,1593.74910135328,10,0,0,128,0,0,0
69,38,7,20272.7690375814,10967.529568616,157,0,0,169,0,0,0
69,38,8,0,2,0,0,0,0,0,0,0
69,39,1,3033.07074557491,1523.42215872526,0,0,0,69,0,0,0
69,39,2,2914.58627477852,1674.5886728815,0,0,0,123,0,0,0
69,39,3,2970.8123531115,1576.43934229265,0,0,0,81,0,0,0
69,39,4,3175.5794490428,456.388427513336,0,0,0,69,0,0,0
69,39,5,3330.18204390197,1221.99207666699,0,0,0,98,0,0,0
69,39,6,3581.11441735272,705.789823489427,0,0,0,159,0,0,0
69,39,7,20311.472190599,4647.58331416106,50,0,0,184,0,0,0
69,39,8,0,2,0,0,0,0,0,0,0
69,40,1,3026.37728612111,1561.2962886163,37,0,0,104,0,0,0
69,40,2,2914.39218930012,1323.15147508756,33,0,0,124,0,0,0
69,40,3,2973.49918770332,1671.58237809831,31,0,0,117,0,0,0
69,40,4,3166.21210637777,1013.71698287935,2,0,0,43,0,0,0
69,40,5,3337.48586470197,1491.44652960225,17,0,0,100,0,0,0
69,40,6,3591.81666496104,2161.9140160187,1,0,0,69,0,0,0
69,40,7,20347.714417799,11193.4146646417,202,0,0,202,0,0,0
69,40,8,0,2,0,0,0,0,0,0,0
69,41,1,3040.68721851274,1263.90431111673,0,0,0,156,0,0,0
69,41,2,2919.98912802361,1021.91006684549,0,0,0,132,0,0,0
69,41,3,2985.45853811586,872.174385239324,0,0,0,167,0,0,0
69,41,4,3164.38480969579,1327.78486543471,0,0,0,101,0,0,0
69,41,5,3351.44369505569,2293.87395774537,0,0,0,149,0,0,0
69,41,6,3632.93968222947,1789.28664832101,1,0,0,189,0,0,0
69,41,7,20396.0819744069,7373.661731748,38,0,0,251,0,0,0
69,41,8,0,2,0,0,0,0,0,0,0
69,42,1,3055.00269759452,1212.30568028564,0,0,0,126,0,0,0
69,42,2,2917.43720421661,1556.79067188657,0,0,0,102,0,0,0
69,42,3,2985.21750200645,993.433196953634,0,0,0,87,0,0,0
69,42,4,3175.79106940615,1079.04645112401,0,0,0,132,0,0,0
69,42,5,3386.59788084201,1107.06929267786,12,0,0,184,0,0,0
69,42,6,3673.30052115499,2210.67605015439,4,0,0,161,0,0,0
69,42,7,20448.4951855839,7474.76584322534,148,0,0,189,0,0,0
69,42,8,0,2,0,0,0,0,0,0,0
69,43,1,3076.82196224058,1378.44308199357,0,0,0,121,0,0,0
69,43,2,2938.2752991178,1589.20140413682,0,0,0,155,0,0,0
69,43,3,2985.74904490683,1542.87125712066,0,0,0,99,0,0,0
69,43,4,3190.89377562972,2247.99076135518,0,0,0,107,0,0,0
69,43,5,3406.90714684282,1206.88793552751,0,0,0,110,0,0,0
69,43,6,3733.35255654444,1559.42816358173,11,0,0,180,0,0,0
69,43,7,20534.78130576,5013.03158663088,144,0,0,242,0,0,0
69,43,8,0,2,0,0,0,0,0,0,0
69,44,1,3078.3065865923,1396.0849757711,6,0,0,126,0,0,0
69,44,2,2947.07623465226,1651.46754703318,9,0,0,141,0,0,0
69,44,3,3001.01742144871,577.509595476236,1,0,0,152,0,0,0
69,44,4,3207.14155999631,1105.85367233302,37,0,0,153,0,0,0
69,44,5,3418.0469882969,922.457250804996,0,0,0,120,0,0,0
69,44,6,3769.78868371909,622.245257007036,8,0,0,140,0,0,0
69,44,7,20587.776020896,4530.007837401,154,0,0,208,0,0,0
69,44,8,0,2,0,0,0,0,0,0,0
69,45,1,3067.32115387426,2141.7803700916,40,0,0,87,0,0,0
69,45,2,2937.87516350403,967.455257987339,46,0,0,105,0,0,0
69,45,3,2983.75437347363,1605.48128105083,0,0,0,57,0,0,0
69,45,4,3200.91101069301,733.476362826914,0,0,0,110,0,0,0
69,45,5,3416.51166836781,1890.97209528764,0,0,0,92,0,0,0
69,45,6,3766.4149182878,957.489997220261,0,0,0,62,0,0,0
69,45,7,20624.385892256,8255.08342242532,183,0,0,215,0,0,0
69,45,8,0,2,0,0,0,0,0,0,0
69,46,1,3096.82832159117,995.033835600425,0,0,0,214,0,0,0
69,46,2,2932.15067399408,961.328027301601,0,0,0,96,0,0,0
69,46,3,2987.38996888839,865.264763267578,0,0,0,160,0,0,0
69,46,4,3187.49138748459,1109.67564067097,0,0,0,73,0,0,0
69,46,5,3453.50122511826,1470.20622155425,0,0,0,169,0,0,0
69,46,6,3785.88307432535,654.085347802088,0,0,0,95,0,0,0
69,46,7,20711.1551272859,9936.99401095734,0,27,0,271,0,0,0
69,46,8,0,2,0,0,0,0,0,0,0
69,47,1,3083.71854266768,1817.59042608304,0,51,0,48,0,0,0
69,47,2,2911.92514395541,1744.59537873429,0,51,0,45,0,0,0
69,47,3,2963.12111008873,1861.3407230199,0,42,0,44,0,0,0
69,47,4,3163.89031169297,838.817457344692,0,54,0,56,0,0,0
69,47,5,3448.24906884152,1513.68338482441,0,72,0,75,0,0,0
69,47,6,3788.14150084021,1165.91932879392,0,19,0,46,0,0,0
69,47,7,20770.5860338528,5747.82144243716,9,170,0,182,0,0,0
69,47,8,0,2,0,0,0,0,0,0,0
69,48,1,3115.00020057351,1502.22435614884,0,0,0,181,0,0,0
69,48,2,2934.96006775219,1194.24337911269,0,0,0,174,0,0,0
69,48,3,2996.18828063941,1096.56609359332,0,0,0,186,0,0,0
69,48,4,3171.73493811851,1375.81239698515,0,0,0,83,0,0,0
69,48,5,3482.15599165536,1083.05581993055,0,0,0,151,0,0,0
69,48,6,3824.1898920962,1182.68749328345,0,0,0,116,0,0,0
69,48,7,20826.6342476435,8343.57545848209,34,0,0,186,0,0,0
69,48,8,0,2,0,0,0,0,0,0,0
69,49,1,3159.72287817257,1570.18137959628,0,0,0,150,0,0,0
69,49,2,2953.69419979623,1438.0882031253,0,0,0,119,0,0,0
69,49,3,3013.41320983189,1065.13321897759,0,0,0,109,0,0,0
69,49,4,3198.27353276615,2034.72892889041,0,0,0,137,0,0,0
69,49,5,3525.54573807876,1040.997410574,0,0,0,108,0,0,0
69,49,6,3883.50919150933,1771.82451474426,0,0,0,118,0,0,0
69,49,7,20945.2655075507,5274.76087064684,27,0,0,217,0,0,2
69,49,8,0,2,0,0,0,0,0,0,0
69,50,1,3172.33245896876,1327.83502965548,11,0,0,136,0,0,0
69,50,2,2970.70287435304,718.561995408356,2,0,0,140,0,0,0
69,50,3,3015.59348180784,1274.85509672726,0,0,0,106,0,0,0
69,50,4,3222.21638383261,1433.38134176735,14,0,0,175,0,0,0
69,50,5,3538.96324015981,1743.37279195626,0,0,0,104,0,0,0
69,50,6,3923.65953475081,1472.24365987797,4,0,0,169,0,0,0
69,50,7,20983.5324187827,7314.12368590222,176,0,0,193,0,0,0
69,50,8,0,2,0,0,0,0,0,0,0
69,51,1,3204.33022049096,808.516731410246,0,0,0,132,0,0,0
69,51,2,2965.82176622727,1940.94796301644,0,0,0,71,0,0,0
69,51,3,3037.6816323359,1596.61218761512,0,0,0,127,0,0,0
69,51,4,3242.44278401132,1048.99796409693,0,0,0,143,0,0,0
69,51,5,3588.19055625035,892.958152756002,0,0,0,174,0,0,0
69,51,6,3969.41836130759,2302.95785719883,0,0,0,147,0,0,0
69,51,7,21033.7770526899,10225.2373083944,73,0,0,163,0,0,0
69,51,8,0,2,0,0,0,0,0,0,0
69,52,1,3206.71429846553,1516.54408891303,0,0,0,80,0,0,0
69,52,2,2982.03955472741,1538.67546447229,0,0,0,165,0,0,0
69,52,3,3046.47127386209,1543.33916222097,0,0,0,159,0,0,0
69,52,4,3239.63880102963,1841.6576517144,0,0,0,104,0,0,0
69,52,5,3595.39843746235,1295.17073206819,0,0,0,89,0,0,0
69,52,6,4024.45728943407,1892.22177546972,2,0,0,186,0,0,0
69,52,7,21076.4658978626,8911.02180341011,44,0,0,191,0,0,0
69,52,8,0,2,0,0,0,0,0,0,0
69,53,1,3266.64306932748,1143.4247503905,0,0,0,151,0,0,0
69,53,2,3015.26494786809,1487.91692812686,0,0,0,153,0,0,0
69,53,3,3074.76106939535,798.026149797141,0,0,0,154,0,0,0
69,53,4,3287.49071510756,1178.33800512798,0,0,0,184,0,0,0
69,53,5,3653.28688973314,1192.81804204316,0,0,0,129,0,0,0
69,53,6,4129.90522722445,549.059480950598,0,0,0,189,0,0,0
69,53,7,21177.4310772557,7610.27882594382,89,0,0,185,0,0,0
69,53,8,0,2,0,0,0,0,0,0,0
69,54,1,3271.88969701452,881.656787634894,10,0,0,98,0,0,0
69,54,2,3037.3222637781,1609.10499093883,0,0,0,148,0,0,0
69,54,3,3065.06437507721,1356.78586815755,0,0,0,79,0,0,0
69,54,4,3305.25600427482,1217.63301963029,1,0,0,116,0,0,0
69,54,5,3684.93890376426,1291.03343686979,0,0,0,119,0,0,0
69,54,6,4154.26164430255,1297.59215890843,0,0,0,54,0,0,0
69,54,7,21260.6498163628,8730.27023943734,218,2,0,197,0,0,12
69,54,8,0,2,0,0,0,0,0,0,0
69,55,1,3270.51268630096,966.900146166536,0,0,0,88,0,0,0
69,55,2,3053.45912926163,1066.74670736588,0,0,0,160,0,0,0
69,55,3,3066.35632872744,715.795996495659,0,0,0,135,0,0,0
69,55,4,3303.89016199037,1235.73590633664,0,0,0,121,0,0,0
69,55,5,3707.55198596067,743.16726890961,0,0,0,129,0,0,0
69,55,6,4192.05499932008,2167.56762114908,0,0,0,129,0,0,0
69,55,7,21321.3012424546,9301.41457681409,107,0,0,202,0,0,0
69,55,8,0,2,0,0,0,0,0,0,0
69,56,1,3260.50004351378,1272.87409921475,0,0,0,96,0,0,0
69,56,2,3047.94071874776,1183.20197613576,0,0,0,106,0,0,0
69,56,3,3053.17349813331,1051.53976169984,0,0,0,71,0,0,0
69,56,4,3305.74731266739,1313.44487898892,0,0,0,123,0,0,0
69,56,5,3709.37995865774,1356.23055147086,0,0,0,74,0,0,0
69,56,6,4255.47071864219,1092.76832898861,0,0,0,207,0,0,0
69,56,7,21405.0356932771,9319.1176191694,0,34,0,254,0,0,0
69,56,8,0,2,0,0,0,0,0,0,0
69,57,1,3294.66902345119,1300.54969171107,0,6,0,120,0,0,0
69,57,2,3049.90558832169,1482.15992914888,0,5,0,112,0,0,0
69,57,3,3036.34501007663,1108.07791079813,0,17,0,84,0,0,0
69,57,4,3343.09180519292,823.787022961679,0,0,0,131,0,0,0
69,57,5,3753.94027015475,1366.40290785841,0,28,0,102,0,0,0
69,57,6,4327.80414134535,1510.66496867278,0,0,0,109,0,0,0
69,57,7,21537.0351579315,11599.9544849287,5,183,0,201,0,0,5
69,57,8,0,2,0,0,0,0,0,0,0
69,58,1,3289.70493050313,1063.95481716042,0,0,0,130,0,0,0
69,58,2,3042.91129126557,793.294231979802,0,0,0,148,0,0,0
69,58,3,3023.93886426089,1466.00499787983,0,0,0,110,0,0,0
69,58,4,3338.83129637691,1158.29983172846,0,0,0,82,0,0,0
69,58,5,3777.81452335321,1553.87510974469,0,0,0,136,0,0,0
69,58,6,4353.70395185423,1769.10150078756,0,0,0,151,0,0,0
69,58,7,21595.4648496609,4361.57398260777,25,0,0,286,0,0,0
69,58,8,0,2,0,0,0,0,0,0,0
69,59,1,3268.85177982724,1556.45545941218,0,53,0,53,0,0,0
69,59,2,3015.50275832865,1713.69370897239,0,27,0,52,0,0,0
69,59,3,3006.10799927248,2394.18188113954,0,71,0,75,0,0,0
69,59,4,3326.20948949899,694.44658801522,0,51,0,64,0,0,0
69,59,5,3771.45611844431,360.485255406674,0,97,0,58,0,0,0
69,59,6,4365.78555310969,2044.16029468024,0,92,0,84,0,0,0
69,59,7,21634.2964140718,15789.4100494232,0,199,0,237,0,0,0
69,59,8,0,2,0,0,0,0,0,0,0
69,60,1,3278.06312676852,2414.03986207292,0,0,0,155,0,0,0
69,60,2,3022.90162103357,1685.2897575782,0,0,0,171,0,0,0
69,60,3,3028.8324437432,2110.52115652269,0,0,0,222,0,0,0
69,60,4,3323.02691193136,1218.17629164197,0,0,0,69,0,0,0
69,60,5,3771.9937975225,989.723110875452,0,0,0,36,0,0,0
69,60,6,4424.39896330293,1463.23001157769,0,0,0,204,0,0,0
69,60,7,21691.0239932283,13203.2154644276,22,5,0,272,0,0,0
69,60,8,0,2,0,0,0,0,0,0,0
69,61,1,3304.80727391538,1065.73750924247,1,0,0,210,0,0,0
69,61,2,3041.32710149018,568.56991411157,0,0,0,168,0,0,0
69,61,3,3048.52701580746,647.846210844434,0,0,0,201,0,0,0
69,61,4,3335.67940122334,703.738288360836,0,0,0,121,0,0,0
69,61,5,3803.38796696868,1281.81506796047,0,0,0,98,0,0,0
69,61,6,4471.23465549664,2104.22664518109,0,0,0,146,0,0,0
69,61,7,21737.3309131972,14815.2678251454,38,0,0,190,0,0,3
69,61,8,0,2,0,0,0,0,0,0,0
69,62,1,3297.74435387212,1799.37794838794,0,0,0,106,0,0,0
69,62,2,3027.94774981837,783.416938884475,0,0,0,56,0,0,0
69,62,3,3037.50405123712,2227.33481640418,0,0,0,64,0,0,0
69,62,4,3334.55316717459,300.383300195326,0,0,0,70,0,0,0
69,62,5,3828.37476661909,924.911794246853,0,0,0,128,0,0,0
69,62,6,4524.70015884581,1235.37580302058,0,0,0,202,0,0,0
69,62,7,21779.9387331985,3176.1177693115,31,0,0,250,0,0,0
69,62,8,0,2,0,0,0,0,0,0,0
69,63,1,3289.80411760016,1136.6793955487,102,0,0,77,0,0,0
69,63,2,3003.15756325929,888.453950656318,30,0,0,48,0,0,0
69,63,3,3039.48175927922,892.495967389952,105,0,0,117,0,0,0
69,63,4,3316.12609695708,769.781073591432,23,0,0,7,0,0,0
69,63,5,3828.15575650454,1305.56830261434,48,0,0,44,0,0,0
69,63,6,4536.21266926553,2420.68633599104,57,0,0,66,0,0,0
69,63,7,21822.2069452881,7325.05346118355,149,0,0,168,0,0,0
69,63,8,0,2,0,0,0,0,0,0,0
69,64,1,3304.96708772807,1139.24820741765,0,0,0,113,0,0,0
69,64,2,3010.57531680872,1831.52702568335,0,0,0,88,0,0,0
69,64,3,3041.29861837701,1352.71647125172,0,0,0,89,0,0,0
69,64,4,3335.27702035584,1091.59298270115,0,0,0,76,0,0,0
69,64,5,3893.42401360262,1123.32443439536,0,0,0,130,0,0,0
69,64,6,4604.82770462985,2165.60130888303,5,0,0,167,0,0,0
69,64,7,21878.9824778285,9577.28589101377,40,0,0,192,0,0,0
69,64,8,0,2,0,0,0,0,0,0,0
69,65,1,3323.26604364398,1735.71944836949,0,0,0,113,0,0,0
69,65,2,3039.54361926464,1740.64972911022,0,0,0,172,0,0,0
69,65,3,3061.38357060406,1079.2237618448,0,0,0,135,0,0,0
69,65,4,3359.79329447801,1615.666963622,0,0,0,109,0,0,0
69,65,5,3940.40346743855,1518.59432863531,0,0,0,112,0,0,0
69,65,6,4708.80102841636,1046.1973234746,0,0,0,212,0,0,0
69,65,7,21947.7550561171,13270.8416190478,28,0,0,235,0,0,0
69,65,8,0,2,0,0,0,0,0,0,0
69,66,1,3349.23540563864,1267.23820713612,0,0,0,173,0,0,0
69,66,2,3060.59924818779,1622.51669408888,0,0,0,174,0,0,0
69,66,3,3065.60396172093,1431.82428914627,0,0,0,107,0,0,0
69,66,4,3396.21583811978,970.999528117133,0,0,0,161,0,0,0
69,66,5,3983.68799294184,1595.45033037715,0,0,0,151,0,0,0
69,66,6,4736.27190888175,2856.4922143559,0,0,0,104,0,0,0
69,66,7,21969.6343142112,3502.85949538138,30,0,0,208,0,0,0
69,66,8,0,2,0,0,0,0,0,0,0
69,67,1,3351.40151340994,1987.4964059336,0,0,0,126,0,0,0
69,67,2,3072.5871186266,973.652837463277,0,0,0,162,0,0,0
69,67,3,3073.82818933638,1235.78314639131,0,0,0,143,0,0,0
69,67,4,3400.88613615624,859.574973956629,0,0,0,97,0,0,0
69,67,5,4010.9957736437,1587.52193182795,7,0,0,144,0,0,0
69,67,6,4773.75052303807,2043.96127212166,53,0,0,169,0,0,0
69,67,7,21966.8200547244,11664.7406913584,91,0,0,149,0,0,0
69,67,8,0,2,0,0,0,0,0,0,0
69,68,1,3375.15843304298,2059.71181120289,0,0,0,198,0,0,0
69,68,2,3073.77009044655,925.119450929219,0,0,0,97,0,0,0
69,68,3,3079.27190182608,1475.92351340781,0,0,0,123,0,0,0
69,68,4,3402.43482558387,1125.23463666067,0,0,0,85,0,0,0
69,68,5,4057.37779654806,1616.65971317583,0,0,0,158,0,0,0
69,68,6,4841.51894323666,1957.32126913199,1,0,0,176,0,0,0
69,68,7,21976.1207555424,9317.86498973473,33,0,0,200,0,0,0
69,68,8,0,2,0,0,0,0,0,0,0
69,69,1,3381.71676375936,768.498333507097,0,100,0,105,0,0,0
69,69,2,3053.87390290057,1049.36173364214,0,41,0,51,0,0,0
69,69,3,3070.11755759001,985.78781676092,0,63,0,84,0,0,0
69,69,4,3393.17114588991,1966.48654813908,0,59,0,53,0,0,0
69,69,5,4067.46623622335,1565.17045811635,0,84,0,77,0,0,0
69,69,6,4853.32994101054,1142.05332724352,0,102,0,93,0,0,0
69,69,7,22064.719620079,10640.5977654901,0,449,0,482,0,0,0
69,69,8,0,2,0,0,0,0,0,0,0
69,70,1,3387.07660176837,1436.48222040242,0,0,0,76,0,0,0
69,70,2,3061.34082975275,1080.54843497638,0,0,0,104,0,0,0
69,70,3,3078.87628560191,1461.24615586915,0,0,0,98,0,0,0
69,70,4,3439.43523871094,1264.6569193389,0,0,0,196,0,0,0
69,70,5,4111.37466840673,2417.5402394109,0,0,0,156,0,0,0
69,70,6,4895.0653452227,920.161390965174,0,0,0,114,0,0,0
69,70,7,22103.0841586304,13197.4622181226,25,1,0,180,0,0,0
69,70,8,0,2,0,0,0,0,0,0,0
69,71,1,3416.66008944515,1275.31623843029,0,0,0,143,0,0,0
69,71,2,3070.62428265737,1252.74553193433,0,0,0,108,0,0,0
69,71,3,3094.56338983528,1358.42764269382,0,0,0,146,0,0,0
69,71,4,3461.9586903889,559.860797828321,0,0,0,126,0,0,0
69,71,5,4171.44833520653,2028.0104657332,0,0,0,216,0,0,0
69,71,6,4924.23188164128,3053.46336651351,0,0,0,92,0,0,0
69,71,7,22161.1056688727,7232.07357707732,25,0,0,263,0,0,0
69,71,8,0,2,0,0,0,0,0,0,0
69,72,1,3438.42256855397,1400.08306577102,4,0,0,122,0,0,0
69,72,2,3100.28180824106,1197.30567893541,0,0,0,125,0,0,0
69,72,3,3119.13312457591,2175.22371703896,4,0,0,130,0,0,0
69,72,4,3465.43244136629,1307.42046645553,2,0,0,53,0,0,0
69,72,5,4215.75375081498,1596.42837401204,56,0,0,130,0,0,0
69,72,6,5014.45708767105,2582.79676565324,103,0,0,171,0,0,0
69,72,7,22260.4023230088,10214.6108669662,231,2,0,223,0,0,28
69,72,8,0,2,0,0,0,0,0,0,0
69,73,1,3470.44660969864,826.411611753098,0,0,0,140,0,0,0
69,73,2,3124.0212398493,1325.0526472282,0,0,0,119,0,0,0
69,73,3,3165.53137027023,613.898840311865,0,0,0,217,0,0,0
69,73,4,3503.07947600876,1021.62370212899,0,0,0,130,0,0,0
69,73,5,4296.21378609291,1392.90784334201,0,0,0,159,0,0,0
69,73,6,5124.73987186703,1936.64577872178,0,0,0,250,0,0,0
69,73,7,22340.9985024777,7855.87542523864,67,0,0,229,0,0,3
69,73,8,0,2,0,0,0,0,0,0,0
69,74,1,3484.65455648954,1010.94125766265,0,0,0,82,0,0,0
69,74,2,3153.58000862179,633.303806113767,0,0,0,132,0,0,0
69,74,3,3184.47551155633,1981.36616252889,0,0,0,61,0,0,0
69,74,4,3527.66909537618,1205.01171231463,0,0,0,102,0,0,0
69,74,5,4364.0057514792,2513.51298068981,0,0,0,139,0,0,0
69,74,6,5232.61375790795,1303.51107836677,8,0,0,175,0,0,0
69,74,7,22444.1365102724,9309.34076139093,242,0,0,193,0,0,13
69,74,8,0,2,0,0,0,0,0,0,0
69,75,1,3494.94882800664,1156.37157126908,0,0,0,101,0,0,0
69,75,2,3155.82385078975,765.101949473651,0,0,0,63,0,0,0
69,75,3,3217.81645770295,1146.18404285142,4,0,0,166,0,0,0
69,75,4,3542.35175512883,964.318298710284,0,0,0,120,0,0,0
69,75,5,4436.22109478167,2211.06101342492,12,0,0,167,0,0,0
69,75,6,5315.79986778286,1992.97864839914,0,0,0,130,0,0,0
69,75,7,22523.0431224315,9520.41350112086,115,0,0,177,0,0,0
69,75,8,0,2,0,0,0,0,0,0,0
69,76,1,3504.15293299129,1075.04076202835,0,0,0,115,0,0,0
69,76,2,3161.23581698445,978.617994430798,0,0,0,76,0,0,0
69,76,3,3242.51183525123,1056.75219744891,0,0,0,114,0,0,0
69,76,4,3563.14225889903,1609.18743550469,0,0,0,96,0,0,0
69,76,5,4503.76650633945,1794.47364271639,4,0,0,184,0,0,0
69,76,6,5452.64261691009,833.894297188133,2,0,0,177,0,0,2
69,76,7,22624.3776214451,10385.2445062264,108,0,0,180,0,0,0
69,76,8,0,2,0,0,0,0,0,0,0
69,77,1,3507.22967069832,2121.6375897894,0,0,0,107,0,0,0
69,77,2,3153.43746423079,1586.82103464748,0,0,0,97,0,0,0
69,77,3,3245.67537556264,1648.18359153419,0,0,0,105,0,0,0
69,77,4,3588.23330178886,1042.55087377428,0,0,0,160,0,0,0
69,77,5,4544.62979247217,2049.11115850397,0,0,0,179,0,0,0
69,77,6,5476.02101221943,1149.17730412327,0,0,0,83,0,0,0
69,77,7,22682.7870056195,10305.7006013507,100,0,0,203,0,0,0
69,77,8,0,2,0,0,0,0,0,0,0
69,78,1,3568.16434220193,1563.51307888335,3,0,0,188,0,0,0
69,78,2,3183.77798754759,954.045777463577,0,0,0,158,0,0,0
69,78,3,3267.04530032784,2088.5105701007,0,0,0,164,0,0,0
69,78,4,3591.43035064408,1342.56242095838,0,0,0,104,0,0,0
69,78,5,4619.20146232621,1381.78652144013,0,0,0,204,0,0,0
69,78,6,5528.74956002815,1785.50011839378,0,0,0,114,0,0,0
69,78,7,22742.8183817819,6674.24493079246,115,0,0,176,0,0,2
69,78,8,0,2,0,0,0,0,0,0,0
69,79,1,3589.60610392108,766.009268242401,30,0,0,108,0,0,0
69,79,2,3195.51783518076,1012.66477410066,0,0,0,95,0,0,0
69,79,3,3293.33953344754,861.361400784687,35,0,0,152,0,0,0
69,79,4,3627.21472127312,1880.91679791758,0,0,0,134,0,0,0
69,79,5,4694.3938231838,1171.84355790589,0,0,0,138,0,0,0
69,79,6,5591.63196095293,1193.54032622065,37,0,0,119,0,0,0
69,79,7,22870.222716506,3830.77246189569,159,2,0,231,0,0,2
69,79,8,0,2,0,0,0,0,0,0,0
69,80,1,3588.82041351575,867.380268379844,0,0,0,76,0,0,0
69,80,2,3198.13544702164,1499.86079717432,0,0,0,101,0,0,0
69,80,3,3299.79787957726,1526.72549944779,0,0,0,86,0,0,0
69,80,4,3652.35641941154,1176.34023134863,14,0,0,158,0,0,0
69,80,5,4719.69726617614,1556.63091626655,0,0,0,117,0,0,0
69,80,6,5645.90227488126,3669.19077937801,0,0,0,119,0,0,0
69,80,7,22911.7758301394,7954.02078843966,112,0,0,147,0,0,0
69,80,8,0,2,0,0,0,0,0,0,0
69,81,1,3595.74314178225,926.17003442729,0,0,0,86,0,0,0
69,81,2,3227.86277879113,1210.6332776919,0,0,0,149,0,0,0
69,81,3,3338.65004780254,1310.32490974308,0,0,0,152,0,0,0
69,81,4,3662.03899258695,1172.82407887818,0,0,0,117,0,0,0
69,81,5,4783.62775123797,1385.30084648758,0,0,0,155,0,0,0
69,81,6,5758.82532822607,1590.9210248724,11,0,0,181,0,0,0
69,81,7,23012.1831124573,8755.04656844602,37,0,0,214,0,0,0
69,81,8,0,2,0,0,0,0,0,0,0
69,82,1,3614.0532356254,1240.3174400118,0,0,0,92,0,0,0
69,82,2,3261.79635746202,1753.55748033699,0,0,0,121,0,0,0
69,82,3,3370.70460412168,1283.17652442955,0,0,0,131,0,0,0
69,82,4,3698.10527137104,1663.81607612395,0,0,0,117,0,0,0
69,82,5,4854.49541553906,1273.35163379055,0,0,0,138,0,0,0
69,82,6,5860.24205988901,1729.19505317962,0,0,0,159,0,0,0
69,82,7,23172.642905034,6322.52243668841,38,0,0,232,0,0,0
69,82,8,0,2,0,0,0,0,0,0,0
69,83,1,3701.38906976539,1890.71570214562,0,0,0,124,0,0,0
69,83,2,3324.36245513353,1228.28850575264,0,0,0,173,0,0,0
69,83,3,3397.15226925993,915.520302868956,0,0,0,128,0,0,0
69,83,4,3766.61338284529,1647.04528128294,5,0,0,157,0,0,0
69,83,5,4950.6822636225,2092.00554872609,0,0,0,127,0,0,0
69,83,6,6042.56560375124,3031.39362885218,8,0,0,158,0,0,0
69,83,7,23345.5179945337,5695.86088775263,226,0,0,192,0,0,3
69,83,8,0,2,0,0,0,0,0,0,0
69,84,1,3719.93744540156,970.696306589315,18,0,0,140,0,0,0
69,84,2,3336.75734499745,1560.46374436453,0,0,0,122,0,0,0
69,84,3,3407.89740662681,1039.16128943387,0,0,0,91,0,0,0
69,84,4,3802.34260239224,1784.0501120287,0,0,0,164,0,0,0
69,84,5,5019.20948627867,1621.22670727404,15,0,0,166,0,0,0
69,84,6,6124.41205632799,2054.82017414459,55,0,0,154,0,0,0
69,84,7,23411.4116930397,8122.68143310996,145,0,0,177,0,0,0
69,84,8,0,2,0,0,0,0,0,0,0
69,85,1,3743.64229456117,714.558379972627,0,0,0,97,0,0,0
69,85,2,3381.53426072659,1408.0694432681,0,0,0,156,0,0,0
69,85,3,3425.28410489812,1196.9607269488,0,0,0,103,0,0,0
69,85,4,3860.81101937497,1698.14894340233,0,0,0,178,0,0,0
69,85,5,5160.11631141435,1507.47810210855,0,0,0,162,0,0,0
69,85,6,6291.15309648131,1770.44308129674,1,0,0,195,0,0,0
69,85,7,23545.6982633909,9364.78742319169,62,0,0,170,0,0,0
69,85,8,0,2,0,0,0,0,0,0,0
69,86,1,3743.30397962271,1097.33057918637,0,0,0,71,0,0,0
69,86,2,3394.4831862638,1928.43792415721,0,0,0,140,0,0,0
69,86,3,3439.15878547862,912.166416197982,0,0,0,119,0,0,0
69,86,4,3897.13826211129,1528.0194791076,0,0,0,169,0,0,0
69,86,5,5240.62903952685,1964.68139755443,0,0,0,150,0,0,0
69,86,6,6430.40978762573,3265.59660839201,0,0,0,177,0,0,0
69,86,7,23637.913649725,6011.98858903033,0,36,0,195,0,0,0
69,86,8,0,2,0,0,0,0,0,0,0
69,87,1,3718.29920776001,1537.30700081187,0,56,0,48,0,0,0
69,87,2,3378.73774190826,2002.76491122601,0,73,0,112,0,0,0
69,87,3,3400.75061008319,1910.5125692651,0,41,0,46,0,0,0
69,87,4,3884.37097735023,676.749472738588,0,48,0,100,0,0,0
69,87,5,5284.0411306494,2509.93596770574,0,72,0,117,0,0,0
69,87,6,6499.94100047643,2841.8748470254,0,142,0,170,0,0,0
69,87,7,23692.535280189,12903.5499206857,1,254,0,257,0,0,0
69,87,8,0,2,0,0,0,0,0,0,0
69,88,1,3730.61901721535,894.177892827294,0,0,0,153,0,0,0
69,88,2,3399.09744361882,1421.09694666614,0,0,0,200,0,0,0
69,88,3,3430.96247997426,1487.27502968908,0,0,0,191,0,0,0
69,88,4,3874.85822325207,3024.8790104555,0,0,0,67,0,0,0
69,88,5,5340.19842018295,3218.66601085815,1,0,0,201,0,0,0
69,88,6,6599.97536706197,3160.83774045308,1,0,0,208,0,0,0
69,88,7,23745.5006194641,15582.331241741,26,0,0,211,0,0,0
69,88,8,0,2,0,0,0,0,0,0,0
69,89,1,3729.58155687827,1731.81283295273,0,0,0,89,0,0,0
69,89,2,3404.35081877922,2032.28827224012,0,0,0,142,0,0,0
69,89,3,3440.2224332509,1020.79902599604,0,0,0,148,0,0,0
69,89,4,3912.0779981502,2684.58140074437,1,0,0,202,0,0,0
69,89,5,5416.30625668182,3260.00639362556,0,0,0,275,0,0,1
69,89,6,6662.92399186031,3066.3277696745,2,0,0,176,0,0,1
69,89,7,23800.9958365022,10639.5723637899,17,4,0,240,0,0,0
69,89,8,0,2,0,0,0,0,0,0,0
69,90,1,3763.33623418002,2028.76709178381,0,0,0,167,0,0,0
69,90,2,3427.61010625359,1794.7517150721,0,0,0,203,0,0,0
69,90,3,3435.60186915367,1084.4938264267,0,0,0,102,0,0,0
69,90,4,3959.18963281213,911.398188914447,6,0,0,209,0,0,0
69,90,5,5516.60687699721,2709.49548602139,16,0,0,169,0,0,0
69,90,6,6747.03803340937,3254.95349269004,16,0,0,149,0,0,0
69,90,7,23864.4603961357,2734.83384088476,88,0,0,231,0,0,0
69,90,8,0,2,0,0,0,0,0,0,0
69,91,1,3758.11780174199,1350.08908378547,87,0,0,98,0,0,0
69,91,2,3435.45512650609,684.795678694245,47,0,0,123,0,0,0
69,91,3,3431.11367995213,1696.88450166222,1,0,0,107,0,0,0
69,91,4,3968.84604493384,803.342964894368,0,0,0,91,0,0,0
69,91,5,5552.94730738189,2774.40794315931,104,0,0,146,0,0,0
69,91,6,6835.62748503447,3355.43103741276,131,0,0,168,0,0,0
69,91,7,23881.7245583638,3853.16574686773,102,0,0,151,0,0,0
69,91,8,0,2,0,0,0,0,0,0,0
69,92,1,3783.31334092426,1932.28664545779,0,0,0,135,0,0,0
69,92,2,3419.79735244528,1114.56598887225,0,0,0,68,0,0,0
69,92,3,3445.04330442254,1762.68451614091,4,0,0,148,0,0,0
69,92,4,3969.2846311181,1466.13402087436,0,0,0,80,0,0,0
69,92,5,5623.63078277441,2585.53488064949,15,0,0,196,0,0,0
69,92,6,6918.57251099851,1945.68334669524,32,0,0,168,0,0,0
69,92,7,23885.8325702948,9848.29948811513,42,0,0,163,0,0,0
69,92,8,0,2,0,0,0,0,0,0,0
69,93,1,3883.4671654207,2157.27864226754,0,0,0,193,0,0,0
69,93,2,3473.96770522006,2281.39885047267,0,0,0,111,0,0,0
69,93,3,3518.31503391272,1868.57840942684,0,0,0,176,0,0,0
69,93,4,4058.86392471899,1368.43930892738,0,0,0,146,0,0,0
69,93,5,5867.37896712991,2460.5130030865,0,0,0,208,0,0,0
69,93,6,7153.51655584485,2128.99219656107,0,0,0,194,0,0,0
69,93,7,24056.3197262518,10841.2842969957,30,0,0,199,0,0,0
69,93,8,0,2,0,0,0,0,0,0,0
69,94,1,3946.63593362608,1768.12467824799,0,0,0,215,0,0,0
69,94,2,3519.64508390001,1641.88407706257,0,0,0,228,0,0,0
69,94,3,3557.11712033295,1396.16352148851,0,0,0,186,0,0,0
69,94,4,4085.6188021932,2284.83801936126,0,0,0,136,0,0,0
69,94,5,5963.36829183831,2326.95201234837,0,0,0,246,0,0,0
69,94,6,7299.88724682158,2054.25846792439,0,0,0,187,0,0,0
69,94,7,24099.7975812755,7329.96472377018,33,0,0,248,0,0,0
69,94,8,0,2,0,0,0,0,0,0,0
69,95,1,3949.82136921604,2557.9887552223,0,76,0,100,0,0,0
69,95,2,3514.30311641614,1456.3775307251,0,76,0,88,0,0,0
69,95,3,3544.9819752129,1022.03005979358,0,73,0,66,0,0,0
69,95,4,4101.97030724332,893.706708772453,0,111,0,117,0,0,0
69,95,5,5996.15279075098,1073.43694588681,0,118,0,114,0,0,0
69,95,6,7325.27727968056,2163.4565023564,0,118,0,87,0,0,0
69,95,7,24144.3688836388,12986.8838447893,2,311,0,289,0,0,0
69,95,8,0,2,0,0,0,0,0,0,0
69,96,1,3984.22049941197,1545.03924256247,1,0,0,196,0,0,0
69,96,2,3523.42483786583,1617.27170732232,0,0,0,145,0,0,0
69,96,3,3571.21755929169,1314.09263082992,0,0,0,102,0,0,0
69,96,4,4128.38706490042,1098.50801355733,0,0,0,89,0,0,0
69,96,5,6031.27422326777,4308.28855380992,0,0,0,107,0,0,0
69,96,6,7419.4917648059,2946.06248626071,0,0,0,190,0,0,0
69,96,7,24201.3341377884,5893.91476690057,22,2,0,279,0,0,0
69,96,8,0,2,0,0,0,0,0,0,0
69,97,1,4014.16510766751,2252.0645127222,13,0,0,131,0,0,0
69,97,2,3559.11338994233,1467.4290326122,15,0,0,134,0,0,0
69,97,3,3626.92652922006,1910.0327628383,0,0,0,131,0,0,0
69,97,4,4187.53227629083,2052.47362896022,1,0,0,108,0,0,0
69,97,5,6163.61228398067,1925.95013535679,144,0,0,171,0,0,0
69,97,6,7601.94727263229,2428.77053849582,73,0,0,163,0,0,0
69,97,7,24315.260611657,6692.15304854832,211,0,0,208,0,0,0
69,97,8,0,2,0,0,0,0,0,0,0
69,98,1,4140.69910631086,2467.51546136719,21,0,0,124,0,0,0
69,98,2,3646.8166023538,1643.25483746729,0,0,0,146,0,0,0
69,98,3,3723.63918362011,1818.80869148354,3,0,0,177,0,0,0
69,98,4,4329.88894733838,1111.09524234561,5,0,0,177,0,0,0
69,98,5,6603.84742578382,1856.95669992716,3,0,0,178,0,0,0
69,98,6,7895.13234800568,3292.61043598258,21,0,0,145,0,0,0
69,98,7,24576.502842503,6450.17134798399,97,0,0,219,0,0,0
69,98,8,0,2,0,0,0,0,0,0,0
69,99,1,4187.49250892822,1568.20140381486,23,0,0,145,0,0,0
69,99,2,3706.63336010927,1686.39517216615,0,0,0,164,0,0,0
69,99,3,3819.72436561096,2285.8191949961,0,0,0,181,0,0,0
69,99,4,4389.81219967474,1925.8944083185,0,0,0,111,0,0,0
69,99,5,6749.68851006057,2594.19627663932,8,0,0,150,0,0,0
69,99,6,8157.99626986069,2461.42789903372,36,0,0,170,0,0,0
69,99,7,24710.9591258342,12318.7061540597,101,0,0,189,0,0,2
69,99,8,0,2,0,0,0,0,0,0,0
69,100,1,4233.08010150336,676.800087471852,0,0,0,156,0,0,0
69,100,2,3727.48125050089,1321.02253178726,0,0,0,168,0,0,0
69,100,3,3877.01601138259,2526.98472257311,0,0,0,210,0,0,0
69,100,4,4462.78362672369,1053.77651764689,0,0,0,178,0,0,0
69,100,5,6890.7819491595,4392.70313729857,0,0,0,245,0,0,0
69,100,6,8282.5605144657,2909.0047434633,3,0,0,174,0,0,0
69,100,7,24787.1149583709,6262.38609981615,44,0,0,208,0,0,0
69,100,8,0,2,0,0,0,0,0,0,0
70,1,1,2828.7216,822.434095926819,0,58,0,41,0,0,0
70,1,2,2831.32,1967.69944130974,0,40,0,55,0,0,0
70,1,3,2819.032,993.387612386242,0,7,0,12,0,0,0
70,1,4,2827.112,1688.05185389567,0,11,0,16,0,0,0
70,1,5,2824.672,1213.95315996578,0,43,0,18,0,0,0
70,1,6,2823.432,1475.34103571115,0,24,0,11,0,0,0
70,1,7,20048.2863999999,6524.08227049808,0,38,0,35,0,0,0
70,1,8,0,5,0,23,0,23,0,0,0
70,2,1,2837.1136,714.367328085443,0,0,0,82,0,0,0
70,2,2,2863.6944,1028.2779688929,0,0,0,196,0,0,0
70,2,3,2832.1504,1624.54065470976,0,0,0,99,0,0,0
70,2,4,2850.504,1314.63196066609,0,0,0,168,0,0,0
70,2,5,2842.6144,1459.47618609304,0,0,0,121,0,0,0
70,2,6,2844.088,1053.6570736743,0,0,0,147,0,0,0
70,2,7,19989.4367999998,9208.71660691809,26,0,0,175,0,0,1
70,2,8,0,5,0,0,0,0,0,0,0
70,3,1,2839.90752,1061.11453684037,0,0,0,71,0,0,0
70,3,2,2878.1104,791.683301277055,0,0,0,102,0,0,0
70,3,3,2856.392,1294.41408741193,0,0,0,162,0,0,0
70,3,4,2869.8016,1080.3857389368,0,0,0,131,0,0,0
70,3,5,2862.44608,2286.82166068202,0,0,0,145,0,0,0
70,3,6,2859.656,688.816526948974,0,0,0,105,0,0,0
70,3,7,19941.2124799998,11101.8359297991,27,0,0,216,0,0,0
70,3,8,0,5,0,0,0,0,0,0,0
70,4,1,2852.97312,1114.44736372534,0,0,0,106,0,0,0
70,4,2,2885.48319999999,695.094742710255,0,0,0,79,0,0,0
70,4,3,2874.264,1498.95644462057,0,0,0,129,0,0,0
70,4,4,2882.12416,1085.38901157179,0,0,0,108,0,0,0
70,4,5,2900.86368,1203.02236354739,0,0,0,228,0,0,0
70,4,6,2865.7936,1153.74292303211,0,0,0,68,0,0,0
70,4,7,19895.4406399997,9661.22152233425,22,1,0,247,0,0,0
70,4,8,0,5,0,0,0,0,0,0,0
70,5,1,2864.06272,471.975282118243,0,0,0,111,0,0,0
70,5,2,2889.00799999999,1282.04912612134,0,0,0,69,0,0,0
70,5,3,2893.816,307.415479174364,0,0,0,149,0,0,0
70,5,4,2894.09215999999,750.231866735063,0,0,0,108,0,0,0
70,5,5,2916.16127999999,986.161590307305,0,0,0,120,0,0,0
70,5,6,2878.6112,1250.16143683637,0,0,0,115,0,0,0
70,5,7,19833.4352639997,5226.51785799513,29,0,0,237,0,0,0
70,5,8,0,5,0,0,0,0,0,0,0
70,6,1,2860.28672,917.040643335411,0,6,0,41,0,0,0
70,6,2,2891.7568,1653.65918632489,0,55,0,73,0,0,0
70,6,3,2884.088,1507.14790602084,0,23,0,7,0,0,0
70,6,4,2894.54495999999,1181.83585665834,0,24,0,51,0,0,0
70,6,5,2915.04511999999,1214.31897405329,0,52,0,46,0,0,0
70,6,6,2881.2512,1710.5579978139,0,62,0,63,0,0,0
70,6,7,19758.3843839996,7068.40568203423,4,182,0,166,0,0,0
70,6,8,0,5,0,0,0,0,0,0,0
70,7,1,2867.98944,966.877217050529,0,0,0,91,0,0,0
70,7,2,2918.27839999999,1617.07155083032,0,0,0,165,0,0,0
70,7,3,2910.436224,662.511513454996,0,0,0,150,0,0,0
70,7,4,2913.77983999999,642.762262568466,0,0,0,118,0,0,0
70,7,5,2937.45753599999,1009.22123416627,0,0,0,121,0,0,0
70,7,6,2912.91808,1356.61081034831,0,0,0,171,0,0,0
70,7,7,19715.3879679995,8676.51622760711,32,0,0,187,0,0,0
70,7,8,0,5,0,0,0,0,0,0,0
70,8,1,2874.137344,1395.43112862461,0,0,0,96,0,0,0
70,8,2,2946.92927999999,1037.61832808015,0,0,0,161,0,0,0
70,8,3,2920.397184,1734.47147318285,0,0,0,66,0,0,0
70,8,4,2924.94361599999,1328.52292478333,0,0,0,64,0,0,0
70,8,5,2957.43296,1585.56813056903,0,0,0,100,0,0,0
70,8,6,2936.39808,691.651877998863,0,0,0,135,0,0,0
70,8,7,19681.5982079994,11740.1765872706,31,0,0,190,0,0,0
70,8,8,0,5,0,0,0,0,0,0,0
70,9,1,2890.969344,747.723538385235,0,0,0,139,0,0,0
70,9,2,2959.41241599999,931.875928275372,0,0,0,103,0,0,0
70,9,3,2950.39712,992.207048513833,0,0,0,173,0,0,0
70,9,4,2948.08287999999,1996.51908786366,0,0,0,132,0,0,0
70,9,5,2982.20864,1201.52758206881,0,0,0,158,0,0,0
70,9,6,2945.975296,1235.82465310773,0,0,0,69,0,0,0
70,9,7,19641.4282879994,12315.5659953547,31,0,0,213,0,0,0
70,9,8,0,5,0,0,0,0,0,0,0
70,10,1,2893.876544,976.54505977205,0,0,0,74,0,0,0
70,10,2,2967.82681599999,1097.93703066731,0,0,0,93,0,0,0
70,10,3,2965.69312,1147.02575676714,0,0,0,99,0,0,0
70,10,4,2982.06687999999,1139.28817677799,0,0,0,199,0,0,0
70,10,5,3000.82176,907.807845914647,0,0,0,120,0,0,0
70,10,6,2962.960896,1497.54431202639,0,0,0,123,0,0,0
70,10,7,19599.8260479994,3894.49669810223,28,0,0,202,0,0,0
70,10,8,0,5,0,0,0,0,0,0,0
70,11,1,2899.058944,1692.60353612716,0,0,0,97,0,0,0
70,11,2,2978.99423999999,646.369182866136,0,0,0,109,0,0,0
70,11,3,2981.1696,711.763052336846,0,0,0,114,0,0,0
70,11,4,2998.22688,1536.30514267476,0,0,0,113,0,0,0
70,11,5,3010.25568,1154.69369415732,0,0,0,90,0,0,0
70,11,6,2984.302016,1326.66953675175,1,0,0,147,0,0,0
70,11,7,19550.3489279993,7805.12250141719,89,0,0,149,0,0,0
70,11,8,0,5,0,0,0,0,0,0,0
70,12,1,2917.959168,1561.03157783782,0,0,0,169,0,0,0
70,12,2,2980.53664,1462.42584590023,0,0,0,64,0,0,0
70,12,3,2984.63744,1781.29649270528,0,0,0,71,0,0,0
70,12,4,3020.4048,947.67619458103,0,0,0,153,0,0,0
70,12,5,3026.4947712,984.246241689808,0,0,0,115,0,0,0
70,12,6,3005.272576,644.221630073803,0,0,0,132,0,0,0
70,12,7,19510.5207679992,4137.44752265248,39,0,0,200,0,0,0
70,12,8,0,5,0,0,0,0,0,0,0
70,13,1,2933.72912384,972.674027412615,1,0,0,150,0,0,0
70,13,2,2995.429824,685.95595025325,0,0,0,146,0,0,0
70,13,3,3007.88064,807.080133704953,0,0,0,178,0,0,0
70,13,4,3026.93088,1095.24132183872,0,0,0,94,0,0,0
70,13,5,3038.0259712,996.263463823239,0,0,0,98,0,0,0
70,13,6,3006.629056,599.404299891393,0,0,0,64,0,0,0
70,13,7,19466.7303167992,4975.77677287285,57,0,0,206,0,0,0
70,13,8,0,5,0,0,0,0,0,0,0
70,14,1,2937.59926784,1070.74232479198,0,0,0,97,0,0,0
70,14,2,2998.976704,1150.70329618354,0,0,0,68,0,0,0
70,14,3,3010.402624,1521.71389806411,0,0,0,80,0,0,0
70,14,4,3038.16416,965.576947196638,0,0,0,109,0,0,0
70,14,5,3050.016896,1516.44071953505,0,0,0,99,0,0,0
70,14,6,3004.671936,1380.61397309388,0,0,0,59,0,0,0
70,14,7,19415.0179327991,6418.42766214733,57,0,0,149,0,0,0
70,14,8,0,5,0,0,0,0,0,0,0
70,15,1,2943.497538048,862.901314517889,0,0,0,107,0,0,0
70,15,2,3007.20297216,1016.97656652632,0,0,0,115,0,0,0
70,15,3,3030.948928,1770.31286182483,0,0,0,152,0,0,0
70,15,4,3041.78912,727.41908146794,0,0,0,96,0,0,0
70,15,5,3065.68958464001,1745.76193342876,0,0,0,151,0,0,0
70,15,6,3019.991936,1776.44002990516,0,0,0,138,0,0,0
70,15,7,19369.410879999,4353.51405373613,0,124,0,195,0,0,0
70,15,8,0,5,0,0,0,0,0,0,0
70,16,1,2940.030350848,1879.31535899431,0,0,0,86,0,0,0
70,16,2,3012.75557376,1329.40099118996,0,0,0,101,0,0,0
70,16,3,3042.5983488,1466.3498328194,0,14,0,152,0,0,0
70,16,4,3038.9981312,888.368926571589,0,0,0,72,0,0,0
70,16,5,3081.77606604801,1416.08860316236,0,19,0,142,0,0,0
70,16,6,3027.431296,1747.63174109889,0,37,0,114,0,0,0
70,16,7,19330.3251839989,2836.3718106734,0,145,0,185,0,0,0
70,16,8,0,5,0,0,0,0,0,0,0
70,17,1,2936.68199884801,1830.65774825074,105,0,0,82,0,0,0
70,17,2,3008.16574976001,1171.83844249132,64,0,0,68,0,0,0
70,17,3,3035.02116864,746.364328377545,79,0,0,67,0,0,0
70,17,4,3032.1042432,1668.80469759683,46,0,0,42,0,0,0
70,17,5,3079.83552204801,1600.31962896984,75,0,0,66,0,0,0
70,17,6,3039.60743680001,1923.22780661449,73,0,0,101,0,0,0
70,17,7,19302.8868761589,8806.87039389636,142,0,0,141,0,0,0
70,17,8,0,5,0,0,0,0,0,0,0
70,18,1,2965.94652876801,1457.58985915319,0,0,0,183,0,0,0
70,18,2,3020.59385036801,623.266953025057,0,0,0,117,0,0,0
70,18,3,3034.69619456,488.587169705233,0,0,0,74,0,0,0
70,18,4,3058.03116800001,1552.54561479595,0,0,0,166,0,0,0
70,18,5,3106.40688896002,1558.93509762466,0,0,0,160,0,0,0
70,18,6,3077.47028480001,690.213503358036,0,0,0,192,0,0,0
70,18,7,19266.4080153588,12935.5437913614,28,0,0,227,0,0,0
70,18,8,0,5,0,0,0,0,0,0,0
70,19,1,2983.55345152001,1013.6583185196,0,0,0,145,0,0,0
70,19,2,3018.42297036801,968.37070339381,0,0,0,62,0,0,0
70,19,3,3030.70447616,692.410955751765,0,0,0,48,0,0,0
70,19,4,3081.49352960001,1261.25707120693,0,0,0,155,0,0,0
70,19,5,3130.19856936962,1394.79063491341,0,0,0,155,0,0,0
70,19,6,3082.51188480001,1410.85137078637,0,0,0,69,0,0,0
70,19,7,19234.8945433588,8913.37648872132,0,41,0,280,0,0,0
70,19,8,0,5,0,0,0,0,0,0,0
70,20,1,2985.03912407041,1717.69398071761,0,0,0,101,0,0,0
70,20,2,3019.38994636801,443.910974389146,0,0,0,96,0,0,0
70,20,3,3032.65787136,1331.18249861559,0,0,0,69,0,0,0
70,20,4,3094.25418240001,1441.66727477761,0,3,0,122,0,0,0
70,20,5,3141.42384947202,1564.37426384386,0,17,0,117,0,0,0
70,20,6,3096.71150080001,1862.52710419569,0,13,0,124,0,0,0
70,20,7,19188.0341913587,11715.5022908952,4,202,0,237,0,0,4
70,20,8,0,5,0,0,0,0,0,0,0
70,21,1,3001.02902794241,1123.20947074746,0,0,0,171,0,0,0
70,21,2,3008.12796876801,763.268474960541,0,0,0,44,0,0,0
70,21,3,3044.30664448001,1964.31652074613,0,0,0,133,0,0,0
70,21,4,3117.16709120002,1272.237923927,0,0,0,144,0,0,0
70,21,5,3167.70999603202,1010.01461648162,0,0,0,156,0,0,0
70,21,6,3124.34749696001,928.566278064102,0,0,0,186,0,0,0
70,21,7,19166.4093055987,8483.88594620013,28,0,0,197,0,0,0
70,21,8,0,5,0,0,0,0,0,0,0
70,22,1,3008.23177994242,712.640578703247,0,0,0,112,0,0,0
70,22,2,3007.28819916802,496.784668787569,0,0,0,76,0,0,0
70,22,3,3068.79400448001,2341.14800726961,0,0,0,196,0,0,0
70,22,4,3129.76276736002,1328.9287603529,0,0,0,127,0,0,0
70,22,5,3179.9397971149,816.295714299949,0,0,0,101,0,0,0
70,22,6,3135.04848896001,1298.85923938175,0,0,0,92,0,0,0
70,22,7,19146.8853913587,7887.77243678394,25,0,0,240,0,0,2
70,22,8,0,5,0,0,0,0,0,0,0
70,23,1,2995.56616714242,715.798464703879,0,23,0,48,0,0,0
70,23,2,2986.29076940802,1236.10772639124,0,28,0,21,0,0,0
70,23,3,3071.98597120001,1549.0007493376,0,120,0,114,0,0,0
70,23,4,3129.33259776002,1581.01124338697,0,64,0,68,0,0,0
70,23,5,3175.1762643149,1583.78785146136,0,35,0,46,0,0,0
70,23,6,3137.88216576001,536.465516351773,0,51,0,78,0,0,0
70,23,7,19111.8684185586,5050.98868042357,4,245,0,200,0,0,4
70,23,8,0,5,0,0,0,0,0,0,0
70,24,1,2992.91550474242,574.050135812429,0,0,0,71,0,0,0
70,24,2,2999.77666713602,1322.1265762912,0,0,0,123,0,0,0
70,24,3,3102.30604236801,1349.55098855784,0,0,0,154,0,0,0
70,24,4,3163.86694400002,809.326918245092,0,0,0,158,0,0,0
70,24,5,3205.3037349069,744.758524666996,0,0,0,158,0,0,0
70,24,6,3143.86941040641,825.482113946253,0,0,0,53,0,0,0
70,24,7,19122.6545817586,10412.8789636407,25,0,0,210,0,0,0
70,24,8,0,5,0,0,0,0,0,0,0
70,25,1,2986.53419274242,959.172780468604,0,0,0,57,0,0,0
70,25,2,3016.33944872962,605.324132830198,0,0,0,132,0,0,0
70,25,3,3124.58681036801,1243.19189857468,0,0,0,134,0,0,0
70,25,4,3172.69465600002,1047.99956848887,0,0,0,80,0,0,0
70,25,5,3213.7550501069,1739.46663213394,0,0,0,74,0,0,0
70,25,6,3155.95773040641,497.654512317452,0,0,0,82,0,0,0
70,25,7,19126.5634867186,9889.77926439339,26,0,0,217,0,0,0
70,25,8,0,5,0,0,0,0,0,0,0
70,26,1,2990.09612810242,1612.0574691682,0,0,0,95,0,0,0
70,26,2,3017.95538821122,1352.92170969615,0,0,0,60,0,0,0
70,26,3,3140.72711792641,1159.38650020471,0,0,0,124,0,0,0
70,26,4,3188.55899187201,1846.7622521427,0,0,0,104,0,0,0
70,26,5,3248.71510135195,1283.53045388311,0,0,0,173,0,0,0
70,26,6,3159.41402480642,1402.88407275955,0,0,0,49,0,0,0
70,26,7,19129.4238515185,9089.34356099056,30,0,0,196,0,0,0
70,26,8,0,5,0,0,0,0,0,0,0
70,27,1,3014.72502097922,1963.66719577479,0,0,0,161,0,0,0
70,27,2,3034.21779171329,1340.04024113352,0,0,0,135,0,0,0
70,27,3,3161.10580592641,879.898950698378,0,0,0,115,0,0,0
70,27,4,3232.48573849602,1391.62628188216,0,0,0,184,0,0,0
70,27,5,3275.34962295195,1827.16773550732,0,0,0,128,0,0,0
70,27,6,3193.47039168923,1194.74870583589,0,0,0,140,0,0,0
70,27,7,19136.6390456305,9759.33453053834,32,0,0,212,0,0,0
70,27,8,0,5,0,0,0,0,0,0,0
70,28,1,3048.94214789122,1620.78750385104,0,0,0,187,0,0,0
70,28,2,3058.10998519809,868.8869550194,0,0,0,134,0,0,0
70,28,3,3171.82183024641,920.038246568125,0,0,0,87,0,0,0
70,28,4,3267.25217356187,1594.06300254845,0,0,0,139,0,0,0
70,28,5,3320.63426740635,489.087117296395,0,0,0,181,0,0,0
70,28,6,3222.85657997723,929.680790856164,0,0,0,119,0,0,0
70,28,7,19145.9900652528,3800.92955423914,37,0,0,211,0,0,0
70,28,8,0,5,0,0,0,0,0,0,0
70,29,1,3069.9423374541,897.372118074835,12,0,0,138,0,0,2
70,29,2,3064.17411522742,1081.27122012912,1,0,0,85,0,0,0
70,29,3,3177.90197309441,1257.58236256386,0,0,0,92,0,0,0
70,29,4,3293.4395213046,987.597029173633,8,0,0,145,0,0,0
70,29,5,3323.13007294875,1008.69044715976,0,0,0,48,0,0,0
70,29,6,3236.79827597723,818.952760237776,0,0,0,92,0,0,0
70,29,7,19144.0407076848,2201.86395457192,106,0,0,188,0,0,0
70,29,8,0,5,0,0,0,0,0,0,0
70,30,1,3071.0451466445,1815.77189816956,0,0,0,89,0,0,0
70,30,2,3069.29981726902,917.43738273629,0,0,0,108,0,0,0
70,30,3,3191.70855229441,1696.2682008653,0,0,0,125,0,0,0
70,30,4,3301.46435497494,1383.40143315804,0,0,0,98,0,0,0
70,30,5,3325.42005967669,1337.98265163227,0,0,0,100,0,0,0
70,30,6,3242.58153357723,1859.27061925526,0,0,0,81,0,0,0
70,30,7,19125.3454372848,9680.76999533524,29,0,0,153,0,0,0
70,30,8,0,5,0,0,0,0,0,0,0
70,31,1,3112.5575318692,900.453732377657,0,0,0,181,0,0,0
70,31,2,3085.60762070403,1119.65449146933,0,0,0,91,0,0,0
70,31,3,3228.70859504027,1434.61089393734,0,0,0,166,0,0,0
70,31,4,3334.16430979221,1131.87415933538,0,0,0,138,0,0,0
70,31,5,3360.14715671348,1610.09154331923,0,0,0,133,0,0,0
70,31,6,3296.96045128501,1093.81904811373,0,0,0,185,0,0,0
70,31,7,19156.5572362428,6340.51241056975,12,7,0,279,0,0,0
70,31,8,0,5,0,0,0,0,0,0,0
70,32,1,3117.8822469796,1104.03145565559,0,0,0,90,0,0,0
70,32,2,3088.21357288835,2257.60577933346,0,0,0,111,0,0,0
70,32,3,3247.45795778971,911.958137580628,0,0,0,143,0,0,0
70,32,4,3346.64995143829,666.442384807367,0,0,0,113,0,0,0
70,32,5,3383.96838766102,512.627975446058,0,0,0,161,0,0,0
70,32,6,3314.74613433141,1289.42550619971,0,0,0,109,0,0,0
70,32,7,19135.4551204028,6130.98267910822,54,0,0,177,0,0,0
70,32,8,0,5,0,0,0,0,0,0,0
70,33,1,3126.72009608808,355.223443619584,0,0,0,110,0,0,0
70,33,2,3120.53531390953,901.434937831449,5,0,0,184,0,0,0
70,33,3,3250.03855132674,1103.23499449931,0,0,0,91,0,0,0
70,33,4,3340.48285104687,1032.37364776688,0,0,0,66,0,0,0
70,33,5,3381.26256166422,1576.36392495997,0,0,0,51,0,0,0
70,33,6,3338.84569275189,665.197747360083,0,0,0,128,0,0,0
70,33,7,19118.8009431228,3944.2773878207,51,0,0,195,0,0,0
70,33,8,0,5,0,0,0,0,0,0,0
70,34,1,3114.47126403074,872.706037122823,0,2,0,33,0,0,0
70,34,2,3106.36822555133,1800.15712731389,0,48,0,42,0,0,0
70,34,3,3231.8648467661,1363.66917148833,0,67,0,43,0,0,0
70,34,4,3325.89539732506,1707.7727717857,0,56,0,47,0,0,0
70,34,5,3380.56151682582,1419.53807984035,0,71,0,86,0,0,0
70,34,6,3329.2945260667,809.583886836145,0,33,0,33,0,0,0
70,34,7,19092.1788865724,6511.35175673958,2,187,0,147,0,0,0
70,34,8,0,5,0,0,0,0,0,0,0
70,35,1,3120.80963418114,1657.35251390045,0,0,0,87,0,0,0
70,35,2,3134.35656260012,1008.88601112637,0,0,0,180,0,0,0
70,35,3,3260.75076956162,1454.26500647193,0,0,0,136,0,0,0
70,35,4,3362.70119244826,1242.43293542489,0,0,0,170,0,0,0
70,35,5,3410.01402182224,1099.72713788983,0,0,0,141,0,0,0
70,35,6,3346.24810382542,1440.68611963483,0,0,0,80,0,0,0
70,35,7,19108.5439662267,9867.59473288393,25,0,0,215,0,0,0
70,35,8,0,5,0,0,0,0,0,0,0
70,36,1,3153.51694612482,1604.50818302504,0,0,0,165,0,0,0
70,36,2,3150.90543653111,1263.5022520458,0,0,0,100,0,0,0
70,36,3,3291.11850332161,794.185493124363,0,0,0,145,0,0,0
70,36,4,3391.28529648666,1264.81909831286,0,0,0,124,0,0,0
70,36,5,3441.32206847956,1064.17173182237,0,0,0,109,0,0,0
70,36,6,3385.14574652212,1716.44938676864,0,0,0,144,0,0,0
70,36,7,19121.0472289467,8816.71318706644,27,0,0,171,0,0,0
70,36,8,0,5,0,0,0,0,0,0,0
70,37,1,3195.07297614645,1219.5918294017,0,0,0,160,0,0,0
70,37,2,3177.03933342189,1459.95585986675,0,0,0,126,0,0,0
70,37,3,3293.79381347042,2323.69224537877,0,0,0,79,0,0,0
70,37,4,3431.84766622232,1421.30592909424,0,0,0,126,0,0,0
70,37,5,3473.78160080852,1370.55289860975,0,0,0,106,0,0,0
70,37,6,3447.18966186575,1749.6876080998,0,0,0,171,0,0,0
70,37,7,19161.4988621028,5986.17884131387,23,0,0,243,0,0,6
70,37,8,0,5,0,0,0,0,0,0,0
70,38,1,3203.70417896245,972.857646596815,0,0,0,121,0,0,0
70,38,2,3185.01883973633,1542.0025790653,23,0,0,118,0,0,0
70,38,3,3309.83752737327,1164.75246605348,76,0,0,141,0,0,0
70,38,4,3442.5180713063,1364.40441997053,33,0,0,102,0,0,0
70,38,5,3499.04940699604,1828.40559799233,8,0,0,127,0,0,0
70,38,6,3473.98000750774,1063.91104743279,29,0,0,140,0,0,0
70,38,7,19182.9006127905,7940.01205795403,266,0,0,279,0,0,0
70,38,8,0,5,0,0,0,0,0,0,0
70,39,1,3197.28124641163,1408.65628453286,0,0,0,97,0,0,0
70,39,2,3200.21176437832,1558.7627158224,0,0,0,154,0,0,0
70,39,3,3320.00992241813,1535.22848309787,0,0,0,116,0,0,0
70,39,4,3467.69604121606,1903.62122486495,0,0,0,136,0,0,0
70,39,5,3535.93829328852,1697.94102367306,0,0,0,182,0,0,0
70,39,6,3491.18793366816,700.495819899832,0,0,0,106,0,0,0
70,39,7,19184.3771681569,6032.30433647499,76,0,0,197,0,0,0
70,39,8,0,5,0,0,0,0,0,0,0
70,40,1,3197.56569940523,1180.97082198078,15,0,0,116,0,0,0
70,40,2,3202.29526451583,845.768700102915,9,0,0,141,0,0,0
70,40,3,3341.26262068361,1644.38221278961,2,0,0,150,0,0,0
70,40,4,3493.70143921977,2718.7243076363,24,0,0,151,0,0,0
70,40,5,3564.1369153122,1368.65338579365,6,0,0,160,0,0,0
70,40,6,3496.11850310335,1261.74159300338,0,0,0,70,0,0,0
70,40,7,19195.2705896225,4938.70492063414,212,0,0,264,0,0,0
70,40,8,0,5,0,0,0,0,0,0,0
70,41,1,3197.77768728967,757.470416982754,0,0,0,118,0,0,0
70,41,2,3197.30745731935,1306.46970909296,0,0,0,84,0,0,0
70,41,3,3358.33807816554,988.331805794067,11,0,0,141,0,0,0
70,41,4,3518.44710825053,1286.56376510837,50,0,0,166,0,0,0
70,41,5,3589.74533946939,1743.4630866324,0,0,0,136,0,0,0
70,41,6,3520.57841487198,1106.2218117042,0,0,0,126,0,0,0
70,41,7,19188.9689473005,4965.12113884194,146,0,0,186,0,0,0
70,41,8,0,5,0,0,0,0,0,0,0
70,42,1,3174.8409690618,863.264959580341,0,41,0,34,0,0,0
70,42,2,3184.39832181369,1094.9708278455,0,60,0,70,0,0,0
70,42,3,3344.86651064088,700.063239122685,0,45,0,53,0,0,0
70,42,4,3516.81544376003,1049.63850046816,0,67,0,61,0,0,0
70,42,5,3601.54190771705,390.413569267521,0,87,0,87,0,0,0
70,42,6,3522.01172452784,1727.71107904873,0,55,0,55,0,0,0
70,42,7,19192.7876732909,4397.570578684,2,196,0,216,0,0,0
70,42,8,0,5,0,0,0,0,0,0,0
70,43,1,3177.73934722942,1642.04912097193,0,0,0,86,0,0,0
70,43,2,3194.59254552884,1846.19202515195,0,0,0,109,0,0,0
70,43,3,3349.20659807123,741.44422628829,0,0,0,70,0,0,0
70,43,4,3543.55466320242,1528.61939920303,0,0,0,104,0,0,0
70,43,5,3612.15046815635,1254.71896949843,0,0,0,39,0,0,0
70,43,6,3570.65760892434,1485.21761320639,0,0,0,172,0,0,0
70,43,7,19228.9224932701,8442.97977181053,27,0,0,218,0,0,0
70,43,8,0,5,0,0,0,0,0,0,0
70,44,1,3204.57963643474,1274.4165758927,0,0,0,164,0,0,0
70,44,2,3222.36372349763,1734.58152542418,0,0,0,184,0,0,0
70,44,3,3353.05595204076,1793.52301330574,0,0,0,74,0,0,0
70,44,4,3583.40448646083,477.37146728222,0,0,0,152,0,0,0
70,44,5,3649.15760952497,1971.32663859033,0,0,0,125,0,0,0
70,44,6,3616.82725888837,960.486056072408,0,0,0,148,0,0,0
70,44,7,19290.5667735009,5722.06998575385,24,0,0,288,0,0,0
70,44,8,0,5,0,0,0,0,0,0,0
70,45,1,3214.61427614863,1304.26099941847,0,0,0,127,0,0,0
70,45,2,3248.9386129387,1735.93006968825,5,0,0,159,0,0,0
70,45,3,3384.42673637602,689.457090490458,9,0,0,154,0,0,0
70,45,4,3584.1552978903,318.819714311407,0,0,0,47,0,0,0
70,45,5,3696.68296709133,951.733385671908,11,0,0,167,0,0,0
70,45,6,3643.18108293875,1421.14850135621,0,0,0,96,0,0,0
70,45,7,19322.3347212768,7394.0726994688,134,0,0,208,0,0,0
70,45,8,0,5,0,0,0,0,0,0,0
70,46,1,3232.02584550743,1883.66610621543,0,0,0,130,0,0,0
70,46,2,3267.44448035835,669.532974257894,0,0,0,171,0,0,0
70,46,3,3382.08130595042,1483.54686445934,0,0,0,68,0,0,0
70,46,4,3574.12328569468,1708.28583027579,0,0,0,31,0,0,0
70,46,5,3719.11397254157,1248.82078027322,0,0,0,95,0,0,0
70,46,6,3686.54212991,714.922348851203,0,0,0,142,0,0,0
70,46,7,19348.6438119904,5268.004810608,84,0,0,194,0,0,0
70,46,8,0,5,0,0,0,0,0,0,0
70,47,1,3260.02510797496,1372.51654325493,19,0,0,146,0,0,0
70,47,2,3261.89400443283,1496.09486228123,0,0,0,66,0,0,0
70,47,3,3409.66051069483,1486.02296012453,2,0,0,143,0,0,0
70,47,4,3609.17946129587,1974.02146164869,7,0,0,155,0,0,0
70,47,5,3758.66833238755,1010.32789918778,0,0,0,124,0,0,0
70,47,6,3709.41901332897,1356.30719227869,0,0,0,71,0,0,0
70,47,7,19391.0628379923,8172.39980791866,150,0,0,196,0,0,0
70,47,8,0,5,0,0,0,0,0,0,0
70,48,1,3289.68959572936,1256.94036837745,0,0,0,137,0,0,0
70,48,2,3281.07704606932,1447.22751741259,0,0,0,149,0,0,0
70,48,3,3432.44438296987,1524.22398844704,0,0,0,148,0,0,0
70,48,4,3657.67573479979,1279.16027602857,0,0,0,197,0,0,0
70,48,5,3788.65858959094,1782.86189142191,0,0,0,101,0,0,0
70,48,6,3754.24183232739,1884.18967352101,0,0,0,135,0,0,0
70,48,7,19446.5734341047,8901.14284570312,49,0,0,215,0,0,0
70,48,8,0,5,0,0,0,0,0,0,0
70,49,1,3314.87495214692,1979.82040633343,0,0,0,125,0,0,0
70,49,2,3314.02706365028,1306.41837834468,0,0,0,144,0,0,0
70,49,3,3462.59478557551,1012.25408752335,0,0,0,152,0,0,0
70,49,4,3689.07122924071,1034.70536134653,0,0,0,127,0,0,0
70,49,5,3844.58993853996,1084.56024515821,0,0,0,178,0,0,0
70,49,6,3829.20847446653,1514.87051126699,0,0,0,175,0,0,0
70,49,7,19505.971377789,7644.87924880734,44,0,0,198,0,0,0
70,49,8,0,5,0,0,0,0,0,0,0
70,50,1,3333.30196261043,1029.64529491837,24,0,0,146,0,0,0
70,50,2,3327.32356042324,1690.7124256495,0,0,0,130,0,0,0
70,50,3,3461.48268347114,2275.4227856128,0,0,0,101,0,0,0
70,50,4,3697.61266094795,1184.32378382585,0,0,0,103,0,0,0
70,50,5,3865.33231825953,831.958243484375,0,0,0,108,0,0,0
70,50,6,3871.31642204951,856.5222912596,0,0,0,151,0,0,0
70,50,7,19563.5626092852,8190.1812317175,217,0,0,308,0,0,0
70,50,8,0,5,0,0,0,0,0,0,0
70,51,1,3346.95453482097,1510.58579365041,0,0,0,102,0,0,0
70,51,2,3360.74497282406,810.181071882927,0,0,0,169,0,0,0
70,51,3,3500.72083651846,844.165824636206,7,0,0,188,0,0,1
70,51,4,3721.37303327677,2057.51535138393,0,0,0,118,0,0,0
70,51,5,3882.54257101611,1360.88186299298,0,0,0,83,0,0,0
70,51,6,3909.1587112086,888.182188972783,0,0,0,85,0,0,0
70,51,7,19620.0950928731,10079.6004359787,121,0,0,170,0,0,0
70,51,8,0,5,0,0,0,0,0,0,0
70,52,1,3367.02541236841,1226.4270141748,0,0,0,149,0,0,0
70,52,2,3353.75494557746,1128.06034701952,0,0,0,81,0,0,0
70,52,3,3488.81567307688,1404.59371262583,0,0,0,84,0,0,0
70,52,4,3747.04258836347,2268.96222859349,4,0,0,166,0,0,0
70,52,5,3905.21326294009,2842.90125235001,0,0,0,136,0,0,0
70,52,6,3920.75249815004,2303.11288133677,0,0,0,88,0,0,0
70,52,7,19656.2378987384,8304.09925069839,95,0,0,182,0,0,0
70,52,8,0,5,0,0,0,0,0,0,0
70,53,1,3372.02675041128,1239.36496474886,0,0,0,122,0,0,0
70,53,2,3350.00955799798,2342.64200645938,0,0,0,112,0,0,0
70,53,3,3498.22643270089,872.751111725227,0,0,0,140,0,0,0
70,53,4,3777.83554237027,688.747982823784,0,1,0,212,0,0,0
70,53,5,3938.9205943029,2783.36520673212,0,7,0,191,0,0,0
70,53,6,3966.72290365381,1354.20124668009,0,3,0,189,0,0,0
70,53,7,19694.1581737848,5386.36283046546,0,53,0,183,0,0,0
70,53,8,0,5,0,0,0,0,0,0,0
70,54,1,3387.80478423232,1341.24636791688,0,0,0,123,0,0,0
70,54,2,3377.88113989611,858.072852714481,0,8,0,186,0,0,0
70,54,3,3491.55253114805,1682.61262871712,0,0,0,87,0,0,0
70,54,4,3764.80364851091,1966.6089301458,0,0,0,68,0,0,0
70,54,5,3983.04471503365,1200.64633148493,0,19,0,162,0,0,0
70,54,6,4010.83903948419,939.047471849544,0,0,0,135,0,0,0
70,54,7,19742.6313272347,5352.14263157966,0,57,0,191,0,0,0
70,54,8,0,5,0,0,0,0,0,0,0
70,55,1,3400.46553826267,1184.83724253929,0,0,0,134,0,0,0
70,55,2,3361.50551179855,1433.68764073103,0,0,0,85,0,0,0
70,55,3,3499.75765123681,1056.55089656664,0,0,0,168,0,0,0
70,55,4,3781.0783402809,1691.21049636978,2,0,0,169,0,0,0
70,55,5,3990.2334393361,1085.79865481497,0,0,0,120,0,0,0
70,55,6,4025.21002684592,739.98552889475,0,0,0,93,0,0,0
70,55,7,19783.9428987195,10065.3053323312,31,0,0,214,0,0,0
70,55,8,0,5,0,0,0,0,0,0,0
70,56,1,3435.9571441375,1672.09705656355,0,0,0,118,0,0,0
70,56,2,3387.01199875401,2216.32093167586,0,0,0,143,0,0,0
70,56,3,3501.0802926273,2520.10149041578,0,0,0,105,0,0,0
70,56,4,3839.00904440145,908.366183621552,0,0,0,169,0,0,0
70,56,5,4027.10447004209,1917.20151690853,0,0,0,108,0,0,0
70,56,6,4060.9022751328,1015.7670185614,0,0,0,73,0,0,0
70,56,7,19866.1336055353,8165.19887291356,20,3,0,217,0,0,0
70,56,8,0,5,0,0,0,0,0,0,0
70,57,1,3436.50464669989,1549.31996341013,0,68,0,99,0,0,0
70,57,2,3382.49599088372,998.299867210402,0,106,0,115,0,0,0
70,57,3,3491.97686733724,1625.9543311004,0,146,0,106,0,0,0
70,57,4,3823.61231482044,1807.03969483452,0,46,0,44,0,0,0
70,57,5,4022.78322324279,1235.67346356755,0,111,0,80,0,0,0
70,57,6,4062.23408216754,1322.97204005852,0,38,0,63,0,0,0
70,57,7,19900.9605953195,7833.4599807034,7,180,0,194,0,0,0
70,57,8,0,5,0,0,0,0,0,0,0
70,58,1,3481.61418782027,1354.16509740556,0,0,0,154,0,0,0
70,58,2,3402.4652608063,1948.49028474441,0,0,0,99,0,0,0
70,58,3,3527.88204964961,2070.46049613184,0,0,0,162,0,0,0
70,58,4,3878.42334717635,1744.59368294844,0,0,0,180,0,0,0
70,58,5,4073.36552541635,1440.51080194238,0,0,0,123,0,0,0
70,58,6,4117.39411118065,1470.40816345294,0,0,0,132,0,0,0
70,58,7,19961.060903725,10335.1110789448,30,0,0,194,0,0,0
70,58,8,0,5,0,0,0,0,0,0,0
70,59,1,3558.82164728104,1335.98190414372,0,0,0,135,0,0,0
70,59,2,3482.1830202017,1497.81487874395,0,0,0,187,0,0,0
70,59,3,3609.450106899,1610.30066524698,0,0,0,182,0,0,0
70,59,4,3981.082167286,1803.04150318587,0,0,0,172,0,0,0
70,59,5,4168.13635021149,768.173847149822,0,0,0,144,0,0,0
70,59,6,4237.62984195404,1759.32171702121,0,0,0,147,0,0,0
70,59,7,20061.2823995084,6873.57962976255,29,0,0,173,0,0,0
70,59,8,0,5,0,0,0,0,0,0,0
70,60,1,3581.07835547174,692.298131089664,0,0,0,133,0,0,0
70,60,2,3504.44343289171,947.807122285033,1,0,0,145,0,0,0
70,60,3,3641.22374851828,1309.71400854482,7,0,0,140,0,0,0
70,60,4,4008.33893519169,1939.21594494005,14,0,0,137,0,0,0
70,60,5,4185.5523277112,2341.93029026395,0,0,0,76,0,0,0
70,60,6,4295.19847886085,990.755853847152,0,0,0,175,0,0,0
70,60,7,20103.0608247952,6483.4820378123,170,0,0,192,0,0,0
70,60,8,0,5,0,0,0,0,0,0,0
70,61,1,3560.15238606272,2494.90735808447,67,0,0,2,0,0,0
70,61,2,3496.89603839907,1640.13648037336,53,0,0,41,0,0,0
70,61,3,3651.9551039439,819.188620730964,64,0,0,66,0,0,0
70,61,4,4029.80683789218,878.384471924705,101,0,0,92,0,0,0
70,61,5,4225.31923551596,1274.70089500472,124,0,0,110,0,0,0
70,61,6,4313.06403807255,856.307424457418,48,0,0,51,0,0,0
70,61,7,20194.5510843528,5999.76481379984,352,0,0,283,0,0,2
70,61,8,0,5,0,0,0,0,0,0,0
70,62,1,3538.08240510878,1299.16507540671,247,0,0,2,0,0,0
70,62,2,3499.67666294073,2167.62401447362,72,0,0,92,0,0,0
70,62,3,3636.65015670891,1750.98637210384,37,0,0,44,0,0,0
70,62,4,4023.40671721501,1778.42757666905,53,0,0,34,0,0,0
70,62,5,4232.27239046508,1169.55565794058,77,0,0,50,0,0,0
70,62,6,4316.55442849271,1529.08057193895,48,0,0,37,0,0,0
70,62,7,20231.1389259298,14655.8726200861,317,0,0,282,0,0,0
70,62,8,0,5,0,0,0,0,0,0,0
70,63,1,3558.16602585623,870.314861824151,0,0,0,129,0,0,0
70,63,2,3534.5008190253,1035.56813027076,0,0,0,204,0,0,0
70,63,3,3667.09179513031,1867.02863810129,0,0,0,175,0,0,0
70,63,4,4056.7416575224,1109.70559033039,0,0,0,177,0,0,0
70,63,5,4261.82497996839,1733.86562426326,0,0,0,116,0,0,0
70,63,6,4348.40398348586,1393.20902378433,0,0,0,152,0,0,0
70,63,7,20233.7514414011,4234.62146919221,38,0,0,207,0,0,0
70,63,8,0,5,0,0,0,0,0,0,0
70,64,1,3547.23816088432,1372.52809350508,64,0,0,23,0,0,0
70,64,2,3535.15209681788,800.355575982806,53,0,0,50,0,0,0
70,64,3,3676.81760887395,1405.34376289244,107,0,0,79,0,0,0
70,64,4,4067.22486756705,1206.95432356919,49,0,0,61,0,0,0
70,64,5,4278.85994407997,792.423514936622,86,0,0,87,0,0,0
70,64,6,4365.55511227082,1780.54443891888,73,0,0,66,0,0,0
70,64,7,20238.5726197608,12569.5497705712,183,1,0,159,0,0,7
70,64,8,0,5,0,0,0,0,0,0,0
70,65,1,3562.2319145892,2639.2009898603,0,0,0,137,0,0,0
70,65,2,3549.73990670418,1748.05887728909,0,0,0,80,0,0,0
70,65,3,3705.34562560369,855.410561601363,0,0,0,140,0,0,0
70,65,4,4105.43432901238,747.949960487452,0,0,0,120,0,0,0
70,65,5,4294.26984800874,1631.15283168138,0,0,0,79,0,0,0
70,65,6,4420.87910950829,1596.60949852443,0,0,0,174,0,0,0
70,65,7,20218.4675968439,10066.8837525009,37,0,0,200,0,0,0
70,65,8,0,5,0,0,0,0,0,0,0
70,66,1,3614.34351025525,1700.47289923305,3,0,0,189,0,0,0
70,66,2,3605.3686561792,1567.01144813736,0,0,0,174,0,0,0
70,66,3,3737.03643910768,1391.15070753655,0,0,0,85,0,0,0
70,66,4,4136.29695582607,1507.07763420263,0,0,0,74,0,0,0
70,66,5,4361.25511875913,992.364797650232,0,0,0,163,0,0,0
70,66,6,4481.97612692165,1692.72989990117,0,0,0,159,0,0,0
70,66,7,20242.1367692647,10660.494935454,34,0,0,217,0,0,0
70,66,8,0,5,0,0,0,0,0,0,0
70,67,1,3655.34158499956,1526.98484783222,0,0,0,170,0,0,0
70,67,2,3642.41169145978,1322.73826828177,0,0,0,156,0,0,0
70,67,3,3766.73405523709,981.719716347502,0,0,0,139,0,0,0
70,67,4,4191.52829777089,2020.62138198493,0,0,0,150,0,0,0
70,67,5,4398.88303095068,1053.62927772569,0,0,0,99,0,0,0
70,67,6,4550.89536221939,2552.23571903321,0,0,0,169,0,0,0
70,67,7,20229.0920633962,10869.5814693724,38,0,0,190,0,0,0
70,67,8,0,5,0,0,0,0,0,0,0
70,68,1,3653.62575350143,1394.73000201697,0,0,0,152,0,0,0
70,68,2,3658.43857556029,1301.52209753246,0,0,0,132,0,0,0
70,68,3,3777.99895533655,2004.74869466381,0,0,0,98,0,0,0
70,68,4,4241.30068474248,2423.02181252677,0,0,0,194,0,0,0
70,68,5,4416.61041600986,1573.73420784318,0,0,0,105,0,0,0
70,68,6,4611.6522656712,2050.07653797102,2,0,0,205,0,0,0
70,68,7,20215.0130398988,7244.23926236023,38,0,0,223,0,0,10
70,68,8,0,5,0,0,0,0,0,0,0
70,69,1,3748.59070818117,1189.19931306625,0,0,0,139,0,0,0
70,69,2,3734.40779291721,2617.37737497742,0,0,0,130,0,0,0
70,69,3,3872.18839631526,2359.61349101045,8,0,0,175,0,0,0
70,69,4,4382.6022512482,1416.7804696794,30,0,0,151,0,0,0
70,69,5,4544.35735800991,1858.23304823306,0,0,0,157,0,0,0
70,69,6,4775.60278689917,1394.31591575483,11,0,0,172,0,0,0
70,69,7,20282.7034743447,12022.4014744547,172,0,0,206,0,0,0
70,69,8,0,5,0,0,0,0,0,0,0
70,70,1,3749.64971491912,758.526934776436,0,0,0,118,0,0,0
70,70,2,3767.61029556556,2056.47609005881,2,0,0,224,0,0,0
70,70,3,3905.34106938446,1333.95204269045,2,0,0,196,0,0,0
70,70,4,4421.29209939119,803.959086843315,0,0,0,141,0,0,0
70,70,5,4589.86284294717,2291.16947211648,0,0,0,185,0,0,0
70,70,6,4799.83402658419,1164.4998789386,0,0,0,139,0,0,0
70,70,7,20258.742043027,5655.84669982808,59,0,0,240,0,0,0
70,70,8,0,5,0,0,0,0,0,0,0
70,71,1,3736.92392502726,1597.43506546053,0,34,0,41,0,0,0
70,71,2,3765.75737760976,999.813617317992,0,113,0,92,0,0,0
70,71,3,3911.03135480708,1278.66098146066,0,71,0,62,0,0,0
70,71,4,4415.0693257272,2023.01166928188,0,46,0,34,0,0,0
70,71,5,4620.46874312062,3339.26757110185,0,130,0,99,0,0,0
70,71,6,4811.84224614472,2050.71692127755,0,56,0,60,0,0,0
70,71,7,20282.146282247,8336.30943831747,0,276,0,289,0,0,0
70,71,8,0,5,0,0,0,0,0,0,0
70,72,1,3808.43034927395,960.560947222563,0,0,0,159,0,0,0
70,72,2,3804.9464315253,1789.29554441179,0,0,0,99,0,0,0
70,72,3,3974.09328028722,1500.63615228394,0,0,0,127,0,0,0
70,72,4,4519.66059477901,1784.21936518459,0,0,0,196,0,0,0
70,72,5,4742.90501323631,1617.03795320671,4,1,0,197,0,0,0
70,72,6,4953.66163973247,2344.93924809511,0,0,0,201,0,0,0
70,72,7,20363.064472632,8792.94892195805,26,0,0,214,0,0,1
70,72,8,0,5,0,0,0,0,0,0,0
70,73,1,3831.09849238847,1510.06572309667,0,0,0,96,0,0,0
70,73,2,3862.7108993736,1381.15884955301,0,0,0,178,0,0,0
70,73,3,4033.51696314391,1882.83790916735,0,0,0,150,0,0,0
70,73,4,4599.90969010232,1913.42645992242,0,0,0,178,0,0,0
70,73,5,4804.94007010765,1374.05201328757,0,0,0,161,0,0,0
70,73,6,5054.14259854967,3306.01886578114,0,0,0,199,0,0,3
70,73,7,20424.5577843465,7077.93194905857,22,0,0,230,0,0,0
70,73,8,0,5,0,0,0,0,0,0,0
70,74,1,3883.92244738679,1488.30881058243,0,0,0,151,0,0,0
70,74,2,3914.9284114058,1190.13033856272,0,0,0,138,0,0,0
70,74,3,4095.57679392773,2096.02317709405,0,0,0,186,0,0,0
70,74,4,4684.35463664825,1299.55998378901,0,0,0,191,0,0,0
70,74,5,4872.73126890739,2250.91123022617,0,0,0,137,0,0,0
70,74,6,5144.65942142431,2959.36656617877,18,0,0,195,0,0,0
70,74,7,20461.6728926519,5320.45495066879,73,0,0,174,0,0,0
70,74,8,0,5,0,0,0,0,0,0,0
70,75,1,3880.48164753997,1401.59523288311,118,0,0,30,0,0,0
70,75,2,3919.77346385085,824.568770583637,63,0,0,56,0,0,0
70,75,3,4130.20231830788,1468.56937285494,115,0,0,94,0,0,0
70,75,4,4712.47353395406,1768.69172959548,61,0,0,68,0,0,0
70,75,5,4933.13891715698,1468.44997221423,115,0,0,110,0,0,0
70,75,6,5231.28259724747,1496.16541550309,131,0,0,164,0,0,0
70,75,7,20543.5070677579,5442.18235704397,244,0,0,288,0,0,0
70,75,8,0,5,0,0,0,0,0,0,0
70,76,1,3932.72318731291,1290.22388803421,0,0,0,140,0,0,0
70,76,2,3951.30561571709,1880.21459162788,0,0,0,82,0,0,0
70,76,3,4202.17764946076,587.100658377899,0,0,0,146,0,0,0
70,76,4,4813.33437613976,1649.48959429133,0,0,0,176,0,0,0
70,76,5,5017.09041256389,1333.7935741107,11,0,0,123,0,0,0
70,76,6,5324.40101535706,2308.41759806103,0,0,0,149,0,0,0
70,76,7,20595.3204043174,6549.98810917496,165,0,0,197,0,0,0
70,76,8,0,5,0,0,0,0,0,0,0
70,77,1,3980.68235232282,2324.02092268406,0,0,0,129,0,0,0
70,77,2,4029.49270466807,2403.77238182472,0,0,0,188,0,0,0
70,77,3,4221.83208728961,1721.22885964738,0,0,0,58,0,0,0
70,77,4,4905.53521459288,3143.64444618224,0,0,0,164,0,0,0
70,77,5,5080.66335445476,1159.48234206227,0,0,0,133,0,0,0
70,77,6,5415.15282734721,2679.76729838914,15,0,0,162,0,0,0
70,77,7,20627.9861801966,8736.91771461807,115,0,0,158,0,0,0
70,77,8,0,5,0,0,0,0,0,0,0
70,78,1,4067.0327278415,1926.83960578069,1,0,0,204,0,0,1
70,78,2,4092.39710377291,581.862581916245,4,0,0,186,0,0,0
70,78,3,4282.23070699726,1712.46014016953,0,0,0,172,0,0,0
70,78,4,5038.33643406167,2055.23682080462,11,0,0,181,0,0,0
70,78,5,5164.29471112686,2587.54479417021,0,0,0,115,0,0,0
70,78,6,5546.66883417898,1283.79724886782,6,0,0,190,0,0,0
70,78,7,20662.8413408172,7007.09399634781,56,0,0,182,0,0,0
70,78,8,0,5,0,0,0,0,0,0,0
70,79,1,4105.23057543861,1268.3578298375,131,0,0,61,0,0,0
70,79,2,4096.91480847172,2794.21290830099,35,0,0,23,0,0,0
70,79,3,4324.08852303119,2006.30396650074,86,0,0,85,0,0,0
70,79,4,5143.08419900933,2926.39813750226,88,0,0,117,0,0,0
70,79,5,5244.98465747114,1503.48708118691,146,0,0,112,0,0,0
70,79,6,5620.68037753104,1999.42185986585,58,0,0,70,0,0,0
70,79,7,20789.3263853506,4011.92827783992,244,2,0,270,0,0,14
70,79,8,0,5,0,0,0,0,0,0,0
70,80,1,4140.61270881475,973.959819188037,0,0,0,126,0,0,0
70,80,2,4158.14286273322,1883.82470495013,56,0,0,145,0,0,0
70,80,3,4395.0654172899,937.535686968436,18,0,0,156,0,0,0
70,80,4,5288.36318811628,2352.88172043793,48,0,0,177,0,0,0
70,80,5,5415.32258684536,2359.30527711743,0,0,0,150,0,0,0
70,80,6,5736.08328701845,1865.69805520159,23,0,0,144,0,0,0
70,80,7,20802.9307321031,11435.3426208286,105,0,0,149,0,0,0
70,80,8,0,5,0,0,0,0,0,0,0
70,81,1,4151.21818182333,1444.56097121351,0,0,0,97,0,0,0
70,81,2,4206.68534407861,1370.24477109294,0,0,0,168,0,0,0
70,81,3,4419.04103424513,1717.03255583548,0,0,0,93,0,0,0
70,81,4,5371.83890132597,2439.17584331121,0,0,0,233,0,0,0
70,81,5,5478.51956654975,1687.48185972575,2,0,0,175,0,0,0
70,81,6,5813.81874057012,3633.64329568151,0,0,0,186,0,0,0
70,81,7,20784.6261565877,10162.1120518593,36,0,0,190,0,0,0
70,81,8,0,5,0,0,0,0,0,0,0
70,82,1,4240.9647024345,1883.24426647215,0,0,0,144,0,0,0
70,82,2,4283.4844329927,1265.0264692678,0,0,0,137,0,0,0
70,82,3,4532.274802813,1615.80015263163,0,0,0,171,0,0,0
70,82,4,5523.80226493395,1973.12956182197,1,0,0,194,0,0,0
70,82,5,5665.37132922545,2157.92643912421,0,0,0,168,0,0,0
70,82,6,5999.04501583912,1726.76098838522,5,0,0,199,0,0,0
70,82,7,20856.6885084125,11297.2849852381,28,0,0,207,0,0,2
70,82,8,0,5,0,0,0,0,0,0,0
70,83,1,4289.88874790149,1699.19561734413,0,0,0,188,0,0,0
70,83,2,4312.2103256979,1906.55217376792,0,0,0,126,0,0,0
70,83,3,4579.34912016978,1483.09152508726,0,0,0,161,0,0,0
70,83,4,5598.39021814599,3442.61634907849,0,0,0,190,0,0,0
70,83,5,5753.30829387351,3511.84395671727,0,0,0,189,0,0,0
70,83,6,6069.40149229908,985.041848061875,0,0,0,172,0,0,0
70,83,7,20845.5944652398,10823.0810479535,27,0,0,196,0,0,0
70,83,8,0,5,0,0,0,0,0,0,0
70,84,1,4345.13501476691,1028.83711405152,0,0,0,169,0,0,0
70,84,2,4378.92465732963,1829.17447409486,0,0,0,190,0,0,0
70,84,3,4631.65593343874,1515.49351856894,0,0,0,148,0,0,0
70,84,4,5704.32159202264,2106.90231001557,5,0,0,198,0,0,0
70,84,5,5871.74843761127,2638.38188682004,4,0,0,216,0,0,2
70,84,6,6114.59854208101,2482.68948807156,0,0,0,98,0,0,0
70,84,7,20855.4954992745,4887.50372347947,30,0,0,273,0,0,0
70,84,8,0,5,0,0,0,0,0,0,0
70,85,1,4385.14030228678,3398.26967214845,0,0,0,102,0,0,0
70,85,2,4475.07199675736,1844.14206437603,6,0,0,166,0,0,0
70,85,3,4703.89844179089,1431.14181884991,0,0,0,151,0,0,0
70,85,4,5891.96126714013,2095.46103898954,17,0,0,164,0,0,0
70,85,5,6000.97056790661,1686.59936555891,40,0,0,159,0,0,0
70,85,6,6245.05514539587,1692.37458833269,27,0,0,176,0,0,0
70,85,7,20874.8258009271,4422.23508162889,120,0,0,174,0,0,0
70,85,8,0,5,0,0,0,0,0,0,0
70,86,1,4412.41669747553,2995.42035612368,167,0,0,106,0,0,0
70,86,2,4517.0031860684,1789.09301750669,33,0,0,138,0,0,0
70,86,3,4741.80061934034,1382.23427965799,7,0,0,133,0,0,0
70,86,4,5974.45111812712,2365.87356839364,38,0,0,155,0,0,0
70,86,5,6057.58426460869,2270.98763954048,27,0,0,130,0,0,0
70,86,6,6300.69667370593,3507.42176729345,42,0,0,110,0,0,0
70,86,7,20854.9636312967,8106.35242978963,171,0,0,202,0,0,0
70,86,8,0,5,0,0,0,0,0,0,0
70,87,1,4505.08508403642,1486.22829840971,8,0,0,167,0,0,0
70,87,2,4601.79058021092,2221.66239070524,0,0,0,178,0,0,0
70,87,3,4810.23110452299,1815.22525176187,0,0,0,138,0,0,0
70,87,4,6221.99328702071,3122.87137979559,2,0,0,192,0,0,1
70,87,5,6285.99232629761,2103.09081680285,3,0,0,176,0,0,0
70,87,6,6503.56173117315,5083.42925676676,10,0,0,192,0,0,0
70,87,7,20854.7944826071,8183.45542621834,40,0,0,190,0,0,0
70,87,8,0,5,0,0,0,0,0,0,0
70,88,1,4574.50354805233,1970.56527802532,0,0,0,148,0,0,0
70,88,2,4679.40387506562,1992.07298179729,0,0,0,222,0,0,0
70,88,3,4886.46889340996,733.05703687089,0,0,0,181,0,0,0
70,88,4,6339.22560461586,3649.31618426003,6,0,0,196,0,0,0
70,88,5,6400.30641344776,3051.22939876749,0,0,0,204,0,0,0
70,88,6,6669.89139914906,2390.63868132917,15,0,0,217,0,0,2
70,88,7,20836.3822758136,11571.4360114412,35,0,0,191,0,0,0
70,88,8,0,5,0,0,0,0,0,0,0
70,89,1,4628.83504889211,2421.07450374137,0,0,0,182,0,0,1
70,89,2,4745.93640793224,3257.37404922434,0,0,0,199,0,0,0
70,89,3,4896.28374088449,3076.04128396378,0,0,0,73,0,0,0
70,89,4,6446.4624801549,2264.25380534749,4,0,0,205,0,0,0
70,89,5,6548.39785036384,1557.27460517023,2,0,0,225,0,0,0
70,89,6,6778.96040509054,2961.7342662215,0,0,0,218,0,0,0
70,89,7,20810.2751631584,4901.72077643005,31,0,0,222,0,0,0
70,89,8,0,5,0,0,0,0,0,0,0
70,90,1,4652.70332100629,856.956982774725,0,117,0,125,0,0,0
70,90,2,4798.36313755509,2061.22727371637,0,168,0,157,0,0,0
70,90,3,4927.36203279644,3234.89478086237,0,174,0,132,0,0,0
70,90,4,6493.13057974111,2453.61717544302,0,112,0,114,0,0,0
70,90,5,6586.43280467528,3013.96672348684,0,73,0,82,0,0,0
70,90,6,6854.3544328419,2760.70691184936,0,161,0,135,0,0,0
70,90,7,20797.4729655469,4460.30219518728,0,240,0,245,0,0,0
70,90,8,0,5,0,0,0,0,0,0,0
70,91,1,4701.27229759805,1510.37898097739,0,0,0,85,0,0,0
70,91,2,4930.03769490049,2033.90175761422,6,0,0,163,0,0,0
70,91,3,5109.14781213239,1296.09567194511,12,0,0,239,0,0,0
70,91,4,6893.17252092569,2569.15559109652,12,0,0,163,0,0,0
70,91,5,6976.52041696423,1623.47635767953,15,0,0,199,0,0,0
70,91,6,7122.95525387675,1624.06349050238,15,0,0,174,0,0,0
70,91,7,20865.2344427806,7394.98780366514,38,0,0,184,0,0,0
70,91,8,0,5,0,0,0,0,0,0,0
70,92,1,4757.65603286359,2702.19471774964,0,0,0,151,0,0,0
70,92,2,5024.85922738194,2603.49137496781,1,0,0,169,0,0,0
70,92,3,5199.70564007381,2325.68068004056,0,0,0,129,0,0,0
70,92,4,7047.52592977923,4646.06762885826,2,0,0,211,0,0,0
70,92,5,7093.0137881753,2738.53722714701,0,0,0,162,0,0,0
70,92,6,7272.22587351347,1911.93945608205,0,0,0,162,0,0,0
70,92,7,20900.9536528532,9594.11524493996,33,0,0,207,0,0,0
70,92,8,0,5,0,0,0,0,0,0,0
70,93,1,4863.88522377284,2909.90001124661,2,0,0,197,0,0,1
70,93,2,5107.67121594948,3243.65420294526,3,0,0,178,0,0,0
70,93,3,5309.03658634422,2303.30556275521,2,0,0,167,0,0,0
70,93,4,7222.73360221148,2998.51322849056,10,0,0,202,0,0,0
70,93,5,7267.55232732529,2925.31750148065,2,0,0,226,0,0,0
70,93,6,7399.2176949474,2951.85483054652,0,0,0,164,0,0,0
70,93,7,20935.8305369075,4369.67585272702,31,0,0,201,0,0,0
70,93,8,0,5,0,0,0,0,0,0,0
70,94,1,4947.56880658802,1878.98689083261,74,0,0,165,0,0,0
70,94,2,5165.70077127998,1780.35850829884,108,0,0,140,0,0,0
70,94,3,5383.51830572726,3174.77180655975,48,0,0,148,0,0,0
70,94,4,7345.19933228278,2494.57155232222,87,0,0,151,0,0,0
70,94,5,7365.52583266395,2197.39701205391,74,0,0,166,0,0,0
70,94,6,7498.60202623413,4224.05494548176,74,0,0,169,0,0,0
70,94,7,20958.940491859,10916.9307577244,151,0,0,179,0,0,0
70,94,8,0,5,0,0,0,0,0,0,0
70,95,1,5007.40066987735,1447.01543049751,0,0,0,187,0,0,0
70,95,2,5238.21691790286,2909.23274822742,0,0,0,178,0,0,0
70,95,3,5463.21266566348,2594.98662943366,3,0,0,201,0,0,0
70,95,4,7443.59178552054,2852.00166760065,2,0,0,187,0,0,0
70,95,5,7472.18670802999,3185.20210422312,0,0,0,210,0,0,0
70,95,6,7630.67316315877,4568.56467137906,8,0,0,206,0,0,0
70,95,7,20955.6876565544,12567.7286803312,36,0,0,201,0,0,0
70,95,8,0,5,0,0,0,0,0,0,0
70,96,1,5049.54091557168,2356.97516363207,0,0,0,144,0,0,0
70,96,2,5323.19387656798,1587.31782428448,0,0,0,256,0,0,0
70,96,3,5538.98838540038,1310.78472059101,1,0,0,187,0,0,0
70,96,4,7652.83087655797,4864.0137356251,1,0,0,214,0,0,0
70,96,5,7597.35038247619,3885.81699107249,1,0,0,249,0,0,0
70,96,6,7767.8887711408,2239.53689579512,6,0,0,248,0,0,0
70,96,7,20936.840888212,10122.1278913867,30,0,0,216,0,0,0
70,96,8,0,5,0,0,0,0,0,0,0
70,97,1,5194.65205089639,2303.55353951666,7,0,0,177,0,0,0
70,97,2,5427.06149990094,1199.73037125665,0,0,0,158,0,0,0
70,97,3,5643.71084855039,1453.74054912147,0,0,0,131,0,0,0
70,97,4,7868.89999899407,2431.50334178432,37,0,0,173,0,0,0
70,97,5,7846.3944538488,2884.31742375682,24,0,0,189,0,0,0
70,97,6,8046.61522767432,1933.494411876,2,0,0,204,0,0,0
70,97,7,21009.7939390383,10521.3258817926,98,0,0,196,0,0,0
70,97,8,0,5,0,0,0,0,0,0,0
70,98,1,5252.04237936272,1432.48103677061,7,0,0,158,0,0,0
70,98,2,5462.67813522732,2930.6533277996,0,0,0,119,0,0,0
70,98,3,5709.73904704333,1722.09585128291,0,0,0,145,0,0,0
70,98,4,8012.55450838091,1160.47291991513,1,0,0,229,0,0,0
70,98,5,8072.90183520471,3879.4439787934,9,0,0,200,0,0,0
70,98,6,8175.77249370012,2701.91223672688,0,0,0,193,0,0,0
70,98,7,21012.140056857,8846.82327419359,90,0,0,211,0,0,0
70,98,8,0,5,0,0,0,0,0,0,0
70,99,1,5325.63356731268,3715.05749371855,46,0,0,88,0,0,0
70,99,2,5591.01291014886,3447.75327565538,110,0,0,161,0,0,0
70,99,3,5851.40269207879,3463.18762209214,25,0,0,142,0,0,0
70,99,4,8170.5886431517,4855.45183507645,0,0,0,116,0,0,0
70,99,5,8446.45605603172,2701.32050017785,164,0,0,191,0,0,0
70,99,6,8436.82695439317,3079.30634073883,100,0,0,150,0,0,0
70,99,7,21084.2837195129,5486.60158662694,199,4,0,179,0,0,12
70,99,8,0,5,0,0,0,0,0,0,0
70,100,1,5395.05367822267,2443.66432505357,169,0,0,118,0,0,0
70,100,2,5706.49103105726,2389.16946929009,113,0,0,175,0,0,0
70,100,3,5936.80917374146,3058.91327349695,126,0,0,157,0,0,0
70,100,4,8418.76658125475,1433.50972327236,164,0,0,239,0,0,0
70,100,5,8551.35935432281,3310.05067602209,80,0,0,150,0,0,0
70,100,6,8547.20990586914,1881.53029189985,104,0,0,151,0,0,0
70,100,7,21075.6023386512,10840.1379921488,201,0,0,247,0,0,0
70,100,8,0,5,0,0,0,0,0,0,0
71,1,1,2688.7024,1061.70807791219,0,9,0,5,0,0,0
71,1,2,2692.0496,1196.67152915316,0,34,0,41,0,0,0
71,1,3,2683.26368,668.428139238753,0,29,0,23,0,0,0
71,1,4,2693.6416,799.436024980611,0,39,0,41,0,0,0
71,1,5,2693.856,870.093152691325,0,62,0,34,0,0,0
71,1,6,2685.46528,1121.96647274396,0,41,0,24,0,0,0
71,1,7,20995.1327999998,6780.77543323575,0,20,0,25,0,0,0
71,1,8,0,7,0,29,0,39,0,0,0
71,2,1,2699.0624,933.792840439575,0,0,0,106,0,0,0
71,2,2,2705.9232,1373.763603557,0,0,0,119,0,0,0
71,2,3,2690.22368,1359.0954259733,0,0,0,66,0,0,0
71,2,4,2707.1536,1403.25208150963,0,0,0,79,0,0,0
71,2,5,2707.832,1075.10502474118,0,0,0,87,0,0,0
71,2,6,2702.03968,1129.62932117756,0,0,0,112,0,0,0
71,2,7,20930.6751999998,6774.93999990897,28,0,0,190,0,0,0
71,2,8,0,7,0,0,0,0,0,0,0
71,3,1,2704.4304,973.516417168986,0,0,0,93,0,0,0
71,3,2,2723.4608,1231.84931195258,0,0,0,137,0,0,0
71,3,3,2710.57568,1141.17210944097,0,0,0,135,0,0,0
71,3,4,2728.2816,1669.95151307389,0,0,0,140,0,0,0
71,3,5,2724.9136,790.446826555643,0,0,0,107,0,0,0
71,3,6,2716.108224,1289.37849112914,0,0,0,112,0,0,0
71,3,7,20871.6191999997,7874.62729341382,25,0,0,203,0,0,0
71,3,8,0,7,0,0,0,0,0,0,0
71,4,1,2709.861504,996.35177655809,0,0,0,97,0,0,0
71,4,2,2740.4624,1009.55706984307,0,0,0,123,0,0,0
71,4,3,2726.65056,663.641868857474,0,0,0,114,0,0,0
71,4,4,2756.1696,1184.88129970073,0,0,0,166,0,0,0
71,4,5,2733.1536,652.64924242664,0,0,0,79,0,0,0
71,4,6,2734.928704,1034.39375072914,0,0,0,128,0,0,0
71,4,7,20809.2831999996,4371.68131303464,25,0,0,187,0,0,0
71,4,8,0,7,0,0,0,0,0,0,0
71,5,1,2706.239104,1185.00378064581,0,48,0,51,0,0,0
71,5,2,2736.5648,1037.20220115161,0,44,0,56,0,0,0
71,5,3,2723.97856,1223.6714077812,0,35,0,31,0,0,0
71,5,4,2757.8656,1066.84980069,0,57,0,61,0,0,0
71,5,5,2729.5936,1336.72933051171,0,41,0,24,0,0,0
71,5,6,2734.547904,815.721584325827,0,43,0,60,0,0,0
71,5,7,20733.2367999995,2050.95565541345,0,211,0,226,0,0,0
71,5,8,0,7,0,0,0,0,0,0,0
71,6,1,2711.207104,1110.70661119213,55,0,0,63,0,0,0
71,6,2,2740.4128,1205.77848963068,59,0,0,44,0,0,0
71,6,3,2733.99456,944.486798413853,55,0,0,67,0,0,0
71,6,4,2767.5856,951.237415234225,55,0,0,51,0,0,0
71,6,5,2740.7376,1400.3948348355,64,0,0,69,0,0,0
71,6,6,2736.981504,1133.7309159863,48,0,0,33,0,0,0
71,6,7,20669.4476799994,8315.93900573853,94,0,0,111,0,0,0
71,6,8,0,7,0,0,0,0,0,0,0
71,7,1,2726.213504,1313.19700216678,0,0,0,111,0,0,0
71,7,2,2763.4144,391.182335365592,0,0,0,120,0,0,0
71,7,3,2752.28096,1614.41494006979,0,0,0,94,0,0,0
71,7,4,2786.36,600.591606391744,0,0,0,95,0,0,0
71,7,5,2769.27359999999,699.158234391339,0,0,0,140,0,0,0
71,7,6,2756.917504,1213.47611937146,0,0,0,113,0,0,0
71,7,7,20606.2256639993,10990.1380803489,30,0,0,198,0,0,0
71,7,8,0,7,0,0,0,0,0,0,0
71,8,1,2744.203904,1223.75220443381,0,0,0,131,0,0,0
71,8,2,2767.336,1525.59342282889,0,0,0,39,0,0,0
71,8,3,2783.67616,1142.53436393317,0,0,0,161,0,0,0
71,8,4,2798.53088,1292.73917206062,0,0,0,60,0,0,0
71,8,5,2782.03359999999,1366.88529229995,0,0,0,69,0,0,0
71,8,6,2777.47622399999,1527.57879524193,0,0,0,121,0,0,0
71,8,7,20540.8196479992,10812.2640568703,24,0,0,189,0,0,1
71,8,8,0,7,0,0,0,0,0,0,0
71,9,1,2757.36390400001,1072.30320954412,0,0,0,122,0,0,0
71,9,2,2792.66592,767.623063686643,0,0,0,152,0,0,0
71,9,3,2804.23616,1367.41699949798,0,0,0,114,0,0,0
71,9,4,2823.6864,1075.13084752914,0,0,0,129,0,0,0
71,9,5,2808.08959999999,940.629199392383,0,0,0,136,0,0,0
71,9,6,2803.63936,1216.37248168823,0,0,0,152,0,0,0
71,9,7,20476.6040191992,8131.35991832896,21,0,0,211,0,0,0
71,9,8,0,7,0,0,0,0,0,0,0
71,10,1,2769.91924480001,1420.6298249194,0,0,0,107,0,0,0
71,10,2,2798.12512,1351.32087238428,0,0,0,76,0,0,0
71,10,3,2829.970496,1370.9063345602,0,0,0,136,0,0,0
71,10,4,2844.395584,448.073348871843,0,0,0,107,0,0,0
71,10,5,2824.82719999999,914.400962204982,0,0,0,94,0,0,0
71,10,6,2820.90010879999,418.838557984732,0,0,0,121,0,0,0
71,10,7,20410.9765631991,6897.30617835202,71,0,0,211,0,0,0
71,10,8,0,7,0,0,0,0,0,0,0
71,11,1,2780.63988480001,1024.31231422261,13,0,0,116,0,0,0
71,11,2,2818.10272,1566.22121614557,0,0,0,135,0,0,0
71,11,3,2851.97881599999,689.771219388792,0,0,0,137,0,0,0
71,11,4,2848.763584,788.363464247254,0,0,0,44,0,0,0
71,11,5,2838.53887999999,943.598970870194,0,0,0,91,0,0,0
71,11,6,2820.7241088,1350.57338995411,0,0,0,41,0,0,0
71,11,7,20354.890547199,8726.326176282,213,0,0,262,0,0,1
71,11,8,0,7,0,0,0,0,0,0,0
71,12,1,2787.13428480001,670.393888788388,0,0,0,102,0,0,0
71,12,2,2837.52736,703.354531113975,0,0,0,156,0,0,0
71,12,3,2852.6207488,1182.37857697578,0,0,0,68,0,0,0
71,12,4,2855.45510399999,763.26273524559,0,0,0,78,0,0,0
71,12,5,2849.27827199999,1002.3916880803,0,0,0,94,0,0,0
71,12,6,2839.0124928,1259.24242820515,0,0,0,135,0,0,0
71,12,7,20305.9379711989,4025.18658774008,79,0,0,234,0,0,1
71,12,8,0,7,0,0,0,0,0,0,0
71,13,1,2776.10823680001,1570.9087844444,0,34,0,33,0,0,0
71,13,2,2827.241984,830.693737581475,0,41,0,29,0,0,0
71,13,3,2847.8827136,1924.17363843822,0,62,0,56,0,0,0
71,13,4,2852.33504,941.371085864536,0,28,0,48,0,0,0
71,13,5,2847.52787199999,1302.5483884868,0,50,0,50,0,0,0
71,13,6,2844.2528128,407.404806451487,0,51,0,74,0,0,0
71,13,7,20249.7459174388,7546.39598940309,0,188,0,214,0,0,0
71,13,8,0,7,0,0,0,0,0,0,0
71,14,1,2796.84719360001,699.681747659726,0,0,0,157,0,0,0
71,14,2,2839.19020800001,1458.7819572877,0,0,0,83,0,0,0
71,14,3,2884.1700736,1089.62196787332,0,0,0,177,0,0,0
71,14,4,2866.41471999999,1126.48584527995,0,0,0,94,0,0,0
71,14,5,2874.84127999999,1875.60198591978,0,0,0,130,0,0,0
71,14,6,2850.7264768,1418.14594023626,0,0,0,40,0,0,0
71,14,7,20231.9025254387,7500.32381225941,27,0,0,217,0,0,0
71,14,8,0,7,0,0,0,0,0,0,0
71,15,1,2800.71142656001,1749.06181650921,0,0,0,69,0,0,0
71,15,2,2864.27315456001,1890.71066583883,0,0,0,145,0,0,0
71,15,3,2902.4338176,1557.73161264162,0,0,0,108,0,0,0
71,15,4,2887.5290368,1682.73648487024,0,0,0,112,0,0,0
71,15,5,2916.2828672,1142.65041234518,0,0,0,187,0,0,0
71,15,6,2880.2706816,686.183435016623,0,0,0,141,0,0,0
71,15,7,20209.2177254386,7956.01279549064,25,0,0,187,0,0,2
71,15,8,0,7,0,0,0,0,0,0,0
71,16,1,2828.62239232002,1125.40524345513,0,0,0,161,0,0,0
71,16,2,2906.72454963201,1284.70623467214,0,0,0,189,0,0,0
71,16,3,2936.72166656,679.824306745154,0,0,0,155,0,0,0
71,16,4,2926.77700096,1423.68993199054,0,0,0,168,0,0,0
71,16,5,2941.869696,1586.10277397733,0,0,0,114,0,0,0
71,16,6,2892.5048192,607.230439413292,0,0,0,68,0,0,0
71,16,7,20192.3398374386,11053.2844298964,29,0,0,192,0,0,0
71,16,8,0,7,0,0,0,0,0,0,0
71,17,1,2838.17338112001,1270.79445221091,0,0,0,112,0,0,0
71,17,2,2926.59149363201,823.880225487561,0,0,0,128,0,0,0
71,17,3,2945.33870336001,864.828015872481,0,0,0,67,0,0,0
71,17,4,2953.1598132224,1409.65862194507,0,0,0,142,0,0,0
71,17,5,2974.01085184,1602.32965305077,0,0,0,158,0,0,0
71,17,6,2901.7739904,1276.77713516236,0,0,0,60,0,0,0
71,17,7,20167.8696934385,11327.8480080925,27,0,0,215,0,0,0
71,17,8,0,7,0,0,0,0,0,0,0
71,18,1,2846.75186432002,1465.98018542057,0,0,0,127,0,0,0
71,18,2,2930.19013683201,1003.62250472944,0,0,0,82,0,0,0
71,18,3,2953.35886848001,1845.3798079864,0,0,0,86,0,0,0
71,18,4,2973.9086132224,1528.18543286945,0,0,0,140,0,0,0
71,18,5,3000.33589504,1369.14595106604,0,0,0,160,0,0,0
71,18,6,2923.097753088,1078.6331488285,0,0,0,127,0,0,0
71,18,7,20130.9300582385,9665.98902907015,27,0,0,186,0,0,0
71,18,8,0,7,0,0,0,0,0,0,0
71,19,1,2862.53394432002,1263.72034492199,0,0,0,146,0,0,0
71,19,2,2937.69189427201,1176.32881984499,0,0,0,100,0,0,0
71,19,3,2982.78997248001,1347.78290263181,0,0,0,183,0,0,0
71,19,4,2999.9158452224,1137.22026308466,0,0,0,152,0,0,0
71,19,5,3026.93801420801,552.906479825822,0,0,0,136,0,0,0
71,19,6,2945.225451008,1412.95719094405,0,0,0,107,0,0,0
71,19,7,20095.9155814385,7490.00288501987,86,0,0,200,0,0,0
71,19,8,0,7,0,0,0,0,0,0,0
71,20,1,2872.24043827202,1234.91504838914,0,0,0,126,0,0,0
71,20,2,2950.32513587201,1118.52973610354,0,0,0,117,0,0,0
71,20,3,3000.26768128001,1415.84814424057,0,0,0,134,0,0,0
71,20,4,3012.9524276224,1006.82884299096,0,0,0,113,0,0,0
71,20,5,3027.45332940801,785.113445641088,0,0,0,55,0,0,0
71,20,6,2968.28444620801,1373.77930954855,0,0,0,141,0,0,0
71,20,7,20051.4350054384,6030.53533961534,155,0,0,171,0,0,0
71,20,8,0,7,0,0,0,0,0,0,0
71,21,1,2879.34741145602,1208.86525478206,0,0,0,123,0,0,0
71,21,2,2953.74800691201,959.25763078975,0,0,0,111,0,0,0
71,21,3,3014.82990848001,2096.3687691132,0,0,0,141,0,0,0
71,21,4,3025.37578762241,738.048245443601,0,0,0,100,0,0,0
71,21,5,3034.73444300801,1376.57363587035,0,0,0,78,0,0,0
71,21,6,2989.73229824001,469.158350581724,0,0,0,137,0,0,0
71,21,7,20014.3435366383,11325.0935815437,0,146,0,207,0,0,0
71,21,8,0,7,0,0,0,0,0,0,0
71,22,1,2883.34650982402,549.682019275867,0,0,0,120,0,0,0
71,22,2,2950.60188160002,903.142486567581,0,0,0,95,0,0,0
71,22,3,3045.22435389441,1671.7739597795,0,0,0,205,0,0,0
71,22,4,3027.16821002241,1462.41575741314,0,0,0,73,0,0,0
71,22,5,3051.51931084801,1424.8127044341,0,0,0,137,0,0,0
71,22,6,2986.69521920001,906.741479052956,0,0,0,46,0,0,0
71,22,7,19995.7432268783,7735.55356044104,24,1,0,202,0,0,0
71,22,8,0,7,0,0,0,0,0,0,0
71,23,1,2869.74049177602,592.973536675849,0,22,0,32,0,0,0
71,23,2,2940.66172160001,1490.3891310095,0,42,0,48,0,0,0
71,23,3,3047.30827888641,663.568781100697,0,65,0,102,0,0,0
71,23,4,3025.37934602241,990.933642996288,0,70,0,76,0,0,0
71,23,5,3052.08077004801,989.173364577371,0,66,0,76,0,0,0
71,23,6,2980.59352320001,1399.32953319183,0,45,0,45,0,0,0
71,23,7,19965.1867212782,10487.5478562856,8,142,0,174,0,0,0
71,23,8,0,7,0,0,0,0,0,0,0
71,24,1,2863.40485263362,944.499482990826,0,0,0,59,0,0,0
71,24,2,2958.18506496002,930.842961531565,0,0,0,149,0,0,0
71,24,3,3052.03641968642,1518.32651157268,0,0,0,66,0,0,0
71,24,4,3041.95802378241,1402.12372062816,0,0,0,99,0,0,0
71,24,5,3070.70425139201,891.250216041639,0,0,0,98,0,0,0
71,24,6,3006.75594997761,1578.19116903401,0,0,0,139,0,0,0
71,24,7,19963.9295923183,10525.5988715918,25,0,0,261,0,0,0
71,24,8,0,7,0,0,0,0,0,0,0
71,25,1,2869.43052994562,1067.62264094158,0,0,0,94,0,0,0
71,25,2,2963.20343552002,774.519389228748,0,0,0,93,0,0,0
71,25,3,3075.02690928641,1409.29525132796,0,0,0,151,0,0,0
71,25,4,3067.80789258241,734.332073417305,0,0,0,140,0,0,0
71,25,5,3085.10354739201,1104.99005392681,0,0,0,89,0,0,0
71,25,6,3037.79583733761,1232.09479174021,0,0,0,157,0,0,0
71,25,7,19958.0984627182,7800.503436414,23,0,0,218,0,0,0
71,25,8,0,7,0,0,0,0,0,0,0
71,26,1,2877.71059138562,1226.18822833597,0,0,0,106,0,0,0
71,26,2,2960.22840576002,1403.27340998169,0,0,0,77,0,0,0
71,26,3,3096.3145386189,1402.05698321164,0,0,0,140,0,0,0
71,26,4,3075.57993738241,1273.20475412692,0,0,0,73,0,0,0
71,26,5,3105.05847296001,1155.57065056094,0,0,0,110,0,0,0
71,26,6,3061.52552028161,1201.84026687981,0,0,0,123,0,0,0
71,26,7,19946.0228761582,7759.31731000368,67,0,0,190,0,0,0
71,26,8,0,7,0,0,0,0,0,0,0
71,27,1,2888.30665666562,1415.29119292227,0,0,0,122,0,0,0
71,27,2,2975.24650045442,1340.47538960327,0,0,0,140,0,0,0
71,27,3,3114.0109896909,1015.31927512218,0,0,0,140,0,0,0
71,27,4,3099.33173258241,1209.91156258085,0,0,0,127,0,0,0
71,27,5,3122.72049152001,1649.00992293733,0,0,0,115,0,0,0
71,27,6,3084.70821724162,1887.13726026545,0,0,0,120,0,0,0
71,27,7,19939.2785433582,8575.19688863475,66,0,0,188,0,0,0
71,27,8,0,7,0,0,0,0,0,0,0
71,28,1,2908.69837045762,830.225023461227,0,0,0,141,0,0,0
71,28,2,2992.28884838401,597.43524424874,0,0,0,134,0,0,0
71,28,3,3130.4603342029,2064.99335123467,0,0,0,101,0,0,0
71,28,4,3118.85359534081,1496.57301518727,0,0,0,120,0,0,0
71,28,5,3158.81337190401,967.7274813516,0,0,0,164,0,0,0
71,28,6,3121.49565081601,1596.55307093049,3,0,0,161,0,0,0
71,28,7,19937.9319930861,9721.67224904555,80,0,0,202,0,0,0
71,28,8,0,7,0,0,0,0,0,0,0
71,29,1,2904.49005676955,996.193215345153,0,0,0,83,0,0,0
71,29,2,2982.42044620801,1359.90682042122,0,0,0,59,0,0,0
71,29,3,3161.22142578689,810.091111635011,3,0,0,172,0,0,0
71,29,4,3146.81129556379,1075.64345835627,0,0,0,149,0,0,0
71,29,5,3170.76227778561,1209.5443409447,0,0,0,96,0,0,0
71,29,6,3152.68497508353,527.225718410744,0,0,0,156,0,0,0
71,29,7,19955.5821619181,7249.22588613314,63,0,0,283,0,0,0
71,29,8,0,7,0,0,0,0,0,0,0
71,30,1,2908.91094393243,1541.75390050936,0,0,0,99,0,0,0
71,30,2,2996.11618961409,590.0876096794,0,0,0,135,0,0,0
71,30,3,3165.51467685152,1435.89706235784,0,0,0,81,0,0,0
71,30,4,3156.24317726721,1596.02628800131,0,0,0,107,0,0,0
71,30,5,3188.95770239387,1195.27524142224,0,0,0,120,0,0,0
71,30,6,3158.37698785281,421.653864546034,0,0,0,52,0,0,0
71,30,7,19952.0847042541,12409.6144623641,176,2,0,171,0,0,9
71,30,8,0,7,0,0,0,0,0,0,0
71,31,1,2915.13317865883,1576.67400560311,0,0,0,154,0,0,0
71,31,2,2982.85086916609,872.791300879174,0,0,0,59,0,0,0
71,31,3,3171.85448047904,1692.92955478534,0,0,0,143,0,0,0
71,31,4,3167.33364254721,1331.26413977053,0,0,0,159,0,0,0
71,31,5,3193.07791743387,1048.8868847856,0,0,0,119,0,0,0
71,31,6,3149.69855201281,1508.02157324925,0,0,0,42,0,0,0
71,31,7,19959.9643663341,11377.0296645789,0,40,0,291,0,0,0
71,31,8,0,7,0,0,0,0,0,0,0
71,32,1,2904.29632897435,203.959129627449,0,101,0,56,0,0,0
71,32,2,2957.03377534977,1113.27683241589,0,46,0,41,0,0,0
71,32,3,3171.11276811552,1581.64337494509,0,77,0,92,0,0,0
71,32,4,3154.44653892486,1090.46843816708,0,60,0,73,0,0,0
71,32,5,3184.58669188793,1119.24798249113,0,53,0,51,0,0,0
71,32,6,3158.88415633409,1911.21063860175,0,68,0,82,0,0,0
71,32,7,19946.261464574,7003.56898371516,9,187,0,172,0,0,0
71,32,8,0,7,0,0,0,0,0,0,0
71,33,1,2893.46311514523,1188.33833168489,0,0,0,20,0,0,0
71,33,2,2971.92121243649,1595.05434689579,0,0,0,111,0,0,0
71,33,3,3198.61723473184,1065.61944465631,0,0,0,158,0,0,0
71,33,4,3173.43730699405,1285.63787536976,0,0,0,109,0,0,0
71,33,5,3200.49856941753,856.423435329967,0,0,0,111,0,0,0
71,33,6,3204.24223256659,1411.98265310598,0,0,0,191,0,0,0
71,33,7,19968.701292542,6247.61387766104,34,0,0,189,0,0,0
71,33,8,0,7,0,0,0,0,0,0,0
71,34,1,2904.15876178413,1809.84902662592,0,0,0,118,0,0,0
71,34,2,2989.93455976449,2045.31793631353,0,0,0,159,0,0,0
71,34,3,3203.23476509984,1357.33817937522,0,0,0,106,0,0,0
71,34,4,3190.34641204365,1546.22201012012,0,0,0,128,0,0,0
71,34,5,3206.68651181754,993.23706242115,0,0,0,85,0,0,0
71,34,6,3236.05677840467,1069.43557617887,0,0,0,141,0,0,0
71,34,7,19986.852627454,6698.22457606575,25,0,0,201,0,0,0
71,34,8,0,7,0,0,0,0,0,0,0
71,35,1,2931.17008100656,1679.9299449746,0,0,0,180,0,0,0
71,35,2,3017.29877936129,811.076331893664,1,0,0,178,0,0,1
71,35,3,3218.49117039904,1825.30775175439,0,0,0,135,0,0,0
71,35,4,3212.01914566674,1508.63866468189,0,0,0,154,0,0,0
71,35,5,3221.89927904954,1877.38711427484,0,0,0,99,0,0,0
71,35,6,3257.22885417453,1675.06051750718,0,0,0,106,0,0,0
71,35,7,20014.5427906539,4831.27836172348,26,0,0,229,0,0,0
71,35,8,0,7,0,0,0,0,0,0,0
71,36,1,2948.30884538651,948.601944639063,19,0,0,138,0,0,0
71,36,2,3015.47435585537,1071.2573868457,0,0,0,81,0,0,0
71,36,3,3237.65809731257,856.388097489375,31,0,0,136,0,0,0
71,36,4,3227.96271441627,831.541322707249,16,0,0,126,0,0,0
71,36,5,3246.23150402848,1565.7154292746,30,0,0,142,0,0,0
71,36,6,3282.53439795693,1121.02990958621,27,0,0,127,0,0,0
71,36,7,20029.9216015339,8149.26560277251,178,0,0,216,0,0,0
71,36,8,0,7,0,0,0,0,0,0,0
71,37,1,2953.72287119643,1551.74316258936,0,0,0,94,0,0,0
71,37,2,3017.35561345025,627.799500838018,0,0,0,107,0,0,0
71,37,3,3235.74886808372,763.440910691911,0,0,0,85,0,0,0
71,37,4,3237.73480411976,1382.69473688562,0,0,0,83,0,0,0
71,37,5,3281.87833970297,2205.62233946972,0,0,0,156,0,0,0
71,37,6,3306.27322350897,1401.55532554514,0,0,0,112,0,0,0
71,37,7,20055.5890313195,7393.51370280743,43,0,0,212,0,0,0
71,37,8,0,7,0,0,0,0,0,0,0
71,38,1,2981.90948865978,924.797015834134,0,0,0,155,0,0,0
71,38,2,3013.0315811709,1176.25747026256,0,0,0,62,0,0,0
71,38,3,3244.65627662337,461.584649361565,0,0,0,76,0,0,0
71,38,4,3272.51708578764,2137.64657757821,0,0,0,138,0,0,0
71,38,5,3332.71320402266,1826.08281675094,2,0,0,189,0,0,0
71,38,6,3350.01975440279,1426.73797950882,0,0,0,140,0,0,0
71,38,7,20072.0149575659,9451.1623842033,50,0,0,160,0,0,1
71,38,8,0,7,0,0,0,0,0,0,0
71,39,1,2987.81943855771,1237.80586631323,0,0,0,92,0,0,0
71,39,2,3026.79317678818,918.496855097189,0,0,0,117,0,0,0
71,39,3,3235.71152408578,652.495584890568,0,0,0,46,0,0,0
71,39,4,3311.99388159082,1365.34506390043,1,0,0,198,0,0,0
71,39,5,3375.15437000643,2298.41339946372,0,0,0,181,0,0,0
71,39,6,3390.28769646548,1345.71789776872,0,0,0,142,0,0,0
71,39,7,20097.6357438033,12480.1361697779,49,0,0,198,0,0,1
71,39,8,0,7,0,0,0,0,0,0,0
71,40,1,2989.71047789211,1205.63530767758,0,0,0,123,0,0,0
71,40,2,3028.41329459528,1277.44962200062,0,0,0,91,0,0,0
71,40,3,3225.77010493179,1757.44319970615,0,0,0,65,0,0,0
71,40,4,3325.19282317623,873.519480672786,0,0,0,136,0,0,0
71,40,5,3406.41320428201,1834.29373710199,1,0,0,184,0,0,0
71,40,6,3413.47070430835,1766.94589502199,0,0,0,134,0,0,0
71,40,7,20117.6060567325,14048.0714927092,40,0,0,239,0,0,0
71,40,8,0,7,0,0,0,0,0,0,0
71,41,1,2990.57147503587,661.542520684971,0,0,0,120,0,0,0
71,41,2,3030.53149783901,1916.0710711367,0,0,0,127,0,0,0
71,41,3,3235.72272699131,1019.59531982977,0,0,0,175,0,0,0
71,41,4,3323.98241390902,1624.83700874518,0,0,0,87,0,0,0
71,41,5,3434.80504894121,2284.29936965738,0,0,0,183,0,0,0
71,41,6,3438.59339091095,1405.45951040409,0,0,0,176,0,0,0
71,41,7,20117.5333860125,6235.54353349755,33,0,0,203,0,0,5
71,41,8,0,7,0,0,0,0,0,0,0
71,42,1,2968.04280310984,854.926904695534,0,42,0,24,0,0,0
71,42,2,3024.4362424918,852.363762993613,0,91,0,100,0,0,0
71,42,3,3219.23359403771,1635.85009223217,0,57,0,44,0,0,0
71,42,4,3320.00029149904,1800.3704513361,0,82,0,80,0,0,0
71,42,5,3447.33287031874,1402.20977745183,0,111,0,117,0,0,0
71,42,6,3438.04561790103,1172.76961697485,0,82,0,58,0,0,0
71,42,7,20167.6325647133,5735.79080742462,0,264,0,343,0,0,0
71,42,8,0,7,0,0,0,0,0,0,0
71,43,1,2982.22240315109,1642.46126930075,0,0,0,85,0,0,0
71,43,2,3033.6810858283,1419.17942859656,0,0,0,85,0,0,0
71,43,3,3259.38767003797,1934.68876239019,0,0,0,162,0,0,0
71,43,4,3376.5302390897,1617.47180978828,0,0,0,171,0,0,0
71,43,5,3494.33561054831,1812.61264545477,0,0,0,140,0,0,0
71,43,6,3484.95947575032,983.595151038175,0,0,0,117,0,0,0
71,43,7,20223.5027885484,5915.04127262222,30,0,0,185,0,0,0
71,43,8,0,7,0,0,0,0,0,0,0
71,44,1,2999.51431421668,1440.99236527473,0,0,0,164,0,0,0
71,44,2,3045.52826025984,1129.68793951627,0,0,0,141,0,0,0
71,44,3,3289.44248974428,1612.18666961227,0,0,0,193,0,0,0
71,44,4,3408.10342224592,1233.87031719881,0,0,0,161,0,0,0
71,44,5,3531.07316681942,1472.50266055709,0,0,0,181,0,0,0
71,44,6,3509.16347523942,633.070693207086,0,0,0,98,0,0,0
71,44,7,20254.0432987565,13426.5192637329,23,0,0,190,0,0,0
71,44,8,0,7,0,0,0,0,0,0,0
71,45,1,3019.31086622436,697.577307490456,0,0,0,144,0,0,0
71,45,2,3058.97661926097,1715.23247621225,0,0,0,112,0,0,0
71,45,3,3315.63166696687,1668.37306197966,0,0,0,161,0,0,0
71,45,4,3436.8305777697,684.555226753223,0,0,0,123,0,0,0
71,45,5,3574.46557681008,1457.61870014436,0,0,0,147,0,0,0
71,45,6,3524.01699969894,770.932338591047,0,0,0,63,0,0,0
71,45,7,20313.7242530221,8597.83496906331,27,0,0,259,0,0,0
71,45,8,0,7,0,0,0,0,0,0,0
71,46,1,3018.75989168414,597.838405932661,0,0,0,69,0,0,0
71,46,2,3084.35190474981,863.972934504004,0,0,0,171,0,0,0
71,46,3,3351.71495270725,1781.58584221993,0,0,0,166,0,0,0
71,46,4,3449.92102917159,701.408038115821,0,0,0,68,0,0,0
71,46,5,3610.19021573816,895.861186155209,0,0,0,145,0,0,0
71,46,6,3543.46723289942,1758.81375671082,0,0,0,77,0,0,0
71,46,7,20348.3379975154,8948.2308906581,129,0,0,181,0,0,2
71,46,8,0,7,0,0,0,0,0,0,0
71,47,1,3017.37752731934,1560.47456036069,0,0,0,59,0,0,0
71,47,2,3086.69232667836,1479.34122846589,0,0,0,86,0,0,0
71,47,3,3384.25471092897,2307.75294301959,3,0,0,163,0,0,0
71,47,4,3456.28123492924,1153.45166194336,0,0,0,70,0,0,0
71,47,5,3628.13958278266,735.631676377518,0,0,0,89,0,0,0
71,47,6,3594.53868736779,1198.54924225751,4,0,0,154,0,0,0
71,47,7,20395.8643644107,6568.15127573877,147,0,0,185,0,0,0
71,47,8,0,7,0,0,0,0,0,0,0
71,48,1,3001.37958315909,650.563335256688,152,0,0,4,0,0,0
71,48,2,3082.50753681555,838.084981480095,96,0,0,51,0,0,0
71,48,3,3405.56709288179,1368.90511510221,99,0,0,131,0,0,0
71,48,4,3459.87446767742,633.919562511,65,0,0,50,0,0,0
71,48,5,3623.5003156105,2370.01072627568,40,0,0,33,0,0,0
71,48,6,3609.09626590352,833.215221357158,66,0,0,53,0,0,0
71,48,7,20493.3118868994,6996.91201294072,311,0,0,341,0,0,0
71,48,8,0,7,0,0,0,0,0,0,0
71,49,1,3004.04723351838,489.295910528755,0,0,0,65,0,0,0
71,49,2,3093.89019089043,1368.65983085316,0,0,0,83,0,0,0
71,49,3,3428.87876855983,1073.04794015937,0,0,0,136,0,0,0
71,49,4,3463.53621097885,1789.40358322623,0,0,0,63,0,0,0
71,49,5,3651.59224757553,1931.33103239724,23,0,0,169,0,0,0
71,49,6,3623.50714663671,2807.28010975023,0,0,0,83,0,0,0
71,49,7,20514.2631356133,9802.604418521,162,0,0,228,0,0,0
71,49,8,0,7,0,0,0,0,0,0,0
71,50,1,3003.16352577413,578.585094219302,0,0,0,48,0,0,0
71,50,2,3124.11162673053,1659.77332369851,0,0,0,136,0,0,0
71,50,3,3454.08261104108,1297.82253638302,0,0,0,107,0,0,0
71,50,4,3500.03632913412,553.614991855814,1,0,0,167,0,0,0
71,50,5,3705.39047712856,1065.71680001617,2,0,0,173,0,0,0
71,50,6,3693.95789216025,1411.60233158728,10,0,0,192,0,0,0
71,50,7,20562.1031663044,6651.31771292707,90,0,0,180,0,0,0
71,50,8,0,7,0,0,0,0,0,0,0
71,51,1,3007.48107479929,1201.55439212169,0,0,0,57,0,0,0
71,51,2,3158.53328647127,1100.00140308838,14,0,0,144,0,0,0
71,51,3,3487.29865076698,2091.13522892656,0,0,0,129,0,0,0
71,51,4,3498.04698727854,448.716349022636,0,0,0,55,0,0,0
71,51,5,3728.66321324382,1428.53569709173,0,0,0,106,0,0,0
71,51,6,3723.25013551585,940.804573009187,14,0,0,120,0,0,0
71,51,7,20606.6236749915,16076.4747407502,194,2,0,184,0,0,11
71,51,8,0,7,0,0,0,0,0,0,0
71,52,1,3018.77717394707,749.072181773736,0,0,0,120,0,0,0
71,52,2,3161.18743553802,874.984417103705,0,0,0,110,0,0,0
71,52,3,3514.52230217672,846.659311148111,0,0,0,205,0,0,0
71,52,4,3488.76381564334,791.978189795123,0,0,0,44,0,0,0
71,52,5,3745.36242859392,1013.84846398373,0,0,0,142,0,0,0
71,52,6,3739.32509356086,1333.88051649618,0,0,0,94,0,0,0
71,52,7,20634.5264191039,6867.46620052074,43,0,0,208,0,0,1
71,52,8,0,7,0,0,0,0,0,0,0
71,53,1,3021.526811303,1103.88634641276,0,0,0,74,0,0,0
71,53,2,3173.25259076102,1183.22584227323,0,0,0,87,0,0,0
71,53,3,3529.87739460149,1896.82567938518,0,0,0,84,0,0,0
71,53,4,3489.98365173166,838.114944270942,0,0,0,79,0,0,0
71,53,5,3770.04057257769,1322.17888153892,0,0,0,101,0,0,0
71,53,6,3791.62577231345,2411.95168034309,4,0,0,126,0,0,0
71,53,7,20723.5042784934,3107.23078103925,240,0,0,253,0,0,0
71,53,8,0,7,0,0,0,0,0,0,0
71,54,1,3026.95500680653,1293.19200764746,0,0,0,110,0,0,0
71,54,2,3171.38404305273,1036.86669123808,0,0,0,118,0,0,0
71,54,3,3543.97234253295,1570.89137751432,14,0,0,162,0,0,0
71,54,4,3481.10781382828,1847.02479913114,0,0,0,83,0,0,0
71,54,5,3778.0374000409,1941.69297431802,0,0,0,132,0,0,0
71,54,6,3812.37696044117,2684.77220104211,46,0,0,153,0,0,0
71,54,7,20744.6276048082,8939.60114665925,85,0,0,148,0,0,0
71,54,8,0,7,0,0,0,0,0,0,0
71,55,1,3055.11370522371,417.502280215252,0,0,0,129,0,0,0
71,55,2,3191.3963204693,731.170240599764,0,0,0,103,0,0,0
71,55,3,3575.5137600449,829.663289266943,0,0,0,157,0,0,0
71,55,4,3511.21004486859,1323.47328351932,1,0,0,158,0,0,0
71,55,5,3831.47594604062,1529.91378849302,0,0,0,180,0,0,0
71,55,6,3889.87381418139,2025.63044651287,3,0,0,200,0,0,0
71,55,7,20808.8798048146,9259.51335994822,30,0,0,201,0,0,0
71,55,8,0,7,0,0,0,0,0,0,0
71,56,1,3045.03153411745,1340.50179420485,0,0,0,41,0,0,0
71,56,2,3188.28883978107,832.800506379305,0,0,0,73,0,0,0
71,56,3,3571.65249543985,1269.07382413748,0,0,0,82,0,0,0
71,56,4,3544.60096895752,2107.19235885065,0,0,0,132,0,0,0
71,56,5,3883.41302635488,2527.41567965938,0,0,0,152,0,0,0
71,56,6,3981.23401340696,2003.59668505661,0,0,0,202,0,0,0
71,56,7,20892.6469946689,10885.6333804574,26,0,0,236,0,0,0
71,56,8,0,7,0,0,0,0,0,0,0
71,57,1,3063.33649956314,1223.75020702758,0,0,0,134,0,0,0
71,57,2,3177.69351585063,1508.93996398975,0,0,0,83,0,0,0
71,57,3,3588.12249950865,1053.75532630286,0,0,0,126,0,0,0
71,57,4,3577.6229059378,954.912181755508,0,2,0,160,0,0,0
71,57,5,3987.26051780418,2222.32726224473,0,1,0,229,0,0,0
71,57,6,4072.65538329558,1285.51965948426,0,0,0,200,0,0,0
71,57,7,20968.3928321328,2237.69428780168,0,71,0,216,0,0,0
71,57,8,0,7,0,0,0,0,0,0,0
71,58,1,3072.63883840396,1682.12123956499,0,0,0,122,0,0,0
71,58,2,3162.91904281503,1843.35875530813,0,15,0,122,0,0,0
71,58,3,3572.71918840003,1237.72386758636,0,0,0,105,0,0,0
71,58,4,3566.97541237052,662.915049687354,0,0,0,95,0,0,0
71,58,5,4016.14721972864,1819.43935363893,0,14,0,195,0,0,0
71,58,6,4086.05068397444,2376.0489217803,0,0,0,128,0,0,0
71,58,7,20972.7324545328,7192.40116670462,0,39,0,149,0,0,0
71,58,8,0,7,0,0,0,0,0,0,0
71,59,1,3057.53334927923,2312.59694082154,0,117,0,51,0,0,0
71,59,2,3153.07816479556,1517.8601799642,0,88,0,96,0,0,0
71,59,3,3547.48776438744,1072.31245114094,0,72,0,51,0,0,0
71,59,4,3541.63285357351,735.04764332094,0,27,0,39,0,0,0
71,59,5,4024.7468860441,1671.7000999546,0,83,0,98,0,0,0
71,59,6,4119.21276876226,799.551130745722,0,104,0,133,0,0,0
71,59,7,20988.7349383472,6976.24869805231,5,250,0,207,0,0,0
71,59,8,0,7,0,0,0,0,0,0,0
71,60,1,3121.63422470017,1699.03757266765,0,0,0,219,0,0,0
71,60,2,3199.60029967628,1874.23810347091,0,0,0,151,0,0,0
71,60,3,3582.88652543855,1112.37644547872,0,0,0,107,0,0,0
71,60,4,3564.76795116948,1008.06132799228,0,0,0,73,0,0,0
71,60,5,4125.64270836394,1777.936430176,0,0,0,167,0,0,0
71,60,6,4176.06325847213,1060.79373307606,0,0,0,79,0,0,0
71,60,7,21098.325078567,8402.07992793115,29,0,0,201,0,0,0
71,60,8,0,7,0,0,0,0,0,0,0
71,61,1,3158.6574677099,1544.14597362743,0,0,0,169,0,0,0
71,61,2,3236.12742156851,1304.36686802299,0,0,0,187,0,0,0
71,61,3,3599.74852248645,2074.77516880408,0,0,0,111,0,0,0
71,61,4,3585.54946338537,1095.63371489803,0,0,0,100,0,0,0
71,61,5,4173.09798416705,1518.6552069151,0,0,0,177,0,0,0
71,61,6,4218.07310484961,997.250054925007,0,0,0,106,0,0,0
71,61,7,21198.3026640159,5641.16402479638,21,0,0,308,0,0,0
71,61,8,0,7,0,0,0,0,0,0,0
71,62,1,3192.07874685376,1197.95833202902,0,0,0,154,0,0,0
71,62,2,3251.8477755834,1904.97751461448,0,0,0,130,0,0,0
71,62,3,3626.31677269705,1456.99861274221,11,0,0,170,0,0,0
71,62,4,3596.35652205193,1564.45351848282,0,0,0,109,0,0,0
71,62,5,4207.21522666477,945.625499328846,3,0,0,141,0,0,0
71,62,6,4255.43795652015,1832.74460954979,0,0,0,99,0,0,0
71,62,7,21239.4712510974,10858.4126562409,117,0,0,162,0,0,0
71,62,8,0,7,0,0,0,0,0,0,0
71,63,1,3215.67823037225,1380.6828375134,0,0,0,119,0,0,0
71,63,2,3291.98813077962,1575.86170989439,0,0,0,190,0,0,0
71,63,3,3641.54221658405,1517.95694716214,0,0,0,145,0,0,0
71,63,4,3648.11875667836,827.174889373634,0,0,0,156,0,0,0
71,63,5,4225.69595627583,1650.27801243233,0,0,0,94,0,0,0
71,63,6,4325.75924869762,2015.87106322224,0,0,0,183,0,0,0
71,63,7,21306.0804784765,9424.40184550642,42,0,0,202,0,0,0
71,63,8,0,7,0,0,0,0,0,0,0
71,64,1,3268.37337367529,1407.16810268168,0,0,0,138,0,0,0
71,64,2,3344.17973733401,1505.42384966791,0,0,0,157,0,0,0
71,64,3,3687.82669790715,1277.85504646057,0,0,0,151,0,0,0
71,64,4,3668.8646096593,1149.73334490798,0,0,0,82,0,0,0
71,64,5,4326.204548971,1890.24034649612,0,0,0,165,0,0,0
71,64,6,4459.85164521158,2650.96542768484,0,0,0,201,0,0,0
71,64,7,21445.225383298,5394.87549711486,62,0,0,186,0,0,0
71,64,8,0,7,0,0,0,0,0,0,0
71,65,1,3282.92253209495,1132.90115300654,11,0,0,124,0,0,0
71,65,2,3355.05768407183,1288.39985216931,29,0,0,107,0,0,0
71,65,3,3698.11845894232,1849.35895047414,1,0,0,126,0,0,0
71,65,4,3664.25738726183,1660.54615962137,0,0,0,114,0,0,0
71,65,5,4357.70218555611,2306.69088747562,26,0,0,150,0,0,0
71,65,6,4501.09725000653,2308.14560174141,77,0,0,149,0,0,0
71,65,7,21503.7515398344,9371.27739732266,208,0,0,226,0,0,0
71,65,8,0,7,0,0,0,0,0,0,0
71,66,1,3308.91326533909,842.572154832311,0,0,0,113,0,0,0
71,66,2,3372.80686304754,1696.95857258375,0,0,0,128,0,0,0
71,66,3,3755.44308232439,2096.23169844349,0,0,0,171,0,0,0
71,66,4,3742.52382036429,1903.00438172522,0,0,0,166,0,0,0
71,66,5,4484.43017597034,2374.7407822046,1,0,0,198,0,0,0
71,66,6,4613.20028534453,2154.42567020225,3,0,0,178,0,0,0
71,66,7,21579.2915674764,11943.2909235318,44,0,0,177,0,0,0
71,66,8,0,7,0,0,0,0,0,0,0
71,67,1,3310.25646443047,1120.25697421418,0,0,0,84,0,0,0
71,67,2,3389.49767714467,978.274929661969,0,0,0,169,0,0,0
71,67,3,3772.73065236917,1531.06091938493,1,0,0,174,0,0,0
71,67,4,3766.92161173669,2812.10514986639,0,0,0,190,0,0,0
71,67,5,4541.10728803799,1531.47959176427,0,0,0,208,0,0,0
71,67,6,4675.06886614531,1445.50450281464,0,0,0,201,0,0,0
71,67,7,21615.5718740729,9166.63203361725,35,0,0,241,0,0,0
71,67,8,0,7,0,0,0,0,0,0,0
71,68,1,3332.06886521767,1538.99776206365,0,0,0,112,0,0,0
71,68,2,3392.46700670163,549.901029496334,0,0,0,97,0,0,0
71,68,3,3793.00805048459,1217.43839266452,0,0,0,153,0,0,0
71,68,4,3838.9570973182,1927.90875917518,34,0,0,176,0,0,0
71,68,5,4579.21410726502,1886.77908927776,1,0,0,148,0,0,0
71,68,6,4737.61401604925,2699.82393095013,0,0,0,144,0,0,0
71,68,7,21677.6798172615,5295.53447713565,225,0,0,241,0,0,0
71,68,8,0,7,0,0,0,0,0,0,0
71,69,1,3332.06659711139,1952.81949101095,41,0,0,100,0,0,0
71,69,2,3392.7568656404,2238.65677884851,0,0,0,54,0,0,0
71,69,3,3785.16523915393,1586.97637913767,0,0,0,121,0,0,0
71,69,4,3858.47920292667,1626.74952304449,37,0,0,144,0,0,0
71,69,5,4646.09917480395,2374.79992825202,21,0,0,161,0,0,0
71,69,6,4826.51614757375,1749.08771071528,86,0,0,157,0,0,0
71,69,7,21776.1280539046,7666.09338494707,220,0,0,243,0,0,0
71,69,8,0,7,0,0,0,0,0,0,0
71,70,1,3373.13013685603,1798.58325533002,0,0,0,195,0,0,0
71,70,2,3434.32736979075,1788.85078778157,0,1,0,197,0,0,0
71,70,3,3824.25864543786,1725.66271137047,0,0,0,158,0,0,0
71,70,4,3911.13898803546,708.596744554587,0,0,0,162,0,0,0
71,70,5,4701.08425404826,2175.00641429171,0,4,0,165,0,0,0
71,70,6,4941.65691293983,2053.15370900677,0,0,0,174,0,0,0
71,70,7,21850.6797396021,6740.38754694469,0,31,0,230,0,0,0
71,70,8,0,7,0,0,0,0,0,0,0
71,71,1,3357.46796393086,1446.76287890259,0,97,0,73,0,0,0
71,71,2,3419.43069716628,1476.76149028532,0,68,0,104,0,0,0
71,71,3,3796.17243232261,1844.9312487321,0,63,0,103,0,0,0
71,71,4,3893.30535343564,993.630401282584,0,7,0,63,0,0,0
71,71,5,4718.64156508878,1956.07890147333,0,95,0,113,0,0,0
71,71,6,4958.36815536479,3024.25850738221,0,82,0,115,0,0,0
71,71,7,21870.9410170349,9686.33788696789,3,210,0,188,0,0,3
71,71,8,0,7,0,0,0,0,0,0,0
71,72,1,3379.78878205394,2057.36005315831,0,0,0,144,0,0,0
71,72,2,3437.0595720238,1889.57891534303,0,0,0,147,0,0,0
71,72,3,3836.90753799208,1085.10764372043,0,0,0,184,0,0,0
71,72,4,3904.11793678296,1035.72820424438,0,0,0,99,0,0,0
71,72,5,4782.92054872275,2090.19076718355,0,0,0,195,0,0,0
71,72,6,5044.278996549,1445.24609629942,3,0,0,195,0,0,0
71,72,7,21934.5324316081,6845.15508896102,22,1,0,236,0,0,1
71,72,8,0,7,0,0,0,0,0,0,0
71,73,1,3414.58961030595,1408.08618791107,2,0,0,171,0,0,0
71,73,2,3474.48535947168,1106.88544500826,0,0,0,188,0,0,0
71,73,3,3840.50110713657,1873.73431007024,0,0,0,108,0,0,0
71,73,4,3908.32098615754,1637.40206010742,0,0,0,103,0,0,0
71,73,5,4852.87479543592,1964.73727040793,1,0,0,191,0,0,0
71,73,6,5106.03210329139,2983.04200803097,0,0,0,144,0,0,0
71,73,7,22002.057425142,7039.75464379176,35,0,0,232,0,0,0
71,73,8,0,7,0,0,0,0,0,0,0
71,74,1,3432.87845773153,973.016656711905,0,0,0,140,0,0,0
71,74,2,3473.46683910899,1082.18641518049,0,0,0,110,0,0,0
71,74,3,3879.89603455128,2287.98343557667,0,0,0,187,0,0,0
71,74,4,3937.82158695188,1663.48711111051,0,0,0,163,0,0,0
71,74,5,4915.13028414877,2260.17013823144,0,0,0,196,0,0,0
71,74,6,5211.78421328646,1316.5153767819,8,0,0,180,0,0,0
71,74,7,22055.0622126808,9034.93290926472,42,0,0,186,0,0,0
71,74,8,0,7,0,0,0,0,0,0,0
71,75,1,3458.8721621721,1431.97049686019,0,0,0,97,0,0,0
71,75,2,3497.68540814697,789.964635796176,0,0,0,108,0,0,0
71,75,3,3990.80539292191,1005.71776853258,0,0,0,228,0,0,0
71,75,4,4052.69129084569,1346.88159490889,0,0,0,166,0,0,0
71,75,5,5093.31733669557,1962.3741798417,1,0,0,192,0,0,0
71,75,6,5299.26314372184,2515.37828927104,0,0,0,131,0,0,0
71,75,7,22238.2527052738,11578.3504029186,35,0,0,241,0,0,0
71,75,8,0,7,0,0,0,0,0,0,0
71,76,1,3471.48248015136,1530.17817320688,0,0,0,143,0,0,0
71,76,2,3499.32331723498,1523.64611883191,0,0,0,78,0,0,0
71,76,3,4004.41848533877,1068.52092647979,0,0,0,100,0,0,0
71,76,4,4061.58846043089,1139.64635083544,0,0,0,134,0,0,0
71,76,5,5166.95234798647,2235.02329813436,0,0,0,195,0,0,0
71,76,6,5375.10807826906,3107.00781185428,0,0,0,235,0,0,0
71,76,7,22271.5350706705,11571.9165805696,31,0,0,203,0,0,0
71,76,8,0,7,0,0,0,0,0,0,0
71,77,1,3491.8995853496,1949.82425681059,0,0,0,153,0,0,0
71,77,2,3518.62265753972,1599.07047709699,0,0,0,152,0,0,0
71,77,3,4015.38481184517,1533.97886374999,0,0,0,106,0,0,0
71,77,4,4073.45162839239,2728.63816924302,0,0,0,113,0,0,0
71,77,5,5256.29508945494,1083.92076841077,0,0,0,223,0,0,0
71,77,6,5439.82151380445,1511.09883136877,4,0,0,189,0,0,0
71,77,7,22318.5227193358,12452.107907796,35,0,0,207,0,0,2
71,77,8,0,7,0,0,0,0,0,0,0
71,78,1,3522.45850970313,1177.66219228311,0,0,0,194,0,0,0
71,78,2,3527.07384652207,1655.10681087468,0,0,0,159,0,0,0
71,78,3,4034.31093307606,1809.80965642688,0,0,0,153,0,0,0
71,78,4,4117.83363440894,1425.65842012289,2,0,0,194,0,0,0
71,78,5,5272.97290092046,1274.33004749009,0,0,0,108,0,0,0
71,78,6,5489.60859186844,2528.28715801554,0,0,0,151,0,0,0
71,78,7,22354.0090831067,2934.42913792695,38,0,0,208,0,0,0
71,78,8,0,7,0,0,0,0,0,0,0
71,79,1,3514.8694855144,1107.26804325407,0,46,0,71,0,0,0
71,79,2,3514.02176439432,1990.6663260788,0,92,0,73,0,0,0
71,79,3,4027.71934295701,1848.08502209263,0,90,0,90,0,0,0
71,79,4,4105.71244990831,1581.88456747795,0,64,0,78,0,0,0
71,79,5,5274.3614431552,2959.27648866994,0,65,0,62,0,0,0
71,79,6,5519.81048803042,2669.79566296402,0,127,0,125,0,0,0
71,79,7,22331.5930640428,5623.76801242077,0,150,0,143,0,0,0
71,79,8,0,7,0,0,0,0,0,0,0
71,80,1,3555.65224548413,1522.09562674267,0,0,0,110,0,0,0
71,80,2,3607.51465861788,1595.18842224437,0,0,0,195,0,0,0
71,80,3,4125.35188878354,1995.69002482817,0,0,0,184,0,0,0
71,80,4,4193.28022959799,985.552483992136,0,0,0,158,0,0,0
71,80,5,5398.21724318504,1432.26753578936,11,0,0,184,0,0,0
71,80,6,5693.11108199625,2009.53871467396,6,0,0,201,0,0,0
71,80,7,22418.8252473853,2835.50472095562,35,0,0,205,0,0,0
71,80,8,0,7,0,0,0,0,0,0,0
71,81,1,3574.901757545,1605.88422610902,8,0,0,134,0,0,0
71,81,2,3625.78770660452,1067.1532585662,3,0,0,146,0,0,4
71,81,3,4143.68576466188,2098.86655031518,23,0,0,148,0,0,0
71,81,4,4201.7944042064,2994.08719375854,0,0,0,98,0,0,0
71,81,5,5463.26256862904,1479.53695587837,0,0,0,143,0,0,0
71,81,6,5787.95047428761,2544.59519902118,11,0,0,176,0,0,0
71,81,7,22420.0863897254,15181.1134933715,62,0,0,147,0,0,0
71,81,8,0,7,0,0,0,0,0,0,0
71,82,1,3598.83954361307,1089.36543335481,0,0,0,160,0,0,0
71,82,2,3638.807978942,1122.55054607351,0,0,0,106,0,0,0
71,82,3,4197.3062029316,1484.01418799919,0,0,0,192,0,0,0
71,82,4,4245.05636205118,2101.75631045976,0,1,0,215,0,0,0
71,82,5,5497.04436209951,1871.32566804541,0,0,0,147,0,0,0
71,82,6,5872.80873716305,1861.06757268961,0,0,0,218,0,0,0
71,82,7,22457.766422921,8204.32109996804,20,6,0,216,0,0,0
71,82,8,0,7,0,0,0,0,0,0,0
71,83,1,3639.40248572218,1637.49781394435,0,0,0,108,0,0,0
71,83,2,3690.47653641947,2663.94624469248,0,0,0,112,0,0,0
71,83,3,4274.99510446069,2724.87102767861,0,0,0,148,0,0,0
71,83,4,4333.07100197552,2592.21579531319,0,0,0,210,0,0,0
71,83,5,5662.52391666128,2092.5703222275,0,0,0,186,0,0,0
71,83,6,6043.48704598124,3044.31198766724,0,0,0,186,0,0,0
71,83,7,22535.1341821051,10690.0317454882,54,0,0,167,0,0,0
71,83,8,0,7,0,0,0,0,0,0,0
71,84,1,3670.97200993315,1564.92024443135,0,0,0,163,0,0,0
71,84,2,3730.69019180318,1845.40891230549,3,0,0,185,0,0,0
71,84,3,4376.26038051943,1239.90164810585,2,0,0,203,0,0,0
71,84,4,4415.90879821399,1574.65515082331,1,0,0,218,0,0,0
71,84,5,5766.44277362482,2278.24296453835,0,0,0,209,0,0,0
71,84,6,6226.43283922387,2595.33524825623,0,0,0,289,0,0,0
71,84,7,22615.2153550277,10951.1196393777,33,0,0,253,0,0,0
71,84,8,0,7,0,0,0,0,0,0,0
71,85,1,3695.70999152182,1524.89806927403,0,0,0,156,0,0,0
71,85,2,3769.77530610097,2189.28672422538,0,0,0,183,0,0,0
71,85,3,4389.37261000849,2326.14139345814,0,0,0,123,0,0,0
71,85,4,4461.58855536727,1423.66238778474,0,0,0,157,0,0,0
71,85,5,5882.08737374656,1847.5835091703,0,0,0,214,0,0,0
71,85,6,6346.57019018555,2195.0243176304,2,0,0,206,0,0,0
71,85,7,22680.2728084981,5766.62540050562,32,0,0,268,0,0,2
71,85,8,0,7,0,0,0,0,0,0,0
71,86,1,3735.25508099459,1549.31699512538,4,0,0,142,0,0,0
71,86,2,3815.23315192448,1042.20571017292,28,0,0,160,0,0,0
71,86,3,4459.043228702,1854.53520936358,24,0,0,182,0,0,0
71,86,4,4513.04383873283,2692.99856569986,0,0,0,142,0,0,0
71,86,5,5981.95202510275,1972.55319407249,4,0,0,175,0,0,0
71,86,6,6478.41247099915,2693.6974778891,31,0,0,154,0,0,0
71,86,7,22713.5351272691,9225.46803399367,164,0,0,157,0,0,8
71,86,8,0,7,0,0,0,0,0,0,0
71,87,1,3807.64346393985,570.776281326248,0,0,0,154,0,0,0
71,87,2,3865.00538047437,1303.86899784819,0,0,0,104,0,0,0
71,87,3,4625.77537889363,1647.63785256353,0,0,0,185,0,0,0
71,87,4,4714.84473450477,1759.98287015658,3,0,0,210,0,0,0
71,87,5,6237.68369001555,3827.64188134815,1,0,0,173,0,0,0
71,87,6,6764.28971336192,3540.18273589712,4,0,0,208,0,0,0
71,87,7,22866.8016425634,10257.7629002656,48,0,0,193,0,0,0
71,87,8,0,7,0,0,0,0,0,0,0
71,88,1,3801.97620534411,1998.93156502534,0,0,0,57,0,0,0
71,88,2,3884.62841465096,2358.52832363117,0,0,0,130,0,0,0
71,88,3,4724.98446580383,2739.39525456041,0,0,0,164,0,0,0
71,88,4,4766.72662070117,3562.96764425883,0,0,0,175,0,0,0
71,88,5,6474.52067640226,3714.42287333749,0,8,0,236,0,0,0
71,88,6,7069.07524767582,3518.35009131953,1,2,0,254,0,0,0
71,88,7,23061.8303774326,5201.87807813599,0,47,0,229,0,0,0
71,88,8,0,7,0,0,0,0,0,0,0
71,89,1,3829.30639376174,1805.76557600823,0,3,0,188,0,0,0
71,89,2,3901.63851687822,1641.78951716105,0,21,0,156,0,0,0
71,89,3,4769.13950265777,2674.44175716059,0,24,0,185,0,0,0
71,89,4,4818.3586080981,3200.06827496122,0,46,0,181,0,0,0
71,89,5,6539.68041853047,2886.45081935679,0,59,0,153,0,0,0
71,89,6,7163.17645568046,3771.09345225583,0,50,0,166,0,0,0
71,89,7,23074.5278554847,12733.3162286027,0,94,0,167,0,0,0
71,89,8,0,7,0,0,0,0,0,0,0
71,90,1,3850.71859813441,1485.06090120371,0,0,0,174,0,0,0
71,90,2,3913.41197891792,1150.00180410341,0,0,0,164,0,0,0
71,90,3,4803.19590869296,2017.09774629736,1,0,0,190,0,0,0
71,90,4,4885.82386920397,2375.80584225079,0,0,0,295,0,0,0
71,90,5,6635.92902023167,3927.2545528938,0,0,0,251,0,0,0
71,90,6,7283.61538803849,2484.90589240506,4,0,0,228,0,0,0
71,90,7,23087.0984122048,8133.17666528448,30,0,0,220,0,0,0
71,90,8,0,7,0,0,0,0,0,0,0
71,91,1,3902.81900263794,1612.48498975549,0,0,0,148,0,0,0
71,91,2,3952.69138413297,886.250224559378,0,0,0,115,0,0,0
71,91,3,4913.93863698079,792.113791238521,0,0,0,201,0,0,0
71,91,4,4990.30732871684,1966.33417215175,1,0,0,223,0,0,0
71,91,5,6816.44454336951,1059.56257861027,21,0,0,170,0,0,0
71,91,6,7435.63655686182,4149.38646545841,9,0,0,152,0,0,0
71,91,7,23173.6681775025,14204.1398833862,59,0,0,196,0,0,0
71,91,8,0,7,0,0,0,0,0,0,0
71,92,1,3932.03947620153,1531.06207125097,0,0,0,161,0,0,0
71,92,2,3952.63345583084,1837.99231659835,0,0,0,88,0,0,0
71,92,3,4913.98377031912,2503.61983670266,0,0,0,79,0,0,0
71,92,4,5035.17790566753,2915.69043952964,0,0,0,191,0,0,0
71,92,5,6847.12976005242,2258.76618148805,0,0,0,105,0,0,0
71,92,6,7583.22281272653,2389.04066437023,7,0,0,198,0,0,0
71,92,7,23188.5437285123,14626.8826185215,42,0,0,166,0,0,0
71,92,8,0,7,0,0,0,0,0,0,0
71,93,1,3943.16521672508,1403.95793921131,0,0,0,153,0,0,0
71,93,2,3969.06290034001,1845.50290777752,0,0,0,182,0,0,0
71,93,3,4991.71401293737,2152.04195147102,0,0,0,243,0,0,0
71,93,4,5063.8403855058,3402.23316265702,2,0,0,202,0,0,0
71,93,5,6935.6170406248,3552.69331616537,0,0,0,188,0,0,0
71,93,6,7704.78905852899,2594.29663595427,0,0,0,198,0,0,0
71,93,7,23190.7038891498,11255.4001863068,31,0,0,235,0,0,1
71,93,8,0,7,0,0,0,0,0,0,0
71,94,1,3938.94272600255,1052.65972705978,0,8,0,127,0,0,0
71,94,2,3988.29371769315,1589.14428071372,0,6,0,174,0,0,0
71,94,3,5038.16493576255,909.122295952282,0,38,0,154,0,0,0
71,94,4,5088.70867155557,2638.94415303542,0,115,0,156,0,0,0
71,94,5,7055.86504263214,2858.95363581614,0,97,0,200,0,0,0
71,94,6,7798.70965627505,4122.80116267372,0,72,0,144,0,0,0
71,94,7,23241.4225075452,7018.1046273505,2,376,0,333,0,0,0
71,94,8,0,7,0,0,0,0,0,0,0
71,95,1,3941.72363418409,1992.13792216634,0,0,0,105,0,0,0
71,95,2,4065.85303066696,2353.32564839718,0,0,0,158,0,0,0
71,95,3,5060.6698891837,2442.03825687949,0,0,0,90,0,0,0
71,95,4,5228.97790032224,1489.44106989462,4,0,0,188,0,0,0
71,95,5,7371.82097363112,5943.65334435342,5,0,0,200,0,0,0
71,95,6,8043.66288533347,5195.22849910971,13,0,0,208,0,0,0
71,95,7,23333.4626802845,7174.22533599229,33,0,0,197,0,0,0
71,95,8,0,7,0,0,0,0,0,0,0
71,96,1,4017.0454163893,2220.89518934543,0,0,0,197,0,0,0
71,96,2,4198.38112046892,1102.70269380606,0,0,0,226,0,0,0
71,96,3,5175.89736764715,1377.82630333067,3,0,0,195,0,0,0
71,96,4,5342.22544487001,2001.15549305844,0,0,0,148,0,0,0
71,96,5,7588.56662087203,2871.37674173652,32,0,0,195,0,0,0
71,96,6,8356.82834150508,2296.03296150822,26,0,0,184,0,0,0
71,96,7,23420.3987891846,9443.65444591193,42,0,0,190,0,0,0
71,96,8,0,7,0,0,0,0,0,0,0
71,97,1,4114.98883311662,1778.67771597629,0,0,0,211,0,0,0
71,97,2,4267.1232227713,1503.23938074253,0,0,0,110,0,0,0
71,97,3,5268.89179833088,1444.0769833527,0,0,0,137,0,0,0
71,97,4,5541.54866409323,2498.44357070987,0,0,0,200,0,0,0
71,97,5,8014.00322663658,3066.09935844267,4,0,0,194,0,0,0
71,97,6,8664.00758786118,3386.36608024875,2,0,0,177,0,0,0
71,97,7,23588.0860372081,11513.9279633317,34,0,0,232,0,0,0
71,97,8,0,7,0,0,0,0,0,0,0
71,98,1,4162.72636874579,1509.84367211871,0,0,0,177,0,0,0
71,98,2,4307.31534119823,2245.94237028028,0,0,0,150,0,0,0
71,98,3,5372.23030001471,1581.28976478503,0,0,0,144,0,0,0
71,98,4,5663.67587729667,2194.63592674571,1,0,0,204,0,0,0
71,98,5,8209.6393446003,3012.46381808369,1,0,0,223,0,0,0
71,98,6,8934.15496922528,7072.63991650312,1,0,0,268,0,0,0
71,98,7,23665.2836126236,10234.8198013942,28,0,0,208,0,0,0
71,98,8,0,7,0,0,0,0,0,0,0
71,99,1,4210.6458170707,2248.8627373146,0,0,0,150,0,0,0
71,99,2,4357.00015148408,1509.36675273585,2,0,0,200,0,0,0
71,99,3,5460.46324236183,2353.74729229449,0,0,0,158,0,0,0
71,99,4,5797.23658852011,3572.01761290159,0,0,0,219,0,0,0
71,99,5,8448.1593467784,3323.55502394346,8,0,0,198,0,0,0
71,99,6,9176.80332677827,6283.68789637772,41,0,0,203,0,0,0
71,99,7,23745.1074980765,9385.0088415372,68,0,0,191,0,0,0
71,99,8,0,7,0,0,0,0,0,0,0
71,100,1,4285.58451223653,1355.80096843021,0,0,0,206,0,0,6
71,100,2,4417.64628355198,1361.45994299798,0,0,0,150,0,0,0
71,100,3,5586.65346989044,1792.13011605514,4,0,0,203,0,0,0
71,100,4,5935.85010006977,1819.02424064232,21,0,0,191,0,0,0
71,100,5,8699.00872928632,3995.12319512168,15,0,0,208,0,0,0
71,100,6,9468.05567212108,5132.08556108269,51,0,0,228,0,0,0
71,100,7,23878.2442025203,12313.9394134668,80,0,0,311,0,0,0
71,100,8,0,7,0,0,0,0,0,0,0
72,1,1,2711.7856,542.380152467413,0,2,0,1,0,0,0
72,1,2,2722.112,653.627907580933,0,46,0,51,0,0,0
72,1,3,2716.688,672.219307232229,0,2,0,2,0,0,0
72,1,4,2727.19968,1360.7826018544,0,35,0,38,0,0,0
72,1,5,2726.144,545.971127417258,0,26,0,47,0,0,0
72,1,6,2723.144,1355.71441163999,0,46,0,53,0,0,0
72,1,7,20784.6431999999,9914.79351026262,0,31,0,47,0,0,0
72,1,8,0,1,0,46,0,24,0,0,0
72,2,1,2706.4272,1144.78306447303,0,0,0,54,0,0,0
72,2,2,2725.55968,1170.8704210856,0,0,0,65,0,0,0
72,2,3,2722.096,771.722319525825,0,0,0,67,0,0,0
72,2,4,2748.24288,1991.79973749997,0,0,0,136,0,0,0
72,2,5,2733.552,1128.26428310573,0,0,0,54,0,0,0
72,2,6,2742.0112,957.496718261912,0,0,0,135,0,0,0
72,2,7,20753.3487999998,12883.3910170666,19,1,0,313,0,0,0
72,2,8,0,1,0,0,0,0,0,0,0
72,3,1,2717.4048,989.468703633096,0,0,0,114,0,0,0
72,3,2,2735.50208,790.67319530663,0,0,0,117,0,0,0
72,3,3,2729.008,1220.31488286584,0,0,0,77,0,0,0
72,3,4,2781.40127999999,1178.85949610988,0,0,0,194,0,0,0
72,3,5,2747.344,1326.07416940062,0,0,0,112,0,0,0
72,3,6,2750.4352,995.427315161147,0,0,0,95,0,0,0
72,3,7,20721.7375999998,7827.92505388802,14,4,0,310,0,0,0
72,3,8,0,1,0,0,0,0,0,0,0
72,4,1,2724.79648,1225.58828346198,0,0,0,98,0,0,0
72,4,2,2739.30208,1540.19765449393,0,0,0,79,0,0,0
72,4,3,2744.3424,1100.27210105884,0,0,0,122,0,0,0
72,4,4,2797.06719999999,978.574136039085,0,0,0,117,0,0,0
72,4,5,2765.38239999999,898.173988185072,0,0,0,132,0,0,0
72,4,6,2759.636224,704.14191447006,0,0,0,99,0,0,0
72,4,7,20656.3951999997,9485.25150281817,79,0,0,182,0,0,0
72,4,8,0,1,0,0,0,0,0,0,0
72,5,1,2732.682816,1427.24080219547,0,0,0,122,0,0,0
72,5,2,2752.42048,1695.76029724165,0,0,0,154,0,0,0
72,5,3,2754.586624,1125.75788936018,0,0,0,110,0,0,0
72,5,4,2806.91231999999,682.40424163528,0,0,0,97,0,0,0
72,5,5,2773.23807999999,1126.73195560611,0,0,0,89,0,0,0
72,5,6,2759.56934399999,809.484344288368,0,0,0,70,0,0,0
72,5,7,20601.6810239997,12409.0274396323,0,30,0,279,0,0,0
72,5,8,0,1,0,0,0,0,0,0,0
72,6,1,2742.305216,458.415474521671,0,0,0,142,0,0,0
72,6,2,2767.31552,1262.09677051386,0,6,0,155,0,0,0
72,6,3,2762.152448,1651.96641733231,0,0,0,112,0,0,0
72,6,4,2809.60191999999,1918.14730809468,0,0,0,68,0,0,0
72,6,5,2783.06656,1001.39848211866,0,0,0,112,0,0,0
72,6,6,2760.91846399999,478.379267894537,0,0,0,80,0,0,0
72,6,7,20569.9143039997,10750.7220415123,0,385,0,377,0,0,0
72,6,8,0,1,0,0,0,0,0,0,0
72,7,1,2730.045696,1870.0172922559,0,0,0,45,0,0,0
72,7,2,2776.39936,1107.23438745066,0,0,0,126,0,0,0
72,7,3,2783.341568,888.324656932713,0,0,0,165,0,0,0
72,7,4,2837.45119999999,717.183232853379,0,0,0,191,0,0,0
72,7,5,2787.56096,908.066406794785,0,0,0,100,0,0,0
72,7,6,2760.718464,729.874645354634,0,0,0,47,0,0,0
72,7,7,20572.2951039997,7288.85471138501,26,0,0,257,0,0,0
72,7,8,0,1,0,0,0,0,0,0,0
72,8,1,2746.448256,531.97204181432,1,0,0,174,0,0,0
72,8,2,2779.21088,1455.10633740628,0,0,0,110,0,0,0
72,8,3,2786.534848,1369.02671793497,0,0,0,88,0,0,0
72,8,4,2834.77062399999,891.850811956187,0,0,0,71,0,0,0
72,8,5,2787.75936,1491.0198398716,0,0,0,90,0,0,0
72,8,6,2764.035264,1029.40562746903,0,0,0,72,0,0,0
72,8,7,20558.9302399996,3344.23069477123,79,0,0,189,0,0,0
72,8,8,0,1,0,0,0,0,0,0,0
72,9,1,2737.657152,1218.70438176337,0,0,0,53,0,0,0
72,9,2,2777.61101824,1169.82144590634,28,0,0,106,0,0,0
72,9,3,2792.921728,339.433167331834,12,0,0,120,0,0,0
72,9,4,2835.62144,1714.04455509117,0,0,0,89,0,0,0
72,9,5,2793.30848,1529.70987255935,5,0,0,141,0,0,0
72,9,6,2771.969024,758.788018307231,0,0,0,102,0,0,0
72,9,7,20538.8381311996,11563.954488698,126,0,0,158,0,0,0
72,9,8,0,1,0,0,0,0,0,0,0
72,10,1,2740.533632,1538.6267631237,0,0,0,121,0,0,0
72,10,2,2781.56495104,1118.84123444897,0,0,0,116,0,0,0
72,10,3,2777.01025280001,1154.74944221654,0,0,0,33,0,0,0
72,10,4,2854.1632,1177.93801326079,0,0,0,171,0,0,0
72,10,5,2807.52064,1104.19536580213,0,0,0,152,0,0,0
72,10,6,2770.497664,1161.00373132257,0,0,0,75,0,0,0
72,10,7,20540.0684671995,7648.61877898892,31,0,0,246,0,0,0
72,10,8,0,1,0,0,0,0,0,0,0
72,11,1,2733.70656000001,926.661294059497,0,77,0,76,0,0,0
72,11,2,2769.60655104,853.465192151259,0,47,0,64,0,0,0
72,11,3,2765.16929280001,924.806007898383,0,55,0,60,0,0,0
72,11,4,2843.02624,838.213908825876,0,69,0,48,0,0,0
72,11,5,2798.443904,1917.46647826415,0,55,0,55,0,0,0
72,11,6,2763.275136,941.217229166269,0,60,0,56,0,0,0
72,11,7,20516.2035711995,6050.01155937712,6,174,0,174,0,0,4
72,11,8,0,1,0,0,0,0,0,0,0
72,12,1,2737.84590080001,1039.63332880358,0,0,0,92,0,0,0
72,12,2,2773.78287104001,937.204624861403,0,0,0,85,0,0,0
72,12,3,2771.53555200001,1144.96655771313,0,0,0,92,0,0,0
72,12,4,2848.4032,876.47569352217,0,0,0,83,0,0,0
72,12,5,2832.652288,1379.42637542886,0,0,0,191,0,0,0
72,12,6,2775.008192,683.611013796142,0,0,0,94,0,0,0
72,12,7,20524.4471551994,5331.16318491855,26,0,0,204,0,0,0
72,12,8,0,1,0,0,0,0,0,0,0
72,13,1,2741.11708160001,1151.5759379908,0,0,0,103,0,0,0
72,13,2,2778.06005504001,1199.73275113459,0,0,0,93,0,0,0
72,13,3,2779.75507200001,1214.74954611438,0,0,0,114,0,0,0
72,13,4,2853.030208,1227.6787790583,0,0,0,87,0,0,0
72,13,5,2848.951104,1376.47288136811,0,0,0,137,0,0,0
72,13,6,2781.195072,1352.79721753141,0,0,0,68,0,0,0
72,13,7,20527.5271551994,8225.07994386842,26,0,0,212,0,0,2
72,13,8,0,1,0,0,0,0,0,0,0
72,14,1,2748.87452160001,748.105800104501,0,0,0,115,0,0,0
72,14,2,2788.54664704001,1297.07744415326,0,0,0,119,0,0,0
72,14,3,2788.79557120001,1099.3255349604,0,0,0,121,0,0,0
72,14,4,2867.782912,1169.58865756577,0,0,0,122,0,0,0
72,14,5,2872.239744,831.384458287218,0,0,0,137,0,0,0
72,14,6,2805.4820608,996.010080151389,0,0,0,135,0,0,0
72,14,7,20533.0472319993,7887.97032297966,34,0,0,201,0,0,0
72,14,8,0,1,0,0,0,0,0,0,0
72,15,1,2749.19793920001,692.011829227962,0,0,0,74,0,0,0
72,15,2,2800.98789888001,975.090339220093,0,0,0,129,0,0,0
72,15,3,2798.20503040002,1129.84874864662,0,0,0,109,0,0,0
72,15,4,2883.81469696001,1270.01966595091,0,0,0,116,0,0,0
72,15,5,2883.213056,1291.83029136381,0,0,0,83,0,0,0
72,15,6,2821.188429312,1104.47473381405,0,0,0,99,0,0,0
72,15,7,20539.0882201593,6533.1155016666,31,0,0,184,0,0,2
72,15,8,0,1,0,0,0,0,0,0,0
72,16,1,2742.95087360001,1496.50277475491,0,0,0,69,0,0,0
72,16,2,2800.20790528001,1541.71875760127,0,0,0,97,0,0,0
72,16,3,2795.26433280001,1812.5801146022,0,0,0,112,0,0,0
72,16,4,2895.13437696001,1710.90379712543,0,0,0,127,0,0,0
72,16,5,2897.92216320001,1167.35582850939,0,0,0,129,0,0,0
72,16,6,2830.588352512,759.976290127233,0,0,0,110,0,0,0
72,16,7,20519.2246681592,11803.513728598,110,0,0,147,0,0,0
72,16,8,0,1,0,0,0,0,0,0,0
72,17,1,2749.11702272001,1005.54895012253,0,0,0,149,0,0,0
72,17,2,2806.57513728001,610.555788289511,0,0,0,154,0,0,0
72,17,3,2812.80957696001,390.986405273823,0,0,0,181,0,0,0
72,17,4,2909.76280576001,1433.10684613452,0,0,0,171,0,0,0
72,17,5,2906.73689600001,566.697974609854,0,0,0,116,0,0,0
72,17,6,2832.95692851201,512.449657575795,0,0,0,75,0,0,0
72,17,7,20510.8632601592,10637.2947776297,41,0,0,208,0,0,0
72,17,8,0,1,0,0,0,0,0,0,0
72,18,1,2747.93672448001,1778.31475524678,0,0,0,100,0,0,0
72,18,2,2793.08944128001,1574.00784757076,0,0,0,61,0,0,0
72,18,3,2795.25021696001,814.508314586972,0,0,0,39,0,0,0
72,18,4,2914.86240256002,488.900953134677,0,0,0,143,0,0,0
72,18,5,2899.98392320001,1235.54869764512,0,0,0,56,0,0,0
72,18,6,2827.47642624001,1259.40345018515,0,0,0,51,0,0,0
72,18,7,20497.8942233592,11661.1266164854,0,53,0,211,0,0,0
72,18,8,0,1,0,0,0,0,0,0,0
72,19,1,2734.60089651201,1786.13759852035,0,128,0,49,0,0,0
72,19,2,2787.82978867201,1512.61692853082,0,56,0,101,0,0,0
72,19,3,2778.03357696002,1865.39233180606,0,35,0,46,0,0,0
72,19,4,2893.77695488002,907.469509308233,0,22,0,26,0,0,0
72,19,5,2893.12177920001,905.016881792436,0,78,0,45,0,0,0
72,19,6,2826.39969280001,1065.97796597933,0,54,0,71,0,0,0
72,19,7,20493.0136161271,7417.99709480873,8,231,0,228,0,0,1
72,19,8,0,1,0,0,0,0,0,0,0
72,20,1,2759.28788531202,642.693501260625,0,0,0,178,0,0,0
72,20,2,2806.72789288961,984.225451376288,0,0,0,151,0,0,0
72,20,3,2793.72043264002,885.949236377163,0,0,0,185,0,0,0
72,20,4,2897.54006272002,558.895308311285,0,0,0,90,0,0,0
72,20,5,2903.39553280001,1094.13797431479,0,0,0,90,0,0,0
72,20,6,2842.43431680001,506.903932086541,0,0,0,106,0,0,0
72,20,7,20521.926320127,8452.39650148581,25,0,0,228,0,0,0
72,20,8,0,1,0,0,0,0,0,0,0
72,21,1,2756.62043955202,1151.11377180162,0,0,0,64,0,0,0
72,21,2,2814.74056488962,1229.26489571053,0,0,0,98,0,0,0
72,21,3,2797.11774464002,1678.00994782842,0,0,0,88,0,0,0
72,21,4,2888.45865472002,622.851472192198,0,0,0,55,0,0,0
72,21,5,2914.82849280001,474.515461848212,0,0,0,109,0,0,0
72,21,6,2844.90222080001,677.139086853363,0,0,0,50,0,0,0
72,21,7,20559.817916927,7227.20485969406,20,0,0,249,0,0,0
72,21,8,0,1,0,0,0,0,0,0,0
72,22,1,2767.76224819202,1728.00791265894,0,0,0,115,0,0,0
72,22,2,2818.53158438914,942.12989282497,0,0,0,122,0,0,0
72,22,3,2811.53388595202,966.879060015217,1,0,0,156,0,0,0
72,22,4,2883.03674521602,1203.25827417159,0,0,0,62,0,0,0
72,22,5,2907.42571264001,1321.58207027908,0,0,0,47,0,0,0
72,22,6,2849.55686400001,1005.32433874184,0,0,0,67,0,0,0
72,22,7,20569.081850367,11159.7169683004,54,0,0,202,0,0,0
72,22,8,0,1,0,0,0,0,0,0,0
72,23,1,2786.99309772802,1209.43996800443,0,0,0,172,0,0,0
72,23,2,2815.20102438914,805.777727535833,0,0,0,94,0,0,0
72,23,3,2804.68089651202,1186.67480416216,0,0,0,96,0,0,0
72,23,4,2891.68175616002,1165.01917088347,0,0,0,120,0,0,0
72,23,5,2924.81280256001,1719.10801753721,0,0,0,132,0,0,0
72,23,6,2861.05566464001,1262.45558015627,0,0,0,100,0,0,0
72,23,7,20603.8314823669,10047.350193114,34,0,0,284,0,0,0
72,23,8,0,1,0,0,0,0,0,0,0
72,24,1,2799.92492492802,1709.2370384507,0,0,0,120,0,0,0
72,24,2,2812.24220043266,1016.12277757962,0,0,0,80,0,0,0
72,24,3,2812.06439628802,922.598076913222,0,0,0,118,0,0,0
72,24,4,2897.37142220802,1195.07704229249,0,0,0,116,0,0,0
72,24,5,2949.63191500801,853.001849171177,0,0,0,171,0,0,0
72,24,6,2881.82260224001,708.974570619281,0,0,0,126,0,0,0
72,24,7,20622.8283591669,6901.27099529353,37,0,0,206,0,0,0
72,24,8,0,1,0,0,0,0,0,0,0
72,25,1,2812.79520028264,987.277420122908,15,0,0,127,0,0,0
72,25,2,2814.26351243266,1353.53247026014,0,0,0,101,0,0,0
72,25,3,2808.25286860802,1136.54450152774,0,0,0,92,0,0,0
72,25,4,2908.83423027202,1068.26895062032,0,0,0,119,0,0,0
72,25,5,2947.54003916801,1810.38206505419,0,0,0,85,0,0,0
72,25,6,2886.46180003841,1396.18847284854,0,0,0,70,0,0,0
72,25,7,20640.6079082485,10189.9557036067,154,0,0,200,0,0,13
72,25,8,0,1,0,0,0,0,0,0,0
72,26,1,2819.571778909,1172.1036299245,0,0,0,98,0,0,0
72,26,2,2823.05898686466,2025.77296316835,0,0,0,135,0,0,0
72,26,3,2806.65971507202,1854.33744938814,0,0,0,113,0,0,0
72,26,4,2908.46781798402,1342.12035761386,0,0,0,106,0,0,0
72,26,5,2968.73600512001,1507.394747382,0,0,0,181,0,0,0
72,26,6,2902.47380387841,1506.82714901599,0,0,0,139,0,0,0
72,26,7,20666.6338098164,5045.2085557976,58,0,0,235,0,0,0
72,26,8,0,1,0,0,0,0,0,0,0
72,27,1,2810.164073821,1268.4271125937,0,58,0,59,0,0,0
72,27,2,2816.76070232066,1386.70111290736,0,93,0,109,0,0,0
72,27,3,2801.91065088002,946.816891382648,0,86,0,99,0,0,0
72,27,4,2890.65254246402,1156.6505229459,0,71,0,63,0,0,0
72,27,5,2961.40575180801,1694.05707090335,0,68,0,82,0,0,0
72,27,6,2895.84551587841,1790.98445777569,0,92,0,58,0,0,0
72,27,7,20683.8495922164,6741.31626813153,0,222,0,255,0,0,0
72,27,8,0,1,0,0,0,0,0,0,0
72,28,1,2834.9352904098,1075.06096923692,0,0,0,126,0,0,0
72,28,2,2844.39981680969,1108.7279824718,0,0,0,138,0,0,0
72,28,3,2816.91010242562,1375.76004281634,0,0,0,94,0,0,0
72,28,4,2913.9928805581,616.372401901959,0,0,0,115,0,0,0
72,28,5,3003.46906112001,1603.61244219521,0,0,0,169,0,0,0
72,28,6,2945.86292932609,953.254570000089,0,0,0,179,0,0,0
72,28,7,20743.9972832039,7415.50389535406,36,0,0,211,0,0,0
72,28,8,0,1,0,0,0,0,0,0,0
72,29,1,2850.43490505624,843.997689958682,0,0,0,107,0,0,0
72,29,2,2855.87751975798,1421.77984575205,0,0,0,110,0,0,0
72,29,3,2832.56411084802,1081.91455366719,0,0,0,137,0,0,0
72,29,4,2915.5092339917,836.740566712294,0,0,0,61,0,0,0
72,29,5,3030.79443650562,1314.06441903508,0,0,0,160,0,0,0
72,29,6,2961.89974212609,1258.82727922245,0,0,0,95,0,0,0
72,29,7,20787.3454336601,3393.6593178612,30,0,0,205,0,0,0
72,29,8,0,1,0,0,0,0,0,0,0
72,30,1,2853.15292793751,1604.42373897669,0,0,0,84,0,0,0
72,30,2,2869.24899275638,1701.93739642503,11,0,0,126,0,0,0
72,30,3,2835.67207199132,1101.35874522747,0,0,0,108,0,0,0
72,30,4,2916.7878771917,772.03234487155,1,0,0,82,0,0,0
72,30,5,3044.30175483496,1849.60726446967,11,0,0,116,0,0,0
72,30,6,2981.03436417025,608.932902510447,6,0,0,117,0,0,0
72,30,7,20811.6942567002,9720.41170700192,132,0,0,154,0,0,0
72,30,8,0,1,0,0,0,0,0,0,0
72,31,1,2882.38666105751,611.843471800633,0,0,0,160,0,0,0
72,31,2,2892.67904549898,1923.74973682591,0,0,0,170,0,0,0
72,31,3,2847.70182072732,942.301552730628,0,0,0,110,0,0,0
72,31,4,2916.4087834829,1470.89969581982,0,0,0,77,0,0,0
72,31,5,3087.02170889832,2273.22355328422,0,0,0,184,0,0,0
72,31,6,2987.23383025665,1316.06360766737,0,0,0,60,0,0,0
72,31,7,20868.3384786522,6926.49743879653,34,0,0,208,0,0,0
72,31,8,0,1,0,0,0,0,0,0,0
72,32,1,2883.73300572853,1271.45614749031,0,0,0,61,0,0,0
72,32,2,2918.03556883548,619.605892377771,3,0,0,171,0,0,0
72,32,3,2850.44823941531,1348.44278269574,0,0,0,94,0,0,0
72,32,4,2934.97514387867,1028.16049722794,0,0,0,147,0,0,0
72,32,5,3129.07805271656,736.560657337678,3,0,0,210,0,0,0
72,32,6,3011.26151153665,1696.44698801581,0,0,0,131,0,0,0
72,32,7,20912.8510575357,7680.96720407832,85,0,0,203,0,0,0
72,32,8,0,1,0,0,0,0,0,0,0
72,33,1,2902.2946078754,570.130956442753,0,0,0,127,0,0,0
72,33,2,2911.31974313203,1452.4953484213,0,0,0,61,0,0,0
72,33,3,2867.92839831963,1124.41495738351,0,0,0,134,0,0,0
72,33,4,2937.82088259586,1877.04572581936,0,0,0,102,0,0,0
72,33,5,3137.30752607438,1343.44860413602,0,0,0,73,0,0,0
72,33,6,3048.60392484865,1031.88858871246,0,0,0,169,0,0,0
72,33,7,20957.1621819944,11140.6765029982,55,0,0,183,0,0,0
72,33,8,0,1,0,0,0,0,0,0,0
72,34,1,2896.84810596773,1066.55494241422,0,0,0,57,0,0,0
72,34,2,2929.7606637285,1189.23113037203,0,0,0,145,0,0,0
72,34,3,2868.59424262637,605.189474334375,0,0,0,112,0,0,0
72,34,4,2968.82883324053,1464.24248604866,0,0,0,187,0,0,0
72,34,5,3158.51932891629,1835.64374353645,0,0,0,134,0,0,0
72,34,6,3069.10177789953,1785.34994866526,0,0,0,103,0,0,0
72,34,7,21004.5800316046,5804.57804206662,46,0,0,189,0,0,0
72,34,8,0,1,0,0,0,0,0,0,0
72,35,1,2909.04525193214,1050.92073169384,0,0,0,106,0,0,0
72,35,2,2942.26251475881,1548.16369240491,0,0,0,118,0,0,0
72,35,3,2858.56994334901,938.929136892665,0,0,0,60,0,0,0
72,35,4,2979.4925820397,145.93007382286,10,0,0,129,0,0,0
72,35,5,3179.23466380576,1545.25548685953,29,0,0,134,0,0,0
72,35,6,3103.47243220993,731.238795684986,19,0,0,146,0,0,0
72,35,7,21057.5094721832,6014.21797108061,205,0,0,195,0,0,7
72,35,8,0,1,0,0,0,0,0,0,0
72,36,1,2905.43845756615,822.658699554626,0,0,0,105,0,0,0
72,36,2,2947.50220454719,1261.01294417057,0,0,0,154,0,0,0
72,36,3,2845.82452869301,1017.97309961004,0,0,0,93,0,0,0
72,36,4,2958.9316609517,1266.77859692058,0,0,0,14,0,0,0
72,36,5,3196.88426604545,915.331765239117,1,0,0,151,0,0,0
72,36,6,3112.94025331099,1722.051898436,0,0,0,73,0,0,0
72,36,7,21089.2780891432,10875.7053685668,154,0,0,168,0,0,0
72,36,8,0,1,0,0,0,0,0,0,0
72,37,1,2892.83550529223,898.812265994925,0,0,0,82,0,0,0
72,37,2,2945.67273338007,860.922659600036,0,0,0,126,0,0,0
72,37,3,2836.93108954088,794.369966933996,0,0,0,101,0,0,0
72,37,4,2957.14900196981,1912.11406444488,0,0,0,126,0,0,0
72,37,5,3198.51267503392,1470.83977641979,0,0,0,91,0,0,0
72,37,6,3142.50025197979,1168.1650177687,0,0,0,172,0,0,0
72,37,7,21149.5873504552,9835.72254457967,45,0,0,266,0,0,0
72,37,8,0,1,0,0,0,0,0,0,0
72,38,1,2889.96430030535,464.298400752692,0,0,0,89,0,0,0
72,38,2,2933.18177110375,1426.67287157685,0,0,0,86,0,0,0
72,38,3,2823.0785377154,968.296898573993,0,0,0,79,0,0,0
72,38,4,2973.80316495968,1433.0623558123,1,0,0,171,0,0,0
72,38,5,3215.90009913656,1513.54356101843,0,0,0,147,0,0,0
72,38,6,3158.45937279387,1601.80554219428,0,0,0,116,0,0,0
72,38,7,21201.6075776296,5820.79916048092,39,0,0,202,0,0,0
72,38,8,0,1,0,0,0,0,0,0,0
72,39,1,2865.85022507104,1448.33769187525,0,33,0,13,0,0,0
72,39,2,2911.32557015809,790.683571705038,0,71,0,71,0,0,0
72,39,3,2801.33346099578,1602.62703431537,0,50,0,46,0,0,0
72,39,4,2957.90319788128,1599.14284201967,0,81,0,62,0,0,0
72,39,5,3206.53821784049,1424.0076446944,0,71,0,80,0,0,0
72,39,6,3161.47816073627,532.534557528987,0,79,0,81,0,0,0
72,39,7,21229.6523136295,5244.88819791581,5,171,0,204,0,0,0
72,39,8,0,1,0,0,0,0,0,0,0
72,40,1,2875.56485488736,1424.58274516138,0,0,0,144,0,0,0
72,40,2,2905.06616002509,1643.02644844986,0,0,0,79,0,0,0
72,40,3,2820.1680833156,1162.72072750465,0,0,0,160,0,0,0
72,40,4,2978.29355448826,1625.20393722925,0,0,0,159,0,0,0
72,40,5,3232.32915428378,1217.91118688939,0,0,0,142,0,0,0
72,40,6,3168.51258505627,1364.75189564218,0,0,0,53,0,0,0
72,40,7,21267.1044091175,10557.2209534532,32,0,0,178,0,0,0
72,40,8,0,1,0,0,0,0,0,0,0
72,41,1,2887.77378019672,1328.22823925028,0,0,0,142,0,0,0
72,41,2,2919.9634052372,1352.87726390969,0,0,0,164,0,0,0
72,41,3,2831.15180687246,1298.17357554512,0,0,0,116,0,0,0
72,41,4,3002.58567217232,1448.75186531097,0,0,0,162,0,0,0
72,41,5,3255.67494471501,1160.23245485445,0,0,0,121,0,0,0
72,41,6,3196.38427949467,663.143808103859,0,0,0,136,0,0,0
72,41,7,21342.6034796278,8284.27514653702,24,0,0,318,0,0,0
72,41,8,0,1,0,0,0,0,0,0,0
72,42,1,2892.88807332184,1358.88415492656,0,0,0,132,0,0,0
72,42,2,2935.74825677532,623.543436251976,0,0,0,135,0,0,0
72,42,3,2838.05394197621,1684.42982604737,0,0,0,129,0,0,0
72,42,4,3032.06530214951,1492.70065308901,0,0,0,144,0,0,0
72,42,5,3281.52556217268,1793.2687676312,0,0,0,116,0,0,0
72,42,6,3216.81105437575,922.672530849625,0,0,0,66,0,0,0
72,42,7,21392.0809430209,7057.33550722445,27,0,0,219,0,0,8
72,42,8,0,1,0,0,0,0,0,0,0
72,43,1,2899.60801655865,1341.76722046149,0,0,0,135,0,0,0
72,43,2,2920.20570921692,492.994972994218,0,0,0,62,0,0,0
72,43,3,2854.45699821399,924.598692523909,0,0,0,168,0,0,0
72,43,4,3045.92664888785,890.705694034751,0,0,0,149,0,0,0
72,43,5,3312.20095576766,1182.45354019709,3,0,0,168,0,0,0
72,43,6,3235.02463239047,1389.77677652953,0,0,0,92,0,0,0
72,43,7,21418.1538666893,13982.5520895212,162,0,0,168,0,0,0
72,43,8,0,1,0,0,0,0,0,0,0
72,44,1,2904.51156819379,1293.00181186665,0,0,0,134,0,0,0
72,44,2,2893.41154344587,1812.55087983924,0,0,0,49,0,0,0
72,44,3,2842.41697311662,1404.72518924317,0,0,0,92,0,0,0
72,44,4,3043.50321770347,1464.06106347143,0,0,0,89,0,0,0
72,44,5,3319.69355501661,958.234124330358,0,0,0,118,0,0,0
72,44,6,3258.41508963616,840.559092584327,0,0,0,138,0,0,0
72,44,7,21448.7081752973,7626.66313571261,40,0,0,219,0,0,0
72,44,8,0,1,0,0,0,0,0,0,0
72,45,1,2907.76850580915,1319.60005475215,0,0,0,129,0,0,0
72,45,2,2905.55924312805,1467.1352520639,0,0,0,181,0,0,0
72,45,3,2850.76595267362,1217.08398461009,0,0,0,140,0,0,0
72,45,4,3054.32086207072,699.365484381384,0,0,0,146,0,0,0
72,45,5,3331.89878079636,1192.41243412052,0,0,0,95,0,0,0
72,45,6,3275.91233694271,668.317587976459,0,0,0,84,0,0,0
72,45,7,21483.9537422938,12745.5013343504,66,0,0,185,0,0,0
72,45,8,0,1,0,0,0,0,0,0,0
72,46,1,2902.64499818316,1931.86681962107,0,0,0,131,0,0,0
72,46,2,2905.77785179737,1081.5472008087,0,0,0,146,0,0,0
72,46,3,2844.76637569951,1148.100761217,0,0,0,121,0,0,0
72,46,4,3037.8306392323,791.957959090901,0,0,0,69,0,0,0
72,46,5,3332.28745793704,1430.62070469862,0,0,0,119,0,0,0
72,46,6,3280.77681736583,1683.90532659419,0,0,0,66,0,0,0
72,46,7,21524.6251052969,9526.50155168914,0,30,0,263,0,0,0
72,46,8,0,1,0,0,0,0,0,0,0
72,47,1,2918.89055864406,1348.45522935907,0,12,0,148,0,0,0
72,47,2,2918.8873485249,1250.52439298365,0,0,0,108,0,0,0
72,47,3,2850.60702425062,1157.55381635195,0,0,0,114,0,0,0
72,47,4,3036.31733841335,1288.35885558191,0,0,0,79,0,0,0
72,47,5,3378.88298052929,1370.51813599428,0,0,0,143,0,0,0
72,47,6,3324.84973235079,729.893145969278,0,6,0,145,0,0,0
72,47,7,21576.3991336095,10082.0113197053,2,155,0,196,0,0,1
72,47,8,0,1,0,0,0,0,0,0,0
72,48,1,2933.30762649682,919.999063825907,0,0,0,134,0,0,0
72,48,2,2915.70680652361,1422.03204756645,0,0,0,125,0,0,0
72,48,3,2849.56021411139,1236.53450652662,0,0,0,115,0,0,0
72,48,4,3048.4115489295,995.948952283813,0,0,0,128,0,0,0
72,48,5,3398.40578778276,2241.53347535144,0,0,0,137,0,0,0
72,48,6,3329.44969073543,1292.26099874068,0,0,0,72,0,0,0
72,48,7,21628.2758216873,12283.3521271908,22,1,0,223,0,0,0
72,48,8,0,1,0,0,0,0,0,0,0
72,49,1,2927.79556218795,1750.08656872725,0,0,0,91,0,0,0
72,49,2,2925.32391681966,394.585351418847,0,0,0,142,0,0,0
72,49,3,2847.02618802437,997.187180053891,0,0,0,123,0,0,0
72,49,4,3044.6421012792,1043.18873919875,0,0,0,99,0,0,0
72,49,5,3428.68181038687,1600.18184260154,0,0,0,175,0,0,0
72,49,6,3352.22212867442,1699.6318157685,0,0,0,129,0,0,0
72,49,7,21680.1052570793,7615.40922417239,22,0,0,234,0,0,0
72,49,8,0,1,0,0,0,0,0,0,0
72,50,1,2917.7520920206,1372.92668039913,0,87,0,88,0,0,0
72,50,2,2895.43296701469,1040.67050333507,0,22,0,17,0,0,0
72,50,3,2829.35917201452,990.499904360899,0,48,0,51,0,0,0
72,50,4,3029.68413126371,1458.67537542571,0,56,0,48,0,0,0
72,50,5,3426.98257361875,1043.34487020183,0,89,0,71,0,0,0
72,50,6,3365.5622079185,2455.59450760866,0,82,0,87,0,0,0
72,50,7,21784.6568158969,9427.46484076023,2,253,0,309,0,0,1
72,50,8,0,1,0,0,0,0,0,0,0
72,51,1,2937.24946152,1094.02229520348,0,0,0,137,0,0,0
72,51,2,2905.94909012654,613.407878056203,0,0,0,104,0,0,0
72,51,3,2834.64824397288,380.944595406186,0,0,0,99,0,0,0
72,51,4,3063.47222459639,1301.44242304419,0,0,0,145,0,0,0
72,51,5,3453.65120738163,1420.32199337925,0,0,0,104,0,0,0
72,51,6,3418.45106685387,1873.19021893481,2,0,0,164,0,0,0
72,51,7,21858.596141202,10495.5031785579,24,0,0,217,0,0,1
72,51,8,0,1,0,0,0,0,0,0,0
72,52,1,2953.19318203177,527.660239313314,0,0,0,109,0,0,0
72,52,2,2899.63588928536,1293.42648179204,0,0,0,61,0,0,0
72,52,3,2821.45365627439,1343.1725255682,0,0,0,38,0,0,0
72,52,4,3096.46485797211,1685.94793801534,0,0,0,130,0,0,0
72,52,5,3492.63147732293,154.528871616437,0,0,0,142,0,0,0
72,52,6,3476.74711733174,1375.20398636974,0,0,0,184,0,0,0
72,52,7,21952.6099838356,9206.53754077034,19,1,0,254,0,0,0
72,52,8,0,1,0,0,0,0,0,0,0
72,53,1,2950.55436210573,828.49222045128,0,0,0,52,0,0,0
72,53,2,2933.49149335835,884.762390282248,0,0,0,129,0,0,0
72,53,3,2842.31965298814,1019.89696587309,0,0,0,134,0,0,0
72,53,4,3145.81373439384,689.247625176784,0,0,0,168,0,0,0
72,53,5,3488.04175498565,1201.62644630631,0,0,0,15,0,0,0
72,53,6,3543.69379860702,1068.59638988984,0,0,0,137,0,0,0
72,53,7,22026.4850459825,5716.21161442346,47,0,0,180,0,0,0
72,53,8,0,1,0,0,0,0,0,0,0
72,54,1,2951.28121887048,482.27571531943,0,0,0,82,0,0,0
72,54,2,2931.35278897495,1639.84317231487,0,0,0,88,0,0,0
72,54,3,2845.76983414135,1446.59831619776,0,0,0,101,0,0,0
72,54,4,3141.91271652174,1166.57199748424,0,0,0,68,0,0,0
72,54,5,3515.74027795804,1759.71450816322,0,0,0,120,0,0,0
72,54,6,3571.19269299318,1140.18827360404,0,0,0,106,0,0,0
72,54,7,22065.9634341205,4999.03254867776,174,0,0,186,0,0,0
72,54,8,0,1,0,0,0,0,0,0,0
72,55,1,2938.06459576222,2029.4456796214,0,0,0,48,0,0,0
72,55,2,2929.06786031694,1318.75849663979,39,0,0,117,0,0,0
72,55,3,2845.55157282625,1298.4564778234,18,0,0,123,0,0,0
72,55,4,3154.01353410164,1235.49516473556,8,0,0,107,0,0,0
72,55,5,3528.61241888324,1895.95777302115,44,0,0,123,0,0,0
72,55,6,3590.51242262167,1712.35884919885,17,0,0,93,0,0,0
72,55,7,22125.996590876,15915.833524479,204,0,0,254,0,0,0
72,55,8,0,1,0,0,0,0,0,0,0
72,56,1,2955.4609451532,1117.58433924908,0,0,0,202,0,0,0
72,56,2,2922.28432973125,1885.35282847369,0,0,0,131,0,0,0
72,56,3,2837.23321054087,1590.20803430317,0,0,0,129,0,0,0
72,56,4,3160.2748311264,794.275667274421,0,0,0,123,0,0,0
72,56,5,3560.66892218464,1565.13241333996,0,0,0,189,0,0,0
72,56,6,3623.44459306704,721.562654275035,0,0,0,171,0,0,0
72,56,7,22163.3422966552,9139.5205061325,36,0,0,245,0,0,0
72,56,8,0,1,0,0,0,0,0,0,0
72,57,1,2958.61994503191,1343.68796106943,0,0,0,111,0,0,0
72,57,2,2935.78370024627,1370.35839895281,4,0,0,170,0,0,0
72,57,3,2845.50267847147,903.529347214973,0,0,0,159,0,0,0
72,57,4,3165.78643827403,741.56948244016,0,0,0,79,0,0,0
72,57,5,3593.72653039934,970.355429643683,0,0,0,156,0,0,0
72,57,6,3634.76669236945,982.28232603653,0,0,0,72,0,0,0
72,57,7,22226.9810921535,7822.56971604045,163,0,0,242,0,0,0
72,57,8,0,1,0,0,0,0,0,0,0
72,58,1,2977.43403157641,1540.76439047283,0,0,0,134,0,0,0
72,58,2,2940.36851301078,1562.83143243475,0,0,0,137,0,0,0
72,58,3,2840.67447032762,969.418066206027,0,0,0,90,0,0,0
72,58,4,3163.24158945426,1438.67076563513,0,0,0,74,0,0,0
72,58,5,3617.55060480619,1272.97605567809,0,0,0,97,0,0,0
72,58,6,3659.98387672732,1765.68269107192,0,0,0,98,0,0,0
72,58,7,22295.6023035755,11844.0074661152,205,0,0,200,0,0,6
72,58,8,0,1,0,0,0,0,0,0,0
72,59,1,3004.84965988921,1714.49491974894,0,0,0,154,0,0,0
72,59,2,2949.2403978214,1154.50918993366,0,0,0,156,0,0,0
72,59,3,2840.03197467243,1003.50505773351,0,0,0,96,0,0,0
72,59,4,3195.49256878603,2082.19956334152,0,0,0,143,0,0,0
72,59,5,3647.87979310057,1861.84875832347,0,0,0,127,0,0,0
72,59,6,3722.94099368799,650.658899624488,0,0,0,176,0,0,0
72,59,7,22384.4703777644,13668.5899920465,0,38,0,217,0,0,0
72,59,8,0,1,0,0,0,0,0,0,0
72,60,1,3020.16231563811,632.573000991703,0,0,0,171,0,0,0
72,60,2,2945.94923960267,795.245060609462,0,0,0,115,0,0,0
72,60,3,2824.01514847897,967.641872259143,0,0,0,100,0,0,0
72,60,4,3217.54768731023,1305.80940962094,0,4,0,173,0,0,0
72,60,5,3678.80849473651,1535.03136593987,0,1,0,175,0,0,0
72,60,6,3735.98123341618,908.054098954848,0,0,0,65,0,0,0
72,60,7,22448.8038741663,17381.8965540919,0,148,0,207,0,0,0
72,60,8,0,1,0,0,0,0,0,0,0
72,61,1,3007.0257267474,930.767396557303,0,0,0,63,0,0,0
72,61,2,2924.95337251482,879.902719298004,0,0,0,79,0,0,0
72,61,3,2806.29342839182,1185.06708461566,0,0,0,96,0,0,0
72,61,4,3218.35224906713,1398.25269620111,0,0,0,130,0,0,0
72,61,5,3685.61771241308,2086.43501845469,0,0,0,153,0,0,0
72,61,6,3749.90652943927,481.816445091825,0,0,0,90,0,0,0
72,61,7,22498.1827238519,6824.41498398742,30,0,0,256,0,0,0
72,61,8,0,1,0,0,0,0,0,0,0
72,62,1,2991.15179905964,509.458644188623,0,33,0,60,0,0,0
72,62,2,2898.85633003418,1029.72946719302,0,51,0,36,0,0,0
72,62,3,2784.88312998093,1197.97910312111,0,56,0,62,0,0,0
72,62,4,3193.31230298841,1564.78722174652,0,76,0,63,0,0,0
72,62,5,3688.86524189599,1528.9728080772,0,87,0,121,0,0,0
72,62,6,3736.67174637916,1736.55570458254,0,22,0,26,0,0,0
72,62,7,22613.2647983007,7276.2498008608,0,314,0,368,0,0,0
72,62,8,0,1,0,0,0,0,0,0,0
72,63,1,2986.92528895444,962.731662833136,0,0,0,50,0,0,0
72,63,2,2893.16568565954,803.947783797411,0,0,0,102,0,0,0
72,63,3,2787.06898440439,1109.43144735888,0,0,0,119,0,0,0
72,63,4,3214.96414237323,2147.07850747351,0,0,0,156,0,0,0
72,63,5,3720.82828273473,633.595261186348,0,0,0,152,0,0,0
72,63,6,3788.12025124259,1686.45579697576,0,0,0,173,0,0,0
72,63,7,22681.4458030348,5509.53546085861,30,0,0,207,0,0,0
72,63,8,0,1,0,0,0,0,0,0,0
72,64,1,2978.51150716407,1448.28148677009,0,0,0,96,0,0,0
72,64,2,2881.3788350944,1188.55089099128,0,0,0,80,0,0,0
72,64,3,2780.59355840255,1076.21976218318,0,0,0,110,0,0,0
72,64,4,3235.59773818899,1315.32467525663,3,0,0,180,0,0,0
72,64,5,3720.60204784096,1433.47921282673,0,0,0,63,0,0,0
72,64,6,3826.96820418575,2248.25129815057,0,0,0,168,0,0,0
72,64,7,22704.7385012492,12683.7945383988,35,0,0,190,0,0,0
72,64,8,0,1,0,0,0,0,0,0,0
72,65,1,2995.21368037309,788.106709167897,0,0,0,144,0,0,0
72,65,2,2889.99575457558,1176.72554039645,0,0,0,118,0,0,0
72,65,3,2793.81054117587,664.738809231655,0,0,0,107,0,0,0
72,65,4,3252.75359839039,1182.07864264495,0,0,0,131,0,0,0
72,65,5,3763.75435985878,883.502195730801,0,0,0,143,0,0,0
72,65,6,3890.06589295766,1458.44501556886,1,0,0,190,0,0,0
72,65,7,22763.7098531302,6931.67916469913,31,0,0,203,0,0,1
72,65,8,0,1,0,0,0,0,0,0,0
72,66,1,3004.65517998862,860.817624829227,0,0,0,78,0,0,0
72,66,2,2911.11276890718,1378.3975463085,0,0,0,117,0,0,0
72,66,3,2793.98663931336,901.262474836308,0,0,0,66,0,0,0
72,66,4,3288.72791506024,1471.31387208217,0,0,0,118,0,0,0
72,66,5,3805.18682675598,994.440662273362,0,0,0,88,0,0,0
72,66,6,3962.78519996329,858.568896540697,0,0,0,145,0,0,0
72,66,7,22839.8818207387,5520.84322253307,50,0,0,197,0,0,0
72,66,8,0,1,0,0,0,0,0,0,0
72,67,1,2996.72930531898,1327.81416069763,0,0,0,86,0,0,0
72,67,2,2915.08762116895,1037.60672470799,0,0,0,137,0,0,0
72,67,3,2790.11737089418,890.364235426963,0,0,0,90,0,0,0
72,67,4,3311.81070105264,731.434179551485,0,0,0,147,0,0,0
72,67,5,3817.58568699057,915.401809824145,0,0,0,99,0,0,0
72,67,6,3981.71933389752,3029.87967647873,0,0,0,85,0,0,0
72,67,7,22861.2483488771,11331.688704934,93,0,0,186,0,0,0
72,67,8,0,1,0,0,0,0,0,0,0
72,68,1,3027.67152652073,1456.62038470654,0,0,0,132,0,0,0
72,68,2,2925.36537873252,1654.98413545668,0,0,0,103,0,0,0
72,68,3,2801.24903962801,1113.29470034159,0,0,0,89,0,0,0
72,68,4,3332.13606511534,1874.10660829312,0,0,0,73,0,0,0
72,68,5,3859.53791267485,926.26980844889,0,0,0,91,0,0,0
72,68,6,4086.80853640397,2629.83535041809,3,0,0,213,0,0,0
72,68,7,22946.3387778911,5782.49256917313,38,0,0,199,0,0,0
72,68,8,0,1,0,0,0,0,0,0,0
72,69,1,3020.02752864912,664.797851543182,0,63,0,82,0,0,0
72,69,2,2903.85944141171,926.634112217549,0,83,0,82,0,0,0
72,69,3,2780.78237906069,301.867726853674,0,60,0,51,0,0,0
72,69,4,3329.04245165076,1098.78303334466,0,104,0,83,0,0,0
72,69,5,3845.74130695783,1938.25083821058,0,56,0,36,0,0,0
72,69,6,4122.08347692342,882.066573474308,0,135,0,127,0,0,0
72,69,7,22956.5691030018,7433.62504503827,5,204,0,172,0,0,0
72,69,8,0,1,0,0,0,0,0,0,0
72,70,1,3030.13634889263,934.371865718882,0,0,0,66,0,0,0
72,70,2,2918.91786522025,764.422039235852,0,0,0,92,0,0,0
72,70,3,2777.07369115108,1309.84712410694,0,0,0,30,0,0,0
72,70,4,3366.64939884265,564.953465912044,0,0,0,109,0,0,0
72,70,5,3931.38591338655,1041.5246925198,0,0,0,189,0,0,0
72,70,6,4153.94090717262,2356.74412376989,0,0,0,88,0,0,0
72,70,7,23056.0433747137,9803.66367464115,29,0,0,196,0,0,0
72,70,8,0,1,0,0,0,0,0,0,0
72,71,1,3057.72537670803,1315.49097727333,0,0,0,93,0,0,0
72,71,2,2934.36540327736,1019.91321579568,0,0,0,76,0,0,0
72,71,3,2802.64850728836,1102.72043413635,0,0,0,130,0,0,0
72,71,4,3380.05504134948,1446.22630878401,0,0,0,56,0,0,0
72,71,5,3997.42213859923,1884.20873408523,0,0,0,104,0,0,0
72,71,6,4249.16430072533,1261.38398152639,0,0,0,212,0,0,0
72,71,7,23171.3386921972,7363.72730323315,27,1,0,198,0,0,0
72,71,8,0,1,0,0,0,0,0,0,0
72,72,1,3086.64030670245,1373.61359723501,0,0,0,131,0,0,0
72,72,2,2951.16131155386,371.437887384788,0,0,0,101,0,0,0
72,72,3,2826.84613713568,1243.69665063056,0,0,0,110,0,0,0
72,72,4,3441.80795411792,1531.18654196645,0,0,0,144,0,0,0
72,72,5,4062.24714049482,1429.39017231462,0,0,0,188,0,0,0
72,72,6,4317.80222697208,1416.12147845261,0,0,0,126,0,0,0
72,72,7,23235.3477282042,8428.49100708568,132,0,0,167,0,0,0
72,72,8,0,1,0,0,0,0,0,0,0
72,73,1,3120.47858530341,1631.9183920793,0,0,0,137,0,0,0
72,73,2,2951.74421041697,1277.03015379124,0,0,0,37,0,0,0
72,73,3,2859.93751401131,428.088854397832,0,0,0,124,0,0,0
72,73,4,3511.52667096817,712.403243448718,0,0,0,153,0,0,0
72,73,5,4149.67210420834,2554.21190716965,0,0,0,142,0,0,0
72,73,6,4435.04603171964,746.283689009021,0,0,0,141,0,0,0
72,73,7,23348.9707051388,11899.3145633611,71,0,0,178,0,0,0
72,73,8,0,1,0,0,0,0,0,0,0
72,74,1,3185.08588387778,1085.0736843151,0,0,0,163,0,0,0
72,74,2,2990.90682762233,1095.73711025428,0,0,0,127,0,0,0
72,74,3,2850.99354794229,1900.81179395765,0,0,0,42,0,0,0
72,74,4,3526.58693516128,1616.04021941402,0,0,0,71,0,0,0
72,74,5,4258.4862654141,1848.5895130564,2,0,0,192,0,0,0
72,74,6,4475.58604067541,332.173557214773,0,0,0,74,0,0,0
72,74,7,23450.8435386616,12035.4798300513,48,0,0,180,0,0,1
72,74,8,0,1,0,0,0,0,0,0,0
72,75,1,3193.38504636664,1208.90872577484,0,0,0,108,0,0,0
72,75,2,2999.16560910789,1175.69919273742,0,0,0,109,0,0,0
72,75,3,2868.32756621877,1452.48580571038,0,0,0,190,0,0,0
72,75,4,3545.1904938935,1866.29734710036,0,0,0,161,0,0,0
72,75,5,4305.22323409063,1962.16214309266,0,0,0,184,0,0,0
72,75,6,4476.62423799098,1295.72119408012,0,0,0,33,0,0,0
72,75,7,23508.8534147921,14440.5317691822,44,0,0,249,0,0,0
72,75,8,0,1,0,0,0,0,0,0,0
72,76,1,3195.20447725972,1453.95804402119,0,0,0,120,0,0,0
72,76,2,2993.56880642417,1964.85993095348,0,0,0,117,0,0,0
72,76,3,2866.56320807978,1674.84574081069,0,0,0,145,0,0,0
72,76,4,3574.45971258527,1778.43460090759,0,0,0,180,0,0,0
72,76,5,4333.93309176016,1304.31529102516,0,0,0,187,0,0,0
72,76,6,4506.37102695416,2559.38532924108,0,0,0,129,0,0,0
72,76,7,23541.2354485664,7350.50202397312,46,0,0,207,0,0,0
72,76,8,0,1,0,0,0,0,0,0,0
72,77,1,3208.36990324677,1841.65071052785,24,0,0,116,0,0,0
72,77,2,2986.76431593113,873.864990654831,71,0,0,111,0,0,0
72,77,3,2873.07336604637,1440.43015134321,37,0,0,123,0,0,0
72,77,4,3594.09507750801,1097.61769980427,49,0,0,119,0,0,0
72,77,5,4360.52560500512,847.111297158343,17,0,0,110,0,0,0
72,77,6,4541.15553070848,2046.28241718293,94,0,0,143,0,0,0
72,77,7,23647.3609340822,7865.87604358645,275,0,0,282,0,0,17
72,77,8,0,1,0,0,0,0,0,0,0
72,78,1,3202.12322325624,1203.61110596094,54,0,0,102,0,0,0
72,78,2,2987.45834825581,1061.03169357846,0,0,0,87,0,0,0
72,78,3,2892.2510371975,507.836132529087,7,0,0,133,0,0,0
72,78,4,3600.62559635731,1220.29022277834,1,0,0,108,0,0,0
72,78,5,4363.67017858215,2859.33038128565,1,0,0,83,0,0,0
72,78,6,4594.49214623426,2538.40934587417,32,0,0,156,0,0,0
72,78,7,23698.1746392381,13372.7127512595,195,2,0,216,0,0,5
72,78,8,0,1,0,0,0,0,0,0,0
72,79,1,3204.03069425347,751.615964480583,0,0,0,120,0,0,0
72,79,2,2982.51807600888,1474.72407749213,0,0,0,106,0,0,0
72,79,3,2871.93290237003,1649.41836682315,0,0,0,50,0,0,0
72,79,4,3611.03939638795,1496.58972892591,0,0,0,122,0,0,0
72,79,5,4417.9998120388,1443.94295785094,3,0,0,223,0,0,0
72,79,6,4661.90510350968,1479.98782384499,3,0,0,186,0,0,0
72,79,7,23727.1111349744,10722.9827423572,56,0,0,224,0,0,1
72,79,8,0,1,0,0,0,0,0,0,0
72,80,1,3202.00362427636,827.350326174132,0,0,0,75,0,0,0
72,80,2,2997.05716015624,1357.71010046837,0,0,0,147,0,0,0
72,80,3,2900.99226032179,435.935749728765,0,0,0,164,0,0,0
72,80,4,3651.56968594796,2039.43574911019,0,0,0,149,0,0,0
72,80,5,4476.43698442146,962.315820499488,0,0,0,144,0,0,0
72,80,6,4711.09160828082,1999.88003235288,0,0,0,147,0,0,0
72,80,7,23781.5559281345,9551.8240112353,171,0,0,174,0,0,2
72,80,8,0,1,0,0,0,0,0,0,0
72,81,1,3202.37295511827,2126.44452788553,0,0,0,82,0,0,0
72,81,2,3018.47639539114,549.477262829775,0,0,0,135,0,0,0
72,81,3,2890.23940685562,1041.58507965366,0,0,0,43,0,0,0
72,81,4,3684.30075426615,1058.10324909645,0,0,0,203,0,0,0
72,81,5,4514.37084584569,2817.32566637242,0,0,0,96,0,0,0
72,81,6,4813.83620948511,884.858434163255,0,0,0,199,0,0,0
72,81,7,23890.5295240795,7615.48773447235,0,38,0,184,0,0,0
72,81,8,0,1,0,0,0,0,0,0,0
72,82,1,3228.65600004653,1310.90697837391,0,26,0,150,0,0,0
72,82,2,3010.19156431977,1115.56296891167,0,0,0,54,0,0,0
72,82,3,2897.14182732901,1573.83212053236,0,0,0,104,0,0,0
72,82,4,3711.88377222921,1884.29866074408,0,0,0,105,0,0,0
72,82,5,4581.74573602253,2868.71380372075,0,41,0,183,0,0,0
72,82,6,4827.78507979818,1844.59621029528,0,0,0,88,0,0,0
72,82,7,24005.6316210487,9747.55676060241,0,208,0,241,0,0,0
72,82,8,0,1,0,0,0,0,0,0,0
72,83,1,3272.5644379076,1031.78032541747,0,0,0,131,0,0,0
72,83,2,3053.37961587006,1417.7338165939,0,0,0,111,0,0,0
72,83,3,2934.36757975964,916.375863938777,0,0,0,157,0,0,0
72,83,4,3794.9227745889,1144.71563490525,0,0,0,186,0,0,0
72,83,5,4734.54307313494,1145.06279257687,2,0,0,193,0,0,0
72,83,6,4978.34477403818,1185.75168154456,0,0,0,184,0,0,0
72,83,7,24161.5623735384,14304.3142775574,27,0,0,204,0,0,0
72,83,8,0,1,0,0,0,0,0,0,0
72,84,1,3273.53714172238,1943.33241517303,0,0,0,103,0,0,0
72,84,2,3049.56467509609,1249.64870168749,0,0,0,141,0,0,0
72,84,3,2918.52106990367,1125.11269951222,0,0,0,91,0,0,0
72,84,4,3789.55473623878,2086.61202076042,0,0,0,114,0,0,0
72,84,5,4738.18379685394,1579.24418743272,0,0,0,114,0,0,0
72,84,6,4994.24498359244,2133.40821644396,0,0,0,118,0,0,0
72,84,7,24185.8504380964,13170.5507883428,24,0,0,184,0,0,0
72,84,8,0,1,0,0,0,0,0,0,0
72,85,1,3290.5400462153,742.007806142083,0,0,0,180,0,0,4
72,85,2,3048.34702170729,1475.16134967868,0,0,0,124,0,0,0
72,85,3,2908.38954637679,1570.51580362147,0,0,0,112,0,0,0
72,85,4,3799.23685298668,1361.23375999364,0,0,0,193,0,0,3
72,85,5,4746.84558687827,2040.2637721168,0,0,0,157,0,0,0
72,85,6,5032.02618956466,1922.01110840924,0,0,0,207,0,0,1
72,85,7,24244.7263472888,5478.68138493269,16,1,0,366,0,0,0
72,85,8,0,1,0,0,0,0,0,0,0
72,86,1,3284.33942081455,1293.62394125878,0,0,0,74,0,0,0
72,86,2,3075.28502983531,1026.81803210274,0,0,0,147,0,0,0
72,86,3,2953.49752772718,580.05329610703,0,0,0,154,0,0,2
72,86,4,3837.79868179828,1894.83966706405,0,0,0,136,0,0,0
72,86,5,4817.99349905227,2006.06257672708,0,14,0,158,0,0,0
72,86,6,5117.77857728166,2921.55252613629,0,5,0,175,0,0,0
72,86,7,24339.3525037509,11739.9934848138,0,105,0,221,0,0,0
72,86,8,0,1,0,0,0,0,0,0,0
72,87,1,3291.0827347725,677.140262715303,0,0,0,129,0,0,0
72,87,2,3076.42246295404,810.880961025407,0,0,0,102,0,0,0
72,87,3,2943.32373816076,968.745325690357,0,0,0,58,0,0,0
72,87,4,3883.21694183803,1217.96446647816,0,0,0,189,0,0,0
72,87,5,4887.52381619197,2044.58579288493,0,0,0,200,0,0,0
72,87,6,5210.49605806738,3052.44607198737,2,0,0,210,0,0,0
72,87,7,24441.2977114802,4288.25175086426,26,0,0,217,0,0,1
72,87,8,0,1,0,0,0,0,0,0,0
72,88,1,3280.14833079045,1428.32421884705,0,0,0,67,0,0,0
72,88,2,3055.63157563846,1551.57775384681,0,0,0,81,0,0,0
72,88,3,2926.30874694183,1264.09743655561,0,0,0,96,0,0,0
72,88,4,3890.48292419431,564.741152541203,0,0,0,121,0,0,0
72,88,5,4915.3324739476,2706.35933556436,2,0,0,183,0,0,0
72,88,6,5251.45614992144,2324.00235676866,13,0,0,175,0,0,1
72,88,7,24458.0716332989,16049.9399785097,26,0,0,189,0,0,0
72,88,8,0,1,0,0,0,0,0,0,0
72,89,1,3292.17508911864,1380.84288087877,0,0,0,142,0,0,0
72,89,2,3059.78548416282,574.988538703436,0,0,0,155,0,0,0
72,89,3,2919.64709684234,753.111128364467,0,0,0,126,0,0,0
72,89,4,3860.36286106292,1624.61778052735,0,0,0,56,0,0,0
72,89,5,4990.3870491807,2195.81328130892,0,0,0,270,0,0,0
72,89,6,5322.07602337993,2513.452089213,0,0,0,219,0,0,0
72,89,7,24480.2732479532,14304.0411185811,0,41,0,211,0,0,0
72,89,8,0,1,0,0,0,0,0,0,0
72,90,1,3297.46090073184,1581.20461221916,0,0,0,138,0,0,0
72,90,2,3042.73748085918,1356.45386711002,0,0,0,57,0,0,0
72,90,3,2896.07450575598,812.652014009358,0,0,0,75,0,0,0
72,90,4,3872.30481847957,1246.95208826488,0,4,0,154,0,0,0
72,90,5,5030.77707872736,2887.02911137098,0,5,0,209,0,0,0
72,90,6,5373.72264465136,1944.12066871961,0,34,0,178,0,0,0
72,90,7,24497.4886773984,14766.0618180356,8,209,0,187,0,0,1
72,90,8,0,1,0,0,0,0,0,0,0
72,91,1,3300.53750540672,1887.35410756739,0,0,0,158,0,0,0
72,91,2,3042.65922501063,1178.98393948552,0,0,0,135,0,0,0
72,91,3,2885.67917435289,1548.52731675996,0,0,0,81,0,0,0
72,91,4,3880.54274659162,1859.06328872068,0,0,0,124,0,0,0
72,91,5,5087.48773554932,3550.6596696482,0,0,0,252,0,0,0
72,91,6,5426.04093454996,1865.80063553361,0,0,0,194,0,0,0
72,91,7,24552.4380745609,5708.98146443267,27,0,0,256,0,0,0
72,91,8,0,1,0,0,0,0,0,0,0
72,92,1,3297.1477478008,1536.31809608238,0,101,0,87,0,0,0
72,92,2,3036.14718199857,1964.84576615611,0,39,0,78,0,0,0
72,92,3,2866.92672436719,1062.50596736779,0,87,0,67,0,0,0
72,92,4,3875.38580991499,2428.6277516061,0,88,0,97,0,0,0
72,92,5,5175.68175844389,3831.12405276055,0,160,0,195,0,0,0
72,92,6,5446.38070712316,2271.9798480431,0,85,0,101,0,0,0
72,92,7,24678.552714772,3160.17640408109,0,291,0,279,0,0,0
72,92,8,0,1,0,0,0,0,0,0,0
72,93,1,3328.75749429922,1644.45417665576,0,0,0,153,0,0,0
72,93,2,3065.4641591404,1060.73665419692,13,0,0,159,0,0,0
72,93,3,2879.98470821841,1371.62525581647,0,0,0,106,0,0,0
72,93,4,3920.90436472838,2221.10739409274,37,0,0,141,0,0,0
72,93,5,5261.18719289222,2061.32030210645,81,0,0,164,0,0,0
72,93,6,5531.76635663311,1457.45943254266,31,0,0,143,0,0,0
72,93,7,24744.3497507839,16421.6952512662,57,0,0,162,0,0,0
72,93,8,0,1,0,0,0,0,0,0,0
72,94,1,3363.69553455437,1454.76775313885,0,0,0,164,0,0,0
72,94,2,3065.44161687572,1870.35987916749,0,0,0,106,0,0,0
72,94,3,2895.09679001829,1176.53983359854,0,0,0,137,0,0,0
72,94,4,3995.4039024845,1472.39658236889,0,0,0,193,0,0,0
72,94,5,5356.59182443349,1522.69789796545,0,0,0,200,0,0,0
72,94,6,5616.158253969,2903.42006115679,0,0,0,145,0,0,0
72,94,7,24788.1981271066,9018.50522419133,29,0,0,215,0,0,0
72,94,8,0,1,0,0,0,0,0,0,0
72,95,1,3431.33056499471,1282.80294717384,0,0,0,145,0,0,0
72,95,2,3117.98310006655,1188.30450339891,0,0,0,187,0,0,0
72,95,3,2927.39808922086,1942.41829495669,0,0,0,117,0,0,0
72,95,4,4077.5396305639,1174.54874534418,0,0,0,147,0,0,0
72,95,5,5486.97413962123,2295.00839466381,0,0,0,152,0,0,0
72,95,6,5787.97714503841,1449.66828238291,7,0,0,187,0,0,0
72,95,7,24904.1536997086,7340.38925072569,54,0,0,186,0,0,0
72,95,8,0,1,0,0,0,0,0,0,0
72,96,1,3511.07371558498,1038.75716505199,0,0,0,128,0,0,0
72,96,2,3174.03209569652,923.545321431939,0,0,0,118,0,0,0
72,96,3,2981.64237527799,938.208060200731,17,0,0,151,0,0,0
72,96,4,4174.9708782698,1533.31634490645,0,0,0,117,0,0,0
72,96,5,5691.82572354231,3719.15751350989,19,0,0,180,0,0,0
72,96,6,5985.64778387349,2297.68976884848,0,0,0,144,0,0,0
72,96,7,25093.6735231252,8894.31216590362,183,0,0,275,0,0,0
72,96,8,0,1,0,0,0,0,0,0,0
72,97,1,3543.7228577832,735.079337479647,0,0,0,103,0,0,0
72,97,2,3201.07265544897,1125.22804983345,0,0,0,92,0,0,0
72,97,3,2997.45318402046,1399.58159676718,0,0,0,93,0,0,0
72,97,4,4238.44120482797,1953.83162941457,0,0,0,153,0,0,0
72,97,5,5899.52188225329,2798.96622469018,19,0,0,198,0,0,0
72,97,6,6117.65747997282,4047.51247034042,6,0,0,175,0,0,0
72,97,7,25231.3777718168,7130.05082134939,82,0,0,151,0,0,0
72,97,8,0,1,0,0,0,0,0,0,0
72,98,1,3536.5314762292,1862.50390628887,1,0,0,72,0,0,0
72,98,2,3201.61077363402,2080.98520551646,2,0,0,110,0,0,0
72,98,3,3004.2357932105,1701.52131457413,8,0,0,130,0,0,0
72,98,4,4255.01204212436,1446.03184970829,61,0,0,122,0,0,0
72,98,5,6002.0183863672,2581.71937349811,99,0,0,161,0,0,0
72,98,6,6209.20663437586,2996.82507344278,167,0,0,195,0,0,4
72,98,7,25339.4887502611,9274.62949255645,286,0,0,292,0,0,2
72,98,8,0,1,0,0,0,0,0,0,0
72,99,1,3624.7526736539,1486.2560553266,0,0,0,181,0,0,0
72,99,2,3265.62083820561,1746.74017442885,5,0,0,165,0,0,0
72,99,3,3064.00372264196,1300.11047369448,0,0,0,166,0,0,0
72,99,4,4349.07256756336,1297.92533061524,0,0,0,144,0,0,0
72,99,5,6173.19877725978,2749.6560491395,11,0,0,164,0,0,0
72,99,6,6383.60786468426,3632.81831652602,19,0,0,145,0,0,0
72,99,7,25494.809109,11425.5253834628,93,0,0,202,0,0,0
72,99,8,0,1,0,0,0,0,0,0,0
72,100,1,3685.28222843186,1657.4764731972,0,0,0,148,0,0,0
72,100,2,3350.06945567504,1640.32438973393,0,0,0,174,0,0,0
72,100,3,3124.17716270328,1566.50200375903,0,0,0,130,0,0,0
72,100,4,4433.91294097944,825.026008972069,0,0,0,129,0,0,0
72,100,5,6421.83137189952,3401.55942049245,3,0,0,214,0,0,0
72,100,6,6613.04851279993,2853.78763937887,11,0,0,172,0,0,0
72,100,7,25651.2095092238,3447.60542540436,56,0,0,198,0,0,0
72,100,8,0,1,0,0,0,0,0,0,0
73,1,1,2767.712,1381.79166376298,0,0,0,98,0,0,0
73,1,2,2761.16,516.241191834911,0,0,0,92,0,0,0
73,1,3,2768.712,964.715051992995,0,0,0,98,0,0,0
73,1,4,2748.8656,1965.60980263226,0,0,0,0,0,0,0
73,1,5,2759.144,809.089634206107,0,0,0,84,0,0,0
73,1,6,2742.928,682.263010891656,0,0,0,5,0,0,0
73,1,7,20570.4511999998,7690.93415456946,0,0,0,18,0,0,0
73,1,8,0,0,0,0,0,90,0,0,0
73,2,1,NA,NA,NA,NA,NA,NA,NA,NA,NA
73,2,2,NA,NA,NA,NA,NA,NA,NA,NA,NA
73,2,3,NA,NA,NA,NA,NA,NA,NA,NA,NA
73,2,4,NA,NA,NA,NA,NA,NA,NA,NA,NA
73,2,5,NA,NA,NA,NA,NA,NA,NA,NA,NA
73,2,6,NA,NA,NA,NA,NA,NA,NA,NA,NA
73,2,7,NA,NA,NA,NA,NA,NA,NA,NA,NA
73,2,8,NA,NA,NA,NA,NA,NA,NA,NA,NA
73,3,1,NA,NA,NA,NA,NA,NA,NA,NA,NA
73,3,2,NA,NA,NA,NA,NA,NA,NA,NA,NA
73,3,3,NA,NA,NA,NA,NA,NA,NA,NA,NA
73,3,4,NA,NA,NA,NA,NA,NA,NA,NA,NA
73,3,5,NA,NA,NA,NA,NA,NA,NA,NA,NA
73,3,6,NA,NA,NA,NA,NA,NA,NA,NA,NA
73,3,7,NA,NA,NA,NA,NA,NA,NA,NA,NA
73,3,8,NA,NA,NA,NA,NA,NA,NA,NA,NA
73,4,1,NA,NA,NA,NA,NA,NA,NA,NA,NA
73,4,2,NA,NA,NA,NA,NA,NA,NA,NA,NA
73,4,3,NA,NA,NA,NA,NA,NA,NA,NA,NA
73,4,4,NA,NA,NA,NA,NA,NA,NA,NA,NA
73,4,5,NA,NA,NA,NA,NA,NA,NA,NA,NA
73,4,6,NA,NA,NA,NA,NA,NA,NA,NA,NA
73,4,7,NA,NA,NA,NA,NA,NA,NA,NA,NA
73,4,8,NA,NA,NA,NA,NA,NA,NA,NA,NA
73,5,1,NA,NA,NA,NA,NA,NA,NA,NA,NA
73,5,2,NA,NA,NA,NA,NA,NA,NA,NA,NA
73,5,3,NA,NA,NA,NA,NA,NA,NA,NA,NA
73,5,4,NA,NA,NA,NA,NA,NA,NA,NA,NA
73,5,5,NA,NA,NA,NA,NA,NA,NA,NA,NA
73,5,6,NA,NA,NA,NA,NA,NA,NA,NA,NA
73,5,7,NA,NA,NA,NA,NA,NA,NA,NA,NA
73,5,8,NA,NA,NA,NA,NA,NA,NA,NA,NA
73,6,1,NA,NA,NA,NA,NA,NA,NA,NA,NA
73,6,2,NA,NA,NA,NA,NA,NA,NA,NA,NA
73,6,3,NA,NA,NA,NA,NA,NA,NA,NA,NA
73,6,4,NA,NA,NA,NA,NA,NA,NA,NA,NA
73,6,5,NA,NA,NA,NA,NA,NA,NA,NA,NA
73,6,6,NA,NA,NA,NA,NA,NA,NA,NA,NA
73,6,7,NA,NA,NA,NA,NA,NA,NA,NA,NA
73,6,8,NA,NA,NA,NA,NA,NA,NA,NA,NA
73,7,1,NA,NA,NA,NA,NA,NA,NA,NA,NA
73,7,2,NA,NA,NA,NA,NA,NA,NA,NA,NA
73,7,3,NA,NA,NA,NA,NA,NA,NA,NA,NA
73,7,4,NA,NA,NA,NA,NA,NA,NA,NA,NA
73,7,5,NA,NA,NA,NA,NA,NA,NA,NA,NA
73,7,6,NA,NA,NA,NA,NA,NA,NA,NA,NA
73,7,7,NA,NA,NA,NA,NA,NA,NA,NA,NA
73,7,8,NA,NA,NA,NA,NA,NA,NA,NA,NA
73,8,1,NA,NA,NA,NA,NA,NA,NA,NA,NA
73,8,2,NA,NA,NA,NA,NA,NA,NA,NA,NA
73,8,3,NA,NA,NA,NA,NA,NA,NA,NA,NA
73,8,4,NA,NA,NA,NA,NA,NA,NA,NA,NA
73,8,5,NA,NA,NA,NA,NA,NA,NA,NA,NA
73,8,6,NA,NA,NA,NA,NA,NA,NA,NA,NA
73,8,7,NA,NA,NA,NA,NA,NA,NA,NA,NA
73,8,8,NA,NA,NA,NA,NA,NA,NA,NA,NA
73,9,1,NA,NA,NA,NA,NA,NA,NA,NA,NA
73,9,2,NA,NA,NA,NA,NA,NA,NA,NA,NA
73,9,3,NA,NA,NA,NA,NA,NA,NA,NA,NA
73,9,4,NA,NA,NA,NA,NA,NA,NA,NA,NA
73,9,5,NA,NA,NA,NA,NA,NA,NA,NA,NA
73,9,6,NA,NA,NA,NA,NA,NA,NA,NA,NA
73,9,7,NA,NA,NA,NA,NA,NA,NA,NA,NA
73,9,8,NA,NA,NA,NA,NA,NA,NA,NA,NA
73,10,1,NA,NA,NA,NA,NA,NA,NA,NA,NA
73,10,2,NA,NA,NA,NA,NA,NA,NA,NA,NA
73,10,3,NA,NA,NA,NA,NA,NA,NA,NA,NA
73,10,4,NA,NA,NA,NA,NA,NA,NA,NA,NA
73,10,5,NA,NA,NA,NA,NA,NA,NA,NA,NA
73,10,6,NA,NA,NA,NA,NA,NA,NA,NA,NA
73,10,7,NA,NA,NA,NA,NA,NA,NA,NA,NA
73,10,8,NA,NA,NA,NA,NA,NA,NA,NA,NA
73,11,1,NA,NA,NA,NA,NA,NA,NA,NA,NA
73,11,2,NA,NA,NA,NA,NA,NA,NA,NA,NA
73,11,3,NA,NA,NA,NA,NA,NA,NA,NA,NA
73,11,4,NA,NA,NA,NA,NA,NA,NA,NA,NA
73,11,5,NA,NA,NA,NA,NA,NA,NA,NA,NA
73,11,6,NA,NA,NA,NA,NA,NA,NA,NA,NA
73,11,7,NA,NA,NA,NA,NA,NA,NA,NA,NA
73,11,8,NA,NA,NA,NA,NA,NA,NA,NA,NA
73,12,1,NA,NA,NA,NA,NA,NA,NA,NA,NA
73,12,2,NA,NA,NA,NA,NA,NA,NA,NA,NA
73,12,3,NA,NA,NA,NA,NA,NA,NA,NA,NA
73,12,4,NA,NA,NA,NA,NA,NA,NA,NA,NA
73,12,5,NA,NA,NA,NA,NA,NA,NA,NA,NA
73,12,6,NA,NA,NA,NA,NA,NA,NA,NA,NA
73,12,7,NA,NA,NA,NA,NA,NA,NA,NA,NA
73,12,8,NA,NA,NA,NA,NA,NA,NA,NA,NA
73,13,1,NA,NA,NA,NA,NA,NA,NA,NA,NA
73,13,2,NA,NA,NA,NA,NA,NA,NA,NA,NA
73,13,3,NA,NA,NA,NA,NA,NA,NA,NA,NA
73,13,4,NA,NA,NA,NA,NA,NA,NA,NA,NA
73,13,5,NA,NA,NA,NA,NA,NA,NA,NA,NA
73,13,6,NA,NA,NA,NA,NA,NA,NA,NA,NA
73,13,7,NA,NA,NA,NA,NA,NA,NA,NA,NA
73,13,8,NA,NA,NA,NA,NA,NA,NA,NA,NA
73,14,1,NA,NA,NA,NA,NA,NA,NA,NA,NA
73,14,2,NA,NA,NA,NA,NA,NA,NA,NA,NA
73,14,3,NA,NA,NA,NA,NA,NA,NA,NA,NA
73,14,4,NA,NA,NA,NA,NA,NA,NA,NA,NA
73,14,5,NA,NA,NA,NA,NA,NA,NA,NA,NA
73,14,6,NA,NA,NA,NA,NA,NA,NA,NA,NA
73,14,7,NA,NA,NA,NA,NA,NA,NA,NA,NA
73,14,8,NA,NA,NA,NA,NA,NA,NA,NA,NA
73,15,1,NA,NA,NA,NA,NA,NA,NA,NA,NA
73,15,2,NA,NA,NA,NA,NA,NA,NA,NA,NA
73,15,3,NA,NA,NA,NA,NA,NA,NA,NA,NA
73,15,4,NA,NA,NA,NA,NA,NA,NA,NA,NA
73,15,5,NA,NA,NA,NA,NA,NA,NA,NA,NA
73,15,6,NA,NA,NA,NA,NA,NA,NA,NA,NA
73,15,7,NA,NA,NA,NA,NA,NA,NA,NA,NA
73,15,8,NA,NA,NA,NA,NA,NA,NA,NA,NA
73,16,1,NA,NA,NA,NA,NA,NA,NA,NA,NA
73,16,2,NA,NA,NA,NA,NA,NA,NA,NA,NA
73,16,3,NA,NA,NA,NA,NA,NA,NA,NA,NA
73,16,4,NA,NA,NA,NA,NA,NA,NA,NA,NA
73,16,5,NA,NA,NA,NA,NA,NA,NA,NA,NA
73,16,6,NA,NA,NA,NA,NA,NA,NA,NA,NA
73,16,7,NA,NA,NA,NA,NA,NA,NA,NA,NA
73,16,8,NA,NA,NA,NA,NA,NA,NA,NA,NA
73,17,1,NA,NA,NA,NA,NA,NA,NA,NA,NA
73,17,2,NA,NA,NA,NA,NA,NA,NA,NA,NA
73,17,3,NA,NA,NA,NA,NA,NA,NA,NA,NA
73,17,4,NA,NA,NA,NA,NA,NA,NA,NA,NA
73,17,5,NA,NA,NA,NA,NA,NA,NA,NA,NA
73,17,6,NA,NA,NA,NA,NA,NA,NA,NA,NA
73,17,7,NA,NA,NA,NA,NA,NA,NA,NA,NA
73,17,8,NA,NA,NA,NA,NA,NA,NA,NA,NA
73,18,1,NA,NA,NA,NA,NA,NA,NA,NA,NA
73,18,2,NA,NA,NA,NA,NA,NA,NA,NA,NA
73,18,3,NA,NA,NA,NA,NA,NA,NA,NA,NA
73,18,4,NA,NA,NA,NA,NA,NA,NA,NA,NA
73,18,5,NA,NA,NA,NA,NA,NA,NA,NA,NA
73,18,6,NA,NA,NA,NA,NA,NA,NA,NA,NA
73,18,7,NA,NA,NA,NA,NA,NA,NA,NA,NA
73,18,8,NA,NA,NA,NA,NA,NA,NA,NA,NA
73,19,1,NA,NA,NA,NA,NA,NA,NA,NA,NA
73,19,2,NA,NA,NA,NA,NA,NA,NA,NA,NA
73,19,3,NA,NA,NA,NA,NA,NA,NA,NA,NA
73,19,4,NA,NA,NA,NA,NA,NA,NA,NA,NA
73,19,5,NA,NA,NA,NA,NA,NA,NA,NA,NA
73,19,6,NA,NA,NA,NA,NA,NA,NA,NA,NA
73,19,7,NA,NA,NA,NA,NA,NA,NA,NA,NA
73,19,8,NA,NA,NA,NA,NA,NA,NA,NA,NA
73,20,1,NA,NA,NA,NA,NA,NA,NA,NA,NA
73,20,2,NA,NA,NA,NA,NA,NA,NA,NA,NA
73,20,3,NA,NA,NA,NA,NA,NA,NA,NA,NA
73,20,4,NA,NA,NA,NA,NA,NA,NA,NA,NA
73,20,5,NA,NA,NA,NA,NA,NA,NA,NA,NA
73,20,6,NA,NA,NA,NA,NA,NA,NA,NA,NA
73,20,7,NA,NA,NA,NA,NA,NA,NA,NA,NA
73,20,8,NA,NA,NA,NA,NA,NA,NA,NA,NA
73,21,1,NA,NA,NA,NA,NA,NA,NA,NA,NA
73,21,2,NA,NA,NA,NA,NA,NA,NA,NA,NA
73,21,3,NA,NA,NA,NA,NA,NA,NA,NA,NA
73,21,4,NA,NA,NA,NA,NA,NA,NA,NA,NA
73,21,5,NA,NA,NA,NA,NA,NA,NA,NA,NA
73,21,6,NA,NA,NA,NA,NA,NA,NA,NA,NA
73,21,7,NA,NA,NA,NA,NA,NA,NA,NA,NA
73,21,8,NA,NA,NA,NA,NA,NA,NA,NA,NA
73,22,1,NA,NA,NA,NA,NA,NA,NA,NA,NA
73,22,2,NA,NA,NA,NA,NA,NA,NA,NA,NA
73,22,3,NA,NA,NA,NA,NA,NA,NA,NA,NA
73,22,4,NA,NA,NA,NA,NA,NA,NA,NA,NA
73,22,5,NA,NA,NA,NA,NA,NA,NA,NA,NA
73,22,6,NA,NA,NA,NA,NA,NA,NA,NA,NA
73,22,7,NA,NA,NA,NA,NA,NA,NA,NA,NA
73,22,8,NA,NA,NA,NA,NA,NA,NA,NA,NA
73,23,1,NA,NA,NA,NA,NA,NA,NA,NA,NA
73,23,2,NA,NA,NA,NA,NA,NA,NA,NA,NA
73,23,3,NA,NA,NA,NA,NA,NA,NA,NA,NA
73,23,4,NA,NA,NA,NA,NA,NA,NA,NA,NA
73,23,5,NA,NA,NA,NA,NA,NA,NA,NA,NA
73,23,6,NA,NA,NA,NA,NA,NA,NA,NA,NA
73,23,7,NA,NA,NA,NA,NA,NA,NA,NA,NA
73,23,8,NA,NA,NA,NA,NA,NA,NA,NA,NA
73,24,1,NA,NA,NA,NA,NA,NA,NA,NA,NA
73,24,2,NA,NA,NA,NA,NA,NA,NA,NA,NA
73,24,3,NA,NA,NA,NA,NA,NA,NA,NA,NA
73,24,4,NA,NA,NA,NA,NA,NA,NA,NA,NA
73,24,5,NA,NA,NA,NA,NA,NA,NA,NA,NA
73,24,6,NA,NA,NA,NA,NA,NA,NA,NA,NA
73,24,7,NA,NA,NA,NA,NA,NA,NA,NA,NA
73,24,8,NA,NA,NA,NA,NA,NA,NA,NA,NA
73,25,1,NA,NA,NA,NA,NA,NA,NA,NA,NA
73,25,2,NA,NA,NA,NA,NA,NA,NA,NA,NA
73,25,3,NA,NA,NA,NA,NA,NA,NA,NA,NA
73,25,4,NA,NA,NA,NA,NA,NA,NA,NA,NA
73,25,5,NA,NA,NA,NA,NA,NA,NA,NA,NA
73,25,6,NA,NA,NA,NA,NA,NA,NA,NA,NA
73,25,7,NA,NA,NA,NA,NA,NA,NA,NA,NA
73,25,8,NA,NA,NA,NA,NA,NA,NA,NA,NA
73,26,1,NA,NA,NA,NA,NA,NA,NA,NA,NA
73,26,2,NA,NA,NA,NA,NA,NA,NA,NA,NA
73,26,3,NA,NA,NA,NA,NA,NA,NA,NA,NA
73,26,4,NA,NA,NA,NA,NA,NA,NA,NA,NA
73,26,5,NA,NA,NA,NA,NA,NA,NA,NA,NA
73,26,6,NA,NA,NA,NA,NA,NA,NA,NA,NA
73,26,7,NA,NA,NA,NA,NA,NA,NA,NA,NA
73,26,8,NA,NA,NA,NA,NA,NA,NA,NA,NA
73,27,1,NA,NA,NA,NA,NA,NA,NA,NA,NA
73,27,2,NA,NA,NA,NA,NA,NA,NA,NA,NA
73,27,3,NA,NA,NA,NA,NA,NA,NA,NA,NA
73,27,4,NA,NA,NA,NA,NA,NA,NA,NA,NA
73,27,5,NA,NA,NA,NA,NA,NA,NA,NA,NA
73,27,6,NA,NA,NA,NA,NA,NA,NA,NA,NA
73,27,7,NA,NA,NA,NA,NA,NA,NA,NA,NA
73,27,8,NA,NA,NA,NA,NA,NA,NA,NA,NA
73,28,1,NA,NA,NA,NA,NA,NA,NA,NA,NA
73,28,2,NA,NA,NA,NA,NA,NA,NA,NA,NA
73,28,3,NA,NA,NA,NA,NA,NA,NA,NA,NA
73,28,4,NA,NA,NA,NA,NA,NA,NA,NA,NA
73,28,5,NA,NA,NA,NA,NA,NA,NA,NA,NA
73,28,6,NA,NA,NA,NA,NA,NA,NA,NA,NA
73,28,7,NA,NA,NA,NA,NA,NA,NA,NA,NA
73,28,8,NA,NA,NA,NA,NA,NA,NA,NA,NA
73,29,1,NA,NA,NA,NA,NA,NA,NA,NA,NA
73,29,2,NA,NA,NA,NA,NA,NA,NA,NA,NA
73,29,3,NA,NA,NA,NA,NA,NA,NA,NA,NA
73,29,4,NA,NA,NA,NA,NA,NA,NA,NA,NA
73,29,5,NA,NA,NA,NA,NA,NA,NA,NA,NA
73,29,6,NA,NA,NA,NA,NA,NA,NA,NA,NA
73,29,7,NA,NA,NA,NA,NA,NA,NA,NA,NA
73,29,8,NA,NA,NA,NA,NA,NA,NA,NA,NA
73,30,1,NA,NA,NA,NA,NA,NA,NA,NA,NA
73,30,2,NA,NA,NA,NA,NA,NA,NA,NA,NA
73,30,3,NA,NA,NA,NA,NA,NA,NA,NA,NA
73,30,4,NA,NA,NA,NA,NA,NA,NA,NA,NA
73,30,5,NA,NA,NA,NA,NA,NA,NA,NA,NA
73,30,6,NA,NA,NA,NA,NA,NA,NA,NA,NA
73,30,7,NA,NA,NA,NA,NA,NA,NA,NA,NA
73,30,8,NA,NA,NA,NA,NA,NA,NA,NA,NA
73,31,1,NA,NA,NA,NA,NA,NA,NA,NA,NA
73,31,2,NA,NA,NA,NA,NA,NA,NA,NA,NA
73,31,3,NA,NA,NA,NA,NA,NA,NA,NA,NA
73,31,4,NA,NA,NA,NA,NA,NA,NA,NA,NA
73,31,5,NA,NA,NA,NA,NA,NA,NA,NA,NA
73,31,6,NA,NA,NA,NA,NA,NA,NA,NA,NA
73,31,7,NA,NA,NA,NA,NA,NA,NA,NA,NA
73,31,8,NA,NA,NA,NA,NA,NA,NA,NA,NA
73,32,1,NA,NA,NA,NA,NA,NA,NA,NA,NA
73,32,2,NA,NA,NA,NA,NA,NA,NA,NA,NA
73,32,3,NA,NA,NA,NA,NA,NA,NA,NA,NA
73,32,4,NA,NA,NA,NA,NA,NA,NA,NA,NA
73,32,5,NA,NA,NA,NA,NA,NA,NA,NA,NA
73,32,6,NA,NA,NA,NA,NA,NA,NA,NA,NA
73,32,7,NA,NA,NA,NA,NA,NA,NA,NA,NA
73,32,8,NA,NA,NA,NA,NA,NA,NA,NA,NA
73,33,1,NA,NA,NA,NA,NA,NA,NA,NA,NA
73,33,2,NA,NA,NA,NA,NA,NA,NA,NA,NA
73,33,3,NA,NA,NA,NA,NA,NA,NA,NA,NA
73,33,4,NA,NA,NA,NA,NA,NA,NA,NA,NA
73,33,5,NA,NA,NA,NA,NA,NA,NA,NA,NA
73,33,6,NA,NA,NA,NA,NA,NA,NA,NA,NA
73,33,7,NA,NA,NA,NA,NA,NA,NA,NA,NA
73,33,8,NA,NA,NA,NA,NA,NA,NA,NA,NA
73,34,1,NA,NA,NA,NA,NA,NA,NA,NA,NA
73,34,2,NA,NA,NA,NA,NA,NA,NA,NA,NA
73,34,3,NA,NA,NA,NA,NA,NA,NA,NA,NA
73,34,4,NA,NA,NA,NA,NA,NA,NA,NA,NA
73,34,5,NA,NA,NA,NA,NA,NA,NA,NA,NA
73,34,6,NA,NA,NA,NA,NA,NA,NA,NA,NA
73,34,7,NA,NA,NA,NA,NA,NA,NA,NA,NA
73,34,8,NA,NA,NA,NA,NA,NA,NA,NA,NA
73,35,1,NA,NA,NA,NA,NA,NA,NA,NA,NA
73,35,2,NA,NA,NA,NA,NA,NA,NA,NA,NA
73,35,3,NA,NA,NA,NA,NA,NA,NA,NA,NA
73,35,4,NA,NA,NA,NA,NA,NA,NA,NA,NA
73,35,5,NA,NA,NA,NA,NA,NA,NA,NA,NA
73,35,6,NA,NA,NA,NA,NA,NA,NA,NA,NA
73,35,7,NA,NA,NA,NA,NA,NA,NA,NA,NA
73,35,8,NA,NA,NA,NA,NA,NA,NA,NA,NA
73,36,1,NA,NA,NA,NA,NA,NA,NA,NA,NA
73,36,2,NA,NA,NA,NA,NA,NA,NA,NA,NA
73,36,3,NA,NA,NA,NA,NA,NA,NA,NA,NA
73,36,4,NA,NA,NA,NA,NA,NA,NA,NA,NA
73,36,5,NA,NA,NA,NA,NA,NA,NA,NA,NA
73,36,6,NA,NA,NA,NA,NA,NA,NA,NA,NA
73,36,7,NA,NA,NA,NA,NA,NA,NA,NA,NA
73,36,8,NA,NA,NA,NA,NA,NA,NA,NA,NA
73,37,1,NA,NA,NA,NA,NA,NA,NA,NA,NA
73,37,2,NA,NA,NA,NA,NA,NA,NA,NA,NA
73,37,3,NA,NA,NA,NA,NA,NA,NA,NA,NA
73,37,4,NA,NA,NA,NA,NA,NA,NA,NA,NA
73,37,5,NA,NA,NA,NA,NA,NA,NA,NA,NA
73,37,6,NA,NA,NA,NA,NA,NA,NA,NA,NA
73,37,7,NA,NA,NA,NA,NA,NA,NA,NA,NA
73,37,8,NA,NA,NA,NA,NA,NA,NA,NA,NA
73,38,1,NA,NA,NA,NA,NA,NA,NA,NA,NA
73,38,2,NA,NA,NA,NA,NA,NA,NA,NA,NA
73,38,3,NA,NA,NA,NA,NA,NA,NA,NA,NA
73,38,4,NA,NA,NA,NA,NA,NA,NA,NA,NA
73,38,5,NA,NA,NA,NA,NA,NA,NA,NA,NA
73,38,6,NA,NA,NA,NA,NA,NA,NA,NA,NA
73,38,7,NA,NA,NA,NA,NA,NA,NA,NA,NA
73,38,8,NA,NA,NA,NA,NA,NA,NA,NA,NA
73,39,1,NA,NA,NA,NA,NA,NA,NA,NA,NA
73,39,2,NA,NA,NA,NA,NA,NA,NA,NA,NA
73,39,3,NA,NA,NA,NA,NA,NA,NA,NA,NA
73,39,4,NA,NA,NA,NA,NA,NA,NA,NA,NA
73,39,5,NA,NA,NA,NA,NA,NA,NA,NA,NA
73,39,6,NA,NA,NA,NA,NA,NA,NA,NA,NA
73,39,7,NA,NA,NA,NA,NA,NA,NA,NA,NA
73,39,8,NA,NA,NA,NA,NA,NA,NA,NA,NA
73,40,1,NA,NA,NA,NA,NA,NA,NA,NA,NA
73,40,2,NA,NA,NA,NA,NA,NA,NA,NA,NA
73,40,3,NA,NA,NA,NA,NA,NA,NA,NA,NA
73,40,4,NA,NA,NA,NA,NA,NA,NA,NA,NA
73,40,5,NA,NA,NA,NA,NA,NA,NA,NA,NA
73,40,6,NA,NA,NA,NA,NA,NA,NA,NA,NA
73,40,7,NA,NA,NA,NA,NA,NA,NA,NA,NA
73,40,8,NA,NA,NA,NA,NA,NA,NA,NA,NA
73,41,1,NA,NA,NA,NA,NA,NA,NA,NA,NA
73,41,2,NA,NA,NA,NA,NA,NA,NA,NA,NA
73,41,3,NA,NA,NA,NA,NA,NA,NA,NA,NA
73,41,4,NA,NA,NA,NA,NA,NA,NA,NA,NA
73,41,5,NA,NA,NA,NA,NA,NA,NA,NA,NA
73,41,6,NA,NA,NA,NA,NA,NA,NA,NA,NA
73,41,7,NA,NA,NA,NA,NA,NA,NA,NA,NA
73,41,8,NA,NA,NA,NA,NA,NA,NA,NA,NA
73,42,1,NA,NA,NA,NA,NA,NA,NA,NA,NA
73,42,2,NA,NA,NA,NA,NA,NA,NA,NA,NA
73,42,3,NA,NA,NA,NA,NA,NA,NA,NA,NA
73,42,4,NA,NA,NA,NA,NA,NA,NA,NA,NA
73,42,5,NA,NA,NA,NA,NA,NA,NA,NA,NA
73,42,6,NA,NA,NA,NA,NA,NA,NA,NA,NA
73,42,7,NA,NA,NA,NA,NA,NA,NA,NA,NA
73,42,8,NA,NA,NA,NA,NA,NA,NA,NA,NA
73,43,1,NA,NA,NA,NA,NA,NA,NA,NA,NA
73,43,2,NA,NA,NA,NA,NA,NA,NA,NA,NA
73,43,3,NA,NA,NA,NA,NA,NA,NA,NA,NA
73,43,4,NA,NA,NA,NA,NA,NA,NA,NA,NA
73,43,5,NA,NA,NA,NA,NA,NA,NA,NA,NA
73,43,6,NA,NA,NA,NA,NA,NA,NA,NA,NA
73,43,7,NA,NA,NA,NA,NA,NA,NA,NA,NA
73,43,8,NA,NA,NA,NA,NA,NA,NA,NA,NA
73,44,1,NA,NA,NA,NA,NA,NA,NA,NA,NA
73,44,2,NA,NA,NA,NA,NA,NA,NA,NA,NA
73,44,3,NA,NA,NA,NA,NA,NA,NA,NA,NA
73,44,4,NA,NA,NA,NA,NA,NA,NA,NA,NA
73,44,5,NA,NA,NA,NA,NA,NA,NA,NA,NA
73,44,6,NA,NA,NA,NA,NA,NA,NA,NA,NA
73,44,7,NA,NA,NA,NA,NA,NA,NA,NA,NA
73,44,8,NA,NA,NA,NA,NA,NA,NA,NA,NA
73,45,1,NA,NA,NA,NA,NA,NA,NA,NA,NA
73,45,2,NA,NA,NA,NA,NA,NA,NA,NA,NA
73,45,3,NA,NA,NA,NA,NA,NA,NA,NA,NA
73,45,4,NA,NA,NA,NA,NA,NA,NA,NA,NA
73,45,5,NA,NA,NA,NA,NA,NA,NA,NA,NA
73,45,6,NA,NA,NA,NA,NA,NA,NA,NA,NA
73,45,7,NA,NA,NA,NA,NA,NA,NA,NA,NA
73,45,8,NA,NA,NA,NA,NA,NA,NA,NA,NA
73,46,1,NA,NA,NA,NA,NA,NA,NA,NA,NA
73,46,2,NA,NA,NA,NA,NA,NA,NA,NA,NA
73,46,3,NA,NA,NA,NA,NA,NA,NA,NA,NA
73,46,4,NA,NA,NA,NA,NA,NA,NA,NA,NA
73,46,5,NA,NA,NA,NA,NA,NA,NA,NA,NA
73,46,6,NA,NA,NA,NA,NA,NA,NA,NA,NA
73,46,7,NA,NA,NA,NA,NA,NA,NA,NA,NA
73,46,8,NA,NA,NA,NA,NA,NA,NA,NA,NA
73,47,1,NA,NA,NA,NA,NA,NA,NA,NA,NA
73,47,2,NA,NA,NA,NA,NA,NA,NA,NA,NA
73,47,3,NA,NA,NA,NA,NA,NA,NA,NA,NA
73,47,4,NA,NA,NA,NA,NA,NA,NA,NA,NA
73,47,5,NA,NA,NA,NA,NA,NA,NA,NA,NA
73,47,6,NA,NA,NA,NA,NA,NA,NA,NA,NA
73,47,7,NA,NA,NA,NA,NA,NA,NA,NA,NA
73,47,8,NA,NA,NA,NA,NA,NA,NA,NA,NA
73,48,1,NA,NA,NA,NA,NA,NA,NA,NA,NA
73,48,2,NA,NA,NA,NA,NA,NA,NA,NA,NA
73,48,3,NA,NA,NA,NA,NA,NA,NA,NA,NA
73,48,4,NA,NA,NA,NA,NA,NA,NA,NA,NA
73,48,5,NA,NA,NA,NA,NA,NA,NA,NA,NA
73,48,6,NA,NA,NA,NA,NA,NA,NA,NA,NA
73,48,7,NA,NA,NA,NA,NA,NA,NA,NA,NA
73,48,8,NA,NA,NA,NA,NA,NA,NA,NA,NA
73,49,1,NA,NA,NA,NA,NA,NA,NA,NA,NA
73,49,2,NA,NA,NA,NA,NA,NA,NA,NA,NA
73,49,3,NA,NA,NA,NA,NA,NA,NA,NA,NA
73,49,4,NA,NA,NA,NA,NA,NA,NA,NA,NA
73,49,5,NA,NA,NA,NA,NA,NA,NA,NA,NA
73,49,6,NA,NA,NA,NA,NA,NA,NA,NA,NA
73,49,7,NA,NA,NA,NA,NA,NA,NA,NA,NA
73,49,8,NA,NA,NA,NA,NA,NA,NA,NA,NA
73,50,1,NA,NA,NA,NA,NA,NA,NA,NA,NA
73,50,2,NA,NA,NA,NA,NA,NA,NA,NA,NA
73,50,3,NA,NA,NA,NA,NA,NA,NA,NA,NA
73,50,4,NA,NA,NA,NA,NA,NA,NA,NA,NA
73,50,5,NA,NA,NA,NA,NA,NA,NA,NA,NA
73,50,6,NA,NA,NA,NA,NA,NA,NA,NA,NA
73,50,7,NA,NA,NA,NA,NA,NA,NA,NA,NA
73,50,8,NA,NA,NA,NA,NA,NA,NA,NA,NA
73,51,1,NA,NA,NA,NA,NA,NA,NA,NA,NA
73,51,2,NA,NA,NA,NA,NA,NA,NA,NA,NA
73,51,3,NA,NA,NA,NA,NA,NA,NA,NA,NA
73,51,4,NA,NA,NA,NA,NA,NA,NA,NA,NA
73,51,5,NA,NA,NA,NA,NA,NA,NA,NA,NA
73,51,6,NA,NA,NA,NA,NA,NA,NA,NA,NA
73,51,7,NA,NA,NA,NA,NA,NA,NA,NA,NA
73,51,8,NA,NA,NA,NA,NA,NA,NA,NA,NA
73,52,1,NA,NA,NA,NA,NA,NA,NA,NA,NA
73,52,2,NA,NA,NA,NA,NA,NA,NA,NA,NA
73,52,3,NA,NA,NA,NA,NA,NA,NA,NA,NA
73,52,4,NA,NA,NA,NA,NA,NA,NA,NA,NA
73,52,5,NA,NA,NA,NA,NA,NA,NA,NA,NA
73,52,6,NA,NA,NA,NA,NA,NA,NA,NA,NA
73,52,7,NA,NA,NA,NA,NA,NA,NA,NA,NA
73,52,8,NA,NA,NA,NA,NA,NA,NA,NA,NA
73,53,1,NA,NA,NA,NA,NA,NA,NA,NA,NA
73,53,2,NA,NA,NA,NA,NA,NA,NA,NA,NA
73,53,3,NA,NA,NA,NA,NA,NA,NA,NA,NA
73,53,4,NA,NA,NA,NA,NA,NA,NA,NA,NA
73,53,5,NA,NA,NA,NA,NA,NA,NA,NA,NA
73,53,6,NA,NA,NA,NA,NA,NA,NA,NA,NA
73,53,7,NA,NA,NA,NA,NA,NA,NA,NA,NA
73,53,8,NA,NA,NA,NA,NA,NA,NA,NA,NA
73,54,1,NA,NA,NA,NA,NA,NA,NA,NA,NA
73,54,2,NA,NA,NA,NA,NA,NA,NA,NA,NA
73,54,3,NA,NA,NA,NA,NA,NA,NA,NA,NA
73,54,4,NA,NA,NA,NA,NA,NA,NA,NA,NA
73,54,5,NA,NA,NA,NA,NA,NA,NA,NA,NA
73,54,6,NA,NA,NA,NA,NA,NA,NA,NA,NA
73,54,7,NA,NA,NA,NA,NA,NA,NA,NA,NA
73,54,8,NA,NA,NA,NA,NA,NA,NA,NA,NA
73,55,1,NA,NA,NA,NA,NA,NA,NA,NA,NA
73,55,2,NA,NA,NA,NA,NA,NA,NA,NA,NA
73,55,3,NA,NA,NA,NA,NA,NA,NA,NA,NA
73,55,4,NA,NA,NA,NA,NA,NA,NA,NA,NA
73,55,5,NA,NA,NA,NA,NA,NA,NA,NA,NA
73,55,6,NA,NA,NA,NA,NA,NA,NA,NA,NA
73,55,7,NA,NA,NA,NA,NA,NA,NA,NA,NA
73,55,8,NA,NA,NA,NA,NA,NA,NA,NA,NA
73,56,1,NA,NA,NA,NA,NA,NA,NA,NA,NA
73,56,2,NA,NA,NA,NA,NA,NA,NA,NA,NA
73,56,3,NA,NA,NA,NA,NA,NA,NA,NA,NA
73,56,4,NA,NA,NA,NA,NA,NA,NA,NA,NA
73,56,5,NA,NA,NA,NA,NA,NA,NA,NA,NA
73,56,6,NA,NA,NA,NA,NA,NA,NA,NA,NA
73,56,7,NA,NA,NA,NA,NA,NA,NA,NA,NA
73,56,8,NA,NA,NA,NA,NA,NA,NA,NA,NA
73,57,1,NA,NA,NA,NA,NA,NA,NA,NA,NA
73,57,2,NA,NA,NA,NA,NA,NA,NA,NA,NA
73,57,3,NA,NA,NA,NA,NA,NA,NA,NA,NA
73,57,4,NA,NA,NA,NA,NA,NA,NA,NA,NA
73,57,5,NA,NA,NA,NA,NA,NA,NA,NA,NA
73,57,6,NA,NA,NA,NA,NA,NA,NA,NA,NA
73,57,7,NA,NA,NA,NA,NA,NA,NA,NA,NA
73,57,8,NA,NA,NA,NA,NA,NA,NA,NA,NA
73,58,1,NA,NA,NA,NA,NA,NA,NA,NA,NA
73,58,2,NA,NA,NA,NA,NA,NA,NA,NA,NA
73,58,3,NA,NA,NA,NA,NA,NA,NA,NA,NA
73,58,4,NA,NA,NA,NA,NA,NA,NA,NA,NA
73,58,5,NA,NA,NA,NA,NA,NA,NA,NA,NA
73,58,6,NA,NA,NA,NA,NA,NA,NA,NA,NA
73,58,7,NA,NA,NA,NA,NA,NA,NA,NA,NA
73,58,8,NA,NA,NA,NA,NA,NA,NA,NA,NA
73,59,1,NA,NA,NA,NA,NA,NA,NA,NA,NA
73,59,2,NA,NA,NA,NA,NA,NA,NA,NA,NA
73,59,3,NA,NA,NA,NA,NA,NA,NA,NA,NA
73,59,4,NA,NA,NA,NA,NA,NA,NA,NA,NA
73,59,5,NA,NA,NA,NA,NA,NA,NA,NA,NA
73,59,6,NA,NA,NA,NA,NA,NA,NA,NA,NA
73,59,7,NA,NA,NA,NA,NA,NA,NA,NA,NA
73,59,8,NA,NA,NA,NA,NA,NA,NA,NA,NA
73,60,1,NA,NA,NA,NA,NA,NA,NA,NA,NA
73,60,2,NA,NA,NA,NA,NA,NA,NA,NA,NA
73,60,3,NA,NA,NA,NA,NA,NA,NA,NA,NA
73,60,4,NA,NA,NA,NA,NA,NA,NA,NA,NA
73,60,5,NA,NA,NA,NA,NA,NA,NA,NA,NA
73,60,6,NA,NA,NA,NA,NA,NA,NA,NA,NA
73,60,7,NA,NA,NA,NA,NA,NA,NA,NA,NA
73,60,8,NA,NA,NA,NA,NA,NA,NA,NA,NA
73,61,1,NA,NA,NA,NA,NA,NA,NA,NA,NA
73,61,2,NA,NA,NA,NA,NA,NA,NA,NA,NA
73,61,3,NA,NA,NA,NA,NA,NA,NA,NA,NA
73,61,4,NA,NA,NA,NA,NA,NA,NA,NA,NA
73,61,5,NA,NA,NA,NA,NA,NA,NA,NA,NA
73,61,6,NA,NA,NA,NA,NA,NA,NA,NA,NA
73,61,7,NA,NA,NA,NA,NA,NA,NA,NA,NA
73,61,8,NA,NA,NA,NA,NA,NA,NA,NA,NA
73,62,1,NA,NA,NA,NA,NA,NA,NA,NA,NA
73,62,2,NA,NA,NA,NA,NA,NA,NA,NA,NA
73,62,3,NA,NA,NA,NA,NA,NA,NA,NA,NA
73,62,4,NA,NA,NA,NA,NA,NA,NA,NA,NA
73,62,5,NA,NA,NA,NA,NA,NA,NA,NA,NA
73,62,6,NA,NA,NA,NA,NA,NA,NA,NA,NA
73,62,7,NA,NA,NA,NA,NA,NA,NA,NA,NA
73,62,8,NA,NA,NA,NA,NA,NA,NA,NA,NA
73,63,1,NA,NA,NA,NA,NA,NA,NA,NA,NA
73,63,2,NA,NA,NA,NA,NA,NA,NA,NA,NA
73,63,3,NA,NA,NA,NA,NA,NA,NA,NA,NA
73,63,4,NA,NA,NA,NA,NA,NA,NA,NA,NA
73,63,5,NA,NA,NA,NA,NA,NA,NA,NA,NA
73,63,6,NA,NA,NA,NA,NA,NA,NA,NA,NA
73,63,7,NA,NA,NA,NA,NA,NA,NA,NA,NA
73,63,8,NA,NA,NA,NA,NA,NA,NA,NA,NA
73,64,1,NA,NA,NA,NA,NA,NA,NA,NA,NA
73,64,2,NA,NA,NA,NA,NA,NA,NA,NA,NA
73,64,3,NA,NA,NA,NA,NA,NA,NA,NA,NA
73,64,4,NA,NA,NA,NA,NA,NA,NA,NA,NA
73,64,5,NA,NA,NA,NA,NA,NA,NA,NA,NA
73,64,6,NA,NA,NA,NA,NA,NA,NA,NA,NA
73,64,7,NA,NA,NA,NA,NA,NA,NA,NA,NA
73,64,8,NA,NA,NA,NA,NA,NA,NA,NA,NA
73,65,1,NA,NA,NA,NA,NA,NA,NA,NA,NA
73,65,2,NA,NA,NA,NA,NA,NA,NA,NA,NA
73,65,3,NA,NA,NA,NA,NA,NA,NA,NA,NA
73,65,4,NA,NA,NA,NA,NA,NA,NA,NA,NA
73,65,5,NA,NA,NA,NA,NA,NA,NA,NA,NA
73,65,6,NA,NA,NA,NA,NA,NA,NA,NA,NA
73,65,7,NA,NA,NA,NA,NA,NA,NA,NA,NA
73,65,8,NA,NA,NA,NA,NA,NA,NA,NA,NA
73,66,1,NA,NA,NA,NA,NA,NA,NA,NA,NA
73,66,2,NA,NA,NA,NA,NA,NA,NA,NA,NA
73,66,3,NA,NA,NA,NA,NA,NA,NA,NA,NA
73,66,4,NA,NA,NA,NA,NA,NA,NA,NA,NA
73,66,5,NA,NA,NA,NA,NA,NA,NA,NA,NA
73,66,6,NA,NA,NA,NA,NA,NA,NA,NA,NA
73,66,7,NA,NA,NA,NA,NA,NA,NA,NA,NA
73,66,8,NA,NA,NA,NA,NA,NA,NA,NA,NA
73,67,1,NA,NA,NA,NA,NA,NA,NA,NA,NA
73,67,2,NA,NA,NA,NA,NA,NA,NA,NA,NA
73,67,3,NA,NA,NA,NA,NA,NA,NA,NA,NA
73,67,4,NA,NA,NA,NA,NA,NA,NA,NA,NA
73,67,5,NA,NA,NA,NA,NA,NA,NA,NA,NA
73,67,6,NA,NA,NA,NA,NA,NA,NA,NA,NA
73,67,7,NA,NA,NA,NA,NA,NA,NA,NA,NA
73,67,8,NA,NA,NA,NA,NA,NA,NA,NA,NA
73,68,1,NA,NA,NA,NA,NA,NA,NA,NA,NA
73,68,2,NA,NA,NA,NA,NA,NA,NA,NA,NA
73,68,3,NA,NA,NA,NA,NA,NA,NA,NA,NA
73,68,4,NA,NA,NA,NA,NA,NA,NA,NA,NA
73,68,5,NA,NA,NA,NA,NA,NA,NA,NA,NA
73,68,6,NA,NA,NA,NA,NA,NA,NA,NA,NA
73,68,7,NA,NA,NA,NA,NA,NA,NA,NA,NA
73,68,8,NA,NA,NA,NA,NA,NA,NA,NA,NA
73,69,1,NA,NA,NA,NA,NA,NA,NA,NA,NA
73,69,2,NA,NA,NA,NA,NA,NA,NA,NA,NA
73,69,3,NA,NA,NA,NA,NA,NA,NA,NA,NA
73,69,4,NA,NA,NA,NA,NA,NA,NA,NA,NA
73,69,5,NA,NA,NA,NA,NA,NA,NA,NA,NA
73,69,6,NA,NA,NA,NA,NA,NA,NA,NA,NA
73,69,7,NA,NA,NA,NA,NA,NA,NA,NA,NA
73,69,8,NA,NA,NA,NA,NA,NA,NA,NA,NA
73,70,1,NA,NA,NA,NA,NA,NA,NA,NA,NA
73,70,2,NA,NA,NA,NA,NA,NA,NA,NA,NA
73,70,3,NA,NA,NA,NA,NA,NA,NA,NA,NA
73,70,4,NA,NA,NA,NA,NA,NA,NA,NA,NA
73,70,5,NA,NA,NA,NA,NA,NA,NA,NA,NA
73,70,6,NA,NA,NA,NA,NA,NA,NA,NA,NA
73,70,7,NA,NA,NA,NA,NA,NA,NA,NA,NA
73,70,8,NA,NA,NA,NA,NA,NA,NA,NA,NA
73,71,1,NA,NA,NA,NA,NA,NA,NA,NA,NA
73,71,2,NA,NA,NA,NA,NA,NA,NA,NA,NA
73,71,3,NA,NA,NA,NA,NA,NA,NA,NA,NA
73,71,4,NA,NA,NA,NA,NA,NA,NA,NA,NA
73,71,5,NA,NA,NA,NA,NA,NA,NA,NA,NA
73,71,6,NA,NA,NA,NA,NA,NA,NA,NA,NA
73,71,7,NA,NA,NA,NA,NA,NA,NA,NA,NA
73,71,8,NA,NA,NA,NA,NA,NA,NA,NA,NA
73,72,1,NA,NA,NA,NA,NA,NA,NA,NA,NA
73,72,2,NA,NA,NA,NA,NA,NA,NA,NA,NA
73,72,3,NA,NA,NA,NA,NA,NA,NA,NA,NA
73,72,4,NA,NA,NA,NA,NA,NA,NA,NA,NA
73,72,5,NA,NA,NA,NA,NA,NA,NA,NA,NA
73,72,6,NA,NA,NA,NA,NA,NA,NA,NA,NA
73,72,7,NA,NA,NA,NA,NA,NA,NA,NA,NA
73,72,8,NA,NA,NA,NA,NA,NA,NA,NA,NA
73,73,1,NA,NA,NA,NA,NA,NA,NA,NA,NA
73,73,2,NA,NA,NA,NA,NA,NA,NA,NA,NA
73,73,3,NA,NA,NA,NA,NA,NA,NA,NA,NA
73,73,4,NA,NA,NA,NA,NA,NA,NA,NA,NA
73,73,5,NA,NA,NA,NA,NA,NA,NA,NA,NA
73,73,6,NA,NA,NA,NA,NA,NA,NA,NA,NA
73,73,7,NA,NA,NA,NA,NA,NA,NA,NA,NA
73,73,8,NA,NA,NA,NA,NA,NA,NA,NA,NA
73,74,1,NA,NA,NA,NA,NA,NA,NA,NA,NA
73,74,2,NA,NA,NA,NA,NA,NA,NA,NA,NA
73,74,3,NA,NA,NA,NA,NA,NA,NA,NA,NA
73,74,4,NA,NA,NA,NA,NA,NA,NA,NA,NA
73,74,5,NA,NA,NA,NA,NA,NA,NA,NA,NA
73,74,6,NA,NA,NA,NA,NA,NA,NA,NA,NA
73,74,7,NA,NA,NA,NA,NA,NA,NA,NA,NA
73,74,8,NA,NA,NA,NA,NA,NA,NA,NA,NA
73,75,1,NA,NA,NA,NA,NA,NA,NA,NA,NA
73,75,2,NA,NA,NA,NA,NA,NA,NA,NA,NA
73,75,3,NA,NA,NA,NA,NA,NA,NA,NA,NA
73,75,4,NA,NA,NA,NA,NA,NA,NA,NA,NA
73,75,5,NA,NA,NA,NA,NA,NA,NA,NA,NA
73,75,6,NA,NA,NA,NA,NA,NA,NA,NA,NA
73,75,7,NA,NA,NA,NA,NA,NA,NA,NA,NA
73,75,8,NA,NA,NA,NA,NA,NA,NA,NA,NA
73,76,1,NA,NA,NA,NA,NA,NA,NA,NA,NA
73,76,2,NA,NA,NA,NA,NA,NA,NA,NA,NA
73,76,3,NA,NA,NA,NA,NA,NA,NA,NA,NA
73,76,4,NA,NA,NA,NA,NA,NA,NA,NA,NA
73,76,5,NA,NA,NA,NA,NA,NA,NA,NA,NA
73,76,6,NA,NA,NA,NA,NA,NA,NA,NA,NA
73,76,7,NA,NA,NA,NA,NA,NA,NA,NA,NA
73,76,8,NA,NA,NA,NA,NA,NA,NA,NA,NA
73,77,1,NA,NA,NA,NA,NA,NA,NA,NA,NA
73,77,2,NA,NA,NA,NA,NA,NA,NA,NA,NA
73,77,3,NA,NA,NA,NA,NA,NA,NA,NA,NA
73,77,4,NA,NA,NA,NA,NA,NA,NA,NA,NA
73,77,5,NA,NA,NA,NA,NA,NA,NA,NA,NA
73,77,6,NA,NA,NA,NA,NA,NA,NA,NA,NA
73,77,7,NA,NA,NA,NA,NA,NA,NA,NA,NA
73,77,8,NA,NA,NA,NA,NA,NA,NA,NA,NA
73,78,1,NA,NA,NA,NA,NA,NA,NA,NA,NA
73,78,2,NA,NA,NA,NA,NA,NA,NA,NA,NA
73,78,3,NA,NA,NA,NA,NA,NA,NA,NA,NA
73,78,4,NA,NA,NA,NA,NA,NA,NA,NA,NA
73,78,5,NA,NA,NA,NA,NA,NA,NA,NA,NA
73,78,6,NA,NA,NA,NA,NA,NA,NA,NA,NA
73,78,7,NA,NA,NA,NA,NA,NA,NA,NA,NA
73,78,8,NA,NA,NA,NA,NA,NA,NA,NA,NA
73,79,1,NA,NA,NA,NA,NA,NA,NA,NA,NA
73,79,2,NA,NA,NA,NA,NA,NA,NA,NA,NA
73,79,3,NA,NA,NA,NA,NA,NA,NA,NA,NA
73,79,4,NA,NA,NA,NA,NA,NA,NA,NA,NA
73,79,5,NA,NA,NA,NA,NA,NA,NA,NA,NA
73,79,6,NA,NA,NA,NA,NA,NA,NA,NA,NA
73,79,7,NA,NA,NA,NA,NA,NA,NA,NA,NA
73,79,8,NA,NA,NA,NA,NA,NA,NA,NA,NA
73,80,1,NA,NA,NA,NA,NA,NA,NA,NA,NA
73,80,2,NA,NA,NA,NA,NA,NA,NA,NA,NA
73,80,3,NA,NA,NA,NA,NA,NA,NA,NA,NA
73,80,4,NA,NA,NA,NA,NA,NA,NA,NA,NA
73,80,5,NA,NA,NA,NA,NA,NA,NA,NA,NA
73,80,6,NA,NA,NA,NA,NA,NA,NA,NA,NA
73,80,7,NA,NA,NA,NA,NA,NA,NA,NA,NA
73,80,8,NA,NA,NA,NA,NA,NA,NA,NA,NA
73,81,1,NA,NA,NA,NA,NA,NA,NA,NA,NA
73,81,2,NA,NA,NA,NA,NA,NA,NA,NA,NA
73,81,3,NA,NA,NA,NA,NA,NA,NA,NA,NA
73,81,4,NA,NA,NA,NA,NA,NA,NA,NA,NA
73,81,5,NA,NA,NA,NA,NA,NA,NA,NA,NA
73,81,6,NA,NA,NA,NA,NA,NA,NA,NA,NA
73,81,7,NA,NA,NA,NA,NA,NA,NA,NA,NA
73,81,8,NA,NA,NA,NA,NA,NA,NA,NA,NA
73,82,1,NA,NA,NA,NA,NA,NA,NA,NA,NA
73,82,2,NA,NA,NA,NA,NA,NA,NA,NA,NA
73,82,3,NA,NA,NA,NA,NA,NA,NA,NA,NA
73,82,4,NA,NA,NA,NA,NA,NA,NA,NA,NA
73,82,5,NA,NA,NA,NA,NA,NA,NA,NA,NA
73,82,6,NA,NA,NA,NA,NA,NA,NA,NA,NA
73,82,7,NA,NA,NA,NA,NA,NA,NA,NA,NA
73,82,8,NA,NA,NA,NA,NA,NA,NA,NA,NA
73,83,1,NA,NA,NA,NA,NA,NA,NA,NA,NA
73,83,2,NA,NA,NA,NA,NA,NA,NA,NA,NA
73,83,3,NA,NA,NA,NA,NA,NA,NA,NA,NA
73,83,4,NA,NA,NA,NA,NA,NA,NA,NA,NA
73,83,5,NA,NA,NA,NA,NA,NA,NA,NA,NA
73,83,6,NA,NA,NA,NA,NA,NA,NA,NA,NA
73,83,7,NA,NA,NA,NA,NA,NA,NA,NA,NA
73,83,8,NA,NA,NA,NA,NA,NA,NA,NA,NA
73,84,1,NA,NA,NA,NA,NA,NA,NA,NA,NA
73,84,2,NA,NA,NA,NA,NA,NA,NA,NA,NA
73,84,3,NA,NA,NA,NA,NA,NA,NA,NA,NA
73,84,4,NA,NA,NA,NA,NA,NA,NA,NA,NA
73,84,5,NA,NA,NA,NA,NA,NA,NA,NA,NA
73,84,6,NA,NA,NA,NA,NA,NA,NA,NA,NA
73,84,7,NA,NA,NA,NA,NA,NA,NA,NA,NA
73,84,8,NA,NA,NA,NA,NA,NA,NA,NA,NA
73,85,1,NA,NA,NA,NA,NA,NA,NA,NA,NA
73,85,2,NA,NA,NA,NA,NA,NA,NA,NA,NA
73,85,3,NA,NA,NA,NA,NA,NA,NA,NA,NA
73,85,4,NA,NA,NA,NA,NA,NA,NA,NA,NA
73,85,5,NA,NA,NA,NA,NA,NA,NA,NA,NA
73,85,6,NA,NA,NA,NA,NA,NA,NA,NA,NA
73,85,7,NA,NA,NA,NA,NA,NA,NA,NA,NA
73,85,8,NA,NA,NA,NA,NA,NA,NA,NA,NA
73,86,1,NA,NA,NA,NA,NA,NA,NA,NA,NA
73,86,2,NA,NA,NA,NA,NA,NA,NA,NA,NA
73,86,3,NA,NA,NA,NA,NA,NA,NA,NA,NA
73,86,4,NA,NA,NA,NA,NA,NA,NA,NA,NA
73,86,5,NA,NA,NA,NA,NA,NA,NA,NA,NA
73,86,6,NA,NA,NA,NA,NA,NA,NA,NA,NA
73,86,7,NA,NA,NA,NA,NA,NA,NA,NA,NA
73,86,8,NA,NA,NA,NA,NA,NA,NA,NA,NA
73,87,1,NA,NA,NA,NA,NA,NA,NA,NA,NA
73,87,2,NA,NA,NA,NA,NA,NA,NA,NA,NA
73,87,3,NA,NA,NA,NA,NA,NA,NA,NA,NA
73,87,4,NA,NA,NA,NA,NA,NA,NA,NA,NA
73,87,5,NA,NA,NA,NA,NA,NA,NA,NA,NA
73,87,6,NA,NA,NA,NA,NA,NA,NA,NA,NA
73,87,7,NA,NA,NA,NA,NA,NA,NA,NA,NA
73,87,8,NA,NA,NA,NA,NA,NA,NA,NA,NA
73,88,1,NA,NA,NA,NA,NA,NA,NA,NA,NA
73,88,2,NA,NA,NA,NA,NA,NA,NA,NA,NA
73,88,3,NA,NA,NA,NA,NA,NA,NA,NA,NA
73,88,4,NA,NA,NA,NA,NA,NA,NA,NA,NA
73,88,5,NA,NA,NA,NA,NA,NA,NA,NA,NA
73,88,6,NA,NA,NA,NA,NA,NA,NA,NA,NA
73,88,7,NA,NA,NA,NA,NA,NA,NA,NA,NA
73,88,8,NA,NA,NA,NA,NA,NA,NA,NA,NA
73,89,1,NA,NA,NA,NA,NA,NA,NA,NA,NA
73,89,2,NA,NA,NA,NA,NA,NA,NA,NA,NA
73,89,3,NA,NA,NA,NA,NA,NA,NA,NA,NA
73,89,4,NA,NA,NA,NA,NA,NA,NA,NA,NA
73,89,5,NA,NA,NA,NA,NA,NA,NA,NA,NA
73,89,6,NA,NA,NA,NA,NA,NA,NA,NA,NA
73,89,7,NA,NA,NA,NA,NA,NA,NA,NA,NA
73,89,8,NA,NA,NA,NA,NA,NA,NA,NA,NA
73,90,1,NA,NA,NA,NA,NA,NA,NA,NA,NA
73,90,2,NA,NA,NA,NA,NA,NA,NA,NA,NA
73,90,3,NA,NA,NA,NA,NA,NA,NA,NA,NA
73,90,4,NA,NA,NA,NA,NA,NA,NA,NA,NA
73,90,5,NA,NA,NA,NA,NA,NA,NA,NA,NA
73,90,6,NA,NA,NA,NA,NA,NA,NA,NA,NA
73,90,7,NA,NA,NA,NA,NA,NA,NA,NA,NA
73,90,8,NA,NA,NA,NA,NA,NA,NA,NA,NA
73,91,1,NA,NA,NA,NA,NA,NA,NA,NA,NA
73,91,2,NA,NA,NA,NA,NA,NA,NA,NA,NA
73,91,3,NA,NA,NA,NA,NA,NA,NA,NA,NA
73,91,4,NA,NA,NA,NA,NA,NA,NA,NA,NA
73,91,5,NA,NA,NA,NA,NA,NA,NA,NA,NA
73,91,6,NA,NA,NA,NA,NA,NA,NA,NA,NA
73,91,7,NA,NA,NA,NA,NA,NA,NA,NA,NA
73,91,8,NA,NA,NA,NA,NA,NA,NA,NA,NA
73,92,1,NA,NA,NA,NA,NA,NA,NA,NA,NA
73,92,2,NA,NA,NA,NA,NA,NA,NA,NA,NA
73,92,3,NA,NA,NA,NA,NA,NA,NA,NA,NA
73,92,4,NA,NA,NA,NA,NA,NA,NA,NA,NA
73,92,5,NA,NA,NA,NA,NA,NA,NA,NA,NA
73,92,6,NA,NA,NA,NA,NA,NA,NA,NA,NA
73,92,7,NA,NA,NA,NA,NA,NA,NA,NA,NA
73,92,8,NA,NA,NA,NA,NA,NA,NA,NA,NA
73,93,1,NA,NA,NA,NA,NA,NA,NA,NA,NA
73,93,2,NA,NA,NA,NA,NA,NA,NA,NA,NA
73,93,3,NA,NA,NA,NA,NA,NA,NA,NA,NA
73,93,4,NA,NA,NA,NA,NA,NA,NA,NA,NA
73,93,5,NA,NA,NA,NA,NA,NA,NA,NA,NA
73,93,6,NA,NA,NA,NA,NA,NA,NA,NA,NA
73,93,7,NA,NA,NA,NA,NA,NA,NA,NA,NA
73,93,8,NA,NA,NA,NA,NA,NA,NA,NA,NA
73,94,1,NA,NA,NA,NA,NA,NA,NA,NA,NA
73,94,2,NA,NA,NA,NA,NA,NA,NA,NA,NA
73,94,3,NA,NA,NA,NA,NA,NA,NA,NA,NA
73,94,4,NA,NA,NA,NA,NA,NA,NA,NA,NA
73,94,5,NA,NA,NA,NA,NA,NA,NA,NA,NA
73,94,6,NA,NA,NA,NA,NA,NA,NA,NA,NA
73,94,7,NA,NA,NA,NA,NA,NA,NA,NA,NA
73,94,8,NA,NA,NA,NA,NA,NA,NA,NA,NA
73,95,1,NA,NA,NA,NA,NA,NA,NA,NA,NA
73,95,2,NA,NA,NA,NA,NA,NA,NA,NA,NA
73,95,3,NA,NA,NA,NA,NA,NA,NA,NA,NA
73,95,4,NA,NA,NA,NA,NA,NA,NA,NA,NA
73,95,5,NA,NA,NA,NA,NA,NA,NA,NA,NA
73,95,6,NA,NA,NA,NA,NA,NA,NA,NA,NA
73,95,7,NA,NA,NA,NA,NA,NA,NA,NA,NA
73,95,8,NA,NA,NA,NA,NA,NA,NA,NA,NA
73,96,1,NA,NA,NA,NA,NA,NA,NA,NA,NA
73,96,2,NA,NA,NA,NA,NA,NA,NA,NA,NA
73,96,3,NA,NA,NA,NA,NA,NA,NA,NA,NA
73,96,4,NA,NA,NA,NA,NA,NA,NA,NA,NA
73,96,5,NA,NA,NA,NA,NA,NA,NA,NA,NA
73,96,6,NA,NA,NA,NA,NA,NA,NA,NA,NA
73,96,7,NA,NA,NA,NA,NA,NA,NA,NA,NA
73,96,8,NA,NA,NA,NA,NA,NA,NA,NA,NA
73,97,1,NA,NA,NA,NA,NA,NA,NA,NA,NA
73,97,2,NA,NA,NA,NA,NA,NA,NA,NA,NA
73,97,3,NA,NA,NA,NA,NA,NA,NA,NA,NA
73,97,4,NA,NA,NA,NA,NA,NA,NA,NA,NA
73,97,5,NA,NA,NA,NA,NA,NA,NA,NA,NA
73,97,6,NA,NA,NA,NA,NA,NA,NA,NA,NA
73,97,7,NA,NA,NA,NA,NA,NA,NA,NA,NA
73,97,8,NA,NA,NA,NA,NA,NA,NA,NA,NA
73,98,1,NA,NA,NA,NA,NA,NA,NA,NA,NA
73,98,2,NA,NA,NA,NA,NA,NA,NA,NA,NA
73,98,3,NA,NA,NA,NA,NA,NA,NA,NA,NA
73,98,4,NA,NA,NA,NA,NA,NA,NA,NA,NA
73,98,5,NA,NA,NA,NA,NA,NA,NA,NA,NA
73,98,6,NA,NA,NA,NA,NA,NA,NA,NA,NA
73,98,7,NA,NA,NA,NA,NA,NA,NA,NA,NA
73,98,8,NA,NA,NA,NA,NA,NA,NA,NA,NA
73,99,1,NA,NA,NA,NA,NA,NA,NA,NA,NA
73,99,2,NA,NA,NA,NA,NA,NA,NA,NA,NA
73,99,3,NA,NA,NA,NA,NA,NA,NA,NA,NA
73,99,4,NA,NA,NA,NA,NA,NA,NA,NA,NA
73,99,5,NA,NA,NA,NA,NA,NA,NA,NA,NA
73,99,6,NA,NA,NA,NA,NA,NA,NA,NA,NA
73,99,7,NA,NA,NA,NA,NA,NA,NA,NA,NA
73,99,8,NA,NA,NA,NA,NA,NA,NA,NA,NA
73,100,1,NA,NA,NA,NA,NA,NA,NA,NA,NA
73,100,2,NA,NA,NA,NA,NA,NA,NA,NA,NA
73,100,3,NA,NA,NA,NA,NA,NA,NA,NA,NA
73,100,4,NA,NA,NA,NA,NA,NA,NA,NA,NA
73,100,5,NA,NA,NA,NA,NA,NA,NA,NA,NA
73,100,6,NA,NA,NA,NA,NA,NA,NA,NA,NA
73,100,7,NA,NA,NA,NA,NA,NA,NA,NA,NA
73,100,8,NA,NA,NA,NA,NA,NA,NA,NA,NA
74,1,1,2961.512,1393.18135859593,0,45,0,43,0,0,0
74,1,2,2969.256,987.677573067891,0,46,0,46,0,0,0
74,1,3,2958.8944,1430.08368080681,0,26,0,13,0,0,0
74,1,4,2972.4304,1783.66759050929,0,46,0,53,0,0,0
74,1,5,2966.192,1759.72310633729,0,52,0,46,0,0,0
74,1,6,2960.152,1478.14612915479,0,1,0,0,0,0,0
74,1,7,19066.2431999999,4212.37144512121,0,26,0,14,0,0,0
74,1,8,0,2,0,34,0,27,0,0,0
74,2,1,2976.696,1478.52702757048,0,0,0,139,0,0,0
74,2,2,2981.416,626.145480816615,0,0,0,98,0,0,0
74,2,3,2981.4544,861.01805723543,0,0,0,143,0,0,0
74,2,4,2998.68639999999,1182.38691225241,0,0,0,170,0,0,0
74,2,5,2994.32,1630.70899187275,0,0,0,175,0,0,0
74,2,6,2977.424,1598.14291048149,0,0,0,147,0,0,0
74,2,7,19020.8940799999,7425.83360790849,22,0,0,214,0,0,0
74,2,8,0,2,0,0,0,0,0,0,0
74,3,1,2991.23839999999,1663.15576905945,0,0,0,147,0,0,0
74,3,2,2985.272,1928.32187723402,0,0,0,62,0,0,0
74,3,3,2990.76,776.312459095546,0,0,0,86,0,0,0
74,3,4,3016.13439999999,1550.6378486777,0,0,0,118,0,0,0
74,3,5,3017.75519999999,1024.47432657099,0,0,0,163,0,0,0
74,3,6,2995.6576,2041.44520378289,0,0,0,159,0,0,0
74,3,7,18990.4712959998,7297.03270359158,19,0,0,302,0,0,0
74,3,8,0,2,0,0,0,0,0,0,0
74,4,1,3012.13728,1200.14849012371,0,0,0,166,0,0,0
74,4,2,3012.208,613.793117228249,0,0,0,192,0,0,0
74,4,3,2999.4830592,1665.34813368295,0,0,0,77,0,0,0
74,4,4,3046.184,1227.23230716538,0,0,0,155,0,0,0
74,4,5,3032.04608,1480.4885670062,0,0,0,102,0,0,0
74,4,6,3025.40000000001,1917.21291755099,0,0,0,194,0,0,0
74,4,7,18963.8130559997,6786.78906393785,21,0,0,308,0,0,1
74,4,8,0,2,0,0,0,0,0,0,0
74,5,1,3010.62048,910.751449853755,0,54,0,66,0,0,0
74,5,2,3000.67008,808.795882597939,0,39,0,22,0,0,0
74,5,3,3005.3368832,1747.56714471319,0,72,0,94,0,0,0
74,5,4,3052.01567999999,940.161276458625,0,51,0,71,0,0,0
74,5,5,3031.926016,1318.51035185322,0,74,0,74,0,0,0
74,5,6,3032.08032000001,681.892061829539,0,86,0,105,0,0,0
74,5,7,18888.6959359996,4693.88160597838,5,203,0,186,0,0,0
74,5,8,0,2,0,0,0,0,0,0,0
74,6,1,3017.63808,1107.54363093992,0,0,0,91,0,0,0
74,6,2,3014.15968,1276.0493121006,0,0,0,80,0,0,0
74,6,3,3034.416128,1404.83579013863,2,0,0,158,0,0,0
74,6,4,3070.05088,2016.7333734443,0,0,0,94,0,0,0
74,6,5,3058.59321599999,984.533727454701,0,0,0,131,0,0,0
74,6,6,3041.09958400001,1230.9181148917,0,0,0,68,0,0,0
74,6,7,18851.4828159995,9389.04690337825,35,0,0,188,0,0,0
74,6,8,0,2,0,0,0,0,0,0,0
74,7,1,3032,1060.64527043092,0,0,0,110,0,0,0
74,7,2,3033.016,1059.55394465096,0,0,0,127,0,0,0
74,7,3,3059.424128,1009.04640213243,0,0,0,140,0,0,0
74,7,4,3109.1936,802.331772854355,0,0,0,201,0,0,0
74,7,5,3074.56376319999,527.16132652275,0,0,0,98,0,0,0
74,7,6,3061.84358400001,669.072310759668,0,0,0,123,0,0,0
74,7,7,18812.6274559994,10718.7941545934,31,0,0,200,0,0,0
74,7,8,0,2,0,0,0,0,0,0,0
74,8,1,3041.83232,750.075319072127,0,0,0,106,0,0,0
74,8,2,3048.1136,1821.36630293922,0,0,0,105,0,0,0
74,8,3,3074.646848,923.528873587921,0,0,0,100,0,0,0
74,8,4,3121.94751999999,1032.83086374378,0,0,0,80,0,0,0
74,8,5,3079.73176319999,817.711467867924,0,0,0,52,0,0,0
74,8,6,3069.12390400001,1434.59979395586,0,0,0,66,0,0,0
74,8,7,18769.3900159994,7109.29992567689,29,0,0,181,0,0,0
74,8,8,0,2,0,0,0,0,0,0,0
74,9,1,3033.77152,1891.27122735945,51,0,0,24,0,0,0
74,9,2,3062.48032,1086.7281233589,82,0,0,100,0,0,0
74,9,3,3079.77140479999,1438.13495785604,38,0,0,54,0,0,0
74,9,4,3126.43775999999,2092.80574237454,48,0,0,55,0,0,0
74,9,5,3078.65336319999,1045.78104374395,51,0,0,30,0,0,0
74,9,6,3074.99270400001,1043.88766215418,80,0,0,63,0,0,0
74,9,7,18743.2171519993,7822.49694987541,247,2,0,246,0,0,1
74,9,8,0,2,0,0,0,0,0,0,0
74,10,1,3050.43488000001,918.672538818131,31,0,0,121,0,0,0
74,10,2,3082.15744,1140.984549611,0,0,0,108,0,0,0
74,10,3,3106.4240256,1887.48287046983,0,0,0,143,0,0,0
74,10,4,3156.91353599999,1788.4098057685,17,0,0,173,0,0,0
74,10,5,3097.0392832,1135.44300538662,0,0,0,104,0,0,0
74,10,6,3090.94668800001,947.58797388724,0,0,0,104,0,0,0
74,10,7,18706.4469759993,3730.17806714367,175,1,0,225,0,0,5
74,10,8,0,2,0,0,0,0,0,0,0
74,11,1,3039.05600000001,855.61386362128,87,0,0,4,0,0,0
74,11,2,3083.60192,1589.52568215651,58,0,0,56,0,0,0
74,11,3,3118.7619456,1405.50688357063,92,0,0,96,0,0,0
74,11,4,3170.40526079999,1153.76045391563,82,0,0,96,0,0,0
74,11,5,3102.9937792,1130.51092845955,45,0,0,68,0,0,0
74,11,6,3091.10515200001,1245.24197212783,48,0,0,46,0,0,0
74,11,7,18666.7288959992,4193.33620831469,199,0,0,174,0,0,0
74,11,8,0,2,0,0,0,0,0,0,0
74,12,1,3049.86457600001,1076.18433952425,0,0,0,85,0,0,0
74,12,2,3114.633024,730.907403186248,0,0,0,157,0,0,0
74,12,3,3151.83826432,1561.81114350752,0,0,0,140,0,0,0
74,12,4,3191.8382208,1250.40138819671,0,0,0,115,0,0,0
74,12,5,3124.2248832,1299.5431550219,0,0,0,113,0,0,0
74,12,6,3110.52057600001,1883.99764804767,0,0,0,124,0,0,0
74,12,7,18604.4091519991,13918.1164711496,98,0,0,163,0,0,0
74,12,8,0,2,0,0,0,0,0,0,0
74,13,1,3056.53216000001,1433.66827557005,0,0,0,107,0,0,0
74,13,2,3124.794624,1319.0011793971,0,0,0,73,0,0,0
74,13,3,3178.50834432,553.509088194863,0,0,0,156,0,0,0
74,13,4,3211.591488,1008.82335034537,0,0,0,125,0,0,0
74,13,5,3140.1158144,1614.53813990569,0,0,0,129,0,0,0
74,13,6,3138.50210816001,593.756841272007,0,0,0,182,0,0,0
74,13,7,18547.9118079991,8903.31416638973,34,0,0,229,0,0,0
74,13,8,0,2,0,0,0,0,0,0,0
74,14,1,3063.41612800001,1142.95123831394,0,52,0,86,0,0,0
74,14,2,3135.22528,1143.78396351358,0,54,0,72,0,0,0
74,14,3,3185.075830272,1377.29404297402,0,2,0,53,0,0,0
74,14,4,3220.67332096,1421.78459929708,0,28,0,70,0,0,0
74,14,5,3148.4976384,1294.86821197428,0,63,0,92,0,0,0
74,14,6,3134.25417216001,1663.2238745938,0,23,0,34,0,0,0
74,14,7,18532.8233599991,3011.80497316247,0,417,0,431,0,0,0
74,14,8,0,2,0,0,0,0,0,0,0
74,15,1,3065.24943872001,1271.93770857208,63,0,0,51,0,0,0
74,15,2,3144.43232,1919.42221521175,48,0,0,66,0,0,0
74,15,3,3197.852470272,1113.41602343776,60,0,0,77,0,0,0
74,15,4,3233.32573696,1227.62244536577,70,0,0,72,0,0,0
74,15,5,3158.3645184,1566.87633529194,66,0,0,63,0,0,0
74,15,6,3145.79817216001,850.006880176331,93,0,0,73,0,0,0
74,15,7,18518.5522559991,9323.90864127138,159,0,0,142,0,0,0
74,15,8,0,2,0,0,0,0,0,0,0
74,16,1,3084.22966272001,1849.51932516417,0,0,0,127,0,0,0
74,16,2,3176.937344,2065.97772960381,0,0,0,172,0,0,1
74,16,3,3221.128374272,813.490203921003,0,0,0,111,0,0,0
74,16,4,3260.06500096,1768.09624808258,0,0,0,122,0,0,0
74,16,5,3190.1654784,1438.96266784127,0,0,0,156,0,0,0
74,16,6,3159.14344960001,1243.25143765315,0,0,0,85,0,0,0
74,16,7,18516.258483199,8542.24729566778,30,0,0,222,0,0,0
74,16,8,0,2,0,0,0,0,0,0,0
74,17,1,3110.48958976001,1678.88264385158,0,0,0,174,0,0,2
74,17,2,3221.6254208,1694.98007026958,0,0,0,206,0,0,0
74,17,3,3236.141942272,2697.86372636102,0,0,0,81,0,0,0
74,17,4,3297.70871296001,1665.45982625395,0,0,0,176,0,0,0
74,17,5,3220.6815232,1109.73641810495,0,0,0,143,0,0,0
74,17,6,3182.19976960001,1906.00075615012,0,0,0,124,0,0,0
74,17,7,18534.309629439,14207.0398589174,19,0,0,302,0,0,0
74,17,8,0,2,0,0,0,0,0,0,0
74,18,1,3134.66686976001,618.300724722484,0,0,0,167,0,0,0
74,18,2,3251.9309696,1014.79527223878,0,0,0,169,0,0,0
74,18,3,3282.87871027199,975.719325036422,0,0,0,229,0,0,0
74,18,4,3329.62250496,1684.66493379146,0,0,0,166,0,0,0
74,18,5,3242.36216064,330.386938484331,0,0,0,110,0,0,0
74,18,6,3218.95656960001,1571.7968316515,0,0,0,190,0,0,0
74,18,7,18543.948989439,8968.93024554648,20,2,0,299,0,0,0
74,18,8,0,2,0,0,0,0,0,0,0
74,19,1,3137.53950976,1916.72094509301,0,0,0,61,0,0,0
74,19,2,3267.41596159999,1246.77008610017,0,0,0,101,0,0,0
74,19,3,3298.997174272,1431.74017688946,0,0,0,97,0,0,0
74,19,4,3363.38782976,1915.83126045827,0,0,0,168,0,0,0
74,19,5,3244.86040064,1470.28399578083,0,0,0,33,0,0,0
74,19,6,3246.39048960001,1347.7849080699,0,0,0,154,0,0,0
74,19,7,18527.443299839,8537.78858450527,169,0,0,168,0,0,1
74,19,8,0,2,0,0,0,0,0,0,0
74,20,1,3162.04899123201,1477.94063350589,7,0,0,164,0,0,0
74,20,2,3288.416934912,1412.25075336665,0,0,0,124,0,0,0
74,20,3,3324.240822272,1000.50582892543,0,0,0,140,0,0,0
74,20,4,3401.55953152001,1244.42713749464,0,0,0,191,0,0,0
74,20,5,3272.24388864,2122.92335384685,0,0,0,147,0,0,0
74,20,6,3268.20929280001,1999.04345588725,0,0,0,134,0,0,0
74,20,7,18537.509255167,3480.7349953619,174,0,0,209,0,0,0
74,20,8,0,2,0,0,0,0,0,0,0
74,21,1,3173.52129126401,1658.87561773955,18,0,0,116,0,0,0
74,21,2,3304.596774912,1076.82885859919,6,0,0,130,0,0,0
74,21,3,3334.754783232,1131.62182600075,0,0,0,100,0,0,0
74,21,4,3417.59946752001,2216.63369956598,0,0,0,124,0,0,0
74,21,5,3289.37827584,1461.5141954938,46,0,0,134,0,0,0
74,21,6,3292.33992960001,696.327508184862,31,0,0,147,0,0,0
74,21,7,18545.289837567,8094.95157773969,102,0,0,173,0,0,1
74,21,8,0,2,0,0,0,0,0,0,0
74,22,1,3196.96235376641,1099.67959660328,0,0,0,165,0,0,0
74,22,2,3323.1725953024,1995.02817367476,0,0,0,107,0,0,0
74,22,3,3346.28165683201,1458.41022439447,0,0,0,113,0,0,0
74,22,4,3450.07158272001,996.139117433306,0,1,0,163,0,0,0
74,22,5,3320.17548544,1247.88083307219,0,0,0,146,0,0,0
74,22,6,3305.69052160001,1548.89611373608,0,0,0,69,0,0,0
74,22,7,18577.4457947125,3605.79789688762,34,0,0,229,0,0,0
74,22,8,0,2,0,0,0,0,0,0,0
74,23,1,3182.22435696642,1398.32082885626,82,0,0,27,0,0,0
74,23,2,3327.7755393024,886.545902978293,98,0,0,101,0,0,0
74,23,3,3342.78483763201,513.152638801065,72,0,0,73,0,0,0
74,23,4,3448.60349952001,2015.1984436562,46,0,0,53,0,0,0
74,23,5,3322.03769088,1925.24000631449,61,0,0,63,0,0,0
74,23,6,3315.52130560001,1428.25820372401,78,0,0,76,0,0,0
74,23,7,18586.0813787125,8314.51356347044,180,0,0,180,0,0,0
74,23,8,0,2,0,0,0,0,0,0,0
74,24,1,3199.71248240641,746.473064652719,0,0,0,139,0,0,0
74,24,2,3337.3355905024,1902.12747497995,0,0,0,88,0,0,0
74,24,3,3342.67470643201,1186.26382832379,0,0,0,51,0,0,0
74,24,4,3484.82129152001,1242.871909264,0,0,0,200,0,0,0
74,24,5,3355.94034688,2090.63066585496,0,0,0,192,0,0,0
74,24,6,3339.98799360001,2365.22173672832,0,0,0,142,0,0,0
74,24,7,18567.6614735861,4651.36755419791,38,0,0,171,0,0,0
74,24,8,0,2,0,0,0,0,0,0,0
74,25,1,3198.97754685442,1731.4063042621,0,0,0,74,0,0,0
74,25,2,3366.53393532928,1353.29227872096,0,0,0,186,0,0,1
74,25,3,3355.15868723201,1432.80629179752,0,0,0,118,0,0,0
74,25,4,3505.12543232001,1383.59026661264,0,0,0,124,0,0,0
74,25,5,3387.64896204801,1151.93599493297,3,0,0,186,0,0,0
74,25,6,3375.27696640001,2482.38078937303,9,0,0,180,0,0,3
74,25,7,18550.4557750261,9972.51535076741,52,0,0,174,0,0,0
74,25,8,0,2,0,0,0,0,0,0,0
74,26,1,3222.87323402241,1623.31414497879,0,0,0,173,0,0,0
74,26,2,3388.62475001529,1236.07935866024,0,0,0,135,0,0,0
74,26,3,3384.11308851201,1910.48538341774,0,0,0,143,0,0,0
74,26,4,3528.37576652801,2050.69651939111,0,0,0,138,0,0,0
74,26,5,3403.62899404801,1616.49499291977,0,0,0,115,0,0,0
74,26,6,3427.74715392001,1364.98682480558,0,0,0,224,0,0,0
74,26,7,18544.0686384116,8219.48401938741,35,0,0,193,0,0,0
74,26,8,0,2,0,0,0,0,0,0,0
74,27,1,3249.78764320769,1248.55084453339,0,0,0,162,0,0,0
74,27,2,3409.52774467666,1356.95638963701,0,0,0,123,0,0,0
74,27,3,3416.22952089601,1236.24257649436,0,0,0,191,0,0,0
74,27,4,3566.645348352,1480.00554850006,1,0,0,190,0,0,0
74,27,5,3434.82396733441,438.49339893698,0,0,0,161,0,0,0
74,27,6,3461.77577687041,818.695606578263,0,0,0,136,0,0,0
74,27,7,18543.6025783079,4660.99328038516,42,0,0,203,0,0,0
74,27,8,0,2,0,0,0,0,0,0,0
74,28,1,3257.36658391041,1553.23028760741,0,0,0,124,0,0,0
74,28,2,3421.53297147987,1961.68607078025,4,0,0,129,0,0,0
74,28,3,3429.40917196801,1554.51659943097,0,0,0,123,0,0,0
74,28,4,3579.00816179201,1676.25319250805,8,0,0,135,0,0,0
74,28,5,3430.29852733441,1221.78224416459,0,0,0,43,0,0,0
74,28,6,3474.17197670401,885.114747814625,0,0,0,81,0,0,0
74,28,7,18527.3245239078,12495.8730414723,174,0,0,179,0,0,0
74,28,8,0,2,0,0,0,0,0,0,0
74,29,1,3263.38069501953,1577.17707083074,0,0,0,155,0,0,0
74,29,2,3436.74824495187,1946.39373547393,0,0,0,196,0,0,0
74,29,3,3447.06954393601,1479.59815022281,0,0,0,155,0,0,0
74,29,4,3594.23358083073,2046.28182444542,0,0,0,167,0,0,0
74,29,5,3439.35576125441,1815.76824343793,0,0,0,122,0,0,0
74,29,6,3480.38036428801,1332.72088040508,0,0,0,88,0,0,0
74,29,7,18525.6702391078,9298.50751387082,37,0,0,235,0,0,0
74,29,8,0,2,0,0,0,0,0,0,0
74,30,1,3270.16483750299,1969.68954334214,0,0,0,157,0,0,0
74,30,2,3448.96359727187,1574.19649095412,0,15,0,142,0,0,0
74,30,3,3457.55875532802,1134.97372868751,0,0,0,147,0,0,0
74,30,4,3611.01480210433,1386.88157973759,0,9,0,169,0,0,0
74,30,5,3461.24225894401,945.315297764171,0,7,0,157,0,0,0
74,30,6,3498.53769420801,1541.9822647386,0,0,0,133,0,0,0
74,30,7,18539.8979878489,5525.33054898809,0,187,0,275,0,0,0
74,30,8,0,2,0,0,0,0,0,0,0
74,31,1,3291.6463524135,879.790587756795,0,0,0,196,0,0,0
74,31,2,3462.49472699352,1496.06735551398,0,0,0,157,0,0,0
74,31,3,3457.07401164802,968.634515190707,0,0,0,113,0,0,0
74,31,4,3631.35555037185,817.056190721098,0,0,0,138,0,0,0
74,31,5,3464.69470054401,1536.17809673669,0,0,0,94,0,0,0
74,31,6,3538.65463326721,1914.5155079982,0,0,0,154,0,0,0
74,31,7,18550.3085324889,6342.62691181141,45,0,0,174,0,0,0
74,31,8,0,2,0,0,0,0,0,0,0
74,32,1,3293.33751428109,1058.58010064969,0,0,0,87,0,0,0
74,32,2,3469.3996390908,1189.90359250955,0,0,0,149,0,0,0
74,32,3,3459.59800227842,1677.47525567022,0,0,0,96,0,0,0
74,32,4,3631.37737539585,1270.75430810327,0,0,0,81,0,0,0
74,32,5,3488.75841894401,960.27368903521,0,0,0,153,0,0,0
74,32,6,3583.69650078107,1381.05400568061,0,0,0,191,0,0,0
74,32,7,18576.644693646,6292.69943531802,32,0,0,239,0,0,0
74,32,8,0,2,0,0,0,0,0,0,0
74,33,1,3276.05127760909,1368.7452549779,0,65,0,40,0,0,0
74,33,2,3449.00381449586,1853.11392327005,0,74,0,44,0,0,0
74,33,3,3453.2564696269,1663.07921460951,0,83,0,84,0,0,0
74,33,4,3617.83784208385,2090.91542284652,0,65,0,62,0,0,0
74,33,5,3481.26944870401,2237.48728004213,0,49,0,47,0,0,0
74,33,6,3588.55704877467,1732.79408155017,0,71,0,67,0,0,0
74,33,7,18606.1970901961,2417.55313008186,2,273,0,270,0,0,0
74,33,8,0,2,0,0,0,0,0,0,0
74,34,1,3277.51191591949,1626.63160840759,67,0,0,69,0,0,0
74,34,2,3452.33875619186,1388.11780918049,93,0,0,92,0,0,0
74,34,3,3455.7336956109,1969.50299693285,75,0,0,91,0,0,0
74,34,4,3629.31814662146,1615.85150912245,98,0,0,111,0,0,0
74,34,5,3501.22388224001,1828.6256346839,107,0,0,116,0,0,0
74,34,6,3604.33719341467,2029.1965485349,98,0,0,75,0,0,0
74,34,7,18624.0088892361,9474.95037992965,126,0,0,115,0,0,0
74,34,8,0,2,0,0,0,0,0,0,0
74,35,1,3306.68015983628,1591.19838001334,0,0,0,162,0,0,0
74,35,2,3477.64053227603,1170.60282924963,0,0,0,138,0,0,0
74,35,3,3498.3748373709,804.141654044523,0,0,0,196,0,0,0
74,35,4,3672.28416782338,665.530886759147,0,0,0,161,0,0,0
74,35,5,3546.39484928001,2018.4911883628,0,0,0,182,0,0,0
74,35,6,3652.14149165467,1668.28098422402,0,0,0,202,0,0,0
74,35,7,18631.4872656841,5950.04492608104,36,0,0,198,0,0,0
74,35,8,0,2,0,0,0,0,0,0,0
74,36,1,3336.11178742305,1478.73245264389,2,0,0,149,0,0,0
74,36,2,3497.00898195769,1479.12169452609,0,0,0,117,0,0,0
74,36,3,3512.6126993613,1978.70874194558,0,0,0,80,0,0,0
74,36,4,3688.51058651138,1986.20684959558,0,0,0,66,0,0,0
74,36,5,3590.37253877761,2559.68769296455,7,0,0,165,0,0,0
74,36,6,3697.95423346689,1423.76788562346,3,0,0,152,0,0,0
74,36,7,18634.7003032521,5083.10234793954,86,0,0,189,0,0,0
74,36,8,0,2,0,0,0,0,0,0,0
74,37,1,3354.80622032829,1133.31877030397,39,0,0,96,0,0,0
74,37,2,3515.69546955327,651.542964206181,33,0,0,105,0,0,0
74,37,3,3542.30226579458,1311.57681709971,56,0,0,125,0,0,0
74,37,4,3730.07557934696,1885.98027212112,38,0,0,149,0,0,0
74,37,5,3630.47797258241,918.523626432997,84,0,0,146,0,0,0
74,37,6,3744.36191654217,1944.24050587919,4,0,0,137,0,0,0
74,37,7,18645.1106184136,7500.10232978934,182,1,0,187,0,0,10
74,37,8,0,2,0,0,0,0,0,0,0
74,38,1,3368.22849273789,1336.31090192806,0,0,0,113,0,0,0
74,38,2,3525.81803277207,840.12030549033,0,0,0,65,0,0,0
74,38,3,3565.72921645058,2200.99476859038,0,0,0,131,0,0,0
74,38,4,3777.85202490984,609.147629126283,1,0,0,179,0,0,0
74,38,5,3648.96652679169,1485.75695563001,0,0,0,91,0,0,0
74,38,6,3781.01039987017,1225.13285693175,2,0,0,171,0,0,0
74,38,7,18633.2803114952,10227.5559451545,64,0,0,165,0,0,0
74,38,8,0,2,0,0,0,0,0,0,0
74,39,1,3389.18928613309,777.201767906213,0,0,0,133,0,0,0
74,39,2,3536.01522445207,833.003509720808,0,0,0,84,0,0,0
74,39,3,3605.27646334241,2061.27194351834,2,0,0,183,0,0,0
74,39,4,3783.28019932776,1193.19239940297,0,0,0,60,0,0,0
74,39,5,3678.38166927361,1768.78313298986,0,0,0,148,0,0,0
74,39,6,3809.35459928803,1184.16790211841,0,0,0,122,0,0,0
74,39,7,18632.8373955692,14784.2345346523,43,0,0,220,0,0,0
74,39,8,0,2,0,0,0,0,0,0,0
74,40,1,3398.28592050109,1647.84182843268,0,0,0,77,0,0,0
74,40,2,3544.34385521202,1474.32419826098,0,0,0,83,0,0,0
74,40,3,3643.18386386209,1300.44746851542,0,0,0,189,0,0,0
74,40,4,3805.04296312425,1590.73113156792,0,0,0,119,0,0,0
74,40,5,3716.33478848513,2904.77108734712,0,0,0,172,0,0,0
74,40,6,3826.76296393443,1581.23477098304,0,0,0,118,0,0,0
74,40,7,18627.2331660191,10917.6226141882,36,0,0,196,0,0,0
74,40,8,0,2,0,0,0,0,0,0,0
74,41,1,3426.52770125347,1284.2952686805,0,0,0,161,0,0,0
74,41,2,3563.45524171314,1031.98551945115,0,0,0,147,0,0,0
74,41,3,3661.86070830369,2180.80781485857,0,0,0,130,0,0,0
74,41,4,3830.6435481805,1232.21813726969,0,0,0,159,0,0,0
74,41,5,3743.95839160321,1307.64237185276,23,0,0,166,0,0,0
74,41,6,3854.37364988642,1324.6088198243,0,0,0,158,0,0,0
74,41,7,18629.4467103647,5468.05710038676,163,0,0,239,0,0,0
74,41,8,0,2,0,0,0,0,0,0,0
74,42,1,3430.60847043722,552.510267664063,26,0,0,92,0,0,0
74,42,2,3569.92869159474,1005.69316125472,0,0,0,103,0,0,0
74,42,3,3687.06152498874,2324.97175979658,50,0,0,148,0,0,0
74,42,4,3853.46567176194,1786.11644829476,0,0,0,123,0,0,0
74,42,5,3774.10083301377,1571.06978897681,0,0,0,130,0,0,0
74,42,6,3879.18006664807,982.06373874899,12,0,0,115,0,0,0
74,42,7,18651.8126858348,9344.60146184736,219,0,0,214,0,0,13
74,42,8,0,2,0,0,0,0,0,0,0
74,43,1,3426.64230429342,1139.33977132614,0,0,0,55,0,0,0
74,43,2,3574.26720363058,919.12467083913,0,0,0,100,0,0,0
74,43,3,3714.56302064277,1821.43601095707,4,0,0,157,0,0,0
74,43,4,3888.4885830861,686.00873772791,0,0,0,177,0,0,0
74,43,5,3800.40308803175,1811.0335613179,0,0,0,157,0,0,0
74,43,6,3895.46104864278,1622.84594413989,0,0,0,98,0,0,0
74,43,7,18684.8131224683,4232.32325906581,45,0,0,221,0,0,0
74,43,8,0,2,0,0,0,0,0,0,0
74,44,1,3440.49762117418,1144.77760934165,0,0,0,113,0,0,0
74,44,2,3573.97833712178,1289.31881113323,0,0,0,91,0,0,0
74,44,3,3749.41988365358,1571.01282587983,11,0,0,158,0,0,0
74,44,4,3884.67100397078,1879.44486819759,0,0,0,68,0,0,0
74,44,5,3827.45127259259,1547.85454819216,11,0,0,158,0,0,0
74,44,6,3941.44459482079,814.087247661403,0,0,0,162,0,0,0
74,44,7,18698.0772829537,6077.88473980477,131,0,0,146,0,0,0
74,44,8,0,2,0,0,0,0,0,0,0
74,45,1,3456.11070650615,865.715827015707,0,0,0,114,0,0,0
74,45,2,3587.31022722461,963.992423464835,0,0,0,128,0,0,0
74,45,3,3774.62435611498,1298.3597573015,0,0,0,157,0,0,0
74,45,4,3923.6378337847,731.553638049195,0,0,0,187,0,0,0
74,45,5,3857.91692967117,1269.98713140057,0,0,0,154,0,0,0
74,45,6,3955.58675482592,2001.06066160958,0,0,0,81,0,0,0
74,45,7,18736.9482427745,11609.3854568297,51,0,0,223,0,0,0
74,45,8,0,2,0,0,0,0,0,0,0
74,46,1,3457.39604967327,1026.24219213438,0,0,0,86,0,0,0
74,46,2,3583.77777985238,1466.40680566531,0,0,0,96,0,0,0
74,46,3,3779.71812814084,937.916122851007,0,0,0,129,0,0,0
74,46,4,3920.76509164357,2061.05274506046,0,0,0,73,0,0,0
74,46,5,3874.72707806823,1534.78562098254,0,0,0,126,0,0,0
74,46,6,3996.00452250158,1278.99892209114,0,0,0,192,0,0,0
74,46,7,18759.4882211979,9157.21994032305,0,38,0,200,0,0,0
74,46,8,0,2,0,0,0,0,0,0,0
74,47,1,3455.06639716665,1087.23287123688,0,0,0,102,0,0,0
74,47,2,3595.59534329804,1304.16367706085,0,5,0,133,0,0,0
74,47,3,3767.2823128602,646.579105799519,0,0,0,93,0,0,0
74,47,4,3953.68157276587,1035.25378866546,0,11,0,177,0,0,0
74,47,5,3888.42470306284,1473.75297717616,0,5,0,140,0,0,0
74,47,6,4024.61621650346,973.382337355544,0,0,0,127,0,0,0
74,47,7,18763.3603493977,6491.48117056964,4,164,0,144,0,0,0
74,47,8,0,2,0,0,0,0,0,0,0
74,48,1,3466.66658787955,1013.4995242314,0,0,0,108,0,0,0
74,48,2,3608.31939723613,1169.31536045828,0,0,0,130,0,0,0
74,48,3,3755.11296074684,1251.06144208213,0,0,0,64,0,0,0
74,48,4,3950.76816959653,2196.41261355183,0,0,0,103,0,0,0
74,48,5,3910.06561483654,553.213050097884,0,0,0,147,0,0,0
74,48,6,4043.20676899962,1286.68451675844,0,0,0,97,0,0,0
74,48,7,18859.5222458457,12090.1857511504,18,0,0,371,0,0,0
74,48,8,0,2,0,0,0,0,0,0,0
74,49,1,3478.08567140389,1594.03937343739,0,0,0,101,0,0,0
74,49,2,3604.26477643857,2148.2795753056,0,0,0,116,0,0,0
74,49,3,3754.36405017139,2136.73383773522,0,0,0,125,0,0,0
74,49,4,3967.91588297708,1760.76007789559,0,0,0,219,0,0,0
74,49,5,3895.9268084197,995.245893294865,0,0,0,55,0,0,0
74,49,6,4062.75738359316,1619.51725024469,0,0,0,128,0,0,0
74,49,7,18894.6407054875,11908.1360270685,8,17,0,200,0,0,0
74,49,8,0,2,0,0,0,0,0,0,0
74,50,1,3488.24096703579,1895.0690737053,0,41,0,110,0,0,0
74,50,2,3599.40670732368,997.468277321777,0,73,0,127,0,0,0
74,50,3,3764.30446550476,1195.8259880954,0,49,0,154,0,0,0
74,50,4,3957.97128230704,1323.54857388458,0,53,0,112,0,0,0
74,50,5,3895.18868038422,1587.9398933063,0,0,0,99,0,0,0
74,50,6,4084.64488526908,1277.26839832436,0,44,0,109,0,0,0
74,50,7,18935.2270669688,6370.57631830348,8,204,0,233,0,0,2
74,50,8,0,2,0,0,0,0,0,0,0
74,51,1,3535.08339105033,818.246755602915,0,0,0,189,0,0,0
74,51,2,3608.8171465807,1613.59395738888,0,0,0,99,0,0,0
74,51,3,3766.7101887155,1518.44147169449,0,0,0,119,0,0,0
74,51,4,3973.97579473323,898.568961758721,0,0,0,132,0,0,0
74,51,5,3927.58622588998,1660.17531046602,0,0,0,158,0,0,0
74,51,6,4122.13724909639,1862.38580208512,0,0,0,127,0,0,0
74,51,7,18987.4450644651,5998.72276848472,28,0,0,199,0,0,0
74,51,8,0,2,0,0,0,0,0,0,0
74,52,1,3547.60536425341,1599.47629277111,0,0,0,81,0,0,0
74,52,2,3637.77590257623,1065.41134617817,0,0,0,161,0,0,0
74,52,3,3787.45611765067,806.62132803637,0,0,0,151,0,0,0
74,52,4,3968.79327531517,2372.93639874413,0,0,0,89,0,0,0
74,52,5,3956.88233384681,2591.27728047707,0,0,0,166,0,0,0
74,52,6,4194.44487697228,1203.39551296943,0,0,0,186,0,0,0
74,52,7,19036.4299265677,2923.13560307151,33,0,0,196,0,0,0
74,52,8,0,2,0,0,0,0,0,0,0
74,53,1,3558.04213836098,2110.5250374552,20,0,0,127,0,0,0
74,53,2,3626.75725317329,1425.08996952949,0,0,0,106,0,0,0
74,53,3,3773.44310068883,2435.84494411999,0,0,0,80,0,0,0
74,53,4,3967.56437744482,687.882370440981,53,0,0,152,0,0,0
74,53,5,3963.19570542136,753.9671397318,78,0,0,133,0,0,0
74,53,6,4202.76843826208,1306.27208298508,0,0,0,120,0,0,0
74,53,7,19049.6895310477,7077.46266460665,90,0,0,147,0,0,0
74,53,8,0,2,0,0,0,0,0,0,0
74,54,1,3606.93353149528,1857.49668306712,0,0,0,206,0,0,0
74,54,2,3641.95594110365,1781.08063823276,0,0,0,142,0,0,0
74,54,3,3808.51645633831,1950.18209360037,0,0,0,243,0,0,0
74,54,4,3961.75112698558,1829.82187649261,0,0,0,68,0,0,0
74,54,5,3975.66080277744,1950.49241078798,0,0,0,75,0,0,0
74,54,6,4238.74520709731,1369.51288509792,0,0,0,130,0,0,0
74,54,7,19088.7777711242,8305.94908273113,30,0,0,202,0,0,0
74,54,8,0,2,0,0,0,0,0,0,0
74,55,1,3620.49754431229,2495.0925633471,0,1,0,165,0,0,0
74,55,2,3658.62337272228,1300.44091393959,0,0,0,178,0,0,0
74,55,3,3828.98233677488,1659.30958276823,0,0,0,190,0,0,0
74,55,4,3970.83375385687,1906.51636759724,0,0,0,182,0,0,0
74,55,5,4002.26000315038,2272.277038776,0,1,0,171,0,0,0
74,55,6,4267.99130492046,1871.23022509715,0,0,0,136,0,0,0
74,55,7,19104.0779701111,8860.5092942748,0,50,0,189,0,0,0
74,55,8,0,2,0,0,0,0,0,0,0
74,56,1,3667.21925039912,2233.91034972442,0,1,0,231,0,0,0
74,56,2,3657.70759612929,1552.94157524609,0,0,0,130,0,0,0
74,56,3,3848.58855087301,1599.07508382513,0,0,0,165,0,0,0
74,56,4,4020.53913444726,1175.03113962735,0,0,0,183,0,0,0
74,56,5,4053.07182256438,1978.5742628368,0,1,0,204,0,0,0
74,56,6,4339.24777195444,480.805712210859,0,0,0,187,0,0,0
74,56,7,19148.6368796952,5192.95775248389,0,59,0,228,0,0,0
74,56,8,0,2,0,0,0,0,0,0,0
74,57,1,3719.32390010531,875.151790453383,0,0,0,223,0,0,0
74,57,2,3678.90923904381,2469.38779631109,0,0,0,155,0,0,0
74,57,3,3880.28490227834,656.474214261213,0,0,0,159,0,0,0
74,57,4,4038.83987655505,1981.8514178195,0,0,0,117,0,0,0
74,57,5,4093.16746330526,2001.57848680151,8,0,0,149,0,0,0
74,57,6,4350.74693903469,2503.20143725103,0,0,0,48,0,0,0
74,57,7,19187.0825840142,5266.79944400665,62,0,0,182,0,0,0
74,57,8,0,2,0,0,0,0,0,0,0
74,58,1,3694.1104175718,1244.44244182059,0,46,0,41,0,0,0
74,58,2,3672.32846551704,1669.94985838055,0,126,0,120,0,0,0
74,58,3,3863.61180692588,1133.79291460434,0,24,0,41,0,0,0
74,58,4,4035.30730693785,2076.25723645758,0,87,0,111,0,0,0
74,58,5,4090.88001342903,2131.6714884945,0,100,0,100,0,0,0
74,58,6,4358.76193915603,1392.64062098306,0,151,0,99,0,0,0
74,58,7,19219.4775110845,7932.60795180082,0,238,0,277,0,0,0
74,58,8,0,2,0,0,0,0,0,0,0
74,59,1,3719.58508248731,1003.8024377149,0,0,0,124,0,0,0
74,59,2,3711.03928828776,1260.71759702228,0,0,0,166,0,0,0
74,59,3,3888.62882747659,1752.49290398969,0,0,0,113,0,0,0
74,59,4,4094.01492695919,1543.15869607051,0,0,0,207,0,0,0
74,59,5,4155.374335964,803.819392273175,1,0,0,192,0,0,0
74,59,6,4407.70479993165,1747.10402597951,0,0,0,139,0,0,0
74,59,7,19306.7743862186,8048.09389956937,26,0,0,282,0,0,0
74,59,8,0,2,0,0,0,0,0,0,0
74,60,1,3729.20357064734,2043.57091793401,0,0,0,100,0,0,0
74,60,2,3733.59375071899,1560.33734224172,0,0,0,126,0,0,0
74,60,3,3925.08736880354,2214.15879460139,0,0,0,175,0,0,0
74,60,4,4137.47326503315,1996.65697975033,0,0,0,154,0,0,0
74,60,5,4170.11313371059,1383.3546961659,0,0,0,80,0,0,0
74,60,6,4492.85973572013,1583.68770480912,0,0,0,174,0,0,0
74,60,7,19363.4467993988,11594.6566552377,23,0,0,237,0,0,0
74,60,8,0,2,0,0,0,0,0,0,0
74,61,1,3801.59287176384,1503.31463481689,0,0,0,196,0,0,0
74,61,2,3781.61573062653,790.481534715746,0,0,0,156,0,0,0
74,61,3,3996.03021629826,1428.2714303421,0,0,0,221,0,0,0
74,61,4,4211.18770454587,2872.83307048118,0,0,0,193,0,0,0
74,61,5,4227.37215090047,2222.69065235701,0,0,0,138,0,0,0
74,61,6,4559.03450841857,1456.16856912966,0,0,0,158,0,0,0
74,61,7,19441.9646230039,12614.8928655156,29,0,0,219,0,0,1
74,61,8,0,2,0,0,0,0,0,0,0
74,62,1,3814.1445880821,1720.92999922093,0,0,0,150,0,0,0
74,62,2,3781.39596006312,1162.46470540831,0,0,0,79,0,0,0
74,62,3,4020.53501434987,844.911448933101,0,0,0,142,0,0,0
74,62,4,4274.92663946843,2960.43270292863,0,0,0,281,0,0,0
74,62,5,4280.22122564893,2394.51281884103,0,0,0,198,0,0,0
74,62,6,4606.49377915198,1704.53433911135,0,0,0,145,0,0,0
74,62,7,19475.9298653719,10708.0001222795,27,0,0,190,0,0,1
74,62,8,0,2,0,0,0,0,0,0,0
74,63,1,3836.96096203567,2158.61418559996,2,0,0,155,0,0,0
74,63,2,3792.5504098238,1377.27794811653,0,0,0,116,0,0,0
74,63,3,4022.41914310062,1649.53383919549,0,0,0,84,0,0,0
74,63,4,4334.77549938968,1996.37536396836,3,0,0,258,0,0,0
74,63,5,4319.68944029074,2522.79819848876,10,0,0,163,0,0,0
74,63,6,4649.14039527018,1445.16725901731,0,0,0,168,0,0,0
74,63,7,19522.7543081953,8069.93326260236,109,0,0,234,0,0,0
74,63,8,0,2,0,0,0,0,0,0,0
74,64,1,3882.31075364976,1116.6752649747,41,0,0,142,0,0,0
74,64,2,3832.42197758743,999.093129386499,3,0,0,132,0,0,0
74,64,3,4065.41449348278,1451.13486733832,12,0,0,143,0,0,0
74,64,4,4371.30628382781,2913.11681178733,24,0,0,155,0,0,0
74,64,5,4365.58233257482,996.593233468053,57,0,0,149,0,0,0
74,64,6,4709.60475889713,1486.91726084563,0,0,0,144,0,0,0
74,64,7,19615.4020962691,3457.09464514694,272,0,0,311,0,0,1
74,64,8,0,2,0,0,0,0,0,0,0
74,65,1,3892.40517890397,1788.08321889099,3,0,0,107,0,0,0
74,65,2,3846.573052693,1574.45776411335,0,0,0,99,0,0,0
74,65,3,4091.2531266033,1866.6057179821,17,0,0,121,0,0,0
74,65,4,4401.64326195654,846.444488301992,112,0,0,134,0,0,0
74,65,5,4393.27572424044,1843.67234011471,0,0,0,99,0,0,0
74,65,6,4768.78257410141,2555.2368659965,20,0,0,120,0,0,0
74,65,7,19679.8980859657,8398.70521811824,111,0,0,189,0,0,0
74,65,8,0,2,0,0,0,0,0,0,0
74,66,1,3916.33525498495,2333.52057345322,0,0,0,178,0,0,0
74,66,2,3875.79362740529,1333.10387184619,0,0,0,157,0,0,0
74,66,3,4150.83987026808,1849.54320176381,0,0,0,185,0,0,0
74,66,4,4427.26616011265,2108.32016813801,0,0,0,84,0,0,0
74,66,5,4462.98166332459,1462.52925176348,0,0,0,176,0,0,0
74,66,6,4895.31937355845,1338.15675206605,0,0,0,255,0,0,0
74,66,7,19746.2097772518,7890.67260111749,33,0,0,215,0,0,0
74,66,8,0,2,0,0,0,0,0,0,0
74,67,1,3989.62443530329,2408.11919072245,0,0,0,231,0,0,0
74,67,2,3909.68465890939,2621.46286984324,0,0,0,133,0,0,0
74,67,3,4204.24999677078,1617.92853664764,0,0,0,184,0,0,0
74,67,4,4517.975625405,1943.5005539532,0,0,0,210,0,0,0
74,67,5,4532.18531774734,807.797420549203,0,0,0,146,0,0,0
74,67,6,5010.92695725526,2226.32201341105,0,0,0,133,0,0,0
74,67,7,19812.5388565332,10794.80245153,27,0,0,190,0,0,0
74,67,8,0,2,0,0,0,0,0,0,0
74,68,1,4065.1691771331,2478.57746172323,0,0,0,236,0,0,0
74,68,2,3960.14820279313,1785.18027875991,2,0,0,196,0,0,0
74,68,3,4250.82185934566,1969.47248266139,0,0,0,161,0,0,0
74,68,4,4592.56209762803,2828.54142275303,0,0,0,194,0,0,0
74,68,5,4551.05415735033,2091.94913827244,0,0,0,80,0,0,0
74,68,6,5097.95385056296,3296.81492341022,0,0,0,185,0,0,0
74,68,7,19892.6378094712,8400.77141704501,29,0,0,239,0,0,0
74,68,8,0,2,0,0,0,0,0,0,0
74,69,1,4105.23155886748,1820.96834464506,15,0,0,149,0,0,0
74,69,2,4008.50876899243,2132.53434498854,0,0,0,178,0,0,0
74,69,3,4306.54076754402,1899.52222078085,1,0,0,190,0,0,0
74,69,4,4710.10754584837,2215.91912748014,3,0,0,261,0,0,0
74,69,5,4623.05521358391,1247.78036442007,3,0,0,188,0,0,0
74,69,6,5171.27919193933,2491.38793798262,26,0,0,165,0,0,0
74,69,7,19965.3501643602,4826.56283347842,96,0,0,232,0,0,0
74,69,8,0,2,0,0,0,0,0,0,0
74,70,1,4116.90709645003,2521.84941254588,17,0,0,132,0,0,0
74,70,2,4029.40433618199,2275.10733267431,13,0,0,173,0,0,0
74,70,3,4332.99277215395,1824.50223792374,6,0,0,172,0,0,0
74,70,4,4732.32572250221,1973.35913532115,21,0,0,158,0,0,0
74,70,5,4636.37320350148,2549.25081407554,0,0,0,124,0,0,0
74,70,6,5234.25352415408,1429.9655467001,24,0,0,179,0,0,0
74,70,7,19983.472506703,8069.75660664155,111,0,0,159,0,0,0
74,70,8,0,2,0,0,0,0,0,0,0
74,71,1,4157.43790892013,1477.79638965346,3,0,0,208,0,0,0
74,71,2,4069.86321955846,1746.44977243168,4,0,0,169,0,0,0
74,71,3,4383.01642666693,1248.79773568289,0,0,0,182,0,0,0
74,71,4,4792.75530123247,1830.85057170365,1,0,0,184,0,0,0
74,71,5,4707.41321399886,1865.81712815499,5,0,0,184,0,0,0
74,71,6,5309.41594519173,2195.80876169361,0,0,0,142,0,0,0
74,71,7,20038.8335842026,5253.40507665322,42,0,0,245,0,0,0
74,71,8,0,2,0,0,0,0,0,0,0
74,72,1,4144.25144957369,1431.97564553374,0,61,0,86,0,0,0
74,72,2,4065.77375638657,1893.76376107864,0,78,0,96,0,0,0
74,72,3,4365.4777783321,2053.56040922328,0,61,0,63,0,0,0
74,72,4,4787.04604276887,2111.33183412349,0,96,0,87,0,0,0
74,72,5,4713.07354761048,983.222544952783,0,99,0,87,0,0,0
74,72,6,5319.58852356606,1347.35955195478,0,121,0,98,0,0,0
74,72,7,20066.5533626482,6018.35724375343,1,219,0,251,0,0,0
74,72,8,0,2,0,0,0,0,0,0,0
74,73,1,4198.13574049079,1563.68691984062,0,0,0,143,0,0,0
74,73,2,4116.30539073929,2149.30735629688,1,0,0,172,0,0,0
74,73,3,4438.09660733043,2922.69196224089,0,0,0,205,0,0,0
74,73,4,4858.69796383464,1587.79773757765,2,0,0,186,0,0,0
74,73,5,4758.79738682989,1512.12096004694,0,0,0,98,0,0,0
74,73,6,5376.82370068456,2618.34667051673,0,0,0,134,0,0,0
74,73,7,20154.0432596801,7225.49514321566,32,0,0,253,0,0,0
74,73,8,0,2,0,0,0,0,0,0,0
74,74,1,4242.73722881017,1524.96100070142,0,0,0,156,0,0,0
74,74,2,4177.87065312204,2851.02164237051,1,0,0,185,0,0,0
74,74,3,4549.40330411227,587.696341761989,3,0,0,230,0,0,0
74,74,4,4932.82687800611,1503.9660784843,0,0,0,158,0,0,0
74,74,5,4834.57778015943,2369.02172925307,0,0,0,151,0,0,0
74,74,6,5460.31493875922,2410.0360822736,5,0,0,175,0,0,0
74,74,7,20244.3821113146,5839.6089923913,30,0,0,211,0,0,0
74,74,8,0,2,0,0,0,0,0,0,0
74,75,1,4296.45527426245,1477.08222333451,0,0,0,152,0,0,0
74,75,2,4226.61629463703,1902.29558117669,17,0,0,182,0,0,0
74,75,3,4585.18616127302,2249.72585433068,0,0,0,58,0,0,0
74,75,4,5000.66915446483,2630.45896864619,0,0,0,150,0,0,0
74,75,5,4927.4273828849,1973.05033859782,6,0,0,195,0,0,0
74,75,6,5595.16544592646,1833.54206530027,7,0,0,183,0,0,4
74,75,7,20344.281237228,5209.80889050709,60,0,0,219,0,0,0
74,75,8,0,2,0,0,0,0,0,0,0
74,76,1,4283.07818301838,2457.98078416131,129,0,0,18,0,0,0
74,76,2,4253.00021165611,1681.54366656536,70,0,0,120,0,0,0
74,76,3,4660.12141513225,1223.76780862386,101,0,0,123,0,0,0
74,76,4,5054.21733180901,2414.08931777951,131,0,0,132,0,0,0
74,76,5,4981.31904346497,1812.37440938077,102,0,0,95,0,0,0
74,76,6,5641.47689251639,1449.57568869141,87,0,0,96,0,0,0
74,76,7,20464.6155748095,2771.33415619364,260,0,0,260,0,0,0
74,76,8,0,2,0,0,0,0,0,0,0
74,77,1,4264.78852999088,2726.86692470056,244,0,0,1,0,0,0
74,77,2,4291.05856808456,1007.68059850936,73,0,0,95,0,0,0
74,77,3,4699.6639486039,1911.92806734498,69,0,0,53,0,0,0
74,77,4,5122.55822339903,1800.86389380218,112,0,0,129,0,0,0
74,77,5,5033.23236233769,1924.61615954487,81,0,0,100,0,0,0
74,77,6,5716.90037014929,2626.68697146552,52,0,0,92,0,0,0
74,77,7,20510.0436314883,5946.04040401818,141,0,0,136,0,0,0
74,77,8,0,2,0,0,0,0,0,0,0
74,78,1,4351.23503341589,2799.96474127822,8,0,0,171,0,0,0
74,78,2,4349.53332894253,1905.27207212873,0,0,0,100,0,0,0
74,78,3,4818.5689729336,2001.87967160394,0,0,0,191,0,0,0
74,78,4,5214.28835104793,1565.82389735155,0,0,0,178,0,0,0
74,78,5,5140.66213319292,2406.97431778856,0,0,0,192,0,0,0
74,78,6,5815.53081265097,1967.44487935166,3,0,0,210,0,0,0
74,78,7,20535.8375475514,7917.92516647327,34,0,0,188,0,0,0
74,78,8,0,2,0,0,0,0,0,0,0
74,79,1,4434.9107806437,2304.33000806904,3,0,0,207,0,0,0
74,79,2,4425.28942101588,710.117416615069,0,0,0,171,0,0,0
74,79,3,4896.40845363557,1415.49817584666,0,0,0,188,0,0,0
74,79,4,5284.72229643984,2109.61532353124,0,0,0,156,0,0,0
74,79,5,5222.73712141262,3012.19188998953,2,0,0,176,0,0,0
74,79,6,5916.73408011423,3803.22221901958,0,0,0,186,0,0,0
74,79,7,20561.4487800838,6086.66359943362,23,0,0,263,0,0,0
74,79,8,0,2,0,0,0,0,0,0,0
74,80,1,4526.37364795873,2979.62807539525,13,0,0,175,0,0,0
74,80,2,4471.68535056522,1978.60559990595,0,0,0,71,0,0,0
74,80,3,4978.95202361282,2470.26076307571,0,0,0,141,0,0,0
74,80,4,5366.19081261017,1924.2493655962,13,0,0,157,0,0,0
74,80,5,5324.94735653422,2639.37938587042,28,0,0,186,0,0,0
74,80,6,6063.85935245764,2092.9025176379,45,0,0,195,0,0,0
74,80,7,20600.0594665392,7603.21595130316,106,0,0,170,0,0,0
74,80,8,0,2,0,0,0,0,0,0,0
74,81,1,4648.39556137463,1253.33950590038,9,0,0,203,0,0,0
74,81,2,4577.00446466227,2207.78527900674,0,0,0,197,0,0,0
74,81,3,5078.24294314722,1266.25034332441,5,0,0,190,0,0,0
74,81,4,5501.71240832392,1595.60630228799,0,0,0,192,0,0,0
74,81,5,5444.40436516151,1900.07403649013,9,0,0,171,0,0,0
74,81,6,6301.18480631238,1428.98284153821,0,0,0,206,0,0,0
74,81,7,20629.5601431171,14688.6721520703,56,0,0,189,0,0,0
74,81,8,0,2,0,0,0,0,0,0,0
74,82,1,4675.29341985404,1810.18696157622,0,0,0,125,0,0,0
74,82,2,4638.72038566495,1764.28181207724,0,0,0,220,0,0,0
74,82,3,5115.03767915954,2484.24464843027,0,0,0,126,0,0,0
74,82,4,5548.37251051171,1357.92382309031,0,0,0,159,0,0,0
74,82,5,5516.17373901176,1746.17292998066,0,0,0,188,0,0,0
74,82,6,6342.4133226008,4579.19513440266,0,0,0,142,0,0,0
74,82,7,20604.9706932556,6115.44078720347,35,0,0,205,0,0,0
74,82,8,0,2,0,0,0,0,0,0,0
74,83,1,4761.82504796728,2833.01959273763,24,0,0,133,0,0,0
74,83,2,4718.21737867572,2108.71077803542,15,0,0,145,0,0,0
74,83,3,5194.70718308126,2649.3030360516,45,0,0,157,0,0,1
74,83,4,5623.00113134171,753.311414843105,0,0,0,135,0,0,0
74,83,5,5652.62682175031,1340.89013189289,0,0,0,174,0,0,0
74,83,6,6453.5303471448,3299.25201089401,155,0,0,147,0,0,0
74,83,7,20635.1307513776,7835.8238128817,183,0,0,203,0,0,1
74,83,8,0,2,0,0,0,0,0,0,0
74,84,1,4821.85470439855,651.46263896096,15,0,0,163,0,0,0
74,84,2,4815.98391195228,1391.065213555,2,0,0,189,0,0,0
74,84,3,5306.95895870744,2378.9952120035,8,0,0,198,0,0,0
74,84,4,5661.76382667263,2485.42847198742,0,0,0,75,0,0,0
74,84,5,5745.48690662488,2586.68652553551,0,0,0,134,0,0,0
74,84,6,6596.89872790999,2813.3931571986,16,0,0,201,0,0,0
74,84,7,20665.4410480834,12144.528947546,73,0,0,193,0,0,0
74,84,8,0,2,0,0,0,0,0,0,0
74,85,1,4823.15273554463,2204.647216396,0,0,0,65,0,0,0
74,85,2,4845.54950497891,1047.00827687112,0,0,0,139,0,0,0
74,85,3,5359.0952255436,1994.66216304429,1,0,0,184,0,0,0
74,85,4,5725.4810537369,1312.37116271683,1,0,0,199,0,0,0
74,85,5,5836.62656282292,1770.64161607772,1,0,0,226,0,0,0
74,85,6,6674.45356895082,2532.93898167385,0,0,0,202,0,0,4
74,85,7,20656.3039261022,8842.9583270716,37,0,0,248,0,0,0
74,85,8,0,2,0,0,0,0,0,0,0
74,86,1,4848.84791672721,2614.28311814279,17,0,0,156,0,0,0
74,86,2,4893.99918725867,1696.27151276174,0,0,0,104,0,0,0
74,86,3,5444.30410544737,2446.90441133642,5,0,0,181,0,0,0
74,86,4,5777.60066277756,2764.12679148444,0,0,0,131,0,0,0
74,86,5,5910.21624761449,2392.08855838242,0,0,0,177,0,0,0
74,86,6,6758.47956581878,2073.83309537176,22,0,0,173,0,0,0
74,86,7,20641.4935479049,9030.68915338969,193,0,0,183,0,0,0
74,86,8,0,2,0,0,0,0,0,0,0
74,87,1,4889.98888347175,1995.43422520722,28,0,0,146,0,0,0
74,87,2,4932.68767400507,2127.8157181582,0,0,0,169,0,0,0
74,87,3,5499.42796927296,2347.00579433754,11,0,0,197,0,0,0
74,87,4,5838.99877548175,3301.07337090174,23,0,0,181,0,0,0
74,87,5,5996.79578894126,3066.34827557919,11,0,0,194,0,0,0
74,87,6,6849.0626155722,4192.99747654696,2,0,0,199,0,0,0
74,87,7,20630.2259322365,6818.88321933283,169,0,0,212,0,0,1
74,87,8,0,2,0,0,0,0,0,0,0
74,88,1,4947.03033198139,2070.29053452303,62,0,0,100,0,0,0
74,88,2,5019.7505904192,2773.6917505017,26,0,0,171,0,0,0
74,88,3,5574.16925505575,2832.06735712192,49,0,0,156,0,0,0
74,88,4,5903.84682870409,1503.15687744589,115,0,0,146,0,0,0
74,88,5,6097.99981942442,2890.68352078789,79,0,0,179,0,0,0
74,88,6,6983.74384060907,1377.67639811983,136,0,0,201,0,0,0
74,88,7,20686.6258581698,12080.947620166,245,0,0,289,0,0,0
74,88,8,0,2,0,0,0,0,0,0,0
74,89,1,4982.22621089601,1643.50061088953,0,0,0,205,0,0,0
74,89,2,5073.57207307402,2325.78198592856,3,0,0,188,0,0,0
74,89,3,5621.01888740083,1779.9013613106,5,0,0,173,0,0,0
74,89,4,5948.31020831884,2516.41485345954,0,0,0,150,0,0,0
74,89,5,6202.60346804168,2134.10195234054,3,0,0,225,0,0,0
74,89,6,7031.74602548986,1961.0268206339,0,0,0,137,0,0,0
74,89,7,20636.9322900969,9233.34026133296,57,0,0,180,0,0,0
74,89,8,0,2,0,0,0,0,0,0,0
74,90,1,5025.04914302707,1015.65116811442,0,0,0,164,0,0,0
74,90,2,5196.29776761068,1618.36879133628,0,6,0,184,0,0,0
74,90,3,5733.81111343278,1980.10843224253,0,0,0,177,0,0,0
74,90,4,6057.59940300365,2067.65812815052,0,10,0,155,0,0,0
74,90,5,6390.40345667038,2028.41674623012,0,2,0,196,0,0,0
74,90,6,7192.9213574116,1907.9749056371,0,5,0,156,0,0,0
74,90,7,20662.4643122742,14281.5052681774,0,92,0,219,0,0,0
74,90,8,0,2,0,0,0,0,0,0,0
74,91,1,5021.68274729286,2181.1423704431,0,0,0,101,0,0,0
74,91,2,5233.99799342292,2075.45271540049,0,0,0,161,0,0,0
74,91,3,5801.04691895692,3534.72026640064,0,0,0,190,0,0,0
74,91,4,6131.29261609504,2374.00230818931,0,0,0,193,0,0,0
74,91,5,6483.89850177394,2675.89479952435,0,0,0,202,0,0,0
74,91,6,7276.51798451465,3004.82803180707,0,0,0,190,0,0,0
74,91,7,20653.8320834667,11588.0637263538,27,1,0,269,0,0,0
74,91,8,0,2,0,0,0,0,0,0,0
74,92,1,5081.50971885977,1377.22232567316,0,0,0,218,0,0,0
74,92,2,5313.91654729972,3210.64033511137,0,0,0,207,0,0,0
74,92,3,5892.1011262649,2227.55984438597,4,0,0,208,0,0,0
74,92,4,6238.06217808788,3484.37160870101,0,0,0,237,0,0,0
74,92,5,6645.52475982072,3511.21165438431,0,0,0,250,0,0,0
74,92,6,7402.43965748451,2829.54722399686,0,0,0,217,0,0,0
74,92,7,20651.1952646455,13649.0960486236,29,0,0,227,0,0,0
74,92,8,0,2,0,0,0,0,0,0,0
74,93,1,5107.68642160562,1287.17581493523,0,0,0,137,0,0,0
74,93,2,5374.42703062121,2346.43230976603,0,0,0,283,0,0,3
74,93,3,5973.64351979983,2152.47275811236,0,0,0,222,0,0,0
74,93,4,6313.59519554206,1726.41719916366,3,0,0,201,0,0,0
74,93,5,6747.81453977782,2868.97752869569,3,0,0,196,0,0,0
74,93,6,7557.23658770517,2384.73263608809,1,0,0,202,0,0,2
74,93,7,20623.6867136051,4548.31121296045,27,0,0,223,0,0,6
74,93,8,0,2,0,0,0,0,0,0,0
74,94,1,5108.0958991931,1734.97999520847,81,0,0,47,0,0,0
74,94,2,5391.18030998123,1544.51609016722,127,0,0,107,0,0,0
74,94,3,5990.9146225433,2454.75538106,102,0,0,113,0,0,0
74,94,4,6335.96938854155,1765.77078024263,80,0,0,92,0,0,0
74,94,5,6824.75280222104,1544.7466630602,134,0,0,152,0,0,0
74,94,6,7602.08441283921,3876.81244972244,132,0,0,106,0,0,0
74,94,7,20619.1274796331,6121.17977801571,224,0,0,230,0,0,0
74,94,8,0,2,0,0,0,0,0,0,0
74,95,1,5196.06863572347,2010.90510080473,0,0,0,173,0,0,0
74,95,2,5556.49128368932,3650.85715985881,0,0,0,154,0,0,0
74,95,3,6135.32396864178,2844.98209873895,10,0,0,185,0,0,0
74,95,4,6495.21332582013,3084.16866945882,0,0,0,170,0,0,0
74,95,5,7021.91671119122,4423.93599743582,0,0,0,154,0,0,0
74,95,6,7812.48766758939,2298.64225137339,36,0,0,178,0,0,0
74,95,7,20619.1983856943,11262.2592224181,78,0,0,167,0,0,0
74,95,8,0,2,0,0,0,0,0,0,0
74,96,1,5249.21943953832,2330.58773580548,0,0,0,201,0,0,0
74,96,2,5687.06524602038,3148.76875630347,6,0,0,207,0,0,0
74,96,3,6302.18964412167,2671.18626181686,2,0,0,218,0,0,0
74,96,4,6613.41389822726,1491.80389951291,4,0,0,185,0,0,0
74,96,5,7150.75112774438,3659.67622824344,10,0,0,182,0,0,0
74,96,6,7956.96892236478,4782.21526797486,1,0,0,200,0,0,0
74,96,7,20607.4346290423,6359.22074073995,35,0,0,202,0,0,1
74,96,8,0,2,0,0,0,0,0,0,0
74,97,1,5368.47882091848,1900.67830827229,1,0,0,215,0,0,0
74,97,2,5931.21040039183,1639.70157446852,8,0,0,219,0,0,0
74,97,3,6513.39268416574,1806.12204949628,4,0,0,219,0,0,0
74,97,4,6794.54686061151,1962.96454374054,0,0,0,149,0,0,0
74,97,5,7454.49974097067,1162.42434401801,12,0,0,228,0,0,0
74,97,6,8260.41667570525,3219.72094098097,28,0,0,175,0,0,0
74,97,7,20662.6120998266,6893.5429993712,42,0,0,192,0,0,0
74,97,8,0,2,0,0,0,0,0,0,0
74,98,1,5451.83953104275,3089.34709657106,0,0,0,190,0,0,0
74,98,2,6062.53564104526,1916.11823416909,0,0,0,163,0,0,0
74,98,3,6714.29816922771,2333.5448962481,0,0,0,180,0,0,0
74,98,4,6945.73752001297,3148.14941978223,1,0,0,179,0,0,0
74,98,5,7595.15244627399,2749.06032016292,0,0,0,116,0,0,0
74,98,6,8422.52568802838,4896.14538682512,11,0,0,180,0,0,0
74,98,7,20662.2028451791,8186.72074654502,43,0,0,180,0,0,0
74,98,8,0,2,0,0,0,0,0,0,0
74,99,1,5593.34583383693,3077.58672714333,8,0,0,199,0,0,1
74,99,2,6217.72050285873,2044.51480239998,0,0,0,183,0,0,0
74,99,3,6831.10956667583,4076.67528189955,2,0,0,196,0,0,0
74,99,4,7105.44817436469,2325.6047212182,10,0,0,177,0,0,0
74,99,5,7817.51620155734,3981.68657694664,3,0,0,215,0,0,3
74,99,6,8842.87821085542,4898.2953132362,21,0,0,206,0,0,0
74,99,7,20664.536641147,6974.31801447437,48,0,0,175,0,0,0
74,99,8,0,2,0,0,0,0,0,0,0
74,100,1,5646.69956057276,3522.88328960223,209,0,0,98,0,0,0
74,100,2,6323.25345478153,3623.74582763685,98,0,0,106,0,0,0
74,100,3,7012.05010012344,3942.28753898493,197,0,0,209,0,0,0
74,100,4,7162.47725255576,1874.59458319284,107,0,0,125,0,0,0
74,100,5,7945.2471355022,988.58154637739,209,0,0,189,0,0,0
74,100,6,9122.56329030572,3022.79597628698,240,0,0,229,0,0,0
74,100,7,20716.2122040023,4348.74764699641,387,0,0,310,0,0,0
74,100,8,0,2,0,0,0,0,0,0,0
75,1,1,2803.2736,2099.77905552672,17,0,0,22,0,0,0
75,1,2,2803.1856,808.58473209381,10,0,0,34,0,0,0
75,1,3,2805.976,1031.77220615721,4,0,0,2,0,0,0
75,1,4,2805.0432,1115.01803221713,48,0,0,28,0,0,0
75,1,5,2813.464,937.196297607837,27,0,0,47,0,0,0
75,1,6,2798.4304,1590.88137934403,4,0,0,8,0,0,0
75,1,7,20171.3852799999,9680.80601773421,23,0,0,28,0,0,0
75,1,8,0,9,23,0,0,18,0,0,0
75,2,1,2835.5792,1490.11909910018,0,0,0,204,0,0,0
75,2,2,2808.5776,1021.36303581909,0,0,0,80,0,0,0
75,2,3,2821.784,1183.06869712948,0,0,0,103,0,0,0
75,2,4,2823.1552,1359.16071039721,0,0,0,111,0,0,0
75,2,5,2827.3104,1203.38170902573,0,0,0,93,0,0,0
75,2,6,2819.47808,1461.57355496286,0,0,0,159,0,0,0
75,2,7,20139.0828799998,8208.77265315195,19,4,0,200,0,0,0
75,2,8,0,9,0,0,0,0,0,0,0
75,3,1,2853.3616,734.918343028965,0,0,0,149,0,0,0
75,3,2,2820.12607999999,765.980026173876,0,0,0,102,0,0,0
75,3,3,2838.688,1651.16150680224,0,0,0,118,0,0,0
75,3,4,2843.26719999999,698.708513737083,0,0,0,135,0,0,0
75,3,5,2842.7888,1259.53327976318,0,0,0,120,0,0,0
75,3,6,2839.50368,1545.5955924959,0,0,0,146,0,0,0
75,3,7,20112.7430399998,9045.94521764948,35,0,0,226,0,0,0
75,3,8,0,9,0,0,0,0,0,0,0
75,4,1,2858.0832,1597.16662522896,0,0,0,73,0,0,0
75,4,2,2826.75616,760.914874021663,0,0,0,76,0,0,0
75,4,3,2866.0016,1413.54789090757,0,0,0,165,0,0,0
75,4,4,2853.22848,495.248643310627,0,0,0,69,0,0,0
75,4,5,2862.1664,933.173827085089,0,0,0,125,0,0,0
75,4,6,2863.460224,753.330789426613,0,0,0,154,0,0,0
75,4,7,20091.2063999997,5119.97004221954,31,0,0,234,0,0,0
75,4,8,0,9,0,0,0,0,0,0,0
75,5,1,2873.26784,759.798867471364,3,0,0,146,0,0,0
75,5,2,2827.964096,1835.10899405306,0,0,0,76,0,0,0
75,5,3,2881.76512000001,594.396566162306,0,0,0,141,0,0,0
75,5,4,2854.71168,877.56963535557,0,0,0,49,0,0,0
75,5,5,2870.4944,1743.39232224232,0,0,0,93,0,0,0
75,5,6,2863.911424,1166.24049772572,0,0,0,75,0,0,0
75,5,7,20043.5439999996,7511.24223678225,83,0,0,168,0,0,0
75,5,8,0,9,0,0,0,0,0,0,0
75,6,1,2869.46464,630.626851852694,0,0,0,75,0,0,0
75,6,2,2851.882752,772.961903132769,0,0,0,183,0,0,0
75,6,3,2881.33792000001,1047.46783922131,0,0,0,59,0,0,0
75,6,4,2861.32448,902.116276516029,0,0,0,87,0,0,0
75,6,5,2895.9176832,1105.97405799048,0,0,0,174,0,0,0
75,6,6,2877.949824,1701.26742684956,0,0,0,116,0,0,0
75,6,7,20009.1155839995,7535.02354140465,48,0,0,214,0,0,0
75,6,8,0,9,0,0,0,0,0,0,0
75,7,1,2861.41184,750.298462368256,0,0,0,63,0,0,0
75,7,2,2853.541952,1411.45877682638,0,0,0,77,0,0,0
75,7,3,2888.97408,1476.15614854803,0,0,0,104,0,0,0
75,7,4,2865.18688,1176.66347353579,0,0,0,90,0,0,0
75,7,5,2902.8648832,623.871101018171,0,0,0,110,0,0,0
75,7,6,2899.19168,473.756775172018,0,0,0,170,0,0,0
75,7,7,19952.7725439994,12039.5117325375,0,93,0,170,0,0,0
75,7,8,0,9,0,0,0,0,0,0,0
75,8,1,2855.76256,534.709230923943,0,0,0,75,0,0,0
75,8,2,2862.829824,821.629691876862,0,0,0,141,0,0,0
75,8,3,2906.47936,352.36537028287,0,0,0,147,0,0,0
75,8,4,2872.18208,1175.72476269539,0,0,0,117,0,0,0
75,8,5,2898.6280832,1250.35920846832,0,0,0,62,0,0,0
75,8,6,2890.96864,1389.55364713547,0,0,0,47,0,0,0
75,8,7,19911.7648639994,10278.9053171546,2,179,0,200,0,0,0
75,8,8,0,9,0,0,0,0,0,0,0
75,9,1,2845.60896,1550.56766137188,0,0,0,53,0,0,0
75,9,2,2857.444544,754.278740421678,0,0,0,82,0,0,0
75,9,3,2893.66016000001,1332.48852591447,0,0,0,35,0,0,0
75,9,4,2873.5824,1726.1780040556,0,0,0,117,0,0,0
75,9,5,2909.4818432,699.711445138711,0,0,0,125,0,0,0
75,9,6,2905.38720000001,1035.4136594313,0,0,0,138,0,0,0
75,9,7,19887.3857279993,7842.52491047922,0,80,0,197,0,0,0
75,9,8,0,9,0,0,0,0,0,0,0
75,10,1,2851.56046080001,1087.74880808139,0,24,0,119,0,0,0
75,10,2,2851.269824,1130.20609923129,0,0,0,75,0,0,0
75,10,3,2907.11891200001,1032.76324612537,0,1,0,131,0,0,0
75,10,4,2879.043264,945.631409115011,0,15,0,150,0,0,0
75,10,5,2906.37417984,1696.74263078037,0,1,0,68,0,0,0
75,10,6,2921.2788224,2116.5600521658,0,0,0,103,0,0,0
75,10,7,19875.0487039992,8480.80797085911,4,161,0,197,0,0,8
75,10,8,0,9,0,0,0,0,0,0,0
75,11,1,2848.23918080001,1585.1589340313,0,0,0,108,0,0,0
75,11,2,2852.10433280001,1376.57784565882,0,0,0,113,0,0,0
75,11,3,2902.79124480001,1312.98474986573,0,0,0,103,0,0,0
75,11,4,2874.11180800001,1390.49863053928,0,0,0,94,0,0,0
75,11,5,2921.28571904,2186.0541157927,0,0,0,169,0,0,0
75,11,6,2953.6932352,1244.14131891322,0,0,0,200,0,0,0
75,11,7,19878.5585279992,9475.56406294747,24,1,0,201,0,0,0
75,11,8,0,9,0,0,0,0,0,0,0
75,12,1,2853.87472691201,2173.74781633629,0,0,0,158,0,0,0
75,12,2,2854.48647680001,889.192725986864,0,0,0,137,0,0,0
75,12,3,2903.41121280001,1202.77770052104,0,0,0,131,0,0,0
75,12,4,2875.55345920001,1028.09784153457,0,0,0,139,0,0,0
75,12,5,2936.42677504001,1490.52430988429,0,5,0,178,0,0,0
75,12,6,2962.9848832,642.974413483095,0,0,0,124,0,0,0
75,12,7,19869.1334399992,10802.1939056951,0,102,0,181,0,0,0
75,12,8,0,9,0,0,0,0,0,0,0
75,13,1,2855.04179251201,1417.60420945388,0,101,0,96,0,0,0
75,13,2,2850.02297856001,1407.30610745919,0,4,0,84,0,0,0
75,13,3,2908.51905280001,1247.34557271878,0,0,0,120,0,0,0
75,13,4,2872.12837120001,1326.30509365411,0,3,0,99,0,0,0
75,13,5,2947.05317324801,732.09471953758,0,25,0,119,0,0,0
75,13,6,2965.40916428801,1217.04475350374,0,1,0,63,0,0,0
75,13,7,19887.0387839992,8658.70838114445,6,182,0,191,0,0,4
75,13,8,0,9,0,0,0,0,0,0,0
75,14,1,2864.61088051201,852.905798009917,0,0,0,141,0,0,0
75,14,2,2850.72896256001,1366.82884492629,0,0,0,140,0,0,0
75,14,3,2906.00789760001,550.518123990197,0,0,0,124,0,0,0
75,14,4,2868.71156480001,1506.51364038633,0,0,0,132,0,0,0
75,14,5,2941.08640204801,1120.92571443953,0,0,0,73,0,0,0
75,14,6,2975.34369228801,598.437737674707,0,0,0,121,0,0,0
75,14,7,19932.8725119993,13425.6661063471,21,0,0,300,0,0,0
75,14,8,0,9,0,0,0,0,0,0,0
75,15,1,2866.56608051201,884.991342354597,0,0,0,85,0,0,0
75,15,2,2849.78240972801,778.813993147184,0,0,0,136,0,0,0
75,15,3,2883.51704576001,1538.88300601497,0,0,0,55,0,0,0
75,15,4,2868.66992384001,1303.2238090684,0,0,0,150,0,0,0
75,15,5,2933.80318924801,1294.811767921,0,0,0,112,0,0,0
75,15,6,2974.17597388801,825.580407003692,0,0,0,59,0,0,0
75,15,7,19954.4731135993,7650.80512684224,19,3,0,198,0,0,1
75,15,8,0,9,0,0,0,0,0,0,0
75,16,1,2866.94790451201,1754.88973789095,0,0,0,88,0,0,0
75,16,2,2842.07846144002,1085.11726942278,0,0,0,77,0,0,0
75,16,3,2883.96473088001,574.672059405307,0,0,0,153,0,0,0
75,16,4,2860.87398860802,904.702507452089,0,0,0,130,0,0,0
75,16,5,2941.24107468801,810.155365993358,0,0,0,129,0,0,0
75,16,6,2977.23513753601,1317.40564345722,0,0,0,82,0,0,0
75,16,7,19976.9273471992,8983.24589481856,2,208,0,200,0,0,0
75,16,8,0,9,0,0,0,0,0,0,0
75,17,1,2884.18571560961,1848.71903432791,0,0,0,175,0,0,0
75,17,2,2838.53140224002,874.530402492795,0,0,0,108,0,0,0
75,17,3,2860.12781568001,1789.55796618543,0,0,0,57,0,0,0
75,17,4,2848.82397900802,1087.35477858496,0,0,0,90,0,0,0
75,17,5,2931.05421056001,1231.43359315977,0,0,0,81,0,0,0
75,17,6,2989.48325324801,913.096090578572,0,0,0,131,0,0,0
75,17,7,20021.2959001592,8221.58278806823,29,0,0,228,0,0,0
75,17,8,0,9,0,0,0,0,0,0,0
75,18,1,2895.71385948161,1712.98010654717,0,0,0,183,0,0,0
75,18,2,2823.35367424002,1110.01164183963,0,0,0,87,0,0,0
75,18,3,2863.55149568001,2031.62309531852,0,0,0,176,0,0,0
75,18,4,2835.62315980802,797.833972738568,0,0,0,108,0,0,0
75,18,5,2930.77006763624,921.371900997013,0,0,0,123,0,0,0
75,18,6,2988.36066508801,911.054927820201,0,0,0,91,0,0,0
75,18,7,20036.5647001592,8317.54329966684,0,127,0,171,0,0,0
75,18,8,0,9,0,0,0,0,0,0,0
75,19,1,2875.92635228161,1404.98499171552,0,152,0,19,0,0,0
75,19,2,2805.55389440002,1127.07929857815,0,54,0,57,0,0,0
75,19,3,2850.82300928001,1434.54164406489,0,116,0,87,0,0,0
75,19,4,2807.57290649602,721.542566995487,0,41,0,38,0,0,0
75,19,5,2909.36644122216,1226.23176073931,0,33,0,59,0,0,0
75,19,6,2982.64230205441,984.749167138879,0,45,0,46,0,0,0
75,19,7,20118.3638579192,9370.33026087235,0,431,0,399,0,0,0
75,19,8,0,9,0,0,0,0,0,0,0
75,20,1,2890.86456215553,786.698324027186,0,0,0,140,0,0,0
75,20,2,2812.57004800002,1316.0571099575,0,0,0,112,0,0,0
75,20,3,2860.20591616002,956.644936575387,0,0,0,143,0,0,0
75,20,4,2799.07819264002,1064.65430340974,0,0,0,72,0,0,0
75,20,5,2913.84111345256,1311.74910155925,0,0,0,122,0,0,0
75,20,6,2988.57388605441,1918.89362186168,0,0,0,98,0,0,0
75,20,7,20151.4527641592,15730.6104025937,32,0,0,190,0,0,0
75,20,8,0,9,0,0,0,0,0,0,0
75,21,1,2894.11569815553,475.15145695375,0,0,0,78,0,0,0
75,21,2,2823.14068684802,1717.80832535093,0,0,0,131,0,0,0
75,21,3,2856.65665945602,1648.76563243558,0,0,0,95,0,0,0
75,21,4,2799.91852544002,1116.36213349962,0,0,0,106,0,0,0
75,21,5,2919.26987044456,1764.86338227579,0,0,0,131,0,0,0
75,21,6,3011.04177725441,830.69482605872,0,0,0,191,0,0,0
75,21,7,20182.6232729592,8863.51267907667,28,0,0,228,0,0,0
75,21,8,0,9,0,0,0,0,0,0,0
75,22,1,2888.69259415554,1162.10860758847,0,0,0,47,0,0,0
75,22,2,2836.87946670082,1206.1110719996,6,0,0,156,0,0,0
75,22,3,2867.60433950722,1486.98353796988,6,0,0,148,0,0,0
75,22,4,2804.07316575849,1642.52550184542,0,0,0,111,0,0,0
75,22,5,2923.70885617256,1840.44729415986,9,0,0,152,0,0,0
75,22,6,3015.56746199041,745.818696570281,0,0,0,83,0,0,0
75,22,7,20233.4884531192,8316.53115106593,231,0,0,302,0,0,0
75,22,8,0,9,0,0,0,0,0,0,0
75,23,1,2874.10568599554,1557.04409657259,113,0,0,3,0,0,0
75,23,2,2828.00694695938,1508.91521620564,60,0,0,60,0,0,0
75,23,3,2861.84004112795,339.591288519489,64,0,0,84,0,0,0
75,23,4,2794.57613621578,899.662796415211,88,0,0,76,0,0,0
75,23,5,2918.63839678056,1076.1473612595,88,0,0,96,0,0,0
75,23,6,3007.17475543041,1119.68533562148,30,0,0,44,0,0,0
75,23,7,20267.6279045112,9643.61471260264,175,5,0,176,0,0,28
75,23,8,0,9,0,0,0,0,0,0,0
75,24,1,2887.10153879554,450.726482722798,0,0,0,155,0,0,0
75,24,2,2841.65618855938,1262.55457621712,0,0,0,150,0,0,0
75,24,3,2848.67395606202,1352.32692197384,0,0,0,33,0,0,0
75,24,4,2790.87838005578,1601.9211261941,0,0,0,89,0,0,0
75,24,5,2921.47587221096,1334.48173696047,0,0,0,107,0,0,0
75,24,6,3015.17298163713,738.396147999766,0,0,0,111,0,0,0
75,24,7,20252.6817461444,13002.0143288665,178,0,0,164,0,0,0
75,24,8,0,9,0,0,0,0,0,0,0
75,25,1,2884.16645701224,893.01582469887,0,0,0,45,0,0,0
75,25,2,2847.67922599938,948.046734437556,0,0,0,126,0,0,0
75,25,3,2853.99803818067,860.871363806184,0,0,0,135,0,0,0
75,25,4,2802.83905947978,1326.42997371134,0,0,0,160,0,0,0
75,25,5,2925.51493979752,1557.48788073068,0,0,0,133,0,0,0
75,25,6,3016.55646758914,705.286612000957,0,0,0,73,0,0,0
75,25,7,20262.0679221444,13589.2462108572,62,0,0,227,0,0,0
75,25,8,0,9,0,0,0,0,0,0,0
75,26,1,2881.01507964029,1773.84065633497,0,0,0,89,0,0,0
75,26,2,2851.2914421965,555.392659848349,0,0,0,94,0,0,0
75,26,3,2851.26266525779,986.128940773,0,0,0,86,0,0,0
75,26,4,2806.41975779657,848.188269883205,0,0,0,132,0,0,0
75,26,5,2937.11652907419,1393.68151086343,0,0,0,155,0,0,0
75,26,6,3013.80115904514,343.184679229773,0,0,0,70,0,0,0
75,26,7,20264.6200117443,8709.82149562245,0,45,0,203,0,0,0
75,26,8,0,9,0,0,0,0,0,0,0
75,27,1,2873.90012796029,1408.05638974463,0,109,0,68,0,0,0
75,27,2,2833.04515790849,1241.44102110102,0,14,0,41,0,0,0
75,27,3,2837.05005981779,1227.27779368926,0,61,0,37,0,0,0
75,27,4,2791.32895162222,527.137479879221,0,32,0,52,0,0,0
75,27,5,2923.39478882224,1434.79925458233,0,76,0,63,0,0,0
75,27,6,2995.15355471874,1878.59190579732,0,15,0,19,0,0,0
75,27,7,20262.5426971842,10604.2465518031,5,188,0,213,0,0,4
75,27,8,0,9,0,0,0,0,0,0,0
75,28,1,2888.53530492029,1338.81951234179,0,0,0,140,0,0,0
75,28,2,2842.67720552449,919.580699162269,0,0,0,124,0,0,0
75,28,3,2840.55646869587,918.302607350332,0,0,0,122,0,0,0
75,28,4,2785.02131130222,1754.73818521575,0,0,0,52,0,0,0
75,28,5,2932.48815304624,1074.82760975374,0,0,0,143,0,0,0
75,28,6,3019.88006019074,1130.56941193567,0,0,0,176,0,0,0
75,28,7,20277.9892277442,7331.04753616018,27,0,0,209,0,0,0
75,28,8,0,9,0,0,0,0,0,0,0
75,29,1,2909.91818609789,759.282647142001,0,0,0,133,0,0,0
75,29,2,2843.34612062209,615.30612301389,0,0,0,91,0,0,0
75,29,3,2845.47562481747,1735.88762188608,0,0,0,91,0,0,0
75,29,4,2803.70463469422,1493.63780382813,0,0,0,168,0,0,0
75,29,5,2939.30233661589,2015.30924260188,0,0,0,107,0,0,0
75,29,6,3031.64249186306,868.21107002629,0,0,0,113,0,0,0
75,29,7,20324.9758927042,9442.06128749975,24,0,0,284,0,0,0
75,29,8,0,9,0,0,0,0,0,0,0
75,30,1,2915.35013203068,642.714758036956,0,0,0,75,0,0,0
75,30,2,2842.87083600283,1874.43867765504,0,0,0,61,0,0,0
75,30,3,2867.59008654149,502.416196843986,0,0,0,172,0,0,0
75,30,4,2819.1373917579,1590.63893663905,0,0,0,149,0,0,0
75,30,5,2963.23136808782,1488.12958496332,0,0,0,199,0,0,0
75,30,6,3039.24038303746,1697.1850857737,0,0,0,86,0,0,0
75,30,7,20369.0950464132,5972.11219702088,26,0,0,281,0,0,1
75,30,8,0,9,0,0,0,0,0,0,0
75,31,1,2911.46625641596,1853.27515400077,0,0,0,64,0,0,0
75,31,2,2857.14277454235,440.234150071883,1,0,0,175,0,0,0
75,31,3,2855.91308419909,996.056491958422,0,0,0,50,0,0,0
75,31,4,2826.79002793838,971.8716631785,0,0,0,159,0,0,0
75,31,5,2973.7806588322,1420.49855945854,0,0,0,148,0,0,0
75,31,6,3060.72858910312,625.318591152677,0,0,0,168,0,0,0
75,31,7,20378.4193830532,4091.84192664219,32,0,0,228,0,0,1
75,31,8,0,9,0,0,0,0,0,0,0
75,32,1,2911.97070144636,1027.33858140436,0,86,0,99,0,0,0
75,32,2,2841.42214990235,619.989460221749,0,19,0,25,0,0,0
75,32,3,2837.62462393157,1400.77160016629,0,48,0,51,0,0,0
75,32,4,2807.27474755438,551.68542768199,0,59,0,38,0,0,0
75,32,5,2960.2029327778,1574.98108676215,0,76,0,66,0,0,0
75,32,6,3048.42529873512,1443.7736330975,0,33,0,29,0,0,0
75,32,7,20376.7656870531,13680.5053843817,0,198,0,211,0,0,0
75,32,8,0,9,0,0,0,0,0,0,0
75,33,1,2925.1458253775,1867.26947824726,0,0,0,102,0,0,0
75,33,2,2836.13621887387,1239.88249462437,0,0,0,61,0,0,0
75,33,3,2849.01578036372,740.290638976837,0,0,0,140,0,0,0
75,33,4,2800.44264935278,1022.82413477511,0,0,0,55,0,0,0
75,33,5,2979.5362197922,802.668984941645,0,0,0,157,0,0,0
75,33,6,3069.5443959972,1501.8246356281,0,0,0,144,0,0,0
75,33,7,20395.1389580932,11259.1091605301,24,3,0,196,0,0,0
75,33,8,0,9,0,0,0,0,0,0,0
75,34,1,2957.45164078286,1425.34874929828,0,0,0,186,0,0,0
75,34,2,2846.52605413787,908.396262213653,0,0,0,123,0,0,0
75,34,3,2846.2679099714,841.647924815605,0,0,0,74,0,0,0
75,34,4,2799.34442604397,1413.39281759607,0,0,0,102,0,0,0
75,34,5,2978.7419823522,1934.00687960012,0,0,0,80,0,0,0
75,34,6,3094.9924355236,869.530708110885,0,0,0,150,0,0,0
75,34,7,20445.2539246211,8096.00578133521,30,0,0,286,0,0,0
75,34,8,0,9,0,0,0,0,0,0,0
75,35,1,2975.48529541941,1163.54065520257,0,0,0,142,0,0,0
75,35,2,2848.71673643829,995.671148106839,0,0,0,90,0,0,0
75,35,3,2843.2658420034,811.663916597242,0,0,0,84,0,0,0
75,35,4,2809.15509581677,1028.91412213549,0,0,0,141,0,0,0
75,35,5,2987.1716935074,954.455634804771,35,0,0,126,0,0,0
75,35,6,3101.2294582436,1004.69117035283,0,0,0,86,0,0,0
75,35,7,20488.0990932611,12591.9132042287,277,0,0,283,0,0,0
75,35,8,0,9,0,0,0,0,0,0,0
75,36,1,2996.59379588122,434.598625577756,0,0,0,116,0,0,0
75,36,2,2856.75046285723,412.641077901205,0,0,0,99,0,0,0
75,36,3,2843.17744985957,615.184178478539,0,0,0,81,0,0,0
75,36,4,2821.67109075207,1056.46204226273,0,0,0,102,0,0,0
75,36,5,2993.01481635251,1771.17766332961,0,0,0,95,0,0,0
75,36,6,3122.43544944232,1541.84886208548,0,0,0,100,0,0,0
75,36,7,20533.6114365542,12134.5362848701,53,0,0,189,0,0,0
75,36,8,0,9,0,0,0,0,0,0,0
75,37,1,2987.66061216794,1388.01986909652,0,0,0,43,0,0,0
75,37,2,2845.17260771657,1729.83610005322,0,0,0,41,0,0,0
75,37,3,2830.78385200997,961.908873376433,0,0,0,61,0,0,0
75,37,4,2830.89603419194,1394.91336978787,0,0,0,105,0,0,0
75,37,5,3025.93057889057,1996.56991333374,0,0,0,177,0,0,0
75,37,6,3158.60401503848,1444.25523455221,0,0,0,154,0,0,0
75,37,7,20612.5884167475,7449.58930497704,49,0,0,296,0,0,0
75,37,8,0,9,0,0,0,0,0,0,0
75,38,1,3008.37871850112,1044.55750475551,0,0,0,138,0,0,0
75,38,2,2870.70786152777,1455.290729414,8,0,0,156,0,0,0
75,38,3,2821.24944015287,1065.22777519464,0,0,0,96,0,0,0
75,38,4,2846.0825010568,776.087616911903,1,0,0,137,0,0,0
75,38,5,3042.3408993442,1124.81716122927,29,0,0,141,0,0,0
75,38,6,3181.23059796789,756.770450929926,1,0,0,141,0,0,0
75,38,7,20663.8257337651,9901.71924119333,174,1,0,209,0,0,37
75,38,8,0,9,0,0,0,0,0,0,0
75,39,1,3018.48746742676,510.953285973982,0,0,0,104,0,0,0
75,39,2,2885.92070597854,1584.97844045269,0,0,0,145,0,0,0
75,39,3,2824.8995430681,1397.92639373126,0,0,0,106,0,0,0
75,39,4,2841.8794925448,1862.25590394753,0,0,0,77,0,0,0
75,39,5,3053.52752350623,1422.47136130555,0,0,0,112,0,0,0
75,39,6,3189.8440142029,670.262003392679,0,0,0,75,0,0,0
75,39,7,20703.6370522852,9509.65920128636,0,50,0,182,0,0,0
75,39,8,0,9,0,0,0,0,0,0,0
75,40,1,3005.37245082516,862.285756167011,0,0,0,51,0,0,0
75,40,2,2901.68226808419,1102.06573340078,0,5,0,145,0,0,0
75,40,3,2834.22348071903,1884.95346477482,0,0,0,139,0,0,0
75,40,4,2857.93425998713,1051.48540330928,0,7,0,168,0,0,0
75,40,5,3064.45469609375,1864.22859102272,0,0,0,142,0,0,0
75,40,6,3188.93239183362,1696.50771826383,0,0,0,67,0,0,0
75,40,7,20812.4775785502,6516.60334062229,0,231,0,350,0,0,0
75,40,8,0,9,0,0,0,0,0,0,0
75,41,1,2994.64301037681,1761.48733457077,0,0,0,86,0,0,0
75,41,2,2895.13934991315,1274.80964824439,0,0,0,110,0,0,0
75,41,3,2841.10194664232,786.399914439963,0,0,0,188,0,0,0
75,41,4,2853.74963055399,2018.41707287417,0,0,0,105,0,0,0
75,41,5,3080.64917334488,1563.06841754436,0,0,0,183,0,0,0
75,41,6,3221.82850484144,1415.59932085834,0,0,0,169,0,0,0
75,41,7,20847.1887035421,8812.94960366463,33,0,0,183,0,0,0
75,41,8,0,9,0,0,0,0,0,0,0
75,42,1,3003.0572426751,2002.86732559509,0,0,0,176,0,0,0
75,42,2,2887.35105773523,621.62920040663,0,0,0,127,0,0,0
75,42,3,2824.54483663557,1036.41424345413,0,0,0,78,0,0,0
75,42,4,2870.5970718689,1587.63895733537,0,0,0,197,0,0,0
75,42,5,3094.78800763352,1372.41587653062,0,0,0,156,0,0,0
75,42,6,3232.69096469956,908.327920218598,0,0,0,141,0,0,0
75,42,7,20889.0951765021,12182.8554600227,0,33,0,261,0,0,0
75,42,8,0,9,0,0,0,0,0,0,0
75,43,1,3014.73153972828,1009.44549804062,0,17,0,138,0,0,0
75,43,2,2871.23277166694,1296.70054204686,0,0,0,62,0,0,0
75,43,3,2813.17427106029,963.359165423094,0,0,0,103,0,0,0
75,43,4,2875.05410619393,793.995510854176,0,0,0,158,0,0,0
75,43,5,3115.35457332589,2399.63937578724,0,0,0,137,0,0,0
75,43,6,3234.62379674568,967.994431026641,0,0,0,90,0,0,0
75,43,7,20942.436445146,4145.96990233958,3,214,0,196,0,0,0
75,43,8,0,9,0,0,0,0,0,0,0
75,44,1,2990.41723451996,1516.62425412241,0,96,0,4,0,0,0
75,44,2,2854.59059711283,1106.76825543443,0,56,0,73,0,0,0
75,44,3,2783.59261167037,2146.015575343,0,48,0,48,0,0,0
75,44,4,2851.81329264641,926.935583831337,0,38,0,41,0,0,0
75,44,5,3111.07123107646,1791.72633147674,0,132,0,107,0,0,0
75,44,6,3234.23168246728,2319.28287691205,0,46,0,50,0,0,0
75,44,7,20981.569577946,7430.11840987711,0,192,0,222,0,0,0
75,44,8,0,9,0,0,0,0,0,0,0
75,45,1,3029.99296516896,1426.07200953338,0,0,0,151,0,0,0
75,45,2,2861.2708914581,1340.41498597747,0,0,0,110,0,0,0
75,45,3,2817.25276998819,1040.3401305654,1,0,0,182,0,0,0
75,45,4,2851.74363577104,1061.08211172555,0,0,0,92,0,0,0
75,45,5,3164.50160139203,1243.86101357595,0,0,0,179,0,0,0
75,45,6,3302.08896186383,1941.63592900435,1,0,0,206,0,0,0
75,45,7,21086.1819561522,5977.6428756351,28,0,0,248,0,0,0
75,45,8,0,9,0,0,0,0,0,0,0
75,46,1,3042.72212368553,1442.44087111581,0,0,0,142,0,0,0
75,46,2,2863.39067325639,924.732278410657,0,0,0,134,0,0,0
75,46,3,2812.37243251174,1804.20460589187,0,0,0,104,0,0,0
75,46,4,2854.11068283254,1298.92658504636,0,0,0,106,0,0,0
75,46,5,3174.74344463991,773.727968482667,0,0,0,124,0,0,0
75,46,6,3339.25295496084,570.135449779259,0,0,0,192,0,0,0
75,46,7,21119.0870091519,11052.6760022901,32,0,0,193,0,0,0
75,46,8,0,9,0,0,0,0,0,0,0
75,47,1,3054.85259603113,985.434470855142,0,0,0,144,0,0,0
75,47,2,2857.70130834726,1470.57434215623,0,0,0,92,0,0,0
75,47,3,2822.17056476289,1022.6526282736,0,0,0,180,0,0,0
75,47,4,2857.5607392295,1648.27171897412,0,0,0,129,0,0,0
75,47,5,3172.5448471649,1040.90985747483,0,0,0,77,0,0,0
75,47,6,3341.5124104857,1013.53421018047,0,0,0,57,0,0,0
75,47,7,21161.2897280766,11047.6901963516,29,0,0,204,0,0,0
75,47,8,0,9,0,0,0,0,0,0,0
75,48,1,3058.47471062103,1476.13360061621,0,0,0,98,0,0,0
75,48,2,2862.07252865011,1965.78180091734,0,0,0,147,0,0,0
75,48,3,2820.11693000998,1735.2971511513,0,0,0,102,0,0,0
75,48,4,2870.58187571817,467.349569254057,0,0,0,164,0,0,0
75,48,5,3185.72972539317,909.266985596013,0,0,0,104,0,0,0
75,48,6,3358.63918190776,2206.04482213162,0,0,0,101,0,0,0
75,48,7,21212.5323795657,7776.60958213147,26,0,0,212,0,0,0
75,48,8,0,9,0,0,0,0,0,0,0
75,49,1,3080.4935509631,1258.14400598819,0,0,0,147,0,0,0
75,49,2,2870.54142145478,1526.46653698161,8,0,0,164,0,0,0
75,49,3,2831.27153069746,869.27993038349,0,0,0,171,0,0,0
75,49,4,2856.21998027555,703.57797108004,0,0,0,46,0,0,0
75,49,5,3186.46310632138,1291.00211359981,0,0,0,90,0,0,0
75,49,6,3394.43191905492,1485.22852633336,17,0,0,154,0,0,0
75,49,7,21240.4153660617,12276.8547838482,158,0,0,153,0,0,1
75,49,8,0,9,0,0,0,0,0,0,0
75,50,1,3083.88462569902,1145.45336224082,0,0,0,125,0,0,0
75,50,2,2860.23827107494,458.174918725606,0,0,0,152,0,0,0
75,50,3,2811.92651560492,929.244235816573,0,0,0,86,0,0,0
75,50,4,2840.05563157538,529.731061225078,0,0,0,70,0,0,0
75,50,5,3191.18757049525,750.624469576136,0,0,0,129,0,0,0
75,50,6,3417.68259768065,1169.88066830316,0,0,0,148,0,0,0
75,50,7,21287.7389604041,10020.2928189756,0,40,0,240,0,0,0
75,50,8,0,9,0,0,0,0,0,0,0
75,51,1,3085.52113037082,1415.90565259006,0,7,0,106,0,0,0
75,51,2,2830.06012875715,1127.83478132184,0,4,0,41,0,0,0
75,51,3,2802.53112235062,548.347844388681,0,4,0,88,0,0,0
75,51,4,2822.0375581212,1078.33108359195,0,4,0,48,0,0,0
75,51,5,3189.8385868412,990.575191479029,0,0,0,75,0,0,0
75,51,6,3430.02228248554,2048.66628894093,0,24,0,88,0,0,0
75,51,7,21418.1643545212,8204.83838335126,0,455,0,455,0,0,0
75,51,8,0,9,0,0,0,0,0,0,0
75,52,1,3089.34039457562,1260.15437681791,0,3,0,135,0,0,0
75,52,2,2823.55097627534,1063.72371354869,0,0,0,112,0,0,0
75,52,3,2775.57952352599,1117.59832285356,0,0,0,54,0,0,0
75,52,4,2819.35104487223,721.325124582668,0,0,0,107,0,0,0
75,52,5,3198.72025746689,1572.59792503173,0,0,0,99,0,0,0
75,52,6,3457.37873921974,641.005096376291,0,23,0,155,0,0,0
75,52,7,21510.5678389706,7967.6574203702,0,245,0,305,0,0,0
75,52,8,0,9,0,0,0,0,0,0,0
75,53,1,3093.04358322115,1580.47224000928,0,0,0,126,0,0,0
75,53,2,2814.17159894886,1743.49570706123,0,0,0,106,0,0,0
75,53,3,2766.54421527948,723.022737484989,0,0,0,111,0,0,0
75,53,4,2803.73160740421,990.442914993191,0,0,0,72,0,0,0
75,53,5,3221.67127443947,1126.48863020224,0,6,0,141,0,0,0
75,53,6,3465.50587009997,815.775316358826,0,0,0,64,0,0,0
75,53,7,21586.8389432606,15976.5685131189,0,212,0,212,0,0,11
75,53,8,0,9,0,0,0,0,0,0,0
75,54,1,3097.05601687491,967.257220554163,0,0,0,158,0,0,0
75,54,2,2806.43142907486,1276.7074169999,0,0,0,174,0,0,0
75,54,3,2736.39190202259,860.009645312053,0,0,0,72,0,0,0
75,54,4,2790.84452191633,1290.71470315807,0,0,0,99,0,0,0
75,54,5,3220.5339018805,1890.21217312796,0,0,0,112,0,0,0
75,54,6,3470.86258902047,1854.59830869134,0,0,0,81,0,0,0
75,54,7,21634.7057500446,5438.80243897513,0,162,0,245,0,0,0
75,54,8,0,9,0,0,0,0,0,0,0
75,55,1,3089.5913754345,1229.27798701303,0,0,0,96,0,0,0
75,55,2,2796.37636358217,1324.48754757218,0,0,0,127,0,0,0
75,55,3,2716.3525822629,1447.15515658305,0,0,0,86,0,0,0
75,55,4,2794.47404510552,879.482711625111,0,0,0,129,0,0,0
75,55,5,3243.10190223767,1830.92085955793,0,11,0,165,0,0,0
75,55,6,3507.29451040103,1076.73563654958,0,8,0,168,0,0,0
75,55,7,21669.4850776554,12108.7023942643,1,156,0,148,0,0,1
75,55,8,0,9,0,0,0,0,0,0,0
75,56,1,3089.70934135779,1591.74778591645,0,0,0,122,0,0,0
75,56,2,2786.27693160596,512.766245171267,0,0,0,132,0,0,0
75,56,3,2716.14862544511,1049.32244488151,0,0,0,144,0,0,0
75,56,4,2781.48862438941,1359.11315471361,0,0,0,87,0,0,0
75,56,5,3267.44087278765,1728.37005045576,0,3,0,162,0,0,0
75,56,6,3517.90003571268,1133.37211417382,0,0,0,107,0,0,0
75,56,7,21735.2170043112,6208.63109094757,0,153,0,181,0,0,0
75,56,8,0,9,0,0,0,0,0,0,0
75,57,1,3059.57805557948,1251.53759182209,0,156,0,3,0,0,0
75,57,2,2755.60086280762,1613.62571387002,0,23,0,28,0,0,0
75,57,3,2692.48338112942,888.691149770229,0,48,0,56,0,0,0
75,57,4,2771.32297704354,1553.14514247908,0,53,0,82,0,0,0
75,57,5,3266.58851287148,2090.72668598279,0,96,0,76,0,0,0
75,57,6,3518.6995144762,803.26023175868,0,54,0,59,0,0,0
75,57,7,21793.7183180332,9490.67672888533,2,211,0,219,0,0,13
75,57,8,0,9,0,0,0,0,0,0,0
75,58,1,3073.23964692766,1312.83316754186,0,0,0,125,0,0,0
75,58,2,2755.84558759284,1675.93622466117,0,0,0,161,0,0,0
75,58,3,2683.26346775324,490.590326253737,0,0,0,88,0,0,0
75,58,4,2790.14881030331,1501.4237976174,0,0,0,155,0,0,0
75,58,5,3303.47177494077,1462.63013621116,0,0,0,186,0,0,0
75,58,6,3537.72869866789,1150.7612492786,0,0,0,80,0,0,0
75,58,7,21853.3002911275,5500.20639704415,25,0,0,203,0,0,0
75,58,8,0,9,0,0,0,0,0,0,0
75,59,1,3086.70615663857,2123.7292741646,0,0,0,131,0,0,0
75,59,2,2764.51123854174,1571.68756803581,0,0,0,167,0,0,0
75,59,3,2664.36314659458,1671.47922661364,0,0,0,49,0,0,0
75,59,4,2804.66845265056,1058.66430344234,0,0,0,150,0,0,0
75,59,5,3325.21993567317,1719.23852486742,0,0,0,146,0,0,0
75,59,6,3564.33910305017,782.129875849516,0,0,0,115,0,0,0
75,59,7,21889.2776293931,8721.31542855323,95,0,0,196,0,0,0
75,59,8,0,9,0,0,0,0,0,0,0
75,60,1,3106.16676288057,951.993111875214,2,0,0,181,0,0,0
75,60,2,2770.58770815185,1658.62334565201,0,0,0,157,0,0,0
75,60,3,2665.64944423427,1320.10545916587,0,0,0,167,0,0,0
75,60,4,2810.47657250447,1003.57411119025,0,0,0,105,0,0,0
75,60,5,3359.59017839113,1332.97697151094,0,0,0,171,0,0,0
75,60,6,3581.5607291611,1112.76565861646,0,0,0,78,0,0,0
75,60,7,21959.2010022787,11595.8432795343,44,0,0,231,0,0,0
75,60,8,0,9,0,0,0,0,0,0,0
75,61,1,3102.75586447526,1178.41856471133,0,0,0,95,0,0,0
75,61,2,2775.52378543285,1148.03660678684,0,0,0,165,0,0,0
75,61,3,2663.0626238805,1230.73595617232,0,0,0,132,0,0,0
75,61,4,2808.24391019251,562.155157979342,0,0,0,100,0,0,0
75,61,5,3370.15543177302,846.756218757688,0,0,0,133,0,0,0
75,61,6,3604.01103326914,1501.44874541888,0,0,0,111,0,0,0
75,61,7,22024.5199229713,5812.14069255174,33,0,0,223,0,0,0
75,61,8,0,9,0,0,0,0,0,0,0
75,62,1,3106.47549629244,2150.12060018842,0,0,0,117,0,0,0
75,62,2,2770.8435923163,993.42380175589,0,0,0,114,0,0,0
75,62,3,2659.74071753821,1382.38328565572,0,0,0,123,0,0,0
75,62,4,2790.73297784124,624.994021738324,0,0,0,56,0,0,0
75,62,5,3374.13644663706,1728.29910471015,0,0,0,84,0,0,0
75,62,6,3627.54382268228,2035.22698220559,1,0,0,146,0,0,0
75,62,7,22056.9563637512,11068.9789717124,129,0,0,153,0,0,0
75,62,8,0,9,0,0,0,0,0,0,0
75,63,1,3139.32660228344,1182.40535784346,0,0,0,215,0,0,0
75,63,2,2769.95942958419,1007.65663096994,0,0,0,99,0,0,0
75,63,3,2665.46973238362,1021.46860837591,0,0,0,138,0,0,0
75,63,4,2777.48995039969,1033.50097954004,0,0,0,62,0,0,0
75,63,5,3410.7287965099,1202.3087812182,0,0,0,172,0,0,0
75,63,6,3671.15835807586,994.081606021493,0,0,0,202,0,0,0
75,63,7,22127.4650355008,8943.21008525925,0,31,0,199,0,0,0
75,63,8,0,9,0,0,0,0,0,0,0
75,64,1,3119.29757624382,705.966602030575,0,71,0,47,0,0,0
75,64,2,2748.07945469722,322.205706931051,0,54,0,46,0,0,0
75,64,3,2637.41999591507,311.701948245449,0,66,0,36,0,0,0
75,64,4,2762.50780531769,782.003039216645,0,46,0,57,0,0,0
75,64,5,3396.72020503484,1159.50655853069,0,56,0,64,0,0,0
75,64,6,3671.44694154451,1881.82296473223,0,41,0,58,0,0,0
75,64,7,22194.2430665648,12667.8423166181,4,316,0,275,0,0,0
75,64,8,0,9,0,0,0,0,0,0,0
75,65,1,3119.14050167904,697.472156981803,0,0,0,70,0,0,0
75,65,2,2728.24012019433,875.77210515231,0,0,0,32,0,0,0
75,65,3,2618.49231353755,635.496569933415,0,0,0,31,0,0,0
75,65,4,2758.19392895949,745.304722688565,0,0,0,78,0,0,0
75,65,5,3407.6179506137,1808.49185519159,0,0,0,115,0,0,0
75,65,6,3717.5142112848,1559.72728392827,0,0,0,188,0,0,0
75,65,7,22254.981237752,4321.74213144437,21,3,0,304,0,0,0
75,65,8,0,9,0,0,0,0,0,0,0
75,66,1,3103.06779582948,688.352830033549,50,0,0,19,0,0,0
75,66,2,2706.45163183089,379.727598212584,46,0,0,41,0,0,0
75,66,3,2594.78789787841,1171.65691492381,32,0,0,31,0,0,0
75,66,4,2737.04206193566,1243.38988677852,41,0,0,33,0,0,0
75,66,5,3415.71492796439,1699.36003980197,96,0,0,84,0,0,0
75,66,6,3731.30021145253,1532.59880202268,82,0,0,73,0,0,0
75,66,7,22278.3638745426,4748.14343194516,149,1,0,169,0,0,8
75,66,8,0,9,0,0,0,0,0,0,0
75,67,1,3100.64570610865,1603.66325025895,0,0,0,68,0,0,0
75,67,2,2688.29084726485,885.611962115343,0,0,0,37,0,0,0
75,67,3,2590.16765765014,1436.8710590792,0,0,0,117,0,0,0
75,67,4,2742.37084218989,1434.03522366291,0,0,0,124,0,0,0
75,67,5,3445.39920894881,1121.84379607415,2,0,0,159,0,0,0
75,67,6,3773.02019862298,922.682646113674,1,0,0,150,0,0,0
75,67,7,22281.9558967723,5266.71198319613,101,0,0,160,0,0,0
75,67,8,0,9,0,0,0,0,0,0,0
75,68,1,3111.28358479582,642.060576713082,1,0,0,156,0,0,0
75,68,2,2680.82737007951,787.459471245745,0,0,0,88,0,0,0
75,68,3,2579.36941646371,1205.26326537245,2,0,0,133,0,0,0
75,68,4,2755.16262710242,1527.92596597787,0,0,0,143,0,0,0
75,68,5,3460.19492384564,1163.27113755843,0,0,0,112,0,0,0
75,68,6,3798.12962249706,2480.75252154928,0,0,0,92,0,0,0
75,68,7,22287.529403107,10585.3370595914,86,0,0,182,0,0,0
75,68,8,0,9,0,0,0,0,0,0,0
75,69,1,3098.33143051176,1636.47504902063,0,0,0,64,0,0,0
75,69,2,2668.03269429484,1753.41584419504,0,0,0,78,0,0,0
75,69,3,2575.19555825123,1277.56640171075,0,0,0,120,0,0,0
75,69,4,2768.49553907151,1770.71767829782,0,0,0,152,0,0,0
75,69,5,3477.35347756315,1208.53578714791,0,0,0,116,0,0,0
75,69,6,3865.14208569153,547.368904419321,0,0,0,248,0,0,0
75,69,7,22325.5461175108,9745.34710335071,0,33,0,252,0,0,0
75,69,8,0,9,0,0,0,0,0,0,0
75,70,1,3085.23917502043,1303.73394116614,0,106,0,57,0,0,0
75,70,2,2663.73904582017,1397.92925094691,0,95,0,80,0,0,0
75,70,3,2563.29522888417,945.201394723735,0,64,0,63,0,0,0
75,70,4,2767.18435505941,668.491680395033,0,98,0,79,0,0,0
75,70,5,3492.27696311205,824.243615787709,0,67,0,53,0,0,0
75,70,6,3860.75948916561,2210.01152069525,0,34,0,20,0,0,0
75,70,7,22450.0801959847,12710.6449918974,2,336,0,287,0,0,0
75,70,8,0,9,0,0,0,0,0,0,0
75,71,1,3096.37338079388,838.570305402947,0,0,0,130,0,0,0
75,71,2,2671.3643577373,954.870817733818,0,0,0,139,0,0,0
75,71,3,2568.38694586063,1145.57813440773,0,0,0,94,0,0,0
75,71,4,2768.28139877948,1129.55609460856,0,0,0,66,0,0,0
75,71,5,3505.08761134249,903.41661458955,0,0,0,82,0,0,0
75,71,6,3908.10852571718,1233.10741680039,0,0,0,206,0,0,0
75,71,7,22477.6589049194,8265.6275690025,30,0,0,186,0,0,0
75,71,8,0,9,0,0,0,0,0,0,0
75,72,1,3108.1467364486,1438.48762327262,0,0,0,83,0,0,0
75,72,2,2690.48062814284,645.410673293425,0,0,0,95,0,0,0
75,72,3,2592.34586974191,346.704574023102,0,0,0,114,0,0,0
75,72,4,2787.06288507728,787.095407323189,0,0,0,112,0,0,0
75,72,5,3540.14110775485,391.75081655132,0,0,0,90,0,0,0
75,72,6,3950.79321531398,1109.86770062623,0,0,0,123,0,0,0
75,72,7,22627.2785894497,12707.2899980805,61,0,0,269,0,0,0
75,72,8,0,9,0,0,0,0,0,0,0
75,73,1,3132.32406283954,1265.59936905052,0,0,0,143,0,0,0
75,73,2,2683.8707635817,1161.05360845859,0,0,0,64,0,0,0
75,73,3,2583.47700949929,589.433474378509,0,0,0,34,0,0,0
75,73,4,2788.83190876238,914.874949946532,0,0,0,78,0,0,0
75,73,5,3540.95994025538,1552.81518289878,0,0,0,39,0,0,0
75,73,6,3983.0234404026,1643.84465211753,0,0,0,110,0,0,0
75,73,7,22669.0353427313,9761.66207186909,39,0,0,209,0,0,0
75,73,8,0,9,0,0,0,0,0,0,0
75,74,1,3154.90753122544,1530.30040155954,0,0,0,126,0,0,0
75,74,2,2694.62967976597,641.568385927145,0,0,0,116,0,0,0
75,74,3,2587.70452274919,773.382733346018,0,0,0,58,0,0,0
75,74,4,2799.73398967654,1258.95073808303,0,0,0,91,0,0,0
75,74,5,3598.02834379462,1144.09258107747,0,0,0,155,0,0,0
75,74,6,4032.14028095522,2626.09238189447,0,0,0,164,0,0,0
75,74,7,22783.4271021396,7658.29678797794,139,0,0,239,0,0,0
75,74,8,0,9,0,0,0,0,0,0,0
75,75,1,3173.09784711921,1763.15363091606,11,0,0,135,0,0,0
75,75,2,2696.45173760244,863.903615138711,0,0,0,64,0,0,0
75,75,3,2588.83017576148,1347.10140420845,0,0,0,77,0,0,0
75,75,4,2819.33078447305,1585.39796208306,0,0,0,125,0,0,0
75,75,5,3621.46499159458,2146.9410558581,0,0,0,114,0,0,0
75,75,6,4083.97584088897,1547.95712692499,73,0,0,145,0,0,0
75,75,7,22929.6770815658,2959.23685608062,267,0,0,338,0,0,0
75,75,8,0,9,0,0,0,0,0,0,0
75,76,1,3150.40435537989,1765.67950067067,174,0,0,2,0,0,0
75,76,2,2683.7747603437,841.446983035233,35,0,0,51,0,0,0
75,76,3,2578.82256586456,868.986676398943,71,0,0,63,0,0,0
75,76,4,2819.52235961911,1054.45551753566,78,0,0,80,0,0,0
75,76,5,3636.88608679092,684.887709034112,106,0,0,108,0,0,0
75,76,6,4097.17058405138,1491.89481413967,76,0,0,78,0,0,0
75,76,7,22961.4195474295,6964.59964408201,146,0,0,149,0,0,0
75,76,8,0,9,0,0,0,0,0,0,0
75,77,1,3198.82994745653,1486.59441092109,0,0,0,176,0,0,0
75,77,2,2688.98348441574,1501.15270667121,0,0,0,84,0,0,0
75,77,3,2590.11393578056,510.456703392323,0,0,0,86,0,0,0
75,77,4,2837.83832905235,1355.81288069929,0,0,0,105,0,0,0
75,77,5,3662.77327835061,736.114508613995,0,0,0,68,0,0,0
75,77,6,4167.61538832975,1543.5916192507,0,0,0,149,0,0,0
75,77,7,22998.4290021287,12221.2392476757,40,0,0,166,0,0,0
75,77,8,0,9,0,0,0,0,0,0,0
75,78,1,3228.15785504339,1590.13262242607,0,0,0,148,0,0,0
75,78,2,2707.31315592027,1205.37923923647,0,0,0,150,0,0,0
75,78,3,2582.28130863347,2037.21794280769,0,0,0,51,0,0,0
75,78,4,2856.43795259741,1287.15577405151,0,0,0,135,0,0,0
75,78,5,3679.99643407303,614.793616509119,0,0,0,73,0,0,0
75,78,6,4222.97853582103,1109.74219322883,0,0,0,154,0,0,0
75,78,7,23048.8251639627,10472.3665379349,31,0,0,215,0,0,0
75,78,8,0,9,0,0,0,0,0,0,0
75,79,1,3256.49211419037,1267.31791456153,0,0,0,159,0,0,0
75,79,2,2710.94390383546,1647.77805687603,0,0,0,120,0,0,0
75,79,3,2603.33672994624,1004.14556636256,0,0,0,196,0,0,0
75,79,4,2886.68417466838,1051.51425040523,0,0,0,128,0,0,0
75,79,5,3698.7311189374,1194.55376821485,0,0,0,61,0,0,0
75,79,6,4256.52778821616,1406.40479423539,0,0,0,110,0,0,0
75,79,7,23099.7033290728,10027.7334830005,29,0,0,193,0,0,0
75,79,8,0,9,0,0,0,0,0,0,0
75,80,1,3273.11194767489,956.700055445094,0,0,0,126,0,0,0
75,80,2,2718.22446426036,1167.10097676715,0,0,0,164,0,0,0
75,80,3,2607.74827845232,1818.79361477059,0,0,0,100,0,0,0
75,80,4,2892.37003134068,596.646761352948,0,0,0,105,0,0,0
75,80,5,3729.33535430534,1722.39431798573,0,0,0,119,0,0,0
75,80,6,4300.34171231975,1397.95160098669,0,0,0,140,0,0,0
75,80,7,23103.965678169,6663.3146270554,0,80,0,192,0,0,0
75,80,8,0,9,0,0,0,0,0,0,0
75,81,1,3251.35756326383,1816.48515905156,0,82,0,13,0,0,0
75,81,2,2701.75158115636,1515.90637160895,0,64,0,52,0,0,0
75,81,3,2607.04609591139,831.656582501473,0,80,0,101,0,0,0
75,81,4,2873.5125242818,1092.73046344659,0,32,0,27,0,0,0
75,81,5,3745.78185327162,1750.40316117444,0,75,0,97,0,0,0
75,81,6,4313.43604536829,1981.98196000248,0,56,0,83,0,0,0
75,81,7,23094.8288698615,13045.3565274058,4,155,0,167,0,0,8
75,81,8,0,9,0,0,0,0,0,0,0
75,82,1,3284.32569289158,2435.74957903979,0,0,0,181,0,0,0
75,82,2,2716.47218572302,1882.62994377994,0,0,0,151,0,0,0
75,82,3,2615.1143268546,1406.73256933618,0,0,0,83,0,0,0
75,82,4,2882.52987595455,1793.20709805178,0,0,0,109,0,0,0
75,82,5,3790.48805773278,1916.34030963999,0,0,0,175,0,0,0
75,82,6,4381.2893698917,937.748077008724,0,0,0,198,0,0,0
75,82,7,23143.3916873261,11100.7216364529,26,0,0,287,0,0,0
75,82,8,0,9,0,0,0,0,0,0,0
75,83,1,3331.60366550375,2159.63610165744,0,0,0,195,0,0,0
75,83,2,2746.31840229311,1179.32115484318,0,0,0,188,0,0,0
75,83,3,2630.02305918199,637.725226012032,0,0,0,140,0,0,0
75,83,4,2923.27349330461,1417.64010921568,0,0,0,179,0,0,0
75,83,5,3854.64964599692,1475.6086734811,0,0,0,188,0,0,0
75,83,6,4425.22408611028,1705.40542907835,0,0,0,93,0,0,0
75,83,7,23249.962886535,5137.93656762891,17,1,0,271,0,0,2
75,83,8,0,9,0,0,0,0,0,0,0
75,84,1,3357.05686337896,1444.27160608547,69,0,0,133,0,0,0
75,84,2,2759.79933219839,1232.70945272891,9,0,0,107,0,0,0
75,84,3,2622.63468496267,1043.23390346333,2,0,0,61,0,0,0
75,84,4,2941.35977770891,1091.32877508649,13,0,0,126,0,0,0
75,84,5,3875.61460468162,973.321344479501,34,0,0,106,0,0,0
75,84,6,4474.31568810624,2146.81542505547,47,0,0,114,0,0,0
75,84,7,23289.1123910888,11082.3542285875,239,0,0,224,0,0,0
75,84,8,0,9,0,0,0,0,0,0,0
75,85,1,3376.86892337148,1357.18709815598,0,0,0,144,0,0,0
75,85,2,2756.62886832284,1536.94738418679,0,0,0,123,0,0,0
75,85,3,2620.36852108507,874.899134869875,0,0,0,104,0,0,0
75,85,4,2939.56173781946,1312.01421987128,0,0,0,109,0,0,0
75,85,5,3882.22236862668,1741.71576262073,0,0,0,97,0,0,0
75,85,6,4535.40055204688,2227.0572988527,1,0,0,184,0,0,0
75,85,7,23313.2564451383,6113.24126381763,44,0,0,177,0,0,0
75,85,8,0,9,0,0,0,0,0,0,0
75,86,1,3392.03400867757,1660.04020714761,0,0,0,135,0,0,0
75,86,2,2766.78190167697,1364.37374964769,0,0,0,153,0,0,0
75,86,3,2621.17082044605,684.312676154812,0,0,0,87,0,0,0
75,86,4,2951.51680408924,1885.90672806193,0,0,0,131,0,0,0
75,86,5,3914.23020150984,1240.2534947566,0,0,0,174,0,0,0
75,86,6,4595.09353627434,1912.4514520356,9,0,0,168,0,0,0
75,86,7,23341.510012539,9318.05085056535,74,0,0,182,0,0,0
75,86,8,0,9,0,0,0,0,0,0,0
75,87,1,3425.39929824536,842.279489962891,0,0,0,166,0,0,0
75,87,2,2781.1416975465,1358.47894232845,0,0,0,136,0,0,0
75,87,3,2616.82279047296,1201.85258462187,0,0,0,68,0,0,0
75,87,4,2981.00601594421,447.041442722681,0,0,0,188,0,0,0
75,87,5,3960.40655668528,977.586684315011,0,0,0,124,0,0,0
75,87,6,4679.77534187092,1175.01823660486,1,0,0,175,0,0,0
75,87,7,23394.0710604196,9258.17060652258,45,0,0,202,0,0,0
75,87,8,0,9,0,0,0,0,0,0,0
75,88,1,3421.47222633642,2405.9552600594,0,0,0,84,0,0,0
75,88,2,2793.2205667282,518.757395896952,0,0,0,135,0,0,0
75,88,3,2622.95756775029,874.379107305912,0,0,0,120,0,0,0
75,88,4,2969.22923778509,1153.7797017999,0,0,0,44,0,0,0
75,88,5,3980.0487072151,1694.44748136421,0,0,0,97,0,0,0
75,88,6,4713.24385547463,2763.29412570879,0,0,0,117,0,0,0
75,88,7,23414.4805843689,11823.0735624855,0,59,0,155,0,0,0
75,88,8,0,9,0,0,0,0,0,0,0
75,89,1,3419.46053865794,1468.89025209231,0,133,0,94,0,0,0
75,89,2,2788.30491457757,938.095327609467,0,7,0,44,0,0,0
75,89,3,2614.3361481659,1331.2874831669,0,14,0,72,0,0,0
75,89,4,2959.14746487274,1446.89967174633,0,53,0,57,0,0,0
75,89,5,4020.96214939254,1933.15621696399,0,51,0,113,0,0,0
75,89,6,4758.80810985114,1033.19279871227,0,142,0,120,0,0,0
75,89,7,23567.9690064388,9768.50383403578,7,253,0,271,0,0,0
75,89,8,0,9,0,0,0,0,0,0,0
75,90,1,3450.30614395098,1661.3261641529,0,0,0,146,0,0,0
75,90,2,2790.79187990688,1531.4718960886,0,0,0,93,0,0,0
75,90,3,2615.11754061161,714.126311146402,0,0,0,133,0,0,0
75,90,4,2975.69130928333,1049.94189266389,0,0,0,144,0,0,0
75,90,5,4072.33291708783,1893.56773406367,0,0,0,186,0,0,0
75,90,6,4811.67888605879,2739.41469419058,0,0,0,103,0,0,0
75,90,7,23649.8207673326,12073.879491756,26,0,0,258,0,0,0
75,90,8,0,9,0,0,0,0,0,0,0
75,91,1,3497.0191640683,2087.04983289047,0,0,0,166,0,0,0
75,91,2,2818.54304981047,931.396363311057,0,0,0,153,0,0,0
75,91,3,2613.31588715365,1054.16211128696,0,0,0,71,0,0,0
75,91,4,2987.38275992526,1418.51858278375,0,0,0,104,0,0,0
75,91,5,4160.14224322819,2090.49931062595,0,0,0,189,0,0,0
75,91,6,4921.7604347763,2983.39178230277,0,0,0,201,0,0,3
75,91,7,23760.0329174183,10649.1459233778,23,1,0,202,0,0,0
75,91,8,0,9,0,0,0,0,0,0,0
75,92,1,3554.61582282974,2038.7881107594,0,0,0,195,0,0,0
75,92,2,2832.4574564845,689.095884721926,0,0,0,93,0,0,0
75,92,3,2623.22595273245,1051.36392230259,0,0,0,105,0,0,0
75,92,4,3013.71516047191,806.13581823097,0,0,0,141,0,0,0
75,92,5,4264.77738983408,2245.46445628458,0,0,0,204,0,0,0
75,92,6,5042.56759243103,3140.91847543603,4,0,0,196,0,0,0
75,92,7,23877.1845020077,6877.07111709132,37,0,0,214,0,0,0
75,92,8,0,9,0,0,0,0,0,0,0
75,93,1,3609.76490523105,1032.15405305841,2,0,0,187,0,0,0
75,93,2,2826.2557729421,991.203402060056,0,0,0,68,0,0,0
75,93,3,2642.37098307952,1160.3503137168,0,0,0,105,0,0,0
75,93,4,3014.35213860495,1269.93158556309,0,0,0,80,0,0,0
75,93,5,4309.80944634091,1288.97811098421,8,0,0,169,0,0,0
75,93,6,5154.79297552191,2556.16679149475,13,0,0,218,0,0,0
75,93,7,23957.2291190262,5898.62229197076,75,0,0,168,0,0,0
75,93,8,0,9,0,0,0,0,0,0,0
75,94,1,3623.47292465749,2442.39188780037,0,0,0,103,0,0,0
75,94,2,2822.50159113385,1468.95488295687,0,0,0,99,0,0,0
75,94,3,2650.1191918564,592.376213213727,0,0,0,116,0,0,0
75,94,4,3018.98425346883,1401.87304076242,0,0,0,126,0,0,0
75,94,5,4337.25378452887,1147.30289059014,0,0,0,128,0,0,0
75,94,6,5242.16752124007,2382.79767236981,42,0,0,150,0,0,0
75,94,7,24012.3984581756,6179.31960838683,158,0,0,188,0,0,0
75,94,8,0,9,0,0,0,0,0,0,0
75,95,1,3641.41017556568,1761.0138339638,95,0,0,111,0,0,0
75,95,2,2824.64728664062,1110.43039717388,24,0,0,113,0,0,0
75,95,3,2638.51193847791,689.620465916234,0,0,0,59,0,0,0
75,95,4,3035.16083132732,944.436086979539,0,0,0,140,0,0,0
75,95,5,4370.71671549033,1424.99029891668,0,0,0,114,0,0,0
75,95,6,5345.17403046404,1955.76551123149,66,0,0,145,0,0,0
75,95,7,24092.2016773404,15320.6792071142,221,1,0,200,0,0,6
75,95,8,0,9,0,0,0,0,0,0,0
75,96,1,3657.69642145386,417.114884071705,0,0,0,176,0,0,0
75,96,2,2820.08226501827,1375.86699049837,0,0,0,111,0,0,0
75,96,3,2614.75280306708,577.764998835849,0,0,0,68,0,0,0
75,96,4,3014.18133831693,830.864566242873,0,0,0,94,0,0,0
75,96,5,4368.02613342145,2706.65524664889,0,0,0,142,0,0,0
75,96,6,5384.50526084998,1483.89487886359,0,0,0,195,0,0,0
75,96,7,24132.4348585154,8417.92359271419,42,0,0,223,0,0,0
75,96,8,0,9,0,0,0,0,0,0,0
75,97,1,3631.84004225487,329.868145698205,0,19,0,22,0,0,0
75,97,2,2809.36220658374,1403.99599895233,0,66,0,71,0,0,0
75,97,3,2589.17617758749,1006.02611867943,0,23,0,34,0,0,0
75,97,4,2991.99580114856,1652.42467533148,0,31,0,52,0,0,0
75,97,5,4415.5606548494,2977.79307429124,0,124,0,146,0,0,0
75,97,6,5381.41378152864,1516.32527446468,0,65,0,83,0,0,0
75,97,7,24381.1626583209,14777.7969806379,0,347,0,362,0,0,2
75,97,8,0,9,0,0,0,0,0,0,0
75,98,1,3615.34574211499,687.766780842881,0,0,0,32,0,0,0
75,98,2,2829.36611144101,1308.825991091,0,0,0,140,0,0,0
75,98,3,2593.25328971531,1730.52558758936,0,0,0,100,0,0,0
75,98,4,3015.89985540102,890.498722946198,0,0,0,165,0,0,0
75,98,5,4495.83927834372,1853.57310889279,2,0,0,192,0,0,0
75,98,6,5448.78199874339,2879.40321285682,0,0,0,151,0,0,0
75,98,7,24468.0876140357,9776.14381126566,30,0,0,208,0,0,0
75,98,8,0,9,0,0,0,0,0,0,0
75,99,1,3620.36601308775,1289.73848712011,0,0,0,68,0,0,0
75,99,2,2838.38771570865,1543.55091861645,0,0,0,130,0,0,0
75,99,3,2631.95053044064,767.714293331908,0,0,0,172,0,0,0
75,99,4,3028.51174748837,1355.31881432403,0,0,0,89,0,0,0
75,99,5,4637.07985130796,1898.39280511618,0,0,0,185,0,0,0
75,99,6,5552.18835980281,1952.51692052114,5,0,0,171,0,0,0
75,99,7,24693.2911460629,5212.36252051192,32,0,0,292,0,0,0
75,99,8,0,9,0,0,0,0,0,0,0
75,100,1,3644.23163678653,1841.24897365051,0,0,0,128,0,0,0
75,100,2,2843.05762171784,1555.39828711638,7,0,0,135,0,0,0
75,100,3,2626.37608593754,1442.32957310836,0,0,0,76,0,0,0
75,100,4,3036.79649064853,1855.23510695745,0,0,0,135,0,0,0
75,100,5,4680.15785379319,1052.07006801584,16,0,0,149,0,0,0
75,100,6,5622.98151170896,2675.96321717758,17,0,0,152,0,0,0
75,100,7,24753.3597443923,13684.7601984656,131,0,0,193,0,0,0
75,100,8,0,9,0,0,0,0,0,0,0
76,1,1,2883.552,1521.01830477925,0,0,0,97,0,0,0
76,1,2,2873.888,1023.93200611607,0,0,0,61,0,0,0
76,1,3,2870.824,1254.15601511449,0,0,0,34,0,0,0
76,1,4,2885.79999999999,749.021815071166,0,0,0,94,0,0,0
76,1,5,2879.312,1379.61224485759,0,0,0,74,0,0,0
76,1,6,2863.288,1399.94526528966,0,0,0,9,0,0,0
76,1,7,19746.9311999999,7007.71235764476,0,0,0,55,0,0,0
76,1,8,0,3,0,0,0,98,0,0,0
76,2,1,2897.96,1498.66550018029,0,0,0,152,0,0,0
76,2,2,2881.744,868.666808907425,0,0,0,102,0,0,0
76,2,3,2881.96,703.476965192642,0,0,0,125,0,0,0
76,2,4,2889.23199999999,1503.83627438463,0,0,0,74,0,0,0
76,2,5,2891.9376,1377.23860811897,0,0,0,137,0,0,0
76,2,6,2877.7664,1618.80977272436,0,0,0,139,0,0,0
76,2,7,19705.8300799999,10448.9964313683,10,7,0,259,0,0,0
76,2,8,0,3,0,0,0,0,0,0,0
76,3,1,2915.288,1274.78207141248,0,0,0,149,0,0,0
76,3,2,2883.096,1591.51101588291,0,0,0,86,0,0,0
76,3,3,2880.712,1204.70703718317,0,0,0,70,0,0,0
76,3,4,2909.87199999999,665.7131824832,0,0,0,150,0,0,0
76,3,5,2905.1328,1986.42994076184,0,0,0,137,0,0,0
76,3,6,2895.016,559.76285973112,0,0,0,161,0,0,0
76,3,7,19652.0444799998,5774.87032463458,0,39,0,214,0,0,0
76,3,8,0,3,0,0,0,0,0,0,0
76,4,1,2926.4352,1109.18213145905,0,0,0,127,0,0,0
76,4,2,2903.1152,1605.77971267182,0,0,0,159,0,0,0
76,4,3,2890.2016,1722.50478210254,0,0,0,120,0,0,0
76,4,4,2908.32799999999,791.616215278535,0,0,0,66,0,0,0
76,4,5,2924.73248,1383.56883850059,3,0,0,166,0,0,0
76,4,6,2891.704,1383.94454767756,0,0,0,55,0,0,0
76,4,7,19605.9914239998,4009.03804074518,28,0,0,231,0,0,0
76,4,8,0,3,0,0,0,0,0,0,0
76,5,1,2918.775744,654.018992049316,0,53,0,57,0,0,0
76,5,2,2901.54432,1458.06725566266,0,87,0,73,0,0,0
76,5,3,2892.6496,383.08688968078,0,78,0,94,0,0,0
76,5,4,2899.23199999999,1315.09417110867,0,39,0,40,0,0,0
76,5,5,2921.44128,1448.96048748781,0,75,0,63,0,0,0
76,5,6,2889.4576,1109.96266282505,0,66,0,72,0,0,0
76,5,7,19540.6442239997,12046.2120923119,0,196,0,204,0,0,0
76,5,8,0,3,0,0,0,0,0,0,0
76,6,1,2925.142464,1611.34712629394,0,0,0,65,0,0,0
76,6,2,2924.96416,1453.54768588555,0,0,0,145,0,0,0
76,6,3,2896.9856,1371.2268125688,0,0,0,38,0,0,0
76,6,4,2922.02719999999,1750.78243270967,0,0,0,131,0,0,0
76,6,5,2945.56608,987.895732674855,0,0,0,144,0,0,0
76,6,6,2904.6304,1465.64732254925,0,0,0,110,0,0,0
76,6,7,19512.3722239997,7618.62678132664,28,0,0,212,0,0,0
76,6,8,0,3,0,0,0,0,0,0,0
76,7,1,2948.0508928,1477.86686967905,0,0,0,160,0,0,0
76,7,2,2950.34976,699.614103464911,0,0,0,145,0,0,0
76,7,3,2920.4752,735.942400555683,0,0,0,137,0,0,0
76,7,4,2955.59519999999,1222.70091516638,0,0,0,175,0,0,0
76,7,5,2962.07968,1681.87303010861,0,0,0,98,0,0,0
76,7,6,2928.61472,996.586586356526,0,0,0,146,0,0,0
76,7,7,19485.5610239996,7057.12987096797,63,0,0,223,0,0,0
76,7,8,0,3,0,0,0,0,0,0,0
76,8,1,2964.1721728,1013.38548056013,0,0,0,147,0,0,0
76,8,2,2956.14976,783.621687956549,0,0,0,69,0,0,0
76,8,3,2928.16672,1214.25572741584,0,0,0,73,0,0,0
76,8,4,2975.53279999999,1894.70329813922,0,0,0,122,0,0,0
76,8,5,2987.19776,513.095162603894,0,0,0,168,0,0,0
76,8,6,2940.848,1281.10331881745,0,0,0,99,0,0,0
76,8,7,19450.0746239996,7376.41354066945,95,0,0,191,0,0,0
76,8,8,0,3,0,0,0,0,0,0,0
76,9,1,2971.5987328,1023.19766908701,0,0,0,101,0,0,0
76,9,2,2958.67456,1279.21727995959,0,0,0,78,0,0,0
76,9,3,2943.31136,903.644715105028,0,0,0,121,0,0,0
76,9,4,3007.909504,1314.91437848682,1,0,0,181,0,0,0
76,9,5,2992.967936,1379.03185777144,0,0,0,51,0,0,0
76,9,6,2957.47008,1174.45520588216,0,0,0,128,0,0,0
76,9,7,19414.5408639995,7693.17410677923,123,0,0,175,0,0,0
76,9,8,0,3,0,0,0,0,0,0,0
76,10,1,2978.2601088,1366.50824993918,0,0,0,102,0,0,0
76,10,2,2974.062784,1666.94962172438,0,0,0,127,0,0,0
76,10,3,2953.67744,909.939805157274,0,0,0,90,0,0,0
76,10,4,3032.9228288,1029.83861379505,0,0,0,131,0,0,0
76,10,5,3017.861568,1107.89062905278,0,0,0,137,0,0,0
76,10,6,2975.93926400001,410.083038718073,0,0,0,117,0,0,0
76,10,7,19388.2339199994,4766.39152917738,91,0,0,179,0,0,0
76,10,8,0,3,0,0,0,0,0,0,0
76,11,1,2992.85157376001,935.595217386465,1,0,0,134,0,0,0
76,11,2,2993.60884480001,1563.00004883456,1,0,0,162,0,0,0
76,11,3,2961.31488,1044.54384038112,0,0,0,90,0,0,0
76,11,4,3042.88736,1061.06342821183,0,0,0,102,0,0,0
76,11,5,3028.4432,1854.90186267884,0,0,0,110,0,0,0
76,11,6,2971.02438400001,1057.53103746165,0,0,0,41,0,0,0
76,11,7,19360.3363327993,10615.408873117,115,0,0,176,0,0,1
76,11,8,0,3,0,0,0,0,0,0,0
76,12,1,2993.38213376001,1037.30866224589,0,0,0,93,0,0,0
76,12,2,3006.60558080001,1870.13850829523,0,0,0,156,0,0,0
76,12,3,2964.57850880001,1086.87718594151,0,0,0,104,0,0,0
76,12,4,3049.08608,1190.97557552971,0,0,0,106,0,0,0
76,12,5,3049.385536,1090.5021515737,0,0,0,174,0,0,0
76,12,6,2973.97771520001,1254.57498951935,0,0,0,105,0,0,0
76,12,7,19343.0178047993,6839.3784953189,36,0,0,242,0,0,0
76,12,8,0,3,0,0,0,0,0,0,0
76,13,1,2988.44708096001,1536.22896709805,0,53,0,50,0,0,0
76,13,2,3010.94524416001,1714.97240190002,0,90,0,97,0,0,0
76,13,3,2959.12980480001,1244.13433996132,0,55,0,53,0,0,0
76,13,4,3045.37248,1914.28652932556,0,51,0,68,0,0,0
76,13,5,3043.150528,1420.46408156491,0,68,0,41,0,0,0
76,13,6,2965.40043520001,1200.11077884579,0,87,0,38,0,0,0
76,13,7,19319.4346439672,4178.81379410423,5,224,0,225,0,0,0
76,13,8,0,3,0,0,0,0,0,0,0
76,14,1,3024.46876211201,1001.23945103018,0,0,0,153,0,0,0
76,14,2,3053.86415626241,1925.42461475293,0,0,0,171,0,0,0
76,14,3,2987.05717760001,748.868831547703,0,0,0,124,0,0,0
76,14,4,3089.54083328,1159.76309158833,0,0,0,191,0,0,0
76,14,5,3077.790784,1114.82853763961,0,0,0,142,0,0,0
76,14,6,2992.28483840001,2057.73028455294,0,0,0,120,0,0,0
76,14,7,19329.3213639672,10536.2572111737,47,0,0,168,0,0,0
76,14,8,0,3,0,0,0,0,0,0,0
76,15,1,3037.44783411201,1094.41098697269,0,0,0,100,0,0,0
76,15,2,3086.09068810241,1301.93152052912,0,0,0,192,0,0,0
76,15,3,2992.18293760001,1232.19393862669,0,0,0,74,0,0,0
76,15,4,3107.73938944,1295.84127539873,0,0,0,115,0,0,0
76,15,5,3096.02007296,1310.64791798334,0,0,0,111,0,0,0
76,15,6,3030.82281984001,1689.94374553172,0,0,0,205,0,0,0
76,15,7,19336.1738439672,6997.77495933858,29,0,0,226,0,0,0
76,15,8,0,3,0,0,0,0,0,0,0
76,16,1,3055.94365091841,847.825888049685,0,0,0,109,0,0,0
76,16,2,3111.39002890241,1390.63254323863,0,0,0,130,0,0,0
76,16,3,3014.35255040001,2036.29097452882,0,0,0,123,0,0,0
76,16,4,3134.371525632,1241.08752792702,0,0,0,129,0,0,0
76,16,5,3126.8276071424,957.749604447811,0,0,0,131,0,0,0
76,16,6,3065.91116544001,2013.78004569461,4,0,0,147,0,0,0
76,16,7,19354.7679687672,8005.52508696254,91,0,0,217,0,0,0
76,16,8,0,3,0,0,0,0,0,0,0
76,17,1,3074.45202851841,982.01207252753,0,0,0,84,0,0,0
76,17,2,3144.2061876224,1398.13352947865,0,0,0,139,0,0,0
76,17,3,3051.43887308801,1196.84645691186,3,0,0,174,0,0,0
76,17,4,3167.93268963328,1319.74146059897,0,0,0,124,0,0,0
76,17,5,3149.6412787712,1592.30062479817,0,0,0,95,0,0,0
76,17,6,3125.057832448,1033.44611393193,0,0,0,200,0,0,0
76,17,7,19375.8631239672,4831.38386199462,63,0,0,194,0,0,0
76,17,8,0,3,0,0,0,0,0,0,0
76,18,1,3066.75435939841,1429.39702462236,75,0,0,23,0,0,0
76,18,2,3151.8601744384,1326.46144758596,73,0,0,66,0,0,0
76,18,3,3050.09693388801,688.704455638087,68,0,0,51,0,0,0
76,18,4,3175.21397485568,1871.60068594388,54,0,0,77,0,0,0
76,18,5,3159.18857553921,540.270408466224,88,0,0,71,0,0,0
76,18,6,3131.34085580801,597.840572120918,47,0,0,56,0,0,0
76,18,7,19388.3472814071,7669.22515958347,208,1,0,196,0,0,9
76,18,8,0,3,0,0,0,0,0,0,0
76,19,1,3087.71303843842,851.130745527196,0,0,0,142,0,0,0
76,19,2,3176.13771110401,803.515238307653,0,0,0,132,0,0,0
76,19,3,3055.47363788801,1285.97612911047,0,0,0,68,0,0,0
76,19,4,3205.17426220155,1030.19062326564,0,0,0,187,0,0,0
76,19,5,3164.68095057921,2076.80294727806,0,0,0,54,0,0,0
76,19,6,3139.88393490433,1386.010565167,0,0,0,59,0,0,0
76,19,7,19372.360670207,11144.1173893281,52,0,0,219,0,0,0
76,19,8,0,3,0,0,0,0,0,0,0
76,20,1,3093.16815779842,814.303999073222,0,0,0,85,0,0,0
76,20,2,3185.21239910401,2518.5065109931,0,0,0,80,0,0,0
76,20,3,3072.42179676161,1560.4954371249,0,0,0,128,0,0,0
76,20,4,3214.54925100155,1286.98852202593,0,0,0,103,0,0,0
76,20,5,3196.16671252481,775.443575751722,0,0,0,194,0,0,0
76,20,6,3163.74481897473,1076.39846224199,0,0,0,138,0,0,0
76,20,7,19346.453664767,10813.8352381105,41,0,0,203,0,0,0
76,20,8,0,3,0,0,0,0,0,0,0
76,21,1,3099.47304048642,572.156032968855,0,0,0,81,0,0,0
76,21,2,3230.190723584,860.807986117977,0,0,0,250,0,0,0
76,21,3,3097.11000156161,2330.19786285907,0,0,0,156,0,0,0
76,21,4,3232.04800300155,918.582361972304,0,0,0,128,0,0,0
76,21,5,3202.59155732481,869.737473338319,0,0,0,77,0,0,0
76,21,6,3175.59438313473,1343.63608962588,0,0,0,107,0,0,0
76,21,7,19323.5855534069,11775.9722122858,45,0,0,190,0,0,0
76,21,8,0,3,0,0,0,0,0,0,0
76,22,1,3095.61183897602,2044.85297277495,0,0,0,57,0,0,0
76,22,2,3240.66133862401,935.903776139804,0,0,0,86,0,0,0
76,22,3,3135.86449602561,683.871817373619,1,0,0,199,0,0,0
76,22,4,3245.68693496955,1253.05880384658,0,0,0,91,0,0,0
76,22,5,3209.87851079681,1817.05183645648,0,0,0,86,0,0,0
76,22,6,3198.50878832231,1365.46922715619,0,0,0,134,0,0,0
76,22,7,19306.9495214069,9231.86161031106,52,0,0,193,0,0,0
76,22,8,0,3,0,0,0,0,0,0,0
76,23,1,3120.85312010242,858.3839178978,0,0,0,197,0,0,1
76,23,2,3239.69507942401,915.902710377162,0,0,0,93,0,0,0
76,23,3,3134.46233538561,330.289588477005,0,0,0,68,0,0,0
76,23,4,3258.38997036155,676.972245315839,0,0,0,125,0,0,0
76,23,5,3238.84203064935,1361.12456986019,0,0,0,176,0,0,0
76,23,6,3211.54372669031,1620.12685662391,0,0,0,136,0,0,0
76,23,7,19280.0885038068,10289.2038382866,108,0,0,188,0,0,0
76,23,8,0,3,0,0,0,0,0,0,0
76,24,1,3124.26329907202,1535.51780186789,0,0,0,85,0,0,0
76,24,2,3246.37588480001,1263.49865973813,0,0,0,91,0,0,0
76,24,3,3122.89576898561,1240.75370937089,0,0,0,33,0,0,0
76,24,4,3255.29986686075,789.656858239092,0,0,0,67,0,0,0
76,24,5,3260.34131017054,740.149756925189,0,0,0,136,0,0,0
76,24,6,3241.49133080086,1469.2533224768,0,0,0,162,0,0,0
76,24,7,19285.2912839667,5782.61519170393,69,0,0,269,0,0,0
76,24,8,0,3,0,0,0,0,0,0,0
76,25,1,3121.01985536002,1497.00853243113,0,65,0,88,0,0,0
76,25,2,3237.56620687361,1385.13776439022,0,49,0,77,0,0,0
76,25,3,3118.88832194561,1497.46287969869,0,51,0,73,0,0,0
76,25,4,3236.84082046075,869.508883794271,0,49,0,29,0,0,0
76,25,5,3249.15085897054,1557.36175013431,0,44,0,30,0,0,0
76,25,6,3244.56138417685,1209.50638733094,0,71,0,75,0,0,0
76,25,7,19265.5951359987,7005.80548135469,2,253,0,224,0,0,0
76,25,8,0,3,0,0,0,0,0,0,0
76,26,1,3141.45075415042,910.068740913881,0,0,0,149,0,0,0
76,26,2,3251.24665845761,422.467576421523,0,0,0,138,0,0,0
76,26,3,3140.68702197761,831.129072300793,0,0,0,149,0,0,0
76,26,4,3244.30479701115,410.712962013909,0,0,0,86,0,0,0
76,26,5,3273.72841493854,1817.85582112089,0,0,0,155,0,0,0
76,26,6,3269.30054116886,2005.0039804217,0,0,0,120,0,0,0
76,26,7,19292.0004479988,10102.9633481257,26,0,0,234,0,0,0
76,26,8,0,3,0,0,0,0,0,0,0
76,27,1,3141.84052439042,1649.84102836674,0,0,0,91,0,0,0
76,27,2,3246.75024457319,1481.87929892844,0,0,0,42,0,0,0
76,27,3,3145.90232770561,1227.0747104142,0,0,0,83,0,0,0
76,27,4,3239.76433697915,1036.98041351412,0,0,0,41,0,0,0
76,27,5,3301.37937010014,639.739007073364,0,0,0,178,0,0,0
76,27,6,3310.30981819418,1746.25767200354,0,0,0,200,0,0,0
76,27,7,19311.0083071988,11083.9934139767,22,1,0,196,0,0,0
76,27,8,0,3,0,0,0,0,0,0,0
76,28,1,3175.71207702202,1722.63089708466,0,0,0,164,0,0,0
76,28,2,3271.59651586049,1672.28657618654,0,0,0,148,0,0,0
76,28,3,3161.09088880641,880.988584337576,0,0,0,122,0,0,0
76,28,4,3256.74748142716,1316.80966253062,0,0,0,103,0,0,0
76,28,5,3304.59189669214,686.136408089765,0,0,0,63,0,0,0
76,28,6,3359.4734485548,1574.35513139142,0,0,0,174,0,0,0
76,28,7,19366.5548134388,5299.04880261833,21,0,0,269,0,0,5
76,28,8,0,3,0,0,0,0,0,0,0
76,29,1,3213.96950678816,1560.97713114133,0,0,0,172,0,0,0
76,29,2,3320.62589873817,625.798775920705,0,0,0,164,0,0,0
76,29,3,3176.38976155649,1257.87110724685,0,0,0,88,0,0,0
76,29,4,3293.08347694613,1931.54072536034,0,0,0,131,0,0,0
76,29,5,3317.47474871646,1503.6292615209,0,0,0,68,0,0,0
76,29,6,3397.66865170462,1029.01992975358,0,0,0,157,0,0,0
76,29,7,19402.2864129012,12388.8610538943,34,0,0,176,0,0,0
76,29,8,0,3,0,0,0,0,0,0,0
76,30,1,3237.74596830497,1758.53936861073,0,0,0,156,0,0,0
76,30,2,3308.23698824857,1616.96708455495,0,0,0,62,0,0,0
76,30,3,3182.48260321281,1494.05212628007,0,0,0,125,0,0,0
76,30,4,3320.50056523695,580.890343078574,0,0,0,190,0,0,0
76,30,5,3341.81354411358,1032.8394802975,0,0,0,150,0,0,0
76,30,6,3409.43619653662,1031.77639527375,0,0,0,102,0,0,0
76,30,7,19422.8106189811,9920.99267316618,28,2,0,208,0,0,0
76,30,8,0,3,0,0,0,0,0,0,0
76,31,1,3267.79065783585,1559.11887488766,0,0,0,175,0,0,0
76,31,2,3321.03702408857,1993.1442605577,0,0,0,161,0,0,0
76,31,3,3190.40126525441,2013.57920235357,0,0,0,149,0,0,0
76,31,4,3314.22756181935,769.14814221438,0,0,0,58,0,0,0
76,31,5,3352.37381584087,1029.3000096166,0,0,0,103,0,0,0
76,31,6,3421.77793431582,967.927326008895,0,0,0,103,0,0,0
76,31,7,19438.1542785011,6131.78786095592,39,0,0,221,0,0,1
76,31,8,0,3,0,0,0,0,0,0,0
76,32,1,3297.69105533831,1042.17838738382,0,0,0,155,0,0,0
76,32,2,3366.5135985458,2139.23145666214,3,0,0,188,0,0,0
76,32,3,3213.57899681301,1679.21114062013,14,0,0,150,0,0,0
76,32,4,3313.11389397141,1421.19930437242,0,0,0,76,0,0,0
76,32,5,3372.80023162727,2132.25130489447,0,0,0,102,0,0,0
76,32,6,3432.31393545779,1426.08510942565,0,0,0,96,0,0,0
76,32,7,19470.2592902131,5679.86845786817,113,0,0,217,0,0,0
76,32,8,0,3,0,0,0,0,0,0,0
76,33,1,3304.88264115488,949.98715656083,0,0,0,104,0,0,0
76,33,2,3380.70081826804,470.09566294934,50,0,0,128,0,0,0
76,33,3,3221.41619616171,858.701950838094,11,0,0,149,0,0,0
76,33,4,3318.76811006101,725.649682290803,5,0,0,133,0,0,0
76,33,5,3388.53326415719,378.895120257851,27,0,0,167,0,0,0
76,33,6,3454.93101792819,1755.53494043463,3,0,0,136,0,0,0
76,33,7,19486.439855205,10154.5159862431,194,0,0,207,0,0,7
76,33,8,0,3,0,0,0,0,0,0,0
76,34,1,3310.21176544135,1820.80951072577,0,0,0,94,0,0,0
76,34,2,3375.0255182683,1150.87067722477,0,0,0,47,0,0,0
76,34,3,3225.02224404907,1625.95341088534,0,0,0,85,0,0,0
76,34,4,3309.35671162128,1721.67123180171,0,0,0,72,0,0,0
76,34,5,3373.34854754151,382.517986062607,0,0,0,37,0,0,0
76,34,6,3488.96499539589,1794.00517356479,0,0,0,175,0,0,0
76,34,7,19513.4041453554,6936.36598343405,47,0,0,187,0,0,0
76,34,8,0,3,0,0,0,0,0,0,0
76,35,1,3309.51368713095,1158.00214270023,73,0,0,101,0,0,0
76,35,2,3368.4531943259,692.583058457109,30,0,0,82,0,0,0
76,35,3,3225.30001761728,677.724917329512,45,0,0,113,0,0,0
76,35,4,3302.50803036817,927.562532158918,69,0,0,96,0,0,0
76,35,5,3352.45262526311,1747.09942709295,1,0,0,37,0,0,0
76,35,6,3493.02850498181,1126.98851267718,62,0,0,111,0,0,0
76,35,7,19547.0376782833,9075.23482691572,323,0,0,328,0,0,4
76,35,8,0,3,0,0,0,0,0,0,0
76,36,1,3326.84420338239,1031.95857500145,0,0,0,115,0,0,0
76,36,2,3362.51566872974,972.050791985122,0,0,0,69,0,0,0
76,36,3,3215.24527027648,799.440695847241,0,0,0,67,0,0,0
76,36,4,3292.67673730582,1694.64312191591,0,0,0,92,0,0,0
76,36,5,3370.63391164263,1635.53939979383,0,0,0,174,0,0,0
76,36,6,3499.75879508753,1387.91409115669,0,0,0,112,0,0,0
76,36,7,19543.1512175601,5938.1647135789,0,43,0,167,0,0,0
76,36,8,0,3,0,0,0,0,0,0,0
76,37,1,3322.38005449688,1401.72944718934,0,19,0,80,0,0,0
76,37,2,3354.70794901148,1716.94637064855,0,0,0,97,0,0,0
76,37,3,3207.12462843329,1249.48683296734,0,2,0,77,0,0,0
76,37,4,3295.47827697174,1110.03338240567,0,41,0,120,0,0,0
76,37,5,3381.17785603943,869.883006687309,0,21,0,138,0,0,0
76,37,6,3501.13581144849,1083.42418542564,0,32,0,100,0,0,0
76,37,7,19554.9961880561,7531.62906490664,0,258,0,265,0,0,0
76,37,8,0,3,0,0,0,0,0,0,0
76,38,1,3349.08177645324,1497.1651552483,0,0,0,140,0,0,0
76,38,2,3376.22148562155,560.552745188003,0,0,0,171,0,0,0
76,38,3,3214.77843176569,1284.81279490647,0,0,0,124,0,0,0
76,38,4,3311.78430524013,1016.03042218097,0,0,0,111,0,0,0
76,38,5,3399.09926044298,1162.41757712929,0,0,0,86,0,0,0
76,38,6,3531.27658798257,1490.25766042937,0,0,0,108,0,0,0
76,38,7,19611.9613870269,11199.055398384,28,0,0,220,0,0,0
76,38,8,0,3,0,0,0,0,0,0,0
76,39,1,3389.41309156558,1904.44002307606,0,0,0,149,0,0,0
76,39,2,3372.59902580062,1600.52026233891,0,0,0,56,0,0,0
76,39,3,3239.13623071046,1552.36524932231,0,0,0,128,0,0,0
76,39,4,3322.7302282269,1688.47899596599,0,0,0,101,0,0,0
76,39,5,3424.31054988243,1463.44668169826,0,0,0,116,0,0,0
76,39,6,3586.98152860336,1245.96654090014,0,0,0,149,0,0,0
76,39,7,19684.9047902807,6370.85192702487,24,0,0,224,0,0,0
76,39,8,0,3,0,0,0,0,0,0,0
76,40,1,3420.36346046849,1699.82493331879,46,0,0,121,0,0,0
76,40,2,3401.99459934066,780.551705804637,11,0,0,143,0,0,0
76,40,3,3271.45515526335,597.123206548333,12,0,0,137,0,0,0
76,40,4,3352.79709663301,782.314792769306,19,0,0,140,0,0,0
76,40,5,3462.97730133465,1825.0972308461,0,0,0,146,0,0,0
76,40,6,3628.20026426127,1903.37965142646,1,0,0,123,0,0,0
76,40,7,19761.6107427046,6138.79525911236,258,0,0,249,0,0,0
76,40,8,0,3,0,0,0,0,0,0,0
76,41,1,3425.7624962789,2546.70857624163,56,0,0,102,0,0,0
76,41,2,3396.8196705061,1522.79059624896,0,0,0,78,0,0,0
76,41,3,3259.18026164906,538.025254451732,1,0,0,58,0,0,0
76,41,4,3337.64753651781,768.17175301981,0,0,0,78,0,0,0
76,41,5,3473.25108813242,1545.37304194229,37,0,0,138,0,0,0
76,41,6,3645.19236942034,1705.82288523857,60,0,0,118,0,0,0
76,41,7,19818.1627667113,8443.91202473327,275,0,0,271,0,0,2
76,41,8,0,3,0,0,0,0,0,0,0
76,42,1,3450.83218315629,684.87028968387,8,0,0,178,0,0,0
76,42,2,3407.06022545857,1835.59546292094,0,0,0,152,0,0,0
76,42,3,3235.74771534506,1303.38083442726,0,0,0,53,0,0,0
76,42,4,3320.98888777387,1113.9646321216,0,0,0,76,0,0,0
76,42,5,3484.43650548277,1349.18910505453,0,0,0,154,0,0,0
76,42,6,3677.93544818609,1870.02866436069,0,0,0,170,0,0,0
76,42,7,19856.4000671401,7041.06260354259,73,0,0,189,0,0,0
76,42,8,0,3,0,0,0,0,0,0,0
76,43,1,3442.60795265799,1705.41966398627,0,0,0,68,0,0,0
76,43,2,3419.01427874407,1943.60521749915,16,0,0,148,0,0,0
76,43,3,3229.48601635498,1756.16502051106,0,0,0,130,0,0,0
76,43,4,3305.66421590645,1499.47997892985,0,0,0,111,0,0,0
76,43,5,3489.19253383072,1800.79480998437,0,0,0,134,0,0,0
76,43,6,3699.09990165613,1756.3535448865,25,0,0,132,0,0,0
76,43,7,19913.3973271208,6900.64330673518,194,0,0,263,0,0,0
76,43,8,0,3,0,0,0,0,0,0,0
76,44,1,3481.58410978599,1109.5598761563,0,1,0,162,0,0,0
76,44,2,3458.33100724878,1768.59999678912,0,4,0,167,0,0,0
76,44,3,3246.81937857501,924.762542883822,0,0,0,175,0,0,0
76,44,4,3333.15750023427,2595.70757639336,0,0,0,149,0,0,0
76,44,5,3521.44595446911,477.968511276166,0,1,0,174,0,0,0
76,44,6,3748.32876319575,1018.74611557595,0,3,0,158,0,0,0
76,44,7,19971.5653655995,4148.99012775511,0,91,0,174,0,0,0
76,44,8,0,3,0,0,0,0,0,0,0
76,45,1,3477.93376764677,941.41016629806,0,1,0,109,0,0,0
76,45,2,3448.7293946077,1606.08816282755,0,35,0,124,0,0,0
76,45,3,3228.45202197141,1698.61753117729,0,0,0,92,0,0,0
76,45,4,3330.76924011386,742.792022795075,0,69,0,156,0,0,0
76,45,5,3499.61650587898,702.706588962742,0,0,0,47,0,0,0
76,45,6,3756.06298708367,1068.51287166054,0,0,0,101,0,0,0
76,45,7,19997.0533189051,11030.5226668681,0,154,0,183,0,0,0
76,45,8,0,3,0,0,0,0,0,0,0
76,46,1,3478.59250623072,1323.92479297499,0,0,0,94,0,0,0
76,46,2,3453.85294157659,2144.84489830918,0,0,0,160,0,0,0
76,46,3,3242.89709585546,1135.4502889501,0,0,0,169,0,0,0
76,46,4,3321.86417315092,1500.32284258178,0,0,0,74,0,0,0
76,46,5,3501.60818465316,2569.28358714836,0,0,0,70,0,0,0
76,46,6,3773.95724681435,1549.46736760126,0,0,0,106,0,0,0
76,46,7,20033.1041135034,4882.56300654237,25,2,0,211,0,0,0
76,46,8,0,3,0,0,0,0,0,0,0
76,47,1,3467.75436793563,1221.28019320628,68,0,0,64,0,0,0
76,47,2,3467.34452231713,1980.4443451789,94,0,0,120,0,0,0
76,47,3,3225.16686489123,1606.49587681434,60,0,0,53,0,0,0
76,47,4,3320.02191074468,1232.60334312294,68,0,0,82,0,0,0
76,47,5,3511.65935711473,1914.25171659682,145,0,0,111,0,0,0
76,47,6,3786.96787904586,1617.70952919834,82,0,0,72,0,0,0
76,47,7,20104.1610956669,8987.32390139324,228,0,0,260,0,0,0
76,47,8,0,3,0,0,0,0,0,0,0
76,48,1,3475.2617219856,948.65405976998,0,0,0,122,0,0,0
76,48,2,3501.78203101521,1505.8714201759,0,0,0,195,0,0,0
76,48,3,3244.27755345653,2134.80860504754,0,0,0,160,0,0,0
76,48,4,3328.50747013483,1311.60857325872,0,0,0,123,0,0,0
76,48,5,3552.30381470909,2609.34424384084,0,0,0,191,0,0,0
76,48,6,3831.0284463969,1337.07436461382,0,0,0,161,0,0,0
76,48,7,20113.5952848642,4258.86536660195,0,46,0,194,0,0,0
76,48,8,0,3,0,0,0,0,0,0,0
76,49,1,3466.16483485343,739.636154754055,0,1,0,93,0,0,0
76,49,2,3498.62563724501,1681.90138902488,0,19,0,123,0,0,0
76,49,3,3248.46992964133,1011.50289824054,0,49,0,144,0,0,0
76,49,4,3331.30239871965,1814.16136020592,0,9,0,118,0,0,0
76,49,5,3571.9192989039,1406.27392393438,0,77,0,153,0,0,0
76,49,6,3847.1174188358,1530.00057442456,0,0,0,133,0,0,0
76,49,7,20092.0195540778,10028.7913591576,0,184,0,168,0,0,0
76,49,8,0,3,0,0,0,0,0,0,0
76,50,1,3464.19384614359,498.265303369324,0,0,0,73,0,0,0
76,50,2,3518.17071937839,1116.70327617868,0,0,0,168,0,0,0
76,50,3,3260.10236414203,1185.93279204357,0,0,0,101,0,0,0
76,50,4,3373.94958944098,897.516630900295,0,0,0,181,0,0,0
76,50,5,3603.07892853261,1181.35114722303,0,0,0,140,0,0,0
76,50,6,3890.28795999419,1524.62905621842,0,0,0,153,0,0,0
76,50,7,20129.1944149328,8143.66807390603,24,1,0,198,0,0,0
76,50,8,0,3,0,0,0,0,0,0,0
76,51,1,3450.97292685988,1099.26096263018,0,0,0,49,0,0,0
76,51,2,3528.18904929581,1352.12659060063,0,0,0,111,0,0,0
76,51,3,3270.59488303469,542.131674566337,0,0,0,118,0,0,0
76,51,4,3387.32437719348,591.162640151402,0,0,0,89,0,0,0
76,51,5,3625.80630979069,1087.60797042249,0,0,0,118,0,0,0
76,51,6,3930.66070507948,1690.64835862629,0,0,0,152,0,0,0
76,51,7,20170.5362815886,7561.83963924545,17,0,0,251,0,0,3
76,51,8,0,3,0,0,0,0,0,0,0
76,52,1,3476.83052654068,1444.49652213667,0,0,0,109,0,0,0
76,52,2,3565.88681882498,1438.64285307008,0,0,0,135,0,0,0
76,52,3,3274.28452574922,1494.76067702635,0,0,0,54,0,0,0
76,52,4,3396.11881398481,821.886307318889,0,0,0,59,0,0,0
76,52,5,3670.69564616808,1209.46247890145,0,0,0,108,0,0,0
76,52,6,4004.07081375337,1757.00964506141,0,0,0,169,0,0,0
76,52,7,20230.7918546938,2404.49841384673,55,0,0,203,0,0,0
76,52,8,0,3,0,0,0,0,0,0,0
76,53,1,3493.14848475003,1224.58421121694,3,0,0,137,0,0,0
76,53,2,3572.02968843044,2377.45239620999,0,0,0,143,0,0,0
76,53,3,3280.0231854412,735.967636804696,12,0,0,125,0,0,0
76,53,4,3395.83559765727,1559.53062312578,0,0,0,82,0,0,0
76,53,5,3686.02099178097,1378.01686416537,0,0,0,120,0,0,0
76,53,6,4041.90827424244,1325.93817944551,5,0,0,165,0,0,0
76,53,7,20229.9023207213,10859.4906126827,41,0,0,158,0,0,0
76,53,8,0,3,0,0,0,0,0,0,0
76,54,1,3503.10855148812,1519.24744364452,0,0,0,122,0,0,0
76,54,2,3608.3786476061,1763.80512017753,1,0,0,185,0,0,0
76,54,3,3274.12305902247,1591.70297677159,0,0,0,73,0,0,0
76,54,4,3423.07043550851,685.857244046806,0,0,0,155,0,0,0
76,54,5,3717.54776791699,1538.73661961755,0,0,0,137,0,0,0
76,54,6,4079.23961742373,1120.30819624415,0,0,0,132,0,0,0
76,54,7,20255.5764364486,8231.89946168577,25,1,0,199,0,0,0
76,54,8,0,3,0,0,0,0,0,0,0
76,55,1,3547.67801582337,2163.60707286725,0,0,0,151,0,0,0
76,55,2,3681.5267632128,1356.50049671783,0,0,0,176,0,0,0
76,55,3,3312.79155629605,910.164481681955,0,0,0,159,0,0,0
76,55,4,3433.97051794151,1419.64343148284,0,0,0,68,0,0,0
76,55,5,3782.00885057288,1756.18013197985,0,0,0,153,0,0,0
76,55,6,4149.08656913682,1636.44986462029,0,0,0,112,0,0,0
76,55,7,20336.994355624,10472.1456956561,20,0,0,244,0,0,2
76,55,8,0,3,0,0,0,0,0,0,0
76,56,1,3578.42601709141,1755.27704601478,0,1,0,197,0,0,0
76,56,2,3696.20084268367,1950.32767424834,0,0,0,135,0,0,0
76,56,3,3313.97205395723,1189.51074345764,0,0,0,91,0,0,0
76,56,4,3443.96343540096,1720.80941343412,0,0,0,141,0,0,0
76,56,5,3813.5873357735,1419.08962348104,0,0,0,175,0,0,0
76,56,6,4207.18566240694,1673.11329730573,0,0,0,163,0,0,0
76,56,7,20346.0238603162,8960.23847617605,0,70,0,180,0,0,0
76,56,8,0,3,0,0,0,0,0,0,0
76,57,1,3589.63298332924,1315.74553817888,0,5,0,148,0,0,0
76,57,2,3715.37893718421,1232.37821963535,0,1,0,175,0,0,0
76,57,3,3317.87826110416,1389.47059578969,0,0,0,118,0,0,0
76,57,4,3462.12800235386,980.217955623166,0,0,0,172,0,0,0
76,57,5,3828.99281269833,2177.01477441512,0,0,0,141,0,0,0
76,57,6,4248.29338762953,1496.30254830558,0,0,0,167,0,0,0
76,57,7,20391.3967086681,4952.85746883182,0,127,0,245,0,0,0
76,57,8,0,3,0,0,0,0,0,0,0
76,58,1,3598.88330173079,1323.99573223236,0,0,0,131,0,0,0
76,58,2,3712.62812367039,964.842313313491,0,0,0,123,0,0,0
76,58,3,3325.14100978796,489.616841765011,0,0,0,138,0,0,0
76,58,4,3455.64251973021,1924.99397483474,0,0,0,98,0,0,0
76,58,5,3861.44411059349,1667.45997548602,0,0,0,217,0,0,0
76,58,6,4258.53181056836,866.120398493479,0,0,0,149,0,0,0
76,58,7,20418.7736040872,6804.19669326406,29,0,0,201,0,0,0
76,58,8,0,3,0,0,0,0,0,0,0
76,59,1,3632.57294707679,1285.75635563493,0,0,0,132,0,0,0
76,59,2,3728.55449330419,1720.22969529426,0,0,0,96,0,0,0
76,59,3,3301.41027325046,1152.87084673745,0,0,0,48,0,0,0
76,59,4,3481.10642079662,2108.92645961278,0,0,0,192,0,0,0
76,59,5,3891.02975872973,780.618476554456,0,0,0,166,0,0,0
76,59,6,4273.34053347811,2004.13899227086,0,0,0,86,0,0,0
76,59,7,20471.9532588524,7119.18177275994,0,41,0,216,0,0,0
76,59,8,0,3,0,0,0,0,0,0,0
76,60,1,3673.92763618323,2176.03842504712,0,5,0,121,0,0,0
76,60,2,3769.84991329642,1475.45068808662,0,24,0,136,0,0,0
76,60,3,3310.28751337479,1573.5505861663,0,0,0,115,0,0,0
76,60,4,3497.7578274668,1868.5164399994,0,43,0,146,0,0,0
76,60,5,3891.10581949209,1904.23560176731,0,0,0,78,0,0,0
76,60,6,4314.32715891958,1466.00681002934,0,41,0,138,0,0,0
76,60,7,20532.4759065566,5603.97319445863,3,219,0,191,0,0,0
76,60,8,0,3,0,0,0,0,0,0,0
76,61,1,3746.04238273106,2249.03891732565,1,0,0,196,0,0,0
76,61,2,3844.07840940454,2087.07529952955,0,0,0,147,0,0,0
76,61,3,3359.44519354231,1727.57351850632,0,0,0,157,0,0,0
76,61,4,3557.97890862524,1156.09427318036,0,0,0,185,0,0,0
76,61,5,3965.7380127457,845.351146202515,0,0,0,183,0,0,0
76,61,6,4381.35095819946,1492.26240035288,0,0,0,146,0,0,0
76,61,7,20661.5365294337,11141.4333268935,27,0,0,235,0,0,0
76,61,8,0,3,0,0,0,0,0,0,0
76,62,1,3818.76909081799,2679.50405429425,0,0,0,208,0,0,0
76,62,2,3900.91898321299,1506.87297362343,0,0,0,207,0,0,0
76,62,3,3384.05305063021,1801.21446654789,0,0,0,172,0,0,0
76,62,4,3558.73936333706,1491.78474752903,0,0,0,115,0,0,0
76,62,5,3971.70648904874,1099.15562814871,0,0,0,84,0,0,0
76,62,6,4430.3681471555,2234.93308939971,0,0,0,149,0,0,0
76,62,7,20736.1675830051,7329.00600196258,28,0,0,222,0,0,0
76,62,8,0,3,0,0,0,0,0,0,0
76,63,1,3846.52857287774,2103.27005665558,15,0,0,155,0,0,0
76,63,2,3920.31282919218,1553.22412850265,0,0,0,150,0,0,0
76,63,3,3392.00340340135,786.408938672621,0,0,0,176,0,0,0
76,63,4,3571.49133062688,853.525309706399,0,0,0,149,0,0,0
76,63,5,3969.27324570436,2565.29793739737,0,0,0,109,0,0,0
76,63,6,4472.42820563522,2029.87586978826,8,0,0,164,0,0,0
76,63,7,20782.5645418565,4537.01048275867,75,0,0,190,0,0,0
76,63,8,0,3,0,0,0,0,0,0,0
76,64,1,3879.4003221334,1577.90552110062,41,0,0,124,0,0,0
76,64,2,4017.20075017642,1102.13964273169,0,0,0,155,0,0,0
76,64,3,3388.27552299751,2230.44401262275,0,0,0,78,0,0,0
76,64,4,3567.54786748735,1846.75794980448,0,0,0,85,0,0,0
76,64,5,4026.34536603124,2014.59940345867,47,0,0,157,0,0,0
76,64,6,4546.7470311795,1536.0508965448,15,0,0,171,0,0,0
76,64,7,20890.2943788766,7635.07239077977,123,0,0,195,0,0,0
76,64,8,0,3,0,0,0,0,0,0,0
76,65,1,3897.12448334696,1203.93247225258,0,0,0,157,0,0,0
76,65,2,4008.72806231191,2397.63888718844,0,0,0,110,0,0,0
76,65,3,3399.54282959176,1609.32404373889,0,3,0,174,0,0,0
76,65,4,3588.04189667098,1396.45167994678,0,0,0,184,0,0,0
76,65,5,4038.37420628103,2733.52139732781,0,0,0,193,0,0,0
76,65,6,4572.89815751778,1260.13337975938,0,0,0,153,0,0,0
76,65,7,20947.4776150449,4570.72953579795,0,37,0,263,0,0,0
76,65,8,0,3,0,0,0,0,0,0,0
76,66,1,3884.76953712699,949.362093495834,0,82,0,38,0,0,0
76,66,2,4001.40760301107,2623.93783603112,0,140,0,99,0,0,0
76,66,3,3375.38045921397,912.594522268386,0,75,0,85,0,0,0
76,66,4,3560.24811060118,1597.56439251269,0,78,0,61,0,0,0
76,66,5,4033.89020809834,1751.83015158539,0,151,0,122,0,0,0
76,66,6,4557.61920940772,2208.19953554092,0,76,0,50,0,0,0
76,66,7,20957.4369047976,6647.47146664245,3,172,0,160,0,0,0
76,66,8,0,3,0,0,0,0,0,0,0
76,67,1,3913.10793604104,1599.89036568505,0,0,0,94,0,0,0
76,67,2,4091.77710075578,2389.26917365148,3,0,0,206,0,0,0
76,67,3,3389.45398086212,590.842342659354,0,0,0,91,0,0,0
76,67,4,3606.57541176324,2164.07992395441,0,0,0,159,0,0,0
76,67,5,4090.06786069651,1641.88897720294,0,0,0,175,0,0,0
76,67,6,4668.81639755929,1652.5778144878,0,0,0,220,0,0,0
76,67,7,21016.4517268166,2104.77517687008,30,0,0,184,0,0,0
76,67,8,0,3,0,0,0,0,0,0,0
76,68,1,3914.82461846638,1901.01173503137,112,0,0,47,0,0,0
76,68,2,4121.28890686131,2141.37901557621,106,0,0,132,0,0,0
76,68,3,3383.38721078639,1215.35611040399,25,0,0,34,0,0,0
76,68,4,3611.16478608802,1402.2365399952,125,0,0,91,0,0,0
76,68,5,4103.897067752,1855.13459270976,82,0,0,82,0,0,0
76,68,6,4679.29242558495,2042.92675408215,98,0,0,67,0,0,0
76,68,7,21031.0505766598,6774.66138564074,104,0,0,106,0,0,0
76,68,8,0,3,0,0,0,0,0,0,0
76,69,1,3979.28242443745,2133.41050061933,2,0,0,157,0,0,0
76,69,2,4221.69935749195,2066.22212625224,0,0,0,205,0,0,0
76,69,3,3424.9436038667,1573.94587353858,0,0,0,121,0,0,0
76,69,4,3665.43958671988,783.579780622484,0,0,0,140,0,0,0
76,69,5,4191.7867112559,2538.67994689827,0,0,0,185,0,0,0
76,69,6,4803.36231880548,2072.58757082467,0,0,0,195,0,0,0
76,69,7,21074.5024851425,5715.65082250289,28,0,0,227,0,0,0
76,69,8,0,3,0,0,0,0,0,0,0
76,70,1,4093.68534059705,793.292222908734,0,0,0,213,0,0,0
76,70,2,4400.89186036642,1583.85049852536,0,0,0,206,0,0,0
76,70,3,3501.20738771621,1502.40734728158,0,0,0,157,0,0,0
76,70,4,3685.62204986677,774.00659589733,0,0,0,78,0,0,0
76,70,5,4308.99300575372,1301.2782305392,4,0,0,189,0,0,0
76,70,6,4924.35813555506,2075.16288008518,1,0,0,187,0,0,0
76,70,7,21130.7351428544,11676.5423948344,28,0,0,183,0,0,0
76,70,8,0,3,0,0,0,0,0,0,0
76,71,1,4108.6407087045,1835.47346240868,0,0,0,79,0,0,0
76,71,2,4434.74033452775,2483.90436278334,0,0,0,158,0,0,0
76,71,3,3532.18810535491,1295.07931646137,0,0,0,150,0,0,0
76,71,4,3694.97998700848,900.696269666584,0,0,0,77,0,0,0
76,71,5,4355.9449329049,2144.59638159243,0,0,0,130,0,0,0
76,71,6,4991.69900076902,2719.20804719586,0,0,0,207,0,0,0
76,71,7,21134.1842427451,7720.78850437996,27,0,0,247,0,0,1
76,71,8,0,3,0,0,0,0,0,0,0
76,72,1,4182.94666574047,1146.44477915278,1,0,0,171,0,0,0
76,72,2,4526.05737788547,1616.95466459316,9,0,0,206,0,0,0
76,72,3,3567.019177773,2399.57007323319,0,0,0,129,0,0,0
76,72,4,3725.91211354439,739.765774624053,0,0,0,90,0,0,0
76,72,5,4447.51297946203,1964.61864786438,6,0,0,186,0,0,0
76,72,6,5073.02310364735,2700.76878229844,25,0,0,154,0,0,0
76,72,7,21201.02846178,8010.54155654271,103,0,0,285,0,0,0
76,72,8,0,3,0,0,0,0,0,0,0
76,73,1,4227.27743708461,2269.12474698857,0,0,0,114,0,0,0
76,73,2,4629.77212423903,1608.66292270566,0,0,0,161,0,0,0
76,73,3,3644.25295279273,2604.0800361749,1,0,0,232,0,0,0
76,73,4,3758.31249213302,791.136980399053,0,0,0,73,0,0,0
76,73,5,4533.26917230678,1957.34430371507,3,0,0,169,0,0,0
76,73,6,5207.42853548868,1921.11588316183,10,0,0,196,0,0,0
76,73,7,21229.8844247654,5338.96242662176,83,0,0,184,0,0,0
76,73,8,0,3,0,0,0,0,0,0,0
76,74,1,4245.46616589534,2635.61716387476,46,0,0,115,0,0,0
76,74,2,4650.85519515667,3179.80458607685,8,0,0,141,0,0,0
76,74,3,3666.86215583843,1968.65250807598,51,0,0,138,0,0,0
76,74,4,3755.40794055414,664.206514437217,0,0,0,79,0,0,0
76,74,5,4577.34864119947,2262.8376484115,18,0,0,152,0,0,0
76,74,6,5250.75077260393,1029.9268436766,21,0,0,140,0,0,0
76,74,7,21236.3873754051,9628.52186412876,142,0,0,193,0,0,0
76,74,8,0,3,0,0,0,0,0,0,0
76,75,1,4378.58308040111,795.63037939609,3,0,0,209,0,0,0
76,75,2,4768.31098043294,2494.16137466602,6,0,0,211,0,0,0
76,75,3,3716.69544104786,977.237932917274,1,0,0,171,0,0,0
76,75,4,3780.04484513744,508.702516373194,0,0,0,66,0,0,0
76,75,5,4667.38437455498,2895.41934375566,3,0,0,174,0,0,0
76,75,6,5301.97855053118,3435.52583937187,0,0,0,102,0,0,0
76,75,7,21281.4815623015,5737.35899621429,45,0,0,202,0,0,0
76,75,8,0,3,0,0,0,0,0,0,0
76,76,1,4436.27974205223,1912.4294845211,0,0,0,79,0,0,0
76,76,2,4940.42403820695,2378.40841320925,27,0,0,168,0,0,0
76,76,3,3777.7007046698,1077.85920326386,0,0,0,97,0,0,0
76,76,4,3797.53459311219,1281.60158718238,0,0,0,50,0,0,0
76,76,5,4783.82687437128,1670.90407869191,40,0,0,169,0,0,0
76,76,6,5448.48458788711,2230.10173784684,51,0,0,189,0,0,0
76,76,7,21372.1472915238,3730.95684335023,132,0,0,177,0,0,0
76,76,8,0,3,0,0,0,0,0,0,0
76,77,1,4446.46838598018,2792.17286621298,41,0,0,112,0,0,0
76,77,2,4970.27613611706,1347.69367949402,52,0,0,139,0,0,0
76,77,3,3790.73384011231,1590.83544532868,0,0,0,107,0,0,0
76,77,4,3818.79804960553,2355.9904680267,0,0,0,128,0,0,0
76,77,5,4823.90403067981,1780.52816659113,5,0,0,157,0,0,0
76,77,6,5497.58672321386,1716.2419780646,37,0,0,152,0,0,0
76,77,7,21344.1203534693,9209.45693272421,108,0,0,166,0,0,0
76,77,8,0,3,0,0,0,0,0,0,0
76,78,1,4519.43294242943,2901.23290112117,3,0,0,194,0,0,0
76,78,2,5064.85685935805,2271.1988296654,0,0,0,134,0,0,0
76,78,3,3853.83904450057,1045.32217537571,0,0,0,159,0,0,0
76,78,4,3901.85952481361,2116.12221575656,0,0,0,230,0,0,0
76,78,5,4906.47413391206,3564.23302883156,0,0,0,178,0,0,0
76,78,6,5620.5387887331,2177.92687157164,0,0,0,171,0,0,0
76,78,7,21370.6545221329,15168.0248323128,30,0,0,203,0,0,0
76,78,8,0,3,0,0,0,0,0,0,0
76,79,1,4554.73685728494,1772.09729183649,1,0,0,226,0,0,0
76,79,2,5087.16559193309,2446.5224266345,0,0,0,199,0,0,0
76,79,3,3866.08072287526,2286.53034892178,0,0,0,104,0,0,0
76,79,4,3936.96591368793,1663.12328895878,0,0,0,208,0,0,0
76,79,5,4972.42048726249,2741.59829435656,2,0,0,228,0,0,0
76,79,6,5672.39723618573,1982.436538505,0,0,0,203,0,0,0
76,79,7,21350.9951371258,6669.58749971375,28,0,0,246,0,0,0
76,79,8,0,3,0,0,0,0,0,0,0
76,80,1,4636.46260921368,2705.01225722867,0,0,0,176,0,0,0
76,80,2,5209.07325908244,2407.19291932816,3,0,0,203,0,0,0
76,80,3,3934.53426288706,1866.69890578828,4,0,0,176,0,0,0
76,80,4,3995.13597642279,1718.21955566029,0,0,0,166,0,0,0
76,80,5,5108.67129102364,2245.36577061424,5,0,0,205,0,0,0
76,80,6,5817.93975870151,2851.45392457527,0,0,0,198,0,0,0
76,80,7,21364.4402432932,5365.20728977292,44,0,0,177,0,0,0
76,80,8,0,3,0,0,0,0,0,0,0
76,81,1,4660.1942916475,1628.69262642925,0,156,0,114,0,0,0
76,81,2,5210.05612832436,2488.772792139,0,105,0,135,0,0,0
76,81,3,3946.60374439091,798.592592248226,0,90,0,96,0,0,0
76,81,4,3992.6750407289,1347.04663171982,0,82,0,89,0,0,0
76,81,5,5127.94578393654,715.120001596071,0,109,0,115,0,0,0
76,81,6,5843.23555906382,2394.47484737114,0,169,0,116,0,0,0
76,81,7,21336.5909171809,16256.9014151896,2,231,0,238,0,0,0
76,81,8,0,3,0,0,0,0,0,0,0
76,82,1,4705.91735426488,1862.7915059581,0,0,0,162,0,0,0
76,82,2,5295.79618776977,2771.01692999525,0,0,0,240,0,0,0
76,82,3,3970.74912804849,2149.11533729844,0,0,0,79,0,0,0
76,82,4,4023.30180073935,1961.65295577393,0,0,0,134,0,0,0
76,82,5,5148.41377997142,2210.44644504749,0,0,0,71,0,0,0
76,82,6,5925.014004401,4810.68883495565,0,0,0,195,0,0,0
76,82,7,21335.5398782716,11484.4429385403,17,9,0,216,0,0,0
76,82,8,0,3,0,0,0,0,0,0,0
76,83,1,4745.45276338184,1497.44920617967,0,0,0,180,0,0,0
76,83,2,5360.27478246538,1332.62490595907,5,0,0,193,0,0,0
76,83,3,4026.72454286499,1810.33070506882,0,0,0,214,0,0,0
76,83,4,4073.73994452323,1892.32029282114,0,0,0,196,0,0,0
76,83,5,5218.83061611931,2537.21939738514,1,0,0,197,0,0,0
76,83,6,5996.81839530849,1874.67285041369,19,0,0,187,0,0,0
76,83,7,21341.8385240577,3099.54472025344,60,0,0,251,0,0,0
76,83,8,0,3,0,0,0,0,0,0,0
76,84,1,4771.7320954469,2089.61853834314,39,0,0,95,0,0,0
76,84,2,5411.64553168212,2270.78976694431,6,0,0,124,0,0,0
76,84,3,4089.04334810577,2051.7214003562,30,0,0,139,0,0,0
76,84,4,4118.86040788104,1146.60499144292,33,0,0,143,0,0,0
76,84,5,5279.06113658168,2437.52643656351,81,0,0,139,0,0,0
76,84,6,6071.91743654001,1931.26471363231,25,0,0,152,0,0,0
76,84,7,21350.6180198168,10411.0428414788,109,0,0,157,0,0,0
76,84,8,0,3,0,0,0,0,0,0,0
76,85,1,4938.86445543636,2060.75853958733,0,0,0,208,0,0,0
76,85,2,5554.75919597586,2678.29834620854,1,0,0,191,0,0,0
76,85,3,4169.64542796051,1460.09069534726,0,0,0,176,0,0,0
76,85,4,4177.22599629248,1714.01683359416,0,0,0,114,0,0,0
76,85,5,5451.02361330301,2663.31665729045,1,0,0,200,0,0,0
76,85,6,6235.31649560852,2273.56203316034,0,0,0,188,0,0,0
76,85,7,21426.9438540499,10774.2957735533,31,0,0,196,0,0,0
76,85,8,0,3,0,0,0,0,0,0,0
76,86,1,5043.51298555664,1315.4958670593,0,0,0,179,0,0,1
76,86,2,5661.18912401958,2568.92145361559,1,0,0,232,0,0,0
76,86,3,4214.65847320699,1016.91404824598,0,0,0,146,0,0,0
76,86,4,4244.90291220954,1898.29795501672,0,0,0,171,0,0,0
76,86,5,5572.38579722651,3198.07368356106,0,0,0,263,0,0,0
76,86,6,6332.72226179866,4483.78739206605,1,0,0,176,0,0,1
76,86,7,21460.304063072,5716.96487867132,28,0,0,197,0,0,0
76,86,8,0,3,0,0,0,0,0,0,0
76,87,1,5095.44931443123,1452.99725059007,0,0,0,131,0,0,0
76,87,2,5723.38005903551,2023.37970632482,9,0,0,172,0,0,0
76,87,3,4251.01430358611,3197.6858137685,0,0,0,101,0,0,0
76,87,4,4316.97638551603,2078.3233617967,0,0,0,189,0,0,0
76,87,5,5669.20737742096,1725.22058029889,18,0,0,163,0,0,0
76,87,6,6430.3224513424,4321.91689593038,29,0,0,194,0,0,0
76,87,7,21500.1826064222,8161.25233431883,42,0,0,208,0,0,0
76,87,8,0,3,0,0,0,0,0,0,0
76,88,1,5137.60303969207,1516.37166143748,0,0,0,145,0,0,0
76,88,2,5811.04907528988,3529.05509473169,0,0,0,201,0,0,0
76,88,3,4304.77888669684,2103.44375200842,8,0,0,172,0,0,1
76,88,4,4392.06555298575,1236.43564945409,0,0,0,207,0,0,0
76,88,5,5730.70417292882,1920.93794533368,0,0,0,172,0,0,0
76,88,6,6524.51515944008,907.154590033652,14,0,0,191,0,0,0
76,88,7,21520.4425541371,3168.20882997938,36,0,0,179,0,0,2
76,88,8,0,3,0,0,0,0,0,0,0
76,89,1,5185.67074291305,2010.20245865872,3,0,0,144,0,0,0
76,89,2,5846.59816634139,4112.21218848636,88,0,0,147,0,0,1
76,89,3,4344.95431867598,1634.55783706029,25,0,0,152,0,0,0
76,89,4,4416.26234737654,2922.26286958308,0,0,0,123,0,0,0
76,89,5,5786.65587395284,2994.92355080553,15,0,0,157,0,0,0
76,89,6,6564.88548966094,3322.83664686992,0,0,0,90,0,0,0
76,89,7,21501.5754068682,7836.83551597562,73,0,0,147,0,0,0
76,89,8,0,3,0,0,0,0,0,0,0
76,90,1,5298.33249646741,2423.07216708385,0,0,0,190,0,0,0
76,90,2,6052.41003311028,3112.26121532369,9,0,0,241,0,0,0
76,90,3,4439.30619720633,940.448322400365,0,0,0,163,0,0,0
76,90,4,4510.28126906987,978.598396008362,6,0,0,185,0,0,0
76,90,5,5918.2871553619,2590.951775587,6,0,0,188,0,0,0
76,90,6,6797.63459946151,4857.68308698838,3,0,0,268,0,0,0
76,90,7,21569.8684074929,14363.4941518784,29,0,0,278,0,0,0
76,90,8,0,3,0,0,0,0,0,0,0
76,91,1,5362.81849247292,1704.53477093498,0,0,0,221,0,0,0
76,91,2,6138.92924556566,2825.31398548859,1,0,0,246,0,0,0
76,91,3,4453.93066395143,2468.27920934851,0,0,0,94,0,0,0
76,91,4,4533.50674072653,1198.23143312944,0,0,0,97,0,0,0
76,91,5,6023.12032314623,1892.38307731342,1,0,0,212,0,0,0
76,91,6,6895.23821813714,2836.86694685129,8,0,0,206,0,0,0
76,91,7,21539.7542133785,9886.08125137507,37,0,0,187,0,0,0
76,91,8,0,3,0,0,0,0,0,0,0
76,92,1,5496.96555368992,3787.66896356678,0,0,0,170,0,0,0
76,92,2,6270.33256513469,2323.34331204762,15,0,0,186,0,0,0
76,92,3,4521.08961615122,1676.64928593735,9,0,0,186,0,0,0
76,92,4,4577.94393910765,1971.94719903522,0,0,0,119,0,0,0
76,92,5,6121.53768148537,2974.45587442448,2,0,0,172,0,0,0
76,92,6,6987.74459011985,4181.38751534173,18,0,0,163,0,0,0
76,92,7,21566.1631208215,11526.8199250223,126,0,0,179,0,0,0
76,92,8,0,3,0,0,0,0,0,0,0
76,93,1,5587.48906994776,1175.65264276277,10,0,0,229,0,0,0
76,93,2,6322.96366730506,2407.30081073193,3,0,0,180,0,0,0
76,93,3,4592.42930120054,1927.15070506424,0,0,0,167,0,0,0
76,93,4,4646.44437559744,3516.33010226438,0,0,0,192,0,0,0
76,93,5,6193.7107279652,3751.61130317051,9,0,0,165,0,0,0
76,93,6,7069.16735970235,652.792613168393,15,0,0,208,0,0,0
76,93,7,21559.8868956141,4014.36522882233,68,0,0,212,0,0,0
76,93,8,0,3,0,0,0,0,0,0,0
76,94,1,5623.05960602078,1565.1934596813,0,0,0,117,0,0,0
76,94,2,6347.44555887165,2245.65998794426,57,0,0,149,0,0,0
76,94,3,4651.51797419511,3433.18863483601,24,0,0,154,0,0,0
76,94,4,4697.53129866537,2279.11061117485,117,0,0,164,0,0,0
76,94,5,6274.11275767122,3249.42186421877,139,0,0,148,0,0,0
76,94,6,7070.50308226452,2573.19453908567,0,0,0,65,0,0,0
76,94,7,21567.8877670158,4989.45037935012,150,0,0,161,0,0,0
76,94,8,0,3,0,0,0,0,0,0,0
76,95,1,5684.34639288874,2677.90799146034,0,0,0,156,0,0,0
76,95,2,6403.54460889716,3120.6574017063,16,0,0,154,0,0,0
76,95,3,4744.38002299174,1841.72997556381,35,0,0,184,0,0,0
76,95,4,4773.43012417072,1860.15926341621,15,0,0,159,0,0,0
76,95,5,6370.03730361112,3048.66066429707,39,0,0,153,0,0,0
76,95,6,7138.00625760057,3446.1897338291,27,0,0,135,0,0,0
76,95,7,21591.2542447084,12084.0269248507,62,0,0,226,0,0,0
76,95,8,0,3,0,0,0,0,0,0,0
76,96,1,5759.03122360532,3505.61508256426,1,0,0,207,0,0,1
76,96,2,6456.57843646539,3172.3293060978,3,0,0,202,0,0,0
76,96,3,4827.84601767168,2561.02090246675,0,0,0,184,0,0,0
76,96,4,4866.36866584505,1610.95261575518,0,0,0,186,0,0,0
76,96,5,6519.64640809532,3572.82221221429,3,0,0,207,0,0,0
76,96,6,7314.14168514995,3700.82968285122,2,0,0,250,0,0,0
76,96,7,21580.4779256334,9401.13753729266,28,0,0,226,0,0,3
76,96,8,0,3,0,0,0,0,0,0,0
76,97,1,5833.79532588577,3550.47238163374,20,0,0,168,0,0,0
76,97,2,6555.99749548525,3259.94258037175,14,0,0,184,0,0,0
76,97,3,4891.83738689748,2083.67489059628,8,0,0,184,0,0,0
76,97,4,4945.96504673778,2072.96821324471,0,0,0,161,0,0,0
76,97,5,6690.97704867712,3075.87420038715,10,0,0,262,0,0,0
76,97,6,7487.10068224685,2106.57940674692,16,0,0,209,0,0,0
76,97,7,21568.2822817723,4578.15479367965,82,0,0,202,0,0,0
76,97,8,0,3,0,0,0,0,0,0,0
76,98,1,5883.77675033777,3470.0990485875,0,157,0,198,0,0,0
76,98,2,6613.46137114413,2917.46216936068,0,146,0,179,0,0,0
76,98,3,4916.7773691856,859.27562560362,0,97,0,111,0,0,0
76,98,4,4979.34772937283,1436.80947278102,0,102,0,105,0,0,0
76,98,5,6754.49080236705,1788.92374899891,0,136,0,171,0,0,0
76,98,6,7505.50036697328,3005.15062252238,0,99,0,111,0,0,0
76,98,7,21513.6704332317,7829.19735868998,0,250,0,207,0,0,0
76,98,8,0,3,0,0,0,0,0,0,0
76,99,1,6008.02393220198,2682.03311875583,7,0,0,203,0,0,0
76,99,2,6793.72888095797,3213.92967453082,4,0,0,210,0,0,0
76,99,3,4969.16321821999,1476.6528615536,0,0,0,85,0,0,0
76,99,4,5072.16968371039,2433.55162616765,0,0,0,143,0,0,0
76,99,5,6911.58146079879,2565.4769516706,0,0,0,175,0,0,0
76,99,6,7674.08204248647,4940.38844600783,6,0,0,181,0,0,0
76,99,7,21577.1543983906,8721.93363755703,24,0,0,255,0,0,2
76,99,8,0,3,0,0,0,0,0,0,0
76,100,1,6140.41416264264,1434.5452202205,2,0,0,195,0,0,0
76,100,2,7002.74781933541,1642.24822013664,3,0,0,220,0,0,0
76,100,3,5058.23218965588,1452.7656537207,0,0,0,147,0,0,0
76,100,4,5212.93766823071,2727.67573051516,1,0,0,195,0,0,0
76,100,5,7137.38104746775,2310.39261998078,1,0,0,217,0,0,0
76,100,6,7896.31908383469,2992.22561499455,10,0,0,218,0,0,1
76,100,7,21674.9042844211,13152.1355992596,23,0,0,243,0,0,1
76,100,8,0,3,0,0,0,0,0,0,0
77,1,1,2808.2,878.87786975117,0,0,0,34,0,0,0
77,1,2,2821.4784,1135.45370645799,0,0,0,94,0,0,0
77,1,3,2803.384,1281.22752534838,0,0,0,15,0,0,0
77,1,4,2826.3936,1502.00287527965,0,0,0,97,0,0,0
77,1,5,2820.872,1288.46015548323,0,0,0,85,0,0,0
77,1,6,2812.416,1483.00709657382,0,0,0,28,0,0,0
77,1,7,20143.6175999999,6035.5797919972,0,0,0,2,0,0,0
77,1,8,0,5,0,0,0,36,0,0,0
77,2,1,2812.656,2048.78756295484,0,0,0,87,0,0,0
77,2,2,2830.1504,1178.32502518595,0,0,0,113,0,0,0
77,2,3,2812.5904,917.47385586985,0,0,0,128,0,0,0
77,2,4,2841.38592,1386.24184416732,0,0,0,150,0,0,0
77,2,5,2834.23679999999,1133.15570882137,0,0,0,128,0,0,0
77,2,6,2829.128,955.500427355638,0,0,0,148,0,0,0
77,2,7,20093.1487999998,7423.17410507167,15,4,0,219,0,0,0
77,2,8,0,5,0,0,0,0,0,0,0
77,3,1,2825.6592,1028.0067518943,0,18,0,134,0,0,0
77,3,2,2839.4128,1287.06763535249,0,0,0,117,0,0,0
77,3,3,2814.7584,867.953362269564,0,0,0,91,0,0,0
77,3,4,2855.60672,1048.52551256435,0,0,0,138,0,0,0
77,3,5,2842.98879999999,681.426617216667,0,0,0,113,0,0,0
77,3,6,2834.06528,1135.67994134549,0,0,0,95,0,0,0
77,3,7,20028.5811199997,9532.83408526059,0,151,0,146,0,0,0
77,3,8,0,5,0,0,0,0,0,0,0
77,4,1,2831.6512,724.295693687328,0,0,0,102,0,0,0
77,4,2,2851.6304,1104.02648242238,0,0,0,128,0,0,0
77,4,3,2814.4736,849.00712134364,0,0,0,86,0,0,0
77,4,4,2863.98272,1624.75676680468,0,0,0,104,0,0,0
77,4,5,2841.54719999999,648.135480821994,0,0,0,68,0,0,0
77,4,6,2844.71008,1284.39536765889,0,0,0,113,0,0,0
77,4,7,20005.6963199997,11380.9157898213,26,0,0,232,0,0,0
77,4,8,0,5,0,0,0,0,0,0,0
77,5,1,2832.07648,965.596460260743,0,0,0,72,0,0,0
77,5,2,2855.45382400001,911.818644428773,0,0,0,110,0,0,0
77,5,3,2814.91072,1153.7093541688,0,0,0,84,0,0,0
77,5,4,2881.36192,1078.69978697561,0,0,0,155,0,0,0
77,5,5,2839.5216,890.239535417217,0,0,0,64,0,0,0
77,5,6,2855.27264,1250.12675914896,0,0,0,128,0,0,0
77,5,7,19965.0310399996,4651.73902757713,0,60,0,178,0,0,0
77,5,8,0,5,0,0,0,0,0,0,0
77,6,1,2834.43776,1254.43390382854,0,0,0,96,0,0,0
77,6,2,2855.40134400001,977.380153379311,0,0,0,91,0,0,0
77,6,3,2820.57472,1271.82500416722,0,0,0,115,0,0,0
77,6,4,2883.47552,550.942756411651,0,0,0,107,0,0,0
77,6,5,2839.872,1232.23119648136,0,0,0,89,0,0,0
77,6,6,2866.72864,1370.02632594395,0,0,0,125,0,0,0
77,6,7,19925.8543359996,8910.44741552734,0,42,0,179,0,0,0
77,6,8,0,5,0,0,0,0,0,0,0
77,7,1,2844.47808,1359.57616147602,0,0,0,125,0,0,0
77,7,2,2855.91014400001,1745.71923017274,0,0,0,97,0,0,0
77,7,3,2827.23584,393.959940282988,0,0,0,127,0,0,0
77,7,4,2877.09312,2071.29882924809,0,0,0,55,0,0,0
77,7,5,2848.46944,1303.35757172243,0,0,0,123,0,0,0
77,7,6,2882.26624,395.707287273046,0,0,0,137,0,0,0
77,7,7,19882.9433599995,5449.07744635229,7,147,0,170,0,0,0
77,7,8,0,5,0,0,0,0,0,0,0
77,8,1,2850.78304,676.786862334144,0,0,0,135,0,0,0
77,8,2,2875.947008,1169.49610230272,0,0,0,174,0,0,0
77,8,3,2817.40736,1659.35476478961,0,0,0,39,0,0,0
77,8,4,2895.41504,947.183133342598,1,0,0,188,0,0,0
77,8,5,2856.46304,1899.11046313322,0,0,0,130,0,0,0
77,8,6,2876.07424,584.732365724361,0,0,0,39,0,0,0
77,8,7,19863.8268799995,5115.5947258968,24,0,0,177,0,0,0
77,8,8,0,5,0,0,0,0,0,0,0
77,9,1,2847.8395392,1344.39687965497,0,0,0,67,0,0,0
77,9,2,2880.37278720001,1109.39364254215,0,0,0,116,0,0,0
77,9,3,2831.737856,1011.6351028437,0,0,0,165,0,0,0
77,9,4,2897.31142400001,1183.25444844637,0,0,0,94,0,0,0
77,9,5,2878.547584,858.218437181318,0,0,0,189,0,0,0
77,9,6,2877.24672,1346.04124833313,0,0,0,58,0,0,0
77,9,7,19857.6636799994,9226.66968699589,15,0,0,242,0,0,3
77,9,8,0,5,0,0,0,0,0,0,0
77,10,1,2856.79365120001,537.613663447061,0,0,0,134,0,0,0
77,10,2,2882.5276672,849.61624607637,0,0,0,110,0,0,0
77,10,3,2827.8406528,1347.96386989344,0,0,0,101,0,0,0
77,10,4,2899.00480000001,1823.37733246065,0,0,0,118,0,0,0
77,10,5,2876.62272,799.375832791817,0,0,0,85,0,0,0
77,10,6,2889.91872,955.7536362245,0,0,0,134,0,0,0
77,10,7,19837.8927999994,8182.39773572171,1,39,0,229,0,0,0
77,10,8,0,5,0,0,0,0,0,0,0
77,11,1,2842.45253120001,1270.29974506198,0,47,0,6,0,0,0
77,11,2,2867.25726720001,1346.07235982473,0,38,0,46,0,0,0
77,11,3,2820.4277888,1792.67657273993,0,68,0,66,0,0,0
77,11,4,2893.88416000001,709.380763006384,0,87,0,95,0,0,0
77,11,5,2864.196672,910.721390571967,0,40,0,39,0,0,0
77,11,6,2881.25856,1057.82889581735,0,51,0,44,0,0,0
77,11,7,19844.8245759993,8968.92295911132,0,412,0,329,0,0,3
77,11,8,0,5,0,0,0,0,0,0,0
77,12,1,2854.88279040001,1718.70534926352,0,0,0,127,0,0,0
77,12,2,2879.89369344,1413.86512126123,0,0,0,134,0,0,0
77,12,3,2843.3065088,875.317581890103,0,0,0,177,0,0,0
77,12,4,2899.66400000001,1456.51723409302,0,0,0,70,0,0,0
77,12,5,2873.294592,1794.1501712396,0,0,0,91,0,0,0
77,12,6,2893.35616,938.571501460924,0,0,0,105,0,0,0
77,12,7,19872.8261759994,9587.74638316546,30,0,0,189,0,0,0
77,12,8,0,5,0,0,0,0,0,0,0
77,13,1,2881.63895040001,1458.27639001585,0,0,0,171,0,0,0
77,13,2,2897.74481408001,886.767472492312,0,0,0,141,0,0,0
77,13,3,2848.2168448,979.527548290813,0,0,0,87,0,0,0
77,13,4,2921.12038656001,731.027166981963,0,0,0,145,0,0,0
77,13,5,2901.7886592,1108.98219858754,0,0,0,179,0,0,0
77,13,6,2906.496448,1093.86110698237,0,0,0,93,0,0,0
77,13,7,19906.0173311993,5719.49416470132,29,0,0,190,0,0,0
77,13,8,0,5,0,0,0,0,0,0,0
77,14,1,2903.41328640001,1051.34586791506,0,0,0,145,0,0,0
77,14,2,2903.43934208001,865.373789986048,0,0,0,88,0,0,0
77,14,3,2859.2219136,903.597801646332,0,0,0,97,0,0,0
77,14,4,2924.99042867202,1349.4284091243,0,0,0,73,0,0,0
77,14,5,2919.86657536,1614.54573337211,0,0,0,110,0,0,0
77,14,6,2924.56467200001,1019.37757113185,0,0,0,109,0,0,0
77,14,7,19932.0829311993,7649.49857340339,38,0,0,190,0,0,0
77,14,8,0,5,0,0,0,0,0,0,0
77,15,1,2910.98749440001,1065.14170914796,0,0,0,105,0,0,0
77,15,2,2906.27737088001,1435.22272114353,0,0,0,86,0,0,0
77,15,3,2863.8575104,1696.87545029672,0,0,0,90,0,0,0
77,15,4,2939.04960051201,1424.69655200139,0,0,0,134,0,0,0
77,15,5,2944.01985536001,1237.55343381118,0,0,0,161,0,0,0
77,15,6,2939.13395200001,1267.29316521413,0,0,0,101,0,0,0
77,15,7,19954.2130943993,7281.37648964758,39,0,0,197,0,0,0
77,15,8,0,5,0,0,0,0,0,0,0
77,16,1,2920.95877120001,1494.97864668404,0,0,0,106,0,0,0
77,16,2,2915.47846348801,852.904626779609,0,0,0,143,0,0,0
77,16,3,2881.1718912,1097.44255936961,0,0,0,169,0,0,0
77,16,4,2956.16167782401,806.027378386536,0,0,0,142,0,0,0
77,16,5,2961.08846336,655.831899383258,0,0,0,123,0,0,0
77,16,6,2958.22681600001,1592.8739849303,0,0,0,126,0,0,0
77,16,7,19973.7207423993,9031.4086978638,64,0,0,165,0,0,0
77,16,8,0,5,0,0,0,0,0,0,0
77,17,1,2936.69254400001,1085.98393559418,0,0,0,149,0,0,0
77,17,2,2911.55251148801,1753.42676867792,0,0,0,85,0,0,0
77,17,3,2887.8279552,1375.46407482954,0,0,0,109,0,0,0
77,17,4,2955.13346918401,1025.15953608818,0,0,0,80,0,0,0
77,17,5,2961.18350336,1068.31243512289,0,0,0,65,0,0,0
77,17,6,2987.79129600001,1535.08125073526,0,0,0,159,0,0,0
77,17,7,19996.1069311993,7444.94315667287,44,0,0,189,0,0,0
77,17,8,0,5,0,0,0,0,0,0,0
77,18,1,2943.51929600001,1206.25313997072,0,0,0,108,0,0,0
77,18,2,2926.26336808961,860.80660369953,3,0,0,159,0,0,0
77,18,3,2902.69597440001,1161.44423001711,0,0,0,137,0,0,0
77,18,4,2962.14684518402,1570.03960319223,0,0,0,102,0,0,0
77,18,5,2972.88944896001,1137.64833047249,0,0,0,106,0,0,0
77,18,6,3012.99335936001,1001.16789002058,0,0,0,153,0,0,0
77,18,7,20021.4864742393,10682.7669695281,116,0,0,206,0,0,0
77,18,8,0,5,0,0,0,0,0,0,0
77,19,1,2947.50192640001,976.482353753579,0,0,0,120,0,0,0
77,19,2,2923.14548008961,687.368742527897,0,0,0,86,0,0,0
77,19,3,2906.33462016001,1312.10744267276,0,0,0,116,0,0,0
77,19,4,2979.44628838401,640.333580688051,0,0,0,157,0,0,0
77,19,5,2980.76145152001,1467.28835486006,0,0,0,113,0,0,0
77,19,6,3022.06259404801,2114.95148540382,0,0,0,100,0,0,0
77,19,7,20044.4400230393,4818.82569530747,53,0,0,211,0,0,0
77,19,8,0,5,0,0,0,0,0,0,0
77,20,1,2949.83148544001,1379.30840880063,0,0,0,97,0,0,0
77,20,2,2912.78441512961,739.242252204626,0,0,0,68,0,0,0
77,20,3,2917.35041280001,1293.0258162154,0,0,0,131,0,0,0
77,20,4,2973.22688102401,2226.06658086874,0,0,0,64,0,0,0
77,20,5,2995.20231424001,959.96869744485,18,0,0,125,0,0,0
77,20,6,3040.91695564801,1111.8622478434,67,0,0,131,0,0,0
77,20,7,20071.8429670393,9117.864444442,207,0,0,209,0,0,8
77,20,8,0,5,0,0,0,0,0,0,0
77,21,1,2954.58163200001,842.909095361235,0,0,0,137,0,0,0
77,21,2,2901.27623208962,1626.29492409395,0,0,0,73,0,0,0
77,21,3,2915.56407244801,913.270188665493,0,0,0,129,0,0,0
77,21,4,2995.12608604161,1063.41513992968,0,0,0,213,0,0,0
77,21,5,2997.84022784001,1715.28247310452,0,0,0,95,0,0,0
77,21,6,3057.03233699841,728.035974807729,0,0,0,111,0,0,0
77,21,7,20098.4336102393,7584.18139797561,46,0,0,224,0,0,0
77,21,8,0,5,0,0,0,0,0,0,0
77,22,1,2946.38272256001,1152.85836732287,0,0,0,84,0,0,0
77,22,2,2904.94577704962,989.538753312104,0,0,0,162,0,0,0
77,22,3,2903.70581504001,1212.05396687601,0,0,0,91,0,0,0
77,22,4,2994.54835804162,471.924300836426,0,0,0,106,0,0,0
77,22,5,3017.78000384001,486.445925989069,0,0,0,171,0,0,0
77,22,6,3062.58723491841,1524.99987977762,0,0,0,72,0,0,0
77,22,7,20127.6621542393,11273.6529935352,44,0,0,244,0,0,0
77,22,8,0,5,0,0,0,0,0,0,0
77,23,1,2945.50281728002,849.822023499057,0,0,0,115,0,0,0
77,23,2,2897.56613160962,1564.16769597529,0,0,0,98,0,0,0
77,23,3,2898.56271912961,1038.80765876666,0,0,0,121,0,0,0
77,23,4,2976.34979164162,1383.24934192981,0,0,0,47,0,0,0
77,23,5,3012.44381184001,1201.14023731115,0,0,0,48,0,0,0
77,23,6,3084.98706423809,1243.45206553103,0,0,0,152,0,0,0
77,23,7,20144.9428582392,11321.2872618349,41,0,0,198,0,0,0
77,23,8,0,5,0,0,0,0,0,0,0
77,24,1,2940.32609638402,1564.5301073233,0,0,0,84,0,0,0
77,24,2,2901.57371893762,1238.58663185519,0,0,0,156,0,0,0
77,24,3,2885.56620646401,569.336760675849,0,0,0,103,0,0,0
77,24,4,2988.88660828162,2196.15777016166,0,0,0,138,0,0,0
77,24,5,3021.38875136001,882.286838392007,0,0,0,120,0,0,0
77,24,6,3107.42120183809,1283.39974545839,0,0,0,124,0,0,0
77,24,7,20169.4038732792,7143.80859516224,0,49,0,181,0,0,0
77,24,8,0,5,0,0,0,0,0,0,0
77,25,1,2947.91564851202,1276.30510884346,0,4,0,142,0,0,0
77,25,2,2899.77375516674,1207.45111230245,0,0,0,123,0,0,0
77,25,3,2859.21839503362,1418.86005316725,0,0,0,56,0,0,0
77,25,4,3002.93595074562,425.272664461451,0,15,0,165,0,0,0
77,25,5,3020.08601702401,500.487513200784,0,0,0,88,0,0,0
77,25,6,3129.77793271809,1577.69008456516,0,0,0,128,0,0,0
77,25,7,20180.1815987191,8992.86707862053,0,157,0,164,0,0,0
77,25,8,0,5,0,0,0,0,0,0,0
77,26,1,2953.75234662402,767.440663444998,0,0,0,127,0,0,0
77,26,2,2898.59181914114,1539.07336523004,0,0,0,120,0,0,0
77,26,3,2860.90060124162,993.05937694819,0,0,0,141,0,0,0
77,26,4,2986.03023503362,649.374446868416,0,0,0,42,0,0,0
77,26,5,3010.12706191361,1211.53392140288,0,0,0,50,0,0,0
77,26,6,3154.31162050971,1786.6865812518,0,0,0,157,0,0,0
77,26,7,20231.7640499191,9116.70312879254,26,0,0,229,0,0,0
77,26,8,0,5,0,0,0,0,0,0,0
77,27,1,2942.82872576002,769.225233267257,0,0,0,76,0,0,0
77,27,2,2900.3610147021,1659.53129424936,0,0,0,153,0,0,0
77,27,3,2855.10414530562,1703.5750338748,0,0,0,99,0,0,0
77,27,4,2971.56293222402,1316.38306556409,0,0,0,64,0,0,0
77,27,5,3018.05286645762,1851.95968237256,0,0,0,121,0,0,0
77,27,6,3183.43950326171,2095.47615033749,0,0,0,169,0,0,0
77,27,7,20262.0659507191,5618.69838494224,31,0,0,196,0,0,0
77,27,8,0,5,0,0,0,0,0,0,0
77,28,1,2921.52857559042,756.309158724717,0,48,0,28,0,0,0
77,28,2,2887.44478663068,955.50032051343,0,78,0,87,0,0,0
77,28,3,2845.16648132609,1269.57851048886,0,83,0,87,0,0,0
77,28,4,2959.11455293442,754.772086311714,0,54,0,77,0,0,0
77,28,5,3012.17339195394,772.67069459574,0,87,0,98,0,0,0
77,28,6,3193.28115200412,862.303132628096,0,123,0,86,0,0,0
77,28,7,20282.133756927,10613.7747276298,3,202,0,198,0,0,0
77,28,8,0,5,0,0,0,0,0,0,0
77,29,1,2921.80996710402,1371.9531784791,0,0,0,75,0,0,0
77,29,2,2884.72773267867,1863.62846205409,0,0,0,95,0,0,0
77,29,3,2854.0949139661,1490.52144538687,0,0,0,126,0,0,0
77,29,4,2961.83176601602,942.407123432538,0,0,0,75,0,0,0
77,29,5,3015.49366597634,748.70064961399,0,0,0,77,0,0,0
77,29,6,3207.89359487158,1233.73696079344,0,0,0,86,0,0,0
77,29,7,20324.425724927,12321.8614236003,26,0,0,237,0,0,0
77,29,8,0,5,0,0,0,0,0,0,0
77,30,1,2933.53897256962,1149.56141921981,0,0,0,137,0,0,0
77,30,2,2903.60862192027,470.481323810765,0,0,0,181,0,0,0
77,30,3,2864.40271886337,646.171036108922,0,0,0,149,0,0,0
77,30,4,2967.05041305602,1597.30763871209,0,0,0,94,0,0,0
77,30,5,3017.13372792833,790.125320115214,0,0,0,74,0,0,0
77,30,6,3230.05032063158,1191.32208923411,0,0,0,123,0,0,0
77,30,7,20376.3685089271,11258.1256878234,22,0,0,300,0,0,0
77,30,8,0,5,0,0,0,0,0,0,0
77,31,1,2950.21865517058,895.322173355128,0,0,0,114,0,0,0
77,31,2,2893.05554733467,1683.81704612901,0,0,0,47,0,0,0
77,31,3,2860.47036891137,1176.12976744573,0,0,0,64,0,0,0
77,31,4,2989.21408655362,1077.30220252687,0,0,0,159,0,0,0
77,31,5,3025.84179525634,927.684730366964,0,0,0,79,0,0,0
77,31,6,3254.53601960118,1673.23044083619,0,0,0,119,0,0,0
77,31,7,20415.741782527,10296.5608283192,24,0,0,195,0,0,3
77,31,8,0,5,0,0,0,0,0,0,0
77,32,1,2951.69652105217,1249.77913803139,0,0,0,89,0,0,0
77,32,2,2911.19184296347,2044.94302535025,0,0,0,168,0,0,0
77,32,3,2866.11831095297,1008.94174117466,0,0,0,117,0,0,0
77,32,4,2994.91560028162,939.974237254312,0,0,0,107,0,0,0
77,32,5,3032.58412623874,787.56998385631,0,0,0,92,0,0,0
77,32,6,3286.32568744118,1599.61103647917,0,0,0,167,0,0,0
77,32,7,20447.008598527,9145.57219417135,51,0,0,195,0,0,1
77,32,8,0,5,0,0,0,0,0,0,0
77,33,1,2967.71490785281,1188.17763379616,0,0,0,124,0,0,0
77,33,2,2950.15374748059,1398.86861722089,0,0,0,199,0,0,0
77,33,3,2875.48432961537,1102.92377745687,0,0,0,100,0,0,0
77,33,4,2997.18296933501,2137.82190186415,0,0,0,93,0,0,0
77,33,5,3041.73679862089,611.123233739897,0,0,0,78,0,0,0
77,33,6,3328.05787225102,1285.96395766868,0,0,0,159,0,0,0
77,33,7,20503.459161087,10267.4499908592,92,0,0,206,0,0,0
77,33,8,0,5,0,0,0,0,0,0,0
77,34,1,2978.49513050114,769.122352543503,0,0,0,118,0,0,0
77,34,2,2956.59842945026,1263.23504322095,0,0,0,139,0,0,0
77,34,3,2882.13034598401,1584.97769863596,0,0,0,110,0,0,0
77,34,4,3019.03446578301,1513.96316706943,4,0,0,174,0,0,0
77,34,5,3044.63400593737,1714.88234967458,0,0,0,61,0,0,0
77,34,6,3356.23359843342,1560.08984677561,0,0,0,128,0,0,0
77,34,7,20542.938098687,5998.85852072701,98,0,0,199,0,0,0
77,34,8,0,5,0,0,0,0,0,0,0
77,35,1,2976.36951572482,894.052211786233,1,0,0,75,0,0,0
77,35,2,2962.65360963586,1540.23755644476,0,0,0,126,0,0,0
77,35,3,2890.78604570625,757.036893573757,11,0,0,140,0,0,0
77,35,4,3034.21227891837,1661.76667076201,5,0,0,142,0,0,0
77,35,5,3072.65813518731,1121.5421765809,11,0,0,153,0,0,0
77,35,6,3390.96659678222,1435.70721893201,8,0,0,143,0,0,0
77,35,7,20604.091703807,10598.6131215768,215,0,0,242,0,0,0
77,35,8,0,5,0,0,0,0,0,0,0
77,36,1,2979.60324632987,1224.09116794287,0,0,0,89,0,0,0
77,36,2,2973.68878553171,586.161797199563,0,0,0,154,0,0,0
77,36,3,2886.92131997287,828.995165520226,0,0,0,75,0,0,0
77,36,4,3055.16904289405,1268.28429121616,0,0,0,166,0,0,0
77,36,5,3082.20299252107,1465.98598853061,0,0,0,112,0,0,0
77,36,6,3429.8631209883,1079.33519798671,0,0,0,143,0,0,0
77,36,7,20649.6106158069,5073.56546407987,55,0,0,186,0,0,0
77,36,8,0,5,0,0,0,0,0,0,0
77,37,1,2986.35096495376,1545.83205136245,0,0,0,122,0,0,0
77,37,2,2953.07473268819,2329.58650268887,0,0,0,58,0,0,0
77,37,3,2886.3298871591,1433.66139477007,0,0,0,82,0,0,0
77,37,4,3067.23170738915,1450.51759605323,0,0,0,126,0,0,0
77,37,5,3100.87051753867,1718.9307781148,0,0,0,146,0,0,0
77,37,6,3446.8154633074,2013.22328179036,0,0,0,107,0,0,0
77,37,7,20691.9355212789,4612.79544333975,136,0,0,194,0,0,0
77,37,8,0,5,0,0,0,0,0,0,0
77,38,1,2996.24049814141,1232.15525916471,0,0,0,152,0,0,0
77,38,2,2968.58497235371,1369.18383921255,25,0,0,165,0,0,0
77,38,3,2900.10164861518,1129.36152347626,0,0,0,143,0,0,0
77,38,4,3079.21191676561,2073.35206988778,0,0,0,145,0,0,0
77,38,5,3126.37164831115,1292.98626075441,0,0,0,171,0,0,0
77,38,6,3479.26881312702,1604.85493442971,19,0,0,150,0,0,0
77,38,7,20739.6238361589,11728.19069518,92,0,0,212,0,0,0
77,38,8,0,5,0,0,0,0,0,0,0
77,39,1,3012.48322215033,1095.08716741369,0,0,0,123,0,0,0
77,39,2,2981.85659668497,818.051531326691,0,0,0,136,0,0,0
77,39,3,2906.02695932085,1253.16693851848,0,0,0,112,0,0,0
77,39,4,3096.48876594218,1106.70173482901,1,0,0,176,0,0,0
77,39,5,3142.66849747748,1567.13155040311,0,0,0,129,0,0,0
77,39,6,3528.77842029559,1399.77988261873,0,0,0,160,0,0,0
77,39,7,20785.9831756788,9683.81179284614,39,0,0,209,0,0,0
77,39,8,0,5,0,0,0,0,0,0,0
77,40,1,3008.33671672952,775.956517279864,0,0,0,109,0,0,0
77,40,2,2966.95239841318,1085.3264026349,0,0,0,81,0,0,0
77,40,3,2898.56045537789,1530.36352910945,0,0,0,125,0,0,0
77,40,4,3094.75134540433,874.555505406867,0,0,0,110,0,0,0
77,40,5,3157.47426571454,1851.46109586833,0,0,0,156,0,0,0
77,40,6,3550.69525236727,1248.21043202262,0,0,0,139,0,0,0
77,40,7,20826.6159848641,9327.06459558052,43,0,0,242,0,0,0
77,40,8,0,5,0,0,0,0,0,0,0
77,41,1,3005.1553996341,759.685187575061,0,0,0,77,0,0,0
77,41,2,2959.93000563181,859.100164345943,0,0,0,108,0,0,0
77,41,3,2908.67751270581,1297.21391526351,0,0,0,153,0,0,0
77,41,4,3095.78300185397,1809.01052233205,0,0,0,87,0,0,0
77,41,5,3181.9982565889,1163.16851250651,0,0,0,185,0,0,0
77,41,6,3580.28381375889,1232.60127136938,0,0,0,124,0,0,0
77,41,7,20853.3192285377,11384.7043747021,0,50,0,189,0,0,0
77,41,8,0,5,0,0,0,0,0,0,0
77,42,1,2996.09495019026,1154.85500764502,0,0,0,75,0,0,0
77,42,2,2942.6310657165,1276.5798154144,0,0,0,85,0,0,0
77,42,3,2906.50075387675,951.821075865476,0,0,0,129,0,0,0
77,42,4,3105.59105904477,1151.66706832972,0,5,0,161,0,0,0
77,42,5,3190.60446614947,1571.0218649118,0,0,0,116,0,0,0
77,42,6,3597.23317217558,1292.22269045625,0,0,0,123,0,0,0
77,42,7,20906.91828912,7186.53753346759,0,223,0,282,0,0,0
77,42,8,0,5,0,0,0,0,0,0,0
77,43,1,3006.62694550075,701.09267259505,0,0,0,115,0,0,0
77,43,2,2947.68469307725,877.827158058779,0,0,0,127,0,0,0
77,43,3,2903.05924272489,671.203432405534,0,0,0,95,0,0,0
77,43,4,3117.03686990398,725.390172685911,0,0,0,115,0,0,0
77,43,5,3213.800517766,2033.01477500165,0,0,0,157,0,0,0
77,43,6,3631.26244099964,846.28337520786,0,0,0,129,0,0,0
77,43,7,20953.9895177203,8673.81270774412,30,0,0,189,0,0,0
77,43,8,0,5,0,0,0,0,0,0,0
77,44,1,2992.70530109191,1213.48626791435,0,0,0,70,0,0,0
77,44,2,2940.43279806842,1248.30760010818,0,0,0,87,0,0,0
77,44,3,2889.31565770405,687.381301305944,0,0,0,67,0,0,0
77,44,4,3107.63873168196,1740.43803348776,0,0,0,72,0,0,0
77,44,5,3254.44439655396,1140.9173363197,0,0,0,201,0,0,0
77,44,6,3645.36173118648,1744.42114440154,0,0,0,84,0,0,0
77,44,7,20996.6938663923,6327.32409455314,28,0,0,184,0,0,0
77,44,8,0,5,0,0,0,0,0,0,0
77,45,1,2976.69955167679,1219.2209956974,0,59,0,62,0,0,0
77,45,2,2923.43114656601,1128.83208720178,0,61,0,63,0,0,0
77,45,3,2859.33904410687,797.895438061807,0,34,0,34,0,0,0
77,45,4,3100.52280874521,1188.22608473361,0,82,0,92,0,0,0
77,45,5,3246.59484103652,1136.50163135684,0,68,0,46,0,0,0
77,45,6,3644.47750223622,692.506738563378,0,92,0,82,0,0,0
77,45,7,21016.3613977546,13253.4446200924,6,157,0,169,0,0,1
77,45,8,0,5,0,0,0,0,0,0,0
77,46,1,2980.01788517725,1399.12239378342,0,0,0,121,0,0,0
77,46,2,2920.48915805962,1041.2062698327,0,0,0,112,0,0,0
77,46,3,2853.91400300086,1705.53646495745,0,0,0,79,0,0,0
77,46,4,3112.66714086117,686.340600336754,0,0,0,118,0,0,0
77,46,5,3266.81745841124,1598.04372219713,0,0,0,113,0,0,0
77,46,6,3659.86263000839,1788.69314322886,0,0,0,69,0,0,0
77,46,7,21053.2307225546,12808.7838871798,29,0,0,209,0,0,0
77,46,8,0,5,0,0,0,0,0,0,0
77,47,1,2985.79815233664,2100.34785340593,0,0,0,139,0,0,0
77,47,2,2919.51428783819,1243.23831900374,0,0,0,104,0,0,0
77,47,3,2870.80258155283,1195.97581941998,0,0,0,170,0,0,0
77,47,4,3110.37284366995,714.585236476988,0,0,0,68,0,0,0
77,47,5,3300.07037451236,1353.90342425717,0,0,0,159,0,0,0
77,47,6,3706.33444058886,1263.11958460031,0,0,0,178,0,0,0
77,47,7,21095.867453537,8718.1015333873,23,2,0,225,0,0,0
77,47,8,0,5,0,0,0,0,0,0,0
77,48,1,3009.77147978832,895.654990321097,3,0,0,184,0,0,0
77,48,2,2925.04519070206,1134.38513179452,0,0,0,124,0,0,0
77,48,3,2876.96729732239,1313.62825207623,0,0,0,119,0,0,0
77,48,4,3112.164746376,1304.41090507518,0,0,0,71,0,0,0
77,48,5,3338.02238935253,1574.07462942024,0,0,0,135,0,0,0
77,48,6,3749.34435402612,1702.13469344464,0,0,0,126,0,0,0
77,48,7,21144.1673955479,5396.51486699731,107,0,0,176,0,0,0
77,48,8,0,5,0,0,0,0,0,0,0
77,49,1,3000.42051064833,1080.33651176105,0,0,0,89,0,0,0
77,49,2,2922.71728878553,418.893747302026,0,0,0,113,0,0,0
77,49,3,2883.4645173384,1228.63296243978,0,0,0,131,0,0,0
77,49,4,3124.72696968218,1120.36975809518,0,0,0,130,0,0,0
77,49,5,3373.40785951255,1131.74747341124,0,0,0,156,0,0,0
77,49,6,3805.20558745183,1174.38448985185,0,0,0,170,0,0,0
77,49,7,21197.5172430999,9945.05299828684,145,0,0,220,0,0,0
77,49,8,0,5,0,0,0,0,0,0,0
77,50,1,2997.55289769565,1259.76107632862,0,0,0,108,0,0,0
77,50,2,2900.00325583786,955.764520645163,0,0,0,41,0,0,0
77,50,3,2890.28597334786,600.100572860558,0,0,0,122,0,0,0
77,50,4,3134.35898904184,1241.17655673485,0,0,0,112,0,0,0
77,50,5,3396.70769151028,1386.37383728972,0,0,0,113,0,0,0
77,50,6,3836.83384249421,1653.12166072161,0,0,0,117,0,0,0
77,50,7,21247.2126139747,8029.43616122148,45,0,0,184,0,0,0
77,50,8,0,5,0,0,0,0,0,0,0
77,51,1,3012.8023406249,1213.87408606357,0,0,0,125,0,0,0
77,51,2,2901.2097482026,1432.49224883951,0,0,0,95,0,0,0
77,51,3,2884.79105439511,483.163851185987,0,0,0,60,0,0,0
77,51,4,3160.52312028025,2069.73233948194,0,0,0,124,0,0,0
77,51,5,3437.07226551612,993.619995287223,0,0,0,138,0,0,0
77,51,6,3905.15912930765,1095.85233364863,1,0,0,159,0,0,0
77,51,7,21298.4285201755,6954.17778014461,126,0,0,169,0,0,0
77,51,8,0,5,0,0,0,0,0,0,0
77,52,1,3019.50283462846,1549.52912134945,4,0,0,114,0,0,0
77,52,2,2919.24922787751,1822.1967898121,0,0,0,143,0,0,0
77,52,3,2872.64102071923,707.363480005828,0,0,0,48,0,0,0
77,52,4,3186.10556371202,1081.56114356504,36,0,0,149,0,0,0
77,52,5,3464.45650406794,1184.3852641241,0,0,0,99,0,0,0
77,52,6,3939.9861710974,1707.79638879761,0,0,0,109,0,0,0
77,52,7,21390.0440107027,9132.88775064463,255,0,0,253,0,0,13
77,52,8,0,5,0,0,0,0,0,0,0
77,53,1,3035.18306514381,1553.65772784352,0,0,0,154,0,0,0
77,53,2,2937.9462114206,653.761817148299,0,0,0,182,0,0,0
77,53,3,2861.25551573571,1634.56208515543,0,0,0,70,0,0,0
77,53,4,3196.64122881876,1093.50478366394,0,0,0,108,0,0,0
77,53,5,3480.59328450929,1440.35998741656,0,0,0,118,0,0,0
77,53,6,3991.51569207724,1335.47996392912,0,0,0,170,0,0,0
77,53,7,21449.7458791869,7079.85118963011,103,0,0,176,0,0,0
77,53,8,0,5,0,0,0,0,0,0,0
77,54,1,3042.07097845441,1416.02922909766,32,0,0,104,0,0,0
77,54,2,2923.69163768843,495.462027654255,0,0,0,65,0,0,0
77,54,3,2867.01276308514,1220.49026276908,20,0,0,131,0,0,0
77,54,4,3196.65504272419,624.123093929982,0,0,0,109,0,0,0
77,54,5,3507.05749252552,898.033393217942,8,0,0,131,0,0,0
77,54,6,4031.08207377874,1611.90656194048,9,0,0,118,0,0,0
77,54,7,21533.468610064,9034.99432709763,275,0,0,246,0,0,10
77,54,8,0,5,0,0,0,0,0,0,0
77,55,1,3046.82317716191,1359.12838859102,0,0,0,141,0,0,0
77,55,2,2902.35592221107,1342.90300907439,0,0,0,49,0,0,0
77,55,3,2866.89988413744,1246.35225771902,0,0,0,122,0,0,0
77,55,4,3186.70000663639,1884.59470829031,0,0,0,62,0,0,0
77,55,5,3501.00644311351,430.018947119987,0,0,0,89,0,0,0
77,55,6,4071.22848413083,2280.71315219301,0,0,0,161,0,0,0
77,55,7,21591.8024536701,7286.85947740312,80,0,0,196,0,0,0
77,55,8,0,5,0,0,0,0,0,0,0
77,56,1,3054.23456680574,2280.06672914353,0,0,0,135,0,0,0
77,56,2,2890.56919928474,675.134107666651,0,0,0,134,0,0,0
77,56,3,2874.33292849013,1258.22472319936,0,0,0,124,0,0,0
77,56,4,3208.3841517923,2003.54976029436,0,0,0,188,0,0,0
77,56,5,3487.26607240798,1363.97162439841,0,0,0,43,0,0,0
77,56,6,4116.16840191583,2030.25161727106,0,3,0,186,0,0,0
77,56,7,21644.0175900029,14724.0341729413,0,41,0,207,0,0,0
77,56,8,0,5,0,0,0,0,0,0,0
77,57,1,3062.3345686635,801.637139965885,0,4,0,172,0,0,0
77,57,2,2876.39207863762,927.56431394171,0,0,0,67,0,0,0
77,57,3,2864.45263244127,459.269415319991,0,0,0,125,0,0,0
77,57,4,3234.25170591136,731.088230830143,0,0,0,200,0,0,0
77,57,5,3501.05181451689,2422.99872813168,0,0,0,136,0,0,0
77,57,6,4168.94974765231,1166.08318559785,0,0,0,199,0,0,0
77,57,7,21666.1288707452,8544.69348468577,0,96,0,156,0,0,0
77,57,8,0,5,0,0,0,0,0,0,0
77,58,1,3059.56938600882,1644.75959220025,0,0,0,80,0,0,0
77,58,2,2863.14627116193,932.661189600078,0,0,0,92,0,0,0
77,58,3,2849.58743308802,1091.13411126946,0,0,0,45,0,0,0
77,58,4,3224.91750871592,1553.72947728192,0,0,0,73,0,0,0
77,58,5,3545.09595894368,1343.10999129681,2,0,0,186,0,0,0
77,58,6,4217.88670073496,1396.56980024854,0,0,0,116,0,0,0
77,58,7,21739.0235568468,5297.84672749861,37,0,0,216,0,0,0
77,58,8,0,5,0,0,0,0,0,0,0
77,59,1,3054.32733862678,1142.86239215243,0,82,0,82,0,0,0
77,59,2,2846.11805468294,1265.25087825462,0,39,0,54,0,0,0
77,59,3,2826.77124999996,1078.71730423461,0,63,0,46,0,0,0
77,59,4,3208.20642200536,1370.92855270551,0,82,0,73,0,0,0
77,59,5,3538.13814239684,1090.70701745794,0,52,0,82,0,0,0
77,59,6,4230.17300006333,1731.09344810416,0,51,0,88,0,0,0
77,59,7,21771.040784377,15534.8678329237,4,190,0,166,0,0,0
77,59,8,0,5,0,0,0,0,0,0,0
77,60,1,3060.46796208016,636.383519176032,0,0,0,114,0,0,0
77,60,2,2845.9016603872,915.484065920669,0,0,0,126,0,0,0
77,60,3,2823.32883473802,1403.31348700723,0,0,0,107,0,0,0
77,60,4,3221.87168262538,1873.13629097668,0,0,0,137,0,0,0
77,60,5,3551.45954828013,1891.38341583497,0,0,0,109,0,0,0
77,60,6,4277.4589600692,1806.70205745864,0,0,0,173,0,0,0
77,60,7,21814.2473426391,16625.6629368693,29,0,0,232,0,0,0
77,60,8,0,5,0,0,0,0,0,0,0
77,61,1,3055.97910241166,1196.69831343784,0,0,0,63,0,0,0
77,61,2,2844.61779686123,1025.30695186569,0,0,0,91,0,0,0
77,61,3,2830.43355337877,1508.56984462106,0,0,0,140,0,0,0
77,61,4,3249.02762315915,1506.06712311739,0,0,0,187,0,0,0
77,61,5,3584.048390174,1343.81230725759,0,0,0,189,0,0,0
77,61,6,4314.62134834368,852.462426782387,0,0,0,180,0,0,0
77,61,7,21855.3395312087,7463.11100638488,21,0,0,228,0,0,1
77,61,8,0,5,0,0,0,0,0,0,0
77,62,1,3080.61104493717,1883.56248588633,0,0,0,119,0,0,0
77,62,2,2859.78965327771,1216.36570780371,0,0,0,102,0,0,0
77,62,3,2846.55555051842,1047.64917369971,0,0,0,150,0,0,0
77,62,4,3284.57040385674,1068.83438966953,0,0,0,150,0,0,0
77,62,5,3615.15532362366,2452.09924709904,0,0,0,134,0,0,0
77,62,6,4344.95304400694,2712.14408350161,0,0,0,85,0,0,0
77,62,7,21933.5454760264,12530.9857147924,29,0,0,200,0,0,0
77,62,8,0,5,0,0,0,0,0,0,0
77,63,1,3100.90464919399,778.975893243535,0,0,0,188,0,0,0
77,63,2,2857.93947166677,1687.39739452993,0,0,0,121,0,0,0
77,63,3,2841.22576293753,809.958990822767,0,0,0,104,0,0,0
77,63,4,3292.82599682303,1211.09688201599,0,0,0,106,0,0,0
77,63,5,3659.93989152084,1625.30529759887,1,0,0,199,0,0,0
77,63,6,4424.04642530356,1574.22077680323,1,0,0,208,0,0,0
77,63,7,21974.1796706632,12051.4760791539,31,0,0,210,0,0,1
77,63,8,0,5,0,0,0,0,0,0,0
77,64,1,3094.58505011174,1947.74252884579,0,0,0,77,0,0,0
77,64,2,2874.7281683309,725.731916177265,0,0,0,168,0,0,0
77,64,3,2836.87769312383,1591.57909611259,0,0,0,80,0,0,0
77,64,4,3295.73762501882,1634.90929255152,0,0,0,121,0,0,0
77,64,5,3706.66132075712,1142.79376401314,0,0,0,162,0,0,0
77,64,6,4487.11710206955,1624.2629739366,0,0,0,157,0,0,0
77,64,7,22031.66521378,10171.0498249651,28,0,0,269,0,0,2
77,64,8,0,5,0,0,0,0,0,0,0
77,65,1,3124.36817945296,2207.79223545325,2,0,0,173,0,0,0
77,65,2,2871.52845007733,1049.27320881541,0,0,0,72,0,0,0
77,65,3,2859.4829383825,1488.30323096903,0,0,0,159,0,0,0
77,65,4,3328.74137322231,823.175647031737,0,0,0,163,0,0,0
77,65,5,3733.16265645125,1066.46769242285,0,0,0,114,0,0,0
77,65,6,4557.66764707495,1408.23767497225,0,0,0,162,0,0,0
77,65,7,22098.2301077972,11852.6789386348,88,0,0,205,0,0,2
77,65,8,0,5,0,0,0,0,0,0,0
77,66,1,3146.99060960779,805.311526744346,3,0,0,171,0,0,0
77,66,2,2863.18772730133,1645.53431699501,0,0,0,104,0,0,0
77,66,3,2873.0272436342,1277.62262179655,0,0,0,148,0,0,0
77,66,4,3331.91340323008,774.603374545532,0,0,0,82,0,0,0
77,66,5,3746.42154517915,1142.30412407776,0,0,0,106,0,0,0
77,66,6,4610.16828474695,1865.75340548331,0,0,0,140,0,0,0
77,66,7,22132.3984856696,12403.2774364857,70,0,0,182,0,0,0
77,66,8,0,5,0,0,0,0,0,0,0
77,67,1,3133.30801806962,1491.98581619196,0,0,0,80,0,0,0
77,67,2,2869.21768724402,1704.72165658325,0,0,0,164,0,0,0
77,67,3,2871.71383873783,916.479308408565,0,0,0,127,0,0,0
77,67,4,3317.08600228693,1609.87313148797,0,0,0,77,0,0,0
77,67,5,3756.19706674854,1186.50626612694,0,0,0,114,0,0,0
77,67,6,4662.77395938108,2848.81271042847,0,0,0,186,0,0,0
77,67,7,22160.0246221431,12351.364866118,58,0,0,245,0,0,0
77,67,8,0,5,0,0,0,0,0,0,0
77,68,1,3152.70936867003,1726.33865657865,0,0,0,149,0,0,0
77,68,2,2894.40936424706,1550.69010210052,0,0,0,168,0,0,0
77,68,3,2866.07360107108,1523.90670818202,0,0,0,91,0,0,0
77,68,4,3343.57972001149,1002.21684337754,0,0,0,160,0,0,0
77,68,5,3784.90281618983,1572.94999271827,0,0,0,118,0,0,0
77,68,6,4767.77228180382,3471.49544775539,6,0,0,197,0,0,0
77,68,7,22202.9700586613,14724.1151257941,76,0,0,197,0,0,7
77,68,8,0,5,0,0,0,0,0,0,0
77,69,1,3163.53682821494,468.560490055335,0,0,0,172,0,0,0
77,69,2,2898.9958273054,1936.84130364032,0,0,0,155,0,0,0
77,69,3,2869.29530552138,1366.86205872825,0,0,0,152,0,0,0
77,69,4,3333.52138538135,1335.83729283222,0,0,0,100,0,0,0
77,69,5,3800.96687535339,1377.28849076241,0,0,0,157,0,0,0
77,69,6,4868.64877476705,2547.9293587197,0,0,0,314,0,0,0
77,69,7,22207.2047127294,5515.18947564319,0,45,0,217,0,0,0
77,69,8,0,5,0,0,0,0,0,0,0
77,70,1,3149.38026876349,1010.83248191823,0,0,0,46,0,0,0
77,70,2,2913.58457768171,949.644639048377,4,0,0,180,0,0,0
77,70,3,2878.6552296661,1548.78227696618,0,0,0,136,0,0,0
77,70,4,3344.05184823494,1432.20630717338,0,0,0,133,0,0,0
77,70,5,3836.41123590317,1103.49471750149,0,0,0,137,0,0,0
77,70,6,4938.56114761628,1158.63061128755,17,0,0,193,0,0,0
77,70,7,22229.8359258708,4257.54720642646,111,0,0,174,0,0,0
77,70,8,0,5,0,0,0,0,0,0,0
77,71,1,3138.5389380324,1420.97122769761,0,54,0,47,0,0,0
77,71,2,2902.4833744818,1208.17900776952,0,41,0,53,0,0,0
77,71,3,2874.60588411215,1231.29266825642,0,71,0,83,0,0,0
77,71,4,3333.03069622132,1652.89784531082,0,70,0,73,0,0,0
77,71,5,3832.66142560929,707.098291039508,0,50,0,60,0,0,0
77,71,6,4947.58774262419,2273.54745972422,0,60,0,55,0,0,0
77,71,7,22263.7245757618,9605.3219254166,0,204,0,221,0,0,0
77,71,8,0,5,0,0,0,0,0,0,0
77,72,1,3177.82081105404,1096.44597786899,0,0,0,142,0,0,0
77,72,2,2923.02086666507,797.347836330626,0,0,0,120,0,0,0
77,72,3,2898.87187369917,1149.3773768816,0,0,0,123,0,0,0
77,72,4,3379.3284144785,1233.8077411624,0,0,0,165,0,0,0
77,72,5,3857.06230009229,955.86884026287,0,0,0,70,0,0,0
77,72,6,5071.29283394846,1298.54098289491,0,0,0,203,0,0,0
77,72,7,22368.8999956551,7808.39091109186,27,0,0,247,0,0,0
77,72,8,0,5,0,0,0,0,0,0,0
77,73,1,3197.93019291017,1481.54522903517,0,0,0,109,0,0,0
77,73,2,2922.8293430592,1384.3999657618,0,0,0,79,0,0,0
77,73,3,2919.11525244646,700.949625093311,0,0,0,114,0,0,0
77,73,4,3398.15251961714,1828.81873913748,0,0,0,123,0,0,0
77,73,5,3888.32827552455,2011.52376599625,0,0,0,95,0,0,0
77,73,6,5140.15017555454,3041.48476722951,0,0,0,129,0,0,0
77,73,7,22487.7700479455,9487.27177425058,18,0,0,266,0,0,8
77,73,8,0,5,0,0,0,0,0,0,0
77,74,1,3234.4760693008,1679.3580768088,0,0,0,148,0,0,0
77,74,2,2964.82659816275,1018.35938863666,0,0,0,138,0,0,0
77,74,3,2924.98847709941,1530.38000694139,0,0,0,70,0,0,0
77,74,4,3455.67163260381,1790.55586245892,0,0,0,182,0,0,0
77,74,5,3976.25188628056,2303.72607313843,0,0,0,194,0,0,0
77,74,6,5276.81982674503,2186.51606585341,3,0,0,213,0,0,0
77,74,7,22609.7276251086,5682.28128257907,31,0,0,212,0,0,0
77,74,8,0,5,0,0,0,0,0,0,0
77,75,1,3253.05968543028,1792.89371158121,0,0,0,167,0,0,0
77,75,2,2964.13645114598,966.202791107798,0,0,0,101,0,0,0
77,75,3,2935.92441773786,1312.07629630833,0,0,0,153,0,0,0
77,75,4,3478.88402273618,1701.97851191166,0,0,0,179,0,0,0
77,75,5,4011.59596777359,2101.55234612434,11,0,0,166,0,0,0
77,75,6,5313.99013149077,1979.95416026085,10,0,0,162,0,0,0
77,75,7,22640.8674705009,12929.9500791991,66,0,0,194,0,0,0
77,75,8,0,5,0,0,0,0,0,0,0
77,76,1,3292.30748539484,843.308737606243,0,0,0,179,0,0,0
77,76,2,2960.52081091206,2443.85277521305,0,0,0,96,0,0,0
77,76,3,2945.15278420806,740.013923799575,0,0,0,131,0,0,0
77,76,4,3515.7685549427,1385.50830819876,0,0,0,170,0,0,0
77,76,5,4080.4270644366,2393.52435511205,0,0,0,187,0,0,0
77,76,6,5428.67855252216,1451.12388507382,0,0,0,197,0,0,0
77,76,7,22690.7520590572,7717.38726343645,40,0,0,198,0,0,0
77,76,8,0,5,0,0,0,0,0,0,0
77,77,1,3302.17944411319,658.25680842816,0,0,0,84,0,0,0
77,77,2,3003.56863652951,1363.54726235852,4,0,0,209,0,0,0
77,77,3,2944.57703979989,1500.80736460363,0,0,0,74,0,0,0
77,77,4,3550.65612209384,1874.24131005762,0,0,0,138,0,0,0
77,77,5,4179.9355118151,1151.7355252252,4,0,0,200,0,0,0
77,77,6,5535.43785345164,1960.73606543592,0,0,0,145,0,0,0
77,77,7,22760.8897428126,6718.9690566529,65,0,0,195,0,0,0
77,77,8,0,5,0,0,0,0,0,0,0
77,78,1,3308.01596704062,938.501189831333,0,0,0,65,0,0,0
77,78,2,3030.63926205567,726.095884225699,0,0,0,136,0,0,0
77,78,3,2968.89436546538,1478.83410772854,0,0,0,150,0,0,0
77,78,4,3598.61075812445,473.485714327393,0,0,0,187,0,0,0
77,78,5,4208.78858894118,989.343503489879,0,0,0,115,0,0,0
77,78,6,5691.79362027745,1884.93683767172,0,0,0,196,0,0,0
77,78,7,22818.3531567015,11112.4860388753,123,0,0,201,0,0,1
77,78,8,0,5,0,0,0,0,0,0,0
77,79,1,3318.51925051938,1804.08316018792,0,0,0,93,0,0,0
77,79,2,3017.85414459595,1257.5175358547,0,0,0,72,0,0,0
77,79,3,2982.83617636768,1040.56192209393,0,0,0,147,0,0,0
77,79,4,3597.52594875894,1502.32343579535,0,0,0,47,0,0,0
77,79,5,4228.05126245076,1618.61343956652,0,0,0,98,0,0,0
77,79,6,5805.13141686314,2516.63643169814,0,0,0,188,0,0,0
77,79,7,22909.5757232787,7425.80691559234,42,0,0,246,0,0,0
77,79,8,0,5,0,0,0,0,0,0,0
77,80,1,3370.60622994596,1197.72668386023,1,0,0,169,0,0,0
77,80,2,3037.01889917045,764.849419233113,0,0,0,125,0,0,0
77,80,3,2988.2554963926,1405.489050164,0,0,0,104,0,0,0
77,80,4,3654.54909838377,2776.99907290085,0,0,0,150,0,0,0
77,80,5,4303.98175517614,1848.7430197654,0,0,0,161,0,0,0
77,80,6,5941.23688842142,2162.8170142068,14,0,0,167,0,0,0
77,80,7,22970.5583251304,11659.8750214373,98,0,0,164,0,0,0
77,80,8,0,5,0,0,0,0,0,0,0
77,81,1,3379.63630701208,1595.55402400147,0,0,0,119,0,0,0
77,81,2,3029.58231003365,938.511612358582,0,0,0,76,0,0,0
77,81,3,3004.19079851274,1659.06233513072,0,0,0,140,0,0,0
77,81,4,3695.83277921976,1656.84754928354,2,0,0,184,0,0,1
77,81,5,4366.42087265262,1283.89647548149,0,0,0,184,0,0,0
77,81,6,6085.68651116598,4059.31893875472,0,0,0,209,0,0,0
77,81,7,23015.5562615741,6872.19345261578,50,0,0,187,0,0,0
77,81,8,0,5,0,0,0,0,0,0,0
77,82,1,3413.79788746286,1311.06962534305,0,0,0,159,0,0,0
77,82,2,3046.62815496614,1355.05495825507,0,0,0,93,0,0,0
77,82,3,3026.18914098995,2131.1371851213,1,0,0,163,0,0,0
77,82,4,3738.86961959317,1435.54280459,0,0,0,165,0,0,0
77,82,5,4417.80199872903,1340.97150936947,0,0,0,128,0,0,0
77,82,6,6255.31645156382,3061.71303577185,82,0,0,209,0,0,0
77,82,7,23117.7869329345,9823.0907823681,189,0,0,231,0,0,0
77,82,8,0,5,0,0,0,0,0,0,0
77,83,1,3432.3715866234,1840.46178029324,0,0,0,131,0,0,0
77,83,2,3045.10805066093,852.139520104756,0,0,0,135,0,0,0
77,83,3,3043.47259620624,1737.51982441313,2,0,0,179,0,0,0
77,83,4,3758.5480305327,1763.38750962735,0,0,0,143,0,0,0
77,83,5,4452.8649245654,1912.81505255396,0,0,0,134,0,0,0
77,83,6,6373.86426938371,1353.11530538348,6,0,0,207,0,0,0
77,83,7,23187.7857583984,9963.14231503192,51,0,0,244,0,0,0
77,83,8,0,5,0,0,0,0,0,0,0
77,84,1,3455.44387850799,1667.65768110679,0,0,0,184,0,0,0
77,84,2,3034.40655725041,997.082010775292,0,0,0,85,0,0,0
77,84,3,3079.76135116831,1459.77493659351,0,0,0,173,0,0,0
77,84,4,3800.77633828024,1807.24309571771,0,0,0,176,0,0,0
77,84,5,4532.84421159135,2623.83131604706,0,0,0,191,0,0,0
77,84,6,6507.83156486,1854.52680694938,0,0,0,135,0,0,0
77,84,7,23256.6089659101,4547.3949095878,0,51,0,218,0,0,0
77,84,8,0,5,0,0,0,0,0,0,0
77,85,1,3479.60794860458,2240.59194122717,1,0,0,162,0,0,0
77,85,2,3019.82782887092,1005.1601720065,0,0,0,99,0,0,0
77,85,3,3105.34239445584,1490.80509770168,0,0,0,145,0,0,0
77,85,4,3832.79615389809,1471.59263945636,0,0,0,180,0,0,0
77,85,5,4593.15674984077,2221.34796332138,21,0,0,181,0,0,0
77,85,6,6604.82709891465,1818.22121486133,1,0,0,180,0,0,0
77,85,7,23306.8721064785,11853.2067664674,80,0,0,158,0,0,0
77,85,8,0,5,0,0,0,0,0,0,0
77,86,1,3507.21474159819,1309.39309873204,0,0,0,223,0,0,0
77,86,2,3007.31390962614,1042.39958639307,0,0,0,100,0,0,0
77,86,3,3110.87020138201,1519.98191141864,0,0,0,149,0,0,0
77,86,4,3849.46645864529,2387.85770641592,0,0,0,147,0,0,0
77,86,5,4625.21561712632,1268.9107552959,0,1,0,157,0,0,0
77,86,6,6668.94958171535,2646.21949748814,0,0,0,181,0,0,0
77,86,7,23359.9969523784,11398.2396538257,4,20,0,213,0,0,0
77,86,8,0,5,0,0,0,0,0,0,0
77,87,1,3528.66875745562,1858.09085158888,0,0,0,130,0,0,0
77,87,2,3014.24040368464,1470.79955051838,0,0,0,104,0,0,0
77,87,3,3122.69345057824,1386.82109370224,0,9,0,137,0,0,0
77,87,4,3876.47660947957,1619.68806512311,0,68,0,129,0,0,0
77,87,5,4671.83207757706,1576.45319713878,0,0,0,126,0,0,0
77,87,6,6760.83528621053,2243.86479846667,0,66,0,158,0,0,0
77,87,7,23451.45949398,14026.9035783526,7,237,0,219,0,0,0
77,87,8,0,5,0,0,0,0,0,0,0
77,88,1,3544.08846897985,1841.66907645095,0,0,0,185,0,0,0
77,88,2,3010.3050377388,587.506865226553,0,0,0,147,0,0,0
77,88,3,3129.20008310165,1437.85992585243,0,0,0,138,0,0,0
77,88,4,3895.16528775828,1854.41606864781,0,0,0,161,0,0,0
77,88,5,4712.56184030584,796.851428279294,0,0,0,157,0,0,0
77,88,6,6855.55846552659,3762.20592073222,0,0,0,217,0,0,0
77,88,7,23498.7991063447,8409.64137505637,16,8,0,219,0,0,0
77,88,8,0,5,0,0,0,0,0,0,0
77,89,1,3607.86553292578,1445.25569529458,0,0,0,184,0,0,0
77,89,2,3004.66238835756,1940.76100803352,0,0,0,58,0,0,0
77,89,3,3138.3752236122,1576.42135495168,0,0,0,143,0,0,0
77,89,4,3963.73314392613,2034.11655204159,1,0,0,176,0,0,0
77,89,5,4768.48924654596,1922.42860934762,0,0,0,79,0,0,0
77,89,6,7094.48139165622,3729.11625787146,15,0,0,243,0,0,0
77,89,7,23625.5290326906,7817.84337632576,79,0,0,163,0,0,0
77,89,8,0,5,0,0,0,0,0,0,0
77,90,1,3633.0458096204,1972.1195732503,0,0,0,144,0,0,0
77,90,2,3059.75361949242,1527.71004759101,0,0,0,185,0,0,4
77,90,3,3183.10067713143,967.618487321268,0,0,0,157,0,0,0
77,90,4,4039.87053604406,1842.30319194876,4,0,0,169,0,0,1
77,90,5,4916.4241930907,2501.35687535923,0,0,0,187,0,0,0
77,90,6,7429.69398158334,5056.58405164942,17,0,0,242,0,0,0
77,90,7,23737.9160932235,8220.74239041136,76,0,0,202,0,0,0
77,90,8,0,5,0,0,0,0,0,0,0
77,91,1,3658.28000174706,1804.42669557384,11,0,0,135,0,0,0
77,91,2,3088.27940767945,1126.84620447129,0,0,0,151,0,0,0
77,91,3,3190.36719231753,1306.68091005317,0,0,0,96,0,0,0
77,91,4,4128.97761875744,1926.17786381056,0,0,0,183,0,0,0
77,91,5,5026.94723919717,2111.10381969919,17,0,0,158,0,0,0
77,91,6,7609.04145795575,2801.51861035286,61,0,0,171,0,0,0
77,91,7,23818.7764696653,5730.07631380727,115,0,0,172,0,0,0
77,91,8,0,5,0,0,0,0,0,0,0
77,92,1,3672.9666049498,1998.02620290066,42,0,0,112,0,0,0
77,92,2,3103.58838854835,691.566212432567,1,0,0,111,0,0,0
77,92,3,3221.16989422534,1625.59990462488,3,0,0,125,0,0,0
77,92,4,4159.45031030689,1346.56237644046,32,0,0,141,0,0,0
77,92,5,5140.45150393238,1158.89355237499,40,0,0,147,0,0,0
77,92,6,7844.54357590147,1383.65471643375,88,0,0,139,0,0,0
77,92,7,23948.562072977,11874.1968468658,203,0,0,248,0,0,0
77,92,8,0,5,0,0,0,0,0,0,0
77,93,1,3698.47205148864,1219.8220514602,0,0,0,199,0,0,0
77,93,2,3086.37398954215,1136.49058473399,0,0,0,69,0,0,0
77,93,3,3242.61085072085,1832.90565307371,0,0,0,162,0,0,0
77,93,4,4167.30677002051,2484.70857806086,0,0,0,134,0,0,0
77,93,5,5185.53214077242,2665.32285977862,0,0,0,115,0,0,0
77,93,6,7982.90744427296,2156.21777777892,0,0,0,138,0,0,0
77,93,7,23962.0923465866,15069.0832133703,49,0,0,196,0,0,0
77,93,8,0,5,0,0,0,0,0,0,0
77,94,1,3689.88540817479,1377.18141411744,0,0,0,121,0,0,0
77,94,2,3077.56152196764,1350.97435429524,0,0,0,113,0,0,0
77,94,3,3264.19042527226,1373.05486576029,0,0,0,183,0,0,0
77,94,4,4196.65441084665,3096.79358717165,1,0,0,186,0,0,0
77,94,5,5269.65113830011,3214.24269601181,0,0,0,247,0,0,0
77,94,6,8128.41173480421,3679.47315013788,0,0,0,215,0,0,0
77,94,7,23990.8133430615,9763.79881966368,40,0,0,221,0,0,2
77,94,8,0,5,0,0,0,0,0,0,0
77,95,1,3686.54259327448,1392.94867255574,0,73,0,64,0,0,0
77,95,2,3075.77261820916,822.106854092827,0,53,0,82,0,0,0
77,95,3,3275.84435675031,1159.64913691372,0,68,0,69,0,0,0
77,95,4,4249.39443728933,1664.90407769229,0,176,0,133,0,0,0
77,95,5,5352.92368092057,2949.34859819854,0,170,0,148,0,0,0
77,95,6,8459.02951307978,3305.34215682914,0,162,0,205,0,0,0
77,95,7,24050.7502229205,13778.4138849334,10,142,0,170,0,0,0
77,95,8,0,5,0,0,0,0,0,0,0
77,96,1,3699.51779419177,902.763785829359,0,0,0,139,0,0,0
77,96,2,3081.36394747566,1249.46169136652,0,0,0,82,0,0,0
77,96,3,3290.98328849713,441.41988067518,0,0,0,115,0,0,0
77,96,4,4287.83459471204,2461.11532246864,0,0,0,166,0,0,0
77,96,5,5457.4762773748,3067.35425181434,0,0,0,270,0,0,0
77,96,6,8602.16665485308,3135.60132995562,1,0,0,276,0,0,0
77,96,7,24083.9470655911,16142.5916031381,28,0,0,191,0,0,0
77,96,8,0,5,0,0,0,0,0,0,0
77,97,1,3709.18651935838,1774.56063020792,0,0,0,90,0,0,0
77,97,2,3099.67697994417,1354.42426505686,0,0,0,124,0,0,0
77,97,3,3282.63259143887,1120.2711601897,0,0,0,44,0,0,0
77,97,4,4355.15193385311,1804.62350501498,0,0,0,204,0,0,0
77,97,5,5545.11159069363,2682.81356207862,1,0,0,224,0,0,0
77,97,6,8800.91730366922,5824.76839836924,1,0,0,203,0,0,0
77,97,7,24116.6505692546,6737.46526648977,22,0,0,219,0,0,3
77,97,8,0,5,0,0,0,0,0,0,0
77,98,1,3778.83204525537,1704.48613562901,0,0,0,177,0,0,0
77,98,2,3153.10968795308,726.762228176339,0,0,0,135,0,0,0
77,98,3,3360.27562454157,1070.9401206798,0,0,0,112,0,0,0
77,98,4,4492.03615362389,1783.93362447104,0,0,0,180,0,0,0
77,98,5,5824.71423570268,2786.20005511385,0,0,0,223,0,0,0
77,98,6,9427.90557844216,4834.7355839269,24,0,0,184,0,0,0
77,98,7,24321.273423749,6374.01389151809,25,0,0,249,0,0,0
77,98,8,0,5,0,0,0,0,0,0,0
77,99,1,3818.67666164874,1374.00890162446,0,0,0,170,0,0,0
77,99,2,3159.17407901163,1045.87997379488,0,0,0,72,0,0,0
77,99,3,3365.61338976176,1280.45195725286,0,0,0,107,0,0,0
77,99,4,4553.6700606075,1819.00300750435,0,0,0,178,0,0,0
77,99,5,5907.67847491569,2818.12190730295,9,0,0,158,0,0,0
77,99,6,9593.29690393301,2531.96799187916,21,0,0,216,0,0,0
77,99,7,24400.8668767468,5894.09573987223,31,0,0,238,0,0,0
77,99,8,0,5,0,0,0,0,0,0,0
77,100,1,3846.62767482549,913.299310852543,0,0,0,137,0,0,0
77,100,2,3173.92022529001,884.804642562425,0,0,0,104,0,0,0
77,100,3,3379.63786420074,1037.64255276827,0,0,0,128,0,0,0
77,100,4,4603.84432621302,2211.13123845455,0,0,0,181,0,0,0
77,100,5,5982.98465380749,1745.06118501394,21,0,0,178,0,0,0
77,100,6,9691.93622318469,3482.2488434031,17,0,0,168,0,0,0
77,100,7,24433.4090792928,11735.2723050641,84,0,0,175,0,0,0
77,100,8,0,5,0,0,0,0,0,0,0
78,1,1,2800.112,1033.52950024856,0,0,0,26,0,0,0
78,1,2,2798.184,1096.11694104035,0,0,0,50,0,0,0
78,1,3,2790.254144,498.720806634437,0,0,0,37,0,0,0
78,1,4,2802.32,1250.59182380842,0,0,0,77,0,0,0
78,1,5,2805.1936,1218.6467086895,0,0,0,88,0,0,0
78,1,6,2801.0992,625.106429904053,0,0,0,67,0,0,0
78,1,7,20278.3135999999,8146.34915762111,0,0,0,56,0,0,0
78,1,8,0,6,0,0,0,79,0,0,0
78,2,1,2807.4784,1908.44987655325,0,0,0,103,0,0,0
78,2,2,2805.312,1300.48295603312,0,0,0,109,0,0,0
78,2,3,2785.0273152,945.408006226073,0,0,0,49,0,0,0
78,2,4,2816.568,1073.02337827478,0,0,0,125,0,0,0
78,2,5,2814.1616,1333.61358042588,0,0,0,121,0,0,0
78,2,6,2799.47648,1392.10330048065,0,0,0,62,0,0,0
78,2,7,20225.6268799998,9669.92404467454,14,7,0,220,0,0,0
78,2,8,0,6,0,0,0,0,0,0,0
78,3,1,2833.1664,1078.62320537465,0,0,0,190,0,0,0
78,3,2,2818.528,184.543125788674,0,0,0,130,0,0,0
78,3,3,2787.1377152,1085.40961442512,0,0,0,94,0,0,0
78,3,4,2824.17728,930.329578765875,0,0,0,107,0,0,0
78,3,5,2825.4112,721.246260501525,0,0,0,133,0,0,0
78,3,6,2815.58304,562.145150438936,0,0,0,139,0,0,0
78,3,7,20186.4751999998,11369.3399833386,3,23,0,281,0,0,0
78,3,8,0,6,0,0,0,0,0,0,0
78,4,1,2842.52032,1131.15956490471,0,0,0,107,0,0,0
78,4,2,2808.806144,1190.4193234777,0,0,0,18,0,0,0
78,4,3,2792.6577152,1191.4167333193,0,0,0,108,0,0,0
78,4,4,2827.28768,1192.88835966985,0,0,0,93,0,0,0
78,4,5,2828.21119999999,518.623892003931,0,0,0,72,0,0,0
78,4,6,2810.87296,1564.95350699331,0,0,0,56,0,0,0
78,4,7,20127.0220799997,9414.87775190876,0,180,0,181,0,0,0
78,4,8,0,6,0,0,0,0,0,0,0
78,5,1,2850.65152,1167.72500135,0,0,0,113,0,0,0
78,5,2,2817.34534399999,1561.75976622654,0,0,0,119,0,0,0
78,5,3,2802.3777152,1686.94979712998,0,0,0,119,0,0,0
78,5,4,2830.666816,1553.47268588076,0,0,0,119,0,0,0
78,5,5,2821.56928,1367.74367180693,0,0,0,51,0,0,0
78,5,6,2828.571456,921.039466924914,0,0,0,156,0,0,0
78,5,7,20088.2508799997,5616.59167174247,28,0,0,213,0,0,0
78,5,8,0,6,0,0,0,0,0,0,0
78,6,1,2846.5936,660.857347120006,0,59,0,57,0,0,0
78,6,2,2814.514944,1150.46370721571,0,79,0,77,0,0,0
78,6,3,2800.81097216,1402.278513319,0,81,0,87,0,0,0
78,6,4,2829.913216,1481.24471507527,0,63,0,92,0,0,0
78,6,5,2817.76288,1127.19938775236,0,60,0,76,0,0,0
78,6,6,2828.131456,1376.46574697312,0,33,0,59,0,0,0
78,6,7,20064.6508799997,10143.5056285601,0,277,0,284,0,0,0
78,6,8,0,6,0,0,0,0,0,0,0
78,7,1,2853.4496,1128.48605238721,0,0,0,66,0,0,0
78,7,2,2833.20710399999,1213.06120290157,0,0,0,115,0,0,0
78,7,3,2825.98985216,1142.68353043562,0,0,0,140,0,0,0
78,7,4,2853.920256,1306.27760379508,0,0,0,148,0,0,0
78,7,5,2832.27488,1535.63038694058,0,0,0,112,0,0,0
78,7,6,2848.678656,1386.80665899106,0,0,0,137,0,0,0
78,7,7,20096.0534399997,8525.99818446972,24,0,0,342,0,0,0
78,7,8,0,6,0,0,0,0,0,0,0
78,8,1,2871.22912,829.880676388908,0,0,0,112,0,0,0
78,8,2,2857.6239872,1061.55035492493,0,0,0,121,0,0,0
78,8,3,2845.71273216001,1206.67875464388,0,0,0,114,0,0,0
78,8,4,2878.033536,720.906311560872,0,0,0,130,0,0,0
78,8,5,2855.06528,530.491712647292,0,0,0,153,0,0,0
78,8,6,2873.114816,805.706991844701,0,0,0,138,0,0,0
78,8,7,20145.2821759996,7777.6526854485,18,0,0,400,0,0,0
78,8,8,0,6,0,0,0,0,0,0,0
78,9,1,2881.56448000001,1324.51706276129,0,0,0,82,0,0,0
78,9,2,2870.9683072,1269.92967340525,0,0,0,106,0,0,0
78,9,3,2864.12297216001,1759.09794581124,0,0,0,120,0,0,0
78,9,4,2887.11040000001,1252.54190555857,0,0,0,72,0,0,0
78,9,5,2859.08768,1685.14259357074,0,0,0,53,0,0,0
78,9,6,2882.697216,444.532108376451,0,0,0,80,0,0,0
78,9,7,20148.4459519996,4195.4096522987,36,0,0,203,0,0,0
78,9,8,0,6,0,0,0,0,0,0,0
78,10,1,2897.19840000001,1561.50428909863,10,0,0,117,0,0,0
78,10,2,2889.1331072,1135.19679474789,0,0,0,126,0,0,0
78,10,3,2886.39753216,374.931384447408,15,0,0,153,0,0,0
78,10,4,2903.9934848,1337.86419761119,0,0,0,125,0,0,0
78,10,5,2877.8784,872.374894230562,23,0,0,134,0,0,0
78,10,6,2882.76999936,1133.34860728405,0,0,0,44,0,0,0
78,10,7,20148.7636479995,5688.36948448979,141,0,0,208,0,0,0
78,10,8,0,6,0,0,0,0,0,0,0
78,11,1,2919.13446400001,947.627338565235,0,0,0,156,0,0,0
78,11,2,2901.9663872,1816.78807751229,0,0,0,113,0,0,0
78,11,3,2886.28815616001,655.358261287118,0,0,0,37,0,0,0
78,11,4,2927.22906880001,1259.63473642999,0,0,0,133,0,0,0
78,11,5,2887.483776,1016.56719621534,0,0,0,87,0,0,0
78,11,6,2898.10190336001,2086.4290350307,0,0,0,113,0,0,0
78,11,7,20149.2983679995,3754.94970425456,58,0,0,203,0,0,0
78,11,8,0,6,0,0,0,0,0,0,0
78,12,1,2910.48774400001,1887.63979025764,82,0,0,12,0,0,0
78,12,2,2908.3369472,1907.29240296555,94,0,0,87,0,0,0
78,12,3,2883.17615616001,875.258006636977,41,0,0,24,0,0,0
78,12,4,2933.75226880001,749.958870802865,56,0,0,69,0,0,0
78,12,5,2885.152512,1301.15233856391,54,0,0,47,0,0,0
78,12,6,2911.05383936001,783.783680159574,111,0,0,97,0,0,0
78,12,7,20141.6296319994,11446.4036746985,160,0,0,186,0,0,3
78,12,8,0,6,0,0,0,0,0,0,0
78,13,1,2938.49254400001,757.163409738673,0,0,0,168,0,0,0
78,13,2,2944.6024192,1388.48271668386,0,0,0,190,0,0,0
78,13,3,2895.87256320001,918.377858058235,0,0,0,87,0,0,0
78,13,4,2941.43221760001,1757.29545090477,0,0,0,74,0,0,0
78,13,5,2906.5299072,1286.74780430994,0,0,0,130,0,0,0
78,13,6,2921.02631936001,1632.06363269084,0,0,0,78,0,0,0
78,13,7,20110.1140991994,4484.63494477803,34,0,0,204,0,0,0
78,13,8,0,6,0,0,0,0,0,0,0
78,14,1,2946.42400000001,1248.51131644751,0,0,0,75,0,0,0
78,14,2,2970.2788352,948.39092288373,0,0,0,138,0,0,0
78,14,3,2908.48286720001,1330.90765187738,0,0,0,91,0,0,0
78,14,4,2970.92379136001,1579.29919679131,0,0,0,175,0,0,0
78,14,5,2926.5702272,639.762077722951,0,0,0,128,0,0,0
78,14,6,2946.62318336001,919.61338787083,0,0,0,163,0,0,0
78,14,7,20077.9864319993,12699.7233659702,41,0,0,183,0,0,2
78,14,8,0,6,0,0,0,0,0,0,0
78,15,1,2966.22553600001,1172.40045129036,0,0,0,124,0,0,0
78,15,2,2984.3507712,1339.23255801742,0,0,0,94,0,0,0
78,15,3,2929.7688832,967.443200399019,0,0,0,133,0,0,0
78,15,4,2996.25025536001,614.837817541797,0,0,0,157,0,0,0
78,15,5,2927.9190912,1833.29777346425,0,0,0,63,0,0,0
78,15,6,2959.40864563201,1064.69234635527,0,0,0,91,0,0,0
78,15,7,20048.8371839993,8228.44785916865,34,0,0,186,0,0,0
78,15,8,0,6,0,0,0,0,0,0,0
78,16,1,2986.94526720001,900.837703824159,0,0,0,117,0,0,0
78,16,2,3008.364736,1455.14807600545,0,0,0,133,0,0,0
78,16,3,2947.259008,1186.34391095332,0,0,0,96,0,0,0
78,16,4,3002.67155456001,1359.45549212732,0,0,0,61,0,0,0
78,16,5,2959.36883200001,1393.51091968176,0,0,0,183,0,0,0
78,16,6,2976.73062963201,1540.83750789828,0,0,0,106,0,0,0
78,16,7,20023.5938918392,11688.9751911877,140,0,0,156,0,0,0
78,16,8,0,6,0,0,0,0,0,0,0
78,17,1,2997.25374720001,1185.30897380578,0,0,0,90,0,0,0
78,17,2,3029.27065600001,839.294903052704,0,0,0,145,0,0,0
78,17,3,2963.13113600001,1230.25785953221,0,0,0,118,0,0,0
78,17,4,3022.75270656001,1360.00753563869,0,0,0,135,0,0,0
78,17,5,2974.43980800001,833.384517235029,0,0,0,139,0,0,0
78,17,6,3000.67506739201,1239.85998570731,0,0,0,154,0,0,0
78,17,7,20009.3224678392,13074.8482297417,55,0,0,195,0,0,0
78,17,8,0,6,0,0,0,0,0,0,0
78,18,1,3016.70457600001,732.169429055683,0,0,0,118,0,0,0
78,18,2,3034.92640000001,1387.36279583689,0,0,0,83,0,0,0
78,18,3,2981.45041920001,1135.87866189459,0,0,0,123,0,0,0
78,18,4,3037.51627520001,1592.11380887807,0,0,0,136,0,0,0
78,18,5,2984.58540800001,1089.662514782,0,0,0,83,0,0,0
78,18,6,3014.97265459201,636.245450766743,0,0,0,123,0,0,0
78,18,7,20000.5154918391,3801.59139936405,43,0,0,196,0,0,0
78,18,8,0,6,0,0,0,0,0,0,0
78,19,1,3024.86118400001,1712.55989249448,0,0,0,73,0,0,0
78,19,2,3053.18880000001,1228.46180406227,0,0,0,138,0,0,0
78,19,3,2994.44912640001,2019.49599886779,0,0,0,113,0,0,0
78,19,4,3060.12480819201,922.64705670174,6,0,0,146,0,0,0
78,19,5,2996.09617920001,1017.79715043422,0,0,0,108,0,0,0
78,19,6,3016.16407859201,1194.27449316596,0,0,0,63,0,0,0
78,19,7,19988.2142305271,7706.59910783634,114,0,0,152,0,0,0
78,19,8,0,6,0,0,0,0,0,0,0
78,20,1,3054.61947136001,872.34439311274,0,0,0,171,0,0,0
78,20,2,3067.50149120001,972.175379273851,0,0,0,122,0,0,0
78,20,3,3022.10957260801,1881.25389462928,2,0,0,171,0,0,0
78,20,4,3070.51812403201,1194.92919845405,0,0,0,92,0,0,0
78,20,5,3006.63919616001,920.531481594415,0,0,0,101,0,0,0
78,20,6,3034.14212659201,1282.55759020196,0,0,0,119,0,0,0
78,20,7,19987.636233727,5898.00272379255,38,0,0,196,0,0,0
78,20,8,0,6,0,0,0,0,0,0,0
78,21,1,3060.08833536001,1864.48789796246,0,0,0,87,0,0,0
78,21,2,3073.66594304001,1536.13876497479,0,0,0,97,0,0,0
78,21,3,3049.993604608,1685.28770025355,0,0,0,188,0,0,0
78,21,4,3082.63117670401,1356.1567138263,0,0,0,119,0,0,0
78,21,5,3013.74064896001,498.662989871114,0,0,0,92,0,0,0
78,21,6,3048.83003443202,1916.54920070707,0,0,0,128,0,0,0
78,21,7,19985.679932927,6424.7604299233,115,0,0,174,0,0,0
78,21,8,0,6,0,0,0,0,0,0,0
78,22,1,3084.13262336001,646.654850964676,5,0,0,159,0,0,0
78,22,2,3097.84524800002,1502.85864406241,0,0,0,153,0,0,0
78,22,3,3075.18010562561,1111.85560390164,1,0,0,163,0,0,0
78,22,4,3098.16715110402,1406.28110096004,0,0,0,135,0,0,0
78,22,5,3011.17387776001,1854.16479091549,0,0,0,49,0,0,0
78,22,6,3073.68168499202,471.813441942347,6,0,0,160,0,0,0
78,22,7,19990.1385287669,4869.7734633147,95,0,0,151,0,0,0
78,22,8,0,6,0,0,0,0,0,0,0
78,23,1,3085.87458560001,1344.9770307507,0,0,0,64,0,0,0
78,23,2,3125.19660800002,1681.57163392602,0,0,0,150,0,0,0
78,23,3,3082.73819688961,740.942015532914,0,0,0,111,0,0,0
78,23,4,3115.79054243842,1540.12336008098,10,0,0,125,0,0,0
78,23,5,3033.22760960001,1344.06974538694,19,0,0,156,0,0,0
78,23,6,3072.60729190402,1045.31318339916,0,0,0,47,0,0,0
78,23,7,20015.5059783668,4250.56367752728,178,0,0,219,0,0,0
78,23,8,0,6,0,0,0,0,0,0,0
78,24,1,3086.46549248002,1056.07221535707,51,0,0,73,0,0,0
78,24,2,3136.37593344002,392.677862449947,39,0,0,121,0,0,0
78,24,3,3081.50658088962,1255.41529818339,0,0,0,74,0,0,0
78,24,4,3128.20489134082,1343.84804156201,14,0,0,137,0,0,0
78,24,5,3045.72198656001,1315.29140366822,10,0,0,122,0,0,0
78,24,6,3081.09682790402,928.851945212396,0,0,0,104,0,0,0
78,24,7,20028.5017159668,10749.9402592121,189,0,0,187,0,0,4
78,24,8,0,6,0,0,0,0,0,0,0
78,25,1,3098.31680768002,1285.75330781139,0,0,0,105,0,0,0
78,25,2,3126.07928064002,1534.46691275938,0,0,0,39,0,0,0
78,25,3,3089.94247229442,1087.13400474177,0,0,0,125,0,0,0
78,25,4,3140.14845982722,1879.01431419731,0,0,0,134,0,0,0
78,25,5,3054.28771072002,1594.09163869937,0,0,0,131,0,0,0
78,25,6,3090.50316441602,1054.34003306247,0,0,0,92,0,0,0
78,25,7,20042.1633479668,8860.45210434868,37,0,0,208,0,0,0
78,25,8,0,6,0,0,0,0,0,0,0
78,26,1,3110.40787916802,1530.5557182445,0,0,0,128,0,0,0
78,26,2,3144.19433267202,788.472833734976,0,0,0,153,0,0,0
78,26,3,3094.96339568641,1130.85232612657,0,0,0,108,0,0,0
78,26,4,3159.53475860892,1677.44723768659,0,0,0,173,0,0,0
78,26,5,3069.95971276802,578.119719890348,0,0,0,159,0,0,0
78,26,6,3101.34358517762,439.733448737535,0,0,0,105,0,0,0
78,26,7,20055.5412725747,5001.51879482245,44,0,0,190,0,0,0
78,26,8,0,6,0,0,0,0,0,0,0
78,27,1,3135.57618767874,1784.27422306697,5,0,0,144,0,0,0
78,27,2,3138.19605923842,907.380921550808,0,0,0,78,0,0,0
78,27,3,3100.26811811842,1656.43232430807,0,0,0,113,0,0,0
78,27,4,3179.76283171637,896.145560225174,9,0,0,152,0,0,0
78,27,5,3069.03787724803,770.724244367582,0,0,0,57,0,0,0
78,27,6,3100.61569423362,1297.48821325596,0,0,0,43,0,0,0
78,27,7,20053.0330516467,6240.59891904331,186,0,0,144,0,0,10
78,27,8,0,6,0,0,0,0,0,0,0
78,28,1,3150.02847823874,1030.92137739024,3,0,0,156,0,0,0
78,28,2,3137.89346979842,1281.74311601416,0,0,0,90,0,0,0
78,28,3,3098.91966586881,1892.10267071271,1,0,0,159,0,0,0
78,28,4,3170.19729689397,1342.01651703407,0,0,0,89,0,0,0
78,28,5,3065.02592460803,806.363954051405,0,0,0,77,0,0,0
78,28,6,3114.44903106562,1272.97389965888,0,0,0,129,0,0,0
78,28,7,20053.5585715187,6105.57962022767,73,0,0,189,0,0,0
78,28,8,0,6,0,0,0,0,0,0,0
78,29,1,3149.24333084674,1698.54206364156,0,0,0,103,0,0,0
78,29,2,3149.47423344642,853.184184965563,0,2,0,125,0,0,0
78,29,3,3095.11365744642,1897.05939024557,0,48,0,126,0,0,0
78,29,4,3182.05334307227,1255.19417988252,0,2,0,131,0,0,0
78,29,5,3061.38036992003,1019.84866069447,0,0,0,80,0,0,0
78,29,6,3125.40526837762,1731.64307021184,0,14,0,109,0,0,0
78,29,7,20065.8328381426,7636.83072849431,5,165,0,209,0,0,0
78,29,8,0,6,0,0,0,0,0,0,0
78,30,1,3171.69676521474,507.477990668107,0,0,0,169,0,0,0
78,30,2,3141.64243619842,1096.55541164164,0,0,0,85,0,0,0
78,30,3,3116.83225655298,1674.70207914295,0,0,0,189,0,0,0
78,30,4,3183.71235479153,2035.56904196255,0,0,0,125,0,0,0
78,30,5,3060.51997747203,993.930411925512,0,0,0,101,0,0,0
78,30,6,3152.98930472962,1364.5756310413,0,0,0,173,0,0,0
78,30,7,20096.5088295922,9975.83709068002,25,0,0,207,0,0,0
78,30,8,0,6,0,0,0,0,0,0,0
78,31,1,3156.24129923074,939.766234230888,0,0,0,50,0,0,0
78,31,2,3136.25860515842,1714.95881139019,0,0,0,109,0,0,0
78,31,3,3132.28724279298,1894.40494509531,0,0,0,167,0,0,0
78,31,4,3205.4795640833,800.030388210415,0,0,0,203,0,0,0
78,31,5,3059.15710760963,1384.28848732916,0,0,0,99,0,0,0
78,31,6,3164.85784565761,1149.24827520864,0,0,0,136,0,0,0
78,31,7,20133.0215873521,12943.641174261,20,0,0,278,0,0,1
78,31,8,0,6,0,0,0,0,0,0,0
78,32,1,3151.77179932674,601.743011875914,0,0,0,93,0,0,0
78,32,2,3147.9475358925,955.144736705003,0,0,0,171,0,0,0
78,32,3,3145.88184928258,1383.38272680223,0,0,0,189,0,0,0
78,32,4,3192.70335823883,1790.98799003344,0,0,0,80,0,0,0
78,32,5,3063.18463887362,1399.58248756808,0,0,0,138,0,0,0
78,32,6,3167.61444364289,532.084401671755,0,0,0,114,0,0,0
78,32,7,20144.4188097521,6274.05970838838,0,41,0,214,0,0,0
78,32,8,0,6,0,0,0,0,0,0,0
78,33,1,3129.08961052674,950.288014788409,0,48,0,7,0,0,0
78,33,2,3142.05379404188,1386.45886541483,0,12,0,82,0,0,0
78,33,3,3130.17457025845,1252.66459283938,0,62,0,70,0,0,0
78,33,4,3180.64032989277,1186.20475333105,0,90,0,80,0,0,0
78,33,5,3052.99769231362,1541.36378797708,0,59,0,75,0,0,0
78,33,6,3157.4323329229,1629.30142018216,0,0,0,53,0,0,0
78,33,7,20186.156921834,8522.16489482372,0,309,0,287,0,0,0
78,33,8,0,6,0,0,0,0,0,0,0
78,34,1,3126.42364905474,1405.87738090337,0,0,0,95,0,0,0
78,34,2,3151.61016293788,774.208314595958,0,0,0,138,0,0,0
78,34,3,3132.22796932303,1514.39616655408,0,0,0,125,0,0,0
78,34,4,3189.57225230429,1140.71450074052,0,0,0,118,0,0,0
78,34,5,3069.86903900162,1136.62738602331,0,0,0,154,0,0,0
78,34,6,3179.5468626125,1384.17817996469,0,0,0,162,0,0,0
78,34,7,20213.557728234,10103.6941891065,33,0,0,193,0,0,0
78,34,8,0,6,0,0,0,0,0,0,0
78,35,1,3139.05360361474,1712.01675958034,0,0,0,140,0,0,0
78,35,2,3149.36394590619,1579.6186263587,0,0,0,77,0,0,0
78,35,3,3147.85275581647,1353.85332202654,0,0,0,151,0,0,0
78,35,4,3198.82828275805,2037.39714414794,0,0,0,114,0,0,0
78,35,5,3082.54538844162,1937.55589171011,0,0,0,113,0,0,0
78,35,6,3202.37655724033,1228.54960092772,0,0,0,138,0,0,0
78,35,7,20267.169425386,9458.96666375071,22,0,0,295,0,0,0
78,35,8,0,6,0,0,0,0,0,0,0
78,36,1,3161.78386358274,1318.9260399679,0,0,0,171,0,0,0
78,36,2,3156.09085260188,843.076790167452,0,0,0,157,0,0,0
78,36,3,3155.75133844687,1902.85138627706,0,0,0,135,0,0,0
78,36,4,3221.88049281694,1353.19053303139,0,0,0,202,0,0,0
78,36,5,3106.24648478722,1210.55352474458,0,0,0,193,0,0,0
78,36,6,3212.11132536833,1134.30296609768,0,0,0,122,0,0,0
78,36,7,20298.662865386,8919.02326690194,21,0,0,249,0,0,3
78,36,8,0,6,0,0,0,0,0,0,0
78,37,1,3177.44832745474,1658.80710160001,0,0,0,131,0,0,0
78,37,2,3154.44268289313,1792.2960682461,0,0,0,84,0,0,0
78,37,3,3182.76644791913,1015.34033119858,0,0,0,190,0,0,0
78,37,4,3238.05022644075,671.663114340981,0,0,0,135,0,0,0
78,37,5,3114.92897146882,930.579443442217,0,0,0,121,0,0,0
78,37,6,3225.27155552667,2239.65862143789,0,0,0,113,0,0,0
78,37,7,20319.062446058,10242.2036827462,52,0,0,187,0,0,2
78,37,8,0,6,0,0,0,0,0,0,0
78,38,1,3198.6815958262,1670.51423340026,0,0,0,164,0,0,0
78,38,2,3173.93218778401,1480.11175548263,0,0,0,179,0,0,0
78,38,3,3180.05809431199,904.08448430348,0,0,0,101,0,0,0
78,38,4,3229.93205142732,424.245161622568,0,0,0,67,0,0,0
78,38,5,3112.68217946114,1252.8064106378,0,0,0,93,0,0,0
78,38,6,3259.99648843778,864.153954119645,0,0,0,217,0,0,0
78,38,7,20325.6612198179,4565.05246904927,47,0,0,180,0,0,0
78,38,8,0,6,0,0,0,0,0,0,0
78,39,1,3213.75780675996,1864.31743191026,0,15,0,138,0,0,0
78,39,2,3190.38751825594,908.041167026906,0,5,0,137,0,0,0
78,39,3,3178.00442364722,1416.04428604887,0,0,0,90,0,0,0
78,39,4,3217.4665451184,1552.5670375451,0,0,0,42,0,0,0
78,39,5,3130.35797442562,901.957616074589,0,0,0,125,0,0,0
78,39,6,3264.79780610459,1418.66394087841,0,0,0,86,0,0,0
78,39,7,20332.8262275875,6311.46838201968,0,158,0,156,0,0,0
78,39,8,0,6,0,0,0,0,0,0,0
78,40,1,3250.02300115765,2043.79004489956,0,0,0,181,0,0,0
78,40,2,3189.59426999994,1072.04098637444,0,0,0,90,0,0,0
78,40,3,3189.0763520282,1903.39411117565,0,0,0,141,0,0,0
78,40,4,3245.4946759808,951.783022106133,0,0,0,155,0,0,0
78,40,5,3128.11194122242,1259.50492828244,0,0,0,90,0,0,0
78,40,6,3287.88425230747,800.077567482326,0,0,0,141,0,0,0
78,40,7,20375.1261914915,8637.52209986953,20,0,0,222,0,0,0
78,40,8,0,6,0,0,0,0,0,0,0
78,41,1,3283.54192667445,2345.00382753906,0,0,0,204,0,0,0
78,41,2,3194.92946446272,1653.79396988726,0,0,0,107,0,0,0
78,41,3,3204.43502794787,672.296346544226,0,0,0,186,0,0,0
78,41,4,3241.7224122499,1326.68028136795,0,0,0,95,0,0,0
78,41,5,3140.80144088271,848.300121055617,0,0,0,125,0,0,0
78,41,6,3287.66024400898,1630.61685027589,0,0,0,80,0,0,0
78,41,7,20418.0570028834,12011.3461286809,23,0,0,266,0,0,0
78,41,8,0,6,0,0,0,0,0,0,0
78,42,1,3318.19249199515,898.41292807876,0,0,0,233,0,0,0
78,42,2,3213.03210482829,1019.55923550281,0,0,0,165,0,0,0
78,42,3,3193.71019980425,1704.15882840372,0,0,0,67,0,0,0
78,42,4,3251.36524620594,1153.06941148822,0,0,0,132,0,0,0
78,42,5,3142.0729008251,677.988985038042,0,0,0,84,0,0,0
78,42,6,3311.36169457174,2052.36058793976,0,0,0,163,0,0,0
78,42,7,20440.0845462306,11616.4313645437,0,62,0,208,0,0,0
78,42,8,0,6,0,0,0,0,0,0,0
78,43,1,3317.34492232091,1499.81936317346,0,0,0,89,0,0,0
78,43,2,3207.25547965076,772.757488263776,0,0,0,101,0,0,0
78,43,3,3190.33779841537,1027.63360970112,0,18,0,126,0,0,0
78,43,4,3254.23997844778,1659.53204606535,0,0,0,115,0,0,0
78,43,5,3131.24231519029,877.26531803741,0,0,0,67,0,0,0
78,43,6,3328.67526619465,1097.34452112525,0,21,0,153,0,0,0
78,43,7,20502.6574853921,11169.0392186527,0,310,0,414,0,0,0
78,43,8,0,6,0,0,0,0,0,0,0
78,44,1,3333.93374604166,1281.50438419389,0,0,0,149,0,0,0
78,44,2,3200.5206502507,1188.43774868051,0,0,0,77,0,0,0
78,44,3,3184.54125696717,1035.18557469982,0,0,0,102,0,0,0
78,44,4,3269.40804371266,1254.81622159907,0,0,0,165,0,0,0
78,44,5,3129.13013465909,1881.06059767256,0,0,0,87,0,0,0
78,44,6,3338.83310176585,1024.87086172487,0,0,0,109,0,0,0
78,44,7,20543.4794194721,4842.37432994574,29,0,0,209,0,0,0
78,44,8,0,6,0,0,0,0,0,0,0
78,45,1,3346.93456708568,1345.70277777796,0,0,0,128,0,0,0
78,45,2,3206.6727374873,968.556213710657,0,0,0,118,0,0,0
78,45,3,3185.06363290552,1504.8519267797,0,0,0,103,0,0,0
78,45,4,3270.07044905488,1344.72730584926,0,0,0,125,0,0,0
78,45,5,3155.27949867009,1214.71803616543,1,0,0,182,0,0,0
78,45,6,3348.49460738787,1728.56198398786,0,0,0,102,0,0,0
78,45,7,20598.731108002,10876.1843530921,60,0,0,209,0,0,0
78,45,8,0,6,0,0,0,0,0,0,0
78,46,1,3370.36852820542,743.825576426514,0,0,0,134,0,0,0
78,46,2,3203.18076537082,1851.21913645599,0,0,0,96,0,0,0
78,46,3,3191.08782293833,1471.38747479061,0,0,0,150,0,0,0
78,46,4,3273.8157502273,893.412160719699,0,0,0,134,0,0,0
78,46,5,3154.39309883802,761.968863149091,0,0,0,121,0,0,0
78,46,6,3368.64336143075,857.202042859038,0,0,0,172,0,0,0
78,46,7,20639.3747964705,10911.9871546208,0,41,0,234,0,0,0
78,46,8,0,6,0,0,0,0,0,0,0
78,47,1,3342.44950611494,1671.55872449655,0,65,0,9,0,0,0
78,47,2,3198.15116129407,1689.12028778828,0,90,0,95,0,0,0
78,47,3,3174.92298096531,1901.76103353309,0,65,0,82,0,0,0
78,47,4,3251.84687307299,888.147539355266,0,41,0,48,0,0,0
78,47,5,3136.95381201306,1743.78030643595,0,28,0,48,0,0,0
78,47,6,3357.15575606167,1039.61287920054,0,55,0,30,0,0,0
78,47,7,20666.1324084001,6320.34124855528,9,219,0,201,0,0,0
78,47,8,0,6,0,0,0,0,0,0,0
78,48,1,3376.44218114802,897.373197394016,0,0,0,167,0,0,0
78,48,2,3230.94838675591,1357.49079549687,0,0,0,168,0,0,0
78,48,3,3219.75417434449,1044.16403303596,0,0,0,190,0,0,0
78,48,4,3250.50243757588,1463.11417989788,0,0,0,88,0,0,0
78,48,5,3161.26312566457,465.566343097696,0,0,0,174,0,0,0
78,48,6,3383.75785095759,1375.98009347882,0,0,0,103,0,0,0
78,48,7,20741.729036282,3521.14045812476,23,0,0,240,0,0,0
78,48,8,0,6,0,0,0,0,0,0,0
78,49,1,3379.38022030512,2023.72589354496,0,0,0,89,0,0,0
78,49,2,3238.85846865793,1002.48614612454,0,0,0,135,0,0,0
78,49,3,3216.51076813153,670.913309328444,0,0,0,104,0,0,0
78,49,4,3248.49472985333,701.592777412495,0,0,0,146,0,0,0
78,49,5,3146.27591368377,1002.38675360076,0,0,0,46,0,0,0
78,49,6,3406.87709279209,1212.76590326663,0,0,0,137,0,0,0
78,49,7,20770.272621562,5471.52391981015,27,0,0,197,0,0,0
78,49,8,0,6,0,0,0,0,0,0,0
78,50,1,3420.93657892523,1402.81129871424,1,0,0,187,0,0,0
78,50,2,3250.06263053707,380.020700349248,0,0,0,100,0,0,0
78,50,3,3214.83828005217,1418.40988989228,0,0,0,67,0,0,0
78,50,4,3238.60493395718,1643.21301837882,0,0,0,70,0,0,0
78,50,5,3155.21041382835,1036.81934003888,0,0,0,100,0,0,0
78,50,6,3435.27921754703,486.510893060037,0,0,0,121,0,0,0
78,50,7,20825.2313524779,7080.67118829921,32,0,0,201,0,0,0
78,50,8,0,6,0,0,0,0,0,0,0
78,51,1,3434.7578216492,967.218900748406,0,0,0,140,0,0,0
78,51,2,3238.61149693815,1197.29532986581,0,0,0,38,0,0,0
78,51,3,3210.40551606673,866.400004830795,0,0,0,141,0,0,0
78,51,4,3257.07699433221,472.263773323562,0,0,0,164,0,0,0
78,51,5,3149.96009620587,1155.39906671333,0,0,0,103,0,0,0
78,51,6,3439.88777855567,1237.47520303465,0,0,0,48,0,0,0
78,51,7,20856.0143088375,9429.72731569679,31,0,0,195,0,0,0
78,51,8,0,6,0,0,0,0,0,0,0
78,52,1,3443.22891906119,1405.15052128158,0,0,0,96,0,0,0
78,52,2,3243.50423205259,1022.49445183226,0,0,0,119,0,0,0
78,52,3,3196.99708575376,1443.29014380674,0,0,0,86,0,0,0
78,52,4,3234.07955418148,1552.29992578325,0,0,0,47,0,0,0
78,52,5,3154.78441495999,1149.16035728716,0,0,0,115,0,0,0
78,52,6,3459.2750773429,1418.20779859429,0,0,0,123,0,0,0
78,52,7,20893.0165629892,10814.2122946338,31,0,0,230,0,0,2
78,52,8,0,6,0,0,0,0,0,0,0
78,53,1,3466.64835513051,1067.54805032396,0,0,0,140,0,0,0
78,53,2,3251.01652259035,1307.04962023182,0,0,0,102,0,0,0
78,53,3,3206.2966947825,1567.41296087239,0,0,0,144,0,0,0
78,53,4,3245.77112009106,1608.09653505596,0,0,0,155,0,0,0
78,53,5,3169.26999159681,843.991743787289,0,0,0,114,0,0,0
78,53,6,3492.66029625122,1661.10545428992,0,0,0,141,0,0,0
78,53,7,20937.0970120427,4566.07282421698,0,57,0,211,0,0,0
78,53,8,0,6,0,0,0,0,0,0,0
78,54,1,3450.72456361629,925.471270448315,0,72,0,34,0,0,0
78,54,2,3253.05603866462,1681.72366542428,0,58,0,72,0,0,0
78,54,3,3188.24606128786,1183.34232896491,0,78,0,78,0,0,0
78,54,4,3238.75885392838,755.876762977069,0,84,0,76,0,0,0
78,54,5,3155.81520159617,1140.1411297952,0,44,0,40,0,0,0
78,54,6,3498.4477194307,1344.66803551737,0,85,0,81,0,0,0
78,54,7,20986.4469390767,7409.00313577093,0,223,0,209,0,0,6
78,54,8,0,6,0,0,0,0,0,0,0
78,55,1,3461.80591350011,584.175650482464,0,0,0,92,0,0,0
78,55,2,3290.47004819851,1365.49487736315,0,0,0,168,0,0,0
78,55,3,3199.70462335738,1685.88103916934,0,0,0,118,0,0,0
78,55,4,3236.67744931623,1268.54435220621,0,0,0,75,0,0,0
78,55,5,3175.31495369912,1312.0068683598,0,0,0,114,0,0,0
78,55,6,3537.64782365968,1587.24212140049,0,0,0,134,0,0,0
78,55,7,21040.458375805,6398.92644320413,31,0,0,184,0,0,0
78,55,8,0,6,0,0,0,0,0,0,0
78,56,1,3461.65497554195,1959.96888241604,0,0,0,58,0,0,0
78,56,2,3340.18754324143,1185.73766834365,0,0,0,136,0,0,0
78,56,3,3233.5509459252,1063.62574422636,0,0,0,168,0,0,0
78,56,4,3270.80793240869,1011.93677216329,0,0,0,126,0,0,0
78,56,5,3213.50184052561,736.199696141684,0,0,0,131,0,0,0
78,56,6,3593.00985654801,1290.08261531578,0,0,0,158,0,0,0
78,56,7,21131.5120020956,3822.29031013113,28,0,0,208,0,0,0
78,56,8,0,6,0,0,0,0,0,0,0
78,57,1,3466.59558567561,1458.03901378704,58,0,0,120,0,0,0
78,57,2,3338.1322974229,1256.99118256675,0,0,0,118,0,0,0
78,57,3,3241.03297007209,1403.86831060878,1,0,0,105,0,0,0
78,57,4,3266.646824681,1372.95744636431,0,0,0,101,0,0,0
78,57,5,3214.30251369444,1083.14772967896,0,0,0,73,0,0,0
78,57,6,3617.18616029512,1354.62923569713,0,0,0,129,0,0,0
78,57,7,21160.8136934876,5826.28199324971,152,0,0,184,0,0,0
78,57,8,0,6,0,0,0,0,0,0,0
78,58,1,3511.21591451079,1340.05360885601,0,0,0,145,0,0,0
78,58,2,3385.93488267517,1435.13266003443,0,0,0,125,0,0,0
78,58,3,3277.09396265425,742.688676501405,0,0,0,140,0,0,0
78,58,4,3296.46294432152,788.841775404298,0,0,0,137,0,0,0
78,58,5,3240.75418419807,1585.43678089858,0,0,0,108,0,0,0
78,58,6,3675.6219224918,1679.5438162043,0,0,0,135,0,0,0
78,58,7,21255.7459720208,11378.7255608094,46,0,0,185,0,0,0
78,58,8,0,6,0,0,0,0,0,0,0
78,59,1,3520.96204278485,2014.06276950693,0,0,0,134,0,0,0
78,59,2,3400.40243197458,1437.60279927602,0,0,0,143,0,0,0
78,59,3,3268.63006221337,1634.27663894116,0,0,0,74,0,0,0
78,59,4,3289.4908478763,1417.86851209504,0,0,0,78,0,0,0
78,59,5,3254.94402291223,1245.42104995687,0,0,0,158,0,0,0
78,59,6,3709.28631173767,464.542075791349,0,0,0,167,0,0,0
78,59,7,21295.3887168528,9750.99124584815,33,0,0,223,0,0,0
78,59,8,0,6,0,0,0,0,0,0,0
78,60,1,3580.64802064574,1536.05382766437,0,0,0,191,0,0,0
78,60,2,3424.16026957393,755.06168794815,0,0,0,143,0,0,0
78,60,3,3296.5683473297,1517.20765702313,0,0,0,163,0,0,0
78,60,4,3313.49388347597,1141.57586823445,0,0,0,141,0,0,0
78,60,5,3282.72824904114,1960.12984720827,0,0,0,124,0,0,0
78,60,6,3703.51604261514,928.94028961124,0,0,0,46,0,0,0
78,60,7,21362.3515793655,8729.78107287529,31,0,0,210,0,0,3
78,60,8,0,6,0,0,0,0,0,0,0
78,61,1,3620.99374513263,1906.88376851454,0,0,0,153,0,0,0
78,61,2,3407.98815761597,1087.75156074467,0,0,0,75,0,0,0
78,61,3,3321.37447403109,1654.76839815619,0,0,0,151,0,0,0
78,61,4,3319.37675366022,1392.93811981457,0,0,0,114,0,0,0
78,61,5,3331.67766749423,1123.39456384088,0,0,0,195,0,0,0
78,61,6,3717.54220191368,1650.99812943218,0,0,0,92,0,0,0
78,61,7,21437.8657176312,7088.14504824181,79,0,0,212,0,0,0
78,61,8,0,6,0,0,0,0,0,0,0
78,62,1,3662.44373529744,1474.06612352698,0,0,0,190,0,0,0
78,62,2,3410.75885541342,1451.18938349296,0,0,0,108,0,0,0
78,62,3,3342.43291779357,1349.28651284079,0,0,0,165,0,0,0
78,62,4,3329.14069883624,1860.41730707188,0,0,0,139,0,0,0
78,62,5,3330.37284021035,1100.33996225758,0,0,0,112,0,0,0
78,62,6,3747.5090725487,1083.92488110182,0,0,0,165,0,0,0
78,62,7,21485.3313857682,11379.4160632604,0,39,0,211,0,0,0
78,62,8,0,6,0,0,0,0,0,0,0
78,63,1,3693.29654394025,1820.04391004246,0,0,0,147,0,0,0
78,63,2,3430.1131244064,1150.0791237342,0,0,0,145,0,0,0
78,63,3,3353.04909895472,1456.10581967458,0,0,0,134,0,0,0
78,63,4,3337.39927249178,1594.64513878007,0,5,0,156,0,0,0
78,63,5,3343.01714684709,1516.17515957033,0,0,0,110,0,0,0
78,63,6,3771.23615017731,1159.30067435233,0,0,0,108,0,0,0
78,63,7,21544.6460948024,8972.59696770003,2,138,0,195,0,0,0
78,63,8,0,6,0,0,0,0,0,0,0
78,64,1,3696.56716979142,2099.85960708391,0,34,0,124,0,0,0
78,64,2,3420.0265788562,1307.32629369963,0,0,0,115,0,0,0
78,64,3,3343.65172470063,1854.61652188918,0,4,0,138,0,0,0
78,64,4,3328.76950093903,1230.52168614898,0,23,0,120,0,0,0
78,64,5,3339.79191178822,891.932183866959,0,16,0,124,0,0,0
78,64,6,3783.44315277513,996.657342100908,0,0,0,115,0,0,0
78,64,7,21615.6134798561,8477.96114550794,0,342,0,312,0,0,0
78,64,8,0,6,0,0,0,0,0,0,0
78,65,1,3758.13403391717,1471.06259089329,0,0,0,209,0,0,0
78,65,2,3429.10180616574,1861.33361173906,0,0,0,130,0,0,0
78,65,3,3363.7342298263,958.337530347832,0,0,0,185,0,0,0
78,65,4,3323.89546442158,1292.17997762424,0,0,0,123,0,0,0
78,65,5,3331.5055962827,871.397936971395,0,0,0,89,0,0,0
78,65,6,3796.67143338355,1424.98821174425,0,0,0,99,0,0,0
78,65,7,21687.4753316948,11206.5321904972,26,0,0,230,0,0,0
78,65,8,0,6,0,0,0,0,0,0,0
78,66,1,3789.73055960629,875.858695437782,0,0,0,147,0,0,0
78,66,2,3471.57390440029,2006.44434266408,0,0,0,183,0,0,0
78,66,3,3354.09306982401,1051.67147502253,0,0,0,95,0,0,0
78,66,4,3320.23081997078,1257.42155828057,0,0,0,129,0,0,0
78,66,5,3321.4953522561,1141.06467092162,0,0,0,87,0,0,0
78,66,6,3834.44847410266,2485.0131396633,0,0,0,142,0,0,0
78,66,7,21757.6814954957,6234.20531120447,0,41,0,234,0,0,0
78,66,8,0,6,0,0,0,0,0,0,0
78,67,1,3764.2029762291,795.835708248361,0,69,0,18,0,0,0
78,67,2,3467.5233734755,1505.91186545976,0,98,0,102,0,0,0
78,67,3,3318.94509257395,1988.94985050374,0,60,0,45,0,0,0
78,67,4,3294.99050261427,2140.28611394965,0,61,0,64,0,0,0
78,67,5,3304.6134471721,997.151335388979,0,53,0,61,0,0,0
78,67,6,3841.14170236748,1768.39289986834,0,147,0,101,0,0,0
78,67,7,21876.2071138755,3957.9365787531,0,318,0,305,0,0,0
78,67,8,0,6,0,0,0,0,0,0,0
78,68,1,3775.65415204884,2468.45218545981,0,0,0,79,0,0,0
78,68,2,3482.67409877615,1327.15014862937,0,0,0,149,0,0,0
78,68,3,3333.07537677567,1235.43123886629,7,0,0,171,0,0,0
78,68,4,3302.64534384062,906.015675939864,13,0,0,166,0,0,0
78,68,5,3306.43396743738,2254.71159791467,0,0,0,99,0,0,0
78,68,6,3883.50460755226,1660.34192622861,1,0,0,173,0,0,0
78,68,7,21912.7209409167,12391.1755911384,67,0,0,161,0,0,0
78,68,8,0,6,0,0,0,0,0,0,0
78,69,1,3819.42947690473,1385.07582367815,1,0,0,203,0,0,0
78,69,2,3489.36973899701,954.263414270943,0,0,0,132,0,0,0
78,69,3,3342.27011794049,962.093242549243,0,0,0,123,0,0,0
78,69,4,3295.95917453312,1531.63278834961,0,0,0,90,0,0,0
78,69,5,3348.20336236325,1013.28527254954,0,0,0,219,0,0,0
78,69,6,3922.40682321246,1595.51540170126,0,0,0,166,0,0,0
78,69,7,21991.6787682877,7420.37764971906,29,0,0,289,0,0,0
78,69,8,0,6,0,0,0,0,0,0,0
78,70,1,3851.96225208147,1401.872371574,0,0,0,138,0,0,0
78,70,2,3505.56228177032,1625.77096914401,0,0,0,95,0,0,0
78,70,3,3345.82941403235,1663.54952402439,0,0,0,96,0,0,0
78,70,4,3329.68188678754,543.032525912076,0,0,0,153,0,0,0
78,70,5,3358.1986026223,2177.80498146708,0,0,0,101,0,0,0
78,70,6,3983.13320304436,1892.46051309243,1,0,0,150,0,0,0
78,70,7,22084.1848790157,8099.1131897848,128,0,0,233,0,0,3
78,70,8,0,6,0,0,0,0,0,0,0
78,71,1,3884.39156611167,786.477141900592,0,0,0,140,0,0,0
78,71,2,3544.08005898328,1634.15333947906,0,0,0,162,0,0,0
78,71,3,3384.06574830516,1924.25509356793,1,0,0,159,0,0,0
78,71,4,3309.30176615016,765.889001030921,0,0,0,54,0,0,0
78,71,5,3398.64712540044,960.809469416046,7,0,0,169,0,0,0
78,71,6,4067.23025469169,2007.58457806214,0,0,0,183,0,0,1
78,71,7,22155.4002841734,6621.32556838315,97,0,0,176,0,0,0
78,71,8,0,6,0,0,0,0,0,0,0
78,72,1,3903.9053906023,1651.46152113298,2,0,0,76,0,0,0
78,72,2,3558.33806901707,1846.91561987363,31,0,0,123,0,0,0
78,72,3,3406.053327309,1392.05568877753,41,0,0,138,0,0,0
78,72,4,3319.33154596989,1578.55137981184,0,0,0,76,0,0,0
78,72,5,3427.53717624189,1137.37440354836,0,0,0,96,0,0,0
78,72,6,4116.50575049519,1252.40346340007,42,0,0,146,0,0,0
78,72,7,22291.1244577117,4121.77024288738,280,0,0,298,0,0,0
78,72,8,0,6,0,0,0,0,0,0,0
78,73,1,3918.38559773753,1863.04371990453,35,0,0,112,0,0,0
78,73,2,3561.45548402602,1479.46562393807,26,0,0,145,0,0,0
78,73,3,3417.12720198514,802.099572469357,8,0,0,127,0,0,0
78,73,4,3334.69437115518,2256.91502946737,10,0,0,142,0,0,0
78,73,5,3441.31752968918,1380.50054071454,0,0,0,113,0,0,0
78,73,6,4145.68724964304,1478.11791143541,0,0,0,125,0,0,0
78,73,7,22359.6923766826,7447.3382921966,146,0,0,193,0,0,0
78,73,8,0,6,0,0,0,0,0,0,0
78,74,1,3956.13739265474,1794.93076809485,2,0,0,155,0,0,0
78,74,2,3588.45589915795,1155.91958910885,0,0,0,147,0,0,0
78,74,3,3408.85772032287,1947.24648324555,0,0,0,80,0,0,0
78,74,4,3371.33449595238,1387.56278465382,3,0,0,187,0,0,0
78,74,5,3469.70401507291,1097.28054510352,0,0,0,138,0,0,0
78,74,6,4197.79028186372,941.015318349219,0,0,0,147,0,0,0
78,74,7,22424.9120318689,5673.45098865664,48,0,0,212,0,0,0
78,74,8,0,6,0,0,0,0,0,0,0
78,75,1,3962.48030461048,2204.62135375718,0,92,0,87,0,0,0
78,75,2,3559.51769605265,2106.60269063678,0,56,0,59,0,0,0
78,75,3,3401.35435752702,1945.46667386965,0,93,0,101,0,0,0
78,75,4,3360.16700641574,1267.99223795739,0,61,0,77,0,0,0
78,75,5,3458.5083250623,1156.59282260709,0,51,0,58,0,0,0
78,75,6,4196.63013454949,2284.58390740607,0,46,0,48,0,0,0
78,75,7,22500.885632063,6148.23150644585,0,302,0,265,0,0,0
78,75,8,0,6,0,0,0,0,0,0,0
78,76,1,4046.48478017111,1131.23468344242,2,0,0,180,0,0,0
78,76,2,3629.0377396798,2689.07763712247,1,0,0,184,0,0,0
78,76,3,3455.00907592569,1046.94197415668,0,0,0,194,0,0,0
78,76,4,3403.32239013055,1225.75144009583,0,0,0,126,0,0,0
78,76,5,3488.75223805653,1194.79480984248,0,0,0,115,0,0,0
78,76,6,4301.38435026626,1687.6633122017,3,0,0,178,0,0,0
78,76,7,22594.260781919,7174.09356544455,30,0,0,200,0,0,0
78,76,8,0,6,0,0,0,0,0,0,0
78,77,1,4089.40122054264,2126.43260793416,0,0,0,113,0,0,0
78,77,2,3684.87389435469,1080.78701160441,2,0,0,217,0,0,1
78,77,3,3474.67566468859,2204.41622917026,0,0,0,104,0,0,0
78,77,4,3438.42640675476,1258.89585022463,0,0,0,122,0,0,0
78,77,5,3511.11919767046,2476.01851373303,0,0,0,119,0,0,0
78,77,6,4364.55821562515,3220.61039287015,0,0,0,168,0,0,0
78,77,7,22683.9357149161,4459.58853304906,26,0,0,205,0,0,0
78,77,8,0,6,0,0,0,0,0,0,0
78,78,1,4168.60197289733,341.489123844299,5,0,0,180,0,0,0
78,78,2,3721.4379704133,1665.75915401871,0,0,0,108,0,0,0
78,78,3,3552.84344033999,1099.1633299969,0,0,0,211,0,0,3
78,78,4,3472.37542764742,894.951227986346,0,0,0,125,0,0,0
78,78,5,3593.24150145569,635.038904487109,0,0,0,247,0,0,0
78,78,6,4492.8323355065,1902.87065046128,17,0,0,205,0,0,3
78,78,7,22785.7860092528,6750.8381404323,41,0,0,173,0,0,0
78,78,8,0,6,0,0,0,0,0,0,0
78,79,1,4161.02581495989,1371.62550276613,0,0,0,34,0,0,0
78,79,2,3767.90840200624,1811.69342379104,0,0,0,166,0,0,0
78,79,3,3587.36799543038,1549.50699597904,0,0,0,109,0,0,0
78,79,4,3493.63129353335,1244.75851746991,0,0,0,89,0,0,0
78,79,5,3608.25680385963,600.967003600365,0,0,0,63,0,0,0
78,79,6,4568.53507539494,1853.42021210317,0,0,0,182,0,0,0
78,79,7,22868.389067076,6517.49759412152,38,0,0,199,0,0,0
78,79,8,0,6,0,0,0,0,0,0,0
78,80,1,4216.31740691643,1213.88092754857,0,0,0,137,0,0,0
78,80,2,3877.87291880135,725.399064392486,0,0,0,181,0,0,0
78,80,3,3656.31671866168,815.142251115852,0,0,0,154,0,0,0
78,80,4,3527.29569269019,2295.2769543471,0,0,0,124,0,0,0
78,80,5,3612.01866545324,1231.03995779967,0,0,0,60,0,0,0
78,80,6,4684.40157446281,1711.44894765197,0,0,0,185,0,0,0
78,80,7,22966.1201647527,12950.3705856055,44,0,0,173,0,0,0
78,80,8,0,6,0,0,0,0,0,0,0
78,81,1,4237.47747132488,2126.55613188852,0,0,0,121,0,0,0
78,81,2,3874.8360083841,2803.24857865391,0,0,0,72,0,0,0
78,81,3,3663.07790746648,2184.13856796095,0,0,0,81,0,0,0
78,81,4,3576.35902298543,2027.83777390698,0,0,0,204,0,0,0
78,81,5,3634.26906504215,920.414070233369,0,0,0,123,0,0,0
78,81,6,4750.69938666147,2168.77236717049,0,0,0,171,0,0,0
78,81,7,23001.8206313899,4729.851679797,35,0,0,200,0,0,0
78,81,8,0,6,0,0,0,0,0,0,0
78,82,1,4306.06117141264,1950.58490886944,20,0,0,168,0,0,0
78,82,2,3932.00776400379,1409.92055800062,54,0,0,161,0,0,0
78,82,3,3720.84367360697,760.43571328414,29,0,0,154,0,0,0
78,82,4,3618.83180978141,572.942367943149,19,0,0,159,0,0,0
78,82,5,3672.69077150437,1435.41467021612,0,0,0,92,0,0,0
78,82,6,4873.44414865374,1525.46546638179,24,0,0,164,0,0,0
78,82,7,23099.1200208407,13413.7228351152,131,0,0,184,0,0,0
78,82,8,0,6,0,0,0,0,0,0,0
78,83,1,4335.84767598511,1434.00552550092,1,0,0,157,0,0,0
78,83,2,3944.17779955033,1407.25463141072,0,0,0,140,0,0,0
78,83,3,3704.51057284031,736.112352108461,0,0,0,76,0,0,0
78,83,4,3604.90531098698,2300.72568613727,0,0,0,57,0,0,0
78,83,5,3698.8006891199,927.326042526818,0,0,0,143,0,0,0
78,83,6,4902.28833005115,2113.30300512647,0,0,0,152,0,0,0
78,83,7,23119.0300197774,10115.7804461226,35,0,0,208,0,0,0
78,83,8,0,6,0,0,0,0,0,0,0
78,84,1,4330.62979581489,1886.7808729193,0,69,0,74,0,0,0
78,84,2,3914.74539173925,1732.73919830194,0,82,0,58,0,0,0
78,84,3,3664.27700586345,1917.21156718606,0,34,0,39,0,0,0
78,84,4,3615.99653749709,989.569645002675,0,115,0,115,0,0,0
78,84,5,3702.91683732566,864.292341042427,0,41,0,51,0,0,0
78,84,6,4920.90286341123,776.714925653912,0,108,0,103,0,0,0
78,84,7,23232.9833232765,10359.7881134466,0,504,0,497,0,0,0
78,84,8,0,6,0,0,0,0,0,0,0
78,85,1,4373.36568033013,1745.41032317802,0,0,0,188,0,0,0
78,85,2,3940.6614979411,2177.49120541945,0,0,0,173,0,0,0
78,85,3,3694.54213414996,1917.21854390167,0,0,0,191,0,0,0
78,85,4,3621.69930092137,1265.5924377501,0,0,0,98,0,0,0
78,85,5,3719.70265856032,2010.16949503612,0,0,0,86,0,0,0
78,85,6,4940.74681281445,2623.90625176455,0,0,0,77,0,0,0
78,85,7,23286.6505524759,5480.5603233896,32,0,0,219,0,0,0
78,85,8,0,6,0,0,0,0,0,0,0
78,86,1,4457.20233357021,2178.40798743935,47,0,0,118,0,0,0
78,86,2,4013.32490451818,2141.67541789958,78,0,0,124,0,0,0
78,86,3,3770.89817019479,779.353860138932,42,0,0,141,0,0,0
78,86,4,3678.80227744164,644.447745417586,0,0,0,126,0,0,0
78,86,5,3789.27661343557,824.504457034723,70,0,0,117,0,0,0
78,86,6,5057.97679535917,1464.72848289053,116,0,0,123,0,0,0
78,86,7,23494.8004821228,14192.1699201173,224,0,0,279,0,0,0
78,86,8,0,6,0,0,0,0,0,0,0
78,87,1,4491.72007910377,2364.57146998462,1,0,0,183,0,0,0
78,87,2,4060.96973464005,2136.06650360347,0,0,0,214,0,0,0
78,87,3,3773.73321736728,1772.8853617241,0,0,0,77,0,0,0
78,87,4,3679.10903518336,1742.55274404977,0,0,0,64,0,0,0
78,87,5,3802.33131606681,2225.07102746795,0,0,0,82,0,0,0
78,87,6,5113.6562183634,2544.04850600439,0,0,0,146,0,0,0
78,87,7,23530.9247740052,13331.1775773442,40,0,0,212,0,0,0
78,87,8,0,6,0,0,0,0,0,0,0
78,88,1,4586.8399971651,3501.89442848431,0,0,0,221,0,0,1
78,88,2,4101.9032359094,1530.07657585747,0,0,0,196,0,0,0
78,88,3,3815.18818759132,1512.64821125571,0,0,0,177,0,0,0
78,88,4,3725.44274936755,1170.414241141,0,0,0,174,0,0,0
78,88,5,3869.54199080693,1420.31202800475,0,0,0,219,0,0,0
78,88,6,5214.31073830855,1854.61343620879,1,0,0,213,0,0,1
78,88,7,23591.1133879812,13088.5440356246,36,0,0,185,0,0,0
78,88,8,0,6,0,0,0,0,0,0,0
78,89,1,4691.11498535192,2339.25158793847,6,0,0,217,0,0,0
78,89,2,4132.50438610214,2434.25420399377,0,0,0,153,0,0,0
78,89,3,3873.30104201441,1609.52799935424,0,0,0,151,0,0,0
78,89,4,3756.1271167614,1195.69471258292,0,0,0,117,0,0,0
78,89,5,3933.01925573628,1585.89513085854,0,0,0,142,0,0,0
78,89,6,5324.76331976723,1945.73621769195,0,0,0,185,0,0,0
78,89,7,23669.9779829949,5700.89432001015,51,0,0,207,0,0,0
78,89,8,0,6,0,0,0,0,0,0,0
78,90,1,4774.62513415249,969.140176396972,37,0,0,145,0,0,0
78,90,2,4212.93294339308,650.248166770004,33,0,0,162,0,0,0
78,90,3,3955.92333047212,2022.05234002069,0,0,0,160,0,0,0
78,90,4,3795.80426331495,883.43289797141,0,0,0,119,0,0,0
78,90,5,4008.86942594575,1353.62345350259,0,0,0,158,0,0,0
78,90,6,5502.5214531542,1970.80309083933,6,0,0,179,0,0,0
78,90,7,23783.8562241033,10735.6255796256,160,0,0,181,0,0,2
78,90,8,0,6,0,0,0,0,0,0,0
78,91,1,4790.74053859433,605.737677328058,0,0,0,96,0,0,0
78,91,2,4211.27093694575,1968.57836037397,0,0,0,65,0,0,0
78,91,3,3995.83098266672,1482.51723092291,0,0,0,191,0,0,0
78,91,4,3793.1182685655,1849.13126781781,0,0,0,88,0,0,0
78,91,5,4033.23352144489,1528.79503849358,0,0,0,135,0,0,0
78,91,6,5580.45442258883,3063.5891585803,0,0,0,192,0,0,0
78,91,7,23822.8049110255,6724.89774293455,51,0,0,188,0,0,0
78,91,8,0,6,0,0,0,0,0,0,0
78,92,1,4805.14521486715,1961.41062479966,0,0,0,60,0,0,0
78,92,2,4257.02218569472,1077.81160270791,0,0,0,196,0,0,0
78,92,3,4049.61864443785,1026.20260790391,0,0,0,148,0,0,0
78,92,4,3831.0027318001,1757.04697997393,2,0,0,168,0,0,0
78,92,5,4070.86834319475,2695.98542826931,0,0,0,152,0,0,0
78,92,6,5633.00517178556,1551.5615727866,20,0,0,179,0,0,0
78,92,7,23888.4445424333,13194.1210774638,77,0,0,177,0,0,1
78,92,8,0,6,0,0,0,0,0,0,0
78,93,1,4908.48796346086,1498.2554845372,0,0,0,195,0,0,0
78,93,2,4285.91976866453,1816.05492976301,0,0,0,107,0,0,0
78,93,3,4072.96121971611,3163.80314767236,0,0,0,102,0,0,0
78,93,4,3867.5267524859,2018.97573225674,0,0,0,175,0,0,0
78,93,5,4132.99020346315,1450.09391117071,2,0,0,208,0,0,0
78,93,6,5743.45068646164,1979.32010193046,0,0,0,155,0,0,0
78,93,7,23977.3719240137,6624.70202811314,42,0,0,196,0,0,0
78,93,8,0,6,0,0,0,0,0,0,0
78,94,1,4986.81841104561,2307.47440079347,7,0,0,133,0,0,0
78,94,2,4358.53704488789,2854.20752531928,12,0,0,147,0,0,0
78,94,3,4169.92196465851,1331.92965974514,63,0,0,163,0,0,0
78,94,4,3932.82903394544,1010.22906796558,11,0,0,174,0,0,0
78,94,5,4204.00021497943,1516.14461782261,0,0,0,145,0,0,0
78,94,6,5925.35925107146,4358.88414121418,16,0,0,159,0,0,0
78,94,7,24101.7127096943,10160.8257018932,191,0,0,194,0,0,1
78,94,8,0,6,0,0,0,0,0,0,0
78,95,1,5054.67078266487,2482.51998135336,1,0,0,211,0,0,0
78,95,2,4397.05817553613,2433.09020936564,4,0,0,223,0,0,0
78,95,3,4196.07373239059,1665.68269734142,0,0,0,133,0,0,0
78,95,4,3930.40999688731,1512.70787375821,0,0,0,101,0,0,0
78,95,5,4237.66073130427,1301.18081814483,0,0,0,151,0,0,0
78,95,6,6026.00329785013,3301.14843829811,15,0,0,219,0,0,0
78,95,7,24131.8139832764,9790.42424438927,58,0,0,177,0,0,0
78,95,8,0,6,0,0,0,0,0,0,0
78,96,1,5131.08610724186,3893.09046974991,7,0,0,154,0,0,0
78,96,2,4484.93977722257,3188.66323863797,2,0,0,210,0,0,0
78,96,3,4246.01982764238,2189.96623474141,0,0,0,166,0,0,0
78,96,4,3954.65331181002,1409.04621756512,0,0,0,151,0,0,0
78,96,5,4280.30637262028,1668.33251706579,0,0,0,130,0,0,0
78,96,6,6154.48252145984,2020.0627484359,7,0,0,236,0,0,0
78,96,7,24203.3175561528,9449.21117687312,54,0,0,220,0,0,6
78,96,8,0,6,0,0,0,0,0,0,0
78,97,1,5300.77989785925,1237.11210537374,0,12,0,188,0,0,0
78,97,2,4615.36191094534,2243.63231570697,0,8,0,171,0,0,0
78,97,3,4391.37360447527,1353.59385581322,0,0,0,211,0,0,0
78,97,4,4009.51388951127,2487.59958541748,0,0,0,140,0,0,0
78,97,5,4369.35211838816,1706.679131349,0,0,0,166,0,0,0
78,97,6,6412.11326062791,1917.50863958411,0,0,0,193,0,0,0
78,97,7,24331.9545232906,9184.14481426654,0,45,0,188,0,0,0
78,97,8,0,6,0,0,0,0,0,0,0
78,98,1,5350.02034855887,2115.72929253621,0,0,0,123,0,0,0
78,98,2,4692.83200977222,1634.46269755017,0,3,0,208,0,0,0
78,98,3,4439.34575188355,3060.84713621826,0,0,0,135,0,0,0
78,98,4,4052.24775878681,2790.80454050696,0,9,0,179,0,0,0
78,98,5,4419.41480118519,1531.56976446857,0,0,0,170,0,0,0
78,98,6,6525.69924371247,4520.66189154523,0,5,0,162,0,0,0
78,98,7,24418.4347485392,4721.37750657763,0,144,0,139,0,0,0
78,98,8,0,6,0,0,0,0,0,0,0
78,99,1,5551.30201831216,2272.78982495162,0,0,0,209,0,0,0
78,99,2,4851.17499367766,1346.77485948445,0,0,0,163,0,0,0
78,99,3,4580.59473939184,2167.50642689249,15,0,0,180,0,0,0
78,99,4,4179.9528975995,2276.67978831387,4,0,0,240,0,0,0
78,99,5,4525.16445234386,2659.15727956904,0,0,0,153,0,0,0
78,99,6,6863.00185723568,4232.55278601075,28,0,0,228,0,0,0
78,99,7,24641.9405589657,10717.1618562648,29,0,0,236,0,0,0
78,99,8,0,6,0,0,0,0,0,0,0
78,100,1,5660.89954258434,2847.3739781251,0,0,0,216,0,0,0
78,100,2,4895.0128762836,1869.87005261935,0,0,0,134,0,0,0
78,100,3,4650.49827259671,2147.82527567423,0,1,0,197,0,0,0
78,100,4,4216.64413768587,2027.60037053799,0,0,0,220,0,0,0
78,100,5,4617.75496264084,3044.04486282162,0,2,0,227,0,0,0
78,100,6,6970.19407099442,3136.13121286572,0,12,0,195,0,0,0
78,100,7,24738.662660877,14490.7032018324,0,47,0,211,0,0,0
78,100,8,0,6,0,0,0,0,0,0,0
79,1,1,2918.44,1467.10396214501,0,14,0,19,0,0,0
79,1,2,2922.56,1377.63261526277,0,30,0,48,0,0,0
79,1,3,2928.272,1645.84856777619,0,29,0,62,0,0,0
79,1,4,2919.272,838.062253027145,0,41,0,52,0,0,0
79,1,5,2909.632,1259.85090989567,0,28,0,23,0,0,0
79,1,6,2916.9616,863.110058280794,0,52,0,46,0,0,0
79,1,7,19400.4255999999,9527.94589495247,0,19,0,32,0,0,0
79,1,8,0,3,0,23,0,24,0,0,0
79,2,1,2933.65152,1401.10056187452,0,0,0,146,0,0,0
79,2,2,2939.5264,882.420242634559,0,0,0,137,0,0,0
79,2,3,2953.72159999999,1061.19289561368,0,0,0,164,0,0,0
79,2,4,2929.0304,1839.51206437976,0,0,0,83,0,0,0
79,2,5,2928.528,1529.48337861836,0,0,0,125,0,0,0
79,2,6,2924.7792,1048.08250582296,0,0,0,86,0,0,0
79,2,7,19349.5000959998,9106.52824446856,24,0,0,233,0,0,0
79,2,8,0,3,0,0,0,0,0,0,0
79,3,1,2950.98841599999,1209.50906310229,0,0,0,140,0,0,0
79,3,2,2944.7488,1593.12984739356,0,0,0,88,0,0,0
79,3,3,2965.07359999999,1472.17635761157,0,0,0,106,0,0,0
79,3,4,2954.99807999999,648.187587235203,0,0,0,172,0,0,0
79,3,5,2952.60159999999,1075.12936950431,0,0,0,152,0,0,0
79,3,6,2937.6592,1769.3751180649,0,0,0,104,0,0,0
79,3,7,19287.6972159998,11432.074802053,23,0,0,199,0,0,1
79,3,8,0,3,0,0,0,0,0,0,0
79,4,1,2963.03801599999,1828.33416615175,0,0,0,120,0,0,0
79,4,2,2965.08,1058.04670970173,0,0,0,159,0,0,0
79,4,3,2984.848,655.552885662083,0,0,0,147,0,0,0
79,4,4,2956.39168,1591.20375115734,0,0,0,64,0,0,0
79,4,5,2964.74559999999,634.445995292559,0,0,0,107,0,0,0
79,4,6,2963.45119999999,1921.9534011352,0,0,0,176,0,0,0
79,4,7,19225.8633599997,6821.99510761155,23,0,0,191,0,0,2
79,4,8,0,3,0,0,0,0,0,0,0
79,5,1,2966.54553599999,781.715182829549,0,97,0,85,0,0,0
79,5,2,2962.6752,905.630072315156,0,48,0,57,0,0,0
79,5,3,2978.1696,1259.82686893779,0,24,0,41,0,0,0
79,5,4,2960.76896,743.918081537749,0,83,0,76,0,0,0
79,5,5,2958.4416,1377.04175489764,0,34,0,29,0,0,0
79,5,6,2972.904,1718.78629826765,0,93,0,99,0,0,0
79,5,7,19175.0579199996,7178.65818115228,0,364,0,318,0,0,0
79,5,8,0,3,0,0,0,0,0,0,0
79,6,1,2978.011776,608.022779606853,0,0,0,78,0,0,0
79,6,2,2980.072,773.601606104617,0,0,0,90,0,0,0
79,6,3,3000.761984,964.078796062998,0,0,0,125,0,0,0
79,6,4,2971.89536,908.406447491603,0,0,0,74,0,0,0
79,6,5,2986.0016,844.160801483369,0,0,0,137,0,0,0
79,6,6,3008.36448,1598.64393202868,0,0,0,171,0,0,0
79,6,7,19169.6534399995,6030.05368663885,31,0,0,215,0,0,0
79,6,8,0,3,0,0,0,0,0,0,0
79,7,1,2982.536576,1140.84501610126,0,0,0,60,0,0,0
79,7,2,2988.52,1211.03938052758,0,0,0,77,0,0,0
79,7,3,3013.174784,1793.64914329705,0,0,0,96,0,0,0
79,7,4,2983.92895999999,1442.96350671056,0,0,0,90,0,0,0
79,7,5,2997.5792,822.416741495135,0,0,0,84,0,0,0
79,7,6,3035.18368,657.089120157826,0,0,0,159,0,0,0
79,7,7,19156.3693439995,6848.02388667013,24,0,0,213,0,0,0
79,7,8,0,3,0,0,0,0,0,0,0
79,8,1,2997.925056,793.584325763793,0,0,0,114,0,0,0
79,8,2,3005.0096,1672.36857467773,0,0,0,121,0,0,0
79,8,3,3045.129984,796.218709254364,0,0,0,179,0,0,0
79,8,4,3009.33696,1369.742677976,0,0,0,144,0,0,0
79,8,5,3007.527424,1268.13311152159,0,0,0,82,0,0,0
79,8,6,3045.23296,1144.62479446638,0,0,0,65,0,0,0
79,8,7,19140.0853887994,5855.13463250509,43,0,0,184,0,0,1
79,8,8,0,3,0,0,0,0,0,0,0
79,9,1,3003.03264,883.379254551644,0,0,0,79,0,0,0
79,9,2,3025.61152,1203.96276950116,20,0,0,135,0,0,0
79,9,3,3054.963584,1309.62009217524,0,0,0,79,0,0,0
79,9,4,3034.225024,1585.95339450099,0,0,0,136,0,0,0
79,9,5,3026.093824,1742.66042386626,0,0,0,126,0,0,0
79,9,6,3061.8512,1587.99869335372,0,0,0,114,0,0,0
79,9,7,19137.7555327993,11676.8265490618,212,0,0,246,0,0,0
79,9,8,0,3,0,0,0,0,0,0,0
79,10,1,3007.497664,989.617482567967,0,0,0,88,0,0,0
79,10,2,3038.388864,946.604600441711,0,0,0,120,0,0,0
79,10,3,3069.580224,1014.88657706858,0,0,0,130,0,0,0
79,10,4,3055.16575999999,1342.21103100294,0,0,0,158,0,0,0
79,10,5,3050.028544,913.170199280368,0,0,0,174,0,0,0
79,10,6,3083.37958656,1087.08082302264,0,0,0,158,0,0,0
79,10,7,19146.3648767994,10004.9281039268,41,0,0,258,0,0,0
79,10,8,0,3,0,0,0,0,0,0,0
79,11,1,3021.0414208,1188.475510552,0,0,0,98,0,0,0
79,11,2,3050.702656,1109.29075731242,0,0,0,94,0,0,0
79,11,3,3086.0151936,618.324259865402,0,0,0,101,0,0,0
79,11,4,3075.925184,1041.0474563854,0,0,0,134,0,0,0
79,11,5,3060.541504,1978.88460908779,0,0,0,91,0,0,0
79,11,6,3101.99334656,1510.41367422919,0,0,0,108,0,0,0
79,11,7,19164.4269055993,6255.7893907836,53,0,0,222,0,0,0
79,11,8,0,3,0,0,0,0,0,0,0
79,12,1,3013.8398976,2171.78771222523,81,0,0,37,0,0,0
79,12,2,3042.42694400001,1772.39449417434,65,0,0,45,0,0,0
79,12,3,3074.9073536,1174.59392839204,34,0,0,27,0,0,0
79,12,4,3075.864064,927.526185006319,53,0,0,51,0,0,0
79,12,5,3068.55774719999,1286.02836080745,89,0,0,108,0,0,0
79,12,6,3104.92807936,1152.89484645953,75,0,0,76,0,0,0
79,12,7,19184.1549977593,10903.0437988206,246,0,0,308,0,0,2
79,12,8,0,3,0,0,0,0,0,0,0
79,13,1,3038.8661376,1074.7069983543,1,0,0,192,0,0,0
79,13,2,3066.04958720001,690.680538313865,0,0,0,176,0,0,0
79,13,3,3082.30658816001,796.371490512691,0,0,0,117,0,0,0
79,13,4,3085.077888,1015.86915422613,0,0,0,92,0,0,0
79,13,5,3089.8790144,865.375248843031,0,0,0,128,0,0,0
79,13,6,3122.83814656,1457.96544695992,0,0,0,115,0,0,0
79,13,7,19172.4036019192,9980.83216566283,51,0,0,215,0,0,0
79,13,8,0,3,0,0,0,0,0,0,0
79,14,1,3053.15672104961,746.229818445509,0,0,0,107,0,0,0
79,14,2,3071.95786803201,1313.91642790972,0,0,0,69,0,0,0
79,14,3,3091.73591552001,1455.0040489021,0,0,0,79,0,0,0
79,14,4,3100.90942720001,652.545105042689,0,0,0,101,0,0,0
79,14,5,3107.20156416,1118.96230767665,0,0,0,86,0,0,0
79,14,6,3153.82962176,1446.42511934899,0,0,0,145,0,0,0
79,14,7,19178.8751564791,4312.62438349399,61,0,0,223,0,0,0
79,14,8,0,3,0,0,0,0,0,0,0
79,15,1,3037.03422504961,718.488062364916,59,0,0,15,0,0,0
79,15,2,3061.95277107201,1030.34326536088,74,0,0,57,0,0,0
79,15,3,3093.68522752001,1253.88131672039,63,0,0,82,0,0,0
79,15,4,3088.39691520001,1234.20222598644,41,0,0,24,0,0,0
79,15,5,3106.1744256,1896.13963541279,47,0,0,64,0,0,0
79,15,6,3160.95145216,1819.93390480663,76,0,0,68,0,0,0
79,15,7,19173.3136588791,6185.74576785246,203,0,0,227,0,0,0
79,15,8,0,3,0,0,0,0,0,0,0
79,16,1,3033.49918504961,1800.7887402544,0,0,0,71,0,0,0
79,16,2,3069.07945267202,1888.58069215725,0,0,0,103,0,0,0
79,16,3,3104.22014003201,831.576307413338,0,0,0,125,0,0,0
79,16,4,3099.32555520001,1164.53515997052,0,0,0,123,0,0,0
79,16,5,3135.654009344,2031.14167784493,0,0,0,187,0,0,0
79,16,6,3188.04117760001,1189.76387292457,0,1,0,166,0,0,0
79,16,7,19140.695677439,6977.92680969041,0,50,0,201,0,0,0
79,16,8,0,3,0,0,0,0,0,0,0
79,17,1,3040.73665064961,1276.05584974089,0,40,0,127,0,0,0
79,17,2,3085.96553011202,1469.65976280849,0,48,0,126,0,0,0
79,17,3,3112.49568819201,399.323668673562,0,0,0,83,0,0,0
79,17,4,3112.23836416001,1446.52267025516,0,0,0,116,0,0,0
79,17,5,3155.228928,942.430485359334,0,56,0,130,0,0,0
79,17,6,3210.551030272,1161.08624829009,0,6,0,111,0,0,0
79,17,7,19129.4572062709,8169.67564561876,1,279,0,249,0,0,0
79,17,8,0,3,0,0,0,0,0,0,0
79,18,1,3052.96253480961,788.445813280401,0,0,0,127,0,0,0
79,18,2,3105.17251891202,1591.7760948017,0,0,0,146,0,0,0
79,18,3,3105.87943219201,1366.61976697444,0,0,0,39,0,0,0
79,18,4,3128.80069632001,1276.35282541378,0,0,0,144,0,0,0
79,18,5,3163.9404032,2240.52504533059,0,0,0,94,0,0,0
79,18,6,3229.4124263424,1262.14946475447,0,0,0,116,0,0,0
79,18,7,19136.5837470709,7242.6151119167,27,0,0,192,0,0,0
79,18,8,0,3,0,0,0,0,0,0,0
79,19,1,3048.91759912961,1996.53396860068,0,0,0,78,0,0,0
79,19,2,3122.22688051202,1157.07180466162,0,0,0,159,0,0,0
79,19,3,3116.06200166401,1455.05667126123,0,0,0,136,0,0,0
79,19,4,3138.74536448,2009.35003774999,0,0,0,127,0,0,0
79,19,5,3194.8320512,1241.206212723,2,0,0,184,0,0,0
79,19,6,3249.88196657152,897.893328402276,0,0,0,126,0,0,0
79,19,7,19138.4870430709,7452.55250215105,28,0,0,202,0,0,0
79,19,8,0,3,0,0,0,0,0,0,0
79,20,1,3080.03115540481,1181.95388353593,1,0,0,172,0,0,1
79,20,2,3146.78050150401,868.850207533222,0,0,0,115,0,0,0
79,20,3,3145.44406272002,1066.21535184513,0,0,0,145,0,0,0
79,20,4,3173.45465712641,2166.86420618194,1,0,0,175,0,0,1
79,20,5,3221.55990288794,1082.52338635236,0,0,0,124,0,0,0
79,20,6,3275.44578086912,1663.48571302976,0,0,0,89,0,0,0
79,20,7,19168.4984556533,9084.54549127867,30,0,0,211,0,0,2
79,20,8,0,3,0,0,0,0,0,0,0
79,21,1,3087.54952243611,1696.29880364565,0,0,0,118,0,0,0
79,21,2,3141.57182822402,1946.40699588756,0,0,0,86,0,0,0
79,21,3,3153.54159872002,784.39309872624,0,0,0,106,0,0,0
79,21,4,3210.44890071041,910.125274784175,0,0,0,216,0,0,0
79,21,5,3234.68690448794,1341.55258024512,0,0,0,108,0,0,0
79,21,6,3305.32295892583,1450.27593877901,0,0,0,166,0,0,0
79,21,7,19168.3021533172,8146.03039594594,36,0,0,189,0,0,0
79,21,8,0,3,0,0,0,0,0,0,0
79,22,1,3099.67791921562,1987.13003281581,0,0,0,169,0,0,0
79,22,2,3161.62335856642,1039.09800747517,0,0,0,194,0,0,0
79,22,3,3152.83308236802,2031.78877604253,0,0,0,78,0,0,0
79,22,4,3213.37599191041,998.876155223039,0,0,0,91,0,0,0
79,22,5,3250.07653187994,1056.97708593803,0,0,0,134,0,0,0
79,22,6,3323.72506109543,2086.38290209542,0,0,0,145,0,0,0
79,22,7,19152.4237604852,6730.96632362422,69,0,0,157,0,0,0
79,22,8,0,3,0,0,0,0,0,0,0
79,23,1,3111.14728753563,449.503607704648,10,0,0,159,0,0,0
79,23,2,3161.18784573442,1369.92999402573,0,0,0,103,0,0,0
79,23,3,3165.52712089602,1294.24637475879,7,0,0,173,0,0,0
79,23,4,3216.63762413569,1292.64377049093,0,0,0,99,0,0,0
79,23,5,3260.26919446201,1526.47203788754,0,0,0,105,0,0,0
79,23,6,3352.75372482069,856.524343045419,10,0,0,169,0,0,0
79,23,7,19135.8371174388,6072.2114365167,131,0,0,161,0,0,0
79,23,8,0,3,0,0,0,0,0,0,0
79,24,1,3090.37320536557,1065.86964628811,0,0,0,44,0,0,0
79,24,2,3164.35326064642,940.964364311915,0,0,0,136,0,0,0
79,24,3,3169.21611161602,1230.97195339724,0,0,0,129,0,0,0
79,24,4,3224.68565485569,994.029664155104,0,0,0,129,0,0,0
79,24,5,3278.848742622,1601.87907812693,0,0,0,152,0,0,0
79,24,6,3357.65253262869,1701.43015057044,0,0,0,85,0,0,0
79,24,7,19113.0462950388,5540.44488181036,0,97,0,170,0,0,0
79,24,8,0,3,0,0,0,0,0,0,0
79,25,1,3083.48472818157,800.697799121266,0,0,0,106,0,0,0
79,25,2,3158.31581040642,775.343946836941,0,0,0,94,0,0,0
79,25,3,3169.31851622402,509.409568743444,0,0,0,123,0,0,0
79,25,4,3226.30317385729,1713.5136721266,0,0,0,99,0,0,0
79,25,5,3298.46405154489,1152.63075020065,0,0,0,160,0,0,0
79,25,6,3384.51319909909,1275.86603431266,0,2,0,159,0,0,0
79,25,7,19101.6846023668,4568.86288523919,0,68,0,176,0,0,0
79,25,8,0,3,0,0,0,0,0,0,0
79,26,1,3078.81503361517,857.691184392557,0,0,0,80,0,0,0
79,26,2,3139.03366912002,1695.31064511191,0,0,0,77,0,0,0
79,26,3,3154.48911718402,1240.02419722253,0,0,0,50,0,0,0
79,26,4,3239.05813198849,2097.14157689908,0,0,0,171,0,0,0
79,26,5,3312.01257035449,1469.88732190357,0,0,0,115,0,0,0
79,26,6,3409.62790606357,1188.00836308892,0,0,0,127,0,0,0
79,26,7,19103.6287969267,11953.6708050945,0,49,0,186,0,0,0
79,26,8,0,3,0,0,0,0,0,0,0
79,27,1,3065.50070647277,1751.38502339694,0,0,0,85,0,0,0
79,27,2,3153.45304266754,1987.88283196073,0,0,0,169,0,0,0
79,27,3,3155.32234700803,1220.98042566347,0,0,0,124,0,0,0
79,27,4,3254.39916800001,1359.82902450594,0,4,0,170,0,0,0
79,27,5,3335.28012023481,539.916548692708,0,0,0,146,0,0,0
79,27,6,3430.43827406357,808.302757386226,0,0,0,118,0,0,0
79,27,7,19114.9779715264,5577.62041739901,0,123,0,184,0,0,0
79,27,8,0,3,0,0,0,0,0,0,0
79,28,1,3093.7816829151,1593.37272704209,0,0,0,175,0,0,0
79,28,2,3174.577088648,1251.91648518008,1,0,0,181,0,0,0
79,28,3,3168.38085896604,1940.60160519867,0,0,0,122,0,0,0
79,28,4,3271.28108198299,717.875730256627,0,0,0,135,0,0,0
79,28,5,3328.18369578681,1521.22899696617,0,0,0,53,0,0,0
79,28,6,3440.62583963157,1908.97689785432,0,0,0,80,0,0,0
79,28,7,19161.3495776284,12392.8872692505,37,0,0,213,0,0,0
79,28,8,0,3,0,0,0,0,0,0,0
79,29,1,3096.27409387702,825.418364513074,0,0,0,159,0,0,0
79,29,2,3169.47462176032,1079.7613686161,0,0,0,125,0,0,0
79,29,3,3185.09778020764,1403.57699341381,0,0,0,192,0,0,0
79,29,4,3258.79885476251,1220.87833322403,0,0,0,71,0,0,0
79,29,5,3342.80563121439,1733.5922409851,0,0,0,152,0,0,0
79,29,6,3473.53644676219,1268.94836755356,0,0,0,190,0,0,0
79,29,7,19173.397183798,9378.47956540736,10,14,0,222,0,0,0
79,29,8,0,3,0,0,0,0,0,0,0
79,30,1,3080.63192402102,1896.20359994244,0,33,0,49,0,0,0
79,30,2,3149.58797344032,1827.66250392317,0,57,0,50,0,0,0
79,30,3,3170.20471828892,1070.10444595934,0,70,0,70,0,0,0
79,30,4,3252.42597392385,1918.67495434635,0,48,0,74,0,0,0
79,30,5,3341.34166017312,1177.01357351231,0,95,0,78,0,0,0
79,30,6,3471.42774260859,1348.32535690317,0,51,0,75,0,0,0
79,30,7,19194.204013923,10105.0795766722,6,283,0,219,0,0,1
79,30,8,0,3,0,0,0,0,0,0,0
79,31,1,3095.9923119327,1312.77022835305,0,0,0,183,0,0,0
79,31,2,3162.70072556833,1240.37711491908,0,0,0,182,0,0,0
79,31,3,3173.71830976514,582.73061149767,0,0,0,107,0,0,0
79,31,4,3279.25838497384,1385.32328477222,0,0,0,191,0,0,0
79,31,5,3351.35417857312,1180.49734008665,0,0,0,117,0,0,0
79,31,6,3498.52852841825,1076.01617315172,0,0,0,134,0,0,0
79,31,7,19230.800263523,9892.47199550117,24,1,0,227,0,0,0
79,31,8,0,3,0,0,0,0,0,0,0
79,32,1,3106.02727341934,639.267044339703,0,0,0,131,0,0,0
79,32,2,3169.38292042978,1713.57951323909,0,0,0,124,0,0,0
79,32,3,3163.79571392514,1438.95407239229,0,0,0,58,0,0,0
79,32,4,3302.28546112391,1310.30239780976,0,0,0,138,0,0,0
79,32,5,3368.00304252191,1637.76191911509,0,0,0,118,0,0,0
79,32,6,3520.23151056828,595.823591558089,0,0,0,107,0,0,0
79,32,7,19273.317243693,6836.05329604856,20,0,0,226,0,0,0
79,32,8,0,3,0,0,0,0,0,0,0
79,33,1,3102.21055364974,2171.96944281306,0,0,0,63,0,0,0
79,33,2,3201.72457421559,1460.37215665362,0,0,0,171,0,0,0
79,33,3,3180.41340757281,1651.01795918328,0,0,0,143,0,0,0
79,33,4,3323.58586016991,1481.63147909445,0,0,0,131,0,0,0
79,33,5,3407.54329730745,1899.70422840425,0,0,0,163,0,0,0
79,33,6,3526.41093072828,1631.97244225366,0,0,0,59,0,0,0
79,33,7,19313.4016906382,7683.98846068502,120,0,0,172,0,0,0
79,33,8,0,3,0,0,0,0,0,0,0
79,34,1,3120.03979666343,944.524833618411,6,0,0,173,0,0,0
79,34,2,3206.12000430511,585.474584425546,0,0,0,146,0,0,0
79,34,3,3199.63908095609,1197.55600139575,0,0,0,165,0,0,0
79,34,4,3338.64794716014,885.268886853663,0,0,0,148,0,0,0
79,34,5,3441.99843375125,1635.48148377276,1,0,0,177,0,0,0
79,34,6,3565.87921745524,1240.25908334165,0,0,0,159,0,0,0
79,34,7,19360.5939205467,5988.11542873416,87,0,0,188,0,0,0
79,34,8,0,3,0,0,0,0,0,0,0
79,35,1,3124.50179517351,844.147912772451,0,0,0,94,0,0,0
79,35,2,3189.26696100271,1207.70339420869,0,0,0,58,0,0,0
79,35,3,3199.6998038325,2308.3939094818,1,0,0,118,0,0,0
79,35,4,3335.19710433134,1095.98340301602,0,0,0,88,0,0,0
79,35,5,3467.65131341845,1714.57983759553,6,0,0,153,0,0,0
79,35,6,3590.35582289524,1062.84471283166,0,0,0,124,0,0,0
79,35,7,19403.8525854043,6777.16640572003,230,0,0,230,0,0,0
79,35,8,0,3,0,0,0,0,0,0,0
79,36,1,3121.76055065987,1410.42826240209,0,0,0,84,0,0,0
79,36,2,3190.24447005103,2068.70813184482,0,0,0,120,0,0,0
79,36,3,3215.23106870908,1633.01297187231,21,0,0,149,0,0,0
79,36,4,3337.16553833544,745.35594091491,0,0,0,109,0,0,0
79,36,5,3502.08873174169,1773.56874341043,2,0,0,161,0,0,0
79,36,6,3613.23894924916,1110.54675004614,0,0,0,106,0,0,0
79,36,7,19450.3947081051,11195.4001749305,140,0,0,156,0,0,1
79,36,8,0,3,0,0,0,0,0,0,0
79,37,1,3122.01560407997,662.251191971762,0,0,0,141,0,0,0
79,37,2,3196.06425048208,649.294266362504,1,0,0,189,0,0,0
79,37,3,3225.51196370146,1669.12686506986,0,0,0,163,0,0,0
79,37,4,3316.97369459735,1521.15133235327,0,0,0,74,0,0,0
79,37,5,3520.556065046,2042.39957531486,0,0,0,167,0,0,0
79,37,6,3628.26274362997,809.816042234966,0,0,0,111,0,0,0
79,37,7,19487.8701001051,8251.70906260011,53,0,0,196,0,0,0
79,37,8,0,3,0,0,0,0,0,0,0
79,38,1,3104.64723994557,1437.61551936219,0,0,0,66,0,0,0
79,38,2,3177.25361258923,1485.97888141167,1,0,0,63,0,0,0
79,38,3,3223.69579469969,441.441877362009,15,0,0,137,0,0,0
79,38,4,3314.02972791421,528.839844737765,7,0,0,138,0,0,0
79,38,5,3536.80827991193,839.996906323703,24,0,0,157,0,0,0
79,38,6,3635.55914810997,2553.67545556365,0,0,0,80,0,0,0
79,38,7,19542.2146039131,11752.096568158,274,0,0,304,0,0,0
79,38,8,0,3,0,0,0,0,0,0,0
79,39,1,3103.76071376829,1353.72025797326,0,0,0,143,0,0,0
79,39,2,3171.08551355942,1626.99923597155,0,0,0,148,0,0,0
79,39,3,3196.6006635432,1600.95752089174,0,0,0,44,0,0,0
79,39,4,3292.96955081849,747.018444556512,0,0,0,52,0,0,0
79,39,5,3532.09017834239,700.363801832142,0,0,0,83,0,0,0
79,39,6,3684.46160453237,1818.20726732043,0,0,0,255,0,0,0
79,39,7,19578.2656689294,8032.96087986298,1,32,0,228,0,0,0
79,39,8,0,3,0,0,0,0,0,0,0
79,40,1,3086.5212336695,405.986691770032,0,82,0,53,0,0,0
79,40,2,3156.42277878531,1347.39257862806,0,79,0,83,0,0,0
79,40,3,3176.59729844573,803.361586859448,0,85,0,75,0,0,0
79,40,4,3270.06262685091,1101.68577577691,0,35,0,39,0,0,0
79,40,5,3508.76563909703,1628.29372927938,0,46,0,24,0,0,0
79,40,6,3682.64333637731,855.946514455654,0,113,0,68,0,0,0
79,40,7,19638.4133782324,9140.0551519802,6,217,0,230,0,0,0
79,40,8,0,3,0,0,0,0,0,0,0
79,41,1,3076.78149937579,674.769330588113,0,0,0,40,0,0,0
79,41,2,3164.58863075656,1189.57261296116,0,0,0,134,0,0,0
79,41,3,3174.00393507165,1082.46438851626,0,0,0,80,0,0,0
79,41,4,3274.66584223205,602.722709743399,0,0,0,110,0,0,0
79,41,5,3535.84276651554,964.280847644616,0,0,0,162,0,0,0
79,41,6,3700.0661722422,1572.92255996344,0,0,0,85,0,0,0
79,41,7,19700.200890932,12353.0525596917,20,0,0,241,0,0,7
79,41,8,0,3,0,0,0,0,0,0,0
79,42,1,3071.10066338219,846.981546922739,0,0,0,67,0,0,0
79,42,2,3168.0658336424,1713.58219127976,0,0,0,118,0,0,0
79,42,3,3171.2156305238,1689.67844838051,0,0,0,108,0,0,0
79,42,4,3263.17452903008,718.416851298232,0,0,0,60,0,0,0
79,42,5,3546.11263930296,1179.24287512996,0,0,0,96,0,0,0
79,42,6,3738.78813180956,2353.53217232214,0,0,0,157,0,0,0
79,42,7,19746.868141189,8011.26008275868,27,0,0,219,0,0,0
79,42,8,0,3,0,0,0,0,0,0,0
79,43,1,3070.09548545521,1370.95865634728,0,0,0,84,0,0,0
79,43,2,3180.42090300052,1664.3794943925,5,0,0,151,0,0,0
79,43,3,3180.41676937564,1073.19431965844,4,0,0,154,0,0,0
79,43,4,3254.70787245377,1318.71323870376,0,0,0,71,0,0,0
79,43,5,3564.55815295641,2106.10487836618,0,0,0,117,0,0,0
79,43,6,3775.13799037778,1816.75960066995,19,0,0,165,0,0,0
79,43,7,19780.557996677,6781.0190255391,157,0,0,203,0,0,0
79,43,8,0,3,0,0,0,0,0,0,0
79,44,1,3047.81950254577,1070.93164312302,133,0,0,4,0,0,0
79,44,2,3181.65141731031,1940.9437858964,73,0,0,93,0,0,0
79,44,3,3167.91502916669,1898.69535273848,54,0,0,53,0,0,0
79,44,4,3238.75040305946,1489.80585283834,62,0,0,69,0,0,0
79,44,5,3585.98477056013,1434.15467483755,86,0,0,124,0,0,0
79,44,6,3792.04719222487,1378.50464949853,103,0,0,78,0,0,0
79,44,7,19868.7926869094,4084.07197684131,353,0,0,325,0,0,0
79,44,8,0,3,0,0,0,0,0,0,0
79,45,1,3025.0641333269,1522.86774334962,106,0,0,1,0,0,0
79,45,2,3195.89185527524,1008.40618278407,93,0,0,101,0,0,0
79,45,3,3162.57793531679,1698.37817548879,87,0,0,102,0,0,0
79,45,4,3229.8268611905,1360.48592077637,63,0,0,85,0,0,0
79,45,5,3578.0991130011,1611.99146370054,81,0,0,62,0,0,0
79,45,6,3800.02850997565,1464.02054743504,72,0,0,65,0,0,0
79,45,7,19898.1517703072,10057.4479300454,173,0,0,235,0,0,0
79,45,8,0,3,0,0,0,0,0,0,0
79,46,1,3048.90021499504,1696.33421736766,0,0,0,152,0,0,0
79,46,2,3202.17191612132,1665.40304259129,0,0,0,100,0,0,0
79,46,3,3178.65931894886,1046.43792598616,0,0,0,163,0,0,0
79,46,4,3240.38288093638,1499.47360412522,0,0,0,136,0,0,0
79,46,5,3600.63498154407,2264.70506024759,0,0,0,161,0,0,0
79,46,6,3832.45232911677,451.218808224903,0,0,0,146,0,0,0
79,46,7,19884.2409711356,8448.41419806133,34,0,0,235,0,0,0
79,46,8,0,3,0,0,0,0,0,0,0
79,47,1,3051.20035836527,1300.09544935169,0,98,0,71,0,0,0
79,47,2,3198.17858288151,306.011320726284,0,92,0,74,0,0,0
79,47,3,3165.4666223641,1069.37830548514,0,56,0,48,0,0,0
79,47,4,3240.54897834491,1483.4771823613,0,78,0,71,0,0,0
79,47,5,3615.2804211369,1337.32421540135,0,117,0,109,0,0,0
79,47,6,3825.87640632637,2032.16083813254,0,4,0,41,0,0,0
79,47,7,19885.557322726,8399.87785096397,4,291,0,290,0,0,0
79,47,8,0,3,0,0,0,0,0,0,0
79,48,1,3080.43129738906,1259.72805558378,0,0,0,130,0,0,0
79,48,2,3200.77057186327,1641.66927540174,0,0,0,30,0,0,0
79,48,3,3191.60899827716,1047.2031132641,0,0,0,106,0,0,0
79,48,4,3266.00206708112,564.513282500227,0,0,0,148,0,0,0
79,48,5,3647.32455025306,1478.06414524088,0,0,0,133,0,0,0
79,48,6,3878.76278349117,1265.81376725531,0,0,0,203,0,0,0
79,48,7,19916.2658072315,8512.58275018501,31,0,0,179,0,0,0
79,48,8,0,3,0,0,0,0,0,0,0
79,49,1,3115.67339828994,926.819824940441,0,0,0,125,0,0,0
79,49,2,3241.70612180466,1604.40097572106,0,0,0,164,0,0,0
79,49,3,3221.49795217494,568.802071170674,0,0,0,104,0,0,0
79,49,4,3277.28844081429,1489.99305227154,0,0,0,56,0,0,0
79,49,5,3696.17311347613,2496.80326291126,0,0,0,147,0,0,0
79,49,6,3923.54376969795,1667.39521846959,0,0,0,126,0,0,0
79,49,7,19954.4127344092,1945.62568319409,24,0,0,197,0,0,0
79,49,8,0,3,0,0,0,0,0,0,0
79,50,1,3125.45489739522,918.416130189386,0,0,0,92,0,0,0
79,50,2,3265.18736556819,695.076892096799,8,0,0,150,0,0,0
79,50,3,3223.46782066774,539.648907570395,1,0,0,55,0,0,0
79,50,4,3298.00340467865,1180.05941604642,19,0,0,124,0,0,0
79,50,5,3718.74300321163,1408.51890761532,85,0,0,139,0,0,0
79,50,6,3945.48770793027,1402.80141878126,35,0,0,121,0,0,0
79,50,7,19961.258140822,3567.72986881029,35,0,0,148,0,0,0
79,50,8,0,3,0,0,0,0,0,0,0
79,51,1,3136.74280145153,1202.2509341837,0,0,0,91,0,0,0
79,51,2,3267.86749120836,1280.91748240386,0,0,0,69,0,0,0
79,51,3,3225.04881817698,923.917000257824,0,0,0,53,0,0,0
79,51,4,3318.61910337347,1572.01197037128,0,0,0,118,0,0,0
79,51,5,3749.62244192711,1296.70253855217,0,0,0,140,0,0,0
79,51,6,3983.61178164298,1000.00653066783,0,0,0,140,0,0,0
79,51,7,19962.9381202396,8391.82456282924,31,0,0,176,0,0,0
79,51,8,0,3,0,0,0,0,0,0,0
79,52,1,3168.30672036074,1314.84933854663,0,0,0,120,0,0,0
79,52,2,3304.86242108591,1268.1427857663,0,0,0,128,0,0,0
79,52,3,3253.00763384532,1894.54348586598,0,0,0,92,0,0,0
79,52,4,3356.79772928291,1247.85377338337,0,0,0,157,0,0,0
79,52,5,3810.33648976213,2018.84473875562,0,0,0,129,0,0,0
79,52,6,4030.27565714228,1857.14410655374,0,0,0,100,0,0,0
79,52,7,19997.2493398558,7043.57595394186,30,0,0,182,0,0,0
79,52,8,0,3,0,0,0,0,0,0,0
79,53,1,3182.83055833746,1522.86764558656,0,0,0,131,0,0,0
79,53,2,3323.43355650018,1120.63459849562,0,0,0,126,0,0,0
79,53,3,3288.66701129145,1194.68009129374,0,0,0,189,0,0,0
79,53,4,3376.40080377753,1961.84831485681,0,0,0,124,0,0,0
79,53,5,3853.94762796659,1671.24844146204,1,0,0,175,0,0,0
79,53,6,4075.73060604806,2411.04335581197,0,0,0,182,0,0,0
79,53,7,20013.8718385693,5112.66923410978,27,0,0,205,0,0,1
79,53,8,0,3,0,0,0,0,0,0,0
79,54,1,3199.51041581375,895.962934104868,51,0,0,91,0,0,0
79,54,2,3339.59452238285,1976.15663569102,0,0,0,112,0,0,0
79,54,3,3301.42892418489,1240.5130457023,17,0,0,99,0,0,0
79,54,4,3403.30404379741,1919.33299159925,65,0,0,118,0,0,0
79,54,5,3895.37235989288,1753.0838386128,35,0,0,125,0,0,0
79,54,6,4117.23072193004,1286.00825358537,80,0,0,145,0,0,0
79,54,7,20067.1818895703,6552.37722673779,231,0,0,234,0,0,0
79,54,8,0,3,0,0,0,0,0,0,0
79,55,1,3219.96912301968,1538.70827862491,0,0,0,89,0,0,0
79,55,2,3372.93602922777,1859.00836097131,9,0,0,158,0,0,0
79,55,3,3330.06005618006,436.208478072199,0,0,0,124,0,0,0
79,55,4,3440.44083099599,1871.52015140444,9,0,0,150,0,0,0
79,55,5,3967.15300193913,1833.55423505509,5,0,0,149,0,0,0
79,55,6,4176.25131232623,1735.4477680899,0,0,0,128,0,0,0
79,55,7,20108.9132857858,6461.56973452041,109,0,0,185,0,0,0
79,55,8,0,3,0,0,0,0,0,0,0
79,56,1,3268.24785114896,1103.26259117447,0,0,0,148,0,0,1
79,56,2,3436.75082150111,1950.61246766632,0,0,0,185,0,0,0
79,56,3,3326.26607515949,810.490505763335,0,0,0,43,0,0,0
79,56,4,3512.43283740535,1623.64382829277,1,0,0,177,0,0,0
79,56,5,4045.29162572823,2969.15572010054,3,0,0,170,0,0,0
79,56,6,4248.23902626586,2043.18090804734,0,0,0,173,0,0,0
79,56,7,20166.6107580093,3679.08798130123,110,0,0,161,0,0,0
79,56,8,0,3,0,0,0,0,0,0,0
79,57,1,3274.02551467487,1950.53275535854,0,0,0,110,0,0,0
79,57,2,3452.14470164733,1045.33874185071,22,0,0,155,0,0,0
79,57,3,3326.88639316007,940.867187344887,0,0,0,81,0,0,0
79,57,4,3554.90232338744,2279.13500316754,0,0,0,162,0,0,0
79,57,5,4089.0239931323,1919.85369828951,77,0,0,157,0,0,0
79,57,6,4287.63643769118,1594.41692182118,34,0,0,143,0,0,0
79,57,7,20180.8286941469,6627.66993486957,114,0,0,161,0,0,0
79,57,8,0,3,0,0,0,0,0,0,0
79,58,1,3302.41772598389,1263.08044488689,0,0,0,189,0,0,0
79,58,2,3464.99357664292,1281.64105388652,0,0,0,104,0,0,0
79,58,3,3337.26100095536,424.780897833904,0,0,0,94,0,0,0
79,58,4,3610.19263081523,1742.58969983801,0,0,0,215,0,0,0
79,58,5,4160.67061808651,1531.85138006441,1,0,0,170,0,0,0
79,58,6,4350.27743726461,917.639883230585,0,0,0,159,0,0,0
79,58,7,20218.5937413183,7579.56907227582,36,0,0,186,0,0,0
79,58,8,0,3,0,0,0,0,0,0,0
79,59,1,3333.82500831866,1640.24873469114,0,0,0,126,0,0,0
79,59,2,3500.7670442146,1042.9173812371,0,0,0,128,0,0,0
79,59,3,3334.28822298741,1397.18461154947,0,0,0,42,0,0,0
79,59,4,3678.46008582606,950.066098881123,0,0,0,174,0,0,0
79,59,5,4216.6713705776,2812.85550100892,0,0,0,153,0,0,0
79,59,6,4393.63157006757,1648.37731115967,0,0,0,91,0,0,0
79,59,7,20312.3525297585,8241.26642543905,33,0,0,212,0,0,0
79,59,8,0,3,0,0,0,0,0,0,0
79,60,1,3377.13079318554,1051.79480691967,0,0,0,164,0,0,0
79,60,2,3520.51862100238,1631.76086078424,0,0,0,104,0,0,0
79,60,3,3375.2875284673,1453.18263164834,0,0,0,139,0,0,0
79,60,4,3704.3108550546,867.466547320853,0,0,0,95,0,0,0
79,60,5,4330.25209805512,1674.96051816349,4,0,0,196,0,0,0
79,60,6,4486.83766046709,1254.77515739071,0,0,0,164,0,0,0
79,60,7,20383.2494569358,6174.00340402048,38,0,0,200,0,0,0
79,60,8,0,3,0,0,0,0,0,0,0
79,61,1,3394.51681198979,774.465735305883,0,0,0,105,0,0,0
79,61,2,3532.29759224808,1558.21894673539,33,0,0,123,0,0,0
79,61,3,3384.42472406437,2179.87528229285,26,0,0,114,0,0,0
79,61,4,3720.06110679466,1062.89298172981,4,0,0,81,0,0,0
79,61,5,4377.39821458289,2015.81017789894,42,0,0,117,0,0,0
79,61,6,4526.23506787645,2895.42944238542,7,0,0,117,0,0,0
79,61,7,20454.9004467532,7814.92722840436,229,1,0,263,0,0,7
79,61,8,0,3,0,0,0,0,0,0,0
79,62,1,3389.72191274531,1558.96985967101,0,0,0,77,0,0,0
79,62,2,3542.57151260141,1938.01417858305,0,0,0,155,0,0,0
79,62,3,3412.50556161788,1338.00704238022,7,0,0,163,0,0,0
79,62,4,3726.43935748047,1883.69100439866,0,0,0,106,0,0,0
79,62,5,4410.61601971608,2472.0590579581,2,0,0,186,0,0,0
79,62,6,4614.68063058364,955.796121460073,1,0,0,282,0,0,0
79,62,7,20498.7922872652,4087.35638278795,72,0,0,246,0,0,0
79,62,8,0,3,0,0,0,0,0,0,0
79,63,1,3382.92412568161,1381.16556175086,0,58,0,97,0,0,0
79,63,2,3528.38147565409,1099.02241507185,0,87,0,106,0,0,0
79,63,3,3403.98737760726,1664.04626818175,0,58,0,75,0,0,0
79,63,4,3735.54893312893,1245.06606874979,0,92,0,96,0,0,0
79,63,5,4417.19575607191,969.603883038292,0,140,0,107,0,0,0
79,63,6,4613.88781603932,1368.11486766199,0,56,0,39,0,0,0
79,63,7,20516.5524791423,5868.23253712111,0,199,0,209,0,0,0
79,63,8,0,3,0,0,0,0,0,0,0
79,64,1,3416.95788265649,1483.12496897135,0,0,0,138,0,0,0
79,64,2,3541.004785892,1241.88846005896,0,0,0,109,0,0,0
79,64,3,3458.68644522955,1229.31089586957,0,0,0,166,0,0,0
79,64,4,3786.1174933187,2457.46303885489,0,0,0,124,0,0,0
79,64,5,4479.72758131458,2079.83379263837,0,0,0,96,0,0,0
79,64,6,4693.51410694785,2336.26970419328,0,0,0,136,0,0,0
79,64,7,20596.9825336724,6356.38416554965,41,0,0,174,0,0,0
79,64,8,0,3,0,0,0,0,0,0,0
79,65,1,3433.55289661603,1526.80366075194,0,0,0,148,0,0,0
79,65,2,3546.2548142112,1382.20690071442,0,0,0,124,0,0,0
79,65,3,3481.68138896548,777.613606141238,0,0,0,122,0,0,0
79,65,4,3830.4127994207,789.873554726992,3,0,0,202,0,0,0
79,65,5,4544.99086503893,2473.09502128436,1,0,0,191,0,0,0
79,65,6,4774.45076586899,2377.75286791841,2,0,0,206,0,0,0
79,65,7,20653.5042831436,8122.47788109467,30,0,0,227,0,0,0
79,65,8,0,3,0,0,0,0,0,0,0
79,66,1,3469.56203754142,1247.88613740392,0,0,0,152,0,0,0
79,66,2,3585.93312683335,1373.3912482682,0,0,0,138,0,0,0
79,66,3,3507.77030168296,1296.83697408924,0,0,0,77,0,0,0
79,66,4,3851.38296164855,1578.66531309134,0,0,0,78,0,0,0
79,66,5,4665.18067094778,2085.1916102441,0,0,0,230,0,0,1
79,66,6,4898.23056671398,1573.9780279082,1,0,0,210,0,0,0
79,66,7,20746.3707455912,8173.93492473629,32,0,0,226,0,0,0
79,66,8,0,3,0,0,0,0,0,0,0
79,67,1,3518.4236016179,1303.91754364158,0,0,0,124,0,0,0
79,67,2,3633.32351423377,701.268355061522,0,0,0,137,0,0,0
79,67,3,3544.72334052589,2046.78734010659,0,0,0,129,0,0,0
79,67,4,3931.78288381193,2009.15875923984,0,0,0,157,0,0,0
79,67,5,4783.22868726035,2159.98177607376,2,0,0,177,0,0,0
79,67,6,4991.52041426578,2562.96484297325,0,0,0,157,0,0,0
79,67,7,20873.1331212137,7080.67132515237,40,0,0,191,0,0,0
79,67,8,0,3,0,0,0,0,0,0,0
79,68,1,3524.92340536382,1883.53300765983,0,0,0,130,0,0,0
79,68,2,3626.96558382133,1011.08101107692,0,0,0,70,0,0,0
79,68,3,3584.0574021067,1544.21125355325,6,0,0,169,0,0,0
79,68,4,3981.1596693934,1423.68798360594,0,0,0,200,0,0,0
79,68,5,4854.13117489155,1760.82377338232,7,0,0,185,0,0,0
79,68,6,5082.42377325579,1016.07453954807,13,0,0,199,0,0,0
79,68,7,20920.3321491057,9028.00877346946,115,0,0,199,0,0,0
79,68,8,0,3,0,0,0,0,0,0,0
79,69,1,3546.19876245962,1389.44819760049,0,0,0,168,0,0,0
79,69,2,3627.03944175704,726.402562701876,0,0,0,101,0,0,0
79,69,3,3599.99513898439,1138.91638429474,0,0,0,154,0,0,0
79,69,4,4019.23951685768,1556.6543902184,0,0,0,142,0,0,0
79,69,5,4918.39880838495,2887.46680310148,0,0,0,176,0,0,0
79,69,6,5121.43722565558,2012.33191038527,0,0,0,101,0,0,0
79,69,7,20983.0595144069,13688.4058786043,67,0,0,199,0,0,0
79,69,8,0,3,0,0,0,0,0,0,0
79,70,1,3554.04231409808,840.750189890628,0,0,0,138,0,0,0
79,70,2,3611.2777745983,2273.53268164334,0,0,0,72,0,0,0
79,70,3,3589.32791323648,1352.72141790404,0,0,0,113,0,0,0
79,70,4,4037.36434083113,1988.93767589819,0,0,0,155,0,0,0
79,70,5,4942.93398344987,1151.09588526649,3,0,0,209,0,0,0
79,70,6,5175.49637666533,1432.75661660942,0,0,0,196,0,0,0
79,70,7,21012.5357165137,7369.73812395581,45,0,0,214,0,0,0
79,70,8,0,3,0,0,0,0,0,0,0
79,71,1,3560.14968451737,2470.82706840097,0,0,0,84,0,0,0
79,71,2,3642.1150003672,2872.47220138273,37,0,0,156,0,0,0
79,71,3,3606.08926445124,1490.47378552925,5,0,0,125,0,0,0
79,71,4,4057.54665740494,1333.62807519259,24,0,0,153,0,0,0
79,71,5,4981.23261553417,3295.91427735066,0,0,0,115,0,0,0
79,71,6,5243.09057814465,1840.69420145749,0,0,0,143,0,0,0
79,71,7,21121.1922610139,7257.73701897206,226,0,0,307,0,0,0
79,71,8,0,3,0,0,0,0,0,0,0
79,72,1,3549.12112678539,1083.09357196674,180,0,0,49,0,0,0
79,72,2,3656.24069345125,1136.72563605407,122,0,0,153,0,0,0
79,72,3,3611.3946590888,1189.3068088902,39,0,0,106,0,0,0
79,72,4,4058.8935094381,1778.98259828388,42,0,0,87,0,0,0
79,72,5,5026.79787585083,2699.01304262371,161,0,0,152,0,0,0
79,72,6,5287.40112916066,1734.59503301136,79,0,0,97,0,0,0
79,72,7,21254.7131039547,8827.03545940737,325,0,0,367,0,0,0
79,72,8,0,3,0,0,0,0,0,0,0
79,73,1,3542.46881600572,1480.06197165067,0,0,0,108,0,0,0
79,73,2,3660.07781697661,1858.22717286183,0,0,0,113,0,0,0
79,73,3,3609.00273078945,1892.22884090808,0,0,0,118,0,0,0
79,73,4,4083.78221358304,1282.34118916508,0,0,0,177,0,0,0
79,73,5,5110.84534384284,3479.50288049819,0,0,0,268,0,0,0
79,73,6,5345.20766330649,1145.63127648486,0,0,0,173,0,0,0
79,73,7,21258.0807381786,11243.7357244588,109,0,0,212,0,0,0
79,73,8,0,3,0,0,0,0,0,0,0
79,74,1,3559.26058595471,1084.9305640604,0,0,0,148,0,0,0
79,74,2,3687.20792700489,1720.84475821157,0,0,0,182,0,0,0
79,74,3,3628.03338544001,745.303451688457,0,0,0,189,0,0,0
79,74,4,4100.8171018569,1833.62508761417,0,0,0,128,0,0,0
79,74,5,5169.9839195333,3451.04440466965,0,6,0,178,0,0,0
79,74,6,5383.63883154136,1149.08709403364,0,0,0,114,0,0,0
79,74,7,21283.954869683,7033.07007344154,0,35,0,188,0,0,0
79,74,8,0,3,0,0,0,0,0,0,0
79,75,1,3583.92121436987,855.08683214504,0,0,0,108,0,0,0
79,75,2,3714.4472971,1582.91857453396,0,16,0,147,0,0,0
79,75,3,3623.88725001378,1165.34650537822,0,0,0,74,0,0,0
79,75,4,4121.91122215845,1573.48272692353,0,39,0,124,0,0,0
79,75,5,5236.64419627884,2487.46596760712,0,134,0,144,0,0,0
79,75,6,5440.44444993121,2304.22361620624,0,0,0,114,0,0,0
79,75,7,21388.9383348544,9376.38136418145,0,264,0,307,0,0,0
79,75,8,0,3,0,0,0,0,0,0,0
79,76,1,3578.45053120581,2020.98452355097,0,0,0,85,0,0,0
79,76,2,3738.68561533793,676.097550581606,0,0,0,158,0,0,0
79,76,3,3640.44085879254,1180.96080654533,0,0,0,116,0,0,0
79,76,4,4171.26624965503,1702.59614340679,0,0,0,157,0,0,0
79,76,5,5344.85121870442,1246.74581546635,1,0,0,206,0,0,0
79,76,6,5558.97645517172,2089.63605555921,1,0,0,195,0,0,0
79,76,7,21472.4777736931,14315.719035371,29,0,0,208,0,0,0
79,76,8,0,3,0,0,0,0,0,0,0
79,77,1,3600.93126310839,2057.31753488142,0,0,0,202,0,0,0
79,77,2,3709.85258575068,1359.25762611499,0,0,0,67,0,0,0
79,77,3,3636.06126064287,1148.8590018587,0,0,0,118,0,0,0
79,77,4,4211.59172819886,1940.87360336187,0,0,0,170,0,0,0
79,77,5,5386.92069589136,1036.61808068686,0,0,0,124,0,0,0
79,77,6,5623.94422141095,2074.27476728155,0,0,0,192,0,0,0
79,77,7,21520.072781046,12436.4191284653,16,5,0,226,0,0,1
79,77,8,0,3,0,0,0,0,0,0,0
79,78,1,3629.36584577366,1565.63551909593,0,0,0,205,0,0,0
79,78,2,3709.96859394045,1182.78135274392,0,0,0,135,0,0,0
79,78,3,3643.85533787369,1427.10272104714,0,0,0,114,0,0,0
79,78,4,4240.30864981271,1304.43826606584,0,0,0,194,0,0,0
79,78,5,5411.14258935711,1285.61652203455,0,0,0,103,0,0,0
79,78,6,5716.18051486968,969.031114681289,0,0,0,200,0,0,0
79,78,7,21553.2724813597,8632.80162955703,58,0,0,177,0,0,0
79,78,8,0,3,0,0,0,0,0,0,0
79,79,1,3628.25232549361,1354.07593775674,0,0,0,156,0,0,0
79,79,2,3709.42204164399,1415.48921588483,0,0,0,118,0,0,0
79,79,3,3658.014174628,1486.34810962554,0,0,0,142,0,0,0
79,79,4,4242.95012813462,1968.62021271523,0,0,0,130,0,0,0
79,79,5,5435.23271320925,1827.57330697131,0,0,0,128,0,0,0
79,79,6,5733.48427888582,1177.60498750325,0,0,0,96,0,0,0
79,79,7,21588.8768245253,6441.67507019852,166,1,0,179,0,0,3
79,79,8,0,3,0,0,0,0,0,0,0
79,80,1,3635.90874699191,1858.06581763518,7,0,0,122,0,0,0
79,80,2,3733.62434952617,2273.89973692016,0,0,0,141,0,0,0
79,80,3,3677.63422461921,1393.22950449816,7,0,0,136,0,0,0
79,80,4,4276.11622458558,1034.57675175406,28,0,0,149,0,0,0
79,80,5,5504.01580344934,2025.58891156357,21,0,0,147,0,0,0
79,80,6,5789.82789903233,2304.69879953724,0,0,0,117,0,0,0
79,80,7,21661.1388450971,10261.3012850187,219,0,0,196,0,0,0
79,80,8,0,3,0,0,0,0,0,0,0
79,81,1,3669.81549064423,1682.3916315659,0,0,0,185,0,0,0
79,81,2,3768.61384104692,1281.79382277834,0,0,0,209,0,0,0
79,81,3,3684.22155438634,1180.06494247096,0,0,0,139,0,0,0
79,81,4,4279.64416855375,2082.06206148008,0,0,0,103,0,0,0
79,81,5,5580.88533202837,1845.58768988854,0,0,0,199,0,0,0
79,81,6,5871.4466904702,3360.90952215108,0,1,0,199,0,0,0
79,81,7,21768.6665643246,13282.2656380551,1,34,0,223,0,0,0
79,81,8,0,3,0,0,0,0,0,0,0
79,82,1,3683.94552984114,1559.30345307031,0,1,0,162,0,0,0
79,82,2,3754.85088518066,1497.16065128984,0,0,0,128,0,0,0
79,82,3,3672.9409225626,477.14774328796,0,0,0,118,0,0,0
79,82,4,4305.62683541006,1254.47390469773,0,3,0,189,0,0,0
79,82,5,5605.79527367198,1336.42554443983,0,1,0,174,0,0,0
79,82,6,5957.47050661937,1404.63610885335,0,17,0,231,0,0,0
79,82,7,21823.7755171058,12756.0219980146,0,178,0,237,0,0,0
79,82,8,0,3,0,0,0,0,0,0,0
79,83,1,3679.66650480065,1949.7159219275,0,9,0,138,0,0,0
79,83,2,3756.76512650801,2204.65734491558,0,7,0,136,0,0,0
79,83,3,3639.62802880747,1422.6664145603,0,0,0,47,0,0,0
79,83,4,4288.06458582117,636.72069698101,0,1,0,123,0,0,0
79,83,5,5596.42034687384,1331.18555066197,0,0,0,132,0,0,0
79,83,6,5989.90117786447,1358.41339409814,0,2,0,135,0,0,0
79,83,7,21905.4536544906,5384.57265766845,0,430,0,420,0,0,1
79,83,8,0,3,0,0,0,0,0,0,0
79,84,1,3669.21854128968,1019.61319131113,0,81,0,89,0,0,0
79,84,2,3779.45248455189,1036.71411141052,0,57,0,146,0,0,0
79,84,3,3637.11694861822,1043.14922271389,0,27,0,107,0,0,0
79,84,4,4270.45149757974,1639.25072330681,0,0,0,63,0,0,0
79,84,5,5641.43448573016,3316.41958889508,0,9,0,121,0,0,0
79,84,6,6057.80018697871,2311.0995138571,0,10,0,122,0,0,0
79,84,7,22010.1494458904,5349.35974049363,0,221,0,251,0,0,0
79,84,8,0,3,0,0,0,0,0,0,0
79,85,1,3724.03567788355,1563.27595407558,0,0,0,101,0,0,0
79,85,2,3829.43532948956,309.635342517708,0,0,0,103,0,0,0
79,85,3,3644.23138832604,1117.37346782465,0,0,0,104,0,0,0
79,85,4,4335.61163153012,1474.91509232466,0,0,0,163,0,0,0
79,85,5,5785.23312199794,3213.20697868583,12,0,0,190,0,0,0
79,85,6,6226.42038376168,3458.32731394729,0,0,0,226,0,0,0
79,85,7,22188.4403158193,4397.10638505545,28,0,0,220,0,0,0
79,85,8,0,3,0,0,0,0,0,0,0
79,86,1,3741.93911634409,1669.76955531954,0,0,0,156,0,0,0
79,86,2,3796.57423122128,925.576169585614,0,0,0,30,0,0,0
79,86,3,3636.20178641458,2416.17821810063,0,0,0,111,0,0,0
79,86,4,4346.08208029709,1437.76624079525,0,0,0,147,0,0,0
79,86,5,5790.84492693208,2705.59563297294,43,0,0,162,0,0,0
79,86,6,6281.60385614122,3754.26629498202,46,0,0,173,0,0,0
79,86,7,22206.1074554732,11632.7819570083,73,0,0,166,0,0,0
79,86,8,0,3,0,0,0,0,0,0,0
79,87,1,3784.33557619473,2111.00969730948,0,0,0,166,0,0,0
79,87,2,3796.73823630695,1061.07826053168,0,0,0,92,0,0,0
79,87,3,3695.26320130816,1939.94526284704,0,0,0,206,0,0,0
79,87,4,4377.85067478398,2624.77474135636,0,0,0,143,0,0,0
79,87,5,5955.22774734271,1971.90954600431,0,1,0,205,0,0,0
79,87,6,6457.07843276584,4450.60431341761,1,2,0,224,0,0,0
79,87,7,22348.5346167431,7548.35069246762,12,9,0,249,0,0,1
79,87,8,0,3,0,0,0,0,0,0,0
79,88,1,3816.68745295543,1653.67262664271,0,125,0,86,0,0,0
79,88,2,3781.65134966033,2368.41759610174,0,44,0,62,0,0,0
79,88,3,3696.00455604372,1327.43406059198,0,96,0,97,0,0,0
79,88,4,4428.00610742251,3334.53146453237,0,125,0,137,0,0,0
79,88,5,5981.65833332815,2329.7479966502,0,102,0,95,0,0,0
79,88,6,6603.50028190734,1555.29448802412,2,153,0,169,0,0,0
79,88,7,22533.1574764608,5372.81768673346,3,308,0,280,0,0,0
79,88,8,0,3,0,0,0,0,0,0,0
79,89,1,3864.32510040496,907.34992383555,0,0,0,165,0,0,0
79,89,2,3837.21199925891,1417.97267310077,8,0,0,163,0,0,0
79,89,3,3729.23761391975,854.745722208972,0,0,0,132,0,0,0
79,89,4,4519.78086744498,1615.15575662996,18,0,0,180,0,0,0
79,89,5,6161.77392794735,2969.85615538419,2,0,0,216,0,0,0
79,89,6,6726.26242889003,4676.59001108564,0,0,0,155,0,0,0
79,89,7,22645.5063831382,8280.99649317781,44,0,0,176,0,0,0
79,89,8,0,3,0,0,0,0,0,0,0
79,90,1,3908.72077792036,1268.3196613875,0,0,0,90,0,0,0
79,90,2,3891.81970828395,877.356464568678,0,0,0,141,0,0,0
79,90,3,3744.20472701924,1367.97112759072,0,0,0,85,0,0,0
79,90,4,4598.13083082176,1953.29239407234,0,0,0,161,0,0,0
79,90,5,6335.19230389849,2464.71490656628,4,0,0,196,0,0,1
79,90,6,6917.12499029671,3166.47789325566,11,0,0,198,0,0,1
79,90,7,22801.4434520975,14788.5416281981,30,0,0,211,0,0,0
79,90,8,0,3,0,0,0,0,0,0,0
79,91,1,3926.89172525452,1889.10415409889,0,0,0,126,0,0,0
79,91,2,3897.27486768347,1651.37547638287,0,0,0,87,0,0,0
79,91,3,3762.57012837446,1600.5551659988,0,0,0,136,0,0,0
79,91,4,4657.90352047525,1501.82861516662,0,0,0,192,0,0,0
79,91,5,6403.10148600624,4325.38677780182,1,0,0,187,0,0,0
79,91,6,7061.91716677132,2822.44714303327,0,0,0,276,0,0,1
79,91,7,22844.0696922194,13985.1056011291,27,0,0,233,0,0,0
79,91,8,0,3,0,0,0,0,0,0,0
79,92,1,3991.87364839307,1629.90136766846,0,0,0,188,0,0,0
79,92,2,3918.84402834447,1478.10021024135,0,0,0,165,0,0,0
79,92,3,3784.13211432536,887.412468123052,0,0,0,160,0,0,0
79,92,4,4702.40696243241,2314.23062235847,0,0,0,150,0,0,0
79,92,5,6511.45661400174,4269.81900763568,3,0,0,202,0,0,8
79,92,6,7156.26333089981,2167.00406298084,2,0,0,178,0,0,0
79,92,7,22913.0527374263,6430.27180061811,23,0,0,211,0,0,0
79,92,8,0,3,0,0,0,0,0,0,0
79,93,1,4130.96322339912,1020.86725190125,0,0,0,162,0,0,0
79,93,2,3996.9339099112,1539.90542342921,0,0,0,147,0,0,0
79,93,3,3807.65808306115,1752.84759948714,0,0,0,88,0,0,0
79,93,4,4821.3892128327,1926.31636267558,6,0,0,190,0,0,0
79,93,5,6713.47926156446,3429.44537305642,38,0,0,172,0,0,0
79,93,6,7364.15733926057,4371.83653660573,5,0,0,165,0,0,4
79,93,7,23053.9288102446,9557.43049050129,71,0,0,168,0,0,0
79,93,8,0,3,0,0,0,0,0,0,0
79,94,1,4162.2756136165,2163.38352278059,0,0,0,102,0,0,0
79,94,2,4052.80813626448,1903.84544856107,0,0,0,153,0,0,0
79,94,3,3847.0889045391,810.061222295231,0,0,0,175,0,0,0
79,94,4,4912.06072933401,1631.00917333866,0,0,0,176,0,0,0
79,94,5,6903.11768696753,4448.89224319697,4,0,0,254,0,0,0
79,94,6,7528.0603203534,2607.29164702475,11,0,0,207,0,0,0
79,94,7,23157.6150460927,11536.4733490301,38,0,0,195,0,0,0
79,94,8,0,3,0,0,0,0,0,0,0
79,95,1,4227.57731190006,1284.68551472794,0,0,0,192,0,0,1
79,95,2,4106.30913957278,1326.39097174235,0,0,0,190,0,0,0
79,95,3,3870.1513601584,1249.94032326224,0,0,0,81,0,0,0
79,95,4,4971.16672266507,1353.24858255892,0,0,0,163,0,0,0
79,95,5,7043.82159400993,4074.72813425682,9,0,0,201,0,0,0
79,95,6,7728.08019068734,3982.53139372569,1,0,0,224,0,0,0
79,95,7,23263.5944555573,14666.7186295506,37,0,0,190,0,0,0
79,95,8,0,3,0,0,0,0,0,0,0
79,96,1,4231.68797613582,2371.17409834496,0,0,0,128,0,0,0
79,96,2,4116.22214698246,2114.91102299686,0,0,0,132,0,0,0
79,96,3,3882.0498762354,1921.24163497184,0,0,0,124,0,0,0
79,96,4,5014.34837782476,2268.15363681295,0,0,0,135,0,0,0
79,96,5,7111.87537093897,2809.69449116438,5,0,0,190,0,0,0
79,96,6,7820.63361986361,1856.53239781035,5,0,0,192,0,0,0
79,96,7,23300.6953716249,6401.22895670628,32,0,0,204,0,0,0
79,96,8,0,3,0,0,0,0,0,0,0
79,97,1,4356.33183300374,1614.61219042513,24,0,0,146,0,0,0
79,97,2,4205.46977238066,1476.79126179641,13,0,0,152,0,0,5
79,97,3,3963.23711690209,1669.19318208162,6,0,0,169,0,0,0
79,97,4,5135.65716406516,2666.73135669445,17,0,0,162,0,0,0
79,97,5,7409.06807021109,2605.39294564798,23,0,0,192,0,0,1
79,97,6,8108.04610716875,4198.21818561066,0,0,0,184,0,0,0
79,97,7,23486.3553521903,9129.31556787188,126,0,0,171,0,0,1
79,97,8,0,3,0,0,0,0,0,0,0
79,98,1,4426.83123979679,2727.37920221448,0,0,0,161,0,0,0
79,98,2,4276.11705086911,2220.56194355681,0,0,0,147,0,0,0
79,98,3,4024.58063779773,1080.47062509073,0,0,0,166,0,0,0
79,98,4,5228.22286436932,2440.78910316794,8,0,0,154,0,0,0
79,98,5,7658.3706362617,2727.31648960026,3,0,0,207,0,0,0
79,98,6,8314.84381586766,2777.33387330129,15,0,0,216,0,0,0
79,98,7,23624.045438895,13016.1443382382,54,0,0,203,0,0,0
79,98,8,0,3,0,0,0,0,0,0,0
79,99,1,4482.83448035289,1202.30247268506,1,0,0,245,0,0,0
79,99,2,4315.20958969255,2301.69051096067,0,0,0,208,0,0,0
79,99,3,4032.44789773286,1347.65122220127,0,0,0,108,0,0,0
79,99,4,5285.05115712582,1062.58598273888,2,0,0,188,0,0,0
79,99,5,7788.57539452642,2822.55009725876,3,0,0,186,0,0,0
79,99,6,8437.02355157065,5369.45143898035,1,0,0,229,0,0,0
79,99,7,23683.1845729083,8445.75529399414,41,0,0,256,0,0,0
79,99,8,0,3,0,0,0,0,0,0,0
79,100,1,4511.99232482414,1577.4641013501,0,0,0,120,0,0,0
79,100,2,4405.77848836658,1718.52260923982,0,0,0,223,0,0,1
79,100,3,4070.9395298145,1345.71137725352,0,0,0,134,0,0,0
79,100,4,5341.99150461354,1771.82660117395,0,0,0,106,0,0,0
79,100,5,8015.98389551282,5135.32815036318,13,0,0,167,0,0,0
79,100,6,8644.0673102912,2485.49014173471,45,0,0,159,0,0,0
79,100,7,23760.2946181584,9250.43244065053,78,0,0,191,0,0,2
79,100,8,0,3,0,0,0,0,0,0,0
80,1,1,2875.048,1720.5974100395,0,38,0,44,0,0,0
80,1,2,2873.8304,1120.47866897947,0,32,0,31,0,0,0
80,1,3,2874.856,1685.75896443438,0,10,0,6,0,0,0
80,1,4,2871.896,1032.45961252179,0,13,0,19,0,0,0
80,1,5,2869.344,903.739457991823,0,33,0,1,0,0,0
80,1,6,2865.176,1133.29067093973,0,0,0,2,0,0,0
80,1,7,19706.6556799999,8490.50470479886,0,42,0,54,0,0,0
80,1,8,0,9,0,51,0,48,0,0,0
80,2,1,2898.728,948.841457900491,0,0,0,172,0,0,0
80,2,2,2887.5904,1602.87527360024,0,0,0,112,0,0,0
80,2,3,2898.952,596.05096065278,0,0,0,168,0,0,0
80,2,4,2880.9456,956.411956889099,0,0,0,103,0,0,0
80,2,5,2874.5904,1118.68660918444,0,0,0,90,0,0,0
80,2,6,2877.608,1411.42036317672,0,0,0,113,0,0,0
80,2,7,19656.8169599999,6161.68442597204,23,0,0,215,0,0,0
80,2,8,0,9,0,0,0,0,0,0,0
80,3,1,2909.4656,1465.2490687612,0,0,0,94,0,0,0
80,3,2,2909.4224,1526.80539857829,0,0,0,160,0,0,0
80,3,3,2900.1216,1903.50953561643,0,0,0,59,0,0,0
80,3,4,2889.09728,821.004919922285,0,0,0,95,0,0,0
80,3,5,2884.9465728,1202.65436396871,0,0,0,111,0,0,0
80,3,6,2892.7776,1024.08562220111,0,0,0,141,0,0,0
80,3,7,19602.8403199998,10854.7628631779,24,0,0,209,0,0,7
80,3,8,0,9,0,0,0,0,0,0,0
80,4,1,2928.42111999999,1413.72022819332,0,0,0,146,0,0,0
80,4,2,2925.84799999999,1118.28070312339,0,0,0,152,0,0,0
80,4,3,2927.896,935.080004936615,0,0,0,190,0,0,0
80,4,4,2893.13728,1090.68020866394,0,0,0,82,0,0,0
80,4,5,2894.6665728,1400.47057040979,0,0,0,120,0,0,0
80,4,6,2898.52352,1086.29437210523,0,0,0,102,0,0,0
80,4,7,19553.7075199997,3224.55986926329,28,0,0,213,0,0,0
80,4,8,0,9,0,0,0,0,0,0,0
80,5,1,2927.62912,742.858833810982,0,67,0,74,0,0,0
80,5,2,2922.78111999999,823.100481575829,0,52,0,59,0,0,0
80,5,3,2919.3984,1240.70688120435,0,56,0,37,0,0,0
80,5,4,2890.14528,1760.12796015907,0,58,0,51,0,0,0
80,5,5,2887.2745728,885.16534623848,0,82,0,58,0,0,0
80,5,6,2887.59552,1391.19104049382,0,65,0,43,0,0,0
80,5,7,19482.3359999997,11330.1529928838,0,166,0,156,0,0,0
80,5,8,0,9,0,0,0,0,0,0,0
80,6,1,2934.48672,1244.80116462617,0,0,0,74,0,0,0
80,6,2,2933.62751999999,1083.05673474313,0,0,0,82,0,0,0
80,6,3,2939.5664,1415.35693131959,0,0,0,124,0,0,0
80,6,4,2921.01888,1265.97976233831,0,0,0,165,0,0,0
80,6,5,2901.7609728,1583.55812488132,0,0,0,88,0,0,0
80,6,6,2908.98111999999,1556.36261935113,0,0,0,139,0,0,0
80,6,7,19452.2175999996,9310.0693745085,24,1,0,214,0,0,0
80,6,8,0,9,0,0,0,0,0,0,0
80,7,1,2955.33472,1737.82296379996,0,0,0,124,0,0,0
80,7,2,2950.33472,1410.29835941683,0,0,0,108,0,0,0
80,7,3,2963.33472,1066.1308561245,0,0,0,141,0,0,0
80,7,4,2942.09888,1095.61082039985,0,0,0,126,0,0,0
80,7,5,2927.7977728,1177.13427514881,0,0,0,158,0,0,0
80,7,6,2931.07199999999,1083.19946487462,0,0,0,155,0,0,0
80,7,7,19421.1811199996,3764.62299182929,22,0,0,211,0,0,0
80,7,8,0,9,0,0,0,0,0,0,0
80,8,1,2977.43072,655.372268788382,4,0,0,152,0,0,0
80,8,2,2973.47321599999,1368.01144888924,0,0,0,141,0,0,0
80,8,3,2976.739456,1288.37224497801,0,0,0,106,0,0,0
80,8,4,2958.66688,632.574502865473,0,0,0,109,0,0,0
80,8,5,2942.5881728,1193.85673711087,0,0,0,117,0,0,0
80,8,6,2943.819456,1564.19578368946,0,0,0,108,0,0,0
80,8,7,19377.0901759995,10951.3265720823,45,0,0,168,0,0,0
80,8,8,0,9,0,0,0,0,0,0,0
80,9,1,2982.16512,1814.50165374504,0,0,0,65,0,0,0
80,9,2,2993.297216,1368.81621659123,0,0,0,136,0,0,0
80,9,3,2997.581056,893.961706844652,0,0,0,128,0,0,0
80,9,4,2963.25248,1492.14882534591,0,0,0,63,0,0,0
80,9,5,2957.0454528,1171.81991833295,0,0,0,119,0,0,0
80,9,6,2964.560896,1743.1044423714,0,0,0,156,0,0,0
80,9,7,19350.6767999995,7331.92590571659,26,0,0,285,0,0,0
80,9,8,0,9,0,0,0,0,0,0,0
80,10,1,3007.01472,1078.31904933277,0,0,0,174,0,0,0
80,10,2,3014.25875199999,1117.86088722704,0,0,0,136,0,0,0
80,10,3,3008.693376,853.87157339473,0,0,0,89,0,0,0
80,10,4,2984.22655999999,1009.24330125037,0,0,0,149,0,0,0
80,10,5,2968.4918528,1150.14864123522,0,0,0,117,0,0,0
80,10,6,2989.948032,1295.67625108743,0,0,0,174,0,0,0
80,10,7,19300.0847999994,9006.91683730085,78,0,0,192,0,0,0
80,10,8,0,9,0,0,0,0,0,0,0
80,11,1,3016.41632,806.163088154904,0,0,0,107,0,0,0
80,11,2,3025.64326399999,965.454317708403,0,0,0,111,0,0,0
80,11,3,3016.109376,1475.37364717561,0,0,0,85,0,0,0
80,11,4,2995.06143999999,1687.1003127618,0,0,0,100,0,0,0
80,11,5,2980.1404288,1527.12475857142,0,0,0,115,0,0,0
80,11,6,3008.769536,1401.42423046146,0,0,0,129,0,0,0
80,11,7,19243.5751039993,9427.24065087907,60,0,0,165,0,0,0
80,11,8,0,9,0,0,0,0,0,0,0
80,12,1,3017.86534400001,1573.58403941934,0,0,0,80,0,0,0
80,12,2,3034.5102848,1802.77895925547,0,0,0,96,0,0,0
80,12,3,3033.23168000001,1366.33271474157,0,0,0,147,0,0,0
80,12,4,3020.87225599999,1102.3406182465,0,0,0,168,0,0,0
80,12,5,2999.2767488,1181.34778539583,0,0,0,152,0,0,0
80,12,6,3025.912256,1330.28587331553,0,0,0,140,0,0,0
80,12,7,19190.7143807993,8438.48883180612,52,0,0,193,0,0,0
80,12,8,0,9,0,0,0,0,0,0,0
80,13,1,3030.39040000001,1489.69325086986,0,0,0,157,0,0,0
80,13,2,3057.0043648,1083.94942971059,0,0,0,180,0,0,0
80,13,3,3047.99904,2343.84895849961,0,0,0,136,0,0,0
80,13,4,3033.17030399999,1009.88300812958,0,0,0,110,0,0,0
80,13,5,3004.8220288,1945.36468329992,0,0,0,118,0,0,0
80,13,6,3038.731136,992.166058194778,0,0,0,133,0,0,0
80,13,7,19131.3858687992,10894.8462800141,0,52,0,184,0,0,0
80,13,8,0,9,0,0,0,0,0,0,0
80,14,1,3023.40921600001,752.088874145985,0,100,0,48,0,0,0
80,14,2,3056.2005248,1580.42044621001,0,39,0,69,0,0,0
80,14,3,3061.47872000001,1164.08043708309,0,112,0,122,0,0,0
80,14,4,3029.296704,735.447066462936,0,50,0,50,0,0,0
80,14,5,3011.91866880001,936.55982432104,0,92,0,102,0,0,0
80,14,6,3033.22112000001,1178.73606369462,0,53,0,46,0,0,0
80,14,7,19092.5693977591,6463.14514540624,6,263,0,256,0,0,2
80,14,8,0,9,0,0,0,0,0,0,0
80,15,1,3033.39475200001,1057.57728555004,0,0,0,75,0,0,0
80,15,2,3090.61716480001,1745.47657988633,0,0,0,158,0,0,0
80,15,3,3086.97395200001,1878.72539340231,0,0,0,116,0,0,0
80,15,4,3043.2937728,1072.19344583081,0,0,0,73,0,0,0
80,15,5,3031.37710080001,1623.00697480783,0,0,0,93,0,0,0
80,15,6,3055.16410880001,894.546544420449,0,0,0,117,0,0,0
80,15,7,19098.4630942711,4973.85671594955,32,0,0,228,0,0,0
80,15,8,0,9,0,0,0,0,0,0,0
80,16,1,3048.75219200001,1153.05263413353,0,0,0,105,0,0,0
80,16,2,3118.44940800001,1276.15889690874,3,0,0,157,0,0,0
80,16,3,3118.94297600001,1825.2061747105,3,0,0,164,0,0,1
80,16,4,3066.8228096,1536.39888834046,0,0,0,107,0,0,0
80,16,5,3060.40527360001,794.765672891421,0,0,0,160,0,0,0
80,16,6,3068.54590720001,1519.94545072049,0,0,0,89,0,0,0
80,16,7,19100.813430271,8896.91633235473,48,0,0,227,0,0,0
80,16,8,0,9,0,0,0,0,0,0,0
80,17,1,3064.83449600001,1779.46683574582,0,0,0,115,0,0,0
80,17,2,3139.94924800002,1992.60122423285,0,0,0,127,0,0,0
80,17,3,3153.02148864001,515.291323641233,0,0,0,181,0,0,0
80,17,4,3099.7340416,937.964573616195,0,0,0,153,0,0,0
80,17,5,3070.91981056001,1120.62138114148,0,0,0,79,0,0,0
80,17,6,3095.29781504001,947.160806995903,0,0,0,151,0,0,0
80,17,7,19088.179128831,5868.36368188082,38,0,0,169,0,0,0
80,17,8,0,9,0,0,0,0,0,0,0
80,18,1,3088.06489600001,1408.63040800699,37,0,0,122,0,0,0
80,18,2,3170.35879936002,906.054221522674,25,0,0,161,0,0,0
80,18,3,3161.10036224001,874.984439775009,0,0,0,51,0,0,0
80,18,4,3118.0112896,1290.97243757523,1,0,0,92,0,0,0
80,18,5,3090.31264512001,1422.20538463879,0,0,0,112,0,0,0
80,18,6,3111.44048680961,1124.00946384341,1,0,0,93,0,0,0
80,18,7,19099.8714936309,10719.1442186323,215,0,0,263,0,0,0
80,18,8,0,9,0,0,0,0,0,0,0
80,19,1,3105.28117760001,1615.51284462652,0,0,0,140,0,0,0
80,19,2,3175.89103616002,1908.80113994191,0,0,0,90,0,0,0
80,19,3,3169.08535808001,1330.58227007391,0,0,0,87,0,0,0
80,19,4,3132.82822144,1143.89040619355,0,0,0,129,0,0,0
80,19,5,3108.60912896001,1316.90099603613,0,0,0,142,0,0,0
80,19,6,3120.66443048961,2006.28273848306,0,0,0,112,0,0,0
80,19,7,19103.2646456309,8942.51780334634,45,0,0,208,0,0,0
80,19,8,0,9,0,0,0,0,0,0,0
80,20,1,3131.66808576001,1811.05264012198,1,0,0,146,0,0,0
80,20,2,3207.90231603202,947.854749885035,1,0,0,180,0,0,0
80,20,3,3187.01289164801,704.800444679861,0,0,0,133,0,0,0
80,20,4,3146.51628544001,1220.48203894477,0,0,0,114,0,0,0
80,20,5,3130.69230796801,1763.87045636386,0,0,0,131,0,0,0
80,20,6,3160.81841848321,893.73358661777,0,0,0,199,0,0,0
80,20,7,19112.2250296309,4203.03106097634,88,0,0,185,0,0,0
80,20,8,0,9,0,0,0,0,0,0,0
80,21,1,3141.57850880001,1129.06796049782,37,0,0,118,0,0,0
80,21,2,3208.25742643202,1599.05061929288,0,0,0,94,0,0,0
80,21,3,3188.13916108801,1198.00394941628,0,0,0,70,0,0,0
80,21,4,3152.59352064001,1152.73091770092,0,0,0,122,0,0,0
80,21,5,3146.59218780161,1653.39236313193,20,0,0,142,0,0,0
80,21,6,3163.42603448321,1265.41231089264,0,0,0,89,0,0,0
80,21,7,19101.9258168309,4640.64086487613,156,0,0,155,0,0,0
80,21,8,0,9,0,0,0,0,0,0,0
80,22,1,3152.31156480001,920.376987414918,1,0,0,111,0,0,0
80,22,2,3227.04528896002,1257.43208489564,17,0,0,131,0,0,0
80,22,3,3197.15386716161,1556.38784244032,0,0,0,119,0,0,0
80,22,4,3165.64964864001,921.492307431159,0,0,0,115,0,0,0
80,22,5,3169.50382530561,1184.36580449136,1,0,0,163,0,0,0
80,22,6,3178.30340792321,1190.409076704,0,0,0,126,0,0,0
80,22,7,19112.6818718708,8459.02343190653,158,0,0,195,0,0,0
80,22,8,0,9,0,0,0,0,0,0,0
80,23,1,3164.59092531201,1875.60079510806,0,0,0,92,0,0,0
80,23,2,3248.0419536077,967.755359573796,0,0,0,125,0,0,0
80,23,3,3222.12766267393,907.707522616417,0,0,0,155,0,0,0
80,23,4,3165.04550656001,1670.65420449851,0,0,0,92,0,0,0
80,23,5,3177.50209282049,1104.90136601868,0,0,0,118,0,0,0
80,23,6,3197.35349688322,1297.83056243699,0,0,0,119,0,0,0
80,23,7,19139.3016017908,4942.42121899171,47,0,0,191,0,0,0
80,23,8,0,9,0,0,0,0,0,0,0
80,24,1,3171.14052915201,1842.59930057383,18,0,0,140,0,0,0
80,24,2,3250.5515676877,1251.54456335231,0,0,0,96,0,0,0
80,24,3,3216.34426202113,1061.64054087734,0,0,0,90,0,0,0
80,24,4,3172.54038835201,1531.38965046824,0,0,0,166,0,0,0
80,24,5,3175.58199298049,1483.49583934036,0,0,0,110,0,0,0
80,24,6,3207.53611960321,1438.53485999004,0,0,0,129,0,0,0
80,24,7,19141.5179827188,10044.4234494658,125,0,0,169,0,0,0
80,24,8,0,9,0,0,0,0,0,0,0
80,25,1,3209.34122864641,1063.71107366643,0,0,0,184,0,0,0
80,25,2,3265.4616803533,1289.58953688618,0,0,0,125,0,0,0
80,25,3,3217.44864684033,1333.58467903241,0,0,0,106,0,0,0
80,25,4,3192.90160855041,737.266587167463,0,0,0,153,0,0,0
80,25,5,3190.48269123176,897.347297293828,0,0,0,148,0,0,0
80,25,6,3234.40692979713,1272.13925498256,0,0,0,143,0,0,0
80,25,7,19163.6386949107,8391.35333725807,0,34,0,185,0,0,0
80,25,8,0,9,0,0,0,0,0,0,0
80,26,1,3211.11490519041,1274.84971973046,0,0,0,106,0,0,0
80,26,2,3265.1683780854,420.66370728535,0,0,0,128,0,0,0
80,26,3,3219.75614185473,1142.79613665404,0,0,0,133,0,0,0
80,26,4,3181.95769466881,1576.42293604204,0,0,0,73,0,0,0
80,26,5,3186.42940585576,915.103399619979,0,0,0,89,0,0,0
80,26,6,3244.41471270913,1589.48463220023,0,0,0,127,0,0,0
80,26,7,19168.8734909427,6129.55716836482,1,198,0,202,0,0,0
80,26,8,0,9,0,0,0,0,0,0,0
80,27,1,3219.90729441281,787.73089863153,0,0,0,127,0,0,0
80,27,2,3243.850695295,1167.82254417534,0,0,0,42,0,0,0
80,27,3,3216.79044791912,682.121874916361,0,0,0,114,0,0,0
80,27,4,3190.69900462081,1648.70865324984,0,0,0,157,0,0,0
80,27,5,3190.05341363816,1476.57021651545,0,0,0,91,0,0,0
80,27,6,3267.77298491393,1504.0452842251,0,0,0,158,0,0,0
80,27,7,19198.9430086643,8452.18345734982,38,0,0,187,0,0,0
80,27,8,0,9,0,0,0,0,0,0,0
80,28,1,3226.38030030849,1482.14074861531,0,0,0,78,0,0,0
80,28,2,3247.40475336559,1950.09407170538,0,0,0,116,0,0,0
80,28,3,3211.87109117134,1492.509375444,0,0,0,68,0,0,0
80,28,4,3206.19120979969,809.940015461489,0,0,0,164,0,0,0
80,28,5,3217.43777949698,907.125838423676,0,0,0,147,0,0,0
80,28,6,3306.22856288257,1485.29924476948,0,0,0,150,0,0,0
80,28,7,19263.6021861362,9603.27947324362,25,0,0,246,0,0,1
80,28,8,0,9,0,0,0,0,0,0,0
80,29,1,3241.35353288787,1913.43998737142,0,0,0,148,0,0,0
80,29,2,3253.19111904807,1890.64546696957,0,1,0,172,0,0,0
80,29,3,3219.56382717135,1669.06222219191,0,0,0,149,0,0,0
80,29,4,3197.03507885672,1389.9597702749,0,0,0,80,0,0,0
80,29,5,3211.73584175106,1559.32127743047,0,0,0,90,0,0,0
80,29,6,3336.14197149615,670.321505827036,0,0,0,148,0,0,0
80,29,7,19290.6588987378,11934.4506393948,0,65,0,190,0,0,0
80,29,8,0,9,0,0,0,0,0,0,0
80,30,1,3261.69549875283,2273.48082545189,0,0,0,189,0,0,0
80,30,2,3263.62893944569,1521.11687522268,0,0,0,189,0,0,0
80,30,3,3224.56022631221,982.100722208395,0,0,0,166,0,0,0
80,30,4,3197.3878346916,657.195642802116,0,0,0,138,0,0,0
80,30,5,3227.64659261851,2085.7062525787,0,0,0,155,0,0,0
80,30,6,3333.95637968815,2321.83039818163,0,0,0,67,0,0,0
80,30,7,19344.9872972786,4354.18143252233,11,11,0,326,0,0,0
80,30,8,0,9,0,0,0,0,0,0,0
80,31,1,3255.62017559021,1418.8812312588,0,122,0,105,0,0,0
80,31,2,3243.08055766777,1249.93998336149,0,88,0,64,0,0,0
80,31,3,3194.04712652949,653.555244642521,0,68,0,30,0,0,0
80,31,4,3171.1043807396,1175.65613381657,0,17,0,48,0,0,0
80,31,5,3228.43876708763,1613.99391435911,0,97,0,111,0,0,0
80,31,6,3342.15441299375,1672.33432430832,0,114,0,118,0,0,0
80,31,7,19367.1780020415,8537.22754853228,0,225,0,210,0,0,0
80,31,8,0,9,0,0,0,0,0,0,0
80,32,1,3279.26385687021,1593.08889146981,0,0,0,141,0,0,0
80,32,2,3259.47261068147,1365.25422003221,0,0,0,124,0,0,0
80,32,3,3183.08722683791,1242.72012863431,0,0,0,65,0,0,0
80,32,4,3181.71239929448,1007.33810021906,0,0,0,117,0,0,0
80,32,5,3258.64119067379,1581.91431112554,0,0,0,161,0,0,0
80,32,6,3382.50034159535,1098.71490761175,0,0,0,167,0,0,0
80,32,7,19414.7784793279,6491.67131003564,30,0,0,200,0,0,0
80,32,8,0,9,0,0,0,0,0,0,0
80,33,1,3312.84443551025,1310.80520715673,0,0,0,159,0,0,0
80,33,2,3263.83779470454,1430.17596029542,0,0,0,136,0,0,0
80,33,3,3189.74591095766,1192.40169938986,0,0,0,124,0,0,0
80,33,4,3190.45984169576,945.33524468185,0,0,0,100,0,0,0
80,33,5,3292.8385293009,1585.44162434003,0,0,0,158,0,0,0
80,33,6,3407.13703575062,2108.03131917872,0,0,0,109,0,0,0
80,33,7,19459.7375301618,7779.91273523531,25,0,0,189,0,0,1
80,33,8,0,9,0,0,0,0,0,0,0
80,34,1,3341.25915201718,971.841730623756,0,0,0,131,0,0,0
80,34,2,3275.71655518941,2450.60924569088,0,0,0,143,0,0,0
80,34,3,3197.50108888022,1466.45404262337,0,0,0,119,0,0,0
80,34,4,3196.05695463016,1540.65630781867,0,0,0,94,0,0,0
80,34,5,3323.5907595944,1784.46660635166,0,0,0,158,0,0,0
80,34,6,3460.39323586479,1729.13962715236,0,0,0,190,0,0,0
80,34,7,19512.070189157,5720.25668499468,23,1,0,209,0,0,0
80,34,8,0,9,0,0,0,0,0,0,0
80,35,1,3352.38216933558,1084.88343929454,0,0,0,97,0,0,0
80,35,2,3287.62414063693,955.913172005786,43,0,0,144,0,0,0
80,35,3,3204.62283075421,1300.02162646803,0,0,0,146,0,0,0
80,35,4,3221.55106500528,1861.30332136265,0,0,0,153,0,0,0
80,35,5,3351.61613779473,1605.19338708352,8,0,0,160,0,0,0
80,35,6,3500.83072181044,1878.41779741509,5,0,0,159,0,0,0
80,35,7,19566.9859034057,7364.66802582845,150,0,0,227,0,0,0
80,35,8,0,9,0,0,0,0,0,0,0
80,36,1,3366.89847638198,1050.99752171723,0,0,0,108,0,0,0
80,36,2,3292.71931177037,1670.87008546747,0,0,0,95,0,0,0
80,36,3,3208.52988551005,1684.46974335074,0,0,0,130,0,0,0
80,36,4,3232.85804088952,1109.85070468383,0,0,0,185,0,0,0
80,36,5,3370.5061254402,654.126582841557,1,0,0,152,0,0,0
80,36,6,3548.80649662662,1782.85020185909,0,0,0,185,0,0,0
80,36,7,19608.2322333887,9943.74236606878,69,0,0,181,0,0,0
80,36,8,0,9,0,0,0,0,0,0,0
80,37,1,3371.7862143199,1771.64623625489,0,0,0,105,0,0,0
80,37,2,3306.97647343581,933.76946614119,0,0,0,167,0,0,0
80,37,3,3223.72325185192,948.095307823354,0,0,0,168,0,0,0
80,37,4,3232.71296178603,1729.25206920009,0,0,0,110,0,0,0
80,37,5,3362.9332247923,1745.47821258853,0,0,0,65,0,0,0
80,37,6,3584.79190880453,1878.04915512195,0,0,0,177,0,0,0
80,37,7,19646.5728260286,15449.8633409015,53,0,0,198,0,0,0
80,37,8,0,9,0,0,0,0,0,0,0
80,38,1,3391.42097817782,868.898834387112,0,0,0,173,0,0,0
80,38,2,3298.28843268061,1038.74754931731,0,0,0,93,0,0,0
80,38,3,3207.27352633902,2231.61220469204,0,0,0,94,0,0,0
80,38,4,3237.55118568736,1951.01634560654,0,0,0,172,0,0,0
80,38,5,3381.45600077439,1441.99873206092,0,0,0,173,0,0,0
80,38,6,3620.04624801891,1622.22915809992,0,0,0,185,0,0,0
80,38,7,19677.9422135487,12363.8578423312,34,0,0,203,0,0,0
80,38,8,0,9,0,0,0,0,0,0,0
80,39,1,3391.29471608932,870.712207404899,0,0,0,86,0,0,0
80,39,2,3289.38198863509,1493.85838695609,0,0,0,103,0,0,0
80,39,3,3223.0126393886,1437.88167985734,5,0,0,176,0,0,0
80,39,4,3258.38598117882,1414.38894120148,0,0,0,195,0,0,0
80,39,5,3396.8060618378,1036.1191777678,0,0,0,144,0,0,0
80,39,6,3641.9124915939,1086.36286056412,1,0,0,151,0,0,0
80,39,7,19713.1588008331,8874.41148082728,119,0,0,217,0,0,0
80,39,8,0,9,0,0,0,0,0,0,0
80,40,1,3390.81704284571,2152.69465482031,0,0,0,87,0,0,0
80,40,2,3292.19221873113,1570.53355373138,1,0,0,147,0,0,0
80,40,3,3231.83304156575,681.070626930006,0,0,0,143,0,0,0
80,40,4,3264.31889434282,1124.40144284629,0,0,0,141,0,0,0
80,40,5,3410.29312627933,1045.69996584066,0,0,0,103,0,0,0
80,40,6,3653.16950393259,2121.2565354514,0,0,0,108,0,0,0
80,40,7,19786.26344454,8149.81667917252,280,0,0,325,0,0,0
80,40,8,0,9,0,0,0,0,0,0,0
80,41,1,3450.28269671309,1593.95439116227,0,0,0,215,0,0,0
80,41,2,3319.11051015221,692.853183638211,0,0,0,157,0,0,0
80,41,3,3219.05417573051,880.282964118365,0,0,0,68,0,0,0
80,41,4,3269.25478381564,1805.37404383127,0,0,0,112,0,0,0
80,41,5,3425.03940192111,791.247432590151,0,0,0,104,0,0,0
80,41,6,3719.52932818066,1953.08563417329,0,0,0,211,0,0,0
80,41,7,19864.7897833875,9401.67509471364,0,34,0,218,0,0,0
80,41,8,0,9,0,0,0,0,0,0,0
80,42,1,3438.95217472888,1182.6676863565,0,101,0,58,0,0,0
80,42,2,3294.97138246432,1637.55214638851,0,33,0,36,0,0,0
80,42,3,3195.24252468187,864.5575146627,0,45,0,43,0,0,0
80,42,4,3259.97797981385,1270.59573174361,0,99,0,81,0,0,0
80,42,5,3397.75417815423,2264.56061020021,0,44,0,35,0,0,0
80,42,6,3737.09227369028,2493.19258547095,0,104,0,91,0,0,0
80,42,7,19925.7131168435,11398.6263310297,8,222,0,207,0,0,0
80,42,8,0,9,0,0,0,0,0,0,0
80,43,1,3447.59106563448,1065.30591180234,0,0,0,118,0,0,0
80,43,2,3305.56491092024,718.305851122357,0,0,0,163,0,0,0
80,43,3,3185.24392232309,1335.62504105893,0,0,0,86,0,0,0
80,43,4,3261.76401433391,1593.36614179898,0,0,0,127,0,0,0
80,43,5,3438.77434971314,1818.83480995839,0,0,0,212,0,0,0
80,43,6,3779.13037331179,2033.41306631192,1,0,0,204,0,0,0
80,43,7,19965.6489019059,5032.43254091521,26,0,0,198,0,0,0
80,43,8,0,9,0,0,0,0,0,0,0
80,44,1,3459.6865544178,767.808621648339,0,0,0,106,0,0,0
80,44,2,3296.27319238221,1227.81679225276,0,0,0,71,0,0,0
80,44,3,3192.10009097637,1384.95487461994,0,0,0,133,0,0,0
80,44,4,3272.5539766482,1603.3290923389,21,0,0,132,0,0,0
80,44,5,3463.43117689309,1695.2678395388,35,0,0,136,0,0,0
80,44,6,3808.7453352344,644.550428635622,51,0,0,137,0,0,0
80,44,7,20017.9427259059,5851.07842544172,187,0,0,230,0,0,1
80,44,8,0,9,0,0,0,0,0,0,0
80,45,1,3451.74369320263,1836.64757989607,0,0,0,76,0,0,0
80,45,2,3299.08277930879,1528.04314933758,0,0,0,122,0,0,0
80,45,3,3200.63770594033,852.100640594884,0,0,0,138,0,0,0
80,45,4,3303.82349401417,1278.51045022498,0,0,0,160,0,0,0
80,45,5,3499.75060755068,661.747118719365,2,0,0,163,0,0,0
80,45,6,3822.738941788,927.650890780361,0,0,0,64,0,0,0
80,45,7,20063.8899836595,10244.2763682482,138,0,0,183,0,0,0
80,45,8,0,9,0,0,0,0,0,0,0
80,46,1,3477.8231595538,892.432662528614,0,0,0,183,0,0,0
80,46,2,3313.19223476769,1064.59456102583,0,0,0,152,0,0,0
80,46,3,3190.79506482514,1808.9283997625,0,0,0,85,0,0,0
80,46,4,3316.21388518916,2246.26882485477,0,0,0,127,0,0,0
80,46,5,3514.429732437,1149.5847308546,0,0,0,66,0,0,0
80,46,6,3840.69674365961,1584.59065792688,0,0,0,92,0,0,0
80,46,7,20111.211611758,9727.97777697957,44,0,0,189,0,0,0
80,46,8,0,9,0,0,0,0,0,0,0
80,47,1,3464.83602751269,953.991684994577,0,0,0,89,0,0,0
80,47,2,3313.43519363011,2182.6736626898,0,0,0,106,0,0,0
80,47,3,3204.09769548752,1941.26068678126,0,0,0,176,0,0,0
80,47,4,3342.19997678026,1404.45177137789,0,0,0,207,0,0,3
80,47,5,3524.35716058579,1628.12749327836,0,0,0,114,0,0,0
80,47,6,3878.97466177242,1606.82702898853,0,0,0,158,0,0,0
80,47,7,20140.6491425663,10814.6976856747,40,0,0,172,0,0,0
80,47,8,0,9,0,0,0,0,0,0,0
80,48,1,3474.10798309894,1442.21060760477,0,0,0,95,0,0,0
80,48,2,3340.83980529241,1522.57933497579,0,0,0,197,0,0,0
80,48,3,3219.52153154106,1022.5904063034,0,0,0,194,0,0,0
80,48,4,3353.47142299205,1523.7778621974,0,0,0,140,0,0,0
80,48,5,3546.52779657676,1662.9160384237,0,0,0,162,0,0,0
80,48,6,3910.88415734858,2034.31863358155,0,0,0,160,0,0,0
80,48,7,20181.3391794088,9913.05771405526,35,0,0,199,0,0,1
80,48,8,0,9,0,0,0,0,0,0,0
80,49,1,3491.72120968714,1575.44802809669,0,0,0,144,0,0,0
80,49,2,3345.62890684823,1098.72600091025,0,0,0,152,0,0,0
80,49,3,3222.92796440913,1484.22391538962,0,0,0,102,0,0,0
80,49,4,3362.17825340322,989.210747411236,0,0,0,152,0,0,0
80,49,5,3573.56836313899,1799.38008671848,0,0,0,166,0,0,0
80,49,6,3952.45221042059,1663.55646151378,3,0,0,173,0,0,0
80,49,7,20222.5196954495,7379.25362139687,97,0,0,230,0,0,0
80,49,8,0,9,0,0,0,0,0,0,0
80,50,1,3517.18994219297,982.381248871648,3,0,0,149,0,0,0
80,50,2,3353.83797680425,2220.2323303078,0,0,0,109,0,0,0
80,50,3,3234.88544464523,1782.45439552755,0,0,0,148,0,0,0
80,50,4,3362.32489438864,1283.29244891249,0,0,0,98,0,0,0
80,50,5,3600.4699666136,1629.79697089134,0,0,0,179,0,0,0
80,50,6,3994.73938191402,2063.26075737418,6,0,0,147,0,0,0
80,50,7,20269.5504309151,11094.0933666306,197,0,0,201,0,0,20
80,50,8,0,9,0,0,0,0,0,0,0
80,51,1,3528.91967121644,1187.69291550697,0,0,0,98,0,0,0
80,51,2,3394.50661763892,749.386512963222,0,0,0,208,0,0,0
80,51,3,3245.36974092499,1679.25824976923,0,0,0,178,0,0,0
80,51,4,3367.23314063059,737.525437551475,0,0,0,128,0,0,0
80,51,5,3629.88669883933,870.484920907699,0,0,0,162,0,0,0
80,51,6,4051.72717157137,1921.62885267173,0,0,0,205,0,0,0
80,51,7,20342.4553003165,6684.6592873592,0,36,0,233,0,0,0
80,51,8,0,9,0,0,0,0,0,0,0
80,52,1,3514.07569143962,1357.52969743884,0,71,0,47,0,0,0
80,52,2,3359.45431123723,654.228609630306,0,42,0,32,0,0,0
80,52,3,3237.5044305697,704.368206768915,0,84,0,83,0,0,0
80,52,4,3334.68171051201,2220.36089057678,0,35,0,38,0,0,0
80,52,5,3611.93653155393,2384.16940860853,0,38,0,49,0,0,0
80,52,6,4067.24262265191,2108.98810639833,0,82,0,110,0,0,0
80,52,7,20398.7859236397,3520.40738521582,4,205,0,233,0,0,1
80,52,8,0,9,0,0,0,0,0,0,0
80,53,1,3527.49639105469,1593.64578386687,0,0,0,135,0,0,0
80,53,2,3350.19291879335,1093.47423766071,0,0,0,65,0,0,0
80,53,3,3228.08412618504,1471.22237674944,0,0,0,70,0,0,0
80,53,4,3365.81167477499,1718.14594256994,25,0,0,158,0,0,0
80,53,5,3637.54290260783,1211.68418793422,40,0,0,137,0,0,0
80,53,6,4114.52279255556,1174.3769331354,21,0,0,157,0,0,0
80,53,7,20448.4321413832,6762.17651646967,70,0,0,176,0,0,0
80,53,8,0,9,0,0,0,0,0,0,0
80,54,1,3561.78500835511,1034.42353447005,0,0,0,159,0,0,0
80,54,2,3353.36726899854,1518.14375900556,0,0,0,109,0,0,0
80,54,3,3246.85791097962,1016.64378245685,0,0,0,147,0,0,0
80,54,4,3402.55131247511,782.348103671891,0,0,0,171,0,0,0
80,54,5,3671.9109060157,1237.91169902777,0,0,0,121,0,0,0
80,54,6,4159.72585985757,1489.72045731405,0,0,0,117,0,0,0
80,54,7,20501.3946448892,7345.18005300447,36,0,0,186,0,0,0
80,54,8,0,9,0,0,0,0,0,0,0
80,55,1,3559.57008068998,1065.3023360463,0,0,0,103,0,0,0
80,55,2,3356.88166101399,1353.47371033057,0,0,0,151,0,0,0
80,55,3,3239.73028244411,800.533754928716,0,0,0,101,0,0,0
80,55,4,3399.10928547923,943.535179238821,0,0,0,78,0,0,0
80,55,5,3694.18563590167,1573.68874725209,0,0,0,123,0,0,0
80,55,6,4204.86621913617,1547.59070869705,0,0,0,148,0,0,0
80,55,7,20542.6778324341,6130.5377670013,21,0,0,238,0,0,0
80,55,8,0,9,0,0,0,0,0,0,0
80,56,1,3581.70195348921,1046.67104865231,0,0,0,106,0,0,0
80,56,2,3369.0264735104,1711.08202422016,0,0,0,135,0,0,0
80,56,3,3241.32540429487,1231.12270687021,0,0,0,80,0,0,0
80,56,4,3422.46983437633,1609.51264987692,0,0,0,94,0,0,0
80,56,5,3754.85321497786,755.6429329319,0,0,0,157,0,0,0
80,56,6,4270.69312054592,2032.04578702406,0,0,0,154,0,0,0
80,56,7,20609.5087489952,7762.58510754641,62,0,0,194,0,0,0
80,56,8,0,9,0,0,0,0,0,0,0
80,57,1,3600.00649270694,1433.98723478458,0,0,0,104,0,0,0
80,57,2,3395.91887692523,1983.32008149915,0,0,0,171,0,0,0
80,57,3,3251.80634229438,1207.07457860345,0,0,0,123,0,0,0
80,57,4,3449.2750303414,1137.92365078463,0,0,0,160,0,0,0
80,57,5,3772.15845482447,1049.81098991024,0,0,0,75,0,0,0
80,57,6,4351.73263833098,3058.32084864444,2,0,0,177,0,0,0
80,57,7,20665.9677822185,11429.7480795476,44,0,0,199,0,0,0
80,57,8,0,9,0,0,0,0,0,0,0
80,58,1,3605.55309301642,1651.75597812997,0,0,0,143,0,0,0
80,58,2,3401.02533007439,763.064261915381,1,0,0,171,0,0,0
80,58,3,3255.47496868144,936.095245731282,0,0,0,120,0,0,0
80,58,4,3430.67109240573,1711.96342717617,0,0,0,113,0,0,0
80,58,5,3783.57154863191,1688.1520987506,0,0,0,104,0,0,0
80,58,6,4395.92828041308,3204.22263147938,4,0,0,185,0,0,1
80,58,7,20689.0602025883,8804.46945078858,39,0,0,191,0,0,0
80,58,8,0,9,0,0,0,0,0,0,0
80,59,1,3632.75743031538,1773.39674735014,0,1,0,161,0,0,0
80,59,2,3389.66017123116,2164.46569731681,0,0,0,76,0,0,0
80,59,3,3245.60767104106,655.622660123211,0,0,0,93,0,0,0
80,59,4,3447.57216599901,1427.19950376069,0,8,0,143,0,0,0
80,59,5,3817.10504608129,2610.59254690267,0,2,0,161,0,0,0
80,59,6,4440.86109156629,2606.49072090632,0,48,0,150,0,0,0
80,59,7,20754.4325421781,7445.30379594674,0,178,0,255,0,0,0
80,59,8,0,9,0,0,0,0,0,0,0
80,60,1,3665.16042923422,1231.73398606991,0,0,0,170,0,0,0
80,60,2,3421.47548005577,1175.21516713421,2,0,0,179,0,0,0
80,60,3,3222.86765613244,1297.84737393933,0,0,0,65,0,0,0
80,60,4,3483.58945220252,1745.93124574644,0,0,0,142,0,0,0
80,60,5,3880.08207059996,1316.00784459645,3,0,0,194,0,0,0
80,60,6,4553.84581197749,2474.34421954862,2,0,0,205,0,0,0
80,60,7,20839.7364558572,9485.47429667013,30,0,0,198,0,0,0
80,60,8,0,9,0,0,0,0,0,0,0
80,61,1,3669.68182721986,1713.28424777335,0,0,0,123,0,0,0
80,61,2,3428.51182039415,1233.99841686809,0,0,0,117,0,0,0
80,61,3,3231.4934165691,1043.52572023941,0,0,0,129,0,0,0
80,61,4,3525.27567902934,1990.47751936502,0,0,0,171,0,0,0
80,61,5,3907.94184201251,2423.68464714449,0,0,0,131,0,0,0
80,61,6,4641.64510326426,2943.81778597252,1,0,0,196,0,0,0
80,61,7,20913.8354899253,12664.7710360836,22,1,0,211,0,0,0
80,61,8,0,9,0,0,0,0,0,0,0
80,62,1,3704.64675963297,727.421656219786,0,0,0,171,0,0,0
80,62,2,3444.4502073327,2097.22350452747,0,0,0,123,0,0,0
80,62,3,3227.58160670768,1461.78145979102,0,0,0,104,0,0,0
80,62,4,3562.04842643738,1466.03129893512,0,0,0,196,0,0,0
80,62,5,3965.45389989406,1125.95957796366,0,1,0,208,0,0,0
80,62,6,4724.63195530327,1687.02734652989,0,5,0,198,0,0,0
80,62,7,20974.0574671894,6667.67176583308,0,58,0,180,0,0,0
80,62,8,0,9,0,0,0,0,0,0,0
80,63,1,3721.13822231558,1711.24447325299,0,0,0,72,0,0,0
80,63,2,3485.53528319459,1125.66386290267,2,0,0,192,0,0,0
80,63,3,3236.84475912552,1895.32639589104,0,0,0,146,0,0,0
80,63,4,3605.16571471059,954.56367094134,0,0,0,146,0,0,0
80,63,5,4008.07899743709,2578.86516077598,0,0,0,112,0,0,0
80,63,6,4793.16940462282,3439.26697170931,0,0,0,168,0,0,0
80,63,7,21036.5574210446,10210.7933852651,76,0,0,167,0,0,0
80,63,8,0,9,0,0,0,0,0,0,0
80,64,1,3791.54895570019,1403.16671736853,0,0,0,171,0,0,0
80,64,2,3490.92542203496,1045.46168335329,0,0,0,112,0,0,0
80,64,3,3284.99867472681,961.174391080208,0,0,0,189,0,0,0
80,64,4,3615.69752207423,1002.07769811885,0,0,0,95,0,0,0
80,64,5,4094.4617418327,2023.70044115722,1,0,0,202,0,0,0
80,64,6,4915.80091508459,1705.1551591104,2,1,0,225,0,0,0
80,64,7,21133.0945016403,9535.84458267346,0,31,0,187,0,0,0
80,64,8,0,9,0,0,0,0,0,0,0
80,65,1,3799.92880565989,2107.17605406507,0,41,0,91,0,0,0
80,65,2,3487.28477450556,1653.42625005316,0,7,0,96,0,0,0
80,65,3,3287.27966344655,1467.67296668602,0,0,0,96,0,0,0
80,65,4,3621.16175141279,1129.52411411141,0,0,0,100,0,0,0
80,65,5,4108.65540262241,1333.34186024109,0,60,0,130,0,0,0
80,65,6,4967.72786412338,2176.81494443503,0,37,0,126,0,0,0
80,65,7,21231.5570676707,8475.78592356679,3,341,0,332,0,0,0
80,65,8,0,9,0,0,0,0,0,0,0
80,66,1,3865.38129807398,1514.84918888072,0,0,0,210,0,0,0
80,66,2,3507.98571332831,409.841406709461,0,0,0,165,0,0,0
80,66,3,3287.10369054565,995.999831695555,0,0,0,146,0,0,0
80,66,4,3622.9012664865,1161.68675711067,0,0,0,112,0,0,0
80,66,5,4131.93640971774,430.146593253862,0,0,0,133,0,0,0
80,66,6,5076.15432387109,2196.71020892405,0,0,0,199,0,0,0
80,66,7,21317.9355519113,8110.10501492398,26,0,0,233,0,0,0
80,66,8,0,9,0,0,0,0,0,0,0
80,67,1,3954.94520132942,1480.46126339555,0,0,0,151,0,0,0
80,67,2,3504.11149037418,886.56475843334,0,0,0,40,0,0,0
80,67,3,3308.96839541609,752.967978978935,0,0,0,99,0,0,0
80,67,4,3659.0703416441,1493.40572159747,0,0,0,116,0,0,0
80,67,5,4132.73449333194,826.283433724857,0,0,0,43,0,0,0
80,67,6,5222.03727133823,2248.09084593048,0,0,0,201,0,0,0
80,67,7,21470.3187012797,5066.32081122188,22,0,0,246,0,0,0
80,67,8,0,9,0,0,0,0,0,0,0
80,68,1,3943.99272986931,1846.59845975695,96,0,0,52,0,0,0
80,68,2,3467.93588117879,2077.62952623133,49,0,0,39,0,0,0
80,68,3,3272.13313881375,1435.7264651009,34,0,0,41,0,0,0
80,68,4,3645.21682845596,2122.87141304351,67,0,0,82,0,0,0
80,68,5,4126.91718277217,1753.44500765607,41,0,0,41,0,0,0
80,68,6,5254.15132401362,3086.07188987433,122,0,0,102,0,0,0
80,68,7,21546.247808718,11559.8134703261,246,0,0,260,0,0,0
80,68,8,0,9,0,0,0,0,0,0,0
80,69,1,3968.18399566804,1256.77889586453,0,0,0,184,0,0,0
80,69,2,3481.24891290129,1555.70246992052,0,0,0,203,0,0,0
80,69,3,3265.13371900607,1678.39348633332,0,0,0,143,0,0,0
80,69,4,3654.35286732686,2874.41314137818,0,0,0,190,0,0,0
80,69,5,4157.51193566481,1199.60524170769,0,0,0,175,0,0,0
80,69,6,5301.98094941725,2222.49293282357,0,5,0,180,0,0,0
80,69,7,21557.1336520961,6013.34759764106,0,35,0,222,0,0,0
80,69,8,0,9,0,0,0,0,0,0,0
80,70,1,4015.19142561095,1225.42200146675,0,1,0,123,0,0,0
80,70,2,3528.13893483184,732.450245334507,0,0,0,154,0,0,0
80,70,3,3281.02385278746,1122.09536865867,0,15,0,139,0,0,0
80,70,4,3682.77007082415,1965.55377056275,0,75,0,144,0,0,0
80,70,5,4185.65741857424,723.95553924508,0,1,0,118,0,0,0
80,70,6,5428.48697460707,1129.64178593801,0,35,0,154,0,0,0
80,70,7,21650.2273270957,6896.21121395644,0,154,0,308,0,0,0
80,70,8,0,9,0,0,0,0,0,0,0
80,71,1,4024.39586692499,2173.75810064558,0,0,0,122,0,0,0
80,71,2,3529.62258319023,1532.57792525475,0,0,0,73,0,0,0
80,71,3,3287.45165875616,1227.65124340507,0,0,0,112,0,0,0
80,71,4,3705.67715473779,1594.98529867046,2,0,0,163,0,0,0
80,71,5,4202.23083542021,1327.91986934311,0,0,0,72,0,0,0
80,71,6,5475.93382453534,3124.56449490444,0,0,0,112,0,0,0
80,71,7,21726.3341516308,11818.5658415435,29,0,0,203,0,0,0
80,71,8,0,9,0,0,0,0,0,0,0
80,72,1,4090.43632386246,2036.11962969436,0,0,0,178,0,0,0
80,72,2,3577.67389353702,862.986041962081,0,0,0,153,0,0,0
80,72,3,3306.32141656169,1012.37058991749,0,0,0,122,0,0,0
80,72,4,3737.02188858289,1426.26896073468,0,0,0,159,0,0,0
80,72,5,4246.84957658917,2432.72703991551,0,0,0,132,0,0,0
80,72,6,5593.98477989544,1722.24186737148,2,0,0,214,0,0,1
80,72,7,21811.4741567178,13867.9068086143,24,1,0,232,0,0,0
80,72,8,0,9,0,0,0,0,0,0,0
80,73,1,4127.13433569231,1282.95187224848,0,0,0,203,0,0,0
80,73,2,3561.51466444776,1446.97017504457,0,0,0,86,0,0,0
80,73,3,3296.97783520882,2007.82513415199,0,0,0,101,0,0,0
80,73,4,3746.0671458643,2189.44603260752,0,0,0,142,0,0,0
80,73,5,4287.90277585508,1846.36023563714,0,0,0,201,0,0,2
80,73,6,5636.34125676653,3336.63965362447,0,0,0,172,0,0,0
80,73,7,21864.1619194119,7221.39309297375,20,1,0,268,0,0,0
80,73,8,0,9,0,0,0,0,0,0,0
80,74,1,4188.79490394009,2347.62464188689,0,0,0,128,0,0,0
80,74,2,3602.79902574914,621.403942205336,0,0,0,144,0,0,0
80,74,3,3371.13808354856,1819.89559926043,1,0,0,184,0,0,0
80,74,4,3812.19400490343,1881.13658358431,4,0,0,167,0,0,0
80,74,5,4365.04799601544,2332.83629025073,1,0,0,172,0,0,0
80,74,6,5821.48385617757,2176.44589997533,8,0,0,246,0,0,0
80,74,7,21964.1042927184,11024.5541263432,48,0,0,189,0,0,0
80,74,8,0,9,0,0,0,0,0,0,0
80,75,1,4289.62480974882,1943.91884056725,0,1,0,178,0,0,0
80,75,2,3609.56425285711,1751.61532416837,0,0,0,62,0,0,0
80,75,3,3406.4355954359,1616.39531698009,0,0,0,181,0,0,0
80,75,4,3860.94093558847,1696.93007002016,0,0,0,188,0,0,0
80,75,5,4446.8023739962,730.770753650844,0,0,0,233,0,0,0
80,75,6,5970.37536935287,3147.87736822994,0,0,0,205,0,0,0
80,75,7,22030.1513151165,12575.6236198882,0,45,0,197,0,0,0
80,75,8,0,9,0,0,0,0,0,0,0
80,76,1,4321.55808967522,469.48687612569,0,10,0,163,0,0,0
80,76,2,3625.17538850504,1132.22680978121,0,1,0,172,0,0,0
80,76,3,3430.87397844388,913.359605127436,0,0,0,161,0,0,0
80,76,4,3902.12987297409,1229.2524030076,0,5,0,152,0,0,0
80,76,5,4442.34162953009,1897.79963676859,0,0,0,73,0,0,0
80,76,6,6011.71903632793,1860.15417481944,0,53,0,154,0,0,0
80,76,7,22118.8020827817,10246.5292169417,0,299,0,334,0,0,0
80,76,8,0,9,0,0,0,0,0,0,0
80,77,1,4311.81421646412,1960.13687072232,0,0,0,46,0,0,0
80,77,2,3645.91040619918,555.116931555495,0,0,0,113,0,0,0
80,77,3,3424.04028965458,1537.92888133122,0,0,0,91,0,0,0
80,77,4,3931.44955720605,1740.17565994738,0,0,0,122,0,0,0
80,77,5,4517.74248130991,420.729916868726,0,0,0,189,0,0,0
80,77,6,6175.40395560932,2810.85038040676,0,0,0,183,0,0,0
80,77,7,22218.6169851129,9409.1911352745,29,0,0,193,0,0,0
80,77,8,0,9,0,0,0,0,0,0,0
80,78,1,4390.23167763066,2290.31197491155,0,0,0,196,0,0,0
80,78,2,3655.58555782906,2105.69497083999,0,0,0,55,0,0,0
80,78,3,3444.35788933544,1878.30679840303,0,0,0,153,0,0,0
80,78,4,3956.78569582293,1856.34726796458,0,0,0,174,0,0,0
80,78,5,4518.10916200184,2770.46365616219,0,0,0,42,0,0,0
80,78,6,6339.31181763568,1602.52176255672,0,0,0,228,0,0,0
80,78,7,22357.3013933608,6010.18552516922,17,2,0,241,0,0,3
80,78,8,0,9,0,0,0,0,0,0,0
80,79,1,4432.36674405061,3305.08229915715,107,0,0,111,0,0,0
80,79,2,3662.74844704094,2034.89211571342,92,0,0,109,0,0,0
80,79,3,3446.61412126443,1526.62796323217,58,0,0,124,0,0,0
80,79,4,3957.17236396283,954.202783064496,66,0,0,113,0,0,0
80,79,5,4550.30518134338,1808.99150121912,128,0,0,136,0,0,0
80,79,6,6378.16501131094,1010.70723658645,60,0,0,94,0,0,0
80,79,7,22421.1562479411,5029.94122590411,185,3,0,190,0,0,0
80,79,8,0,9,0,0,0,0,0,0,0
80,80,1,4505.07665887477,2251.47914338931,0,161,0,169,0,0,0
80,80,2,3679.11503600081,1606.39569069231,0,97,0,106,0,0,0
80,80,3,3454.74249519026,1266.14635796462,0,56,0,96,0,0,0
80,80,4,3956.10281204292,1660.95331584515,0,47,0,48,0,0,0
80,80,5,4563.61429560349,1210.59663365938,0,85,0,95,0,0,0
80,80,6,6395.13780908417,2836.19766727236,0,48,0,53,0,0,0
80,80,7,22481.2250369843,8268.88145492102,0,273,0,229,0,0,0
80,80,8,0,9,0,0,0,0,0,0,0
80,81,1,4630.77546551941,2898.6847839343,0,0,0,225,0,0,0
80,81,2,3763.84692946669,758.695229001723,0,0,0,160,0,0,0
80,81,3,3498.96918254286,1689.29792711037,0,0,0,126,0,0,0
80,81,4,4016.44848682005,2031.39524747767,0,0,0,166,0,0,0
80,81,5,4654.1281363732,1584.19132145002,0,0,0,121,0,0,0
80,81,6,6590.27417358332,1767.81953395081,3,0,0,196,0,0,0
80,81,7,22598.5118441462,12076.6603818566,30,0,0,178,0,0,0
80,81,8,0,9,0,0,0,0,0,0,0
80,82,1,4723.78635138338,2460.86155999459,0,0,0,223,0,0,0
80,82,2,3775.16250014804,1860.69980079885,0,0,0,75,0,0,0
80,82,3,3517.89859281285,1150.88663486757,0,0,0,168,0,0,0
80,82,4,4056.81841788156,1553.67706735225,0,0,0,203,0,0,0
80,82,5,4717.29484164489,1236.17438727569,0,0,0,158,0,0,0
80,82,6,6683.3123401433,3665.85340248516,0,0,0,175,0,0,0
80,82,7,22648.8277062099,6960.75049490573,33,0,0,210,0,0,0
80,82,8,0,9,0,0,0,0,0,0,0
80,83,1,4891.57586471314,1132.36178269304,32,0,0,148,0,0,0
80,83,2,3858.42993229838,1121.98825598107,8,0,0,160,0,0,0
80,83,3,3620.0397546634,1322.6481149021,0,0,0,115,0,0,0
80,83,4,4179.98342389078,1161.38045131147,0,0,0,155,0,0,0
80,83,5,4832.41715208672,2388.51796241195,0,0,0,123,0,0,0
80,83,6,6944.17269462418,4021.45355077759,58,0,0,192,0,0,0
80,83,7,22822.9813679663,16068.4334991794,166,0,0,198,0,0,0
80,83,8,0,9,0,0,0,0,0,0,0
80,84,1,4927.02439963864,1988.89686961446,0,0,0,113,0,0,0
80,84,2,3874.35515340749,1479.8478469307,0,0,0,112,0,0,0
80,84,3,3638.46332133259,498.190710701832,0,0,0,132,0,0,0
80,84,4,4202.08713213753,1475.55091050025,0,0,0,116,0,0,0
80,84,5,4880.72329545386,2666.30287821623,1,0,0,188,0,0,0
80,84,6,7026.52191478159,3527.5147123938,5,0,0,231,0,0,0
80,84,7,22854.7836777752,9882.48068649447,43,0,0,171,0,0,0
80,84,8,0,9,0,0,0,0,0,0,0
80,85,1,4939.61505057245,3308.42166299055,116,0,0,82,0,0,0
80,85,2,3867.31443659357,1228.29226673484,84,0,0,63,0,0,0
80,85,3,3617.97966816301,1437.45445719586,35,0,0,14,0,0,0
80,85,4,4194.74733413322,2124.76470049024,68,0,0,79,0,0,0
80,85,5,4904.24969237353,2194.56222989562,141,0,0,125,0,0,0
80,85,6,7093.63079577969,2451.87896636265,157,0,0,182,0,0,0
80,85,7,22954.3905357313,9870.58237255711,391,1,0,425,0,0,32
80,85,8,0,9,0,0,0,0,0,0,0
80,86,1,4993.10623266246,2338.94181114266,54,0,0,156,0,0,0
80,86,2,3903.81662790052,2000.73875771563,0,0,0,122,0,0,0
80,86,3,3637.37214553364,2292.08815333951,0,0,0,143,0,0,0
80,86,4,4225.56737471456,1287.81431439693,11,0,0,176,0,0,0
80,86,5,4952.546098449,2181.70206672235,19,0,0,158,0,0,0
80,86,6,7175.62660683156,3208.69661741593,29,0,0,152,0,0,0
80,86,7,23005.6058238277,14888.4337395071,215,0,0,224,0,0,7
80,86,8,0,9,0,0,0,0,0,0,0
80,87,1,5042.7389103267,2331.72064959542,2,0,0,188,0,0,0
80,87,2,3944.69556232262,987.306665634642,0,0,0,188,0,0,0
80,87,3,3676.69250912345,899.468279016287,0,0,0,213,0,0,0
80,87,4,4205.25790737901,1060.73130368846,0,0,0,128,0,0,0
80,87,5,5005.76641184415,3243.97460436537,1,0,0,191,0,0,0
80,87,6,7257.16391648515,2938.75418788334,6,0,0,174,0,0,0
80,87,7,23022.6876539267,8192.56540919161,62,0,0,177,0,0,0
80,87,8,0,9,0,0,0,0,0,0,0
80,88,1,5125.18376708142,1234.32690736271,22,0,0,167,0,0,0
80,88,2,3940.45260466997,1262.9238019368,0,0,0,98,0,0,0
80,88,3,3680.64677221032,2543.35438475009,0,0,0,89,0,0,0
80,88,4,4240.81556009588,1735.11056087203,0,0,0,106,0,0,0
80,88,5,5098.94349406461,1340.62149196919,35,0,0,219,0,0,0
80,88,6,7363.42468095499,3594.87891294614,46,0,0,155,0,0,0
80,88,7,23086.3840220878,2744.63966837195,195,0,0,234,0,0,0
80,88,8,0,9,0,0,0,0,0,0,0
80,89,1,5144.17892272651,1583.70179739204,14,0,0,105,0,0,0
80,89,2,3941.90661514039,1761.88196773666,7,0,0,117,0,0,0
80,89,3,3704.84524950228,1382.25833023473,68,0,0,165,0,0,0
80,89,4,4253.29001697993,2485.29335743106,40,0,0,121,0,0,0
80,89,5,5129.1658086623,1223.26177978035,16,0,0,113,0,0,0
80,89,6,7443.62246616025,3905.7033194458,159,0,0,151,0,0,0
80,89,7,23116.6319428842,13485.6144422574,91,0,0,156,0,0,0
80,89,8,0,9,0,0,0,0,0,0,0
80,90,1,5172.67087120195,1737.61596783457,0,0,0,158,0,0,0
80,90,2,3971.78418154249,607.256549302723,0,0,0,176,0,0,0
80,90,3,3717.86951733803,1722.91680199002,0,0,0,138,0,0,0
80,90,4,4313.60032650803,3121.25145040303,0,0,0,210,0,0,0
80,90,5,5162.24045898676,2473.08326908225,0,0,0,122,0,0,0
80,90,6,7578.22964564394,2630.3412525739,4,0,0,213,0,0,0
80,90,7,23153.1310870748,11379.800092721,30,0,0,216,0,0,0
80,90,8,0,9,0,0,0,0,0,0,0
80,91,1,5312.59747935972,713.554927059141,0,0,0,173,0,0,0
80,91,2,4009.01208659163,1148.88158137331,0,0,0,60,0,0,0
80,91,3,3784.92191842077,862.892264597442,0,0,0,172,0,0,0
80,91,4,4407.38273761888,2558.68317604326,2,0,0,201,0,0,0
80,91,5,5294.99921883225,1741.92987347553,0,0,0,208,0,0,3
80,91,6,7833.19802273609,2105.33491578862,1,0,0,220,0,0,0
80,91,7,23268.3353299787,13849.2100924127,26,0,0,207,0,0,0
80,91,8,0,9,0,0,0,0,0,0,0
80,92,1,5311.72388906195,2225.85755532336,0,0,0,71,0,0,0
80,92,2,4024.34631249125,1143.32957335548,0,0,0,114,0,0,0
80,92,3,3793.38120656025,1014.7481819933,0,0,0,86,0,0,0
80,92,4,4446.14490288497,845.082176858627,1,0,0,192,0,0,0
80,92,5,5356.34405170802,2031.66486442745,0,0,0,174,0,0,0
80,92,6,7929.88081196869,4002.1406587839,0,0,0,194,0,0,0
80,92,7,23302.5810787338,13771.5318103962,26,0,0,208,0,0,2
80,92,8,0,9,0,0,0,0,0,0,0
80,93,1,5382.24167311111,2059.36842858292,0,0,0,211,0,0,2
80,93,2,4062.90535409318,1659.95009839354,0,0,0,114,0,0,0
80,93,3,3793.85668345735,2625.16008493891,0,0,0,101,0,0,0
80,93,4,4452.68595836155,1739.49323494277,0,0,0,84,0,0,0
80,93,5,5418.68215397447,2003.60658353214,0,0,0,203,0,0,0
80,93,6,8037.63766500102,4257.94395209448,4,0,0,193,0,0,0
80,93,7,23341.6915011151,9831.44779161694,24,0,0,216,0,0,8
80,93,8,0,9,0,0,0,0,0,0,0
80,94,1,5445.34217227927,1039.44789501643,9,0,0,166,0,0,0
80,94,2,4087.97253684865,840.127987777367,0,0,0,165,0,0,0
80,94,3,3819.02438266968,1488.67093026334,20,0,0,173,0,0,0
80,94,4,4475.5680882503,1142.66335612067,0,0,0,173,0,0,0
80,94,5,5496.40538873366,1888.08984731381,0,0,0,200,0,0,0
80,94,6,8136.48592956414,1939.3004322513,58,0,0,170,0,0,3
80,94,7,23375.3053156559,13468.8869796785,170,0,0,247,0,0,0
80,94,8,0,9,0,0,0,0,0,0,0
80,95,1,5459.64767186991,1441.7387016506,0,0,0,103,0,0,0
80,95,2,4091.3155730007,1128.04401197778,0,0,0,84,0,0,0
80,95,3,3845.46827219938,1486.45426987893,0,0,0,148,0,0,0
80,95,4,4493.51171405747,1657.19212218289,0,0,0,114,0,0,0
80,95,5,5562.18762776284,3122.46431865148,0,0,0,176,0,0,0
80,95,6,8243.7984939922,4391.06600886449,0,0,0,193,0,0,0
80,95,7,23416.7815207346,15455.0224624131,60,0,0,219,0,0,0
80,95,8,0,9,0,0,0,0,0,0,0
80,96,1,5430.57745782341,1991.09567257258,0,0,0,144,0,0,0
80,96,2,4087.31422775894,2243.60319690641,0,0,0,112,0,0,0
80,96,3,3840.37468035794,2420.59555287453,0,0,0,148,0,0,0
80,96,4,4504.73226104704,2325.16678418403,0,0,0,165,0,0,0
80,96,5,5647.9935356033,3297.21286583313,0,0,0,260,0,0,3
80,96,6,8347.58718052018,1496.58087992336,7,0,0,224,0,0,0
80,96,7,23427.7032091209,10172.0345531373,56,0,0,209,0,0,0
80,96,8,0,9,0,0,0,0,0,0,0
80,97,1,5453.18834898324,3801.10962124458,22,0,0,141,0,0,0
80,97,2,4074.63356658264,2122.82495345019,28,0,0,151,0,0,0
80,97,3,3857.05822465033,1509.13792023631,21,0,0,187,0,0,0
80,97,4,4562.36606205774,2165.36707814014,23,0,0,172,0,0,0
80,97,5,5729.51336132457,821.330135689415,64,0,0,160,0,0,1
80,97,6,8444.44654961894,3040.00896980393,0,0,0,149,0,0,0
80,97,7,23527.9226198616,12659.3703666686,244,0,0,381,0,0,0
80,97,8,0,9,0,0,0,0,0,0,0
80,98,1,5502.78305952238,1986.56327531916,0,7,0,197,0,0,0
80,98,2,4116.82772520708,2213.49907264732,0,0,0,192,0,0,0
80,98,3,3890.13571193004,1595.46947736172,0,0,0,150,0,0,0
80,98,4,4640.85403499213,1911.72368069715,0,0,0,212,0,0,0
80,98,5,5768.90984737548,3021.82241202557,0,0,0,82,0,0,0
80,98,6,8583.08119717571,6523.08913110606,0,4,0,183,0,0,0
80,98,7,23654.5853609291,6848.05677779417,0,35,0,367,0,0,0
80,98,8,0,9,0,0,0,0,0,0,0
80,99,1,5513.72357056095,2024.21338812155,0,45,0,116,0,0,0
80,99,2,4120.77580805129,1669.92314465447,0,39,0,151,0,0,0
80,99,3,3900.05794458127,1747.95374525766,0,9,0,143,0,0,0
80,99,4,4693.67996042299,1878.16441571188,0,18,0,158,0,0,0
80,99,5,5882.88056235692,2920.34154606332,0,66,0,183,0,0,0
80,99,6,8720.58261175596,4091.84448109423,2,172,0,202,0,0,0
80,99,7,23694.8666253156,14518.8984923452,2,157,0,180,0,0,6
80,99,8,0,9,0,0,0,0,0,0,0
80,100,1,5576.03344011521,4035.06841935178,0,0,0,194,0,0,0
80,100,2,4161.91783387031,1760.44948039078,0,0,0,166,0,0,0
80,100,3,3923.22058163652,1465.74976083254,0,0,0,174,0,0,0
80,100,4,4729.10362097408,1688.03964177057,0,0,0,187,0,0,0
80,100,5,5961.45638225015,3879.7663112011,1,0,0,202,0,0,0
80,100,6,8879.03755999669,3190.19459104808,4,0,0,219,0,0,0
80,100,7,23753.7450184302,8886.79915576484,32,0,0,239,0,0,0
80,100,8,0,9,0,0,0,0,0,0,0
81,1,1,2899.656,1396.15366412759,0,29,0,41,0,0,0
81,1,2,2905.232,650.451491296254,0,17,0,24,0,0,0
81,1,3,2910.088,1262.1734114684,0,46,0,52,0,0,0
81,1,4,2896.664,1211.3412072138,0,48,0,41,0,0,0
81,1,5,2902.024,651.313576427317,0,37,0,41,0,0,0
81,1,6,2899.5856,640.264720602913,0,46,0,53,0,0,0
81,1,7,19522.9087999999,9214.57701667686,0,47,0,38,0,0,0
81,1,8,0,0,0,53,0,41,0,0,0
81,2,1,NA,NA,NA,NA,NA,NA,NA,NA,NA
81,2,2,NA,NA,NA,NA,NA,NA,NA,NA,NA
81,2,3,NA,NA,NA,NA,NA,NA,NA,NA,NA
81,2,4,NA,NA,NA,NA,NA,NA,NA,NA,NA
81,2,5,NA,NA,NA,NA,NA,NA,NA,NA,NA
81,2,6,NA,NA,NA,NA,NA,NA,NA,NA,NA
81,2,7,NA,NA,NA,NA,NA,NA,NA,NA,NA
81,2,8,NA,NA,NA,NA,NA,NA,NA,NA,NA
81,3,1,NA,NA,NA,NA,NA,NA,NA,NA,NA
81,3,2,NA,NA,NA,NA,NA,NA,NA,NA,NA
81,3,3,NA,NA,NA,NA,NA,NA,NA,NA,NA
81,3,4,NA,NA,NA,NA,NA,NA,NA,NA,NA
81,3,5,NA,NA,NA,NA,NA,NA,NA,NA,NA
81,3,6,NA,NA,NA,NA,NA,NA,NA,NA,NA
81,3,7,NA,NA,NA,NA,NA,NA,NA,NA,NA
81,3,8,NA,NA,NA,NA,NA,NA,NA,NA,NA
81,4,1,NA,NA,NA,NA,NA,NA,NA,NA,NA
81,4,2,NA,NA,NA,NA,NA,NA,NA,NA,NA
81,4,3,NA,NA,NA,NA,NA,NA,NA,NA,NA
81,4,4,NA,NA,NA,NA,NA,NA,NA,NA,NA
81,4,5,NA,NA,NA,NA,NA,NA,NA,NA,NA
81,4,6,NA,NA,NA,NA,NA,NA,NA,NA,NA
81,4,7,NA,NA,NA,NA,NA,NA,NA,NA,NA
81,4,8,NA,NA,NA,NA,NA,NA,NA,NA,NA
81,5,1,NA,NA,NA,NA,NA,NA,NA,NA,NA
81,5,2,NA,NA,NA,NA,NA,NA,NA,NA,NA
81,5,3,NA,NA,NA,NA,NA,NA,NA,NA,NA
81,5,4,NA,NA,NA,NA,NA,NA,NA,NA,NA
81,5,5,NA,NA,NA,NA,NA,NA,NA,NA,NA
81,5,6,NA,NA,NA,NA,NA,NA,NA,NA,NA
81,5,7,NA,NA,NA,NA,NA,NA,NA,NA,NA
81,5,8,NA,NA,NA,NA,NA,NA,NA,NA,NA
81,6,1,NA,NA,NA,NA,NA,NA,NA,NA,NA
81,6,2,NA,NA,NA,NA,NA,NA,NA,NA,NA
81,6,3,NA,NA,NA,NA,NA,NA,NA,NA,NA
81,6,4,NA,NA,NA,NA,NA,NA,NA,NA,NA
81,6,5,NA,NA,NA,NA,NA,NA,NA,NA,NA
81,6,6,NA,NA,NA,NA,NA,NA,NA,NA,NA
81,6,7,NA,NA,NA,NA,NA,NA,NA,NA,NA
81,6,8,NA,NA,NA,NA,NA,NA,NA,NA,NA
81,7,1,NA,NA,NA,NA,NA,NA,NA,NA,NA
81,7,2,NA,NA,NA,NA,NA,NA,NA,NA,NA
81,7,3,NA,NA,NA,NA,NA,NA,NA,NA,NA
81,7,4,NA,NA,NA,NA,NA,NA,NA,NA,NA
81,7,5,NA,NA,NA,NA,NA,NA,NA,NA,NA
81,7,6,NA,NA,NA,NA,NA,NA,NA,NA,NA
81,7,7,NA,NA,NA,NA,NA,NA,NA,NA,NA
81,7,8,NA,NA,NA,NA,NA,NA,NA,NA,NA
81,8,1,NA,NA,NA,NA,NA,NA,NA,NA,NA
81,8,2,NA,NA,NA,NA,NA,NA,NA,NA,NA
81,8,3,NA,NA,NA,NA,NA,NA,NA,NA,NA
81,8,4,NA,NA,NA,NA,NA,NA,NA,NA,NA
81,8,5,NA,NA,NA,NA,NA,NA,NA,NA,NA
81,8,6,NA,NA,NA,NA,NA,NA,NA,NA,NA
81,8,7,NA,NA,NA,NA,NA,NA,NA,NA,NA
81,8,8,NA,NA,NA,NA,NA,NA,NA,NA,NA
81,9,1,NA,NA,NA,NA,NA,NA,NA,NA,NA
81,9,2,NA,NA,NA,NA,NA,NA,NA,NA,NA
81,9,3,NA,NA,NA,NA,NA,NA,NA,NA,NA
81,9,4,NA,NA,NA,NA,NA,NA,NA,NA,NA
81,9,5,NA,NA,NA,NA,NA,NA,NA,NA,NA
81,9,6,NA,NA,NA,NA,NA,NA,NA,NA,NA
81,9,7,NA,NA,NA,NA,NA,NA,NA,NA,NA
81,9,8,NA,NA,NA,NA,NA,NA,NA,NA,NA
81,10,1,NA,NA,NA,NA,NA,NA,NA,NA,NA
81,10,2,NA,NA,NA,NA,NA,NA,NA,NA,NA
81,10,3,NA,NA,NA,NA,NA,NA,NA,NA,NA
81,10,4,NA,NA,NA,NA,NA,NA,NA,NA,NA
81,10,5,NA,NA,NA,NA,NA,NA,NA,NA,NA
81,10,6,NA,NA,NA,NA,NA,NA,NA,NA,NA
81,10,7,NA,NA,NA,NA,NA,NA,NA,NA,NA
81,10,8,NA,NA,NA,NA,NA,NA,NA,NA,NA
81,11,1,NA,NA,NA,NA,NA,NA,NA,NA,NA
81,11,2,NA,NA,NA,NA,NA,NA,NA,NA,NA
81,11,3,NA,NA,NA,NA,NA,NA,NA,NA,NA
81,11,4,NA,NA,NA,NA,NA,NA,NA,NA,NA
81,11,5,NA,NA,NA,NA,NA,NA,NA,NA,NA
81,11,6,NA,NA,NA,NA,NA,NA,NA,NA,NA
81,11,7,NA,NA,NA,NA,NA,NA,NA,NA,NA
81,11,8,NA,NA,NA,NA,NA,NA,NA,NA,NA
81,12,1,NA,NA,NA,NA,NA,NA,NA,NA,NA
81,12,2,NA,NA,NA,NA,NA,NA,NA,NA,NA
81,12,3,NA,NA,NA,NA,NA,NA,NA,NA,NA
81,12,4,NA,NA,NA,NA,NA,NA,NA,NA,NA
81,12,5,NA,NA,NA,NA,NA,NA,NA,NA,NA
81,12,6,NA,NA,NA,NA,NA,NA,NA,NA,NA
81,12,7,NA,NA,NA,NA,NA,NA,NA,NA,NA
81,12,8,NA,NA,NA,NA,NA,NA,NA,NA,NA
81,13,1,NA,NA,NA,NA,NA,NA,NA,NA,NA
81,13,2,NA,NA,NA,NA,NA,NA,NA,NA,NA
81,13,3,NA,NA,NA,NA,NA,NA,NA,NA,NA
81,13,4,NA,NA,NA,NA,NA,NA,NA,NA,NA
81,13,5,NA,NA,NA,NA,NA,NA,NA,NA,NA
81,13,6,NA,NA,NA,NA,NA,NA,NA,NA,NA
81,13,7,NA,NA,NA,NA,NA,NA,NA,NA,NA
81,13,8,NA,NA,NA,NA,NA,NA,NA,NA,NA
81,14,1,NA,NA,NA,NA,NA,NA,NA,NA,NA
81,14,2,NA,NA,NA,NA,NA,NA,NA,NA,NA
81,14,3,NA,NA,NA,NA,NA,NA,NA,NA,NA
81,14,4,NA,NA,NA,NA,NA,NA,NA,NA,NA
81,14,5,NA,NA,NA,NA,NA,NA,NA,NA,NA
81,14,6,NA,NA,NA,NA,NA,NA,NA,NA,NA
81,14,7,NA,NA,NA,NA,NA,NA,NA,NA,NA
81,14,8,NA,NA,NA,NA,NA,NA,NA,NA,NA
81,15,1,NA,NA,NA,NA,NA,NA,NA,NA,NA
81,15,2,NA,NA,NA,NA,NA,NA,NA,NA,NA
81,15,3,NA,NA,NA,NA,NA,NA,NA,NA,NA
81,15,4,NA,NA,NA,NA,NA,NA,NA,NA,NA
81,15,5,NA,NA,NA,NA,NA,NA,NA,NA,NA
81,15,6,NA,NA,NA,NA,NA,NA,NA,NA,NA
81,15,7,NA,NA,NA,NA,NA,NA,NA,NA,NA
81,15,8,NA,NA,NA,NA,NA,NA,NA,NA,NA
81,16,1,NA,NA,NA,NA,NA,NA,NA,NA,NA
81,16,2,NA,NA,NA,NA,NA,NA,NA,NA,NA
81,16,3,NA,NA,NA,NA,NA,NA,NA,NA,NA
81,16,4,NA,NA,NA,NA,NA,NA,NA,NA,NA
81,16,5,NA,NA,NA,NA,NA,NA,NA,NA,NA
81,16,6,NA,NA,NA,NA,NA,NA,NA,NA,NA
81,16,7,NA,NA,NA,NA,NA,NA,NA,NA,NA
81,16,8,NA,NA,NA,NA,NA,NA,NA,NA,NA
81,17,1,NA,NA,NA,NA,NA,NA,NA,NA,NA
81,17,2,NA,NA,NA,NA,NA,NA,NA,NA,NA
81,17,3,NA,NA,NA,NA,NA,NA,NA,NA,NA
81,17,4,NA,NA,NA,NA,NA,NA,NA,NA,NA
81,17,5,NA,NA,NA,NA,NA,NA,NA,NA,NA
81,17,6,NA,NA,NA,NA,NA,NA,NA,NA,NA
81,17,7,NA,NA,NA,NA,NA,NA,NA,NA,NA
81,17,8,NA,NA,NA,NA,NA,NA,NA,NA,NA
81,18,1,NA,NA,NA,NA,NA,NA,NA,NA,NA
81,18,2,NA,NA,NA,NA,NA,NA,NA,NA,NA
81,18,3,NA,NA,NA,NA,NA,NA,NA,NA,NA
81,18,4,NA,NA,NA,NA,NA,NA,NA,NA,NA
81,18,5,NA,NA,NA,NA,NA,NA,NA,NA,NA
81,18,6,NA,NA,NA,NA,NA,NA,NA,NA,NA
81,18,7,NA,NA,NA,NA,NA,NA,NA,NA,NA
81,18,8,NA,NA,NA,NA,NA,NA,NA,NA,NA
81,19,1,NA,NA,NA,NA,NA,NA,NA,NA,NA
81,19,2,NA,NA,NA,NA,NA,NA,NA,NA,NA
81,19,3,NA,NA,NA,NA,NA,NA,NA,NA,NA
81,19,4,NA,NA,NA,NA,NA,NA,NA,NA,NA
81,19,5,NA,NA,NA,NA,NA,NA,NA,NA,NA
81,19,6,NA,NA,NA,NA,NA,NA,NA,NA,NA
81,19,7,NA,NA,NA,NA,NA,NA,NA,NA,NA
81,19,8,NA,NA,NA,NA,NA,NA,NA,NA,NA
81,20,1,NA,NA,NA,NA,NA,NA,NA,NA,NA
81,20,2,NA,NA,NA,NA,NA,NA,NA,NA,NA
81,20,3,NA,NA,NA,NA,NA,NA,NA,NA,NA
81,20,4,NA,NA,NA,NA,NA,NA,NA,NA,NA
81,20,5,NA,NA,NA,NA,NA,NA,NA,NA,NA
81,20,6,NA,NA,NA,NA,NA,NA,NA,NA,NA
81,20,7,NA,NA,NA,NA,NA,NA,NA,NA,NA
81,20,8,NA,NA,NA,NA,NA,NA,NA,NA,NA
81,21,1,NA,NA,NA,NA,NA,NA,NA,NA,NA
81,21,2,NA,NA,NA,NA,NA,NA,NA,NA,NA
81,21,3,NA,NA,NA,NA,NA,NA,NA,NA,NA
81,21,4,NA,NA,NA,NA,NA,NA,NA,NA,NA
81,21,5,NA,NA,NA,NA,NA,NA,NA,NA,NA
81,21,6,NA,NA,NA,NA,NA,NA,NA,NA,NA
81,21,7,NA,NA,NA,NA,NA,NA,NA,NA,NA
81,21,8,NA,NA,NA,NA,NA,NA,NA,NA,NA
81,22,1,NA,NA,NA,NA,NA,NA,NA,NA,NA
81,22,2,NA,NA,NA,NA,NA,NA,NA,NA,NA
81,22,3,NA,NA,NA,NA,NA,NA,NA,NA,NA
81,22,4,NA,NA,NA,NA,NA,NA,NA,NA,NA
81,22,5,NA,NA,NA,NA,NA,NA,NA,NA,NA
81,22,6,NA,NA,NA,NA,NA,NA,NA,NA,NA
81,22,7,NA,NA,NA,NA,NA,NA,NA,NA,NA
81,22,8,NA,NA,NA,NA,NA,NA,NA,NA,NA
81,23,1,NA,NA,NA,NA,NA,NA,NA,NA,NA
81,23,2,NA,NA,NA,NA,NA,NA,NA,NA,NA
81,23,3,NA,NA,NA,NA,NA,NA,NA,NA,NA
81,23,4,NA,NA,NA,NA,NA,NA,NA,NA,NA
81,23,5,NA,NA,NA,NA,NA,NA,NA,NA,NA
81,23,6,NA,NA,NA,NA,NA,NA,NA,NA,NA
81,23,7,NA,NA,NA,NA,NA,NA,NA,NA,NA
81,23,8,NA,NA,NA,NA,NA,NA,NA,NA,NA
81,24,1,NA,NA,NA,NA,NA,NA,NA,NA,NA
81,24,2,NA,NA,NA,NA,NA,NA,NA,NA,NA
81,24,3,NA,NA,NA,NA,NA,NA,NA,NA,NA
81,24,4,NA,NA,NA,NA,NA,NA,NA,NA,NA
81,24,5,NA,NA,NA,NA,NA,NA,NA,NA,NA
81,24,6,NA,NA,NA,NA,NA,NA,NA,NA,NA
81,24,7,NA,NA,NA,NA,NA,NA,NA,NA,NA
81,24,8,NA,NA,NA,NA,NA,NA,NA,NA,NA
81,25,1,NA,NA,NA,NA,NA,NA,NA,NA,NA
81,25,2,NA,NA,NA,NA,NA,NA,NA,NA,NA
81,25,3,NA,NA,NA,NA,NA,NA,NA,NA,NA
81,25,4,NA,NA,NA,NA,NA,NA,NA,NA,NA
81,25,5,NA,NA,NA,NA,NA,NA,NA,NA,NA
81,25,6,NA,NA,NA,NA,NA,NA,NA,NA,NA
81,25,7,NA,NA,NA,NA,NA,NA,NA,NA,NA
81,25,8,NA,NA,NA,NA,NA,NA,NA,NA,NA
81,26,1,NA,NA,NA,NA,NA,NA,NA,NA,NA
81,26,2,NA,NA,NA,NA,NA,NA,NA,NA,NA
81,26,3,NA,NA,NA,NA,NA,NA,NA,NA,NA
81,26,4,NA,NA,NA,NA,NA,NA,NA,NA,NA
81,26,5,NA,NA,NA,NA,NA,NA,NA,NA,NA
81,26,6,NA,NA,NA,NA,NA,NA,NA,NA,NA
81,26,7,NA,NA,NA,NA,NA,NA,NA,NA,NA
81,26,8,NA,NA,NA,NA,NA,NA,NA,NA,NA
81,27,1,NA,NA,NA,NA,NA,NA,NA,NA,NA
81,27,2,NA,NA,NA,NA,NA,NA,NA,NA,NA
81,27,3,NA,NA,NA,NA,NA,NA,NA,NA,NA
81,27,4,NA,NA,NA,NA,NA,NA,NA,NA,NA
81,27,5,NA,NA,NA,NA,NA,NA,NA,NA,NA
81,27,6,NA,NA,NA,NA,NA,NA,NA,NA,NA
81,27,7,NA,NA,NA,NA,NA,NA,NA,NA,NA
81,27,8,NA,NA,NA,NA,NA,NA,NA,NA,NA
81,28,1,NA,NA,NA,NA,NA,NA,NA,NA,NA
81,28,2,NA,NA,NA,NA,NA,NA,NA,NA,NA
81,28,3,NA,NA,NA,NA,NA,NA,NA,NA,NA
81,28,4,NA,NA,NA,NA,NA,NA,NA,NA,NA
81,28,5,NA,NA,NA,NA,NA,NA,NA,NA,NA
81,28,6,NA,NA,NA,NA,NA,NA,NA,NA,NA
81,28,7,NA,NA,NA,NA,NA,NA,NA,NA,NA
81,28,8,NA,NA,NA,NA,NA,NA,NA,NA,NA
81,29,1,NA,NA,NA,NA,NA,NA,NA,NA,NA
81,29,2,NA,NA,NA,NA,NA,NA,NA,NA,NA
81,29,3,NA,NA,NA,NA,NA,NA,NA,NA,NA
81,29,4,NA,NA,NA,NA,NA,NA,NA,NA,NA
81,29,5,NA,NA,NA,NA,NA,NA,NA,NA,NA
81,29,6,NA,NA,NA,NA,NA,NA,NA,NA,NA
81,29,7,NA,NA,NA,NA,NA,NA,NA,NA,NA
81,29,8,NA,NA,NA,NA,NA,NA,NA,NA,NA
81,30,1,NA,NA,NA,NA,NA,NA,NA,NA,NA
81,30,2,NA,NA,NA,NA,NA,NA,NA,NA,NA
81,30,3,NA,NA,NA,NA,NA,NA,NA,NA,NA
81,30,4,NA,NA,NA,NA,NA,NA,NA,NA,NA
81,30,5,NA,NA,NA,NA,NA,NA,NA,NA,NA
81,30,6,NA,NA,NA,NA,NA,NA,NA,NA,NA
81,30,7,NA,NA,NA,NA,NA,NA,NA,NA,NA
81,30,8,NA,NA,NA,NA,NA,NA,NA,NA,NA
81,31,1,NA,NA,NA,NA,NA,NA,NA,NA,NA
81,31,2,NA,NA,NA,NA,NA,NA,NA,NA,NA
81,31,3,NA,NA,NA,NA,NA,NA,NA,NA,NA
81,31,4,NA,NA,NA,NA,NA,NA,NA,NA,NA
81,31,5,NA,NA,NA,NA,NA,NA,NA,NA,NA
81,31,6,NA,NA,NA,NA,NA,NA,NA,NA,NA
81,31,7,NA,NA,NA,NA,NA,NA,NA,NA,NA
81,31,8,NA,NA,NA,NA,NA,NA,NA,NA,NA
81,32,1,NA,NA,NA,NA,NA,NA,NA,NA,NA
81,32,2,NA,NA,NA,NA,NA,NA,NA,NA,NA
81,32,3,NA,NA,NA,NA,NA,NA,NA,NA,NA
81,32,4,NA,NA,NA,NA,NA,NA,NA,NA,NA
81,32,5,NA,NA,NA,NA,NA,NA,NA,NA,NA
81,32,6,NA,NA,NA,NA,NA,NA,NA,NA,NA
81,32,7,NA,NA,NA,NA,NA,NA,NA,NA,NA
81,32,8,NA,NA,NA,NA,NA,NA,NA,NA,NA
81,33,1,NA,NA,NA,NA,NA,NA,NA,NA,NA
81,33,2,NA,NA,NA,NA,NA,NA,NA,NA,NA
81,33,3,NA,NA,NA,NA,NA,NA,NA,NA,NA
81,33,4,NA,NA,NA,NA,NA,NA,NA,NA,NA
81,33,5,NA,NA,NA,NA,NA,NA,NA,NA,NA
81,33,6,NA,NA,NA,NA,NA,NA,NA,NA,NA
81,33,7,NA,NA,NA,NA,NA,NA,NA,NA,NA
81,33,8,NA,NA,NA,NA,NA,NA,NA,NA,NA
81,34,1,NA,NA,NA,NA,NA,NA,NA,NA,NA
81,34,2,NA,NA,NA,NA,NA,NA,NA,NA,NA
81,34,3,NA,NA,NA,NA,NA,NA,NA,NA,NA
81,34,4,NA,NA,NA,NA,NA,NA,NA,NA,NA
81,34,5,NA,NA,NA,NA,NA,NA,NA,NA,NA
81,34,6,NA,NA,NA,NA,NA,NA,NA,NA,NA
81,34,7,NA,NA,NA,NA,NA,NA,NA,NA,NA
81,34,8,NA,NA,NA,NA,NA,NA,NA,NA,NA
81,35,1,NA,NA,NA,NA,NA,NA,NA,NA,NA
81,35,2,NA,NA,NA,NA,NA,NA,NA,NA,NA
81,35,3,NA,NA,NA,NA,NA,NA,NA,NA,NA
81,35,4,NA,NA,NA,NA,NA,NA,NA,NA,NA
81,35,5,NA,NA,NA,NA,NA,NA,NA,NA,NA
81,35,6,NA,NA,NA,NA,NA,NA,NA,NA,NA
81,35,7,NA,NA,NA,NA,NA,NA,NA,NA,NA
81,35,8,NA,NA,NA,NA,NA,NA,NA,NA,NA
81,36,1,NA,NA,NA,NA,NA,NA,NA,NA,NA
81,36,2,NA,NA,NA,NA,NA,NA,NA,NA,NA
81,36,3,NA,NA,NA,NA,NA,NA,NA,NA,NA
81,36,4,NA,NA,NA,NA,NA,NA,NA,NA,NA
81,36,5,NA,NA,NA,NA,NA,NA,NA,NA,NA
81,36,6,NA,NA,NA,NA,NA,NA,NA,NA,NA
81,36,7,NA,NA,NA,NA,NA,NA,NA,NA,NA
81,36,8,NA,NA,NA,NA,NA,NA,NA,NA,NA
81,37,1,NA,NA,NA,NA,NA,NA,NA,NA,NA
81,37,2,NA,NA,NA,NA,NA,NA,NA,NA,NA
81,37,3,NA,NA,NA,NA,NA,NA,NA,NA,NA
81,37,4,NA,NA,NA,NA,NA,NA,NA,NA,NA
81,37,5,NA,NA,NA,NA,NA,NA,NA,NA,NA
81,37,6,NA,NA,NA,NA,NA,NA,NA,NA,NA
81,37,7,NA,NA,NA,NA,NA,NA,NA,NA,NA
81,37,8,NA,NA,NA,NA,NA,NA,NA,NA,NA
81,38,1,NA,NA,NA,NA,NA,NA,NA,NA,NA
81,38,2,NA,NA,NA,NA,NA,NA,NA,NA,NA
81,38,3,NA,NA,NA,NA,NA,NA,NA,NA,NA
81,38,4,NA,NA,NA,NA,NA,NA,NA,NA,NA
81,38,5,NA,NA,NA,NA,NA,NA,NA,NA,NA
81,38,6,NA,NA,NA,NA,NA,NA,NA,NA,NA
81,38,7,NA,NA,NA,NA,NA,NA,NA,NA,NA
81,38,8,NA,NA,NA,NA,NA,NA,NA,NA,NA
81,39,1,NA,NA,NA,NA,NA,NA,NA,NA,NA
81,39,2,NA,NA,NA,NA,NA,NA,NA,NA,NA
81,39,3,NA,NA,NA,NA,NA,NA,NA,NA,NA
81,39,4,NA,NA,NA,NA,NA,NA,NA,NA,NA
81,39,5,NA,NA,NA,NA,NA,NA,NA,NA,NA
81,39,6,NA,NA,NA,NA,NA,NA,NA,NA,NA
81,39,7,NA,NA,NA,NA,NA,NA,NA,NA,NA
81,39,8,NA,NA,NA,NA,NA,NA,NA,NA,NA
81,40,1,NA,NA,NA,NA,NA,NA,NA,NA,NA
81,40,2,NA,NA,NA,NA,NA,NA,NA,NA,NA
81,40,3,NA,NA,NA,NA,NA,NA,NA,NA,NA
81,40,4,NA,NA,NA,NA,NA,NA,NA,NA,NA
81,40,5,NA,NA,NA,NA,NA,NA,NA,NA,NA
81,40,6,NA,NA,NA,NA,NA,NA,NA,NA,NA
81,40,7,NA,NA,NA,NA,NA,NA,NA,NA,NA
81,40,8,NA,NA,NA,NA,NA,NA,NA,NA,NA
81,41,1,NA,NA,NA,NA,NA,NA,NA,NA,NA
81,41,2,NA,NA,NA,NA,NA,NA,NA,NA,NA
81,41,3,NA,NA,NA,NA,NA,NA,NA,NA,NA
81,41,4,NA,NA,NA,NA,NA,NA,NA,NA,NA
81,41,5,NA,NA,NA,NA,NA,NA,NA,NA,NA
81,41,6,NA,NA,NA,NA,NA,NA,NA,NA,NA
81,41,7,NA,NA,NA,NA,NA,NA,NA,NA,NA
81,41,8,NA,NA,NA,NA,NA,NA,NA,NA,NA
81,42,1,NA,NA,NA,NA,NA,NA,NA,NA,NA
81,42,2,NA,NA,NA,NA,NA,NA,NA,NA,NA
81,42,3,NA,NA,NA,NA,NA,NA,NA,NA,NA
81,42,4,NA,NA,NA,NA,NA,NA,NA,NA,NA
81,42,5,NA,NA,NA,NA,NA,NA,NA,NA,NA
81,42,6,NA,NA,NA,NA,NA,NA,NA,NA,NA
81,42,7,NA,NA,NA,NA,NA,NA,NA,NA,NA
81,42,8,NA,NA,NA,NA,NA,NA,NA,NA,NA
81,43,1,NA,NA,NA,NA,NA,NA,NA,NA,NA
81,43,2,NA,NA,NA,NA,NA,NA,NA,NA,NA
81,43,3,NA,NA,NA,NA,NA,NA,NA,NA,NA
81,43,4,NA,NA,NA,NA,NA,NA,NA,NA,NA
81,43,5,NA,NA,NA,NA,NA,NA,NA,NA,NA
81,43,6,NA,NA,NA,NA,NA,NA,NA,NA,NA
81,43,7,NA,NA,NA,NA,NA,NA,NA,NA,NA
81,43,8,NA,NA,NA,NA,NA,NA,NA,NA,NA
81,44,1,NA,NA,NA,NA,NA,NA,NA,NA,NA
81,44,2,NA,NA,NA,NA,NA,NA,NA,NA,NA
81,44,3,NA,NA,NA,NA,NA,NA,NA,NA,NA
81,44,4,NA,NA,NA,NA,NA,NA,NA,NA,NA
81,44,5,NA,NA,NA,NA,NA,NA,NA,NA,NA
81,44,6,NA,NA,NA,NA,NA,NA,NA,NA,NA
81,44,7,NA,NA,NA,NA,NA,NA,NA,NA,NA
81,44,8,NA,NA,NA,NA,NA,NA,NA,NA,NA
81,45,1,NA,NA,NA,NA,NA,NA,NA,NA,NA
81,45,2,NA,NA,NA,NA,NA,NA,NA,NA,NA
81,45,3,NA,NA,NA,NA,NA,NA,NA,NA,NA
81,45,4,NA,NA,NA,NA,NA,NA,NA,NA,NA
81,45,5,NA,NA,NA,NA,NA,NA,NA,NA,NA
81,45,6,NA,NA,NA,NA,NA,NA,NA,NA,NA
81,45,7,NA,NA,NA,NA,NA,NA,NA,NA,NA
81,45,8,NA,NA,NA,NA,NA,NA,NA,NA,NA
81,46,1,NA,NA,NA,NA,NA,NA,NA,NA,NA
81,46,2,NA,NA,NA,NA,NA,NA,NA,NA,NA
81,46,3,NA,NA,NA,NA,NA,NA,NA,NA,NA
81,46,4,NA,NA,NA,NA,NA,NA,NA,NA,NA
81,46,5,NA,NA,NA,NA,NA,NA,NA,NA,NA
81,46,6,NA,NA,NA,NA,NA,NA,NA,NA,NA
81,46,7,NA,NA,NA,NA,NA,NA,NA,NA,NA
81,46,8,NA,NA,NA,NA,NA,NA,NA,NA,NA
81,47,1,NA,NA,NA,NA,NA,NA,NA,NA,NA
81,47,2,NA,NA,NA,NA,NA,NA,NA,NA,NA
81,47,3,NA,NA,NA,NA,NA,NA,NA,NA,NA
81,47,4,NA,NA,NA,NA,NA,NA,NA,NA,NA
81,47,5,NA,NA,NA,NA,NA,NA,NA,NA,NA
81,47,6,NA,NA,NA,NA,NA,NA,NA,NA,NA
81,47,7,NA,NA,NA,NA,NA,NA,NA,NA,NA
81,47,8,NA,NA,NA,NA,NA,NA,NA,NA,NA
81,48,1,NA,NA,NA,NA,NA,NA,NA,NA,NA
81,48,2,NA,NA,NA,NA,NA,NA,NA,NA,NA
81,48,3,NA,NA,NA,NA,NA,NA,NA,NA,NA
81,48,4,NA,NA,NA,NA,NA,NA,NA,NA,NA
81,48,5,NA,NA,NA,NA,NA,NA,NA,NA,NA
81,48,6,NA,NA,NA,NA,NA,NA,NA,NA,NA
81,48,7,NA,NA,NA,NA,NA,NA,NA,NA,NA
81,48,8,NA,NA,NA,NA,NA,NA,NA,NA,NA
81,49,1,NA,NA,NA,NA,NA,NA,NA,NA,NA
81,49,2,NA,NA,NA,NA,NA,NA,NA,NA,NA
81,49,3,NA,NA,NA,NA,NA,NA,NA,NA,NA
81,49,4,NA,NA,NA,NA,NA,NA,NA,NA,NA
81,49,5,NA,NA,NA,NA,NA,NA,NA,NA,NA
81,49,6,NA,NA,NA,NA,NA,NA,NA,NA,NA
81,49,7,NA,NA,NA,NA,NA,NA,NA,NA,NA
81,49,8,NA,NA,NA,NA,NA,NA,NA,NA,NA
81,50,1,NA,NA,NA,NA,NA,NA,NA,NA,NA
81,50,2,NA,NA,NA,NA,NA,NA,NA,NA,NA
81,50,3,NA,NA,NA,NA,NA,NA,NA,NA,NA
81,50,4,NA,NA,NA,NA,NA,NA,NA,NA,NA
81,50,5,NA,NA,NA,NA,NA,NA,NA,NA,NA
81,50,6,NA,NA,NA,NA,NA,NA,NA,NA,NA
81,50,7,NA,NA,NA,NA,NA,NA,NA,NA,NA
81,50,8,NA,NA,NA,NA,NA,NA,NA,NA,NA
81,51,1,NA,NA,NA,NA,NA,NA,NA,NA,NA
81,51,2,NA,NA,NA,NA,NA,NA,NA,NA,NA
81,51,3,NA,NA,NA,NA,NA,NA,NA,NA,NA
81,51,4,NA,NA,NA,NA,NA,NA,NA,NA,NA
81,51,5,NA,NA,NA,NA,NA,NA,NA,NA,NA
81,51,6,NA,NA,NA,NA,NA,NA,NA,NA,NA
81,51,7,NA,NA,NA,NA,NA,NA,NA,NA,NA
81,51,8,NA,NA,NA,NA,NA,NA,NA,NA,NA
81,52,1,NA,NA,NA,NA,NA,NA,NA,NA,NA
81,52,2,NA,NA,NA,NA,NA,NA,NA,NA,NA
81,52,3,NA,NA,NA,NA,NA,NA,NA,NA,NA
81,52,4,NA,NA,NA,NA,NA,NA,NA,NA,NA
81,52,5,NA,NA,NA,NA,NA,NA,NA,NA,NA
81,52,6,NA,NA,NA,NA,NA,NA,NA,NA,NA
81,52,7,NA,NA,NA,NA,NA,NA,NA,NA,NA
81,52,8,NA,NA,NA,NA,NA,NA,NA,NA,NA
81,53,1,NA,NA,NA,NA,NA,NA,NA,NA,NA
81,53,2,NA,NA,NA,NA,NA,NA,NA,NA,NA
81,53,3,NA,NA,NA,NA,NA,NA,NA,NA,NA
81,53,4,NA,NA,NA,NA,NA,NA,NA,NA,NA
81,53,5,NA,NA,NA,NA,NA,NA,NA,NA,NA
81,53,6,NA,NA,NA,NA,NA,NA,NA,NA,NA
81,53,7,NA,NA,NA,NA,NA,NA,NA,NA,NA
81,53,8,NA,NA,NA,NA,NA,NA,NA,NA,NA
81,54,1,NA,NA,NA,NA,NA,NA,NA,NA,NA
81,54,2,NA,NA,NA,NA,NA,NA,NA,NA,NA
81,54,3,NA,NA,NA,NA,NA,NA,NA,NA,NA
81,54,4,NA,NA,NA,NA,NA,NA,NA,NA,NA
81,54,5,NA,NA,NA,NA,NA,NA,NA,NA,NA
81,54,6,NA,NA,NA,NA,NA,NA,NA,NA,NA
81,54,7,NA,NA,NA,NA,NA,NA,NA,NA,NA
81,54,8,NA,NA,NA,NA,NA,NA,NA,NA,NA
81,55,1,NA,NA,NA,NA,NA,NA,NA,NA,NA
81,55,2,NA,NA,NA,NA,NA,NA,NA,NA,NA
81,55,3,NA,NA,NA,NA,NA,NA,NA,NA,NA
81,55,4,NA,NA,NA,NA,NA,NA,NA,NA,NA
81,55,5,NA,NA,NA,NA,NA,NA,NA,NA,NA
81,55,6,NA,NA,NA,NA,NA,NA,NA,NA,NA
81,55,7,NA,NA,NA,NA,NA,NA,NA,NA,NA
81,55,8,NA,NA,NA,NA,NA,NA,NA,NA,NA
81,56,1,NA,NA,NA,NA,NA,NA,NA,NA,NA
81,56,2,NA,NA,NA,NA,NA,NA,NA,NA,NA
81,56,3,NA,NA,NA,NA,NA,NA,NA,NA,NA
81,56,4,NA,NA,NA,NA,NA,NA,NA,NA,NA
81,56,5,NA,NA,NA,NA,NA,NA,NA,NA,NA
81,56,6,NA,NA,NA,NA,NA,NA,NA,NA,NA
81,56,7,NA,NA,NA,NA,NA,NA,NA,NA,NA
81,56,8,NA,NA,NA,NA,NA,NA,NA,NA,NA
81,57,1,NA,NA,NA,NA,NA,NA,NA,NA,NA
81,57,2,NA,NA,NA,NA,NA,NA,NA,NA,NA
81,57,3,NA,NA,NA,NA,NA,NA,NA,NA,NA
81,57,4,NA,NA,NA,NA,NA,NA,NA,NA,NA
81,57,5,NA,NA,NA,NA,NA,NA,NA,NA,NA
81,57,6,NA,NA,NA,NA,NA,NA,NA,NA,NA
81,57,7,NA,NA,NA,NA,NA,NA,NA,NA,NA
81,57,8,NA,NA,NA,NA,NA,NA,NA,NA,NA
81,58,1,NA,NA,NA,NA,NA,NA,NA,NA,NA
81,58,2,NA,NA,NA,NA,NA,NA,NA,NA,NA
81,58,3,NA,NA,NA,NA,NA,NA,NA,NA,NA
81,58,4,NA,NA,NA,NA,NA,NA,NA,NA,NA
81,58,5,NA,NA,NA,NA,NA,NA,NA,NA,NA
81,58,6,NA,NA,NA,NA,NA,NA,NA,NA,NA
81,58,7,NA,NA,NA,NA,NA,NA,NA,NA,NA
81,58,8,NA,NA,NA,NA,NA,NA,NA,NA,NA
81,59,1,NA,NA,NA,NA,NA,NA,NA,NA,NA
81,59,2,NA,NA,NA,NA,NA,NA,NA,NA,NA
81,59,3,NA,NA,NA,NA,NA,NA,NA,NA,NA
81,59,4,NA,NA,NA,NA,NA,NA,NA,NA,NA
81,59,5,NA,NA,NA,NA,NA,NA,NA,NA,NA
81,59,6,NA,NA,NA,NA,NA,NA,NA,NA,NA
81,59,7,NA,NA,NA,NA,NA,NA,NA,NA,NA
81,59,8,NA,NA,NA,NA,NA,NA,NA,NA,NA
81,60,1,NA,NA,NA,NA,NA,NA,NA,NA,NA
81,60,2,NA,NA,NA,NA,NA,NA,NA,NA,NA
81,60,3,NA,NA,NA,NA,NA,NA,NA,NA,NA
81,60,4,NA,NA,NA,NA,NA,NA,NA,NA,NA
81,60,5,NA,NA,NA,NA,NA,NA,NA,NA,NA
81,60,6,NA,NA,NA,NA,NA,NA,NA,NA,NA
81,60,7,NA,NA,NA,NA,NA,NA,NA,NA,NA
81,60,8,NA,NA,NA,NA,NA,NA,NA,NA,NA
81,61,1,NA,NA,NA,NA,NA,NA,NA,NA,NA
81,61,2,NA,NA,NA,NA,NA,NA,NA,NA,NA
81,61,3,NA,NA,NA,NA,NA,NA,NA,NA,NA
81,61,4,NA,NA,NA,NA,NA,NA,NA,NA,NA
81,61,5,NA,NA,NA,NA,NA,NA,NA,NA,NA
81,61,6,NA,NA,NA,NA,NA,NA,NA,NA,NA
81,61,7,NA,NA,NA,NA,NA,NA,NA,NA,NA
81,61,8,NA,NA,NA,NA,NA,NA,NA,NA,NA
81,62,1,NA,NA,NA,NA,NA,NA,NA,NA,NA
81,62,2,NA,NA,NA,NA,NA,NA,NA,NA,NA
81,62,3,NA,NA,NA,NA,NA,NA,NA,NA,NA
81,62,4,NA,NA,NA,NA,NA,NA,NA,NA,NA
81,62,5,NA,NA,NA,NA,NA,NA,NA,NA,NA
81,62,6,NA,NA,NA,NA,NA,NA,NA,NA,NA
81,62,7,NA,NA,NA,NA,NA,NA,NA,NA,NA
81,62,8,NA,NA,NA,NA,NA,NA,NA,NA,NA
81,63,1,NA,NA,NA,NA,NA,NA,NA,NA,NA
81,63,2,NA,NA,NA,NA,NA,NA,NA,NA,NA
81,63,3,NA,NA,NA,NA,NA,NA,NA,NA,NA
81,63,4,NA,NA,NA,NA,NA,NA,NA,NA,NA
81,63,5,NA,NA,NA,NA,NA,NA,NA,NA,NA
81,63,6,NA,NA,NA,NA,NA,NA,NA,NA,NA
81,63,7,NA,NA,NA,NA,NA,NA,NA,NA,NA
81,63,8,NA,NA,NA,NA,NA,NA,NA,NA,NA
81,64,1,NA,NA,NA,NA,NA,NA,NA,NA,NA
81,64,2,NA,NA,NA,NA,NA,NA,NA,NA,NA
81,64,3,NA,NA,NA,NA,NA,NA,NA,NA,NA
81,64,4,NA,NA,NA,NA,NA,NA,NA,NA,NA
81,64,5,NA,NA,NA,NA,NA,NA,NA,NA,NA
81,64,6,NA,NA,NA,NA,NA,NA,NA,NA,NA
81,64,7,NA,NA,NA,NA,NA,NA,NA,NA,NA
81,64,8,NA,NA,NA,NA,NA,NA,NA,NA,NA
81,65,1,NA,NA,NA,NA,NA,NA,NA,NA,NA
81,65,2,NA,NA,NA,NA,NA,NA,NA,NA,NA
81,65,3,NA,NA,NA,NA,NA,NA,NA,NA,NA
81,65,4,NA,NA,NA,NA,NA,NA,NA,NA,NA
81,65,5,NA,NA,NA,NA,NA,NA,NA,NA,NA
81,65,6,NA,NA,NA,NA,NA,NA,NA,NA,NA
81,65,7,NA,NA,NA,NA,NA,NA,NA,NA,NA
81,65,8,NA,NA,NA,NA,NA,NA,NA,NA,NA
81,66,1,NA,NA,NA,NA,NA,NA,NA,NA,NA
81,66,2,NA,NA,NA,NA,NA,NA,NA,NA,NA
81,66,3,NA,NA,NA,NA,NA,NA,NA,NA,NA
81,66,4,NA,NA,NA,NA,NA,NA,NA,NA,NA
81,66,5,NA,NA,NA,NA,NA,NA,NA,NA,NA
81,66,6,NA,NA,NA,NA,NA,NA,NA,NA,NA
81,66,7,NA,NA,NA,NA,NA,NA,NA,NA,NA
81,66,8,NA,NA,NA,NA,NA,NA,NA,NA,NA
81,67,1,NA,NA,NA,NA,NA,NA,NA,NA,NA
81,67,2,NA,NA,NA,NA,NA,NA,NA,NA,NA
81,67,3,NA,NA,NA,NA,NA,NA,NA,NA,NA
81,67,4,NA,NA,NA,NA,NA,NA,NA,NA,NA
81,67,5,NA,NA,NA,NA,NA,NA,NA,NA,NA
81,67,6,NA,NA,NA,NA,NA,NA,NA,NA,NA
81,67,7,NA,NA,NA,NA,NA,NA,NA,NA,NA
81,67,8,NA,NA,NA,NA,NA,NA,NA,NA,NA
81,68,1,NA,NA,NA,NA,NA,NA,NA,NA,NA
81,68,2,NA,NA,NA,NA,NA,NA,NA,NA,NA
81,68,3,NA,NA,NA,NA,NA,NA,NA,NA,NA
81,68,4,NA,NA,NA,NA,NA,NA,NA,NA,NA
81,68,5,NA,NA,NA,NA,NA,NA,NA,NA,NA
81,68,6,NA,NA,NA,NA,NA,NA,NA,NA,NA
81,68,7,NA,NA,NA,NA,NA,NA,NA,NA,NA
81,68,8,NA,NA,NA,NA,NA,NA,NA,NA,NA
81,69,1,NA,NA,NA,NA,NA,NA,NA,NA,NA
81,69,2,NA,NA,NA,NA,NA,NA,NA,NA,NA
81,69,3,NA,NA,NA,NA,NA,NA,NA,NA,NA
81,69,4,NA,NA,NA,NA,NA,NA,NA,NA,NA
81,69,5,NA,NA,NA,NA,NA,NA,NA,NA,NA
81,69,6,NA,NA,NA,NA,NA,NA,NA,NA,NA
81,69,7,NA,NA,NA,NA,NA,NA,NA,NA,NA
81,69,8,NA,NA,NA,NA,NA,NA,NA,NA,NA
81,70,1,NA,NA,NA,NA,NA,NA,NA,NA,NA
81,70,2,NA,NA,NA,NA,NA,NA,NA,NA,NA
81,70,3,NA,NA,NA,NA,NA,NA,NA,NA,NA
81,70,4,NA,NA,NA,NA,NA,NA,NA,NA,NA
81,70,5,NA,NA,NA,NA,NA,NA,NA,NA,NA
81,70,6,NA,NA,NA,NA,NA,NA,NA,NA,NA
81,70,7,NA,NA,NA,NA,NA,NA,NA,NA,NA
81,70,8,NA,NA,NA,NA,NA,NA,NA,NA,NA
81,71,1,NA,NA,NA,NA,NA,NA,NA,NA,NA
81,71,2,NA,NA,NA,NA,NA,NA,NA,NA,NA
81,71,3,NA,NA,NA,NA,NA,NA,NA,NA,NA
81,71,4,NA,NA,NA,NA,NA,NA,NA,NA,NA
81,71,5,NA,NA,NA,NA,NA,NA,NA,NA,NA
81,71,6,NA,NA,NA,NA,NA,NA,NA,NA,NA
81,71,7,NA,NA,NA,NA,NA,NA,NA,NA,NA
81,71,8,NA,NA,NA,NA,NA,NA,NA,NA,NA
81,72,1,NA,NA,NA,NA,NA,NA,NA,NA,NA
81,72,2,NA,NA,NA,NA,NA,NA,NA,NA,NA
81,72,3,NA,NA,NA,NA,NA,NA,NA,NA,NA
81,72,4,NA,NA,NA,NA,NA,NA,NA,NA,NA
81,72,5,NA,NA,NA,NA,NA,NA,NA,NA,NA
81,72,6,NA,NA,NA,NA,NA,NA,NA,NA,NA
81,72,7,NA,NA,NA,NA,NA,NA,NA,NA,NA
81,72,8,NA,NA,NA,NA,NA,NA,NA,NA,NA
81,73,1,NA,NA,NA,NA,NA,NA,NA,NA,NA
81,73,2,NA,NA,NA,NA,NA,NA,NA,NA,NA
81,73,3,NA,NA,NA,NA,NA,NA,NA,NA,NA
81,73,4,NA,NA,NA,NA,NA,NA,NA,NA,NA
81,73,5,NA,NA,NA,NA,NA,NA,NA,NA,NA
81,73,6,NA,NA,NA,NA,NA,NA,NA,NA,NA
81,73,7,NA,NA,NA,NA,NA,NA,NA,NA,NA
81,73,8,NA,NA,NA,NA,NA,NA,NA,NA,NA
81,74,1,NA,NA,NA,NA,NA,NA,NA,NA,NA
81,74,2,NA,NA,NA,NA,NA,NA,NA,NA,NA
81,74,3,NA,NA,NA,NA,NA,NA,NA,NA,NA
81,74,4,NA,NA,NA,NA,NA,NA,NA,NA,NA
81,74,5,NA,NA,NA,NA,NA,NA,NA,NA,NA
81,74,6,NA,NA,NA,NA,NA,NA,NA,NA,NA
81,74,7,NA,NA,NA,NA,NA,NA,NA,NA,NA
81,74,8,NA,NA,NA,NA,NA,NA,NA,NA,NA
81,75,1,NA,NA,NA,NA,NA,NA,NA,NA,NA
81,75,2,NA,NA,NA,NA,NA,NA,NA,NA,NA
81,75,3,NA,NA,NA,NA,NA,NA,NA,NA,NA
81,75,4,NA,NA,NA,NA,NA,NA,NA,NA,NA
81,75,5,NA,NA,NA,NA,NA,NA,NA,NA,NA
81,75,6,NA,NA,NA,NA,NA,NA,NA,NA,NA
81,75,7,NA,NA,NA,NA,NA,NA,NA,NA,NA
81,75,8,NA,NA,NA,NA,NA,NA,NA,NA,NA
81,76,1,NA,NA,NA,NA,NA,NA,NA,NA,NA
81,76,2,NA,NA,NA,NA,NA,NA,NA,NA,NA
81,76,3,NA,NA,NA,NA,NA,NA,NA,NA,NA
81,76,4,NA,NA,NA,NA,NA,NA,NA,NA,NA
81,76,5,NA,NA,NA,NA,NA,NA,NA,NA,NA
81,76,6,NA,NA,NA,NA,NA,NA,NA,NA,NA
81,76,7,NA,NA,NA,NA,NA,NA,NA,NA,NA
81,76,8,NA,NA,NA,NA,NA,NA,NA,NA,NA
81,77,1,NA,NA,NA,NA,NA,NA,NA,NA,NA
81,77,2,NA,NA,NA,NA,NA,NA,NA,NA,NA
81,77,3,NA,NA,NA,NA,NA,NA,NA,NA,NA
81,77,4,NA,NA,NA,NA,NA,NA,NA,NA,NA
81,77,5,NA,NA,NA,NA,NA,NA,NA,NA,NA
81,77,6,NA,NA,NA,NA,NA,NA,NA,NA,NA
81,77,7,NA,NA,NA,NA,NA,NA,NA,NA,NA
81,77,8,NA,NA,NA,NA,NA,NA,NA,NA,NA
81,78,1,NA,NA,NA,NA,NA,NA,NA,NA,NA
81,78,2,NA,NA,NA,NA,NA,NA,NA,NA,NA
81,78,3,NA,NA,NA,NA,NA,NA,NA,NA,NA
81,78,4,NA,NA,NA,NA,NA,NA,NA,NA,NA
81,78,5,NA,NA,NA,NA,NA,NA,NA,NA,NA
81,78,6,NA,NA,NA,NA,NA,NA,NA,NA,NA
81,78,7,NA,NA,NA,NA,NA,NA,NA,NA,NA
81,78,8,NA,NA,NA,NA,NA,NA,NA,NA,NA
81,79,1,NA,NA,NA,NA,NA,NA,NA,NA,NA
81,79,2,NA,NA,NA,NA,NA,NA,NA,NA,NA
81,79,3,NA,NA,NA,NA,NA,NA,NA,NA,NA
81,79,4,NA,NA,NA,NA,NA,NA,NA,NA,NA
81,79,5,NA,NA,NA,NA,NA,NA,NA,NA,NA
81,79,6,NA,NA,NA,NA,NA,NA,NA,NA,NA
81,79,7,NA,NA,NA,NA,NA,NA,NA,NA,NA
81,79,8,NA,NA,NA,NA,NA,NA,NA,NA,NA
81,80,1,NA,NA,NA,NA,NA,NA,NA,NA,NA
81,80,2,NA,NA,NA,NA,NA,NA,NA,NA,NA
81,80,3,NA,NA,NA,NA,NA,NA,NA,NA,NA
81,80,4,NA,NA,NA,NA,NA,NA,NA,NA,NA
81,80,5,NA,NA,NA,NA,NA,NA,NA,NA,NA
81,80,6,NA,NA,NA,NA,NA,NA,NA,NA,NA
81,80,7,NA,NA,NA,NA,NA,NA,NA,NA,NA
81,80,8,NA,NA,NA,NA,NA,NA,NA,NA,NA
81,81,1,NA,NA,NA,NA,NA,NA,NA,NA,NA
81,81,2,NA,NA,NA,NA,NA,NA,NA,NA,NA
81,81,3,NA,NA,NA,NA,NA,NA,NA,NA,NA
81,81,4,NA,NA,NA,NA,NA,NA,NA,NA,NA
81,81,5,NA,NA,NA,NA,NA,NA,NA,NA,NA
81,81,6,NA,NA,NA,NA,NA,NA,NA,NA,NA
81,81,7,NA,NA,NA,NA,NA,NA,NA,NA,NA
81,81,8,NA,NA,NA,NA,NA,NA,NA,NA,NA
81,82,1,NA,NA,NA,NA,NA,NA,NA,NA,NA
81,82,2,NA,NA,NA,NA,NA,NA,NA,NA,NA
81,82,3,NA,NA,NA,NA,NA,NA,NA,NA,NA
81,82,4,NA,NA,NA,NA,NA,NA,NA,NA,NA
81,82,5,NA,NA,NA,NA,NA,NA,NA,NA,NA
81,82,6,NA,NA,NA,NA,NA,NA,NA,NA,NA
81,82,7,NA,NA,NA,NA,NA,NA,NA,NA,NA
81,82,8,NA,NA,NA,NA,NA,NA,NA,NA,NA
81,83,1,NA,NA,NA,NA,NA,NA,NA,NA,NA
81,83,2,NA,NA,NA,NA,NA,NA,NA,NA,NA
81,83,3,NA,NA,NA,NA,NA,NA,NA,NA,NA
81,83,4,NA,NA,NA,NA,NA,NA,NA,NA,NA
81,83,5,NA,NA,NA,NA,NA,NA,NA,NA,NA
81,83,6,NA,NA,NA,NA,NA,NA,NA,NA,NA
81,83,7,NA,NA,NA,NA,NA,NA,NA,NA,NA
81,83,8,NA,NA,NA,NA,NA,NA,NA,NA,NA
81,84,1,NA,NA,NA,NA,NA,NA,NA,NA,NA
81,84,2,NA,NA,NA,NA,NA,NA,NA,NA,NA
81,84,3,NA,NA,NA,NA,NA,NA,NA,NA,NA
81,84,4,NA,NA,NA,NA,NA,NA,NA,NA,NA
81,84,5,NA,NA,NA,NA,NA,NA,NA,NA,NA
81,84,6,NA,NA,NA,NA,NA,NA,NA,NA,NA
81,84,7,NA,NA,NA,NA,NA,NA,NA,NA,NA
81,84,8,NA,NA,NA,NA,NA,NA,NA,NA,NA
81,85,1,NA,NA,NA,NA,NA,NA,NA,NA,NA
81,85,2,NA,NA,NA,NA,NA,NA,NA,NA,NA
81,85,3,NA,NA,NA,NA,NA,NA,NA,NA,NA
81,85,4,NA,NA,NA,NA,NA,NA,NA,NA,NA
81,85,5,NA,NA,NA,NA,NA,NA,NA,NA,NA
81,85,6,NA,NA,NA,NA,NA,NA,NA,NA,NA
81,85,7,NA,NA,NA,NA,NA,NA,NA,NA,NA
81,85,8,NA,NA,NA,NA,NA,NA,NA,NA,NA
81,86,1,NA,NA,NA,NA,NA,NA,NA,NA,NA
81,86,2,NA,NA,NA,NA,NA,NA,NA,NA,NA
81,86,3,NA,NA,NA,NA,NA,NA,NA,NA,NA
81,86,4,NA,NA,NA,NA,NA,NA,NA,NA,NA
81,86,5,NA,NA,NA,NA,NA,NA,NA,NA,NA
81,86,6,NA,NA,NA,NA,NA,NA,NA,NA,NA
81,86,7,NA,NA,NA,NA,NA,NA,NA,NA,NA
81,86,8,NA,NA,NA,NA,NA,NA,NA,NA,NA
81,87,1,NA,NA,NA,NA,NA,NA,NA,NA,NA
81,87,2,NA,NA,NA,NA,NA,NA,NA,NA,NA
81,87,3,NA,NA,NA,NA,NA,NA,NA,NA,NA
81,87,4,NA,NA,NA,NA,NA,NA,NA,NA,NA
81,87,5,NA,NA,NA,NA,NA,NA,NA,NA,NA
81,87,6,NA,NA,NA,NA,NA,NA,NA,NA,NA
81,87,7,NA,NA,NA,NA,NA,NA,NA,NA,NA
81,87,8,NA,NA,NA,NA,NA,NA,NA,NA,NA
81,88,1,NA,NA,NA,NA,NA,NA,NA,NA,NA
81,88,2,NA,NA,NA,NA,NA,NA,NA,NA,NA
81,88,3,NA,NA,NA,NA,NA,NA,NA,NA,NA
81,88,4,NA,NA,NA,NA,NA,NA,NA,NA,NA
81,88,5,NA,NA,NA,NA,NA,NA,NA,NA,NA
81,88,6,NA,NA,NA,NA,NA,NA,NA,NA,NA
81,88,7,NA,NA,NA,NA,NA,NA,NA,NA,NA
81,88,8,NA,NA,NA,NA,NA,NA,NA,NA,NA
81,89,1,NA,NA,NA,NA,NA,NA,NA,NA,NA
81,89,2,NA,NA,NA,NA,NA,NA,NA,NA,NA
81,89,3,NA,NA,NA,NA,NA,NA,NA,NA,NA
81,89,4,NA,NA,NA,NA,NA,NA,NA,NA,NA
81,89,5,NA,NA,NA,NA,NA,NA,NA,NA,NA
81,89,6,NA,NA,NA,NA,NA,NA,NA,NA,NA
81,89,7,NA,NA,NA,NA,NA,NA,NA,NA,NA
81,89,8,NA,NA,NA,NA,NA,NA,NA,NA,NA
81,90,1,NA,NA,NA,NA,NA,NA,NA,NA,NA
81,90,2,NA,NA,NA,NA,NA,NA,NA,NA,NA
81,90,3,NA,NA,NA,NA,NA,NA,NA,NA,NA
81,90,4,NA,NA,NA,NA,NA,NA,NA,NA,NA
81,90,5,NA,NA,NA,NA,NA,NA,NA,NA,NA
81,90,6,NA,NA,NA,NA,NA,NA,NA,NA,NA
81,90,7,NA,NA,NA,NA,NA,NA,NA,NA,NA
81,90,8,NA,NA,NA,NA,NA,NA,NA,NA,NA
81,91,1,NA,NA,NA,NA,NA,NA,NA,NA,NA
81,91,2,NA,NA,NA,NA,NA,NA,NA,NA,NA
81,91,3,NA,NA,NA,NA,NA,NA,NA,NA,NA
81,91,4,NA,NA,NA,NA,NA,NA,NA,NA,NA
81,91,5,NA,NA,NA,NA,NA,NA,NA,NA,NA
81,91,6,NA,NA,NA,NA,NA,NA,NA,NA,NA
81,91,7,NA,NA,NA,NA,NA,NA,NA,NA,NA
81,91,8,NA,NA,NA,NA,NA,NA,NA,NA,NA
81,92,1,NA,NA,NA,NA,NA,NA,NA,NA,NA
81,92,2,NA,NA,NA,NA,NA,NA,NA,NA,NA
81,92,3,NA,NA,NA,NA,NA,NA,NA,NA,NA
81,92,4,NA,NA,NA,NA,NA,NA,NA,NA,NA
81,92,5,NA,NA,NA,NA,NA,NA,NA,NA,NA
81,92,6,NA,NA,NA,NA,NA,NA,NA,NA,NA
81,92,7,NA,NA,NA,NA,NA,NA,NA,NA,NA
81,92,8,NA,NA,NA,NA,NA,NA,NA,NA,NA
81,93,1,NA,NA,NA,NA,NA,NA,NA,NA,NA
81,93,2,NA,NA,NA,NA,NA,NA,NA,NA,NA
81,93,3,NA,NA,NA,NA,NA,NA,NA,NA,NA
81,93,4,NA,NA,NA,NA,NA,NA,NA,NA,NA
81,93,5,NA,NA,NA,NA,NA,NA,NA,NA,NA
81,93,6,NA,NA,NA,NA,NA,NA,NA,NA,NA
81,93,7,NA,NA,NA,NA,NA,NA,NA,NA,NA
81,93,8,NA,NA,NA,NA,NA,NA,NA,NA,NA
81,94,1,NA,NA,NA,NA,NA,NA,NA,NA,NA
81,94,2,NA,NA,NA,NA,NA,NA,NA,NA,NA
81,94,3,NA,NA,NA,NA,NA,NA,NA,NA,NA
81,94,4,NA,NA,NA,NA,NA,NA,NA,NA,NA
81,94,5,NA,NA,NA,NA,NA,NA,NA,NA,NA
81,94,6,NA,NA,NA,NA,NA,NA,NA,NA,NA
81,94,7,NA,NA,NA,NA,NA,NA,NA,NA,NA
81,94,8,NA,NA,NA,NA,NA,NA,NA,NA,NA
81,95,1,NA,NA,NA,NA,NA,NA,NA,NA,NA
81,95,2,NA,NA,NA,NA,NA,NA,NA,NA,NA
81,95,3,NA,NA,NA,NA,NA,NA,NA,NA,NA
81,95,4,NA,NA,NA,NA,NA,NA,NA,NA,NA
81,95,5,NA,NA,NA,NA,NA,NA,NA,NA,NA
81,95,6,NA,NA,NA,NA,NA,NA,NA,NA,NA
81,95,7,NA,NA,NA,NA,NA,NA,NA,NA,NA
81,95,8,NA,NA,NA,NA,NA,NA,NA,NA,NA
81,96,1,NA,NA,NA,NA,NA,NA,NA,NA,NA
81,96,2,NA,NA,NA,NA,NA,NA,NA,NA,NA
81,96,3,NA,NA,NA,NA,NA,NA,NA,NA,NA
81,96,4,NA,NA,NA,NA,NA,NA,NA,NA,NA
81,96,5,NA,NA,NA,NA,NA,NA,NA,NA,NA
81,96,6,NA,NA,NA,NA,NA,NA,NA,NA,NA
81,96,7,NA,NA,NA,NA,NA,NA,NA,NA,NA
81,96,8,NA,NA,NA,NA,NA,NA,NA,NA,NA
81,97,1,NA,NA,NA,NA,NA,NA,NA,NA,NA
81,97,2,NA,NA,NA,NA,NA,NA,NA,NA,NA
81,97,3,NA,NA,NA,NA,NA,NA,NA,NA,NA
81,97,4,NA,NA,NA,NA,NA,NA,NA,NA,NA
81,97,5,NA,NA,NA,NA,NA,NA,NA,NA,NA
81,97,6,NA,NA,NA,NA,NA,NA,NA,NA,NA
81,97,7,NA,NA,NA,NA,NA,NA,NA,NA,NA
81,97,8,NA,NA,NA,NA,NA,NA,NA,NA,NA
81,98,1,NA,NA,NA,NA,NA,NA,NA,NA,NA
81,98,2,NA,NA,NA,NA,NA,NA,NA,NA,NA
81,98,3,NA,NA,NA,NA,NA,NA,NA,NA,NA
81,98,4,NA,NA,NA,NA,NA,NA,NA,NA,NA
81,98,5,NA,NA,NA,NA,NA,NA,NA,NA,NA
81,98,6,NA,NA,NA,NA,NA,NA,NA,NA,NA
81,98,7,NA,NA,NA,NA,NA,NA,NA,NA,NA
81,98,8,NA,NA,NA,NA,NA,NA,NA,NA,NA
81,99,1,NA,NA,NA,NA,NA,NA,NA,NA,NA
81,99,2,NA,NA,NA,NA,NA,NA,NA,NA,NA
81,99,3,NA,NA,NA,NA,NA,NA,NA,NA,NA
81,99,4,NA,NA,NA,NA,NA,NA,NA,NA,NA
81,99,5,NA,NA,NA,NA,NA,NA,NA,NA,NA
81,99,6,NA,NA,NA,NA,NA,NA,NA,NA,NA
81,99,7,NA,NA,NA,NA,NA,NA,NA,NA,NA
81,99,8,NA,NA,NA,NA,NA,NA,NA,NA,NA
81,100,1,NA,NA,NA,NA,NA,NA,NA,NA,NA
81,100,2,NA,NA,NA,NA,NA,NA,NA,NA,NA
81,100,3,NA,NA,NA,NA,NA,NA,NA,NA,NA
81,100,4,NA,NA,NA,NA,NA,NA,NA,NA,NA
81,100,5,NA,NA,NA,NA,NA,NA,NA,NA,NA
81,100,6,NA,NA,NA,NA,NA,NA,NA,NA,NA
81,100,7,NA,NA,NA,NA,NA,NA,NA,NA,NA
81,100,8,NA,NA,NA,NA,NA,NA,NA,NA,NA
82,1,1,2722.87488,912.002020222509,38,0,0,21,0,0,0
82,1,2,2736.928,1490.21829518995,48,0,0,51,0,0,0
82,1,3,2733.512,774.381696608395,36,0,0,51,0,0,0
82,1,4,2731.592,988.514290841226,33,0,0,40,0,0,0
82,1,5,2726.2448,930.750134744071,28,0,0,22,0,0,0
82,1,6,2721.304,1611.14785818323,3,0,0,6,0,0,0
82,1,7,20712.1935999998,6702.66650079378,9,0,0,5,0,0,0
82,1,8,0,4,33,0,0,35,0,0,0
82,2,1,2734.338944,1721.57847592476,0,0,0,91,0,0,0
82,2,2,2764.0288,1161.63119714922,0,0,0,149,0,0,0
82,2,3,2747.56,1685.93293359943,0,0,0,77,0,0,0
82,2,4,2746.6,613.615053364469,0,0,0,98,0,0,0
82,2,5,2739.9904,1179.67273893276,0,0,0,93,0,0,0
82,2,6,2743.6576,1068.21501749227,0,0,0,161,0,0,0
82,2,7,20675.6383999998,9821.03034703693,10,9,0,209,0,0,0
82,2,8,0,4,0,0,0,0,0,0,0
82,3,1,2761.93254399999,910.033453506965,0,0,0,172,0,0,0
82,3,2,2783.5088,1200.54061876792,0,0,0,116,0,0,0
82,3,3,2778.568,1509.75528710579,0,0,0,168,0,0,0
82,3,4,2756.112,1130.15444314624,0,0,0,61,0,0,0
82,3,5,2755.5008,1077.90361611657,0,0,0,117,0,0,0
82,3,6,2758.7104,1390.77710780723,0,0,0,106,0,0,0
82,3,7,20635.4271999997,8957.97892011563,33,0,0,212,0,0,0
82,3,8,0,4,0,0,0,0,0,0,0
82,4,1,2772.84294399999,1594.39699814578,0,0,0,91,0,0,0
82,4,2,2804.18239999999,927.361859265785,0,0,0,120,0,0,0
82,4,3,2803.98239999999,1316.25326013512,0,0,0,150,0,0,0
82,4,4,2773.9056,762.91252003558,0,0,0,113,0,0,0
82,4,5,2771.0288,975.590378809137,0,0,0,107,0,0,0
82,4,6,2778.76,764.657905270161,0,0,0,139,0,0,0
82,4,7,20591.3900799997,11296.3219389651,28,0,0,219,0,0,2
82,4,8,0,4,0,0,0,0,0,0,0
82,5,1,2795.17094399999,946.07270237938,0,0,0,159,0,0,0
82,5,2,2813.35679999999,1250.91643961211,0,0,0,92,0,0,0
82,5,3,2825.05439999999,1126.09231722589,0,0,0,131,0,0,0
82,5,4,2783.3296,769.507606698304,0,0,0,76,0,0,0
82,5,5,2784.78272,1237.18072967206,0,0,0,97,0,0,0
82,5,6,2783.56,1499.69852928592,0,0,0,76,0,0,0
82,5,7,20536.4531839996,11342.9874438127,31,0,0,196,0,0,0
82,5,8,0,4,0,0,0,0,0,0,0
82,6,1,2804.25062399999,1118.29133427251,0,0,0,94,0,0,0
82,6,2,2829.99519999999,626.525296471204,0,0,0,125,0,0,0
82,6,3,2839.89439999999,2010.04735949732,0,0,0,112,0,0,0
82,6,4,2791.5136,1660.82624683419,0,0,0,76,0,0,0
82,6,5,2801.35072,1077.06838695594,0,0,0,123,0,0,0
82,6,6,2803.7376,1013.73344334649,0,0,0,149,0,0,0
82,6,7,20495.3299839995,9486.82391771392,27,0,0,278,0,0,0
82,6,8,0,4,0,0,0,0,0,0,0
82,7,1,2818.241344,710.239386091273,0,0,0,111,0,0,0
82,7,2,2833.9296,1615.46604558622,0,0,0,62,0,0,0
82,7,3,2875.03104,958.23836892737,0,0,0,179,0,0,3
82,7,4,2821.2432,1136.43769093265,0,0,0,166,0,0,0
82,7,5,2818.464,849.228601201543,0,0,0,107,0,0,0
82,7,6,2816.10713600001,388.117730648557,0,0,0,101,0,0,0
82,7,7,20438.0954239993,9321.18197723461,122,0,0,179,0,0,0
82,7,8,0,4,0,0,0,0,0,0,0
82,8,1,2823.139904,1472.35125476451,0,0,0,71,0,0,0
82,8,2,2857.9984,1112.63756638505,0,0,0,161,0,0,0
82,8,3,2889.6277248,1238.16323136172,0,0,0,95,0,0,0
82,8,4,2837.77248,1384.14281543153,0,0,0,113,0,0,0
82,8,5,2825.9344,1175.67867193246,0,0,0,84,0,0,0
82,8,6,2811.61747200001,1170.7425038921,0,0,0,38,0,0,0
82,8,7,20394.2634239992,10624.1138149357,153,0,0,219,0,0,5
82,8,8,0,4,0,0,0,0,0,0,0
82,9,1,2839.921408,1318.96256076091,0,0,0,147,0,0,0
82,9,2,2863.174656,1599.81428824537,0,0,0,111,0,0,0
82,9,3,2898.9781248,1089.95514382037,0,0,0,123,0,0,0
82,9,4,2853.55104,1188.36717475119,0,0,0,138,0,0,0
82,9,5,2836.31648,970.556640221703,0,0,0,117,0,0,0
82,9,6,2821.36787200001,1297.57816835267,0,0,0,117,0,0,0
82,9,7,20345.1284479991,9474.55475566105,0,40,0,189,0,0,0
82,9,8,0,4,0,0,0,0,0,0,0
82,10,1,2846.8161792,1476.77141195438,0,4,0,126,0,0,0
82,10,2,2873.214592,1599.98382387844,0,23,0,130,0,0,0
82,10,3,2904.7611648,896.940570067439,0,1,0,107,0,0,0
82,10,4,2855.539456,1611.59038417282,0,9,0,107,0,0,0
82,10,5,2840.89536,1478.66472455398,0,0,0,97,0,0,0
82,10,6,2830.45875200001,1245.07333965423,0,8,0,119,0,0,0
82,10,7,20342.6225919991,7947.04414980269,0,388,0,398,0,0,0
82,10,8,0,4,0,0,0,0,0,0,0
82,11,1,2861.78853120001,1403.61049475159,0,0,0,147,0,0,0
82,11,2,2893.600704,1250.42353778608,0,0,0,159,0,0,0
82,11,3,2909.0529408,1330.93654175417,0,0,0,89,0,0,0
82,11,4,2874.63974400001,976.814228724732,0,0,0,161,0,0,0
82,11,5,2852.44653824,932.398328655013,0,0,0,147,0,0,0
82,11,6,2850.25511680001,680.529262302158,0,0,0,124,0,0,0
82,11,7,20360.181631999,10977.5050976893,32,0,0,189,0,0,0
82,11,8,0,4,0,0,0,0,0,0,0
82,12,1,2876.73369600001,583.753914402384,0,0,0,140,0,0,0
82,12,2,2905.52865280001,1012.13867508793,0,0,0,125,0,0,0
82,12,3,2923.76499456001,813.945600552735,0,0,0,133,0,0,0
82,12,4,2878.26694400001,311.437464524529,0,0,0,97,0,0,0
82,12,5,2854.92187904001,1153.32336898672,0,0,0,93,0,0,0
82,12,6,2854.53063680001,783.746585069357,0,0,0,68,0,0,0
82,12,7,20394.0812927989,6263.86584011355,26,0,0,264,0,0,0
82,12,8,0,4,0,0,0,0,0,0,0
82,13,1,2866.62713600001,1188.51812663387,29,0,0,29,0,0,0
82,13,2,2895.01274880001,1271.6217774497,57,0,0,44,0,0,0
82,13,3,2907.74132736001,1620.54469892663,47,0,0,34,0,0,0
82,13,4,2860.41868800001,888.013459065149,14,0,0,17,0,0,0
82,13,5,2848.48114739201,1088.43487032754,54,0,0,61,0,0,0
82,13,6,2849.13927680001,1883.20136354439,38,0,0,40,0,0,0
82,13,7,20427.2195327989,6755.79199327876,316,0,0,306,0,0,0
82,13,8,0,4,0,0,0,0,0,0,0
82,14,1,2878.02348800001,1344.71850570483,1,0,0,117,0,0,0
82,14,2,2906.09272576001,1188.53206444836,0,0,0,127,0,0,0
82,14,3,2923.40803072001,767.887974139788,19,0,0,129,0,0,0
82,14,4,2862.42728960001,1202.08139097128,0,0,0,88,0,0,0
82,14,5,2860.05806551041,1389.49020604576,0,0,0,108,0,0,0
82,14,6,2870.74933760001,1708.2799216383,29,0,0,139,0,0,0
82,14,7,20450.8876415989,10215.610230677,252,0,0,247,0,0,0
82,14,8,0,4,0,0,0,0,0,0,0
82,15,1,2884.78163200001,1316.04595154321,0,0,0,134,0,0,0
82,15,2,2905.30698496001,2147.69170866826,0,0,0,118,0,0,0
82,15,3,2910.35772928001,860.262258281398,0,0,0,76,0,0,0
82,15,4,2862.65420800001,1470.10409859483,0,0,0,120,0,0,0
82,15,5,2869.24508375041,672.425557056961,0,0,0,138,0,0,0
82,15,6,2896.08156160001,1028.70769878422,0,0,0,170,0,0,0
82,15,7,20458.8769535989,8841.9641412193,54,0,0,173,0,0,0
82,15,8,0,4,0,0,0,0,0,0,0
82,16,1,2894.25843200002,2218.46652714568,0,0,0,131,0,0,0
82,16,2,2928.61553152001,1298.44515309466,5,0,0,192,0,0,0
82,16,3,2910.85348403202,749.787634053569,0,0,0,86,0,0,0
82,16,4,2877.77565696002,478.723286890825,0,0,0,147,0,0,0
82,16,5,2865.44399831041,1762.68458520539,0,0,0,67,0,0,0
82,16,6,2909.23457280002,1159.44991016891,0,0,0,102,0,0,0
82,16,7,20491.4510617588,9352.16900744734,150,0,0,220,0,0,0
82,16,8,0,4,0,0,0,0,0,0,0
82,17,1,2911.67503616002,1472.68617062457,0,0,0,186,0,0,0
82,17,2,2935.85635420162,1358.14511557918,0,0,0,129,0,0,0
82,17,3,2900.12119142401,1505.77799747413,0,0,0,74,0,0,0
82,17,4,2859.68066816002,753.781951015918,0,0,0,47,0,0,0
82,17,5,2883.36283811842,904.328717466407,0,0,0,176,0,0,0
82,17,6,2929.78955315202,1338.54160302494,0,0,0,115,0,0,0
82,17,7,20516.1964825588,6690.66821406872,0,35,0,199,0,0,0
82,17,8,0,4,0,0,0,0,0,0,0
82,18,1,2911.49006336002,609.562287693913,0,17,0,125,0,0,0
82,18,2,2937.97663068162,1227.07559635482,0,2,0,133,0,0,0
82,18,3,2894.90815549442,1094.19037853608,0,34,0,106,0,0,0
82,18,4,2843.35010048002,719.973000686677,0,0,0,75,0,0,0
82,18,5,2878.34903316482,1166.80437406684,0,1,0,89,0,0,0
82,18,6,2944.70955315202,1209.12062658004,0,6,0,126,0,0,0
82,18,7,20555.8712345587,9248.48927436021,0,270,0,318,0,0,0
82,18,8,0,4,0,0,0,0,0,0,0
82,19,1,2901.99934208002,1441.32092698272,0,0,0,60,0,0,0
82,19,2,2936.10849331203,1541.82725475123,0,0,0,122,0,0,0
82,19,3,2888.72896573442,1287.33508764393,0,0,0,109,0,0,0
82,19,4,2832.25046384642,859.996553963317,0,0,0,71,0,0,0
82,19,5,2882.07063982082,716.821201533731,0,0,0,116,0,0,0
82,19,6,2958.91440691202,1431.52861692281,0,0,0,120,0,0,0
82,19,7,20590.8117350387,8455.80134361784,31,0,0,203,0,0,0
82,19,8,0,4,0,0,0,0,0,0,0
82,20,1,2907.91032832002,565.826691737098,0,0,0,144,0,0,0
82,20,2,2950.40598661123,1139.61970188991,0,0,0,154,0,0,0
82,20,3,2880.5180400845,1577.63078527099,0,0,0,128,0,0,0
82,20,4,2823.25412157442,1778.30269421114,0,0,0,85,0,0,0
82,20,5,2872.29280942082,745.952303083778,0,0,0,71,0,0,0
82,20,6,2981.12107315202,860.859641714693,0,0,0,143,0,0,0
82,20,7,20609.3454668787,10881.5505659174,0,116,0,168,0,0,0
82,20,8,0,4,0,0,0,0,0,0,0
82,21,1,2893.82686720002,1597.73727586897,0,0,0,56,0,0,0
82,21,2,2946.44131841641,1611.75134358723,0,0,0,113,0,0,0
82,21,3,2883.03203655272,2175.32929896125,0,0,0,157,0,0,0
82,21,4,2833.73174128642,1088.60152363324,0,0,0,177,0,0,0
82,21,5,2868.41147400194,749.997831489332,0,0,0,74,0,0,0
82,21,6,2988.60035891202,501.926043391614,0,0,0,86,0,0,0
82,21,7,20647.8073784306,13189.6868123752,5,21,0,186,0,0,0
82,21,8,0,4,0,0,0,0,0,0,0
82,22,1,2900.47691223042,1223.5935042703,0,0,0,159,0,0,0
82,22,2,2957.454022484,1554.00694664605,0,0,0,161,0,0,0
82,22,3,2891.46212822632,875.537404621404,0,8,0,160,0,0,0
82,22,4,2825.88884797442,1274.56396881981,0,0,0,108,0,0,0
82,22,5,2858.11474255874,555.537285678687,0,0,0,74,0,0,0
82,22,6,2978.44575027202,1885.57474854791,0,0,0,50,0,0,0
82,22,7,20695.8519377906,13293.5289325894,1,147,0,218,0,0,2
82,22,8,0,4,0,0,0,0,0,0,0
82,23,1,2895.14709258242,1130.35414270353,0,0,0,122,0,0,0
82,23,2,2956.09242229967,808.524491877474,0,0,0,155,0,0,0
82,23,3,2878.55376946792,1023.69012107351,0,0,0,87,0,0,0
82,23,4,2816.75090237442,988.300446673491,0,0,0,127,0,0,0
82,23,5,2845.63231055874,625.510226228116,0,0,0,55,0,0,0
82,23,6,2992.26230118402,1119.17782115073,0,26,0,128,0,0,0
82,23,7,20759.8642257907,11616.4771170625,0,401,0,407,0,0,0
82,23,8,0,4,0,0,0,0,0,0,0
82,24,1,2890.39446840936,1415.85113159307,0,0,0,113,0,0,0
82,24,2,2945.68799267638,826.539314092659,0,0,0,80,0,0,0
82,24,3,2857.90320813672,1324.94438581001,0,0,0,102,0,0,0
82,24,4,2805.82141952002,1373.29161861524,0,0,0,98,0,0,0
82,24,5,2830.39029635074,1883.59063556782,0,0,0,62,0,0,0
82,24,6,3004.96783462402,1425.32409225,0,0,0,111,0,0,0
82,24,7,20795.0634705907,11289.0542385559,2,25,0,226,0,0,0
82,24,8,0,4,0,0,0,0,0,0,0
82,25,1,2889.56147512936,670.971151474858,0,18,0,118,0,0,0
82,25,2,2934.14402523958,1824.24128647509,0,0,0,82,0,0,0
82,25,3,2854.96778766338,1029.87369015258,0,1,0,131,0,0,0
82,25,4,2792.00567111682,325.644392915072,0,28,0,100,0,0,0
82,25,5,2831.64202473883,1709.86930218091,0,41,0,135,0,0,0
82,25,6,3022.75214182402,1329.5607083055,0,17,0,120,0,0,0
82,25,7,20823.7302690803,5803.82879011277,9,167,0,180,0,0,1
82,25,8,0,4,0,0,0,0,0,0,0
82,26,1,2884.2459241382,1749.13715055532,0,0,0,67,0,0,0
82,26,2,2950.21935399242,751.486969979265,0,0,0,182,0,0,0
82,26,3,2849.36264777648,720.001970183116,0,0,0,102,0,0,0
82,26,4,2766.20820285442,556.473305571977,0,0,0,32,0,0,0
82,26,5,2852.17773196085,1164.26756611015,0,0,0,170,0,0,0
82,26,6,3057.49527091202,1118.02247968719,0,0,0,132,0,0,0
82,26,7,20868.4810428403,5264.37222231249,24,0,0,210,0,0,0
82,26,8,0,4,0,0,0,0,0,0,0
82,27,1,2881.24060796438,806.597612310835,0,72,0,102,0,0,0
82,27,2,2922.85823578442,1746.7642657145,0,48,0,27,0,0,0
82,27,3,2825.02584588207,1388.07555675734,0,23,0,49,0,0,0
82,27,4,2743.54599843842,766.542642801521,0,9,0,46,0,0,0
82,27,5,2841.75669219821,964.589547590589,0,57,0,59,0,0,0
82,27,6,3052.05759744002,1028.48038622644,0,54,0,57,0,0,0
82,27,7,20896.6305596403,3721.01956228695,0,261,0,228,0,0,0
82,27,8,0,4,0,0,0,0,0,0,0
82,28,1,2879.91258068092,2191.70531325895,0,0,0,80,0,0,0
82,28,2,2933.95153283402,1204.28806996001,5,0,0,155,0,0,0
82,28,3,2825.11485109291,1574.72614642038,0,0,0,138,0,0,0
82,28,4,2732.68846692354,1118.31183817514,0,0,0,76,0,0,0
82,28,5,2839.33810455021,831.394003559943,0,0,0,96,0,0,0
82,28,6,3067.59960064002,875.81215283463,0,0,0,102,0,0,0
82,28,7,20924.3202467827,9320.85247183706,49,0,0,179,0,0,0
82,28,8,0,4,0,0,0,0,0,0,0
82,29,1,2911.86703361639,606.682993357762,1,0,0,195,0,0,0
82,29,2,2956.68706974436,940.799380004571,0,0,0,120,0,0,0
82,29,3,2846.23765551351,1497.68211911865,0,0,0,157,0,0,0
82,29,4,2744.87235878914,549.143157410345,0,0,0,111,0,0,0
82,29,5,2852.43353319917,1368.15627367216,0,0,0,83,0,0,0
82,29,6,3084.79695472642,1756.10307284242,0,0,0,87,0,0,0
82,29,7,21021.6195394547,10089.1263041256,25,0,0,310,0,0,0
82,29,8,0,4,0,0,0,0,0,0,0
82,30,1,2910.54820976231,1462.90150086495,0,0,0,60,0,0,0
82,30,2,2959.11185548004,907.492567917252,0,0,0,94,0,0,0
82,30,3,2865.3257707083,1313.00751218871,0,0,0,149,0,0,0
82,30,4,2731.94603573659,871.663041167926,0,0,0,54,0,0,0
82,30,5,2885.49297949574,831.742152061196,0,0,0,136,0,0,0
82,30,6,3130.5630072013,1805.94176214008,0,0,0,175,0,0,0
82,30,7,21078.6032564006,10337.6289078897,21,0,0,203,0,0,0
82,30,8,0,4,0,0,0,0,0,0,0
82,31,1,2928.69309915461,937.555289639536,0,0,0,146,0,0,0
82,31,2,2965.57663342578,827.6273598598,0,0,0,90,0,0,0
82,31,3,2866.41326118807,1246.56039456961,0,0,0,131,0,0,0
82,31,4,2731.22106570426,1307.67745474528,0,0,0,87,0,0,0
82,31,5,2889.70250911024,1625.37406796528,0,0,0,83,0,0,0
82,31,6,3172.46476015618,1697.75386849017,0,0,0,180,0,0,0
82,31,7,21140.2273074572,6351.25971587885,26,0,0,239,0,0,0
82,31,8,0,4,0,0,0,0,0,0,0
82,32,1,2932.69488636723,1618.62591911207,0,0,0,93,0,0,0
82,32,2,2953.81983046712,549.038213702256,0,0,0,82,0,0,0
82,32,3,2870.98305703339,1290.42556062576,0,0,0,124,0,0,0
82,32,4,2740.39915318642,1050.19259007017,0,0,0,130,0,0,0
82,32,5,2910.34105110811,718.030392080119,0,0,0,162,0,0,0
82,32,6,3219.38899452807,806.696963219678,0,0,0,169,0,0,0
82,32,7,21165.5507401419,5692.47138446038,54,0,0,186,0,0,0
82,32,8,0,4,0,0,0,0,0,0,0
82,33,1,2925.27751088377,1337.90591660161,0,72,0,89,0,0,0
82,33,2,2930.8136349976,1163.89279593729,0,23,0,31,0,0,0
82,33,3,2849.49415270298,777.368508918894,0,82,0,47,0,0,0
82,33,4,2720.48007015794,1515.15265969537,0,59,0,46,0,0,0
82,33,5,2892.22399889691,1463.46326954189,0,41,0,30,0,0,0
82,33,6,3212.26994326407,1301.39834788592,0,39,0,41,0,0,0
82,33,7,21199.491260164,14792.0485598989,0,285,0,284,0,0,0
82,33,8,0,4,0,0,0,0,0,0,0
82,34,1,2932.07455236345,1736.93941817706,0,0,0,133,0,0,0
82,34,2,2939.76035259596,1782.47434779133,0,0,0,116,0,0,0
82,34,3,2842.23588391445,1271.56248182918,0,0,0,77,0,0,0
82,34,4,2728.70876241938,487.271169365944,0,0,0,151,0,0,0
82,34,5,2912.41437242175,813.291066135184,0,0,0,146,0,0,0
82,34,6,3232.57418474784,1299.55022770102,0,0,0,130,0,0,0
82,34,7,21233.821935364,8921.03344917892,28,0,0,214,0,0,0
82,34,8,0,4,0,0,0,0,0,0,0
82,35,1,2959.03141850975,1096.92205641702,0,0,0,173,0,0,0
82,35,2,2964.04413203578,1220.84360644989,0,0,0,178,0,0,0
82,35,3,2851.24381389271,1460.62914061478,0,0,0,127,0,0,0
82,35,4,2719.75605992343,1799.82869358032,0,0,0,48,0,0,0
82,35,5,2917.0667670673,534.335204656819,0,0,0,81,0,0,0
82,35,6,3255.73542435391,1414.38021180391,0,0,0,129,0,0,0
82,35,7,21278.7456694814,4933.64209590889,55,0,0,210,0,0,0
82,35,8,0,4,0,0,0,0,0,0,0
82,36,1,2965.41507438431,1720.73691370446,0,0,0,109,0,0,0
82,36,2,2967.98251093684,1180.89819263275,0,0,0,122,0,0,0
82,36,3,2860.19774905976,1046.93349973806,1,0,0,144,0,0,0
82,36,4,2732.35324159707,775.612729337844,17,0,0,149,0,0,0
82,36,5,2913.61260393898,1274.37174311579,0,0,0,53,0,0,0
82,36,6,3277.57371021477,894.03816024379,0,0,0,141,0,0,0
82,36,7,21306.5045302813,13491.9808824302,172,0,0,180,0,0,0
82,36,8,0,4,0,0,0,0,0,0,0
82,37,1,2982.87443001822,809.828000623857,0,0,0,172,0,0,0
82,37,2,2974.58003904507,970.95755526319,0,0,0,118,0,0,0
82,37,3,2863.39598361232,1399.83065732808,0,0,0,104,0,0,0
82,37,4,2730.17269911259,643.156640767464,0,0,0,77,0,0,0
82,37,5,2922.08421881258,1134.39681466528,0,0,0,127,0,0,0
82,37,6,3289.32325896357,979.015838696662,0,0,0,89,0,0,0
82,37,7,21351.9320478442,10300.5510520403,35,0,0,226,0,0,0
82,37,8,0,4,0,0,0,0,0,0,0
82,38,1,2992.73160992345,1415.88154673513,0,0,0,80,0,0,0
82,38,2,2977.28411021031,473.223835870756,0,0,0,97,0,0,0
82,38,3,2882.06348159816,1608.86138816338,0,0,0,139,0,0,0
82,38,4,2725.11889401153,748.432714376244,0,0,0,64,0,0,0
82,38,5,2934.21356590506,1408.01548015591,0,0,0,113,0,0,0
82,38,6,3304.60491303077,2241.19405016769,0,0,0,97,0,0,0
82,38,7,21411.9068729994,8817.10359073039,60,0,0,183,0,0,0
82,38,8,0,4,0,0,0,0,0,0,0
82,39,1,3002.71071824088,741.205861646695,31,0,0,101,0,0,0
82,39,2,2961.68847923738,1290.47898801994,0,0,0,47,0,0,0
82,39,3,2893.157379434,1479.24653539414,12,0,0,145,0,0,0
82,39,4,2724.50619196327,636.808722250207,2,0,0,72,0,0,0
82,39,5,2945.78557170787,1416.72245812489,15,0,0,121,0,0,0
82,39,6,3328.89024084051,742.501101401268,71,0,0,131,0,0,0
82,39,7,21488.1854184074,10366.6018538312,379,0,0,389,0,0,0
82,39,8,0,4,0,0,0,0,0,0,0
82,40,1,3003.10917741907,1538.02744128976,0,0,0,74,0,0,0
82,40,2,2961.34257759975,736.746004354689,0,0,0,129,0,0,0
82,40,3,2901.7686077439,1427.24198725823,0,0,0,147,0,0,0
82,40,4,2706.72826321405,1264.17287283241,0,0,0,63,0,0,0
82,40,5,2972.16223826551,491.297379261612,0,0,0,141,0,0,0
82,40,6,3336.98164422739,865.788760315306,0,0,0,74,0,0,0
82,40,7,21534.8065471114,12585.3630085116,107,0,0,199,0,0,0
82,40,8,0,4,0,0,0,0,0,0,0
82,41,1,3011.63520212569,985.194388728128,0,0,0,153,0,0,0
82,41,2,2945.90161188419,1543.4075052766,0,0,0,73,0,0,0
82,41,3,2894.3318834187,1566.81695617774,0,0,0,142,0,0,0
82,41,4,2704.75700417021,876.279006171806,0,0,0,126,0,0,0
82,41,5,2963.40555197686,1288.81962983145,0,0,0,49,0,0,0
82,41,6,3341.96171911579,2063.64762686391,0,0,0,86,0,0,0
82,41,7,21574.2371513994,13736.7728156314,61,0,0,192,0,0,0
82,41,8,0,4,0,0,0,0,0,0,0
82,42,1,3000.86732355954,1430.81660433834,0,0,0,98,0,0,0
82,42,2,2946.35485218535,1393.45182274598,0,0,0,154,0,0,0
82,42,3,2886.95366646485,588.633910786524,0,0,0,156,0,0,0
82,42,4,2691.4251169933,815.32713087096,0,0,0,87,0,0,0
82,42,5,2970.48365470451,1290.011532707,0,0,0,128,0,0,0
82,42,6,3375.64121242486,1132.36337969233,0,0,0,192,0,0,0
82,42,7,21601.616107585,7105.120175428,71,0,0,209,0,0,0
82,42,8,0,4,0,0,0,0,0,0,0
82,43,1,2992.1147367599,1418.35025611429,0,66,0,77,0,0,0
82,43,2,2924.71186936051,641.126511669224,0,71,0,68,0,0,0
82,43,3,2856.85421276025,733.512142614147,0,27,0,31,0,0,0
82,43,4,2664.78477422855,764.012272334427,0,49,0,32,0,0,0
82,43,5,2965.16542225139,1045.83572900212,0,66,0,63,0,0,0
82,43,6,3373.07827643254,1138.1749441048,0,60,0,53,0,0,0
82,43,7,21698.2325916061,9125.98232792889,1,316,0,337,0,0,0
82,43,8,0,4,0,0,0,0,0,0,0
82,44,1,3020.31911330333,1579.03107904421,0,0,0,141,0,0,0
82,44,2,2918.70939569763,1991.81027525367,0,0,0,64,0,0,0
82,44,3,2849.21347505083,979.004809902634,0,0,0,73,0,0,0
82,44,4,2666.64812526569,1255.26115199763,0,0,0,76,0,0,0
82,44,5,2986.41595948449,1095.09095741181,0,0,0,104,0,0,0
82,44,6,3408.27727799469,1035.70691901618,0,0,0,113,0,0,0
82,44,7,21759.2380266294,6655.93008685388,29,0,0,189,0,0,0
82,44,8,0,4,0,0,0,0,0,0,0
82,45,1,3042.16094373282,951.597453358203,0,0,0,157,0,0,0
82,45,2,2935.24941318088,1128.83600989893,2,0,0,169,0,0,0
82,45,3,2847.64893347075,1426.21101676417,0,0,0,97,0,0,0
82,45,4,2676.75447458383,1124.44218794174,0,0,0,125,0,0,0
82,45,5,3000.51427759996,583.080651899384,0,0,0,109,0,0,0
82,45,6,3428.60147229869,1132.85306127522,0,0,0,103,0,0,0
82,45,7,21808.5367905366,11791.7785036861,39,0,0,213,0,0,0
82,45,8,0,4,0,0,0,0,0,0,0
82,46,1,3040.71445758342,972.406892857926,0,0,0,95,0,0,0
82,46,2,2929.25673139437,794.295874277012,0,0,0,112,0,0,0
82,46,3,2858.46666309647,1188.11788532909,0,0,0,142,0,0,0
82,46,4,2677.86678605186,1367.4974908634,0,0,0,112,0,0,0
82,46,5,2997.75824476028,1695.13966071596,0,0,0,58,0,0,0
82,46,6,3450.37092340188,2718.10394294068,0,0,0,113,0,0,0
82,46,7,21851.5379578966,8058.80909741131,35,0,0,223,0,0,1
82,46,8,0,4,0,0,0,0,0,0,0
82,47,1,3038.19908414584,1623.392410908,0,0,0,97,0,0,0
82,47,2,2921.51968984484,821.732522346279,0,0,0,79,0,0,0
82,47,3,2853.63639971364,1325.61559250492,0,0,0,118,0,0,0
82,47,4,2686.35983434286,1469.95943077205,0,0,0,136,0,0,0
82,47,5,3025.11125099072,1416.68925082237,0,0,0,169,0,0,0
82,47,6,3497.07853660701,1787.70154532441,26,0,0,174,0,0,0
82,47,7,21889.0887471026,5891.04788374158,149,0,0,187,0,0,2
82,47,8,0,4,0,0,0,0,0,0,0
82,48,1,3046.99784535753,788.346891837446,3,0,0,153,0,0,0
82,48,2,2914.48200146681,1787.90404536797,0,0,0,82,0,0,0
82,48,3,2850.46272304796,1585.68817811729,0,0,0,132,0,0,0
82,48,4,2692.36262748581,958.72751340901,0,0,0,146,0,0,0
82,48,5,3039.8503863567,842.379887565209,0,0,0,141,0,0,0
82,48,6,3536.38727669073,1759.06561640346,0,0,0,178,0,0,0
82,48,7,21918.245352645,6140.93829396369,151,0,0,180,0,0,0
82,48,8,0,4,0,0,0,0,0,0,0
82,49,1,3043.92612717085,893.570653916722,0,0,0,78,0,0,0
82,49,2,2930.17310343134,1004.67936218015,0,0,0,178,0,0,0
82,49,3,2856.17027678594,930.807361963875,0,0,0,158,0,0,0
82,49,4,2691.39776189083,1160.55911693746,0,0,0,95,0,0,0
82,49,5,3035.7057371063,984.008145682928,0,0,0,84,0,0,0
82,49,6,3584.89181409114,2137.91562137527,0,0,0,175,0,0,0
82,49,7,21952.7309002878,4781.83223219054,180,0,0,150,0,0,4
82,49,8,0,4,0,0,0,0,0,0,0
82,50,1,3045.95431036459,776.004579901266,0,0,0,89,0,0,0
82,50,2,2928.1697107251,1934.05149994434,0,0,0,100,0,0,0
82,50,3,2855.00093662454,776.46334409486,0,0,0,93,0,0,0
82,50,4,2694.00220556893,845.860408412003,0,0,0,116,0,0,0
82,50,5,3041.32503686838,1978.0689716009,0,0,0,98,0,0,0
82,50,6,3622.60221924486,1415.47746430854,18,0,0,163,0,0,0
82,50,7,21994.0540118961,10077.8547189273,110,0,0,178,0,0,0
82,50,8,0,4,0,0,0,0,0,0,0
82,51,1,3047.38992973943,832.860124897479,0,0,0,77,0,0,0
82,51,2,2957.54035324417,1669.09537258073,0,0,0,172,0,0,0
82,51,3,2843.43727530628,1003.77015454456,0,0,0,77,0,0,0
82,51,4,2689.78778168679,739.296661249494,0,0,0,84,0,0,0
82,51,5,3094.22557926703,629.715507325911,0,0,0,197,0,0,0
82,51,6,3670.05162566069,1214.34120072455,0,0,0,141,0,0,0
82,51,7,22108.710062572,4788.28309663789,0,32,0,266,0,0,0
82,51,8,0,4,0,0,0,0,0,0,0
82,52,1,3023.91639467593,999.424274686886,0,56,0,27,0,0,0
82,52,2,2938.42832029019,754.931192105538,0,91,0,75,0,0,0
82,52,3,2823.34867412457,1002.1867488632,0,54,0,46,0,0,0
82,52,4,2664.77038300703,1142.13424972298,0,36,0,37,0,0,0
82,52,5,3071.89489109106,1586.50917858437,0,29,0,33,0,0,0
82,52,6,3668.74565710975,1674.33195946881,0,70,0,51,0,0,0
82,52,7,22159.9473454021,15674.568857059,0,244,0,234,0,0,0
82,52,8,0,4,0,0,0,0,0,0,0
82,53,1,3029.97625026842,1271.77550632691,0,0,0,99,0,0,0
82,53,2,2928.17815489076,1901.92293306253,0,0,0,75,0,0,0
82,53,3,2818.12042389491,966.386066336149,0,0,0,100,0,0,0
82,53,4,2667.55177472731,983.486376037722,0,0,0,114,0,0,0
82,53,5,3087.27959952044,1544.7772876865,0,0,0,158,0,0,0
82,53,6,3703.96843428049,1184.27235102449,0,0,0,167,0,0,0
82,53,7,22198.2731182021,10724.9603469981,28,0,0,235,0,0,0
82,53,8,0,4,0,0,0,0,0,0,0
82,54,1,3052.05037665361,593.395177730614,0,0,0,127,0,0,0
82,54,2,2956.69337878891,1201.13324692832,0,0,0,190,0,0,0
82,54,3,2813.79107684776,1235.95033074934,0,0,0,96,0,0,0
82,54,4,2665.91564237894,1183.3783025189,0,0,0,98,0,0,0
82,54,5,3109.63069447201,1202.62902173824,0,0,0,154,0,0,0
82,54,6,3724.07390165611,2166.29086414525,0,0,0,118,0,0,0
82,54,7,22264.2352526687,11250.9133092518,20,0,0,245,0,0,0
82,54,8,0,4,0,0,0,0,0,0,0
82,55,1,3054.53117716938,934.385089844431,0,0,0,59,0,0,0
82,55,2,2970.35774147541,2015.35780973178,0,0,0,120,0,0,0
82,55,3,2814.21934161602,1195.27974187905,0,0,0,123,0,0,0
82,55,4,2672.43748178656,981.180459190706,0,0,0,118,0,0,0
82,55,5,3121.66746633651,900.248804532466,0,0,0,120,0,0,0
82,55,6,3783.81803850049,1776.33329892668,0,0,0,191,0,0,2
82,55,7,22335.2935901936,10340.7208590678,29,0,0,240,0,0,1
82,55,8,0,4,0,0,0,0,0,0,0
82,56,1,3070.69735989205,2087.80441063069,0,0,0,93,0,0,0
82,56,2,3008.5958740907,1251.67573099085,0,0,0,201,0,0,0
82,56,3,2825.79987837901,1256.18720483731,0,0,0,119,0,0,0
82,56,4,2674.07394920709,1343.65051514868,0,0,0,98,0,0,0
82,56,5,3128.71666515871,1160.14917840155,0,0,0,90,0,0,0
82,56,6,3838.10933269704,1489.18491459898,0,0,0,177,0,0,0
82,56,7,22403.7842546652,10502.5304137557,45,0,0,189,0,0,1
82,56,8,0,4,0,0,0,0,0,0,0
82,57,1,3103.19551671952,2193.24453188087,0,0,0,195,0,0,0
82,57,2,3035.01809124298,712.769141926895,0,0,0,125,0,0,0
82,57,3,2842.77574043567,1714.87039268487,0,0,0,125,0,0,0
82,57,4,2689.91423914717,865.281782243905,0,0,0,134,0,0,0
82,57,5,3152.57228620732,1447.1422087535,0,0,0,116,0,0,0
82,57,6,3886.71094933923,342.890116587484,0,0,0,148,0,0,0
82,57,7,22472.368647623,12807.8149603442,46,0,0,242,0,0,0
82,57,8,0,4,0,0,0,0,0,0,0
82,58,1,3129.12395527957,2524.28883877401,1,0,0,176,0,0,2
82,58,2,3023.6500452407,1056.52442302928,0,0,0,71,0,0,0
82,58,3,2851.35456746436,1135.91180551854,0,0,0,169,0,0,0
82,58,4,2687.52294686286,574.09727580169,0,0,0,86,0,0,0
82,58,5,3174.21727262612,497.5602835102,0,0,0,144,0,0,0
82,58,6,3878.1535940199,1190.15588132031,0,0,0,34,0,0,0
82,58,7,22511.3336178434,7148.20485699503,46,0,0,192,0,0,1
82,58,8,0,4,0,0,0,0,0,0,0
82,59,1,3135.12443524701,1607.37282499423,0,118,0,134,0,0,0
82,59,2,3012.14276998475,1710.25750354778,0,48,0,57,0,0,0
82,59,3,2826.21996869135,1214.96772361379,0,55,0,58,0,0,0
82,59,4,2661.27680953521,1296.69950191358,0,34,0,23,0,0,0
82,59,5,3158.11557429737,256.344582216551,0,26,0,23,0,0,0
82,59,6,3873.88606269259,1335.41143057448,0,68,0,51,0,0,0
82,59,7,22551.55591699,8930.79141505752,1,206,0,280,0,0,6
82,59,8,0,4,0,0,0,0,0,0,0
82,60,1,3182.16206640145,1007.34840067856,0,0,0,160,0,0,0
82,60,2,3078.23929052375,501.578886070641,0,0,0,171,0,0,0
82,60,3,2853.2814305537,1426.69535041262,0,0,0,121,0,0,0
82,60,4,2692.64413455307,937.209128099353,0,0,0,129,0,0,0
82,60,5,3147.79299655333,945.585972329572,0,0,0,25,0,0,0
82,60,6,3946.46411791251,1083.13007096763,0,0,0,133,0,0,0
82,60,7,22655.0930650957,9226.43094182651,30,0,0,192,0,0,0
82,60,8,0,4,0,0,0,0,0,0,0
82,61,1,3211.60997826157,1417.54479038403,0,0,0,100,0,0,0
82,61,2,3090.15256906058,967.310979905063,0,0,0,50,0,0,0
82,61,3,2899.61483631081,1360.16135113868,0,0,0,142,0,0,0
82,61,4,2709.69093826525,1683.62476305474,0,0,0,93,0,0,0
82,61,5,3177.94978176282,799.689051336462,0,0,0,94,0,0,0
82,61,6,4009.90333172819,1369.54575814453,0,0,0,108,0,0,0
82,61,7,22808.2383825693,6607.16675774181,20,0,0,238,0,0,6
82,61,8,0,4,0,0,0,0,0,0,0
82,62,1,3236.96241004042,1154.24134376692,0,0,0,141,0,0,0
82,62,2,3094.2476926442,1515.09758348741,0,0,0,96,0,0,0
82,62,3,2910.43114777836,533.448950162547,0,0,0,136,0,0,0
82,62,4,2737.47523383307,748.52178516024,0,0,0,168,0,0,0
82,62,5,3188.0930661314,1146.16240841862,0,0,0,79,0,0,0
82,62,6,4057.49347466772,1685.74596195136,0,0,0,136,0,0,0
82,62,7,22851.9450374199,10110.0201787437,91,0,0,159,0,0,0
82,62,8,0,4,0,0,0,0,0,0,0
82,63,1,3267.72399952322,1573.46555522145,0,0,0,115,0,0,0
82,63,2,3162.85518288188,1621.5946538961,0,0,0,151,0,0,0
82,63,3,2910.38772071031,1194.02012155545,0,0,0,53,0,0,0
82,63,4,2746.31737699276,1532.49285250259,0,0,0,74,0,0,0
82,63,5,3242.11470003095,810.70625702461,0,0,0,114,0,0,0
82,63,6,4168.00482787079,1337.12664583602,0,0,0,168,0,0,0
82,63,7,23011.7199109141,15399.6688667178,45,0,0,205,0,0,0
82,63,8,0,4,0,0,0,0,0,0,0
82,64,1,3284.35497538174,1789.21693354476,0,0,0,157,0,0,0
82,64,2,3176.59309394817,1214.5991159503,0,0,0,162,0,0,0
82,64,3,2916.55506927001,928.450849083504,0,0,0,119,0,0,0
82,64,4,2747.43553050273,1059.00850380707,0,0,0,153,0,0,0
82,64,5,3239.78078567629,1806.59037243536,0,0,0,81,0,0,0
82,64,6,4204.75461554558,1724.59746176385,0,0,0,133,0,0,0
82,64,7,23065.2438488979,7185.57064536179,30,0,0,310,0,0,0
82,64,8,0,4,0,0,0,0,0,0,0
82,65,1,3323.96731881784,1103.44570126019,0,0,0,178,0,0,0
82,65,2,3190.81653523142,1275.81903412865,0,0,0,121,0,0,0
82,65,3,2919.16132232718,1427.24226109754,0,0,0,92,0,0,0
82,65,4,2750.15517629505,907.929540505336,0,0,0,105,0,0,0
82,65,5,3277.30309759777,1451.97934150178,0,0,0,180,0,0,0
82,65,6,4270.8355530211,1683.72484874885,0,0,0,172,0,0,0
82,65,7,23123.2953991792,7136.05612911927,59,0,0,192,0,0,0
82,65,8,0,4,0,0,0,0,0,0,0
82,66,1,3337.30397784554,653.792959004825,0,0,0,110,0,0,0
82,66,2,3202.72920243173,1015.80230625105,0,0,0,127,0,0,0
82,66,3,2926.14171294044,915.332951722266,0,0,0,142,0,0,0
82,66,4,2749.65762166719,1991.74526298364,0,0,0,90,0,0,0
82,66,5,3289.04603659805,1059.06158543125,0,0,0,145,0,0,0
82,66,6,4327.73304239388,1064.22107521587,1,0,0,163,0,0,0
82,66,7,23168.1904219278,12601.8575136096,98,0,0,206,0,0,0
82,66,8,0,4,0,0,0,0,0,0,0
82,67,1,3326.94997509333,868.839700267848,0,0,0,65,0,0,0
82,67,2,3199.61868424914,1960.65981838601,0,0,0,101,0,0,0
82,67,3,2913.92700442348,1719.74405474586,0,0,0,91,0,0,0
82,67,4,2765.30480448052,878.646249723966,0,0,0,199,0,0,0
82,67,5,3285.78527198113,1757.18700689561,0,0,0,105,0,0,0
82,67,6,4345.73216948343,2438.19973686043,0,0,0,106,0,0,0
82,67,7,23199.6564256705,12314.9012685287,44,0,0,203,0,0,0
82,67,8,0,4,0,0,0,0,0,0,0
82,68,1,3327.82588025432,1986.63027703158,0,0,0,86,0,0,0
82,68,2,3245.49018292737,1111.90365042293,0,0,0,196,0,0,0
82,68,3,2961.65391022122,1179.4605768697,0,0,0,171,0,0,0
82,68,4,2762.94734361068,1631.45073598222,0,0,0,87,0,0,0
82,68,5,3334.92541238342,1468.42336455747,0,0,0,175,0,0,0
82,68,6,4445.4352726808,2414.11891015727,0,0,0,213,0,0,0
82,68,7,23294.9056301974,8579.06775891565,0,48,0,198,0,0,0
82,68,8,0,4,0,0,0,0,0,0,0
82,69,1,3348.43496857455,1498.14872803344,0,19,0,139,0,0,0
82,69,2,3241.49835101615,837.10268790912,0,0,0,111,0,0,0
82,69,3,2958.09940344638,563.709280170594,0,0,0,117,0,0,0
82,69,4,2774.22399355693,1063.13939655107,0,2,0,157,0,0,0
82,69,5,3350.47406939958,1299.83088331052,0,6,0,128,0,0,0
82,69,6,4483.583037848,1355.40480532994,0,24,0,169,0,0,0
82,69,7,23335.3264528491,4685.39160694265,0,210,0,226,0,0,0
82,69,8,0,4,0,0,0,0,0,0,0
82,70,1,3367.11867346289,1042.86633791612,0,0,0,148,0,0,0
82,70,2,3224.96244777292,1096.31644325967,0,0,0,83,0,0,0
82,70,3,2937.65281927792,424.984986254974,0,0,0,56,0,0,0
82,70,4,2762.51707357954,1788.94882142199,0,0,0,106,0,0,0
82,70,5,3352.72514195417,1296.49766334117,0,0,0,129,0,0,0
82,70,6,4509.50633237674,1861.72023600964,0,0,0,135,0,0,0
82,70,7,23370.2356998376,7558.36868234857,81,0,0,157,0,0,0
82,70,8,0,4,0,0,0,0,0,0,0
82,71,1,3381.6707002239,1246.87425075993,0,0,0,104,0,0,0
82,71,2,3230.31208546923,1057.47261198057,0,0,0,109,0,0,0
82,71,3,2917.4276355978,649.364018713364,0,0,0,42,0,0,0
82,71,4,2782.27436948906,1342.10519477162,0,0,0,178,0,0,0
82,71,5,3354.16228589553,1616.97184399374,0,0,0,129,0,0,0
82,71,6,4599.50588584582,1934.25284839505,0,0,0,186,0,0,0
82,71,7,23434.1714864718,9901.79169797918,27,0,0,199,0,0,0
82,71,8,0,4,0,0,0,0,0,0,0
82,72,1,3386.01920543205,1810.63331353025,0,0,0,124,0,0,0
82,72,2,3223.88311377551,1813.4979641971,0,0,0,105,0,0,0
82,72,3,2899.49788634564,901.009079063347,0,0,0,64,0,0,0
82,72,4,2783.69774976497,951.13621265463,0,0,0,134,0,0,0
82,72,5,3373.78633843963,1741.2439598393,0,0,0,161,0,0,0
82,72,6,4648.50272951477,2158.37755084425,0,0,0,187,0,0,0
82,72,7,23474.3975269776,10893.7384236622,0,49,0,187,0,0,0
82,72,8,0,4,0,0,0,0,0,0,0
82,73,1,3398.81390585362,1408.90599005995,0,79,0,94,0,0,0
82,73,2,3214.03986049356,955.074271264532,0,61,0,114,0,0,0
82,73,3,2894.22898089627,1317.0269862615,0,20,0,68,0,0,0
82,73,4,2764.91279957663,711.951929269788,0,38,0,53,0,0,0
82,73,5,3392.24238088908,935.372733062696,0,60,0,108,0,0,0
82,73,6,4679.39637019374,2574.5775749755,0,107,0,98,0,0,0
82,73,7,23611.0036951478,13486.3597460236,1,324,0,303,0,0,0
82,73,8,0,4,0,0,0,0,0,0,0
82,74,1,3424.7413493799,981.834281379087,0,0,0,140,0,0,0
82,74,2,3219.00831153766,723.266201723121,0,0,0,95,0,0,0
82,74,3,2892.46573821327,694.859155041219,0,0,0,131,0,0,0
82,74,4,2751.97799446695,1780.98023616214,0,0,0,71,0,0,0
82,74,5,3398.14267905423,1022.16945286867,0,0,0,93,0,0,0
82,74,6,4757.12071930848,1914.21290359709,1,0,0,215,0,0,0
82,74,7,23664.3364708035,6706.47547255197,26,1,0,243,0,0,0
82,74,8,0,4,0,0,0,0,0,0,0
82,75,1,3437.02844892017,1209.06730497974,0,0,0,98,0,0,0
82,75,2,3218.20411263685,639.785866053429,0,0,0,72,0,0,0
82,75,3,2879.1931100273,1139.98615129569,0,0,0,69,0,0,0
82,75,4,2774.81918165547,1156.59355803187,0,0,0,178,0,0,0
82,75,5,3416.84357455814,1955.28634696459,0,0,0,102,0,0,0
82,75,6,4859.65306140304,2813.75555266232,0,0,0,191,0,0,0
82,75,7,23754.9272479841,15336.6202805115,64,0,0,212,0,0,0
82,75,8,0,4,0,0,0,0,0,0,0
82,76,1,3452.13556553235,1818.09131873525,0,0,0,120,0,0,0
82,76,2,3208.66624171028,2199.30401576809,0,0,0,63,0,0,0
82,76,3,2868.29933256441,927.377351656509,0,0,0,113,0,0,0
82,76,4,2774.3683114214,1286.31711664737,0,0,0,115,0,0,0
82,76,5,3431.45339934334,1213.82243659546,0,0,0,194,0,0,0
82,76,6,4932.78345335645,1249.67381146344,1,0,0,205,0,0,0
82,76,7,23844.4360890751,8824.74550211536,32,0,0,375,0,0,0
82,76,8,0,4,0,0,0,0,0,0,0
82,77,1,3510.01784134737,671.262348247583,0,0,0,181,0,0,0
82,77,2,3256.64966400216,1921.48304576264,0,0,0,182,0,0,8
82,77,3,2864.93962036421,1157.6620144503,0,0,0,92,0,0,0
82,77,4,2777.68350340124,1421.52091159242,0,0,0,128,0,0,0
82,77,5,3462.30243155059,1279.20067519548,0,0,0,121,0,0,0
82,77,6,4982.808296328,2266.25724182314,0,0,0,124,0,0,0
82,77,7,23914.7020468049,10853.1971777069,51,0,0,169,0,0,0
82,77,8,0,4,0,0,0,0,0,0,0
82,78,1,3517.90834380278,2067.3334146215,0,0,0,67,0,0,0
82,78,2,3324.365346068,1924.9487146375,0,0,0,192,0,0,0
82,78,3,2890.1981934092,1100.62066467004,0,0,0,115,0,0,0
82,78,4,2798.32354342624,1559.40969678927,0,0,0,142,0,0,0
82,78,5,3507.30734184564,2307.46592637333,0,0,0,127,0,0,0
82,78,6,5094.50115969778,1252.95462398695,2,0,0,182,0,0,0
82,78,7,24046.0061268308,10530.4001036467,45,0,0,177,0,0,0
82,78,8,0,4,0,0,0,0,0,0,0
82,79,1,3571.19931203006,1402.78203328824,0,0,0,206,0,0,0
82,79,2,3370.01054536584,1347.42377831314,0,0,0,178,0,0,0
82,79,3,2910.38381704903,1664.13795506468,0,0,0,110,0,0,0
82,79,4,2810.96444842991,995.170798763261,0,0,0,155,0,0,0
82,79,5,3565.53946126938,2302.0143657231,0,0,0,202,0,0,5
82,79,6,5186.01272565256,1902.2053084601,0,0,0,125,0,0,0
82,79,7,24161.9383357224,7597.14745362729,42,0,0,267,0,0,6
82,79,8,0,4,0,0,0,0,0,0,0
82,80,1,3602.15125436948,983.739333930079,0,3,0,135,0,0,0
82,80,2,3383.21589965357,1408.48396237563,0,2,0,130,0,0,0
82,80,3,2929.87312694749,1380.89585447451,0,27,0,123,0,0,0
82,80,4,2808.48751414305,1949.64664259472,0,0,0,99,0,0,0
82,80,5,3604.05068356431,1827.29575937252,0,32,0,179,0,0,0
82,80,6,5248.39619409654,2771.76440545624,0,33,0,137,0,0,0
82,80,7,24202.5022772594,13912.4340383071,5,180,0,167,0,0,2
82,80,8,0,4,0,0,0,0,0,0,0
82,81,1,3595.84357449785,640.472582964082,0,0,0,98,0,0,0
82,81,2,3394.62531113816,1916.48874175078,0,0,0,140,0,0,0
82,81,3,2939.18773269296,1064.56706241899,0,0,0,138,0,0,0
82,81,4,2830.87423180978,1830.9704383751,0,0,0,194,0,0,0
82,81,5,3629.53437176617,932.367591948098,0,0,0,182,0,0,0
82,81,6,5346.72664244915,1864.61548508211,1,0,0,210,0,0,0
82,81,7,24247.9858153641,5818.22736017168,27,1,0,194,0,0,0
82,81,8,0,4,0,0,0,0,0,0,0
82,82,1,3579.83404834597,1862.32098239056,0,0,0,64,0,0,0
82,82,2,3392.44088617946,896.003975986615,12,0,0,160,0,0,0
82,82,3,2937.11202576815,805.833634541337,0,0,0,106,0,0,0
82,82,4,2848.94271382575,1158.67914168021,7,0,0,164,0,0,0
82,82,5,3632.68608239172,1152.78691140746,0,0,0,93,0,0,0
82,82,6,5387.91796866914,1328.64078982044,13,0,0,152,0,0,0
82,82,7,24304.0496005108,7455.23454450412,129,0,0,246,0,0,0
82,82,8,0,4,0,0,0,0,0,0,0
82,83,1,3593.69008678389,961.39149440522,0,0,0,186,0,0,0
82,83,2,3373.11209948193,1025.04478444774,0,0,0,89,0,0,0
82,83,3,2914.13011850352,1738.63465809379,0,0,0,80,0,0,0
82,83,4,2854.58142032059,1037.75283006936,0,0,0,115,0,0,0
82,83,5,3639.14092192527,1577.57020444105,0,0,0,115,0,0,0
82,83,6,5436.76504427549,2497.76058747977,0,0,0,132,0,0,0
82,83,7,24340.9237850429,12358.0683904041,80,0,0,184,0,0,0
82,83,8,0,4,0,0,0,0,0,0,0
82,84,1,3599.52656487172,1433.17896959044,0,0,0,96,0,0,0
82,84,2,3378.34057009524,1686.71076405854,0,0,0,102,0,0,0
82,84,3,2922.52898096899,1066.17518038968,0,0,0,173,0,0,0
82,84,4,2870.27109896762,1305.30921228755,0,0,0,103,0,0,0
82,84,5,3686.66808475233,2282.20820043063,0,0,0,157,0,0,0
82,84,6,5537.6795388721,3446.90423052527,0,0,0,230,0,0,0
82,84,7,24429.418692667,5491.41210678237,5,24,0,213,0,0,0
82,84,8,0,4,0,0,0,0,0,0,0
82,85,1,3585.75925084851,2394.03602003105,0,76,0,67,0,0,0
82,85,2,3359.90353083518,1437.54535564741,0,82,0,86,0,0,0
82,85,3,2888.37510224965,1495.42392240201,0,46,0,60,0,0,0
82,85,4,2849.89280969406,839.706010669537,0,82,0,48,0,0,0
82,85,5,3686.36761988532,1983.68586508792,0,111,0,117,0,0,0
82,85,6,5559.91650926176,1752.62031052009,0,180,0,164,0,0,0
82,85,7,24461.8111499856,12926.1702538898,2,200,0,224,0,0,0
82,85,8,0,4,0,0,0,0,0,0,0
82,86,1,3623.58055450128,2149.05110398088,0,0,0,235,0,0,0
82,86,2,3371.76165015751,1816.40837287671,0,0,0,143,0,0,0
82,86,3,2904.91318447859,1286.23996632081,0,0,0,149,0,0,0
82,86,4,2855.75821451156,1191.46307821621,0,0,0,83,0,0,0
82,86,5,3739.32011573753,1381.45929903872,0,0,0,197,0,0,0
82,86,6,5630.09420483922,1807.59826757692,0,0,0,175,0,0,0
82,86,7,24510.7845477614,8663.49083434321,25,1,0,225,0,0,0
82,86,8,0,4,0,0,0,0,0,0,0
82,87,1,3670.16545603908,1579.35159869586,1,0,0,186,0,0,0
82,87,2,3421.39009676693,1814.29954926935,0,0,0,177,0,0,0
82,87,3,2925.94406160078,154.949170208666,0,0,0,128,0,0,0
82,87,4,2879.62963032404,1481.5468901207,0,0,0,119,0,0,0
82,87,5,3784.68467785167,559.498509444206,0,0,0,138,0,0,0
82,87,6,5747.4342666714,1514.07192592704,0,0,0,180,0,0,0
82,87,7,24624.7454185777,14090.3390960895,41,0,0,226,0,0,0
82,87,8,0,4,0,0,0,0,0,0,0
82,88,1,3687.57153790895,1652.29426072618,0,0,0,157,0,0,0
82,88,2,3437.71828550176,1014.0632266098,0,0,0,176,0,0,0
82,88,3,2905.16868743816,1243.6975947165,0,0,0,15,0,0,0
82,88,4,2885.99070090799,883.566791447703,0,0,0,148,0,0,0
82,88,5,3778.66413291806,2467.83702245763,0,0,0,55,0,0,0
82,88,6,5807.3882936087,1657.05843591107,0,0,0,151,0,0,0
82,88,7,24678.6732122688,15303.2673978037,38,0,0,213,0,0,2
82,88,8,0,4,0,0,0,0,0,0,0
82,89,1,3716.98018627409,1195.08064753641,0,0,0,165,0,0,0
82,89,2,3445.15977642704,1966.15568058909,0,0,0,101,0,0,0
82,89,3,2907.54246904874,588.322237201845,0,0,0,124,0,0,0
82,89,4,2890.53785839775,1655.50404146434,0,0,0,88,0,0,0
82,89,5,3851.70586216633,2029.79363833283,0,0,0,246,0,0,0
82,89,6,5870.02921658881,3350.46244088626,0,0,0,165,0,0,0
82,89,7,24737.1896124106,16152.1097209433,33,0,0,251,0,0,1
82,89,8,0,4,0,0,0,0,0,0,0
82,90,1,3726.07288800972,1131.37321338853,0,0,0,119,0,0,0
82,90,2,3472.13347930878,1417.27319136946,0,0,0,196,0,0,0
82,90,3,2903.62528036764,1111.61428169318,0,0,0,58,0,0,0
82,90,4,2906.84189532795,1049.30096932914,0,0,0,165,0,0,0
82,90,5,3892.07318283503,1605.04805101294,0,0,0,184,0,0,0
82,90,6,5957.12588404703,4407.50930404959,2,0,0,196,0,0,4
82,90,7,24786.2790565848,12072.5617001734,34,0,0,253,0,0,3
82,90,8,0,4,0,0,0,0,0,0,0
82,91,1,3728.70298202424,1999.25542435206,0,0,0,113,0,0,0
82,91,2,3492.06114469719,1559.89794941047,0,0,0,141,0,0,0
82,91,3,2913.07879585294,739.157025844126,0,0,0,111,0,0,0
82,91,4,2916.11057474323,954.61176458661,0,0,0,104,0,0,0
82,91,5,3902.23163948162,2139.48417260922,0,0,0,160,0,0,0
82,91,6,6023.8613603295,3783.37200160384,66,0,0,168,0,0,0
82,91,7,24823.5607587118,5341.28213542703,173,2,0,186,0,0,10
82,91,8,0,4,0,0,0,0,0,0,0
82,92,1,3762.67434820155,1434.53348627963,26,0,0,133,0,0,0
82,92,2,3515.48378985697,1446.28997272499,1,0,0,152,0,0,0
82,92,3,2912.86914013102,1086.45933810074,0,0,0,73,0,0,0
82,92,4,2923.92941352374,1402.73015273946,0,0,0,95,0,0,0
82,92,5,3976.11159597118,1135.36875156593,18,0,0,168,0,0,0
82,92,6,6118.62310429405,2968.22993973188,84,0,0,168,0,0,0
82,92,7,24878.0923792807,14425.945241691,144,0,0,173,0,0,0
82,92,8,0,4,0,0,0,0,0,0,0
82,93,1,3788.91822920093,1687.17853676695,0,0,0,143,0,0,0
82,93,2,3523.88778832794,1127.65603086435,0,0,0,144,0,0,0
82,93,3,2919.53430466727,681.632828140531,0,0,0,108,0,0,0
82,93,4,2941.88936253216,1668.05661949058,0,0,0,140,0,0,0
82,93,5,4013.90133299393,987.399411600111,0,0,0,113,0,0,0
82,93,6,6219.10756694361,4098.81140871636,3,0,0,186,0,0,0
82,93,7,24924.3734231688,14462.9734182074,37,0,0,199,0,0,0
82,93,8,0,4,0,0,0,0,0,0,0
82,94,1,3802.74308862741,1663.949142203,0,0,0,168,0,0,0
82,94,2,3519.43220370936,1135.71611232665,0,0,0,112,0,0,0
82,94,3,2915.96295098893,1799.5993457593,0,0,0,68,0,0,0
82,94,4,2949.78038249313,1475.17159435735,0,0,0,166,0,0,0
82,94,5,4019.72162759181,1631.75916633417,0,0,0,98,0,0,0
82,94,6,6321.1593501359,4588.2464546094,0,12,0,189,0,0,0
82,94,7,24958.5188511899,8509.95679514907,0,71,0,201,0,0,0
82,94,8,0,4,0,0,0,0,0,0,0
82,95,1,3802.71767250664,898.403374046302,0,0,0,166,0,0,0
82,95,2,3513.1772706501,1320.63793837735,0,0,0,113,0,0,0
82,95,3,2939.41847741801,719.354794478209,0,0,0,179,0,0,0
82,95,4,2960.53850658754,525.654592207793,0,0,0,147,0,0,0
82,95,5,4055.68980225333,1402.9880186817,0,0,0,163,0,0,0
82,95,6,6490.27877399917,1869.35525104828,12,0,0,259,0,0,1
82,95,7,25015.9254291597,13742.9627503117,43,0,0,197,0,0,0
82,95,8,0,4,0,0,0,0,0,0,0
82,96,1,3776.10571932694,2296.07602075057,0,0,0,89,0,0,0
82,96,2,3495.93322427385,768.813648560884,0,0,0,132,0,0,0
82,96,3,2909.79858885222,1633.48787998316,0,0,0,71,0,0,0
82,96,4,2941.85557779507,897.06813374218,0,0,0,52,0,0,0
82,96,5,4076.41838996548,1396.19678941678,0,0,0,140,0,0,0
82,96,6,6560.29017957478,2574.54748809481,0,0,0,185,0,0,0
82,96,7,25068.6464160026,6231.27073040227,0,39,0,288,0,0,0
82,96,8,0,4,0,0,0,0,0,0,0
82,97,1,3790.88034078176,1902.20307727683,0,65,0,138,0,0,0
82,97,2,3469.5367917206,859.330935176308,0,0,0,76,0,0,0
82,97,3,2938.45784351962,574.498648746274,0,25,0,128,0,0,0
82,97,4,2937.80375225376,1406.74818760262,0,0,0,89,0,0,0
82,97,5,4094.56238888177,1742.33396276993,0,11,0,124,0,0,0
82,97,6,6665.16373426161,4328.52005401662,0,57,0,177,0,0,0
82,97,7,25216.7571640516,17190.5889975104,0,234,0,295,0,0,0
82,97,8,0,4,0,0,0,0,0,0,0
82,98,1,3806.02191760706,1482.85249099912,0,0,0,190,0,0,0
82,98,2,3426.07534362151,924.268385045177,0,0,0,85,0,0,0
82,98,3,2916.10643925961,586.078255471013,0,0,0,57,0,0,0
82,98,4,2937.34323207608,1861.25851332827,0,0,0,140,0,0,0
82,98,5,4118.13036597201,2002.92203247245,0,0,0,174,0,0,0
82,98,6,6770.35622104537,2492.79475703987,5,0,0,188,0,0,0
82,98,7,25266.2475282927,12992.6040494015,24,4,0,250,0,0,0
82,98,8,0,4,0,0,0,0,0,0,0
82,99,1,3819.67934769359,1494.72563847864,0,0,0,148,0,0,0
82,99,2,3410.66033956672,1278.47504821927,0,0,0,92,0,0,0
82,99,3,2893.71833208767,1335.34362101787,0,0,0,58,0,0,0
82,99,4,2960.25407286496,1409.50252880602,0,0,0,186,0,0,0
82,99,5,4164.23329453556,1478.04252438691,0,0,0,180,0,0,0
82,99,6,6870.89989368435,3240.67263982956,1,0,0,213,0,0,0
82,99,7,25338.0365784982,16583.1364599986,46,0,0,261,0,0,0
82,99,8,0,4,0,0,0,0,0,0,0
82,100,1,3831.32928006347,772.524181394269,0,0,0,149,0,0,0
82,100,2,3414.99980163494,737.439511774337,0,0,0,127,0,0,0
82,100,3,2890.4869183124,1162.21345299342,0,0,0,133,0,0,0
82,100,4,2960.74115233995,1191.00675148334,0,0,0,140,0,0,0
82,100,5,4180.57579839845,2361.93647777303,0,0,0,147,0,0,0
82,100,6,7006.29995192178,1863.99677647636,0,3,0,237,0,0,0
82,100,7,25379.2882639151,13466.2709360481,0,49,0,201,0,0,0
82,100,8,0,4,0,0,0,0,0,0,0
83,1,1,2827.32,789.901127521455,0,0,0,99,0,0,0
83,1,2,2830.496,1930.26031458158,0,0,0,95,0,0,0
83,1,3,2812.784,977.281114303923,0,0,0,8,0,0,0
83,1,4,2814.77568,764.643748124131,0,0,0,19,0,0,0
83,1,5,2815.968,1741.58649299875,0,0,0,45,0,0,0
83,1,6,2816.944,1418.44395878615,0,0,0,47,0,0,0
83,1,7,20130.0063999999,9191.40679996745,0,0,0,56,0,0,0
83,1,8,0,0,0,0,0,65,0,0,0
83,2,1,NA,NA,NA,NA,NA,NA,NA,NA,NA
83,2,2,NA,NA,NA,NA,NA,NA,NA,NA,NA
83,2,3,NA,NA,NA,NA,NA,NA,NA,NA,NA
83,2,4,NA,NA,NA,NA,NA,NA,NA,NA,NA
83,2,5,NA,NA,NA,NA,NA,NA,NA,NA,NA
83,2,6,NA,NA,NA,NA,NA,NA,NA,NA,NA
83,2,7,NA,NA,NA,NA,NA,NA,NA,NA,NA
83,2,8,NA,NA,NA,NA,NA,NA,NA,NA,NA
83,3,1,NA,NA,NA,NA,NA,NA,NA,NA,NA
83,3,2,NA,NA,NA,NA,NA,NA,NA,NA,NA
83,3,3,NA,NA,NA,NA,NA,NA,NA,NA,NA
83,3,4,NA,NA,NA,NA,NA,NA,NA,NA,NA
83,3,5,NA,NA,NA,NA,NA,NA,NA,NA,NA
83,3,6,NA,NA,NA,NA,NA,NA,NA,NA,NA
83,3,7,NA,NA,NA,NA,NA,NA,NA,NA,NA
83,3,8,NA,NA,NA,NA,NA,NA,NA,NA,NA
83,4,1,NA,NA,NA,NA,NA,NA,NA,NA,NA
83,4,2,NA,NA,NA,NA,NA,NA,NA,NA,NA
83,4,3,NA,NA,NA,NA,NA,NA,NA,NA,NA
83,4,4,NA,NA,NA,NA,NA,NA,NA,NA,NA
83,4,5,NA,NA,NA,NA,NA,NA,NA,NA,NA
83,4,6,NA,NA,NA,NA,NA,NA,NA,NA,NA
83,4,7,NA,NA,NA,NA,NA,NA,NA,NA,NA
83,4,8,NA,NA,NA,NA,NA,NA,NA,NA,NA
83,5,1,NA,NA,NA,NA,NA,NA,NA,NA,NA
83,5,2,NA,NA,NA,NA,NA,NA,NA,NA,NA
83,5,3,NA,NA,NA,NA,NA,NA,NA,NA,NA
83,5,4,NA,NA,NA,NA,NA,NA,NA,NA,NA
83,5,5,NA,NA,NA,NA,NA,NA,NA,NA,NA
83,5,6,NA,NA,NA,NA,NA,NA,NA,NA,NA
83,5,7,NA,NA,NA,NA,NA,NA,NA,NA,NA
83,5,8,NA,NA,NA,NA,NA,NA,NA,NA,NA
83,6,1,NA,NA,NA,NA,NA,NA,NA,NA,NA
83,6,2,NA,NA,NA,NA,NA,NA,NA,NA,NA
83,6,3,NA,NA,NA,NA,NA,NA,NA,NA,NA
83,6,4,NA,NA,NA,NA,NA,NA,NA,NA,NA
83,6,5,NA,NA,NA,NA,NA,NA,NA,NA,NA
83,6,6,NA,NA,NA,NA,NA,NA,NA,NA,NA
83,6,7,NA,NA,NA,NA,NA,NA,NA,NA,NA
83,6,8,NA,NA,NA,NA,NA,NA,NA,NA,NA
83,7,1,NA,NA,NA,NA,NA,NA,NA,NA,NA
83,7,2,NA,NA,NA,NA,NA,NA,NA,NA,NA
83,7,3,NA,NA,NA,NA,NA,NA,NA,NA,NA
83,7,4,NA,NA,NA,NA,NA,NA,NA,NA,NA
83,7,5,NA,NA,NA,NA,NA,NA,NA,NA,NA
83,7,6,NA,NA,NA,NA,NA,NA,NA,NA,NA
83,7,7,NA,NA,NA,NA,NA,NA,NA,NA,NA
83,7,8,NA,NA,NA,NA,NA,NA,NA,NA,NA
83,8,1,NA,NA,NA,NA,NA,NA,NA,NA,NA
83,8,2,NA,NA,NA,NA,NA,NA,NA,NA,NA
83,8,3,NA,NA,NA,NA,NA,NA,NA,NA,NA
83,8,4,NA,NA,NA,NA,NA,NA,NA,NA,NA
83,8,5,NA,NA,NA,NA,NA,NA,NA,NA,NA
83,8,6,NA,NA,NA,NA,NA,NA,NA,NA,NA
83,8,7,NA,NA,NA,NA,NA,NA,NA,NA,NA
83,8,8,NA,NA,NA,NA,NA,NA,NA,NA,NA
83,9,1,NA,NA,NA,NA,NA,NA,NA,NA,NA
83,9,2,NA,NA,NA,NA,NA,NA,NA,NA,NA
83,9,3,NA,NA,NA,NA,NA,NA,NA,NA,NA
83,9,4,NA,NA,NA,NA,NA,NA,NA,NA,NA
83,9,5,NA,NA,NA,NA,NA,NA,NA,NA,NA
83,9,6,NA,NA,NA,NA,NA,NA,NA,NA,NA
83,9,7,NA,NA,NA,NA,NA,NA,NA,NA,NA
83,9,8,NA,NA,NA,NA,NA,NA,NA,NA,NA
83,10,1,NA,NA,NA,NA,NA,NA,NA,NA,NA
83,10,2,NA,NA,NA,NA,NA,NA,NA,NA,NA
83,10,3,NA,NA,NA,NA,NA,NA,NA,NA,NA
83,10,4,NA,NA,NA,NA,NA,NA,NA,NA,NA
83,10,5,NA,NA,NA,NA,NA,NA,NA,NA,NA
83,10,6,NA,NA,NA,NA,NA,NA,NA,NA,NA
83,10,7,NA,NA,NA,NA,NA,NA,NA,NA,NA
83,10,8,NA,NA,NA,NA,NA,NA,NA,NA,NA
83,11,1,NA,NA,NA,NA,NA,NA,NA,NA,NA
83,11,2,NA,NA,NA,NA,NA,NA,NA,NA,NA
83,11,3,NA,NA,NA,NA,NA,NA,NA,NA,NA
83,11,4,NA,NA,NA,NA,NA,NA,NA,NA,NA
83,11,5,NA,NA,NA,NA,NA,NA,NA,NA,NA
83,11,6,NA,NA,NA,NA,NA,NA,NA,NA,NA
83,11,7,NA,NA,NA,NA,NA,NA,NA,NA,NA
83,11,8,NA,NA,NA,NA,NA,NA,NA,NA,NA
83,12,1,NA,NA,NA,NA,NA,NA,NA,NA,NA
83,12,2,NA,NA,NA,NA,NA,NA,NA,NA,NA
83,12,3,NA,NA,NA,NA,NA,NA,NA,NA,NA
83,12,4,NA,NA,NA,NA,NA,NA,NA,NA,NA
83,12,5,NA,NA,NA,NA,NA,NA,NA,NA,NA
83,12,6,NA,NA,NA,NA,NA,NA,NA,NA,NA
83,12,7,NA,NA,NA,NA,NA,NA,NA,NA,NA
83,12,8,NA,NA,NA,NA,NA,NA,NA,NA,NA
83,13,1,NA,NA,NA,NA,NA,NA,NA,NA,NA
83,13,2,NA,NA,NA,NA,NA,NA,NA,NA,NA
83,13,3,NA,NA,NA,NA,NA,NA,NA,NA,NA
83,13,4,NA,NA,NA,NA,NA,NA,NA,NA,NA
83,13,5,NA,NA,NA,NA,NA,NA,NA,NA,NA
83,13,6,NA,NA,NA,NA,NA,NA,NA,NA,NA
83,13,7,NA,NA,NA,NA,NA,NA,NA,NA,NA
83,13,8,NA,NA,NA,NA,NA,NA,NA,NA,NA
83,14,1,NA,NA,NA,NA,NA,NA,NA,NA,NA
83,14,2,NA,NA,NA,NA,NA,NA,NA,NA,NA
83,14,3,NA,NA,NA,NA,NA,NA,NA,NA,NA
83,14,4,NA,NA,NA,NA,NA,NA,NA,NA,NA
83,14,5,NA,NA,NA,NA,NA,NA,NA,NA,NA
83,14,6,NA,NA,NA,NA,NA,NA,NA,NA,NA
83,14,7,NA,NA,NA,NA,NA,NA,NA,NA,NA
83,14,8,NA,NA,NA,NA,NA,NA,NA,NA,NA
83,15,1,NA,NA,NA,NA,NA,NA,NA,NA,NA
83,15,2,NA,NA,NA,NA,NA,NA,NA,NA,NA
83,15,3,NA,NA,NA,NA,NA,NA,NA,NA,NA
83,15,4,NA,NA,NA,NA,NA,NA,NA,NA,NA
83,15,5,NA,NA,NA,NA,NA,NA,NA,NA,NA
83,15,6,NA,NA,NA,NA,NA,NA,NA,NA,NA
83,15,7,NA,NA,NA,NA,NA,NA,NA,NA,NA
83,15,8,NA,NA,NA,NA,NA,NA,NA,NA,NA
83,16,1,NA,NA,NA,NA,NA,NA,NA,NA,NA
83,16,2,NA,NA,NA,NA,NA,NA,NA,NA,NA
83,16,3,NA,NA,NA,NA,NA,NA,NA,NA,NA
83,16,4,NA,NA,NA,NA,NA,NA,NA,NA,NA
83,16,5,NA,NA,NA,NA,NA,NA,NA,NA,NA
83,16,6,NA,NA,NA,NA,NA,NA,NA,NA,NA
83,16,7,NA,NA,NA,NA,NA,NA,NA,NA,NA
83,16,8,NA,NA,NA,NA,NA,NA,NA,NA,NA
83,17,1,NA,NA,NA,NA,NA,NA,NA,NA,NA
83,17,2,NA,NA,NA,NA,NA,NA,NA,NA,NA
83,17,3,NA,NA,NA,NA,NA,NA,NA,NA,NA
83,17,4,NA,NA,NA,NA,NA,NA,NA,NA,NA
83,17,5,NA,NA,NA,NA,NA,NA,NA,NA,NA
83,17,6,NA,NA,NA,NA,NA,NA,NA,NA,NA
83,17,7,NA,NA,NA,NA,NA,NA,NA,NA,NA
83,17,8,NA,NA,NA,NA,NA,NA,NA,NA,NA
83,18,1,NA,NA,NA,NA,NA,NA,NA,NA,NA
83,18,2,NA,NA,NA,NA,NA,NA,NA,NA,NA
83,18,3,NA,NA,NA,NA,NA,NA,NA,NA,NA
83,18,4,NA,NA,NA,NA,NA,NA,NA,NA,NA
83,18,5,NA,NA,NA,NA,NA,NA,NA,NA,NA
83,18,6,NA,NA,NA,NA,NA,NA,NA,NA,NA
83,18,7,NA,NA,NA,NA,NA,NA,NA,NA,NA
83,18,8,NA,NA,NA,NA,NA,NA,NA,NA,NA
83,19,1,NA,NA,NA,NA,NA,NA,NA,NA,NA
83,19,2,NA,NA,NA,NA,NA,NA,NA,NA,NA
83,19,3,NA,NA,NA,NA,NA,NA,NA,NA,NA
83,19,4,NA,NA,NA,NA,NA,NA,NA,NA,NA
83,19,5,NA,NA,NA,NA,NA,NA,NA,NA,NA
83,19,6,NA,NA,NA,NA,NA,NA,NA,NA,NA
83,19,7,NA,NA,NA,NA,NA,NA,NA,NA,NA
83,19,8,NA,NA,NA,NA,NA,NA,NA,NA,NA
83,20,1,NA,NA,NA,NA,NA,NA,NA,NA,NA
83,20,2,NA,NA,NA,NA,NA,NA,NA,NA,NA
83,20,3,NA,NA,NA,NA,NA,NA,NA,NA,NA
83,20,4,NA,NA,NA,NA,NA,NA,NA,NA,NA
83,20,5,NA,NA,NA,NA,NA,NA,NA,NA,NA
83,20,6,NA,NA,NA,NA,NA,NA,NA,NA,NA
83,20,7,NA,NA,NA,NA,NA,NA,NA,NA,NA
83,20,8,NA,NA,NA,NA,NA,NA,NA,NA,NA
83,21,1,NA,NA,NA,NA,NA,NA,NA,NA,NA
83,21,2,NA,NA,NA,NA,NA,NA,NA,NA,NA
83,21,3,NA,NA,NA,NA,NA,NA,NA,NA,NA
83,21,4,NA,NA,NA,NA,NA,NA,NA,NA,NA
83,21,5,NA,NA,NA,NA,NA,NA,NA,NA,NA
83,21,6,NA,NA,NA,NA,NA,NA,NA,NA,NA
83,21,7,NA,NA,NA,NA,NA,NA,NA,NA,NA
83,21,8,NA,NA,NA,NA,NA,NA,NA,NA,NA
83,22,1,NA,NA,NA,NA,NA,NA,NA,NA,NA
83,22,2,NA,NA,NA,NA,NA,NA,NA,NA,NA
83,22,3,NA,NA,NA,NA,NA,NA,NA,NA,NA
83,22,4,NA,NA,NA,NA,NA,NA,NA,NA,NA
83,22,5,NA,NA,NA,NA,NA,NA,NA,NA,NA
83,22,6,NA,NA,NA,NA,NA,NA,NA,NA,NA
83,22,7,NA,NA,NA,NA,NA,NA,NA,NA,NA
83,22,8,NA,NA,NA,NA,NA,NA,NA,NA,NA
83,23,1,NA,NA,NA,NA,NA,NA,NA,NA,NA
83,23,2,NA,NA,NA,NA,NA,NA,NA,NA,NA
83,23,3,NA,NA,NA,NA,NA,NA,NA,NA,NA
83,23,4,NA,NA,NA,NA,NA,NA,NA,NA,NA
83,23,5,NA,NA,NA,NA,NA,NA,NA,NA,NA
83,23,6,NA,NA,NA,NA,NA,NA,NA,NA,NA
83,23,7,NA,NA,NA,NA,NA,NA,NA,NA,NA
83,23,8,NA,NA,NA,NA,NA,NA,NA,NA,NA
83,24,1,NA,NA,NA,NA,NA,NA,NA,NA,NA
83,24,2,NA,NA,NA,NA,NA,NA,NA,NA,NA
83,24,3,NA,NA,NA,NA,NA,NA,NA,NA,NA
83,24,4,NA,NA,NA,NA,NA,NA,NA,NA,NA
83,24,5,NA,NA,NA,NA,NA,NA,NA,NA,NA
83,24,6,NA,NA,NA,NA,NA,NA,NA,NA,NA
83,24,7,NA,NA,NA,NA,NA,NA,NA,NA,NA
83,24,8,NA,NA,NA,NA,NA,NA,NA,NA,NA
83,25,1,NA,NA,NA,NA,NA,NA,NA,NA,NA
83,25,2,NA,NA,NA,NA,NA,NA,NA,NA,NA
83,25,3,NA,NA,NA,NA,NA,NA,NA,NA,NA
83,25,4,NA,NA,NA,NA,NA,NA,NA,NA,NA
83,25,5,NA,NA,NA,NA,NA,NA,NA,NA,NA
83,25,6,NA,NA,NA,NA,NA,NA,NA,NA,NA
83,25,7,NA,NA,NA,NA,NA,NA,NA,NA,NA
83,25,8,NA,NA,NA,NA,NA,NA,NA,NA,NA
83,26,1,NA,NA,NA,NA,NA,NA,NA,NA,NA
83,26,2,NA,NA,NA,NA,NA,NA,NA,NA,NA
83,26,3,NA,NA,NA,NA,NA,NA,NA,NA,NA
83,26,4,NA,NA,NA,NA,NA,NA,NA,NA,NA
83,26,5,NA,NA,NA,NA,NA,NA,NA,NA,NA
83,26,6,NA,NA,NA,NA,NA,NA,NA,NA,NA
83,26,7,NA,NA,NA,NA,NA,NA,NA,NA,NA
83,26,8,NA,NA,NA,NA,NA,NA,NA,NA,NA
83,27,1,NA,NA,NA,NA,NA,NA,NA,NA,NA
83,27,2,NA,NA,NA,NA,NA,NA,NA,NA,NA
83,27,3,NA,NA,NA,NA,NA,NA,NA,NA,NA
83,27,4,NA,NA,NA,NA,NA,NA,NA,NA,NA
83,27,5,NA,NA,NA,NA,NA,NA,NA,NA,NA
83,27,6,NA,NA,NA,NA,NA,NA,NA,NA,NA
83,27,7,NA,NA,NA,NA,NA,NA,NA,NA,NA
83,27,8,NA,NA,NA,NA,NA,NA,NA,NA,NA
83,28,1,NA,NA,NA,NA,NA,NA,NA,NA,NA
83,28,2,NA,NA,NA,NA,NA,NA,NA,NA,NA
83,28,3,NA,NA,NA,NA,NA,NA,NA,NA,NA
83,28,4,NA,NA,NA,NA,NA,NA,NA,NA,NA
83,28,5,NA,NA,NA,NA,NA,NA,NA,NA,NA
83,28,6,NA,NA,NA,NA,NA,NA,NA,NA,NA
83,28,7,NA,NA,NA,NA,NA,NA,NA,NA,NA
83,28,8,NA,NA,NA,NA,NA,NA,NA,NA,NA
83,29,1,NA,NA,NA,NA,NA,NA,NA,NA,NA
83,29,2,NA,NA,NA,NA,NA,NA,NA,NA,NA
83,29,3,NA,NA,NA,NA,NA,NA,NA,NA,NA
83,29,4,NA,NA,NA,NA,NA,NA,NA,NA,NA
83,29,5,NA,NA,NA,NA,NA,NA,NA,NA,NA
83,29,6,NA,NA,NA,NA,NA,NA,NA,NA,NA
83,29,7,NA,NA,NA,NA,NA,NA,NA,NA,NA
83,29,8,NA,NA,NA,NA,NA,NA,NA,NA,NA
83,30,1,NA,NA,NA,NA,NA,NA,NA,NA,NA
83,30,2,NA,NA,NA,NA,NA,NA,NA,NA,NA
83,30,3,NA,NA,NA,NA,NA,NA,NA,NA,NA
83,30,4,NA,NA,NA,NA,NA,NA,NA,NA,NA
83,30,5,NA,NA,NA,NA,NA,NA,NA,NA,NA
83,30,6,NA,NA,NA,NA,NA,NA,NA,NA,NA
83,30,7,NA,NA,NA,NA,NA,NA,NA,NA,NA
83,30,8,NA,NA,NA,NA,NA,NA,NA,NA,NA
83,31,1,NA,NA,NA,NA,NA,NA,NA,NA,NA
83,31,2,NA,NA,NA,NA,NA,NA,NA,NA,NA
83,31,3,NA,NA,NA,NA,NA,NA,NA,NA,NA
83,31,4,NA,NA,NA,NA,NA,NA,NA,NA,NA
83,31,5,NA,NA,NA,NA,NA,NA,NA,NA,NA
83,31,6,NA,NA,NA,NA,NA,NA,NA,NA,NA
83,31,7,NA,NA,NA,NA,NA,NA,NA,NA,NA
83,31,8,NA,NA,NA,NA,NA,NA,NA,NA,NA
83,32,1,NA,NA,NA,NA,NA,NA,NA,NA,NA
83,32,2,NA,NA,NA,NA,NA,NA,NA,NA,NA
83,32,3,NA,NA,NA,NA,NA,NA,NA,NA,NA
83,32,4,NA,NA,NA,NA,NA,NA,NA,NA,NA
83,32,5,NA,NA,NA,NA,NA,NA,NA,NA,NA
83,32,6,NA,NA,NA,NA,NA,NA,NA,NA,NA
83,32,7,NA,NA,NA,NA,NA,NA,NA,NA,NA
83,32,8,NA,NA,NA,NA,NA,NA,NA,NA,NA
83,33,1,NA,NA,NA,NA,NA,NA,NA,NA,NA
83,33,2,NA,NA,NA,NA,NA,NA,NA,NA,NA
83,33,3,NA,NA,NA,NA,NA,NA,NA,NA,NA
83,33,4,NA,NA,NA,NA,NA,NA,NA,NA,NA
83,33,5,NA,NA,NA,NA,NA,NA,NA,NA,NA
83,33,6,NA,NA,NA,NA,NA,NA,NA,NA,NA
83,33,7,NA,NA,NA,NA,NA,NA,NA,NA,NA
83,33,8,NA,NA,NA,NA,NA,NA,NA,NA,NA
83,34,1,NA,NA,NA,NA,NA,NA,NA,NA,NA
83,34,2,NA,NA,NA,NA,NA,NA,NA,NA,NA
83,34,3,NA,NA,NA,NA,NA,NA,NA,NA,NA
83,34,4,NA,NA,NA,NA,NA,NA,NA,NA,NA
83,34,5,NA,NA,NA,NA,NA,NA,NA,NA,NA
83,34,6,NA,NA,NA,NA,NA,NA,NA,NA,NA
83,34,7,NA,NA,NA,NA,NA,NA,NA,NA,NA
83,34,8,NA,NA,NA,NA,NA,NA,NA,NA,NA
83,35,1,NA,NA,NA,NA,NA,NA,NA,NA,NA
83,35,2,NA,NA,NA,NA,NA,NA,NA,NA,NA
83,35,3,NA,NA,NA,NA,NA,NA,NA,NA,NA
83,35,4,NA,NA,NA,NA,NA,NA,NA,NA,NA
83,35,5,NA,NA,NA,NA,NA,NA,NA,NA,NA
83,35,6,NA,NA,NA,NA,NA,NA,NA,NA,NA
83,35,7,NA,NA,NA,NA,NA,NA,NA,NA,NA
83,35,8,NA,NA,NA,NA,NA,NA,NA,NA,NA
83,36,1,NA,NA,NA,NA,NA,NA,NA,NA,NA
83,36,2,NA,NA,NA,NA,NA,NA,NA,NA,NA
83,36,3,NA,NA,NA,NA,NA,NA,NA,NA,NA
83,36,4,NA,NA,NA,NA,NA,NA,NA,NA,NA
83,36,5,NA,NA,NA,NA,NA,NA,NA,NA,NA
83,36,6,NA,NA,NA,NA,NA,NA,NA,NA,NA
83,36,7,NA,NA,NA,NA,NA,NA,NA,NA,NA
83,36,8,NA,NA,NA,NA,NA,NA,NA,NA,NA
83,37,1,NA,NA,NA,NA,NA,NA,NA,NA,NA
83,37,2,NA,NA,NA,NA,NA,NA,NA,NA,NA
83,37,3,NA,NA,NA,NA,NA,NA,NA,NA,NA
83,37,4,NA,NA,NA,NA,NA,NA,NA,NA,NA
83,37,5,NA,NA,NA,NA,NA,NA,NA,NA,NA
83,37,6,NA,NA,NA,NA,NA,NA,NA,NA,NA
83,37,7,NA,NA,NA,NA,NA,NA,NA,NA,NA
83,37,8,NA,NA,NA,NA,NA,NA,NA,NA,NA
83,38,1,NA,NA,NA,NA,NA,NA,NA,NA,NA
83,38,2,NA,NA,NA,NA,NA,NA,NA,NA,NA
83,38,3,NA,NA,NA,NA,NA,NA,NA,NA,NA
83,38,4,NA,NA,NA,NA,NA,NA,NA,NA,NA
83,38,5,NA,NA,NA,NA,NA,NA,NA,NA,NA
83,38,6,NA,NA,NA,NA,NA,NA,NA,NA,NA
83,38,7,NA,NA,NA,NA,NA,NA,NA,NA,NA
83,38,8,NA,NA,NA,NA,NA,NA,NA,NA,NA
83,39,1,NA,NA,NA,NA,NA,NA,NA,NA,NA
83,39,2,NA,NA,NA,NA,NA,NA,NA,NA,NA
83,39,3,NA,NA,NA,NA,NA,NA,NA,NA,NA
83,39,4,NA,NA,NA,NA,NA,NA,NA,NA,NA
83,39,5,NA,NA,NA,NA,NA,NA,NA,NA,NA
83,39,6,NA,NA,NA,NA,NA,NA,NA,NA,NA
83,39,7,NA,NA,NA,NA,NA,NA,NA,NA,NA
83,39,8,NA,NA,NA,NA,NA,NA,NA,NA,NA
83,40,1,NA,NA,NA,NA,NA,NA,NA,NA,NA
83,40,2,NA,NA,NA,NA,NA,NA,NA,NA,NA
83,40,3,NA,NA,NA,NA,NA,NA,NA,NA,NA
83,40,4,NA,NA,NA,NA,NA,NA,NA,NA,NA
83,40,5,NA,NA,NA,NA,NA,NA,NA,NA,NA
83,40,6,NA,NA,NA,NA,NA,NA,NA,NA,NA
83,40,7,NA,NA,NA,NA,NA,NA,NA,NA,NA
83,40,8,NA,NA,NA,NA,NA,NA,NA,NA,NA
83,41,1,NA,NA,NA,NA,NA,NA,NA,NA,NA
83,41,2,NA,NA,NA,NA,NA,NA,NA,NA,NA
83,41,3,NA,NA,NA,NA,NA,NA,NA,NA,NA
83,41,4,NA,NA,NA,NA,NA,NA,NA,NA,NA
83,41,5,NA,NA,NA,NA,NA,NA,NA,NA,NA
83,41,6,NA,NA,NA,NA,NA,NA,NA,NA,NA
83,41,7,NA,NA,NA,NA,NA,NA,NA,NA,NA
83,41,8,NA,NA,NA,NA,NA,NA,NA,NA,NA
83,42,1,NA,NA,NA,NA,NA,NA,NA,NA,NA
83,42,2,NA,NA,NA,NA,NA,NA,NA,NA,NA
83,42,3,NA,NA,NA,NA,NA,NA,NA,NA,NA
83,42,4,NA,NA,NA,NA,NA,NA,NA,NA,NA
83,42,5,NA,NA,NA,NA,NA,NA,NA,NA,NA
83,42,6,NA,NA,NA,NA,NA,NA,NA,NA,NA
83,42,7,NA,NA,NA,NA,NA,NA,NA,NA,NA
83,42,8,NA,NA,NA,NA,NA,NA,NA,NA,NA
83,43,1,NA,NA,NA,NA,NA,NA,NA,NA,NA
83,43,2,NA,NA,NA,NA,NA,NA,NA,NA,NA
83,43,3,NA,NA,NA,NA,NA,NA,NA,NA,NA
83,43,4,NA,NA,NA,NA,NA,NA,NA,NA,NA
83,43,5,NA,NA,NA,NA,NA,NA,NA,NA,NA
83,43,6,NA,NA,NA,NA,NA,NA,NA,NA,NA
83,43,7,NA,NA,NA,NA,NA,NA,NA,NA,NA
83,43,8,NA,NA,NA,NA,NA,NA,NA,NA,NA
83,44,1,NA,NA,NA,NA,NA,NA,NA,NA,NA
83,44,2,NA,NA,NA,NA,NA,NA,NA,NA,NA
83,44,3,NA,NA,NA,NA,NA,NA,NA,NA,NA
83,44,4,NA,NA,NA,NA,NA,NA,NA,NA,NA
83,44,5,NA,NA,NA,NA,NA,NA,NA,NA,NA
83,44,6,NA,NA,NA,NA,NA,NA,NA,NA,NA
83,44,7,NA,NA,NA,NA,NA,NA,NA,NA,NA
83,44,8,NA,NA,NA,NA,NA,NA,NA,NA,NA
83,45,1,NA,NA,NA,NA,NA,NA,NA,NA,NA
83,45,2,NA,NA,NA,NA,NA,NA,NA,NA,NA
83,45,3,NA,NA,NA,NA,NA,NA,NA,NA,NA
83,45,4,NA,NA,NA,NA,NA,NA,NA,NA,NA
83,45,5,NA,NA,NA,NA,NA,NA,NA,NA,NA
83,45,6,NA,NA,NA,NA,NA,NA,NA,NA,NA
83,45,7,NA,NA,NA,NA,NA,NA,NA,NA,NA
83,45,8,NA,NA,NA,NA,NA,NA,NA,NA,NA
83,46,1,NA,NA,NA,NA,NA,NA,NA,NA,NA
83,46,2,NA,NA,NA,NA,NA,NA,NA,NA,NA
83,46,3,NA,NA,NA,NA,NA,NA,NA,NA,NA
83,46,4,NA,NA,NA,NA,NA,NA,NA,NA,NA
83,46,5,NA,NA,NA,NA,NA,NA,NA,NA,NA
83,46,6,NA,NA,NA,NA,NA,NA,NA,NA,NA
83,46,7,NA,NA,NA,NA,NA,NA,NA,NA,NA
83,46,8,NA,NA,NA,NA,NA,NA,NA,NA,NA
83,47,1,NA,NA,NA,NA,NA,NA,NA,NA,NA
83,47,2,NA,NA,NA,NA,NA,NA,NA,NA,NA
83,47,3,NA,NA,NA,NA,NA,NA,NA,NA,NA
83,47,4,NA,NA,NA,NA,NA,NA,NA,NA,NA
83,47,5,NA,NA,NA,NA,NA,NA,NA,NA,NA
83,47,6,NA,NA,NA,NA,NA,NA,NA,NA,NA
83,47,7,NA,NA,NA,NA,NA,NA,NA,NA,NA
83,47,8,NA,NA,NA,NA,NA,NA,NA,NA,NA
83,48,1,NA,NA,NA,NA,NA,NA,NA,NA,NA
83,48,2,NA,NA,NA,NA,NA,NA,NA,NA,NA
83,48,3,NA,NA,NA,NA,NA,NA,NA,NA,NA
83,48,4,NA,NA,NA,NA,NA,NA,NA,NA,NA
83,48,5,NA,NA,NA,NA,NA,NA,NA,NA,NA
83,48,6,NA,NA,NA,NA,NA,NA,NA,NA,NA
83,48,7,NA,NA,NA,NA,NA,NA,NA,NA,NA
83,48,8,NA,NA,NA,NA,NA,NA,NA,NA,NA
83,49,1,NA,NA,NA,NA,NA,NA,NA,NA,NA
83,49,2,NA,NA,NA,NA,NA,NA,NA,NA,NA
83,49,3,NA,NA,NA,NA,NA,NA,NA,NA,NA
83,49,4,NA,NA,NA,NA,NA,NA,NA,NA,NA
83,49,5,NA,NA,NA,NA,NA,NA,NA,NA,NA
83,49,6,NA,NA,NA,NA,NA,NA,NA,NA,NA
83,49,7,NA,NA,NA,NA,NA,NA,NA,NA,NA
83,49,8,NA,NA,NA,NA,NA,NA,NA,NA,NA
83,50,1,NA,NA,NA,NA,NA,NA,NA,NA,NA
83,50,2,NA,NA,NA,NA,NA,NA,NA,NA,NA
83,50,3,NA,NA,NA,NA,NA,NA,NA,NA,NA
83,50,4,NA,NA,NA,NA,NA,NA,NA,NA,NA
83,50,5,NA,NA,NA,NA,NA,NA,NA,NA,NA
83,50,6,NA,NA,NA,NA,NA,NA,NA,NA,NA
83,50,7,NA,NA,NA,NA,NA,NA,NA,NA,NA
83,50,8,NA,NA,NA,NA,NA,NA,NA,NA,NA
83,51,1,NA,NA,NA,NA,NA,NA,NA,NA,NA
83,51,2,NA,NA,NA,NA,NA,NA,NA,NA,NA
83,51,3,NA,NA,NA,NA,NA,NA,NA,NA,NA
83,51,4,NA,NA,NA,NA,NA,NA,NA,NA,NA
83,51,5,NA,NA,NA,NA,NA,NA,NA,NA,NA
83,51,6,NA,NA,NA,NA,NA,NA,NA,NA,NA
83,51,7,NA,NA,NA,NA,NA,NA,NA,NA,NA
83,51,8,NA,NA,NA,NA,NA,NA,NA,NA,NA
83,52,1,NA,NA,NA,NA,NA,NA,NA,NA,NA
83,52,2,NA,NA,NA,NA,NA,NA,NA,NA,NA
83,52,3,NA,NA,NA,NA,NA,NA,NA,NA,NA
83,52,4,NA,NA,NA,NA,NA,NA,NA,NA,NA
83,52,5,NA,NA,NA,NA,NA,NA,NA,NA,NA
83,52,6,NA,NA,NA,NA,NA,NA,NA,NA,NA
83,52,7,NA,NA,NA,NA,NA,NA,NA,NA,NA
83,52,8,NA,NA,NA,NA,NA,NA,NA,NA,NA
83,53,1,NA,NA,NA,NA,NA,NA,NA,NA,NA
83,53,2,NA,NA,NA,NA,NA,NA,NA,NA,NA
83,53,3,NA,NA,NA,NA,NA,NA,NA,NA,NA
83,53,4,NA,NA,NA,NA,NA,NA,NA,NA,NA
83,53,5,NA,NA,NA,NA,NA,NA,NA,NA,NA
83,53,6,NA,NA,NA,NA,NA,NA,NA,NA,NA
83,53,7,NA,NA,NA,NA,NA,NA,NA,NA,NA
83,53,8,NA,NA,NA,NA,NA,NA,NA,NA,NA
83,54,1,NA,NA,NA,NA,NA,NA,NA,NA,NA
83,54,2,NA,NA,NA,NA,NA,NA,NA,NA,NA
83,54,3,NA,NA,NA,NA,NA,NA,NA,NA,NA
83,54,4,NA,NA,NA,NA,NA,NA,NA,NA,NA
83,54,5,NA,NA,NA,NA,NA,NA,NA,NA,NA
83,54,6,NA,NA,NA,NA,NA,NA,NA,NA,NA
83,54,7,NA,NA,NA,NA,NA,NA,NA,NA,NA
83,54,8,NA,NA,NA,NA,NA,NA,NA,NA,NA
83,55,1,NA,NA,NA,NA,NA,NA,NA,NA,NA
83,55,2,NA,NA,NA,NA,NA,NA,NA,NA,NA
83,55,3,NA,NA,NA,NA,NA,NA,NA,NA,NA
83,55,4,NA,NA,NA,NA,NA,NA,NA,NA,NA
83,55,5,NA,NA,NA,NA,NA,NA,NA,NA,NA
83,55,6,NA,NA,NA,NA,NA,NA,NA,NA,NA
83,55,7,NA,NA,NA,NA,NA,NA,NA,NA,NA
83,55,8,NA,NA,NA,NA,NA,NA,NA,NA,NA
83,56,1,NA,NA,NA,NA,NA,NA,NA,NA,NA
83,56,2,NA,NA,NA,NA,NA,NA,NA,NA,NA
83,56,3,NA,NA,NA,NA,NA,NA,NA,NA,NA
83,56,4,NA,NA,NA,NA,NA,NA,NA,NA,NA
83,56,5,NA,NA,NA,NA,NA,NA,NA,NA,NA
83,56,6,NA,NA,NA,NA,NA,NA,NA,NA,NA
83,56,7,NA,NA,NA,NA,NA,NA,NA,NA,NA
83,56,8,NA,NA,NA,NA,NA,NA,NA,NA,NA
83,57,1,NA,NA,NA,NA,NA,NA,NA,NA,NA
83,57,2,NA,NA,NA,NA,NA,NA,NA,NA,NA
83,57,3,NA,NA,NA,NA,NA,NA,NA,NA,NA
83,57,4,NA,NA,NA,NA,NA,NA,NA,NA,NA
83,57,5,NA,NA,NA,NA,NA,NA,NA,NA,NA
83,57,6,NA,NA,NA,NA,NA,NA,NA,NA,NA
83,57,7,NA,NA,NA,NA,NA,NA,NA,NA,NA
83,57,8,NA,NA,NA,NA,NA,NA,NA,NA,NA
83,58,1,NA,NA,NA,NA,NA,NA,NA,NA,NA
83,58,2,NA,NA,NA,NA,NA,NA,NA,NA,NA
83,58,3,NA,NA,NA,NA,NA,NA,NA,NA,NA
83,58,4,NA,NA,NA,NA,NA,NA,NA,NA,NA
83,58,5,NA,NA,NA,NA,NA,NA,NA,NA,NA
83,58,6,NA,NA,NA,NA,NA,NA,NA,NA,NA
83,58,7,NA,NA,NA,NA,NA,NA,NA,NA,NA
83,58,8,NA,NA,NA,NA,NA,NA,NA,NA,NA
83,59,1,NA,NA,NA,NA,NA,NA,NA,NA,NA
83,59,2,NA,NA,NA,NA,NA,NA,NA,NA,NA
83,59,3,NA,NA,NA,NA,NA,NA,NA,NA,NA
83,59,4,NA,NA,NA,NA,NA,NA,NA,NA,NA
83,59,5,NA,NA,NA,NA,NA,NA,NA,NA,NA
83,59,6,NA,NA,NA,NA,NA,NA,NA,NA,NA
83,59,7,NA,NA,NA,NA,NA,NA,NA,NA,NA
83,59,8,NA,NA,NA,NA,NA,NA,NA,NA,NA
83,60,1,NA,NA,NA,NA,NA,NA,NA,NA,NA
83,60,2,NA,NA,NA,NA,NA,NA,NA,NA,NA
83,60,3,NA,NA,NA,NA,NA,NA,NA,NA,NA
83,60,4,NA,NA,NA,NA,NA,NA,NA,NA,NA
83,60,5,NA,NA,NA,NA,NA,NA,NA,NA,NA
83,60,6,NA,NA,NA,NA,NA,NA,NA,NA,NA
83,60,7,NA,NA,NA,NA,NA,NA,NA,NA,NA
83,60,8,NA,NA,NA,NA,NA,NA,NA,NA,NA
83,61,1,NA,NA,NA,NA,NA,NA,NA,NA,NA
83,61,2,NA,NA,NA,NA,NA,NA,NA,NA,NA
83,61,3,NA,NA,NA,NA,NA,NA,NA,NA,NA
83,61,4,NA,NA,NA,NA,NA,NA,NA,NA,NA
83,61,5,NA,NA,NA,NA,NA,NA,NA,NA,NA
83,61,6,NA,NA,NA,NA,NA,NA,NA,NA,NA
83,61,7,NA,NA,NA,NA,NA,NA,NA,NA,NA
83,61,8,NA,NA,NA,NA,NA,NA,NA,NA,NA
83,62,1,NA,NA,NA,NA,NA,NA,NA,NA,NA
83,62,2,NA,NA,NA,NA,NA,NA,NA,NA,NA
83,62,3,NA,NA,NA,NA,NA,NA,NA,NA,NA
83,62,4,NA,NA,NA,NA,NA,NA,NA,NA,NA
83,62,5,NA,NA,NA,NA,NA,NA,NA,NA,NA
83,62,6,NA,NA,NA,NA,NA,NA,NA,NA,NA
83,62,7,NA,NA,NA,NA,NA,NA,NA,NA,NA
83,62,8,NA,NA,NA,NA,NA,NA,NA,NA,NA
83,63,1,NA,NA,NA,NA,NA,NA,NA,NA,NA
83,63,2,NA,NA,NA,NA,NA,NA,NA,NA,NA
83,63,3,NA,NA,NA,NA,NA,NA,NA,NA,NA
83,63,4,NA,NA,NA,NA,NA,NA,NA,NA,NA
83,63,5,NA,NA,NA,NA,NA,NA,NA,NA,NA
83,63,6,NA,NA,NA,NA,NA,NA,NA,NA,NA
83,63,7,NA,NA,NA,NA,NA,NA,NA,NA,NA
83,63,8,NA,NA,NA,NA,NA,NA,NA,NA,NA
83,64,1,NA,NA,NA,NA,NA,NA,NA,NA,NA
83,64,2,NA,NA,NA,NA,NA,NA,NA,NA,NA
83,64,3,NA,NA,NA,NA,NA,NA,NA,NA,NA
83,64,4,NA,NA,NA,NA,NA,NA,NA,NA,NA
83,64,5,NA,NA,NA,NA,NA,NA,NA,NA,NA
83,64,6,NA,NA,NA,NA,NA,NA,NA,NA,NA
83,64,7,NA,NA,NA,NA,NA,NA,NA,NA,NA
83,64,8,NA,NA,NA,NA,NA,NA,NA,NA,NA
83,65,1,NA,NA,NA,NA,NA,NA,NA,NA,NA
83,65,2,NA,NA,NA,NA,NA,NA,NA,NA,NA
83,65,3,NA,NA,NA,NA,NA,NA,NA,NA,NA
83,65,4,NA,NA,NA,NA,NA,NA,NA,NA,NA
83,65,5,NA,NA,NA,NA,NA,NA,NA,NA,NA
83,65,6,NA,NA,NA,NA,NA,NA,NA,NA,NA
83,65,7,NA,NA,NA,NA,NA,NA,NA,NA,NA
83,65,8,NA,NA,NA,NA,NA,NA,NA,NA,NA
83,66,1,NA,NA,NA,NA,NA,NA,NA,NA,NA
83,66,2,NA,NA,NA,NA,NA,NA,NA,NA,NA
83,66,3,NA,NA,NA,NA,NA,NA,NA,NA,NA
83,66,4,NA,NA,NA,NA,NA,NA,NA,NA,NA
83,66,5,NA,NA,NA,NA,NA,NA,NA,NA,NA
83,66,6,NA,NA,NA,NA,NA,NA,NA,NA,NA
83,66,7,NA,NA,NA,NA,NA,NA,NA,NA,NA
83,66,8,NA,NA,NA,NA,NA,NA,NA,NA,NA
83,67,1,NA,NA,NA,NA,NA,NA,NA,NA,NA
83,67,2,NA,NA,NA,NA,NA,NA,NA,NA,NA
83,67,3,NA,NA,NA,NA,NA,NA,NA,NA,NA
83,67,4,NA,NA,NA,NA,NA,NA,NA,NA,NA
83,67,5,NA,NA,NA,NA,NA,NA,NA,NA,NA
83,67,6,NA,NA,NA,NA,NA,NA,NA,NA,NA
83,67,7,NA,NA,NA,NA,NA,NA,NA,NA,NA
83,67,8,NA,NA,NA,NA,NA,NA,NA,NA,NA
83,68,1,NA,NA,NA,NA,NA,NA,NA,NA,NA
83,68,2,NA,NA,NA,NA,NA,NA,NA,NA,NA
83,68,3,NA,NA,NA,NA,NA,NA,NA,NA,NA
83,68,4,NA,NA,NA,NA,NA,NA,NA,NA,NA
83,68,5,NA,NA,NA,NA,NA,NA,NA,NA,NA
83,68,6,NA,NA,NA,NA,NA,NA,NA,NA,NA
83,68,7,NA,NA,NA,NA,NA,NA,NA,NA,NA
83,68,8,NA,NA,NA,NA,NA,NA,NA,NA,NA
83,69,1,NA,NA,NA,NA,NA,NA,NA,NA,NA
83,69,2,NA,NA,NA,NA,NA,NA,NA,NA,NA
83,69,3,NA,NA,NA,NA,NA,NA,NA,NA,NA
83,69,4,NA,NA,NA,NA,NA,NA,NA,NA,NA
83,69,5,NA,NA,NA,NA,NA,NA,NA,NA,NA
83,69,6,NA,NA,NA,NA,NA,NA,NA,NA,NA
83,69,7,NA,NA,NA,NA,NA,NA,NA,NA,NA
83,69,8,NA,NA,NA,NA,NA,NA,NA,NA,NA
83,70,1,NA,NA,NA,NA,NA,NA,NA,NA,NA
83,70,2,NA,NA,NA,NA,NA,NA,NA,NA,NA
83,70,3,NA,NA,NA,NA,NA,NA,NA,NA,NA
83,70,4,NA,NA,NA,NA,NA,NA,NA,NA,NA
83,70,5,NA,NA,NA,NA,NA,NA,NA,NA,NA
83,70,6,NA,NA,NA,NA,NA,NA,NA,NA,NA
83,70,7,NA,NA,NA,NA,NA,NA,NA,NA,NA
83,70,8,NA,NA,NA,NA,NA,NA,NA,NA,NA
83,71,1,NA,NA,NA,NA,NA,NA,NA,NA,NA
83,71,2,NA,NA,NA,NA,NA,NA,NA,NA,NA
83,71,3,NA,NA,NA,NA,NA,NA,NA,NA,NA
83,71,4,NA,NA,NA,NA,NA,NA,NA,NA,NA
83,71,5,NA,NA,NA,NA,NA,NA,NA,NA,NA
83,71,6,NA,NA,NA,NA,NA,NA,NA,NA,NA
83,71,7,NA,NA,NA,NA,NA,NA,NA,NA,NA
83,71,8,NA,NA,NA,NA,NA,NA,NA,NA,NA
83,72,1,NA,NA,NA,NA,NA,NA,NA,NA,NA
83,72,2,NA,NA,NA,NA,NA,NA,NA,NA,NA
83,72,3,NA,NA,NA,NA,NA,NA,NA,NA,NA
83,72,4,NA,NA,NA,NA,NA,NA,NA,NA,NA
83,72,5,NA,NA,NA,NA,NA,NA,NA,NA,NA
83,72,6,NA,NA,NA,NA,NA,NA,NA,NA,NA
83,72,7,NA,NA,NA,NA,NA,NA,NA,NA,NA
83,72,8,NA,NA,NA,NA,NA,NA,NA,NA,NA
83,73,1,NA,NA,NA,NA,NA,NA,NA,NA,NA
83,73,2,NA,NA,NA,NA,NA,NA,NA,NA,NA
83,73,3,NA,NA,NA,NA,NA,NA,NA,NA,NA
83,73,4,NA,NA,NA,NA,NA,NA,NA,NA,NA
83,73,5,NA,NA,NA,NA,NA,NA,NA,NA,NA
83,73,6,NA,NA,NA,NA,NA,NA,NA,NA,NA
83,73,7,NA,NA,NA,NA,NA,NA,NA,NA,NA
83,73,8,NA,NA,NA,NA,NA,NA,NA,NA,NA
83,74,1,NA,NA,NA,NA,NA,NA,NA,NA,NA
83,74,2,NA,NA,NA,NA,NA,NA,NA,NA,NA
83,74,3,NA,NA,NA,NA,NA,NA,NA,NA,NA
83,74,4,NA,NA,NA,NA,NA,NA,NA,NA,NA
83,74,5,NA,NA,NA,NA,NA,NA,NA,NA,NA
83,74,6,NA,NA,NA,NA,NA,NA,NA,NA,NA
83,74,7,NA,NA,NA,NA,NA,NA,NA,NA,NA
83,74,8,NA,NA,NA,NA,NA,NA,NA,NA,NA
83,75,1,NA,NA,NA,NA,NA,NA,NA,NA,NA
83,75,2,NA,NA,NA,NA,NA,NA,NA,NA,NA
83,75,3,NA,NA,NA,NA,NA,NA,NA,NA,NA
83,75,4,NA,NA,NA,NA,NA,NA,NA,NA,NA
83,75,5,NA,NA,NA,NA,NA,NA,NA,NA,NA
83,75,6,NA,NA,NA,NA,NA,NA,NA,NA,NA
83,75,7,NA,NA,NA,NA,NA,NA,NA,NA,NA
83,75,8,NA,NA,NA,NA,NA,NA,NA,NA,NA
83,76,1,NA,NA,NA,NA,NA,NA,NA,NA,NA
83,76,2,NA,NA,NA,NA,NA,NA,NA,NA,NA
83,76,3,NA,NA,NA,NA,NA,NA,NA,NA,NA
83,76,4,NA,NA,NA,NA,NA,NA,NA,NA,NA
83,76,5,NA,NA,NA,NA,NA,NA,NA,NA,NA
83,76,6,NA,NA,NA,NA,NA,NA,NA,NA,NA
83,76,7,NA,NA,NA,NA,NA,NA,NA,NA,NA
83,76,8,NA,NA,NA,NA,NA,NA,NA,NA,NA
83,77,1,NA,NA,NA,NA,NA,NA,NA,NA,NA
83,77,2,NA,NA,NA,NA,NA,NA,NA,NA,NA
83,77,3,NA,NA,NA,NA,NA,NA,NA,NA,NA
83,77,4,NA,NA,NA,NA,NA,NA,NA,NA,NA
83,77,5,NA,NA,NA,NA,NA,NA,NA,NA,NA
83,77,6,NA,NA,NA,NA,NA,NA,NA,NA,NA
83,77,7,NA,NA,NA,NA,NA,NA,NA,NA,NA
83,77,8,NA,NA,NA,NA,NA,NA,NA,NA,NA
83,78,1,NA,NA,NA,NA,NA,NA,NA,NA,NA
83,78,2,NA,NA,NA,NA,NA,NA,NA,NA,NA
83,78,3,NA,NA,NA,NA,NA,NA,NA,NA,NA
83,78,4,NA,NA,NA,NA,NA,NA,NA,NA,NA
83,78,5,NA,NA,NA,NA,NA,NA,NA,NA,NA
83,78,6,NA,NA,NA,NA,NA,NA,NA,NA,NA
83,78,7,NA,NA,NA,NA,NA,NA,NA,NA,NA
83,78,8,NA,NA,NA,NA,NA,NA,NA,NA,NA
83,79,1,NA,NA,NA,NA,NA,NA,NA,NA,NA
83,79,2,NA,NA,NA,NA,NA,NA,NA,NA,NA
83,79,3,NA,NA,NA,NA,NA,NA,NA,NA,NA
83,79,4,NA,NA,NA,NA,NA,NA,NA,NA,NA
83,79,5,NA,NA,NA,NA,NA,NA,NA,NA,NA
83,79,6,NA,NA,NA,NA,NA,NA,NA,NA,NA
83,79,7,NA,NA,NA,NA,NA,NA,NA,NA,NA
83,79,8,NA,NA,NA,NA,NA,NA,NA,NA,NA
83,80,1,NA,NA,NA,NA,NA,NA,NA,NA,NA
83,80,2,NA,NA,NA,NA,NA,NA,NA,NA,NA
83,80,3,NA,NA,NA,NA,NA,NA,NA,NA,NA
83,80,4,NA,NA,NA,NA,NA,NA,NA,NA,NA
83,80,5,NA,NA,NA,NA,NA,NA,NA,NA,NA
83,80,6,NA,NA,NA,NA,NA,NA,NA,NA,NA
83,80,7,NA,NA,NA,NA,NA,NA,NA,NA,NA
83,80,8,NA,NA,NA,NA,NA,NA,NA,NA,NA
83,81,1,NA,NA,NA,NA,NA,NA,NA,NA,NA
83,81,2,NA,NA,NA,NA,NA,NA,NA,NA,NA
83,81,3,NA,NA,NA,NA,NA,NA,NA,NA,NA
83,81,4,NA,NA,NA,NA,NA,NA,NA,NA,NA
83,81,5,NA,NA,NA,NA,NA,NA,NA,NA,NA
83,81,6,NA,NA,NA,NA,NA,NA,NA,NA,NA
83,81,7,NA,NA,NA,NA,NA,NA,NA,NA,NA
83,81,8,NA,NA,NA,NA,NA,NA,NA,NA,NA
83,82,1,NA,NA,NA,NA,NA,NA,NA,NA,NA
83,82,2,NA,NA,NA,NA,NA,NA,NA,NA,NA
83,82,3,NA,NA,NA,NA,NA,NA,NA,NA,NA
83,82,4,NA,NA,NA,NA,NA,NA,NA,NA,NA
83,82,5,NA,NA,NA,NA,NA,NA,NA,NA,NA
83,82,6,NA,NA,NA,NA,NA,NA,NA,NA,NA
83,82,7,NA,NA,NA,NA,NA,NA,NA,NA,NA
83,82,8,NA,NA,NA,NA,NA,NA,NA,NA,NA
83,83,1,NA,NA,NA,NA,NA,NA,NA,NA,NA
83,83,2,NA,NA,NA,NA,NA,NA,NA,NA,NA
83,83,3,NA,NA,NA,NA,NA,NA,NA,NA,NA
83,83,4,NA,NA,NA,NA,NA,NA,NA,NA,NA
83,83,5,NA,NA,NA,NA,NA,NA,NA,NA,NA
83,83,6,NA,NA,NA,NA,NA,NA,NA,NA,NA
83,83,7,NA,NA,NA,NA,NA,NA,NA,NA,NA
83,83,8,NA,NA,NA,NA,NA,NA,NA,NA,NA
83,84,1,NA,NA,NA,NA,NA,NA,NA,NA,NA
83,84,2,NA,NA,NA,NA,NA,NA,NA,NA,NA
83,84,3,NA,NA,NA,NA,NA,NA,NA,NA,NA
83,84,4,NA,NA,NA,NA,NA,NA,NA,NA,NA
83,84,5,NA,NA,NA,NA,NA,NA,NA,NA,NA
83,84,6,NA,NA,NA,NA,NA,NA,NA,NA,NA
83,84,7,NA,NA,NA,NA,NA,NA,NA,NA,NA
83,84,8,NA,NA,NA,NA,NA,NA,NA,NA,NA
83,85,1,NA,NA,NA,NA,NA,NA,NA,NA,NA
83,85,2,NA,NA,NA,NA,NA,NA,NA,NA,NA
83,85,3,NA,NA,NA,NA,NA,NA,NA,NA,NA
83,85,4,NA,NA,NA,NA,NA,NA,NA,NA,NA
83,85,5,NA,NA,NA,NA,NA,NA,NA,NA,NA
83,85,6,NA,NA,NA,NA,NA,NA,NA,NA,NA
83,85,7,NA,NA,NA,NA,NA,NA,NA,NA,NA
83,85,8,NA,NA,NA,NA,NA,NA,NA,NA,NA
83,86,1,NA,NA,NA,NA,NA,NA,NA,NA,NA
83,86,2,NA,NA,NA,NA,NA,NA,NA,NA,NA
83,86,3,NA,NA,NA,NA,NA,NA,NA,NA,NA
83,86,4,NA,NA,NA,NA,NA,NA,NA,NA,NA
83,86,5,NA,NA,NA,NA,NA,NA,NA,NA,NA
83,86,6,NA,NA,NA,NA,NA,NA,NA,NA,NA
83,86,7,NA,NA,NA,NA,NA,NA,NA,NA,NA
83,86,8,NA,NA,NA,NA,NA,NA,NA,NA,NA
83,87,1,NA,NA,NA,NA,NA,NA,NA,NA,NA
83,87,2,NA,NA,NA,NA,NA,NA,NA,NA,NA
83,87,3,NA,NA,NA,NA,NA,NA,NA,NA,NA
83,87,4,NA,NA,NA,NA,NA,NA,NA,NA,NA
83,87,5,NA,NA,NA,NA,NA,NA,NA,NA,NA
83,87,6,NA,NA,NA,NA,NA,NA,NA,NA,NA
83,87,7,NA,NA,NA,NA,NA,NA,NA,NA,NA
83,87,8,NA,NA,NA,NA,NA,NA,NA,NA,NA
83,88,1,NA,NA,NA,NA,NA,NA,NA,NA,NA
83,88,2,NA,NA,NA,NA,NA,NA,NA,NA,NA
83,88,3,NA,NA,NA,NA,NA,NA,NA,NA,NA
83,88,4,NA,NA,NA,NA,NA,NA,NA,NA,NA
83,88,5,NA,NA,NA,NA,NA,NA,NA,NA,NA
83,88,6,NA,NA,NA,NA,NA,NA,NA,NA,NA
83,88,7,NA,NA,NA,NA,NA,NA,NA,NA,NA
83,88,8,NA,NA,NA,NA,NA,NA,NA,NA,NA
83,89,1,NA,NA,NA,NA,NA,NA,NA,NA,NA
83,89,2,NA,NA,NA,NA,NA,NA,NA,NA,NA
83,89,3,NA,NA,NA,NA,NA,NA,NA,NA,NA
83,89,4,NA,NA,NA,NA,NA,NA,NA,NA,NA
83,89,5,NA,NA,NA,NA,NA,NA,NA,NA,NA
83,89,6,NA,NA,NA,NA,NA,NA,NA,NA,NA
83,89,7,NA,NA,NA,NA,NA,NA,NA,NA,NA
83,89,8,NA,NA,NA,NA,NA,NA,NA,NA,NA
83,90,1,NA,NA,NA,NA,NA,NA,NA,NA,NA
83,90,2,NA,NA,NA,NA,NA,NA,NA,NA,NA
83,90,3,NA,NA,NA,NA,NA,NA,NA,NA,NA
83,90,4,NA,NA,NA,NA,NA,NA,NA,NA,NA
83,90,5,NA,NA,NA,NA,NA,NA,NA,NA,NA
83,90,6,NA,NA,NA,NA,NA,NA,NA,NA,NA
83,90,7,NA,NA,NA,NA,NA,NA,NA,NA,NA
83,90,8,NA,NA,NA,NA,NA,NA,NA,NA,NA
83,91,1,NA,NA,NA,NA,NA,NA,NA,NA,NA
83,91,2,NA,NA,NA,NA,NA,NA,NA,NA,NA
83,91,3,NA,NA,NA,NA,NA,NA,NA,NA,NA
83,91,4,NA,NA,NA,NA,NA,NA,NA,NA,NA
83,91,5,NA,NA,NA,NA,NA,NA,NA,NA,NA
83,91,6,NA,NA,NA,NA,NA,NA,NA,NA,NA
83,91,7,NA,NA,NA,NA,NA,NA,NA,NA,NA
83,91,8,NA,NA,NA,NA,NA,NA,NA,NA,NA
83,92,1,NA,NA,NA,NA,NA,NA,NA,NA,NA
83,92,2,NA,NA,NA,NA,NA,NA,NA,NA,NA
83,92,3,NA,NA,NA,NA,NA,NA,NA,NA,NA
83,92,4,NA,NA,NA,NA,NA,NA,NA,NA,NA
83,92,5,NA,NA,NA,NA,NA,NA,NA,NA,NA
83,92,6,NA,NA,NA,NA,NA,NA,NA,NA,NA
83,92,7,NA,NA,NA,NA,NA,NA,NA,NA,NA
83,92,8,NA,NA,NA,NA,NA,NA,NA,NA,NA
83,93,1,NA,NA,NA,NA,NA,NA,NA,NA,NA
83,93,2,NA,NA,NA,NA,NA,NA,NA,NA,NA
83,93,3,NA,NA,NA,NA,NA,NA,NA,NA,NA
83,93,4,NA,NA,NA,NA,NA,NA,NA,NA,NA
83,93,5,NA,NA,NA,NA,NA,NA,NA,NA,NA
83,93,6,NA,NA,NA,NA,NA,NA,NA,NA,NA
83,93,7,NA,NA,NA,NA,NA,NA,NA,NA,NA
83,93,8,NA,NA,NA,NA,NA,NA,NA,NA,NA
83,94,1,NA,NA,NA,NA,NA,NA,NA,NA,NA
83,94,2,NA,NA,NA,NA,NA,NA,NA,NA,NA
83,94,3,NA,NA,NA,NA,NA,NA,NA,NA,NA
83,94,4,NA,NA,NA,NA,NA,NA,NA,NA,NA
83,94,5,NA,NA,NA,NA,NA,NA,NA,NA,NA
83,94,6,NA,NA,NA,NA,NA,NA,NA,NA,NA
83,94,7,NA,NA,NA,NA,NA,NA,NA,NA,NA
83,94,8,NA,NA,NA,NA,NA,NA,NA,NA,NA
83,95,1,NA,NA,NA,NA,NA,NA,NA,NA,NA
83,95,2,NA,NA,NA,NA,NA,NA,NA,NA,NA
83,95,3,NA,NA,NA,NA,NA,NA,NA,NA,NA
83,95,4,NA,NA,NA,NA,NA,NA,NA,NA,NA
83,95,5,NA,NA,NA,NA,NA,NA,NA,NA,NA
83,95,6,NA,NA,NA,NA,NA,NA,NA,NA,NA
83,95,7,NA,NA,NA,NA,NA,NA,NA,NA,NA
83,95,8,NA,NA,NA,NA,NA,NA,NA,NA,NA
83,96,1,NA,NA,NA,NA,NA,NA,NA,NA,NA
83,96,2,NA,NA,NA,NA,NA,NA,NA,NA,NA
83,96,3,NA,NA,NA,NA,NA,NA,NA,NA,NA
83,96,4,NA,NA,NA,NA,NA,NA,NA,NA,NA
83,96,5,NA,NA,NA,NA,NA,NA,NA,NA,NA
83,96,6,NA,NA,NA,NA,NA,NA,NA,NA,NA
83,96,7,NA,NA,NA,NA,NA,NA,NA,NA,NA
83,96,8,NA,NA,NA,NA,NA,NA,NA,NA,NA
83,97,1,NA,NA,NA,NA,NA,NA,NA,NA,NA
83,97,2,NA,NA,NA,NA,NA,NA,NA,NA,NA
83,97,3,NA,NA,NA,NA,NA,NA,NA,NA,NA
83,97,4,NA,NA,NA,NA,NA,NA,NA,NA,NA
83,97,5,NA,NA,NA,NA,NA,NA,NA,NA,NA
83,97,6,NA,NA,NA,NA,NA,NA,NA,NA,NA
83,97,7,NA,NA,NA,NA,NA,NA,NA,NA,NA
83,97,8,NA,NA,NA,NA,NA,NA,NA,NA,NA
83,98,1,NA,NA,NA,NA,NA,NA,NA,NA,NA
83,98,2,NA,NA,NA,NA,NA,NA,NA,NA,NA
83,98,3,NA,NA,NA,NA,NA,NA,NA,NA,NA
83,98,4,NA,NA,NA,NA,NA,NA,NA,NA,NA
83,98,5,NA,NA,NA,NA,NA,NA,NA,NA,NA
83,98,6,NA,NA,NA,NA,NA,NA,NA,NA,NA
83,98,7,NA,NA,NA,NA,NA,NA,NA,NA,NA
83,98,8,NA,NA,NA,NA,NA,NA,NA,NA,NA
83,99,1,NA,NA,NA,NA,NA,NA,NA,NA,NA
83,99,2,NA,NA,NA,NA,NA,NA,NA,NA,NA
83,99,3,NA,NA,NA,NA,NA,NA,NA,NA,NA
83,99,4,NA,NA,NA,NA,NA,NA,NA,NA,NA
83,99,5,NA,NA,NA,NA,NA,NA,NA,NA,NA
83,99,6,NA,NA,NA,NA,NA,NA,NA,NA,NA
83,99,7,NA,NA,NA,NA,NA,NA,NA,NA,NA
83,99,8,NA,NA,NA,NA,NA,NA,NA,NA,NA
83,100,1,NA,NA,NA,NA,NA,NA,NA,NA,NA
83,100,2,NA,NA,NA,NA,NA,NA,NA,NA,NA
83,100,3,NA,NA,NA,NA,NA,NA,NA,NA,NA
83,100,4,NA,NA,NA,NA,NA,NA,NA,NA,NA
83,100,5,NA,NA,NA,NA,NA,NA,NA,NA,NA
83,100,6,NA,NA,NA,NA,NA,NA,NA,NA,NA
83,100,7,NA,NA,NA,NA,NA,NA,NA,NA,NA
83,100,8,NA,NA,NA,NA,NA,NA,NA,NA,NA
84,1,1,2817.032,1533.60423647197,0,0,0,81,0,0,0
84,1,2,2807.0256,550.060674535204,0,0,0,43,0,0,0
84,1,3,2810.08,1894.72243761388,1,0,0,66,0,0,0
84,1,4,2808.184,342.470588136236,0,0,0,29,0,0,0
84,1,5,2816.2256,1301.30162944968,0,0,0,92,0,0,0
84,1,6,2820.28,662.138477487168,0,0,0,68,0,0,0
84,1,7,20195.5647999999,4903.74085884067,0,0,0,75,0,0,0
84,1,8,0,4,0,0,0,81,0,0,0
84,2,1,2834.512,535.767387094501,0,0,0,153,0,0,0
84,2,2,2807.7696,1107.46406700795,0,0,0,55,0,0,0
84,2,3,2829.344,1237.53315234844,0,0,0,176,0,0,0
84,2,4,2798.888,1118.8362734541,0,0,0,34,0,0,0
84,2,5,2826.89728,1760.90410208226,0,0,0,130,0,0,0
84,2,6,2821.7744,1624.41365640665,0,0,0,66,0,0,0
84,2,7,20137.8911999998,7708.44742067197,3,13,0,196,0,0,0
84,2,8,0,4,0,0,0,0,0,0,0
84,3,1,2829.296,1074.17209683274,0,27,0,26,0,0,0
84,3,2,2804.02912,954.219067526539,0,47,0,63,0,0,0
84,3,3,2817.792,1213.84523793737,0,78,0,45,0,0,0
84,3,4,2795.43168,1147.10424403893,0,59,0,52,0,0,0
84,3,5,2832.06048,1680.50111882846,0,83,0,93,0,0,0
84,3,6,2825.1904,1146.34160491576,0,69,0,93,0,0,0
84,3,7,20076.9695999997,5483.94811194861,7,203,0,183,0,0,0
84,3,8,0,4,0,0,0,0,0,0,0
84,4,1,2841.3984,1559.38739179063,0,0,0,107,0,0,0
84,4,2,2816.94112,812.633615811869,0,0,0,95,0,0,0
84,4,3,2837.88319999999,949.428403169394,0,0,0,121,0,0,0
84,4,4,2814.24096,561.949858854106,0,0,0,114,0,0,0
84,4,5,2864.29727999999,1620.39936117378,0,0,0,168,0,0,0
84,4,6,2845.264,1821.00653755184,0,0,0,114,0,0,0
84,4,7,20046.7757439997,7429.11255551872,36,0,0,166,0,0,0
84,4,8,0,4,0,0,0,0,0,0,0
84,5,1,2864.56768,1023.21997167967,0,0,0,155,0,0,0
84,5,2,2826.17472,1005.45130758124,0,0,0,81,0,0,0
84,5,3,2854.0912,783.762948801197,0,0,0,94,0,0,0
84,5,4,2821.75776,1145.01303261924,0,0,0,56,0,0,0
84,5,5,2897.91968,1156.92190157122,0,0,0,162,0,0,0
84,5,6,2878.8176,1224.58642861656,0,0,0,182,0,0,0
84,5,7,20017.2688639996,11312.8538370668,31,0,0,203,0,0,0
84,5,8,0,4,0,0,0,0,0,0,0
84,6,1,2874.86848,758.421608191468,0,0,0,102,0,0,0
84,6,2,2835.60192,1707.90212822401,0,0,0,100,0,0,0
84,6,3,2863.83072,588.028153879514,0,0,0,78,0,0,0
84,6,4,2839.90976,653.010252062697,0,0,0,114,0,0,0
84,6,5,2912.36959999999,1533.40942285029,0,0,0,115,0,0,0
84,6,6,2898.8976,1208.0295482974,0,0,0,122,0,0,0
84,6,7,20007.2592639996,6057.36812433565,23,0,0,328,0,0,0
84,6,8,0,4,0,0,0,0,0,0,0
84,7,1,2881.10336,1096.59067529906,0,0,0,75,0,0,0
84,7,2,2864.25504,603.797507265474,0,0,0,170,0,0,0
84,7,3,2868.65184,1432.25579388468,0,0,0,58,0,0,0
84,7,4,2850.185216,1095.68531280486,0,0,0,65,0,0,0
84,7,5,2946.5221888,887.949981583087,0,0,0,153,0,0,0
84,7,6,2920.49216,1401.50912168409,0,0,0,120,0,0,0
84,7,7,19976.4724991994,7953.02470646615,48,0,0,185,0,0,0
84,7,8,0,4,0,0,0,0,0,0,0
84,8,1,2889.587584,979.473467552129,0,0,0,109,0,0,0
84,8,2,2864.23305984,1766.39296964138,0,0,0,60,0,0,0
84,8,3,2885.814464,1036.06137907705,0,0,0,143,0,0,0
84,8,4,2863.886016,873.475844666297,0,0,0,109,0,0,0
84,8,5,2957.9189888,990.293683607309,0,0,0,88,0,0,0
84,8,6,2943.15264,1660.31672189506,0,0,0,140,0,0,0
84,8,7,19938.1004031994,4051.58287324934,42,0,0,180,0,0,0
84,8,8,0,4,0,0,0,0,0,0,0
84,9,1,2896.672384,1323.69703922743,0,0,0,97,0,0,0
84,9,2,2879.36464384,1139.40341656762,6,0,0,155,0,0,0
84,9,3,2892.754944,965.594918816405,0,0,0,103,0,0,0
84,9,4,2871.621696,1051.73393989532,0,0,0,87,0,0,0
84,9,5,2972.1561088,762.169343383152,0,0,0,99,0,0,0
84,9,6,2963.98432,1590.25352063067,5,0,0,148,0,0,0
84,9,7,19902.1996031993,5597.56153251885,62,0,0,184,0,0,0
84,9,8,0,4,0,0,0,0,0,0,0
84,10,1,2910.382464,1261.26976931431,0,0,0,132,0,0,0
84,10,2,2883.55472384001,1513.25891938639,0,0,0,113,0,0,0
84,10,3,2896.850944,498.395353267222,0,0,0,96,0,0,0
84,10,4,2883.412096,1600.61950191066,0,0,0,105,0,0,0
84,10,5,2978.3977088,781.479899128299,0,0,0,76,0,0,0
84,10,6,2988.92128,1220.70160839713,0,0,0,159,0,0,0
84,10,7,19859.3125631993,9924.38509677872,41,0,0,176,0,0,0
84,10,8,0,4,0,0,0,0,0,0,0
84,11,1,2920.64998400001,731.091479064318,0,0,0,126,0,0,0
84,11,2,2896.43728384,979.120387494223,0,0,0,151,0,0,0
84,11,3,2886.80112384001,1332.41352625225,0,0,0,49,0,0,0
84,11,4,2903.7272832,1389.26865537202,0,0,0,160,0,0,0
84,11,5,2984.3269888,1266.48530369694,0,0,0,78,0,0,0
84,11,6,3006.472192,1237.48168992868,0,0,0,122,0,0,0
84,11,7,19826.9333631992,8240.53244545057,28,1,0,228,0,0,1
84,11,8,0,4,0,0,0,0,0,0,0
84,12,1,2917.35788800001,1558.03154636671,0,0,0,73,0,0,0
84,12,2,2896.04355584,1619.39561155893,0,0,0,97,0,0,0
84,12,3,2895.88784384001,1212.61297819254,0,0,0,133,0,0,0
84,12,4,2916.0997632,1533.20194177547,0,0,0,138,0,0,0
84,12,5,2998.1355136,1018.98832679915,0,0,0,126,0,0,0
84,12,6,3024.259584,890.624932918746,0,0,0,123,0,0,0
84,12,7,19787.4156671992,7467.14238088427,60,0,0,194,0,0,0
84,12,8,0,4,0,0,0,0,0,0,0
84,13,1,2936.26675200001,1129.77833721435,0,0,0,155,0,0,0
84,13,2,2912.18908160001,1252.76122767248,0,2,0,151,0,0,0
84,13,3,2904.27568384001,821.295898049794,0,0,0,121,0,0,0
84,13,4,2936.83561984,974.881466500233,0,0,0,152,0,0,0
84,13,5,3007.1342336,859.692624163032,0,0,0,101,0,0,0
84,13,6,3031.65547776,1585.6710760024,0,0,0,89,0,0,0
84,13,7,19760.6797311991,10422.5478386194,0,178,0,212,0,0,0
84,13,8,0,4,0,0,0,0,0,0,0
84,14,1,2938.74355200001,1516.42735213733,0,0,0,112,0,0,0
84,14,2,2917.38992640001,1433.54031424895,0,0,0,125,0,0,0
84,14,3,2900.24688384001,799.942778943603,0,0,0,82,0,0,0
84,14,4,2939.57769984,1352.50816119284,0,0,0,97,0,0,0
84,14,5,3008.4144896,1337.5771348634,0,0,0,85,0,0,0
84,14,6,3052.82226176,919.841105436297,0,0,0,158,0,0,0
84,14,7,19742.6796671991,8441.15311022497,28,1,0,193,0,0,0
84,14,8,0,4,0,0,0,0,0,0,0
84,15,1,2947.42275072001,939.246269867794,0,0,0,151,0,0,0
84,15,2,2920.94270720001,1122.90759511912,0,0,0,143,0,0,0
84,15,3,2894.70920704001,647.943501907026,0,0,0,79,0,0,0
84,15,4,2949.90717184,639.881683815973,0,0,0,135,0,0,0
84,15,5,3018.69597184,670.104042488888,0,0,0,133,0,0,0
84,15,6,3057.51609856,806.892413519056,0,0,0,91,0,0,0
84,15,7,19719.3901439991,6155.81249304714,3,196,0,197,0,0,0
84,15,8,0,4,0,0,0,0,0,0,0
84,16,1,2950.65322752001,605.764782939565,0,0,0,93,0,0,0
84,16,2,2924.46324736001,1149.29017449458,0,0,0,112,0,0,0
84,16,3,2886.50321664002,783.810185814029,0,0,0,64,0,0,0
84,16,4,2945.42939904,1770.08838861934,0,0,0,63,0,0,0
84,16,5,3019.71083264,1107.29438128059,0,0,0,67,0,0,0
84,16,6,3063.487775232,939.191289758981,0,0,0,80,0,0,0
84,16,7,19726.610355199,7945.90350849275,28,0,0,173,0,0,0
84,16,8,0,4,0,0,0,0,0,0,0
84,17,1,2944.06399232001,1580.80534506979,0,0,0,60,0,0,0
84,17,2,2928.17137715201,1545.56195802778,0,0,0,114,0,0,0
84,17,3,2880.06824448002,1132.44982416282,0,0,0,78,0,0,0
84,17,4,2970.01659904,2166.19435639088,0,0,0,177,0,0,0
84,17,5,3030.20230144,346.937627562061,0,0,0,110,0,0,0
84,17,6,3077.74386083841,1037.96740242833,0,0,0,93,0,0,0
84,17,7,19738.156518399,9509.15176277103,21,0,0,207,0,0,2
84,17,8,0,4,0,0,0,0,0,0,0
84,18,1,2963.83310592001,500.126683336358,0,0,0,158,0,0,0
84,18,2,2934.87122636802,2010.21967943441,0,0,0,154,0,0,0
84,18,3,2876.55478988802,1197.81601647451,0,0,0,113,0,0,0
84,18,4,2986.21720576,1071.55461149445,0,3,0,184,0,0,0
84,18,5,3017.68154624001,946.36583929949,0,0,0,34,0,0,0
84,18,6,3085.76460236801,762.337486247953,0,0,0,103,0,0,0
84,18,7,19738.7053823989,8260.72872498827,0,84,0,193,0,0,0
84,18,8,0,4,0,0,0,0,0,0,0
84,19,1,2944.66020618241,1418.57018051707,0,0,0,50,0,0,0
84,19,2,2945.06814668802,1699.39834241042,0,3,0,176,0,0,0
84,19,3,2874.23906508802,1667.76949857599,0,0,0,119,0,0,0
84,19,4,2981.52592691201,1119.22169470963,0,0,0,107,0,0,0
84,19,5,3016.97701120001,595.749088748959,0,0,0,94,0,0,0
84,19,6,3085.89484236801,794.9362250254,0,0,0,76,0,0,0
84,19,7,19735.4550015989,6826.46233384143,0,121,0,184,0,0,0
84,19,8,0,4,0,0,0,0,0,0,0
84,20,1,2949.01138698241,620.126684510757,0,0,0,141,0,0,0
84,20,2,2952.61320693762,1810.95062974273,0,0,0,169,0,0,0
84,20,3,2880.05918668802,2017.85653423566,0,0,0,166,0,0,0
84,20,4,2978.86672803841,1000.29483658768,0,0,0,111,0,0,0
84,20,5,3007.92404275201,1204.75049968941,0,0,0,59,0,0,0
84,20,6,3088.80896716801,889.646442015399,0,0,0,79,0,0,0
84,20,7,19750.5158655989,6527.76059571614,34,0,0,193,0,0,0
84,20,8,0,4,0,0,0,0,0,0,0
84,21,1,2940.63651952642,1381.81581290957,0,0,0,62,0,0,0
84,21,2,2961.36378259868,1205.66492653373,0,2,0,174,0,0,0
84,21,3,2888.87633612802,1167.1882632051,0,12,0,168,0,0,0
84,21,4,2974.80446371841,1033.77997487429,0,0,0,100,0,0,0
84,21,5,3008.06880677889,1222.86251896524,0,0,0,120,0,0,0
84,21,6,3090.91826636801,1322.41528702093,0,0,0,88,0,0,0
84,21,7,19761.5324031989,8379.22732880174,0,170,0,192,0,0,0
84,21,8,0,4,0,0,0,0,0,0,0
84,22,1,2939.45760112642,810.970606999696,0,0,0,138,0,0,0
84,22,2,2959.73758407068,1253.17215575861,0,0,0,120,0,0,0
84,22,3,2885.90444236802,950.923084459432,0,0,0,116,0,0,0
84,22,4,2966.07030118401,669.295901267618,0,0,0,103,0,0,0
84,22,5,3006.86810441729,2078.28309839535,0,0,0,122,0,0,0
84,22,6,3101.04015982593,1030.39306189927,0,0,0,132,0,0,0
84,22,7,19799.0629119989,6728.13851416648,22,0,0,242,0,0,0
84,22,8,0,4,0,0,0,0,0,0,0
84,23,1,2923.27077488642,1022.82814347019,0,44,0,37,0,0,0
84,23,2,2940.98370399521,1116.32695191417,0,61,0,64,0,0,0
84,23,3,2867.86299811842,1645.53561951591,0,40,0,55,0,0,0
84,23,4,2945.94417561601,1758.78673058768,0,34,0,32,0,0,0
84,23,5,2998.04089960859,1052.55854004109,0,114,0,93,0,0,0
84,23,6,3090.58991726593,1164.52412245798,0,50,0,53,0,0,0
84,23,7,19831.3910655989,7856.96484463938,5,173,0,227,0,0,0
84,23,8,0,4,0,0,0,0,0,0,0
84,24,1,2934.89372272642,1382.92693838853,0,0,0,102,0,0,0
84,24,2,2944.73012821281,1276.30968457968,0,0,0,111,0,0,0
84,24,3,2883.30076221442,1595.74367391711,0,0,0,164,0,0,0
84,24,4,2964.33127065601,727.767483902032,0,0,0,175,0,0,0
84,24,5,3010.75186024859,1906.35562398108,0,0,0,105,0,0,0
84,24,6,3113.42695227394,1140.531523415,0,0,0,116,0,0,0
84,24,7,19869.5141683188,11977.2346788634,29,0,0,207,0,0,0
84,24,8,0,4,0,0,0,0,0,0,0
84,25,1,2947.05032560642,1522.24706691945,0,0,0,138,0,0,0
84,25,2,2945.97232837921,1000.42550030718,0,0,0,127,0,0,0
84,25,3,2892.77249495042,932.544402000689,0,0,0,159,0,0,0
84,25,4,2958.69626572801,1834.75344609106,0,0,0,72,0,0,0
84,25,5,3036.25194088859,1566.58387893623,0,0,0,190,0,0,0
84,25,6,3133.73941737064,1170.231608236,0,0,0,114,0,0,0
84,25,7,19892.2377062388,4941.83167962784,25,0,0,204,0,0,0
84,25,8,0,4,0,0,0,0,0,0,0
84,26,1,2961.26366330882,1163.73405150413,0,0,0,152,0,0,0
84,26,2,2946.42487463201,1421.52732179579,0,0,0,100,0,0,0
84,26,3,2885.14702499842,1520.77932452118,0,0,0,93,0,0,0
84,26,4,2975.33002997761,772.610172642675,3,0,0,155,0,0,0
84,26,5,3059.93358311606,1142.71951087724,0,0,0,156,0,0,0
84,26,6,3151.93580060264,1409.08467691181,0,0,0,117,0,0,0
84,26,7,19923.8737151988,4856.39322544643,41,0,0,202,0,0,0
84,26,8,0,4,0,0,0,0,0,0,0
84,27,1,2971.03739924482,1027.60500771461,0,0,0,116,0,0,0
84,27,2,2955.02432047746,1600.47327455684,0,0,0,142,0,0,0
84,27,3,2897.39336509442,990.463006504817,0,0,0,152,0,0,0
84,27,4,2968.41880504321,1739.28079297707,0,0,0,77,0,0,0
84,27,5,3071.36635879606,1347.4138874554,0,0,0,114,0,0,0
84,27,6,3181.03386859112,1817.43607148067,0,0,0,140,0,0,0
84,27,7,19960.1148799988,7434.86304320966,38,0,0,248,0,0,0
84,27,8,0,4,0,0,0,0,0,0,0
84,28,1,2977.29478010882,1351.44372628807,0,0,0,102,0,0,0
84,28,2,2968.71225735118,1964.12591573376,0,0,0,160,0,0,0
84,28,3,2894.43404974082,1307.73871090566,0,0,0,99,0,0,0
84,28,4,2988.85795962882,2090.9536296439,0,0,0,173,0,0,0
84,28,5,3087.49883902543,1269.17809067791,0,0,0,134,0,0,0
84,28,6,3217.99770695272,2011.05697253896,0,0,0,178,0,0,0
84,28,7,19991.6210698227,5623.39543132923,36,0,0,182,0,0,0
84,28,8,0,4,0,0,0,0,0,0,0
84,29,1,2979.5676614861,754.354648718196,29,0,0,100,0,0,0
84,29,2,2971.11105132996,800.666664219835,71,0,0,111,0,0,0
84,29,3,2898.40374650882,594.147461489337,21,0,0,105,0,0,0
84,29,4,2993.41497329666,934.182112771657,70,0,0,125,0,0,0
84,29,5,3107.9440444677,2150.75333239584,4,0,0,122,0,0,0
84,29,6,3244.0684520653,1746.42374854659,59,0,0,130,0,0,0
84,29,7,20045.6960949235,15232.5220818572,251,0,0,261,0,0,0
84,29,8,0,4,0,0,0,0,0,0,0
84,30,1,2970.7182688461,1679.60844700729,0,0,0,75,0,0,0
84,30,2,2965.21466241476,1319.20805677478,0,0,0,80,0,0,0
84,30,3,2885.87661045762,1292.82731891291,0,0,0,59,0,0,0
84,30,4,2985.85495445506,1891.13106270404,0,0,0,93,0,0,0
84,30,5,3135.92702451865,1439.87728793016,0,0,0,215,0,0,0
84,30,6,3273.7539955917,1162.34103492919,0,0,0,172,0,0,0
84,30,7,20064.9755317235,4869.84336774619,37,0,0,240,0,0,0
84,30,8,0,4,0,0,0,0,0,0,0
84,31,1,2968.7096192205,770.417986805101,96,0,0,71,0,0,0
84,31,2,2958.11575217407,1302.4869325286,67,0,0,64,0,0,0
84,31,3,2873.92815276034,837.374791155424,68,0,0,61,0,0,0
84,31,4,2988.94534119426,952.421266969502,77,0,0,112,0,0,0
84,31,5,3136.54677491865,596.111892382392,66,0,0,77,0,0,0
84,31,6,3276.7517765837,1528.24909487005,65,0,0,51,0,0,0
84,31,7,20105.5678816652,6435.08286281844,186,1,0,243,0,0,0
84,31,8,0,4,0,0,0,0,0,0,0
84,32,1,2965.4825309389,1369.76798410968,0,0,0,77,0,0,0
84,32,2,2967.54284252415,920.36725000708,0,0,0,130,0,0,0
84,32,3,2870.39526817794,1146.9198159111,0,0,0,83,0,0,0
84,32,4,2991.95915411458,1418.18715219489,0,0,0,95,0,0,0
84,32,5,3134.34382385305,1107.46846583543,0,0,0,59,0,0,0
84,32,6,3302.5352599757,1981.1559600315,0,0,0,152,0,0,0
84,32,7,20088.924372622,5242.46209716914,62,0,0,207,0,0,0
84,32,8,0,4,0,0,0,0,0,0,0
84,33,1,2955.8103114957,842.568760063081,0,77,0,59,0,0,0
84,33,2,2952.66292403864,1755.91132545587,0,53,0,39,0,0,0
84,33,3,2855.69688481794,1266.49724512768,0,63,0,51,0,0,0
84,33,4,2984.21271750658,739.387754840398,0,69,0,72,0,0,0
84,33,5,3123.82863032472,1711.46969814124,0,65,0,45,0,0,0
84,33,6,3310.02709468777,1881.70348696811,0,116,0,82,0,0,0
84,33,7,20079.787627662,6477.40340062082,2,200,0,254,0,0,0
84,33,8,0,4,0,0,0,0,0,0,0
84,34,1,2962.3825535181,970.055255215786,0,0,0,84,0,0,0
84,34,2,2981.02170406552,1599.00172560585,0,0,0,171,0,0,0
84,34,3,2868.36412692482,1195.4508265555,0,0,0,126,0,0,0
84,34,4,2991.90590468098,1815.74724946562,0,0,0,73,0,0,0
84,34,5,3155.65094410392,1282.15013438088,0,0,0,171,0,0,0
84,34,6,3355.50606371965,1283.99503497075,0,0,0,188,0,0,0
84,34,7,20099.8996660619,4238.45062279733,25,0,0,225,0,0,0
84,34,8,0,4,0,0,0,0,0,0,0
84,35,1,2965.5956816077,940.065884290387,0,0,0,97,0,0,0
84,35,2,2999.52845033112,1709.05284307985,0,0,0,159,0,0,0
84,35,3,2882.2386182349,1121.11976321693,0,0,0,119,0,0,0
84,35,4,3018.94683590658,713.995870116316,5,0,0,167,0,0,0
84,35,5,3176.05703352472,1232.89201282136,0,0,0,128,0,0,0
84,35,6,3382.83585838205,1547.16295265148,0,0,0,128,0,0,0
84,35,7,20094.0759041419,6960.56370633896,94,0,0,151,0,0,0
84,35,8,0,4,0,0,0,0,0,0,0
84,36,1,2977.84883872156,809.553052750919,0,0,0,94,0,0,0
84,36,2,3036.78457538692,1696.10464329111,0,0,0,170,0,0,0
84,36,3,2901.51640678402,975.789100499534,0,0,0,112,0,0,0
84,36,4,3033.10428388968,684.898226436103,0,0,0,71,0,0,0
84,36,5,3206.257538024,934.766330901064,0,0,0,123,0,0,0
84,36,6,3429.52992221514,2406.93991718506,0,0,0,154,0,0,0
84,36,7,20124.1897021835,11469.310957975,50,0,0,183,0,0,0
84,36,8,0,4,0,0,0,0,0,0,0
84,37,1,2979.81396691356,421.16151332876,0,0,0,80,0,0,0
84,37,2,3059.40137069085,1199.72759768292,0,0,0,169,0,0,0
84,37,3,2910.71494060034,1354.1418480751,0,0,0,97,0,0,0
84,37,4,3035.80200359119,1748.44306053761,0,0,0,68,0,0,0
84,37,5,3219.58182713401,1278.40736164758,0,0,0,93,0,0,0
84,37,6,3475.18023174474,1026.19718968327,1,0,0,190,0,0,0
84,37,7,20135.5032023435,9531.17256744279,33,0,0,222,0,0,0
84,37,8,0,4,0,0,0,0,0,0,0
84,38,1,2972.72447181212,503.23343916924,0,0,0,42,0,0,0
84,38,2,3071.96762572604,840.689093776405,0,0,0,119,0,0,0
84,38,3,2929.15576185571,1909.7048727879,0,0,0,135,0,0,0
84,38,4,3063.26140425013,1063.11930570163,0,0,0,174,0,0,0
84,38,5,3245.71561771065,1359.40481987841,0,0,0,127,0,0,0
84,38,6,3494.06315831364,450.998376122487,0,0,0,102,0,0,0
84,38,7,20140.8834115405,5613.95288371436,75,0,0,187,0,0,0
84,38,8,0,4,0,0,0,0,0,0,0
84,39,1,2970.4529810678,1713.39344552852,0,0,0,50,0,0,0
84,39,2,3078.08680759919,1360.73240077133,0,0,0,84,0,0,0
84,39,3,2955.39468765906,596.2648611596,11,0,0,170,0,0,0
84,39,4,3080.2789578998,1382.7543054801,0,0,0,106,0,0,0
84,39,5,3275.23820081291,341.79682331001,0,0,0,135,0,0,0
84,39,6,3501.68397763938,903.079841496128,0,0,0,45,0,0,0
84,39,7,20173.4442621772,3915.93666754103,164,0,0,248,0,0,0
84,39,8,0,4,0,0,0,0,0,0,0
84,40,1,2953.3486491894,856.585837720116,170,0,0,1,0,0,0
84,40,2,3067.27759473001,1134.34935264379,60,0,0,76,0,0,0
84,40,3,2937.80274438948,1037.32961590615,40,0,0,19,0,0,0
84,40,4,3075.58638860699,1004.72989651345,76,0,0,62,0,0,0
84,40,5,3261.39880636243,1768.55052516813,18,0,0,16,0,0,0
84,40,6,3502.69877495138,2022.64765619837,43,0,0,47,0,0,0
84,40,7,20188.4800192332,10458.1795216266,187,0,0,204,0,0,0
84,40,8,0,4,0,0,0,0,0,0,0
84,41,1,2958.12895508891,1086.53390699408,0,0,0,85,0,0,0
84,41,2,3073.58163394691,873.580080926261,0,0,0,113,0,0,0
84,41,3,2942.14439171462,1533.02342510387,0,0,0,103,0,0,0
84,41,4,3081.49813477378,1688.66016195094,0,0,0,100,0,0,0
84,41,5,3284.70609183285,1957.30209932973,0,0,0,176,0,0,0
84,41,6,3534.44582452578,698.910277648532,0,0,0,189,0,0,0
84,41,7,20173.473723886,11200.6495207847,40,0,0,187,0,0,0
84,41,8,0,4,0,0,0,0,0,0,0
84,42,1,2968.86097048455,733.087817808385,0,0,0,108,0,0,0
84,42,2,3081.3907955037,1254.61252579018,0,0,0,87,0,0,0
84,42,3,2963.86678504002,1139.60545276619,0,0,0,153,0,0,0
84,42,4,3107.97305257904,1593.60258500184,0,0,0,168,0,0,0
84,42,5,3314.73421095067,1343.02246422811,0,0,0,195,0,0,0
84,42,6,3543.10463233378,786.420527142769,0,0,0,69,0,0,0
84,42,7,20164.252634606,7140.3345895503,33,0,0,191,0,0,1
84,42,8,0,4,0,0,0,0,0,0,0
84,43,1,2972.17638323488,1919.61534340379,0,0,0,73,0,0,0
84,43,2,3099.33257718022,2453.71102432718,0,0,0,125,0,0,0
84,43,3,2975.77263756256,1765.28563287617,0,0,0,113,0,0,0
84,43,4,3131.51154725698,1451.69110039988,0,0,0,159,0,0,0
84,43,5,3332.86025936943,1471.97752303207,0,0,0,134,0,0,0
84,43,6,3555.34877564258,1240.36007884924,0,0,0,78,0,0,0
84,43,7,20167.7093036671,9446.94246209626,59,0,0,186,0,0,0
84,43,8,0,4,0,0,0,0,0,0,0
84,44,1,2998.0718448976,1090.93859534704,0,0,0,191,0,0,0
84,44,2,3130.33423220163,1649.71639523091,2,0,0,196,0,0,1
84,44,3,3000.64390011708,818.798096306044,0,0,0,176,0,0,0
84,44,4,3148.13712994728,1404.5610770391,0,0,0,145,0,0,0
84,44,5,3351.99335192578,786.711873923923,0,0,0,147,0,0,0
84,44,6,3576.01325512444,1601.75691411092,0,0,0,124,0,0,0
84,44,7,20158.6581353463,9991.79958426529,43,0,0,222,0,0,0
84,44,8,0,4,0,0,0,0,0,0,0
84,45,1,3004.10546674173,808.636505807871,0,0,0,109,0,0,0
84,45,2,3153.13053492262,1968.41649011083,0,0,0,164,0,0,0
84,45,3,3000.27068251497,1613.55896572575,0,0,0,81,0,0,0
84,45,4,3166.83863622302,1047.86872575251,0,0,0,140,0,0,0
84,45,5,3356.53403709032,242.872431748949,0,0,0,78,0,0,0
84,45,6,3610.11518838458,852.065766376762,0,0,0,160,0,0,0
84,45,7,20139.4812952812,11286.8025744356,0,47,0,183,0,0,0
84,45,8,0,4,0,0,0,0,0,0,0
84,46,1,2985.63646928996,1224.154803576,0,53,0,22,0,0,0
84,46,2,3151.52175237363,628.685803181549,0,77,0,112,0,0,0
84,46,3,2996.30916026524,1705.43988047342,0,71,0,83,0,0,0
84,46,4,3160.02940649732,1956.63357882464,0,34,0,67,0,0,0
84,46,5,3336.20997777328,743.15382192293,0,0,0,24,0,0,0
84,46,6,3605.75287363667,1360.06033958764,0,10,0,74,0,0,0
84,46,7,20166.0864392428,5314.52156587636,1,468,0,431,0,0,0
84,46,8,0,4,0,0,0,0,0,0,0
84,47,1,3005.02126579176,1393.78462721176,0,0,0,122,0,0,0
84,47,2,3158.42711553798,1452.65487284211,0,0,0,62,0,0,0
84,47,3,3042.45283940161,2279.58632870598,0,0,0,170,0,0,0
84,47,4,3204.6993756692,1295.92795215913,0,0,0,195,0,0,0
84,47,5,3337.07518954577,982.649220590631,0,0,0,74,0,0,0
84,47,6,3639.72002924631,2141.40234460947,0,0,0,136,0,0,0
84,47,7,20218.9353920455,8099.75947268281,37,0,0,194,0,0,0
84,47,8,0,4,0,0,0,0,0,0,0
84,48,1,3034.11722690024,901.941572010162,0,0,0,139,0,0,0
84,48,2,3194.35364053545,1227.94275836146,0,0,0,145,0,0,0
84,48,3,3087.62551512107,1577.98873942429,0,0,0,216,0,0,0
84,48,4,3227.24167272377,1248.86075281718,0,0,0,129,0,0,0
84,48,5,3350.28602457415,520.15130730318,0,0,0,98,0,0,0
84,48,6,3699.72968476638,1729.99109379131,0,0,0,213,0,0,0
84,48,7,20274.2201836937,3573.38184563319,29,0,0,207,0,0,0
84,48,8,0,4,0,0,0,0,0,0,0
84,49,1,3042.67734083458,1456.08665122212,0,0,0,90,0,0,0
84,49,2,3206.15161223311,1084.61844156995,5,0,0,112,0,0,0
84,49,3,3104.11671090658,1021.70610420971,11,0,0,135,0,0,0
84,49,4,3244.59284897297,1098.90418476853,0,0,0,124,0,0,0
84,49,5,3343.02154083655,877.858242075781,0,0,0,52,0,0,0
84,49,6,3731.7479911142,1383.63622777004,11,0,0,150,0,0,0
84,49,7,20290.7182757257,9819.87285700191,107,0,0,142,0,0,0
84,49,8,0,4,0,0,0,0,0,0,0
84,50,1,3065.14067192091,1624.94739779597,0,0,0,145,0,0,0
84,50,2,3221.02234914523,1987.823991906,0,0,0,108,0,0,0
84,50,3,3107.1799022127,1095.82870106328,0,0,0,102,0,0,0
84,50,4,3248.47796736498,939.425266140825,0,0,0,109,0,0,0
84,50,5,3350.53451654471,1200.4318361328,0,0,0,87,0,0,0
84,50,6,3759.78277318116,1732.84334154369,0,0,0,138,0,0,0
84,50,7,20320.902153071,11396.2219344079,33,0,0,178,0,0,0
84,50,8,0,4,0,0,0,0,0,0,0
84,51,1,3085.6648385447,1905.99387453614,0,0,0,162,0,0,0
84,51,2,3248.37204110087,1059.60695533292,0,0,0,196,0,0,0
84,51,3,3113.90861609406,1263.26703357446,0,0,0,109,0,0,0
84,51,4,3247.62559620752,569.07565113144,0,0,0,93,0,0,0
84,51,5,3366.33798271134,1481.01332761267,0,0,0,120,0,0,0
84,51,6,3798.84054865806,1420.66070002666,0,0,0,173,0,0,0
84,51,7,20356.2612962459,6456.4347457044,28,0,0,239,0,0,0
84,51,8,0,4,0,0,0,0,0,0,0
84,52,1,3133.69373597068,726.493094415744,0,0,0,187,0,0,0
84,52,2,3270.49919740971,1667.3829378174,0,0,0,105,0,0,0
84,52,3,3130.65714280029,1122.10536092218,0,0,0,126,0,0,0
84,52,4,3245.24481353995,697.317417596796,0,0,0,56,0,0,0
84,52,5,3394.73666721196,2177.12216798796,0,0,0,148,0,0,0
84,52,6,3846.9255923173,1512.01305981472,0,0,0,142,0,0,0
84,52,7,20415.8968838717,10216.0861228699,40,0,0,186,0,0,3
84,52,8,0,4,0,0,0,0,0,0,0
84,53,1,3136.66833803144,1320.91882034924,0,0,0,72,0,0,0
84,53,2,3298.90518230309,1913.83241711915,0,0,0,166,0,0,0
84,53,3,3136.32892570999,642.94349635189,0,0,0,112,0,0,0
84,53,4,3241.86556399277,1060.42702810561,0,0,0,69,0,0,0
84,53,5,3427.2518568132,1623.43284248648,1,0,0,176,0,0,0
84,53,6,3888.74605636194,752.468909899256,0,0,0,151,0,0,0
84,53,7,20450.1081827417,5992.88196085943,37,0,0,189,0,0,0
84,53,8,0,4,0,0,0,0,0,0,0
84,54,1,3162.14653584291,1521.31103680141,0,0,0,132,0,0,0
84,54,2,3331.12239530488,1673.50174755665,4,0,0,167,0,0,0
84,54,3,3137.39297121184,911.461192700558,0,0,0,64,0,0,0
84,54,4,3258.64476789844,1191.23296096912,0,0,0,106,0,0,0
84,54,5,3469.9190558977,1603.35995044886,0,0,0,162,0,0,0
84,54,6,3906.02654023638,1452.39081185677,0,0,0,75,0,0,0
84,54,7,20523.6034175116,13204.4270493867,65,0,0,246,0,0,0
84,54,8,0,4,0,0,0,0,0,0,0
84,55,1,3177.00807472133,1493.50904548752,0,0,0,152,0,0,0
84,55,2,3349.93379931615,1244.319202928,0,0,0,167,0,0,0
84,55,3,3140.3083132068,1989.50393337786,0,0,0,91,0,0,0
84,55,4,3259.77456805706,1394.80443713541,0,0,0,119,0,0,0
84,55,5,3490.20892984997,1257.02202927384,0,0,0,160,0,0,0
84,55,6,3933.36139318435,694.401999722522,0,0,0,145,0,0,0
84,55,7,20552.6041441375,5427.36058460651,38,0,0,199,0,0,0
84,55,8,0,4,0,0,0,0,0,0,0
84,56,1,3203.78692070651,1023.14594670685,7,0,0,137,0,0,0
84,56,2,3372.89348030112,1087.55854562035,0,0,0,124,0,0,0
84,56,3,3169.6823517008,1223.50862141241,31,0,0,146,0,0,0
84,56,4,3289.41538801114,1533.9668056454,0,0,0,139,0,0,0
84,56,5,3522.2326757908,1582.87835117197,1,0,0,124,0,0,0
84,56,6,3951.91336368699,1642.50954135422,0,0,0,69,0,0,0
84,56,7,20612.4027932972,9267.61217823928,195,0,0,211,0,0,0
84,56,8,0,4,0,0,0,0,0,0,0
84,57,1,3212.53726673597,1130.70937326232,0,0,0,102,0,0,0
84,57,2,3387.11665119636,1702.36014738991,0,0,0,108,0,0,0
84,57,3,3187.8651948852,1414.05453725573,0,0,0,122,0,0,0
84,57,4,3310.70120646384,1452.28740175564,0,0,0,153,0,0,0
84,57,5,3550.87867535699,1636.28802547125,0,0,0,158,0,0,0
84,57,6,3998.34563373616,1545.43149378565,0,0,0,164,0,0,0
84,57,7,20653.2540287679,10852.1552729759,51,0,0,196,0,0,0
84,57,8,0,4,0,0,0,0,0,0,0
84,58,1,3225.37346253954,625.551338735489,0,0,0,113,0,0,0
84,58,2,3414.21874800803,999.105400256491,0,0,0,170,0,0,0
84,58,3,3220.49021903493,1264.80380725658,0,0,0,141,0,0,0
84,58,4,3341.40123786878,1016.47736998441,0,0,0,145,0,0,0
84,58,5,3573.2851773345,2041.08268662787,0,0,0,163,0,0,0
84,58,6,4041.05966991186,2203.40134792185,0,0,0,154,0,0,0
84,58,7,20707.1889910268,11348.4721896133,0,38,0,228,0,0,0
84,58,8,0,4,0,0,0,0,0,0,0
84,59,1,3211.24786945681,1650.89600844033,0,0,0,62,0,0,0
84,59,2,3413.13066959121,1875.24210608435,0,0,0,99,0,0,0
84,59,3,3229.12508713749,2175.93845728203,0,0,0,126,0,0,0
84,59,4,3338.12222543919,1854.80849512961,0,0,0,101,0,0,0
84,59,5,3593.20520971939,2385.37966898973,0,11,0,159,0,0,0
84,59,6,4077.96058093506,920.765547426152,0,10,0,177,0,0,0
84,59,7,20758.0933482121,7240.55829253276,0,199,0,318,0,0,0
84,59,8,0,4,0,0,0,0,0,0,0
84,60,1,3247.65214242918,1502.22424704999,0,0,0,165,0,0,0
84,60,2,3444.22737243431,1959.03800697885,0,0,0,181,0,0,0
84,60,3,3253.78679081585,1426.98664866719,3,0,0,174,0,0,0
84,60,4,3371.15720106777,1556.76630897641,0,0,0,175,0,0,0
84,60,5,3667.96175262768,974.450615925017,1,0,0,222,0,0,0
84,60,6,4092.19030099988,1171.09325492279,0,0,0,92,0,0,0
84,60,7,20872.9413323559,4901.88178034198,30,0,0,282,0,0,1
84,60,8,0,4,0,0,0,0,0,0,0
84,61,1,3257.96830225911,1341.02869898256,0,0,0,150,0,0,0
84,61,2,3455.51414816782,1352.75121251662,12,0,0,152,0,0,0
84,61,3,3248.53665113454,1317.46101726668,0,0,0,142,0,0,0
84,61,4,3380.93972448963,1573.71136414699,3,0,0,144,0,0,0
84,61,5,3662.6511026968,1168.76842633192,0,0,0,97,0,0,0
84,61,6,4105.48179962937,1393.66073378977,0,0,0,117,0,0,0
84,61,7,20903.7815844596,6571.69960495794,87,0,0,184,0,0,0
84,61,8,0,4,0,0,0,0,0,0,0
84,62,1,3270.29372489618,704.935742072455,0,0,0,134,0,0,0
84,62,2,3459.45786975452,1230.04418415038,0,0,0,135,0,0,0
84,62,3,3255.84698536544,1271.88640356226,0,0,0,131,0,0,0
84,62,4,3399.09231876515,1272.79245864357,0,0,0,157,0,0,0
84,62,5,3678.28320353847,1408.73289797964,0,0,0,116,0,0,0
84,62,6,4140.36113415025,1284.86061786873,0,0,0,139,0,0,0
84,62,7,20943.5806874437,12416.0171012598,58,0,0,183,0,0,0
84,62,8,0,4,0,0,0,0,0,0,0
84,63,1,3256.61684366202,1344.53399413206,0,0,0,70,0,0,0
84,63,2,3458.27138616667,1076.38484223266,0,0,0,123,0,0,0
84,63,3,3244.47116210218,2014.95802926279,0,0,0,127,0,0,0
84,63,4,3397.37503682943,1699.78417580918,0,0,0,127,0,0,0
84,63,5,3681.73474691867,2024.85841568797,0,0,0,140,0,0,0
84,63,6,4161.21840080063,2245.28411831312,0,0,0,128,0,0,0
84,63,7,21000.2789271701,6481.53093351719,0,35,0,303,0,0,0
84,63,8,0,4,0,0,0,0,0,0,0
84,64,1,3287.39089266007,1101.9674329669,0,1,0,132,0,0,0
84,64,2,3460.45931336755,1356.29340004527,0,0,0,107,0,0,0
84,64,3,3271.43080902445,1001.27630660179,0,23,0,160,0,0,0
84,64,4,3425.30486841311,977.251689848859,0,12,0,148,0,0,0
84,64,5,3709.44720089401,1412.81813273121,0,31,0,146,0,0,0
84,64,6,4217.36814708157,1588.76662387222,0,49,0,136,0,0,0
84,64,7,21071.122441835,12036.378978172,0,228,0,237,0,0,0
84,64,8,0,4,0,0,0,0,0,0,0
84,65,1,3279.98894417825,2569.00270375015,0,0,0,110,0,0,0
84,65,2,3453.04420813711,1807.53448918137,0,0,0,135,0,0,0
84,65,3,3255.2025126356,1560.9373388011,0,0,0,100,0,0,0
84,65,4,3426.65619230968,1583.24448912671,0,0,0,97,0,0,0
84,65,5,3728.37182813729,2117.11559426817,0,0,0,141,0,0,0
84,65,6,4262.96192493044,1623.71976237228,0,0,0,158,0,0,0
84,65,7,21113.906150933,8641.96429333894,27,1,0,205,0,0,0
84,65,8,0,4,0,0,0,0,0,0,0
84,66,1,3316.35619212887,1692.65234645547,0,0,0,188,0,0,0
84,66,2,3497.27069199877,1320.93756010215,0,0,0,179,0,0,0
84,66,3,3280.46187654747,1243.01101685618,0,0,0,156,0,0,0
84,66,4,3467.61211089102,1071.54384240316,0,0,0,158,0,0,0
84,66,5,3803.77208596738,997.697502702952,0,0,0,190,0,0,0
84,66,6,4347.99233169762,1152.54584896948,0,0,0,162,0,0,0
84,66,7,21217.2874589914,3226.99086745891,22,0,0,233,0,0,0
84,66,8,0,4,0,0,0,0,0,0,0
84,67,1,3315.71507985969,965.256974973569,54,0,0,99,0,0,0
84,67,2,3493.18706683819,1087.8978582931,5,0,0,125,0,0,0
84,67,3,3286.43570837418,1528.25424842784,10,0,0,111,0,0,0
84,67,4,3466.31003701799,1830.18491996781,0,0,0,107,0,0,0
84,67,5,3810.37957311589,975.440681596402,1,0,0,98,0,0,0
84,67,6,4378.97951961235,1638.57537770182,0,0,0,115,0,0,0
84,67,7,21236.620390387,3861.46861203946,135,0,0,147,0,0,0
84,67,8,0,4,0,0,0,0,0,0,0
84,68,1,3313.14814604622,1306.86003699093,0,0,0,96,0,0,0
84,68,2,3488.45863849025,1278.37263752509,0,0,0,108,0,0,0
84,68,3,3295.23776802865,1558.16748810063,0,0,0,152,0,0,0
84,68,4,3472.1409021387,1560.26727139707,13,0,0,151,0,0,0
84,68,5,3814.63530913449,1295.43616636171,0,0,0,97,0,0,0
84,68,6,4413.25675564344,2122.07370929174,7,0,0,146,0,0,0
84,68,7,21255.7096841086,9875.59085537844,96,0,0,165,0,0,0
84,68,8,0,4,0,0,0,0,0,0,0
84,69,1,3331.85799620235,1238.26440815423,0,0,0,130,0,0,0
84,69,2,3496.58600632705,1875.84894118601,0,0,0,127,0,0,0
84,69,3,3310.59488650518,1149.28676407951,0,0,0,155,0,0,0
84,69,4,3496.01206837496,1692.48329684269,0,0,0,156,0,0,0
84,69,5,3841.67763325327,1720.54258381067,0,0,0,129,0,0,0
84,69,6,4495.86532444077,1693.68788871547,0,0,0,212,0,0,0
84,69,7,21310.4611687301,6924.12454044364,5,17,0,217,0,0,0
84,69,8,0,4,0,0,0,0,0,0,0
84,70,1,3309.36535091132,992.183141960161,0,77,0,46,0,0,0
84,70,2,3488.49450081453,1413.54720744657,0,80,0,107,0,0,0
84,70,3,3293.12300750133,1330.11090437526,0,41,0,73,0,0,0
84,70,4,3491.41474335223,1536.16139902271,0,82,0,87,0,0,0
84,70,5,3850.03523065969,916.635945990576,0,65,0,107,0,0,0
84,70,6,4498.16222469903,944.124949659092,0,101,0,68,0,0,0
84,70,7,21377.2976284427,11919.580626892,2,274,0,226,0,0,0
84,70,8,0,4,0,0,0,0,0,0,0
84,71,1,3311.59014441108,2000.62254258756,0,0,0,99,0,0,0
84,71,2,3499.67361197681,2156.32765998102,0,0,0,141,0,0,0
84,71,3,3306.9938449327,1517.88491977265,0,0,0,133,0,0,0
84,71,4,3504.36097972839,1432.13913947203,0,0,0,153,0,0,0
84,71,5,3859.51908172735,1816.27896613965,0,0,0,91,0,0,0
84,71,6,4519.87493483025,3794.39660779079,0,0,0,94,0,0,0
84,71,7,21414.6231016244,11242.1502570301,26,0,0,203,0,0,0
84,71,8,0,4,0,0,0,0,0,0,0
84,72,1,3354.92735573407,940.59425385269,0,0,0,191,0,0,0
84,72,2,3545.62450716733,1086.76027486476,0,0,0,215,0,0,0
84,72,3,3343.33141402388,1522.68456512936,0,0,0,151,0,0,0
84,72,4,3527.84238278428,848.237649659561,0,0,0,143,0,0,0
84,72,5,3899.51558249653,2260.22275248002,0,0,0,172,0,0,0
84,72,6,4598.00179545127,1958.00821140041,4,0,0,184,0,0,0
84,72,7,21493.0541020283,12576.3706391391,23,0,0,248,0,0,0
84,72,8,0,4,0,0,0,0,0,0,0
84,73,1,3363.15482183895,1154.67542570607,0,0,0,94,0,0,0
84,73,2,3566.01435136138,1450.98769334309,0,0,0,108,0,0,0
84,73,3,3368.08375753534,1772.82469541722,0,0,0,152,0,0,0
84,73,4,3539.07029724006,2144.92589425298,0,0,0,84,0,0,0
84,73,5,3959.4866136488,1939.65991204722,0,0,0,198,0,0,0
84,73,6,4683.51882048322,1341.38826790624,0,0,0,195,0,0,0
84,73,7,21559.1824500135,5901.43030754435,32,0,0,184,0,0,2
84,73,8,0,4,0,0,0,0,0,0,0
84,74,1,3384.4954227137,2055.31191318323,0,0,0,115,0,0,0
84,74,2,3623.04550412678,1027.39158807993,0,0,0,145,0,0,0
84,74,3,3432.09730385911,1086.12427970773,0,0,0,177,0,0,0
84,74,4,3603.76112722356,2578.90947685365,4,0,0,197,0,0,0
84,74,5,4037.01500185413,1923.15507834124,6,0,0,171,0,0,0
84,74,6,4773.76441303859,2251.54175965975,0,0,0,134,0,0,0
84,74,7,21633.0701014763,12532.7768181139,123,0,0,159,0,0,0
84,74,8,0,4,0,0,0,0,0,0,0
84,75,1,3410.92788743586,829.489697950169,0,0,0,205,0,0,0
84,75,2,3627.62383354993,1563.6768747983,0,0,0,102,0,0,0
84,75,3,3432.70107155183,1693.00818727767,0,0,0,108,0,0,0
84,75,4,3664.01538525975,1646.05278159264,0,0,0,245,0,0,0
84,75,5,4066.22357785597,1923.36104185865,0,0,0,182,0,0,0
84,75,6,4847.88792025998,3267.32730690243,0,0,0,225,0,0,0
84,75,7,21695.1901921208,9311.49109664617,36,0,0,277,0,0,0
84,75,8,0,4,0,0,0,0,0,0,0
84,76,1,3424.19910811524,1238.87692329015,0,0,0,82,0,0,0
84,76,2,3679.20496284464,2453.90244475338,0,0,0,156,0,0,0
84,76,3,3486.29918750178,833.447055096362,0,0,0,169,0,0,0
84,76,4,3707.65439179048,1123.9263606225,0,0,0,164,0,0,0
84,76,5,4121.01008807123,1785.16358071052,5,0,0,155,0,0,0
84,76,6,4921.18596452644,1093.41992864039,23,0,0,162,0,0,0
84,76,7,21768.42809798,6222.08427748372,105,0,0,176,0,0,0
84,76,8,0,4,0,0,0,0,0,0,0
84,77,1,3434.74028097779,2055.9894146466,9,0,0,108,0,0,0
84,77,2,3722.21376554738,1681.51401106909,61,0,0,141,0,0,0
84,77,3,3488.83461771601,1552.58390977897,0,0,0,83,0,0,0
84,77,4,3740.41676093588,829.432882387563,0,0,0,112,0,0,0
84,77,5,4163.57368152481,1961.03953757261,22,0,0,141,0,0,0
84,77,6,4987.33482887144,1397.73564252721,0,0,0,109,0,0,0
84,77,7,21836.807436829,7326.90298688465,213,1,0,179,0,0,11
84,77,8,0,4,0,0,0,0,0,0,0
84,78,1,3481.7070544056,1320.17997475031,9,0,0,148,0,0,0
84,78,2,3797.54734368337,1173.86635706585,0,0,0,158,0,0,3
84,78,3,3549.3003456708,735.757023761119,0,0,0,155,0,0,0
84,78,4,3763.11610098556,2071.63108897322,0,0,0,82,0,0,0
84,78,5,4253.58579265533,1647.76958386086,7,0,0,150,0,0,0
84,78,6,5115.0755306479,1631.08019579463,0,0,0,139,0,0,0
84,78,7,21934.9300649261,7134.96327549839,92,0,0,168,0,0,0
84,78,8,0,4,0,0,0,0,0,0,0
84,79,1,3538.03644446985,1113.77768714596,0,0,0,132,0,0,0
84,79,2,3861.86127700276,762.56313842854,0,0,0,117,0,0,0
84,79,3,3574.8362162068,2057.34462522121,0,0,0,73,0,0,0
84,79,4,3856.6886324753,1927.93052039235,8,0,0,178,0,0,0
84,79,5,4358.04930369231,2401.97409767791,4,0,0,151,0,0,0
84,79,6,5268.15057415498,1747.75924742974,0,0,0,163,0,0,0
84,79,7,22058.5642847884,8224.80151232365,155,0,0,186,0,0,0
84,79,8,0,4,0,0,0,0,0,0,0
84,80,1,3570.84309169452,1489.35511618321,0,0,0,111,0,0,0
84,80,2,3876.0240654661,1873.63591064162,0,0,0,76,0,0,0
84,80,3,3618.05071765314,869.794406535644,12,0,0,157,0,0,0
84,80,4,3924.37349335796,2456.11394261239,4,0,0,176,0,0,0
84,80,5,4435.55284667227,1902.58825875146,17,0,0,172,0,0,0
84,80,6,5389.36450469417,3086.76144283341,0,0,0,174,0,0,0
84,80,7,22154.2501169271,8614.51100618879,154,0,0,206,0,0,0
84,80,8,0,4,0,0,0,0,0,0,0
84,81,1,3590.07717160904,1429.74557434213,0,0,0,148,0,0,0
84,81,2,3903.29358912248,721.405264198437,5,0,0,150,0,0,0
84,81,3,3627.64451124409,1263.68456341666,0,0,0,86,0,0,0
84,81,4,3955.70765606662,1622.40032881206,14,0,0,148,0,0,0
84,81,5,4477.67122286954,2562.11107193977,0,0,0,188,0,0,0
84,81,6,5496.39811796937,3014.79450075393,17,0,0,196,0,0,0
84,81,7,22224.0513802638,10612.7301907865,99,0,0,202,0,0,0
84,81,8,0,4,0,0,0,0,0,0,0
84,82,1,3594.25899664601,1446.80875634419,0,0,0,142,0,0,0
84,82,2,3890.7326170799,1235.35139961779,0,0,0,72,0,0,0
84,82,3,3609.20910495864,1469.52277990408,0,0,0,126,0,0,0
84,82,4,3969.32950810683,2384.37708068573,0,0,0,162,0,0,0
84,82,5,4509.82336006252,3318.60115768951,2,0,0,215,0,0,0
84,82,6,5574.61960035929,1829.07692987688,2,0,0,264,0,0,0
84,82,7,22250.1458046969,10132.7446299539,64,0,0,174,0,0,0
84,82,8,0,4,0,0,0,0,0,0,0
84,83,1,3601.04890321807,1190.55377203992,0,0,0,144,0,0,0
84,83,2,3894.00755719363,1227.47272734767,0,0,0,123,0,0,0
84,83,3,3627.51743751904,1838.98417718883,0,0,0,146,0,0,0
84,83,4,4000.03329003701,723.73555267796,0,0,0,234,0,0,1
84,83,5,4538.75896465185,1420.70174401164,10,0,0,181,0,0,4
84,83,6,5646.23917810958,1327.1993721992,0,0,0,182,0,0,0
84,83,7,22294.0026184733,4604.41526926409,71,0,0,187,0,0,12
84,83,8,0,4,0,0,0,0,0,0,0
84,84,1,3584.18336974984,1577.54806616728,0,56,0,63,0,0,0
84,84,2,3881.43860510449,1555.63873247492,0,49,0,73,0,0,0
84,84,3,3637.30592399684,1404.25332349651,0,82,0,101,0,0,0
84,84,4,3985.07401019051,852.49069890045,0,34,0,38,0,0,0
84,84,5,4531.42888519197,2062.87514059941,0,77,0,65,0,0,0
84,84,6,5662.38224186911,2624.79943216543,0,59,0,73,0,0,0
84,84,7,22378.0465737894,6464.49390837576,0,208,0,252,0,0,0
84,84,8,0,4,0,0,0,0,0,0,0
84,85,1,3665.55851051796,1750.62485252692,0,0,0,157,0,0,0
84,85,2,3977.45156558339,1428.21641109749,0,0,0,155,0,0,0
84,85,3,3715.27801708286,1818.66786320565,0,0,0,140,0,0,0
84,85,4,4022.05783690499,1294.39755422617,0,0,0,85,0,0,0
84,85,5,4692.94349670173,2067.43440517829,1,0,0,175,0,0,0
84,85,6,5914.17712466215,1693.51918496242,2,0,0,208,0,0,0
84,85,7,22503.2072411994,12956.4164462852,26,0,0,185,0,0,3
84,85,8,0,4,0,0,0,0,0,0,0
84,86,1,3712.50376630986,1640.02661588282,0,0,0,175,0,0,0
84,86,2,4003.11563573392,1133.56946155346,0,0,0,142,0,0,0
84,86,3,3751.1771019418,1131.53328282444,0,0,0,181,0,0,0
84,86,4,4060.93305623462,1055.61584902447,0,0,0,129,0,0,0
84,86,5,4786.91864387282,2272.171809085,0,0,0,206,0,0,0
84,86,6,5987.74521789124,1413.41008872148,0,0,0,169,0,0,0
84,86,7,22588.9934268813,10975.2131985042,26,0,0,251,0,0,0
84,86,8,0,4,0,0,0,0,0,0,0
84,87,1,3735.57860692337,1830.44815950649,0,0,0,164,0,0,0
84,87,2,4012.82456501281,1775.25235181842,0,0,0,113,0,0,0
84,87,3,3779.17417155285,1125.79571861654,0,0,0,113,0,0,0
84,87,4,4071.55002727662,1091.05223688698,0,0,0,105,0,0,0
84,87,5,4845.32002739226,2972.40859738187,0,0,0,222,0,0,0
84,87,6,6038.78295089772,1848.39980546558,0,0,0,141,0,0,0
84,87,7,22631.6453055611,9954.1857080812,30,0,0,233,0,0,2
84,87,8,0,4,0,0,0,0,0,0,0
84,88,1,3766.85605689963,840.615726881534,0,0,0,183,0,0,0
84,88,2,4045.02975580106,1939.87971003853,0,0,0,177,0,0,0
84,88,3,3793.13960376503,2542.12609473232,0,0,0,112,0,0,0
84,88,4,4069.96564837971,1430.40874923917,0,0,0,109,0,0,0
84,88,5,4924.98547832956,1468.77624442033,4,0,0,228,0,0,0
84,88,6,6139.58421604344,2525.24769442236,0,0,0,181,0,0,0
84,88,7,22684.3343369532,4760.42879772809,53,0,0,189,0,0,0
84,88,8,0,4,0,0,0,0,0,0,0
84,89,1,3788.56580530009,1013.24132601315,0,0,0,84,0,0,0
84,89,2,4135.36974500816,1258.15373014593,18,0,0,160,0,0,0
84,89,3,3829.24993368741,2493.84992973638,63,0,0,140,0,0,0
84,89,4,4120.1938712476,2401.53135859153,0,0,0,143,0,0,0
84,89,5,4982.86309789574,1403.2927163559,0,0,0,146,0,0,0
84,89,6,6242.64960257167,2449.15856870653,57,0,0,149,0,0,0
84,89,7,22801.7457834872,12468.8453349816,142,0,0,219,0,0,0
84,89,8,0,4,0,0,0,0,0,0,0
84,90,1,3780.77275672313,1435.96513630914,0,0,0,101,0,0,0
84,90,2,4126.67337459805,3115.50444042016,0,0,0,125,0,0,0
84,90,3,3867.89832161746,300.671903698156,0,0,0,245,0,0,0
84,90,4,4168.6425821801,543.730647821644,1,0,0,196,0,0,0
84,90,5,5022.62023367115,2057.59631230477,0,0,0,140,0,0,0
84,90,6,6324.94435797043,3847.50787534777,2,0,0,190,0,0,0
84,90,7,22834.5294419586,9139.48371305807,38,0,0,198,0,0,0
84,90,8,0,4,0,0,0,0,0,0,0
84,91,1,3812.9623260018,938.034884850201,0,0,0,143,0,0,0
84,91,2,4178.75041320168,1796.73150923333,20,0,0,166,0,0,1
84,91,3,3861.73305064427,1437.82455652938,0,0,0,30,0,0,0
84,91,4,4178.95846788111,1016.33712362149,0,0,0,54,0,0,0
84,91,5,5133.02940335558,917.068086830331,0,0,0,205,0,0,0
84,91,6,6467.04779899411,3073.29058893135,33,0,0,155,0,0,0
84,91,7,22899.6120308222,7328.66968364223,106,0,0,199,0,0,0
84,91,8,0,4,0,0,0,0,0,0,0
84,92,1,3845.63546213467,1558.36035810418,0,0,0,93,0,0,0
84,92,2,4249.72596345744,1946.9134567211,1,0,0,176,0,0,0
84,92,3,3928.88846910047,1414.81685789119,2,0,0,137,0,0,0
84,92,4,4210.79142339888,1978.36886300673,0,0,0,101,0,0,0
84,92,5,5157.31774448573,1694.03717810844,0,0,0,91,0,0,0
84,92,6,6646.26389700788,2554.44016875727,57,0,0,152,0,0,0
84,92,7,22979.39806652,9137.40563180139,195,0,0,191,0,0,2
84,92,8,0,4,0,0,0,0,0,0,0
84,93,1,3885.04122715048,948.34707288741,0,0,0,155,0,0,0
84,93,2,4330.90174063728,1252.94587857694,0,0,0,186,0,0,1
84,93,3,3987.43697911391,1644.27448539895,0,0,0,141,0,0,0
84,93,4,4262.00503476589,949.566859121371,4,0,0,162,0,0,0
84,93,5,5256.99420420605,1923.69339199099,0,0,0,169,0,0,0
84,93,6,6859.48525347426,3430.63934973994,7,0,0,189,0,0,0
84,93,7,23053.725740513,6690.67681689263,81,0,0,188,0,0,0
84,93,8,0,4,0,0,0,0,0,0,0
84,94,1,3911.11523697152,1138.06293093899,0,0,0,94,0,0,0
84,94,2,4431.06743970528,2631.35081399327,0,0,0,125,0,0,0
84,94,3,4068.40171926854,1978.84079447176,13,0,0,131,0,0,0
84,94,4,4303.48785056689,1354.11014417274,0,0,0,94,0,0,0
84,94,5,5462.83678544874,2468.43251367999,8,0,0,170,0,0,0
84,94,6,7080.58134848908,2594.6292380738,62,0,0,187,0,0,0
84,94,7,23185.2717550467,9169.58860788917,140,1,0,183,0,0,22
84,94,8,0,4,0,0,0,0,0,0,0
84,95,1,3938.60926830424,2132.56167552988,0,0,0,113,0,0,0
84,95,2,4525.46545356559,2191.42011676952,0,2,0,208,0,0,0
84,95,3,4109.57104743388,1377.97932537026,0,0,0,197,0,0,0
84,95,4,4303.20821938615,2436.77200889809,0,0,0,135,0,0,0
84,95,5,5643.44589600907,2180.80906587788,0,0,0,235,0,0,0
84,95,6,7192.39102348732,2057.89199715089,0,4,0,180,0,0,0
84,95,7,23305.3472171343,12737.6501248745,0,39,0,220,0,0,0
84,95,8,0,4,0,0,0,0,0,0,0
84,96,1,3985.21378348433,1667.13112565788,0,1,0,207,0,0,0
84,96,2,4538.40162536922,1293.67115019728,0,11,0,166,0,0,0
84,96,3,4133.94788422954,1505.69164342895,0,0,0,137,0,0,0
84,96,4,4311.63984682784,1714.94390980529,0,14,0,176,0,0,0
84,96,5,5663.01503069859,1299.87829276932,0,8,0,177,0,0,0
84,96,6,7265.2907603226,4628.24579770093,0,8,0,165,0,0,0
84,96,7,23357.7076797198,4937.01937919489,0,219,0,239,0,0,0
84,96,8,0,4,0,0,0,0,0,0,0
84,97,1,4024.0136911339,1930.80869757483,0,0,0,166,0,0,0
84,97,2,4524.71363944789,1539.93342311375,0,0,0,129,0,0,0
84,97,3,4169.5384257074,2421.69462776655,0,0,0,150,0,0,0
84,97,4,4372.99451749364,1841.38262126974,0,0,0,171,0,0,0
84,97,5,5720.32631907853,1813.25131753143,0,0,0,129,0,0,0
84,97,6,7468.2330799056,3542.78170905319,28,0,0,247,0,0,0
84,97,7,23428.2039635998,12704.5228524376,43,0,0,161,0,0,0
84,97,8,0,4,0,0,0,0,0,0,0
84,98,1,4060.65201787505,1700.61094723531,0,0,0,193,0,0,0
84,98,2,4548.51251039821,1858.88045997915,0,0,0,153,0,0,0
84,98,3,4197.86119485885,1721.00235473555,1,0,0,181,0,0,0
84,98,4,4416.393184024,1407.83009032337,0,0,0,184,0,0,0
84,98,5,5777.0874083269,2639.0848965542,0,0,0,181,0,0,0
84,98,6,7608.69282128676,4909.1410613197,5,0,0,177,0,0,0
84,98,7,23479.7890166841,15477.7512967649,32,0,0,203,0,0,0
84,98,8,0,4,0,0,0,0,0,0,0
84,99,1,4069.58802829074,2412.89290618615,0,0,0,170,0,0,0
84,99,2,4550.30843651173,1188.50049562683,0,0,0,185,0,0,0
84,99,3,4210.92861067414,1189.14479755454,0,0,0,172,0,0,0
84,99,4,4419.63489883058,1170.20116245598,0,0,0,140,0,0,0
84,99,5,5810.40037543864,1798.60098742628,1,0,0,208,0,0,0
84,99,6,7697.94806734661,2580.69411974418,5,0,0,229,0,0,0
84,99,7,23521.1866740551,14528.0156236041,29,0,0,262,0,0,0
84,99,8,0,4,0,0,0,0,0,0,0
84,100,1,4123.82664617501,1885.15055858558,0,0,0,237,0,0,1
84,100,2,4535.50090535055,1152.84874372023,0,0,0,118,0,0,0
84,100,3,4187.88975304531,1639.5448982877,0,0,0,118,0,0,0
84,100,4,4425.66734066252,1037.05491839192,0,0,0,117,0,0,0
84,100,5,5863.80035407563,3401.90029704594,0,0,0,179,0,0,0
84,100,6,7756.5215940949,2376.13922364722,1,0,0,194,0,0,0
84,100,7,23568.6878613073,9254.07271877073,28,0,0,249,0,0,2
84,100,8,0,4,0,0,0,0,0,0,0
85,1,1,2855.72,1441.13760984653,0,52,0,34,0,0,0
85,1,2,2856.61568,994.559110788063,0,48,0,25,0,0,0
85,1,3,2858.5616,1092.3124869645,0,24,0,41,0,0,0
85,1,4,2845.3984,660.582852381689,0,26,0,6,0,0,0
85,1,5,2845.784,1169.29069543476,0,15,0,6,0,0,0
85,1,6,2850.52288,604.015401696031,0,42,0,42,0,0,0
85,1,7,19835.8988799999,7310.11169462841,0,7,0,24,0,0,0
85,1,8,0,2,0,46,0,48,0,0,0
85,2,1,2878.016,1071.76709380209,0,0,0,144,0,0,0
85,2,2,2869.59168,512.097042780442,0,0,0,99,0,0,0
85,2,3,2873.5232,1581.92548874611,0,0,0,109,0,0,0
85,2,4,2847.67040000001,1080.7023358499,0,0,0,66,0,0,0
85,2,5,2857.752,1040.15095555016,0,0,0,116,0,0,0
85,2,6,2847.54688,448.456326171407,0,0,0,60,0,0,0
85,2,7,19774.0905599999,6707.86221553533,28,0,0,191,0,0,0
85,2,8,0,2,0,0,0,0,0,0,0
85,3,1,2888.9072,672.882476279978,0,0,0,107,0,0,0
85,3,2,2872.23168,930.064330038624,0,0,0,51,0,0,0
85,3,3,2893.8432,1279.47282454708,0,0,0,157,0,0,0
85,3,4,2859.536,1013.52480178131,0,0,0,108,0,0,0
85,3,5,2863.272,595.288417730402,0,0,0,104,0,0,0
85,3,6,2842.83296,789.09238145066,0,0,0,44,0,0,0
85,3,7,19709.3894399998,5971.21177783213,26,0,0,197,0,0,1
85,3,8,0,2,0,0,0,0,0,0,0
85,4,1,2883.8112,1779.70074795294,0,34,0,33,0,0,0
85,4,2,2869.76768,1183.14351404427,0,51,0,42,0,0,0
85,4,3,2898.7312,703.994755873753,0,48,0,79,0,0,0
85,4,4,2856.57792,1415.86955206834,0,53,0,48,0,0,0
85,4,5,2857.048,1290.8859635338,0,18,0,41,0,0,0
85,4,6,2835.45696,1021.90901647172,0,36,0,42,0,0,0
85,4,7,19635.3087999998,4261.55368501751,4,212,0,198,0,0,0
85,4,8,0,2,0,0,0,0,0,0,0
85,5,1,2912.0688,730.024897391671,2,0,0,164,0,0,0
85,5,2,2890.66368,947.624931258714,0,0,0,118,0,0,0
85,5,3,2909.3152,1625.68837540982,0,0,0,70,0,0,0
85,5,4,2878.96,1422.96575639445,0,0,0,141,0,0,0
85,5,5,2875.65567999999,1826.0738855867,0,0,0,129,0,0,0
85,5,6,2843.54336,1039.68769756482,0,0,0,102,0,0,0
85,5,7,19574.1219839997,9781.45782248759,49,0,0,162,0,0,0
85,5,8,0,2,0,0,0,0,0,0,0
85,6,1,2915.528,1618.34933993607,0,0,0,73,0,0,0
85,6,2,2904.90368,1127.9802203796,0,0,0,94,0,0,0
85,6,3,2936.7312,1913.12267356742,0,0,0,162,0,0,0
85,6,4,2900.53632,502.88882781831,0,0,0,142,0,0,0
85,6,5,2900.21599999999,703.043370026994,0,0,0,182,0,0,0
85,6,6,2850.786496,1412.82866392349,0,0,0,103,0,0,0
85,6,7,19522.3476991997,5405.50157880969,34,0,0,191,0,0,0
85,6,8,0,2,0,0,0,0,0,0,0
85,7,1,2933.60352,1565.62922243291,6,0,0,149,0,0,0
85,7,2,2920.70527999999,1810.48336048071,0,0,0,112,0,0,0
85,7,3,2962.48959999999,1277.38490553906,20,0,0,151,0,0,0
85,7,4,2902.1168,659.143568344871,0,0,0,50,0,0,0
85,7,5,2900.14112,1674.99350617073,0,0,0,70,0,0,0
85,7,6,2865.750656,1428.1433185597,1,0,0,138,0,0,0
85,7,7,19469.9796351996,4553.78781684283,177,0,0,181,0,0,0
85,7,8,0,2,0,0,0,0,0,0,0
85,8,1,2951.56672,665.029249948734,0,0,0,156,0,0,0
85,8,2,2940.47807999999,831.070859167895,0,6,0,149,0,0,0
85,8,3,2977.12607999999,1666.04858113073,0,0,0,127,0,0,0
85,8,4,2900.52608,1663.2128707961,0,0,0,65,0,0,0
85,8,5,2918.255936,1701.01543389023,0,0,0,167,0,0,0
85,8,6,2878.13337599999,939.679848011985,0,0,0,142,0,0,0
85,8,7,19412.9956991995,5176.71218985244,0,55,0,161,0,0,0
85,8,8,0,2,0,0,0,0,0,0,0
85,9,1,2933.81952,959.515052814828,0,64,0,2,0,0,0
85,9,2,2937.58368,1429.93160718815,0,41,0,42,0,0,0
85,9,3,2984.51641599999,1078.4026703737,0,84,0,82,0,0,0
85,9,4,2899.41344,794.876937867666,0,91,0,75,0,0,0
85,9,5,2919.17113599999,1750.0601499426,0,67,0,103,0,0,0
85,9,6,2865.20017919999,1085.32652207759,0,56,0,37,0,0,0
85,9,7,19368.1429631995,8063.38244754688,1,230,0,235,0,0,0
85,9,8,0,2,0,0,0,0,0,0,0
85,10,1,2943.48064,1324.88796633123,0,0,0,95,0,0,0
85,10,2,2964.838144,887.226914903676,0,0,0,142,0,0,0
85,10,3,3005.26681599999,942.223475955213,0,0,0,107,0,0,0
85,10,4,2912.19584,1070.20808649993,0,0,0,79,0,0,0
85,10,5,2951.62483199999,1747.76012711479,0,0,0,174,0,0,0
85,10,6,2877.82251519999,997.77744666785,0,0,0,108,0,0,0
85,10,7,19356.5970431995,7387.6987522755,24,1,0,226,0,0,0
85,10,8,0,2,0,0,0,0,0,0,0
85,11,1,2964.53408,1425.05071189624,0,0,0,132,0,0,0
85,11,2,2977.44774399999,807.882160435443,0,0,0,88,0,0,0
85,11,3,3022.61081599999,1787.74552256527,0,0,0,94,0,0,0
85,11,4,2931.23904,1437.36531413546,0,0,0,107,0,0,0
85,11,5,2982.704512,1619.45899279971,0,0,0,174,0,0,0
85,11,6,2891.00907519999,1157.07035117952,0,0,0,99,0,0,0
85,11,7,19337.0908799995,9277.62300281801,25,0,0,188,0,0,0
85,11,8,0,2,0,0,0,0,0,0,0
85,12,1,2987.974016,1325.47243958625,0,0,0,142,0,0,0
85,12,2,2986.86566399999,1658.43321905519,0,0,0,80,0,0,0
85,12,3,3054.33146879999,877.733107347687,0,0,0,178,0,0,0
85,12,4,2955.59072,1187.52075280718,0,0,0,143,0,0,0
85,12,5,3011.0944128,1667.86822811583,0,0,0,161,0,0,0
85,12,6,2905.15077119999,1229.57513248444,0,0,0,115,0,0,0
85,12,7,19313.7888639995,9498.2000407686,25,0,0,191,0,0,0
85,12,8,0,2,0,0,0,0,0,0,0
85,13,1,3008.6624512,1036.54900923958,0,0,0,132,0,0,0
85,13,2,3015.04716799999,1879.38266104011,0,0,0,165,0,0,0
85,13,3,3065.18010879999,1611.92473466603,0,0,0,87,0,0,0
85,13,4,2975.35872,1642.9321695507,0,0,0,118,0,0,0
85,13,5,3040.077696,900.869099414621,0,0,0,166,0,0,0
85,13,6,2920.51141119999,1030.85994401834,0,0,0,122,0,0,0
85,13,7,19308.8856473594,10126.3241451056,33,0,0,265,0,0,0
85,13,8,0,2,0,0,0,0,0,0,0
85,14,1,3022.10312704,1787.29262995388,0,0,0,103,0,0,0
85,14,2,3049.149824,1247.08186445718,0,0,0,187,0,0,0
85,14,3,3099.2553088,752.583969868125,0,0,0,161,0,0,0
85,14,4,3005.41824,1138.58980858062,0,0,0,163,0,0,0
85,14,5,3051.61172224,1444.58597641231,0,0,0,90,0,0,0
85,14,6,2934.4864512,1773.42118836592,0,0,0,103,0,0,0
85,14,7,19292.8649139194,6772.66279306357,38,0,0,188,0,0,2
85,14,8,0,2,0,0,0,0,0,0,0
85,15,1,3054.96866304,1390.68454405384,1,0,0,170,0,0,0
85,15,2,3072.672768,1518.60654874132,0,0,0,124,0,0,0
85,15,3,3111.3940736,656.713526458315,0,0,0,75,0,0,0
85,15,4,3027.20230400001,1161.96990900682,0,0,0,113,0,0,0
85,15,5,3080.63117056,1075.08638613306,0,0,0,144,0,0,0
85,15,6,2966.17462784,1695.62687654381,0,0,0,177,0,0,0
85,15,7,19275.5859379192,7451.08107838401,86,0,0,180,0,0,1
85,15,8,0,2,0,0,0,0,0,0,0
85,16,1,3085.1346816,1758.3408674623,0,0,0,139,0,0,0
85,16,2,3106.3261696,1191.8482213671,0,0,0,151,0,0,0
85,16,3,3121.209098752,723.031840796545,0,0,0,65,0,0,0
85,16,4,3048.55506944001,1004.05387169605,0,0,0,116,0,0,0
85,16,5,3105.926284288,554.195645588908,0,0,0,107,0,0,0
85,16,6,3000.5637487616,1950.11489331977,0,0,0,169,0,0,0
85,16,7,19272.9492019192,9528.71005612239,89,0,0,187,0,0,0
85,16,8,0,2,0,0,0,0,0,0,0
85,17,1,3108.79671562241,1479.96560107214,0,0,0,175,0,0,0
85,17,2,3123.38381056,1109.11955395867,0,0,0,119,0,0,0
85,17,3,3125.79190282241,1472.94315375963,0,0,0,72,0,0,0
85,17,4,3061.25212160001,995.135881785099,0,0,0,100,0,0,0
85,17,5,3107.571004928,1252.160414643,0,0,0,55,0,0,0
85,17,6,3025.48346408961,1486.21380300118,2,0,0,167,0,0,0
85,17,7,19283.6083379191,13686.9778185796,62,0,0,274,0,0,0
85,17,8,0,2,0,0,0,0,0,0,0
85,18,1,3126.92742883328,1436.13686239132,0,0,0,147,0,0,0
85,18,2,3127.89210880001,985.706633369316,0,0,0,110,0,0,0
85,18,3,3144.69884682241,1240.86293651613,0,0,0,147,0,0,0
85,18,4,3065.32336640001,1437.25931240852,0,0,0,99,0,0,0
85,18,5,3122.359551488,1287.47948589021,0,0,0,125,0,0,0
85,18,6,3043.04579164161,943.802023065608,0,0,0,148,0,0,0
85,18,7,19274.4547379191,9482.88804859691,40,0,0,219,0,0,0
85,18,8,0,2,0,0,0,0,0,0,0
85,19,1,3135.02884487168,1159.83439281884,14,0,0,122,0,0,0
85,19,2,3129.47750656001,1251.23475076391,0,0,0,98,0,0,0
85,19,3,3154.41206282241,1604.7798966266,0,0,0,124,0,0,0
85,19,4,3078.50920448001,1249.91321263668,5,0,0,135,0,0,0
85,19,5,3133.614860288,1043.88115992067,1,0,0,127,0,0,0
85,19,6,3048.11100764161,1358.57421511794,0,0,0,94,0,0,0
85,19,7,19297.2278579191,7583.23048124143,351,0,0,411,0,0,0
85,19,8,0,2,0,0,0,0,0,0,0
85,20,1,3112.56297863168,877.194376974714,111,0,0,4,0,0,0
85,20,2,3124.57594931201,1200.76358216095,56,0,0,69,0,0,0
85,20,3,3140.71409418241,492.862820401073,96,0,0,64,0,0,0
85,20,4,3067.62531328001,1066.66320534737,82,0,0,42,0,0,0
85,20,5,3130.044904448,1009.44213594096,46,0,0,58,0,0,0
85,20,6,3046.99739484161,719.381364975885,69,0,0,66,0,0,0
85,20,7,19301.5739571191,12055.5659261012,243,4,0,185,0,0,5
85,20,8,0,2,0,0,0,0,0,0,0
85,21,1,3112.56753543169,1185.4945958499,0,0,0,87,0,0,0
85,21,2,3137.21487052801,808.294384938086,0,0,0,120,0,0,0
85,21,3,3127.03671818242,1369.30848544113,0,0,0,49,0,0,0
85,21,4,3068.62869248001,1166.8821422211,0,0,0,106,0,0,0
85,21,5,3131.532991488,1565.01393112811,0,0,0,100,0,0,0
85,21,6,3041.29764444161,1788.71529945674,0,0,0,71,0,0,0
85,21,7,19270.489297919,8444.49361602338,0,53,0,192,0,0,0
85,21,8,0,2,0,0,0,0,0,0,0
85,22,1,3099.30325127169,497.759233475263,0,88,0,30,0,0,0
85,22,2,3122.50640793601,922.235828209543,0,46,0,34,0,0,0
85,22,3,3123.01403658242,1137.69446775675,0,72,0,64,0,0,0
85,22,4,3056.98962124801,2020.96855519792,0,52,0,64,0,0,0
85,22,5,3120.61278464,1985.24226321901,0,93,0,63,0,0,0
85,22,6,3043.27249500161,825.460094609612,0,82,0,96,0,0,0
85,22,7,19269.556180479,8824.92821879761,3,291,0,325,0,0,0
85,22,8,0,2,0,0,0,0,0,0,0
85,23,1,3099.78958727169,1061.92182416546,0,0,0,49,0,0,0
85,23,2,3133.72490393601,1187.98763995483,0,0,0,92,0,0,0
85,23,3,3136.04276029442,1908.94804244746,0,0,0,113,0,0,0
85,23,4,3087.78478284801,1807.34993111499,0,0,0,200,0,0,0
85,23,5,3154.820928512,1653.51107702102,0,0,0,194,0,0,0
85,23,6,3053.94265487361,1148.72659043706,0,0,0,82,0,0,0
85,23,7,19276.6983244789,11327.8085912889,28,0,0,182,0,0,0
85,23,8,0,2,0,0,0,0,0,0,0
85,24,1,3125.06878037689,543.657187997754,0,0,0,106,0,0,0
85,24,2,3157.20419995649,1758.01387930173,0,0,0,118,0,0,0
85,24,3,3176.59963301889,698.566056556598,0,0,0,190,0,0,0
85,24,4,3125.45622722561,1424.75705393559,0,0,0,180,0,0,0
85,24,5,3191.728395264,1544.86349677204,0,0,0,165,0,0,0
85,24,6,3081.43541248001,1533.98269828317,0,0,0,114,0,0,0
85,24,7,19305.0698680309,10381.6305704751,23,0,0,196,0,0,2
85,24,8,0,2,0,0,0,0,0,0,0
85,25,1,3124.48190037689,1097.21129660002,0,0,0,54,0,0,0
85,25,2,3180.56992411649,882.027531845223,0,0,0,175,0,0,0
85,25,3,3182.95651545089,1577.58069576099,0,0,0,69,0,0,0
85,25,4,3147.90145474561,1990.00450263248,0,0,0,142,0,0,0
85,25,5,3219.227525632,988.207034187903,0,0,0,154,0,0,0
85,25,6,3110.58894336001,1262.5751098163,0,0,0,153,0,0,0
85,25,7,19331.7984184309,13699.1175018169,22,0,0,238,0,0,2
85,25,8,0,2,0,0,0,0,0,0,0
85,26,1,3131.80347057849,1028.25585325752,0,0,0,109,0,0,0
85,26,2,3186.49330587649,1253.62028560996,0,0,0,88,0,0,0
85,26,3,3205.77637081089,1262.57790603564,0,0,0,157,0,0,0
85,26,4,3183.11492341761,1293.26349618775,0,0,0,199,0,0,0
85,26,5,3231.690919424,606.967951192077,0,0,0,98,0,0,0
85,26,6,3131.50758400001,972.107232466218,0,0,0,126,0,0,0
85,26,7,19360.0210360308,6886.98988366628,24,0,0,258,0,0,0
85,26,8,0,2,0,0,0,0,0,0,0
85,27,1,3138.44992433849,1180.23121545401,0,0,0,102,0,0,0
85,27,2,3201.08056987649,1841.34776104152,0,0,0,125,0,0,0
85,27,3,3218.90041742952,759.190410540099,0,0,0,126,0,0,0
85,27,4,3198.10591539201,832.582166715581,0,0,0,129,0,0,0
85,27,5,3235.583693824,1838.29219549722,0,0,0,60,0,0,0
85,27,6,3147.01037772801,665.174608605555,0,0,0,97,0,0,0
85,27,7,19368.3272643572,8186.67678904736,44,0,0,168,0,0,0
85,27,8,0,2,0,0,0,0,0,0,0
85,28,1,3150.65082200147,794.070766018978,0,0,0,118,0,0,0
85,28,2,3233.46878875649,1803.68756574003,0,0,0,184,0,0,0
85,28,3,3215.76014540392,1368.06492365986,0,0,0,75,0,0,0
85,28,4,3205.13977776129,1477.16790569467,0,0,0,83,0,0,0
85,28,5,3272.1851526144,1977.13662978034,0,0,0,182,0,0,0
85,28,6,3158.62068049921,657.880097103437,0,0,0,66,0,0,0
85,28,7,19387.5224575169,5130.92869024979,38,0,0,209,0,0,1
85,28,8,0,2,0,0,0,0,0,0,0
85,29,1,3156.39433611347,1750.62929813536,0,0,0,79,0,0,0
85,29,2,3256.7095931085,1783.50078724536,11,0,0,155,0,0,0
85,29,3,3231.07139266152,629.938524337457,0,0,0,136,0,0,0
85,29,4,3228.62741625243,809.264317073236,0,0,0,147,0,0,0
85,29,5,3303.5369790464,2066.97727884412,14,0,0,165,0,0,0
85,29,6,3166.94889809921,1347.31726673117,0,0,0,65,0,0,0
85,29,7,19404.8819281088,8618.47229795332,139,0,0,193,0,0,0
85,29,8,0,2,0,0,0,0,0,0,0
85,30,1,3180.19845511595,2039.30158729849,0,0,0,171,0,0,0
85,30,2,3281.0952397005,1019.24507685136,0,0,0,178,0,0,0
85,30,3,3232.20422338152,1447.75623778381,0,0,0,62,0,0,0
85,30,4,3234.62724729243,1629.12968333792,0,0,0,80,0,0,0
85,30,5,3345.41666736129,1105.90359460701,1,0,0,190,0,0,0
85,30,6,3189.89457969153,1333.98017887353,0,0,0,134,0,0,0
85,30,7,19440.0000700608,9895.51794980893,46,0,0,232,0,0,0
85,30,8,0,2,0,0,0,0,0,0,0
85,31,1,3210.40646984107,1876.29339625364,1,0,0,174,0,0,0
85,31,2,3289.24306006018,1448.30855535687,0,0,0,101,0,0,0
85,31,3,3254.82930232526,1277.62105320537,0,0,0,144,0,0,0
85,31,4,3266.52552569243,1503.34315408151,0,0,0,162,0,0,0
85,31,5,3368.00422340281,1274.65102145493,0,0,0,110,0,0,0
85,31,6,3223.82381524993,404.810028235356,0,0,0,133,0,0,0
85,31,7,19478.2669890752,7852.13953264178,42,0,0,201,0,0,0
85,31,8,0,2,0,0,0,0,0,0,0
85,32,1,3227.56055969728,1548.8069116624,15,0,0,138,0,0,0
85,32,2,3308.43329673218,1431.60274633404,0,0,0,142,0,0,0
85,32,3,3269.08216734926,1170.44373826112,0,0,0,127,0,0,0
85,32,4,3290.84934907987,1137.56347076571,0,0,0,150,0,0,0
85,32,5,3394.05828087481,1221.47514692636,0,0,0,127,0,0,0
85,32,6,3228.62955016193,1151.86722596215,0,0,0,40,0,0,0
85,32,7,19504.3368187071,11195.2589725547,180,0,0,191,0,0,0
85,32,8,0,2,0,0,0,0,0,0,0
85,33,1,3240.57607329727,1170.86049543119,0,0,0,154,0,0,0
85,33,2,3315.94331129858,693.815867196831,0,0,0,143,0,0,0
85,33,3,3271.72527058126,1335.23015561175,0,0,0,117,0,0,0
85,33,4,3296.20197159831,1424.9972133009,0,0,0,113,0,0,0
85,33,5,3411.96482254521,1243.19295541418,0,0,0,122,0,0,0
85,33,6,3244.64360968194,658.238930011755,0,0,0,115,0,0,0
85,33,7,19543.4171418816,6872.61452594367,51,0,0,259,0,0,0
85,33,8,0,2,0,0,0,0,0,0,0
85,34,1,3253.17073442345,1332.04498471907,6,0,0,107,0,0,0
85,34,2,3306.54356150683,1014.12253502212,0,0,0,69,0,0,0
85,34,3,3286.76768804046,1151.55956629594,0,0,0,133,0,0,0
85,34,4,3314.97122729265,1273.56650852949,10,0,0,126,0,0,0
85,34,5,3435.76010999481,942.547570968592,0,0,0,124,0,0,0
85,34,6,3250.89748180994,747.984863710176,0,0,0,65,0,0,0
85,34,7,19619.0304114716,14173.738753441,235,0,0,311,0,0,0
85,34,8,0,2,0,0,0,0,0,0,0
85,35,1,3260.36515935785,1127.61769894041,0,0,0,133,0,0,0
85,35,2,3297.96157417883,1151.32593063401,0,0,0,101,0,0,0
85,35,3,3279.00497976936,1691.43564660798,0,0,0,115,0,0,0
85,35,4,3317.13110134065,2120.91291546778,0,0,0,127,0,0,0
85,35,5,3439.91620199712,1617.89386280861,0,0,0,94,0,0,0
85,35,6,3253.00049631234,1051.17794884964,0,0,0,74,0,0,0
85,35,7,19663.650561334,7633.83522553769,43,0,0,275,0,0,0
85,35,8,0,2,0,0,0,0,0,0,0
85,36,1,3269.00598042153,1835.60423239933,0,0,0,112,0,0,0
85,36,2,3305.42072231937,487.836184435191,0,0,0,115,0,0,0
85,36,3,3295.17895654278,1492.23944353801,0,0,0,169,0,0,0
85,36,4,3333.9661873121,1094.68735446089,7,0,0,173,0,0,0
85,36,5,3469.877427925,1017.03669181448,0,0,0,161,0,0,0
85,36,6,3266.56699605403,1393.67872353555,0,0,0,105,0,0,0
85,36,7,19699.0925746204,6413.66488151892,105,0,0,179,0,0,0
85,36,8,0,2,0,0,0,0,0,0,0
85,37,1,3271.09036137615,1975.28141128199,26,0,0,125,0,0,0
85,37,2,3279.43042983937,854.732999382023,0,0,0,48,0,0,0
85,37,3,3291.76549604411,492.701800579151,5,0,0,138,0,0,0
85,37,4,3321.94916400842,1680.65034834785,0,0,0,109,0,0,0
85,37,5,3467.7290627154,1417.67687546712,0,0,0,101,0,0,0
85,37,6,3288.84342278555,651.049853751568,0,0,0,139,0,0,0
85,37,7,19730.8370994204,8741.43291202098,192,0,0,214,0,0,0
85,37,8,0,2,0,0,0,0,0,0,0
85,38,1,3304.53312329584,1613.04217847504,0,0,0,197,0,0,0
85,38,2,3272.90336143361,996.424757025596,0,0,0,85,0,0,0
85,38,3,3264.41920463931,801.382778077899,0,0,0,49,0,0,0
85,38,4,3337.55920545155,1018.09264256783,0,0,0,168,0,0,0
85,38,5,3480.33221399921,2206.92046313083,0,0,0,141,0,0,0
85,38,6,3292.89929615362,2057.97160184703,0,0,0,65,0,0,0
85,38,7,19782.4512080924,7165.54494429286,0,33,0,207,0,0,0
85,38,8,0,2,0,0,0,0,0,0,0
85,39,1,3291.03778807665,1613.37170354241,0,93,0,68,0,0,0
85,39,2,3240.03957551842,1189.2806750681,0,46,0,53,0,0,0
85,39,3,3225.54736984242,1075.19300824896,0,36,0,44,0,0,0
85,39,4,3307.52509506046,1171.54515957364,0,39,0,62,0,0,0
85,39,5,3475.20411896739,2011.70811304845,0,98,0,122,0,0,0
85,39,6,3300.18723553282,638.323232899903,0,95,0,110,0,0,0
85,39,7,19813.2203709672,7686.7587376853,5,202,0,206,0,0,0
85,39,8,0,2,0,0,0,0,0,0,0
85,40,1,3318.58947038089,1652.4083684186,0,0,0,161,0,0,0
85,40,2,3242.85198121698,1386.51667122476,0,0,0,118,0,0,0
85,40,3,3215.38646190258,1557.9427366561,0,0,0,107,0,0,0
85,40,4,3311.11536577431,1032.7936200192,0,0,0,117,0,0,0
85,40,5,3511.27681828567,1755.02648668425,0,0,0,191,0,0,0
85,40,6,3317.56641361922,871.305669697609,0,0,0,63,0,0,0
85,40,7,19877.9578199272,7512.36073569044,23,0,0,246,0,0,0
85,40,8,0,2,0,0,0,0,0,0,0
85,41,1,3339.67554425655,840.909913452285,0,0,0,165,0,0,0
85,41,2,3238.09221420156,680.858023254181,0,0,0,138,0,0,0
85,41,3,3215.6358423406,1538.66779995406,0,0,0,155,0,0,0
85,41,4,3301.39332299671,1179.20839652327,0,0,0,103,0,0,0
85,41,5,3533.43167056164,668.07384474022,0,0,0,173,0,0,0
85,41,6,3333.21115676673,1078.31740476904,0,0,0,87,0,0,0
85,41,7,19917.501528931,4430.2056922661,29,0,0,186,0,0,0
85,41,8,0,2,0,0,0,0,0,0,0
85,42,1,3329.30036685456,2030.63094437382,0,0,0,84,0,0,0
85,42,2,3218.33292582012,1599.21587476591,0,0,0,68,0,0,0
85,42,3,3213.52233922738,989.472252874247,0,0,0,151,0,0,0
85,42,4,3288.66742291351,1048.29042865655,0,0,0,117,0,0,0
85,42,5,3523.45783171364,1830.96534180421,0,0,0,66,0,0,0
85,42,6,3345.81397061634,870.555886727974,0,0,0,107,0,0,0
85,42,7,19947.3784524254,11885.0871897158,58,0,0,199,0,0,0
85,42,8,0,2,0,0,0,0,0,0,0
85,43,1,3342.12790518826,1436.89122868954,0,0,0,203,0,0,0
85,43,2,3227.65110632285,725.305291084284,0,0,0,159,0,0,0
85,43,3,3198.75448100043,915.464729737508,0,0,0,98,0,0,0
85,43,4,3269.83263956272,1598.63742401573,0,0,0,104,0,0,0
85,43,5,3546.56975207302,1207.17457472682,0,0,0,183,0,0,0
85,43,6,3350.14374805505,908.468998142987,0,0,0,87,0,0,0
85,43,7,19986.0618162039,3598.45675959993,5,18,0,238,0,0,0
85,43,8,0,2,0,0,0,0,0,0,0
85,44,1,3327.19773228709,1039.29311206281,0,95,0,48,0,0,0
85,44,2,3196.95459977381,833.136698312443,0,34,0,38,0,0,0
85,44,3,3162.79329496611,570.660528490962,0,46,0,45,0,0,0
85,44,4,3252.03974139594,998.26797372587,0,92,0,67,0,0,0
85,44,5,3525.53100401572,1730.90896280777,0,55,0,65,0,0,0
85,44,6,3338.72031832065,917.567154838329,0,50,0,40,0,0,0
85,44,7,20003.4332723063,7983.03651696641,0,184,0,175,0,0,0
85,44,8,0,2,0,0,0,0,0,0,0
85,45,1,3334.88789427995,1421.11423252751,0,0,0,103,0,0,0
85,45,2,3191.12118374794,1411.09457255465,0,0,0,83,0,0,0
85,45,3,3149.50828374748,1335.43256470543,0,0,0,57,0,0,0
85,45,4,3243.7819361249,1316.48919606316,0,0,0,99,0,0,0
85,45,5,3563.70252461458,1462.85709216897,0,0,0,173,0,0,0
85,45,6,3351.98427906787,954.730960111738,0,0,0,91,0,0,0
85,45,7,20061.6237292415,11292.2864758768,27,0,0,207,0,0,1
85,45,8,0,2,0,0,0,0,0,0,0
85,46,1,3354.61491452416,1733.58164481468,0,0,0,142,0,0,0
85,46,2,3200.49501510108,1188.8586466888,0,0,0,141,0,0,0
85,46,3,3160.79707706075,1146.2055049951,0,0,0,133,0,0,0
85,46,4,3249.50678385333,1421.96652377526,0,0,0,131,0,0,0
85,46,5,3583.93368091174,2558.1940498428,0,0,0,146,0,0,0
85,46,6,3374.37380485629,596.954289975836,0,0,0,95,0,0,0
85,46,7,20121.4971504551,6827.44185992744,24,1,0,199,0,0,0
85,46,8,0,2,0,0,0,0,0,0,0
85,47,1,3388.67663171278,809.303500569244,0,0,0,171,0,0,0
85,47,2,3207.83619091285,1253.84855070555,0,0,0,118,0,0,0
85,47,3,3168.34631021567,1260.67336755441,0,0,0,114,0,0,0
85,47,4,3260.86814796469,1428.39223061932,0,0,0,142,0,0,0
85,47,5,3621.07689490668,1758.29664409527,27,0,0,154,0,0,0
85,47,6,3382.11094777956,856.770732916977,0,0,0,59,0,0,0
85,47,7,20164.4304461367,8024.0880888573,132,0,0,193,0,0,0
85,47,8,0,2,0,0,0,0,0,0,0
85,48,1,3381.47594417395,1189.12323977482,0,0,0,80,0,0,0
85,48,2,3205.90905546277,1222.29959357202,0,0,0,125,0,0,0
85,48,3,3168.48891147602,1494.85591804561,0,0,0,126,0,0,0
85,48,4,3258.28942706716,766.666851464746,0,0,0,142,0,0,0
85,48,5,3640.36621697506,1243.13041686603,0,0,0,175,0,0,0
85,48,6,3388.50589438871,931.107297268893,0,0,0,85,0,0,0
85,48,7,20210.6330989111,10832.515349496,0,36,0,249,0,0,0
85,48,8,0,2,0,0,0,0,0,0,0
85,49,1,3383.44590176433,1401.56023678292,0,0,0,118,0,0,0
85,49,2,3198.7024940304,1393.18191327446,0,0,0,122,0,0,0
85,49,3,3160.75098945101,1626.93693466537,0,9,0,127,0,0,0
85,49,4,3244.04611906776,816.971845915966,0,0,0,76,0,0,0
85,49,5,3646.32531500735,1613.60637630699,0,0,0,124,0,0,0
85,49,6,3392.1890124574,820.25842147918,0,0,0,93,0,0,0
85,49,7,20280.5791562632,5543.99188212844,2,276,0,273,0,0,0
85,49,8,0,2,0,0,0,0,0,0,0
85,50,1,3356.61775205447,979.46833538488,0,137,0,3,0,0,0
85,50,2,3178.95574671422,748.541375178502,0,71,0,68,0,0,0
85,50,3,3142.24239971373,861.486030701952,0,82,0,80,0,0,0
85,50,4,3218.96178073283,1389.31040967823,0,46,0,35,0,0,0
85,50,5,3629.77521917277,1186.79675401399,0,102,0,59,0,0,0
85,50,6,3392.03793157932,1574.32399758129,0,33,0,49,0,0,0
85,50,7,20328.7492263611,11871.9179385589,2,166,0,189,0,0,19
85,50,8,0,2,0,0,0,0,0,0,0
85,51,1,3365.35122441697,567.682866652394,0,0,0,97,0,0,0
85,51,2,3173.32913372001,919.709342041681,0,0,0,74,0,0,0
85,51,3,3133.08441444762,1066.87645332736,0,0,0,86,0,0,0
85,51,4,3224.37547268418,1259.32153166446,0,0,0,138,0,0,0
85,51,5,3643.40615755835,2087.08621648348,0,0,0,118,0,0,0
85,51,6,3420.23469922092,1437.99196249356,0,0,0,157,0,0,0
85,51,7,20411.6204564155,4794.04419680792,22,0,0,438,0,0,0
85,51,8,0,2,0,0,0,0,0,0,0
85,52,1,3366.52780598507,1539.97741895161,0,0,0,56,0,0,0
85,52,2,3174.47818208916,1383.50415773466,0,0,0,91,0,0,0
85,52,3,3127.10896089761,1501.23943677035,0,0,0,106,0,0,0
85,52,4,3230.72817883606,1399.04419733503,0,0,0,125,0,0,0
85,52,5,3671.8069892695,1311.63070199929,5,0,0,150,0,0,0
85,52,6,3446.92133653005,790.38722355249,0,0,0,143,0,0,0
85,52,7,20459.147799508,4612.27412400144,23,0,0,227,0,0,0
85,52,8,0,2,0,0,0,0,0,0,0
85,53,1,3384.60735685805,497.653719103592,0,0,0,153,0,0,0
85,53,2,3182.5140054497,1168.2641448767,0,0,0,138,0,0,0
85,53,3,3133.44154787528,1689.94808238498,0,0,0,148,0,0,0
85,53,4,3239.71951556652,1116.29121631561,0,0,0,139,0,0,0
85,53,5,3686.01202113862,349.67967389496,0,0,0,131,0,0,0
85,53,6,3455.55264435111,1556.87498256391,0,0,0,79,0,0,0
85,53,7,20478.5400682056,4586.51496061169,56,0,0,171,0,0,0
85,53,8,0,2,0,0,0,0,0,0,0
85,54,1,3377.05436595783,1619.74949017497,0,0,0,49,0,0,0
85,54,2,3187.2226630172,1139.50323751571,0,0,0,116,0,0,0
85,54,3,3142.91463015629,1170.2878358291,0,0,0,168,0,0,0
85,54,4,3237.39237305035,591.377076051178,0,0,0,111,0,0,0
85,54,5,3663.44010052934,1928.9037671882,0,0,0,34,0,0,0
85,54,6,3480.75119526823,1336.17028272088,0,0,0,155,0,0,0
85,54,7,20501.5682619976,9528.55566890813,68,0,0,193,0,0,0
85,54,8,0,2,0,0,0,0,0,0,0
85,55,1,3408.85382547298,868.243345130055,0,0,0,161,0,0,0
85,55,2,3188.29717939014,1497.79766700951,0,0,0,113,0,0,0
85,55,3,3150.80043098427,807.452496436422,0,0,0,117,0,0,0
85,55,4,3218.39544190868,893.700914922998,0,0,0,59,0,0,0
85,55,5,3705.88076381329,1833.9823670814,0,0,0,192,0,0,0
85,55,6,3513.05378743682,1649.13987075774,0,0,0,133,0,0,0
85,55,7,20547.1643503208,9425.794358457,38,0,0,181,0,0,0
85,55,8,0,2,0,0,0,0,0,0,0
85,56,1,3409.61418609337,1458.09430906904,0,0,0,86,0,0,0
85,56,2,3199.03828392676,1792.61136928335,0,0,0,149,0,0,0
85,56,3,3145.74219404908,708.173162313196,0,0,0,80,0,0,0
85,56,4,3210.26433418078,1763.02277162627,0,0,0,89,0,0,0
85,56,5,3737.53006591935,1338.89225978117,0,0,0,183,0,0,0
85,56,6,3545.18389979792,1931.01059038786,0,0,0,164,0,0,0
85,56,7,20583.6544365824,9451.4254542793,0,54,0,197,0,0,0
85,56,8,0,2,0,0,0,0,0,0,0
85,57,1,3393.64368539821,1303.90607481137,0,96,0,49,0,0,0
85,57,2,3196.98049524567,1578.01209995588,0,83,0,96,0,0,0
85,57,3,3123.28358888274,801.892553325534,0,41,0,29,0,0,0
85,57,4,3194.67940208806,905.649815786563,0,98,0,78,0,0,0
85,57,5,3733.15535045774,1526.91437827631,0,56,0,77,0,0,0
85,57,6,3551.22964146525,1265.88386688847,0,106,0,87,0,0,0
85,57,7,20704.9801919778,12016.4741832122,2,391,0,383,0,0,1
85,57,8,0,2,0,0,0,0,0,0,0
85,58,1,3406.39582385546,1297.03081691442,0,0,0,130,0,0,0
85,58,2,3211.27869310525,1757.81715512063,0,0,0,157,0,0,0
85,58,3,3123.08464262986,1601.11307281872,0,0,0,80,0,0,0
85,58,4,3194.75060356452,1848.75024728251,0,0,0,90,0,0,0
85,58,5,3759.00103836022,632.147453365707,0,0,0,152,0,0,0
85,58,6,3574.20356374877,1920.87669934737,0,0,0,126,0,0,0
85,58,7,20745.310728221,9135.25047868845,26,2,0,206,0,0,0
85,58,8,0,2,0,0,0,0,0,0,0
85,59,1,3436.52003756336,756.035041734468,0,0,0,129,0,0,0
85,59,2,3260.90772450367,969.244345382675,0,0,0,174,0,0,0
85,59,3,3155.05688895165,979.640617386299,0,0,0,160,0,0,0
85,59,4,3240.88655891353,955.115307977059,0,0,0,184,0,0,0
85,59,5,3760.80010421144,1043.02164682146,0,0,0,63,0,0,0
85,59,6,3631.7705558814,1732.74770810085,0,0,0,183,0,0,0
85,59,7,20812.6650451561,11291.5564114222,43,0,0,190,0,0,0
85,59,8,0,2,0,0,0,0,0,0,0
85,60,1,3435.96048252604,1440.72315589561,0,0,0,75,0,0,0
85,60,2,3257.070213734,1668.12230536636,0,0,0,96,0,0,0
85,60,3,3158.20403587728,911.757334363358,0,0,0,97,0,0,0
85,60,4,3244.14590605086,1117.24398362422,0,0,0,95,0,0,0
85,60,5,3771.58008470411,2022.55901729665,0,0,0,104,0,0,0
85,60,6,3675.11133688088,1104.74342395339,0,0,0,173,0,0,0
85,60,7,20862.7514992579,10183.9475255826,38,0,0,194,0,0,0
85,60,8,0,2,0,0,0,0,0,0,0
85,61,1,3464.31474411889,1115.20642411741,0,0,0,144,0,0,0
85,61,2,3278.98773929836,1700.41286501821,0,0,0,165,0,0,0
85,61,3,3153.83021385149,1308.09826872025,0,0,0,91,0,0,0
85,61,4,3245.87409750212,1230.66030814007,0,0,0,111,0,0,0
85,61,5,3824.55606156312,1113.20307773728,1,0,0,190,0,0,0
85,61,6,3700.63135232362,2893.44135752887,0,0,0,110,0,0,0
85,61,7,20935.4018029548,9917.40541214508,68,0,0,199,0,0,0
85,61,8,0,2,0,0,0,0,0,0,0
85,62,1,3479.32723126604,1601.37761275463,0,0,0,111,0,0,0
85,62,2,3303.23619093697,1308.82704673209,0,0,0,170,0,0,0
85,62,3,3171.34427356971,1252.28394801773,0,0,0,130,0,0,0
85,62,4,3265.92339629806,971.660359437899,0,0,0,123,0,0,0
85,62,5,3848.79832446031,1954.70752922919,0,0,0,111,0,0,0
85,62,6,3784.60963039539,1132.11496834386,5,0,0,241,0,0,0
85,62,7,21021.1057552104,11699.9369843871,91,0,0,186,0,0,7
85,62,8,0,2,0,0,0,0,0,0,0
85,63,1,3490.54100444516,1042.92325605782,0,0,0,160,0,0,0
85,63,2,3290.20470322746,1563.32309105514,0,0,0,130,0,0,0
85,63,3,3165.59611918894,1221.93906591722,0,0,0,125,0,0,0
85,63,4,3258.52353622409,2147.76296188427,0,0,0,97,0,0,0
85,63,5,3883.07688525215,1486.25456631002,0,0,0,195,0,0,0
85,63,6,3800.93349021564,1363.73575786941,0,0,0,113,0,0,0
85,63,7,21058.8096026344,5197.61053251039,77,0,0,200,0,0,0
85,63,8,0,2,0,0,0,0,0,0,0
85,64,1,3476.26891922316,2039.60230517298,0,56,0,48,0,0,0
85,64,2,3265.01851119829,1253.91555836,0,89,0,67,0,0,0
85,64,3,3142.65501577925,1538.84312045557,0,58,0,64,0,0,0
85,64,4,3253.98165316278,1881.47143082482,0,107,0,107,0,0,0
85,64,5,3886.39652445069,1655.81891642956,0,55,0,93,0,0,0
85,64,6,3807.63850611211,2001.2169471501,0,62,0,74,0,0,0
85,64,7,21128.7289501538,8609.73261168488,0,282,0,237,0,0,0
85,64,8,0,2,0,0,0,0,0,0,0
85,65,1,3527.12069733766,1187.47658427604,1,0,0,180,0,0,0
85,65,2,3285.97671730469,2577.90823416878,0,0,0,125,0,0,0
85,65,3,3173.13475605208,779.05087137672,0,0,0,153,0,0,0
85,65,4,3300.33524140168,1170.21090305618,0,0,0,188,0,0,0
85,65,5,3951.60430367735,2996.7442381572,0,0,0,163,0,0,0
85,65,6,3873.16163703375,2569.22098897829,1,0,0,170,0,0,0
85,65,7,21237.8692253889,15968.4509541898,26,0,0,232,0,0,0
85,65,8,0,2,0,0,0,0,0,0,0
85,66,1,3528.6261061163,1798.87067734061,0,0,0,118,0,0,0
85,66,2,3302.29317189056,1444.30370324888,1,0,0,184,0,0,0
85,66,3,3161.47616473577,349.088571398243,0,0,0,77,0,0,0
85,66,4,3307.66551070176,1199.96819634426,0,0,0,117,0,0,0
85,66,5,4003.00059289906,1270.92444205429,1,0,0,248,0,0,0
85,66,6,3925.53894459066,1921.16256042999,0,0,0,217,0,0,0
85,66,7,21280.5722298152,12091.7014189156,27,0,0,210,0,0,0
85,66,8,0,2,0,0,0,0,0,0,0
85,67,1,3553.97911040368,2236.11178127994,0,0,0,165,0,0,0
85,67,2,3315.42542337067,1927.91446796576,0,0,0,144,0,0,0
85,67,3,3147.654874658,1168.40884811369,0,0,0,34,0,0,0
85,67,4,3321.7597495552,1284.84054557536,0,0,0,119,0,0,0
85,67,5,4030.7964068581,2162.0484706585,0,0,0,127,0,0,0
85,67,6,3966.29737396821,984.934700598426,0,0,0,175,0,0,0
85,67,7,21335.0733600166,8187.03632048315,52,0,0,225,0,0,0
85,67,8,0,2,0,0,0,0,0,0,0
85,68,1,3596.56725885368,1518.07213716959,16,0,0,151,0,0,0
85,68,2,3337.23954230136,851.146186917179,7,0,0,160,0,0,0
85,68,3,3156.84434369132,1678.8372696259,0,0,0,116,0,0,0
85,68,4,3342.76464551967,742.61205882039,0,0,0,128,0,0,0
85,68,5,4115.77283957246,1607.35218745474,0,0,0,213,0,0,0
85,68,6,3994.74397317138,1728.59663975776,0,0,0,98,0,0,0
85,68,7,21448.6430260992,9264.84650889811,137,0,0,229,0,0,0
85,68,8,0,2,0,0,0,0,0,0,0
85,69,1,3641.63342192625,2083.3796392138,0,0,0,151,0,0,0
85,69,2,3334.18086086806,1067.57528623251,0,0,0,85,0,0,0
85,69,3,3192.68556756172,1519.35774560929,0,0,0,166,0,0,0
85,69,4,3333.93296805556,1150.45040204898,0,0,0,74,0,0,0
85,69,5,4175.7970224133,2722.89009435727,0,0,0,160,0,0,0
85,69,6,4058.08901469418,1220.03347656254,0,0,0,172,0,0,0
85,69,7,21589.0827610374,7526.53168165871,107,0,0,227,0,0,0
85,69,8,0,2,0,0,0,0,0,0,0
85,70,1,3661.18557049205,856.813625515162,0,5,0,166,0,0,0
85,70,2,3325.30221172648,1362.73218416672,0,0,0,106,0,0,0
85,70,3,3196.91560932598,1433.0956591699,0,0,0,151,0,0,0
85,70,4,3324.89389762699,651.609580245406,0,0,0,115,0,0,0
85,70,5,4206.55597195265,2480.48203843261,0,10,0,184,0,0,0
85,70,6,4076.31738892563,1578.67940006915,0,0,0,122,0,0,0
85,70,7,21623.8765207641,10557.6366960279,0,68,0,172,0,0,0
85,70,8,0,2,0,0,0,0,0,0,0
85,71,1,3671.96994259333,1114.5639707015,0,0,0,85,0,0,0
85,71,2,3328.42011249559,871.603336932641,0,0,0,136,0,0,0
85,71,3,3198.81678708882,1409.21953459815,0,0,0,143,0,0,0
85,71,4,3308.36799069524,1624.74548155455,0,0,0,65,0,0,0
85,71,5,4289.52412287075,2532.60707928419,0,11,0,220,0,0,0
85,71,6,4121.78849222594,1283.03937558828,0,7,0,139,0,0,0
85,71,7,21694.5891396251,9565.37161195182,7,156,0,176,0,0,0
85,71,8,0,2,0,0,0,0,0,0,0
85,72,1,3630.41625474006,1590.46254386646,0,111,0,0,0,0,0
85,72,2,3301.25399616936,1746.48479628215,0,39,0,48,0,0,0
85,72,3,3180.28210429558,1178.70280133386,0,63,0,77,0,0,0
85,72,4,3294.45973018247,692.194862362948,0,74,0,88,0,0,0
85,72,5,4331.86210480946,1605.4783501581,0,101,0,152,0,0,0
85,72,6,4130.80724123131,1092.60002366538,0,70,0,58,0,0,0
85,72,7,21790.5913332773,10943.0623480283,5,228,0,230,0,0,2
85,72,8,0,2,0,0,0,0,0,0,0
85,73,1,3654.16679967006,984.686186605238,0,0,0,159,0,0,0
85,73,2,3318.45910710557,1435.90848976372,0,0,0,174,0,0,0
85,73,3,3174.70217177427,1323.6438411076,0,0,0,117,0,0,0
85,73,4,3287.8618932447,928.326592451491,0,0,0,69,0,0,0
85,73,5,4367.75944116262,1855.11656099905,0,0,0,160,0,0,0
85,73,6,4173.5473644697,1397.44944210251,0,0,0,109,0,0,0
85,73,7,21859.0935825061,4744.46908380855,27,0,0,289,0,0,0
85,73,8,0,2,0,0,0,0,0,0,0
85,74,1,3673.22965866665,1037.92052616112,0,0,0,98,0,0,0
85,74,2,3327.88183656373,976.907069197848,0,0,0,143,0,0,0
85,74,3,3176.29009507217,1808.09925899035,0,0,0,132,0,0,0
85,74,4,3295.43009340525,985.108616675947,0,0,0,92,0,0,0
85,74,5,4434.48653622079,1628.88198534523,0,0,0,185,0,0,0
85,74,6,4220.63608299074,1582.51594654396,0,0,0,139,0,0,0
85,74,7,21935.1527696181,5960.56369949468,23,0,0,244,0,0,0
85,74,8,0,2,0,0,0,0,0,0,0
85,75,1,3676.69987345023,2058.90960514707,0,0,0,103,0,0,0
85,75,2,3318.00055571421,643.270523664672,0,0,0,97,0,0,0
85,75,3,3188.58628672969,620.98288451709,0,0,0,180,0,0,0
85,75,4,3297.48020432595,710.939064076826,0,0,0,98,0,0,0
85,75,5,4468.00289833002,2594.33305800049,0,0,0,162,0,0,0
85,75,6,4263.39181804996,2216.91505772277,0,0,0,158,0,0,0
85,75,7,21983.7975243721,7147.71806399053,28,0,0,205,0,0,0
85,75,8,0,2,0,0,0,0,0,0,0
85,76,1,3711.90545744115,1653.42986808038,0,0,0,202,0,0,0
85,76,2,3302.81365036793,1935.2051404074,0,0,0,64,0,0,0
85,76,3,3177.66275919008,1402.79737522746,0,0,0,62,0,0,0
85,76,4,3298.93554209975,1324.78618914783,0,0,0,71,0,0,0
85,76,5,4548.4587423158,2413.08241446048,2,0,0,219,0,0,0
85,76,6,4320.15621414845,2139.01536209465,2,0,0,183,0,0,0
85,76,7,22037.9751099691,10169.3298393162,29,0,0,220,0,0,0
85,76,8,0,2,0,0,0,0,0,0,0
85,77,1,3792.18278732137,1690.31575344386,0,0,0,165,0,0,0
85,77,2,3348.48335294996,1479.3921916229,0,0,0,193,0,0,0
85,77,3,3218.89777697531,1878.91530733554,0,0,0,140,0,0,0
85,77,4,3325.99898490816,982.936285074753,0,0,0,132,0,0,0
85,77,5,4678.04143099303,1671.54125540886,0,0,0,241,0,0,0
85,77,6,4433.96231494277,1743.19427321122,0,0,0,211,0,0,0
85,77,7,22232.1860110807,10936.209586287,27,0,0,272,0,0,0
85,77,8,0,2,0,0,0,0,0,0,0
85,78,1,3827.20148062774,1668.75474078649,0,0,0,169,0,0,0
85,78,2,3380.73099474605,1135.95959484057,0,0,0,147,0,0,0
85,78,3,3254.79800871931,1545.01571887972,0,0,0,184,0,0,0
85,78,4,3332.9175515726,1233.6853331801,0,0,0,98,0,0,0
85,78,5,4738.73633467256,1897.48033428698,0,0,0,164,0,0,0
85,78,6,4497.21119573646,2180.0709097087,0,0,0,172,0,0,0
85,78,7,22296.7430145676,5917.38486815318,0,74,0,176,0,0,0
85,78,8,0,2,0,0,0,0,0,0,0
85,79,1,3834.72019595484,1117.65271979876,0,39,0,112,0,0,0
85,79,2,3384.12780776156,1534.6183295192,0,0,0,113,0,0,0
85,79,3,3272.52084333119,1795.54474028944,0,0,0,154,0,0,0
85,79,4,3334.41329600327,1079.37182580516,0,0,0,123,0,0,0
85,79,5,4782.15835205238,1334.24228271175,0,33,0,143,0,0,0
85,79,6,4544.38196050993,1788.59884339355,0,60,0,134,0,0,0
85,79,7,22413.18384532,5032.7947422536,0,221,0,282,0,0,0
85,79,8,0,2,0,0,0,0,0,0,0
85,80,1,3852.80388016931,1531.16316839969,0,0,0,111,0,0,0
85,80,2,3395.82294402142,1716.10945033117,0,0,0,153,0,0,0
85,80,3,3271.56391801465,838.290098615662,0,0,0,179,0,0,0
85,80,4,3322.20167056229,1327.79604232657,0,0,0,107,0,0,0
85,80,5,4828.11008920474,1557.06512088851,0,0,0,133,0,0,0
85,80,6,4595.03390797758,2725.03939397722,0,0,0,170,0,0,0
85,80,7,22485.2641037453,6953.52924689969,30,0,0,223,0,0,0
85,80,8,0,2,0,0,0,0,0,0,0
85,81,1,3875.20057483563,1371.51075312843,0,0,0,153,0,0,0
85,81,2,3399.08540980709,1311.34605884997,0,0,0,171,0,0,0
85,81,3,3247.96450432548,1730.05543949711,0,0,0,83,0,0,0
85,81,4,3314.73705072058,920.40246299596,0,0,0,132,0,0,0
85,81,5,4840.19125921073,2480.87255104956,0,0,0,155,0,0,0
85,81,6,4672.99652999899,2140.70310357419,0,5,0,197,0,0,0
85,81,7,22556.1421865236,4962.02862465192,0,29,0,257,0,0,0
85,81,8,0,2,0,0,0,0,0,0,0
85,82,1,3835.88211590834,2139.53266059334,0,96,0,41,0,0,0
85,82,2,3364.55502236672,466.942058742473,0,76,0,55,0,0,0
85,82,3,3225.0639878951,1574.4549592071,0,91,0,82,0,0,0
85,82,4,3273.17116829679,1145.44309880578,0,51,0,41,0,0,0
85,82,5,4848.66573733121,2511.62392232701,0,123,0,125,0,0,0
85,82,6,4682.82005054615,1025.42305544499,0,100,0,114,0,0,0
85,82,7,22577.1127051982,4122.38469059285,2,200,0,174,0,0,0
85,82,8,0,2,0,0,0,0,0,0,0
85,83,1,3893.14529263026,2185.81059191005,3,0,0,187,0,0,0
85,83,2,3354.61317433523,988.141207432076,0,0,0,46,0,0,0
85,83,3,3251.17579644226,1681.62467318247,0,0,0,155,0,0,0
85,83,4,3295.8297047088,1799.54814771602,0,0,0,114,0,0,0
85,83,5,4926.42470489037,1932.04718460485,9,0,0,171,0,0,0
85,83,6,4726.17690792073,1110.90524511989,0,0,0,102,0,0,0
85,83,7,22661.6345449622,13397.9250550199,27,0,0,208,0,0,0
85,83,8,0,2,0,0,0,0,0,0,0
85,84,1,3920.97042836422,2534.08608627767,0,0,0,218,0,0,0
85,84,2,3357.52258995908,1185.64629717292,0,0,0,98,0,0,0
85,84,3,3260.42635952625,1589.16903223864,0,0,0,168,0,0,0
85,84,4,3313.77134086113,1208.83240079367,0,0,0,179,0,0,0
85,84,5,4967.28770163016,2091.80813489238,0,0,0,188,0,0,0
85,84,6,4755.46298989132,1573.58849445839,0,0,0,111,0,0,0
85,84,7,22715.4400134881,10173.7312221372,27,0,0,233,0,0,0
85,84,8,0,2,0,0,0,0,0,0,0
85,85,1,4026.61531968712,588.047646227955,1,0,0,224,0,0,0
85,85,2,3373.80253871744,467.381586196152,0,0,0,118,0,0,0
85,85,3,3314.35787073269,1820.30761286439,0,0,0,158,0,0,0
85,85,4,3327.09571173913,648.4221839414,0,0,0,120,0,0,0
85,85,5,5100.38126595213,2618.13827423333,0,0,0,197,0,0,2
85,85,6,4850.52805951813,2474.6629098236,0,0,0,157,0,0,0
85,85,7,22830.0417083776,9714.53158709395,25,2,0,200,0,0,0
85,85,8,0,2,0,0,0,0,0,0,0
85,86,1,4036.2966568999,1711.03116718073,0,0,0,58,0,0,0
85,86,2,3360.21266199482,1399.65012982972,0,0,0,46,0,0,0
85,86,3,3356.0377475068,729.533549360508,0,0,0,182,0,0,0
85,86,4,3341.30828089766,1419.63565340698,0,0,0,64,0,0,0
85,86,5,5217.26419733356,2851.97578320733,7,0,0,175,0,0,0
85,86,6,4952.01071640169,2857.00317397709,6,0,0,179,0,0,0
85,86,7,22967.8224113817,10183.4736713965,68,0,0,198,0,0,0
85,86,8,0,2,0,0,0,0,0,0,0
85,87,1,4118.60452229986,1603.25505494007,0,0,0,171,0,0,0
85,87,2,3404.96955503658,1847.20410733633,0,0,0,139,0,0,0
85,87,3,3340.74978023668,1013.0676591521,0,0,0,72,0,0,0
85,87,4,3387.41586338767,942.717234799391,0,0,0,141,0,0,0
85,87,5,5361.44801816085,1994.41956925581,0,5,0,183,0,0,0
85,87,6,5136.5824671396,2022.09207622241,0,0,0,285,0,0,0
85,87,7,23097.6933562462,2363.31667529771,0,41,0,190,0,0,0
85,87,8,0,2,0,0,0,0,0,0,0
85,88,1,4130.40077329636,692.450286413867,0,14,0,135,0,0,0
85,88,2,3411.10812403585,1510.39568994886,0,21,0,146,0,0,0
85,88,3,3322.75528879443,338.658236500652,0,0,0,101,0,0,0
85,88,4,3368.45077376273,947.92473257532,0,0,0,94,0,0,0
85,88,5,5386.23032031238,3477.19215370707,0,27,0,150,0,0,0
85,88,6,5154.70828155424,905.363948413189,0,35,0,139,0,0,0
85,88,7,23106.7636164622,8121.93410219201,0,51,0,144,0,0,0
85,88,8,0,2,0,0,0,0,0,0,0
85,89,1,4131.61319844241,1325.42195456461,0,0,0,69,0,0,0
85,89,2,3433.52090125214,1392.99889452573,0,0,0,151,0,0,0
85,89,3,3292.95854707284,1830.28302295215,0,0,0,33,0,0,0
85,89,4,3374.76424980129,1637.13621120155,0,0,0,94,0,0,0
85,89,5,5488.59318604076,2690.70489365777,0,44,0,180,0,0,0
85,89,6,5193.64531352336,1929.71851762258,0,0,0,90,0,0,0
85,89,7,23186.8524906647,7032.97588579725,0,157,0,212,0,0,0
85,89,8,0,2,0,0,0,0,0,0,0
85,90,1,4188.37574412751,2083.35171455458,0,0,0,132,0,0,0
85,90,2,3444.82435828297,1138.95388633137,0,0,0,139,0,0,0
85,90,3,3312.6806471762,1860.15529015903,0,0,0,179,0,0,0
85,90,4,3406.72770050879,984.736881339528,0,0,0,163,0,0,0
85,90,5,5631.82511358125,871.002460949377,1,0,0,228,0,0,0
85,90,6,5280.62429240744,991.16242885878,0,0,0,179,0,0,0
85,90,7,23286.4086694379,11108.6252912494,28,0,0,204,0,0,0
85,90,8,0,2,0,0,0,0,0,0,0
85,91,1,4321.68219128967,1946.02176249023,0,0,0,203,0,0,0
85,91,2,3482.1573838118,1325.97651902813,0,0,0,113,0,0,0
85,91,3,3359.26581645213,1592.43792960763,0,0,0,174,0,0,0
85,91,4,3443.12953343222,1048.71550864026,0,0,0,98,0,0,0
85,91,5,5713.31747575628,1404.0188502554,0,0,0,87,0,0,0
85,91,6,5363.17670161802,2166.3699993485,0,0,0,99,0,0,0
85,91,7,23426.996261847,12937.4274857401,0,45,0,196,0,0,0
85,91,8,0,2,0,0,0,0,0,0,0
85,92,1,4312.06926906223,879.211835160233,0,52,0,132,0,0,0
85,92,2,3460.58445924689,1457.58773668089,0,12,0,118,0,0,0
85,92,3,3359.79343524584,917.217448030181,0,36,0,116,0,0,0
85,92,4,3427.09625114728,1328.24742471719,0,3,0,101,0,0,0
85,92,5,5711.62441598082,1795.01185960242,0,22,0,114,0,0,0
85,92,6,5397.34465086961,1501.5282910276,0,63,0,141,0,0,0
85,92,7,23458.8085896846,10830.6009036684,9,177,0,185,0,0,2
85,92,8,0,2,0,0,0,0,0,0,0
85,93,1,4310.75818828535,1215.05043594575,0,0,0,87,0,0,0
85,93,2,3459.08393453362,805.757939995268,0,0,0,145,0,0,0
85,93,3,3337.62664684337,1294.45705029033,0,0,0,91,0,0,0
85,93,4,3426.10992446368,1129.80334462659,0,0,0,132,0,0,0
85,93,5,5762.93148994942,2728.13264537738,0,0,0,179,0,0,0
85,93,6,5439.66531131723,1343.91311273484,0,0,0,150,0,0,0
85,93,7,23511.7122789302,9725.45988786033,15,7,0,200,0,0,0
85,93,8,0,2,0,0,0,0,0,0,0
85,94,1,4420.03192542033,2851.85080624166,0,0,0,121,0,0,0
85,94,2,3481.77183578482,759.809851889006,0,0,0,80,0,0,0
85,94,3,3378.42069892146,1979.05196621878,0,0,0,129,0,0,0
85,94,4,3456.07601536487,2372.73123192914,0,0,0,112,0,0,0
85,94,5,5999.56939544186,1739.57918704997,3,0,0,197,0,0,0
85,94,6,5575.93171973265,927.484894982513,0,0,0,134,0,0,0
85,94,7,23727.1783536938,14293.6412359039,39,0,0,213,0,0,0
85,94,8,0,2,0,0,0,0,0,0,0
85,95,1,4441.93119723358,2138.07632311826,0,2,0,184,0,0,0
85,95,2,3472.55212830751,1305.95626475975,0,0,0,75,0,0,0
85,95,3,3396.48072551113,622.644253359177,0,0,0,197,0,0,0
85,95,4,3473.23640139535,1560.46590623879,0,0,0,216,0,0,0
85,95,5,6037.4677104076,2567.49877620144,0,0,0,173,0,0,0
85,95,6,5573.9455027803,2144.24395375189,0,0,0,92,0,0,0
85,95,7,23763.8253994446,5556.89046312879,0,37,0,191,0,0,0
85,95,8,0,2,0,0,0,0,0,0,0
85,96,1,4461.07003767397,2526.06539743633,0,126,0,87,0,0,0
85,96,2,3455.95293799546,2296.47070433058,0,64,0,66,0,0,0
85,96,3,3343.71228858057,1920.85098735253,0,29,0,33,0,0,0
85,96,4,3456.83912469103,1604.41037419559,0,79,0,77,0,0,0
85,96,5,6051.43802453383,3292.51201869904,0,132,0,124,0,0,0
85,96,6,5604.36949546042,3219.08259864476,0,105,0,109,0,0,0
85,96,7,23848.6745293271,9505.54175437882,0,268,0,287,0,0,0
85,96,8,0,2,0,0,0,0,0,0,0
85,97,1,4518.13455123404,2292.61767416641,3,0,0,182,0,0,0
85,97,2,3499.5508335135,1479.97241773154,0,0,0,215,0,0,0
85,97,3,3369.12521147669,1226.3106431403,0,0,0,192,0,0,0
85,97,4,3474.81362535363,1119.31361219261,0,0,0,160,0,0,0
85,97,5,6149.27272088025,1993.57741261058,5,0,0,211,0,0,0
85,97,6,5724.87517526676,2073.89916531936,1,1,0,245,0,0,0
85,97,7,23938.2549835555,12809.2617177216,26,0,0,340,0,0,0
85,97,8,0,2,0,0,0,0,0,0,0
85,98,1,4562.67016196454,2748.31575356098,0,0,0,187,0,0,0
85,98,2,3537.71990730933,1444.29406774952,0,0,0,147,0,0,0
85,98,3,3383.79465545016,646.609890152397,0,0,0,122,0,0,0
85,98,4,3479.13963524244,2029.54954342308,0,0,0,111,0,0,0
85,98,5,6231.33772823872,2767.81848950848,0,0,0,186,0,0,0
85,98,6,5795.03893157766,2147.27567993265,0,0,0,186,0,0,0
85,98,7,24022.7374674152,15255.2145627087,23,1,0,286,0,0,0
85,98,8,0,2,0,0,0,0,0,0,0
85,99,1,4598.21783031111,1735.56265417739,0,0,0,255,0,0,0
85,99,2,3538.6809719888,1215.62020205505,0,0,0,144,0,0,0
85,99,3,3368.0571528254,1369.54721247453,0,0,0,64,0,0,0
85,99,4,3496.82753000355,675.339394031525,0,0,0,195,0,0,0
85,99,5,6304.36434743738,3268.03678007412,1,0,0,212,0,0,0
85,99,6,5860.21844399877,3069.81960437823,0,0,0,180,0,0,0
85,99,7,24092.5259883301,15566.7566737896,25,0,0,308,0,0,1
85,99,8,0,2,0,0,0,0,0,0,0
85,100,1,4621.39472496151,2789.20297681149,0,0,0,173,0,0,0
85,100,2,3535.80179861485,1315.24665542625,0,0,0,121,0,0,0
85,100,3,3374.96754425,975.460611207666,0,0,0,136,0,0,0
85,100,4,3492.37591969009,821.580782011496,0,0,0,67,0,0,0
85,100,5,6384.12323204705,3359.43272070797,1,0,0,259,0,0,0
85,100,6,5947.58378657074,3116.45271356273,1,0,0,225,0,0,2
85,100,7,24142.730517471,10640.7141734363,31,0,0,223,0,0,2
85,100,8,0,2,0,0,0,0,0,0,0
86,1,1,2960.568,1446.84475941081,0,0,0,24,0,0,0
86,1,2,2972.2016,1629.08003257715,0,0,0,79,0,0,0
86,1,3,2965.704,1625.71963428138,0,0,0,32,0,0,0
86,1,4,2972.8,1184.92851692841,0,0,0,85,0,0,0
86,1,5,2973.5696,1567.79596404947,0,0,0,78,0,0,0
86,1,6,2972.6544,394.675019540888,0,0,0,65,0,0,0
86,1,7,19110.0879999999,10021.5052072639,0,0,0,97,0,0,0
86,1,8,0,5,0,0,0,3,0,0,0
86,2,1,2974.104,158.791392740288,0,0,0,144,0,0,0
86,2,2,2988.60128,1778.84571667032,0,0,0,162,0,0,0
86,2,3,2987.56,784.237683931369,0,0,0,162,0,0,0
86,2,4,2981.0336,1687.31261211341,0,0,0,118,0,0,0
86,2,5,2989.8672,1108.68187471606,0,0,0,156,0,0,0
86,2,6,2966.8464,910.495841098971,0,0,0,39,0,0,0
86,2,7,19073.0095999999,6604.09348633192,23,0,0,223,0,0,0
86,2,8,0,5,0,0,0,0,0,0,0
86,3,1,2963.1536,1250.45814327758,0,0,0,15,0,0,0
86,3,2,3010.35648,1358.06978751669,0,0,0,177,0,0,0
86,3,3,2990.088,1530.62007098429,0,0,0,78,0,0,0
86,3,4,2999.34239999999,1622.2511641868,0,0,0,168,0,0,0
86,3,5,2995.67232,1006.05519432667,0,0,0,110,0,0,0
86,3,6,2973.176,775.339999922413,0,0,0,91,0,0,0
86,3,7,19027.0031999998,7228.38333355508,27,0,0,189,0,0,0
86,3,8,0,5,0,0,0,0,0,0,0
86,4,1,2976.3216,556.510985929593,0,0,0,125,0,0,0
86,4,2,3022.50048,1242.32873496386,0,0,0,135,0,0,0
86,4,3,3005.13599999999,605.126034737029,0,0,0,153,0,0,0
86,4,4,3015.65663999999,584.184943356571,0,0,0,162,0,0,0
86,4,5,2997.63392,1228.91103265241,0,0,0,100,0,0,0
86,4,6,2977.736,1202.20611735311,0,0,0,77,0,0,0
86,4,7,18984.2095999998,7701.76064157824,25,0,0,214,0,0,5
86,4,8,0,5,0,0,0,0,0,0,0
86,5,1,2975.21920000001,881.428896868948,0,0,0,55,0,0,0
86,5,2,3033.37568,1677.72250042582,0,0,0,124,0,0,0
86,5,3,3001.61408,709.901609037584,0,0,0,60,0,0,0
86,5,4,3008.289024,712.184888386073,0,0,0,58,0,0,0
86,5,5,3006.55584,1322.6495299499,0,0,0,122,0,0,0
86,5,6,2986.9968,1535.35482834878,0,0,0,120,0,0,0
86,5,7,18926.5932799996,4179.21200138157,2,131,0,178,0,0,0
86,5,8,0,5,0,0,0,0,0,0,0
86,6,1,2956.88928000001,837.263339082585,0,87,0,1,0,0,0
86,6,2,3034.96128,618.32009153684,0,84,0,83,0,0,0
86,6,3,2985.57728,2103.49957166537,0,46,0,24,0,0,0
86,6,4,2997.418944,1042.75961252119,0,30,0,41,0,0,0
86,6,5,2999.886464,1602.91343533879,0,56,0,76,0,0,0
86,6,6,2990.436416,1046.61294045906,0,72,0,81,0,0,0
86,6,7,18888.2607999996,4184.23008209494,0,208,0,195,0,0,7
86,6,8,0,5,0,0,0,0,0,0,0
86,7,1,2971.94662400001,1344.90549339645,0,0,0,83,0,0,0
86,7,2,3045.16224000001,473.478397873557,0,0,0,61,0,0,0
86,7,3,3016.85126400001,2208.53295344352,5,0,0,177,0,0,0
86,7,4,3012.4431488,1014.94776613701,0,0,0,104,0,0,0
86,7,5,3028.382848,1454.67678795054,0,0,0,160,0,0,0
86,7,6,3010.184256,1469.92639975234,0,0,0,104,0,0,0
86,7,7,18914.1145599995,2777.4060583613,23,0,0,273,0,0,0
86,7,8,0,5,0,0,0,0,0,0,0
86,8,1,2977.23142400001,925.275489070223,76,0,0,58,0,0,0
86,8,2,3040.51040000001,1652.06043105101,23,0,0,24,0,0,0
86,8,3,3030.17382400001,638.223376460087,107,0,0,113,0,0,0
86,8,4,3009.5839616,906.771363328085,56,0,0,45,0,0,0
86,8,5,3035.963008,1663.50841369477,63,0,0,82,0,0,0
86,8,6,3016.352256,1424.106412708,75,0,0,71,0,0,0
86,8,7,18901.8505599995,3635.53729643348,125,0,0,152,0,0,0
86,8,8,0,5,0,0,0,0,0,0,0
86,9,1,2987.10502400001,884.790462716305,0,0,0,92,0,0,0
86,9,2,3072.9998848,999.557006042975,0,0,0,164,0,0,0
86,9,3,3037.46342400001,664.011980399737,0,0,0,63,0,0,0
86,9,4,3026.3720576,1650.77693520105,0,0,0,90,0,0,0
86,9,5,3070.268032,1084.03749823143,0,0,0,166,0,0,0
86,9,6,3040.462976,684.972478610177,1,0,0,140,0,0,0
86,9,7,18865.4991871994,6153.13071410738,83,0,0,164,0,0,0
86,9,8,0,5,0,0,0,0,0,0,0
86,10,1,3001.33011200001,688.640462865006,0,0,0,88,0,0,0
86,10,2,3096.53222656001,1360.14774342418,0,0,0,99,0,0,0
86,10,3,3047.69402880001,866.379344964127,0,0,0,66,0,0,0
86,10,4,3063.93715712,1170.60555157908,0,0,0,165,0,0,0
86,10,5,3097.7647744,1703.25331514169,0,0,0,108,0,0,0
86,10,6,3052.407552,1079.12921142933,0,0,0,68,0,0,0
86,10,7,18841.0762214393,9332.68031105826,37,0,0,182,0,0,0
86,10,8,0,5,0,0,0,0,0,0,0
86,11,1,3003.66643200001,1145.61684152421,0,0,0,68,0,0,0
86,11,2,3115.89780736001,1680.80585889018,0,0,0,136,0,0,0
86,11,3,3056.09153280001,1127.86963910008,0,0,0,86,0,0,0
86,11,4,3081.92467712,899.838918123913,0,0,0,117,0,0,0
86,11,5,3129.5497984,1102.38954470495,0,0,0,170,0,0,0
86,11,6,3069.958272,1039.53981411355,0,0,0,107,0,0,0
86,11,7,18811.8520934393,5771.10311319885,29,0,0,222,0,0,0
86,11,8,0,5,0,0,0,0,0,0,0
86,12,1,3012.23417600001,1288.0236321407,0,0,0,114,0,0,0
86,12,2,3141.04443136,1545.1479487779,6,0,0,157,0,0,0
86,12,3,3069.35105280001,1632.72567267052,0,0,0,112,0,0,0
86,12,4,3091.305784832,2081.58132644123,1,0,0,88,0,0,0
86,12,5,3149.8223104,1481.29964370606,0,0,0,110,0,0,0
86,12,6,3083.3850752,1904.26185097035,0,0,0,103,0,0,0
86,12,7,18770.1925094392,3051.65817451187,204,0,0,171,0,0,9
86,12,8,0,5,0,0,0,0,0,0,0
86,13,1,2994.90387200001,979.986907581866,126,0,0,2,0,0,0
86,13,2,3148.92932352,2223.66565156799,66,0,0,88,0,0,0
86,13,3,3073.76752896001,1551.75772672108,76,0,0,87,0,0,0
86,13,4,3103.623224832,2225.96873879992,97,0,0,111,0,0,0
86,13,5,3157.8546944,1141.20918958762,69,0,0,79,0,0,0
86,13,6,3090.4747392,1242.7693177668,106,0,0,84,0,0,0
86,13,7,18737.9068134392,7262.1200801221,149,0,0,156,0,0,0
86,13,8,0,5,0,0,0,0,0,0,0
86,14,1,3003.63552256002,1313.53275165801,0,0,0,97,0,0,0
86,14,2,3191.97424691201,2010.74675175204,1,0,0,196,0,0,0
86,14,3,3105.30698496001,1751.51862546311,0,0,0,155,0,0,0
86,14,4,3147.23885363201,1598.82463238814,1,0,0,207,0,0,0
86,14,5,3183.3396992,750.056438944855,0,0,0,114,0,0,0
86,14,6,3108.8485632,1611.05558987537,0,0,0,124,0,0,0
86,14,7,18693.0156006391,7127.27150168233,34,0,0,212,0,0,0
86,14,8,0,5,0,0,0,0,0,0,0
86,15,1,3018.93446656002,1547.92331815556,0,0,0,131,0,0,0
86,15,2,3233.43802726401,1478.39156135494,0,0,0,192,0,0,0
86,15,3,3137.82986496001,1107.43318194346,0,0,0,175,0,0,0
86,15,4,3182.04183603201,1441.88246596159,0,0,0,159,0,0,0
86,15,5,3195.5919104,1000.53574451073,0,0,0,75,0,0,0
86,15,6,3139.62278144001,1078.91463665711,0,0,0,161,0,0,0
86,15,7,18640.592076799,6901.03761986939,33,0,0,188,0,0,0
86,15,8,0,5,0,0,0,0,0,0,0
86,16,1,3041.67609856002,1935.71606594891,0,0,0,154,0,0,0
86,16,2,3256.23534090241,964.912277608577,0,0,0,147,0,0,0
86,16,3,3155.91345152002,424.308286721944,0,0,0,110,0,0,0
86,16,4,3210.82165954561,809.552441272635,0,0,0,144,0,0,0
86,16,5,3213.82855168001,1610.10857473604,0,0,0,100,0,0,0
86,16,6,3154.77165824001,2029.84312755524,0,0,0,107,0,0,0
86,16,7,18593.6671487989,10564.9107532715,30,0,0,217,0,0,0
86,16,8,0,5,0,0,0,0,0,0,0
86,17,1,3062.14049536002,1041.58565521144,0,0,0,181,0,0,0
86,17,2,3260.74225930241,951.040573888091,0,0,0,96,0,0,0
86,17,3,3157.17207552002,1893.48618016355,0,0,0,42,0,0,0
86,17,4,3220.59042754561,1699.01856607256,0,0,0,80,0,0,0
86,17,5,3239.58528460801,1688.47437529008,0,0,0,161,0,0,0
86,17,6,3183.90049024001,1772.84139119486,0,0,0,187,0,0,0
86,17,7,18571.4995455989,9877.46727031696,26,0,0,361,0,0,2
86,17,8,0,5,0,0,0,0,0,0,0
86,18,1,3065.28764416002,530.489329120842,0,0,0,104,0,0,0
86,18,2,3272.22289121281,1759.73638307364,0,0,0,95,0,0,0
86,18,3,3179.93270784001,1318.03040447539,1,0,0,162,0,0,0
86,18,4,3250.56717948929,1047.86914385558,0,0,0,169,0,0,0
86,18,5,3268.92212940801,1232.64813075911,0,0,0,168,0,0,0
86,18,6,3211.18892544001,1250.08549504998,0,0,0,177,0,0,0
86,18,7,18522.6330495988,5743.27863032435,45,0,0,211,0,0,0
86,18,8,0,5,0,0,0,0,0,0,0
86,19,1,3055.60617216002,1021.79478786593,0,22,0,31,0,0,0
86,19,2,3284.13806817282,1158.27058037823,0,84,0,91,0,0,0
86,19,3,3187.25161984002,855.232223075663,0,49,0,82,0,0,0
86,19,4,3253.03836258714,1714.11667521346,0,51,0,53,0,0,0
86,19,5,3273.01784412161,1000.72201862888,0,72,0,51,0,0,0
86,19,6,3213.96212172801,634.970309696547,0,60,0,65,0,0,0
86,19,7,18490.9576319987,7339.9188062206,0,283,0,290,0,0,0
86,19,8,0,5,0,0,0,0,0,0,0
86,20,1,3074.20746608642,949.594123233006,0,0,0,102,0,0,0
86,20,2,3312.4593978573,865.217715380482,0,0,0,115,0,0,0
86,20,3,3211.94353664002,1501.1282480744,0,0,0,85,0,0,0
86,20,4,3299.97876128154,1124.005443873,0,0,0,171,0,0,0
86,20,5,3302.61952348161,1499.82870180583,0,0,0,100,0,0,0
86,20,6,3227.33634252801,611.919507000032,0,0,0,63,0,0,0
86,20,7,18483.6540646387,3629.91223821366,30,0,0,176,0,0,0
86,20,8,0,5,0,0,0,0,0,0,0
86,21,1,3081.03141107714,1266.52221715922,0,0,0,94,0,0,0
86,21,2,3326.00151730178,1594.94913994373,0,0,0,86,0,0,0
86,21,3,3241.23806464001,1713.33992871607,0,0,0,150,0,0,0
86,21,4,3324.85608608154,755.082724588861,0,0,0,112,0,0,0
86,21,5,3334.85526364161,1747.89797059635,0,0,0,149,0,0,0
86,21,6,3237.22696652801,2249.95991717186,0,0,0,61,0,0,0
86,21,7,18465.8994406387,12122.0580070854,30,0,0,179,0,0,1
86,21,8,0,5,0,0,0,0,0,0,0
86,22,1,3096.27606771713,1967.4764436291,0,0,0,126,0,0,0
86,22,2,3355.48574386178,1626.36160583787,0,0,0,159,0,0,0
86,22,3,3272.05931059201,1185.22165926412,0,0,0,171,0,0,0
86,22,4,3339.64401619354,1334.8764520649,0,0,0,75,0,0,0
86,22,5,3373.99661864961,1379.39382137336,0,0,0,174,0,0,0
86,22,6,3284.43846348801,1071.49009887421,0,0,0,221,0,0,0
86,22,7,18463.9489638386,5585.35179811724,29,0,0,245,0,0,0
86,22,8,0,5,0,0,0,0,0,0,0
86,23,1,3133.60728870913,1370.48781932979,0,0,0,196,0,0,0
86,23,2,3406.35833935546,817.785123930062,0,0,0,162,0,0,0
86,23,3,3308.84606586882,1976.11162053228,0,0,0,118,0,0,0
86,23,4,3384.95684929209,1075.18903646294,0,0,0,133,0,0,0
86,23,5,3423.58046584833,1137.6717889218,0,0,0,137,0,0,0
86,23,6,3315.50035599361,1889.34367293031,0,0,0,107,0,0,0
86,23,7,18466.1049916402,6884.79001187148,45,0,0,179,0,0,0
86,23,8,0,5,0,0,0,0,0,0,0
86,24,1,3152.66137126914,822.506366618228,0,0,0,137,0,0,0
86,24,2,3417.01328975546,522.969717388409,0,0,0,81,0,0,0
86,24,3,3353.48067194882,1285.32652129407,1,0,0,183,0,0,0
86,24,4,3406.20972314297,1153.51329207943,0,0,0,107,0,0,0
86,24,5,3454.82763458151,1698.02304526133,0,0,0,113,0,0,0
86,24,6,3363.10548162561,1144.91392577651,0,0,0,180,0,0,0
86,24,7,18480.1592892402,12171.1256087751,29,0,0,251,0,0,1
86,24,8,0,5,0,0,0,0,0,0,0
86,25,1,3151.23988006913,931.152220420311,0,0,0,82,0,0,0
86,25,2,3412.28137039546,1319.77450206926,0,0,0,52,0,0,0
86,25,3,3373.42496942082,1344.62861575434,0,0,0,128,0,0,0
86,25,4,3427.04083738297,1060.55709721409,0,0,0,115,0,0,0
86,25,5,3489.53079959143,1957.09541628125,0,0,0,169,0,0,0
86,25,6,3383.71495106561,2156.0848147022,0,0,0,114,0,0,0
86,25,7,18476.6199955441,7478.09371216989,32,0,0,228,0,0,0
86,25,8,0,5,0,0,0,0,0,0,0
86,26,1,3136.15571546114,1700.64273131818,66,0,0,27,0,0,0
86,26,2,3410.93976092346,1849.80898510429,70,0,0,61,0,0,0
86,26,3,3379.43093422082,1835.69199668547,63,0,0,71,0,0,0
86,26,4,3430.68090394297,1225.87735999286,51,0,0,55,0,0,0
86,26,5,3509.14956889703,1526.36572368218,87,0,0,108,0,0,0
86,26,6,3408.66528706561,759.522049642236,93,0,0,122,0,0,0
86,26,7,18498.6747283441,8112.05341891986,375,0,0,364,0,0,8
86,26,8,0,5,0,0,0,0,0,0,0
86,27,1,3146.59885148571,1613.0355521481,13,0,0,138,0,0,0
86,27,2,3425.69665564346,971.828082196638,24,0,0,127,0,0,0
86,27,3,3409.98270341121,1884.97339028391,14,0,0,148,0,0,0
86,27,4,3455.72870170297,1740.30809516881,0,0,0,122,0,0,0
86,27,5,3540.16690585191,1533.45869417862,2,0,0,147,0,0,0
86,27,6,3423.3303059661,820.660553384769,0,0,0,75,0,0,0
86,27,7,18507.5847777265,8579.73183808449,226,0,0,248,0,0,2
86,27,8,0,5,0,0,0,0,0,0,0
86,28,1,3158.07946332572,1675.57659451323,5,0,0,144,0,0,0
86,28,2,3428.63662261946,1766.34450737328,0,0,0,97,0,0,0
86,28,3,3445.32652269569,1419.94158133481,0,0,0,188,0,0,0
86,28,4,3481.99770826425,2699.30128550145,1,0,0,169,0,0,0
86,28,5,3562.01591905813,2208.93793203847,0,0,0,153,0,0,0
86,28,6,3430.33141700609,1452.93543335818,0,0,0,82,0,0,0
86,28,7,18507.6545249265,8573.03995320645,179,0,0,217,0,0,5
86,28,8,0,5,0,0,0,0,0,0,0
86,29,1,3178.63078451612,1085.89092329441,0,0,0,167,0,0,0
86,29,2,3452.85553966778,1078.71590233261,0,0,0,176,0,0,0
86,29,3,3465.49113911707,1176.37104106647,0,0,0,141,0,0,0
86,29,4,3502.53071357625,955.808272653723,30,0,0,158,0,0,0
86,29,5,3596.90114829845,1899.40139217532,9,0,0,187,0,0,0
86,29,6,3455.3946131661,1492.92226622793,0,0,0,145,0,0,0
86,29,7,18525.9822945265,4253.41496281255,153,0,0,275,0,0,0
86,29,8,0,5,0,0,0,0,0,0,0
86,30,1,3182.1984704758,1249.16288873941,17,0,0,88,0,0,0
86,30,2,3464.5782240864,1259.44584328843,2,0,0,105,0,0,0
86,30,3,3477.50465281312,1148.25144103681,21,0,0,92,0,0,0
86,30,4,3516.09327522547,553.155210028856,12,0,0,81,0,0,0
86,30,5,3631.17660145173,848.464344869556,57,0,0,121,0,0,0
86,30,6,3479.17713961371,1521.03743655135,36,0,0,106,0,0,0
86,30,7,18546.2224270116,3689.5105728993,198,0,0,187,0,0,0
86,30,8,0,5,0,0,0,0,0,0,0
86,31,1,3166.9556698358,1512.25049001009,97,0,0,18,0,0,0
86,31,2,3450.6835670624,2084.68159834025,44,0,0,77,0,0,0
86,31,3,3471.07397264671,1776.38758209929,38,0,0,73,0,0,0
86,31,4,3513.40238140147,2018.31839617587,2,0,0,53,0,0,0
86,31,5,3635.60275853231,1162.59111935358,19,0,0,63,0,0,0
86,31,6,3492.89300459931,1200.41984209735,61,0,0,85,0,0,0
86,31,7,18538.4381909796,7586.44875748127,176,0,0,167,0,0,1
86,31,8,0,5,0,0,0,0,0,0,0
86,32,1,3175.90552984373,1594.63277273957,0,0,0,151,0,0,0
86,32,2,3472.24129850837,607.640426403392,0,0,0,203,0,0,0
86,32,3,3485.28356773151,946.452029966602,0,0,0,177,0,0,0
86,32,4,3541.87832204576,564.532842958247,0,0,0,201,0,0,0
86,32,5,3653.37360928277,1834.76953725819,0,0,0,116,0,0,0
86,32,6,3512.56673259931,2038.36165179877,0,0,0,120,0,0,0
86,32,7,18522.6705288996,5211.22016865457,37,0,0,193,0,0,0
86,32,8,0,5,0,0,0,0,0,0,0
86,33,1,3179.38905660213,1361.36195466162,63,0,0,90,0,0,0
86,33,2,3456.10510655342,1054.07716518998,17,0,0,42,0,0,0
86,33,3,3473.68728843551,869.479923552454,23,0,0,69,0,0,0
86,33,4,3536.18899975456,2346.76304639392,14,0,0,41,0,0,0
86,33,5,3671.460542658,697.859940184611,73,0,0,103,0,0,0
86,33,6,3535.28420749723,1651.09649296778,96,0,0,98,0,0,0
86,33,7,18538.5297660748,11548.5450871922,250,0,0,245,0,0,0
86,33,8,0,5,0,0,0,0,0,0,0
86,34,1,3182.58497657653,1615.39989339183,0,0,0,136,0,0,0
86,34,2,3452.2832534964,1645.05907044614,0,0,0,105,0,0,0
86,34,3,3465.35236015392,1842.48865208004,0,0,0,86,0,0,0
86,34,4,3558.54473028896,1563.14115793468,2,0,0,180,0,0,0
86,34,5,3676.36300444058,1566.46800270867,0,0,0,69,0,0,0
86,34,6,3563.67580369717,2280.89511754799,0,0,0,165,0,0,0
86,34,7,18523.2894984012,9053.24547326236,44,0,0,196,0,0,0
86,34,8,0,5,0,0,0,0,0,0,0
86,35,1,3200.12276048693,732.437803510498,0,0,0,161,0,0,0
86,35,2,3464.46322624039,1604.37092615947,0,0,0,164,0,0,0
86,35,3,3487.08877307578,2127.03259486403,0,1,0,173,0,0,0
86,35,4,3582.20614407456,1817.89527666766,0,0,0,156,0,0,0
86,35,5,3708.56365331154,1626.47267247021,0,0,0,156,0,0,0
86,35,6,3613.20900790356,1837.83127796829,0,5,0,181,0,0,0
86,35,7,18511.9924647756,6314.7198684822,0,77,0,188,0,0,0
86,35,8,0,5,0,0,0,0,0,0,0
86,36,1,3171.48861602613,1290.35459125742,0,73,0,0,0,0,0
86,36,2,3458.31637898316,1208.44406640997,0,80,0,80,0,0,0
86,36,3,3478.09995619288,1946.21118761484,0,130,0,82,0,0,0
86,36,4,3585.34420642698,2293.60045456217,0,90,0,91,0,0,0
86,36,5,3714.66699759191,1329.71999571158,0,80,0,82,0,0,0
86,36,6,3635.04114022484,1013.69219881871,0,87,0,96,0,0,0
86,36,7,18517.7308443468,10462.8100221553,3,224,0,235,0,0,0
86,36,8,0,5,0,0,0,0,0,0,0
86,37,1,3177.09074287413,1192.01794483114,0,0,0,129,0,0,0
86,37,2,3470.62150843468,2461.42305758749,0,0,0,120,0,0,0
86,37,3,3513.09036735448,1984.04861740692,0,0,0,176,0,0,0
86,37,4,3629.89293923879,1877.00998577651,1,0,0,195,0,0,0
86,37,5,3744.51240943191,1025.89420033666,0,0,0,132,0,0,0
86,37,6,3657.00372070484,974.999855731483,0,0,0,101,0,0,0
86,37,7,18546.6980891468,10734.9474873203,24,1,0,261,0,0,0
86,37,8,0,5,0,0,0,0,0,0,0
86,38,1,3188.91379403574,507.403411125008,0,0,0,119,0,0,0
86,38,2,3516.01034051947,1779.43121281036,0,0,0,227,0,0,0
86,38,3,3556.25972174128,1222.89075025169,0,0,0,198,0,0,0
86,38,4,3675.78670350682,1762.98781947689,0,0,0,187,0,0,0
86,38,5,3770.81150996698,1185.59133657172,0,0,0,102,0,0,0
86,38,6,3683.56284180564,1063.04106484288,0,0,0,97,0,0,0
86,38,7,18590.7038870348,5221.13309512228,20,0,0,276,0,0,3
86,38,8,0,5,0,0,0,0,0,0,0
86,39,1,3181.83843255094,1339.98989203247,0,0,0,50,0,0,0
86,39,2,3554.92946041165,2647.87136500707,1,0,0,164,0,0,1
86,39,3,3583.02699062986,1528.84384608865,0,0,0,122,0,0,0
86,39,4,3731.98229561465,1719.67366221923,0,0,0,176,0,0,0
86,39,5,3815.70313336392,1521.415228671,0,0,0,118,0,0,0
86,39,6,3721.14687817812,981.078279035282,0,0,0,106,0,0,0
86,39,7,18644.854421486,7273.25970147873,47,0,0,230,0,0,0
86,39,8,0,5,0,0,0,0,0,0,0
86,40,1,3207.00331752245,1254.76321787117,0,0,0,133,0,0,0
86,40,2,3620.54688892888,1593.31066148112,5,0,0,196,0,0,0
86,40,3,3624.68531776587,886.180284438777,0,0,0,152,0,0,0
86,40,4,3790.62835878095,1714.25706630013,0,0,0,171,0,0,0
86,40,5,3883.75629578264,1544.51160976833,0,0,0,152,0,0,0
86,40,6,3755.33024794707,1649.85633331973,0,0,0,98,0,0,0
86,40,7,18686.0951285096,4559.70976307159,42,0,0,185,0,0,0
86,40,8,0,5,0,0,0,0,0,0,0
86,41,1,3215.78895690139,2170.07629767525,0,0,0,125,0,0,0
86,41,2,3640.15805824984,994.696886393216,0,0,0,158,0,0,0
86,41,3,3635.68279647225,1356.7712731615,0,0,0,88,0,0,0
86,41,4,3805.94122098895,2006.40455818864,16,0,0,129,0,0,0
86,41,5,3913.58429464278,1441.85869779718,0,0,0,154,0,0,0
86,41,6,3787.16795170064,718.480026336364,5,0,0,151,0,0,0
86,41,7,18696.7218455912,2701.09238988081,108,0,0,173,0,0,0
86,41,8,0,5,0,0,0,0,0,0,0
86,42,1,3224.87515693468,1647.84709995793,28,0,0,146,0,0,0
86,42,2,3654.3653054501,1059.49450147413,0,0,0,99,0,0,0
86,42,3,3651.14701773817,1826.07025742986,0,0,0,135,0,0,0
86,42,4,3840.33015591529,1706.82565928241,0,0,0,197,0,0,0
86,42,5,3944.68130895984,940.816344397683,0,0,0,144,0,0,0
86,42,6,3798.25634594064,1684.76697430328,0,0,0,71,0,0,0
86,42,7,18713.6647406952,6092.56665238448,34,0,0,185,0,0,0
86,42,8,0,5,0,0,0,0,0,0,0
86,43,1,3246.76616298908,1099.85907276638,0,0,0,164,0,0,0
86,43,2,3663.40366307288,1607.03241644016,0,0,0,105,0,0,0
86,43,3,3681.61645646431,913.090394212879,0,0,0,182,0,0,0
86,43,4,3865.76874795297,1809.38333132547,0,0,0,170,0,0,0
86,43,5,3961.86080388108,663.693745069998,0,0,0,94,0,0,0
86,43,6,3834.11970134395,1936.71788646793,0,0,0,168,0,0,0
86,43,7,18731.6385429659,7552.31268580662,28,0,0,184,0,0,0
86,43,8,0,5,0,0,0,0,0,0,0
86,44,1,3256.82005420444,1596.24260124172,0,0,0,109,0,0,0
86,44,2,3692.01545231812,1688.7709370074,0,0,0,160,0,0,0
86,44,3,3684.36454150341,1453.42335416995,0,0,0,91,0,0,0
86,44,4,3904.92796382246,2516.8221602369,0,0,0,180,0,0,0
86,44,5,3971.48028235404,2409.33724068986,0,0,0,66,0,0,0
86,44,6,3887.10422224678,1379.87960492138,0,0,0,193,0,0,0
86,44,7,18772.1985676566,6533.06222910879,35,0,0,202,0,0,0
86,44,8,0,5,0,0,0,0,0,0,0
86,45,1,3292.60763461552,1098.15144168237,0,0,0,159,0,0,0
86,45,2,3759.55581763879,1205.30240532081,0,0,0,168,0,0,0
86,45,3,3722.30989534417,604.63505354989,0,0,0,145,0,0,0
86,45,4,3973.4224682176,1433.04342066644,8,0,0,186,0,0,0
86,45,5,4044.2239429739,1048.911325788,9,0,0,165,0,0,0
86,45,6,3937.21734683512,1788.79779053758,0,0,0,137,0,0,0
86,45,7,18842.3901303702,5342.0094710918,51,0,0,231,0,0,0
86,45,8,0,5,0,0,0,0,0,0,0
86,46,1,3301.68059092421,682.215374465539,0,0,0,109,0,0,0
86,46,2,3796.59972924137,1481.2103611536,0,0,0,120,0,0,0
86,46,3,3710.17726328017,861.816759246973,0,0,0,60,0,0,0
86,46,4,4014.03394797131,857.707695855819,0,0,0,143,0,0,0
86,46,5,4069.26504804684,1724.24183537041,0,0,0,104,0,0,0
86,46,6,3974.43996621616,1351.59996405277,27,0,0,119,0,0,0
86,46,7,18886.2090998637,9241.00366894697,148,0,0,201,0,0,2
86,46,8,0,5,0,0,0,0,0,0,0
86,47,1,3300.2683098784,1659.68843699895,0,0,0,68,0,0,0
86,47,2,3811.17631852825,2190.16263503632,0,0,0,148,0,0,0
86,47,3,3705.59360357933,1079.17369053248,0,0,0,86,0,0,0
86,47,4,4008.49797463218,1734.61590758665,0,0,0,85,0,0,0
86,47,5,4099.56244315535,2130.01589986491,0,0,0,172,0,0,0
86,47,6,4004.67231882671,1128.28365956749,0,0,0,135,0,0,0
86,47,7,18915.0855638492,5922.34537748728,46,0,0,202,0,0,1
86,47,8,0,5,0,0,0,0,0,0,0
86,48,1,3333.43181718341,1806.03029525389,5,0,0,151,0,0,0
86,48,2,3851.28053694326,1059.31595093383,21,0,0,158,0,0,0
86,48,3,3719.55687364908,1926.08051120901,0,0,0,107,0,0,0
86,48,4,4065.28039369762,1294.6394247307,2,0,0,167,0,0,0
86,48,5,4179.4802574057,1281.45891107676,19,0,0,157,0,0,0
86,48,6,4049.60084059603,1670.08910556193,0,0,0,112,0,0,0
86,48,7,18978.1372663045,7618.2222349287,137,0,0,194,0,0,0
86,48,8,0,5,0,0,0,0,0,0,0
86,49,1,3343.12220820293,1737.90667353875,1,0,0,173,0,0,0
86,49,2,3847.36676968605,1661.40979551069,0,0,0,105,0,0,0
86,49,3,3735.03232958028,1758.7530108417,1,0,0,184,0,0,0
86,49,4,4071.36950210068,1685.62006651933,0,0,0,129,0,0,0
86,49,5,4192.73345908083,1685.1791561116,0,0,0,128,0,0,0
86,49,6,4086.69695244882,783.671978862772,0,0,0,167,0,0,0
86,49,7,19005.3239388421,11726.7794931617,74,0,0,196,0,0,0
86,49,8,0,5,0,0,0,0,0,0,0
86,50,1,3361.63828497712,478.68015372336,0,0,0,173,0,0,0
86,50,2,3862.80629751299,1532.16381700517,0,0,0,166,0,0,0
86,50,3,3754.12161719294,1513.39057665999,0,0,0,175,0,0,0
86,50,4,4091.41266615416,2051.24001928246,0,0,0,168,0,0,0
86,50,5,4228.97008279721,1429.28531720766,0,0,0,168,0,0,0
86,50,6,4093.7684647381,1238.04011934833,0,0,0,78,0,0,0
86,50,7,19026.8286191057,6699.21239509618,46,0,0,174,0,0,0
86,50,8,0,5,0,0,0,0,0,0,0
86,51,1,3341.89533529244,1603.45138126186,0,0,0,47,0,0,0
86,51,2,3870.68632972712,1698.57631768834,0,0,0,153,0,0,0
86,51,3,3758.49978548951,2243.74065411845,0,0,0,151,0,0,0
86,51,4,4107.68292353458,1557.58167464384,12,0,0,173,0,0,0
86,51,5,4250.40472744663,1224.43606698162,0,0,0,142,0,0,0
86,51,6,4113.06442914796,1856.4305890347,0,0,0,123,0,0,0
86,51,7,19065.4631663508,10729.6146975918,156,0,0,263,0,0,0
86,51,8,0,5,0,0,0,0,0,0,0
86,52,1,3363.55801370906,1765.05326544077,0,0,0,160,0,0,0
86,52,2,3895.47418316055,1528.90274945598,0,0,0,169,0,0,0
86,52,3,3791.76601212088,1998.25723415607,0,0,0,221,0,0,0
86,52,4,4122.21733553884,1409.26543074389,0,0,0,155,0,0,0
86,52,5,4264.16050577099,1812.81176727815,0,0,0,122,0,0,0
86,52,6,4164.76217084416,1304.79093949164,0,0,0,182,0,0,0
86,52,7,19101.9195361622,4564.17313558131,0,41,0,191,0,0,0
86,52,8,0,5,0,0,0,0,0,0,0
86,53,1,3368.0722703734,1408.68295773,0,96,0,80,0,0,0
86,53,2,3887.62060349166,1599.88464632774,0,72,0,80,0,0,0
86,53,3,3775.42160259037,1041.40921618221,0,116,0,83,0,0,0
86,53,4,4104.32409230541,2623.4161587191,0,72,0,68,0,0,0
86,53,5,4278.13742025073,804.79133295376,0,92,0,89,0,0,0
86,53,6,4166.29794239327,1494.30178117296,0,82,0,48,0,0,0
86,53,7,19170.3096479984,4348.99763075898,0,254,0,202,0,0,0
86,53,8,0,5,0,0,0,0,0,0,0
86,54,1,3405.33448607022,1392.48772786811,0,0,0,140,0,0,0
86,54,2,3955.53139084157,983.38394237649,0,0,0,159,0,0,0
86,54,3,3813.03128551039,2540.16896510953,0,0,0,104,0,0,0
86,54,4,4183.28789460717,1829.078097891,12,0,0,195,0,0,0
86,54,5,4330.67580451604,1837.27971772533,0,0,0,80,0,0,0
86,54,6,4232.38523890545,2075.46862488575,0,0,0,149,0,0,0
86,54,7,19263.0781804133,7729.26050294931,46,0,0,184,0,0,0
86,54,8,0,5,0,0,0,0,0,0,0
86,55,1,3427.57372389953,1110.49758661188,0,0,0,139,0,0,0
86,55,2,3969.37489097952,1331.75128791469,0,0,0,98,0,0,0
86,55,3,3856.16638473487,1800.5773577933,2,0,0,198,0,0,0
86,55,4,4229.21233418101,1239.57866199229,0,0,0,182,0,0,0
86,55,5,4372.67826997929,2636.07187629243,0,0,0,183,0,0,0
86,55,6,4297.81157180274,992.122349888488,0,0,0,196,0,0,0
86,55,7,19322.9563987877,4830.68308800402,32,0,0,234,0,0,0
86,55,8,0,5,0,0,0,0,0,0,0
86,56,1,3442.73402467143,1073.4089531757,0,0,0,111,0,0,0
86,56,2,3989.86736307534,1759.37477009319,0,0,0,133,0,0,0
86,56,3,3891.46750127036,1825.49456503036,0,0,0,177,0,0,0
86,56,4,4253.02804523132,3087.25788817891,0,0,0,123,0,0,0
86,56,5,4423.21161616586,967.412237615046,14,0,0,176,0,0,0
86,56,6,4325.33683792903,2435.09328885545,0,0,0,99,0,0,0
86,56,7,19363.4541812423,7135.57687072946,50,0,0,183,0,0,0
86,56,8,0,5,0,0,0,0,0,0,0
86,57,1,3472.94601003086,2577.72879461591,0,0,0,107,0,0,0
86,57,2,4062.55977642826,1979.40040889592,0,0,0,175,0,0,0
86,57,3,3957.27049526816,1055.91260465171,0,0,0,182,0,0,0
86,57,4,4336.5871594517,1710.47175403107,7,0,0,192,0,0,1
86,57,5,4478.29182141037,1640.21895334508,0,0,0,96,0,0,0
86,57,6,4426.6903116266,950.836596552324,3,0,0,185,0,0,0
86,57,7,19466.6966944851,9395.18081854191,35,0,0,203,0,0,0
86,57,8,0,5,0,0,0,0,0,0,0
86,58,1,3505.21904349962,835.014095187273,2,0,0,199,0,0,0
86,58,2,4099.33825558006,1877.01997931541,0,0,0,181,0,0,0
86,58,3,3973.8525403872,1178.43392157533,0,0,0,105,0,0,0
86,58,4,4373.41154418249,1304.48356176093,0,0,0,171,0,0,0
86,58,5,4526.07072589406,2809.0323212653,0,0,0,164,0,0,0
86,58,6,4447.17247995151,2163.19683780229,0,0,0,95,0,0,0
86,58,7,19513.7654633413,6665.34625119703,27,0,0,212,0,0,0
86,58,8,0,5,0,0,0,0,0,0,0
86,59,1,3521.32462517757,1081.12739123565,0,0,0,83,0,0,0
86,59,2,4178.43592047181,2502.5125282925,0,0,0,187,0,0,0
86,59,3,4000.38333587639,2450.4944094589,0,0,0,117,0,0,0
86,59,4,4433.51852194577,2561.84362888969,0,0,0,130,0,0,0
86,59,5,4580.37776235261,1361.79762400067,36,0,0,151,0,0,0
86,59,6,4533.00387947921,3203.3253717342,13,0,0,169,0,0,0
86,59,7,19567.5591858341,5064.02774527387,137,0,0,158,0,0,0
86,59,8,0,5,0,0,0,0,0,0,0
86,60,1,3544.48204834106,1616.14429650572,4,0,0,101,0,0,0
86,60,2,4279.72872594061,1747.73206839331,63,0,0,148,0,0,0
86,60,3,4063.63270381665,1777.53103665458,58,0,0,152,0,0,0
86,60,4,4504.99920810582,2182.89633607924,60,0,0,160,0,0,0
86,60,5,4669.72750676649,2248.80265656535,8,0,0,122,0,0,0
86,60,6,4616.45264557727,2360.99807935355,107,0,0,149,0,0,0
86,60,7,19634.0181369263,8591.64306076522,164,1,0,153,0,0,18
86,60,8,0,5,0,0,0,0,0,0,0
86,61,1,3580.10254627198,772.507178562114,0,0,0,161,0,0,0
86,61,2,4327.33545586858,1823.22433052394,0,0,0,173,0,0,0
86,61,3,4117.97270412058,2060.80721148697,0,0,0,177,0,0,0
86,61,4,4551.22418466349,1392.81578833793,2,0,0,175,0,0,0
86,61,5,4720.42923272864,1491.05255804051,3,0,0,175,0,0,0
86,61,6,4691.42317431628,999.375907545217,1,0,0,206,0,0,0
86,61,7,19674.1910821902,11793.8248445947,42,0,0,227,0,0,0
86,61,8,0,5,0,0,0,0,0,0,0
86,62,1,3581.44773352157,1729.30670500928,0,0,0,77,0,0,0
86,62,2,4366.60488614128,1056.0169077576,0,0,0,182,0,0,0
86,62,3,4168.56736901634,1986.15543402723,0,0,0,204,0,0,0
86,62,4,4578.88804674134,1914.85351174652,0,0,0,139,0,0,0
86,62,5,4768.59263416527,1381.65092722033,0,0,0,149,0,0,0
86,62,6,4724.57162521132,1517.15181501071,0,0,0,99,0,0,0
86,62,7,19695.4934889766,7573.39361888147,32,0,0,197,0,0,1
86,62,8,0,5,0,0,0,0,0,0,0
86,63,1,3607.96197786725,1315.55371098854,0,0,0,172,0,0,0
86,63,2,4369.43585596762,1926.02554989237,0,0,0,105,0,0,0
86,63,3,4211.72575460122,2117.64509673735,0,0,0,198,0,0,0
86,63,4,4615.13958360209,1744.64705060945,0,0,0,176,0,0,3
86,63,5,4804.63118179988,1862.83508865431,0,0,0,138,0,0,0
86,63,6,4760.33722311986,2047.77138826655,0,0,0,151,0,0,0
86,63,7,19714.5336705531,5000.32449296981,69,0,0,207,0,0,0
86,63,8,0,5,0,0,0,0,0,0,0
86,64,1,3657.48570531769,1775.75556789862,0,0,0,131,0,0,0
86,64,2,4464.45855441667,1677.44256057409,9,0,0,166,0,0,0
86,64,3,4311.06589394846,1657.72311064183,3,0,0,202,0,0,0
86,64,4,4697.87438715041,1468.12553898252,2,0,0,168,0,0,0
86,64,5,4937.21452518456,1339.81442178474,5,0,0,170,0,0,0
86,64,6,4869.82611226835,3222.13501078544,11,0,0,172,0,0,0
86,64,7,19827.6791948058,7670.62034225827,101,0,0,207,0,0,0
86,64,8,0,5,0,0,0,0,0,0,0
86,65,1,3698.36700309806,1059.72567698475,0,0,0,177,0,0,0
86,65,2,4510.59185065727,1161.74019522387,0,0,0,167,0,0,0
86,65,3,4357.84032652736,2990.15685573438,0,0,0,165,0,0,0
86,65,4,4754.34831065281,1068.43017568614,0,0,0,146,0,0,0
86,65,5,4990.2488946706,1782.97395390585,0,0,0,133,0,0,0
86,65,6,4972.65854108459,3137.89098960639,10,0,0,197,0,0,0
86,65,7,19886.83356764,11627.8863682302,53,0,0,196,0,0,0
86,65,8,0,5,0,0,0,0,0,0,0
86,66,1,3707.47892295005,1966.93484793096,0,0,0,105,0,0,0
86,66,2,4520.64585200851,1584.11325817537,0,0,0,116,0,0,0
86,66,3,4402.8641931261,2729.43739727325,2,0,0,231,0,0,0
86,66,4,4756.04098589343,2054.66114618733,0,0,0,106,0,0,0
86,66,5,5033.55339956267,2063.44030547774,0,0,0,178,0,0,0
86,66,6,5054.7502329982,2192.69328754047,3,0,0,218,0,0,0
86,66,7,19923.2758829191,5926.43893772662,36,0,0,227,0,0,0
86,66,8,0,5,0,0,0,0,0,0,0
86,67,1,3749.14544065383,1367.53830130222,31,0,0,130,0,0,0
86,67,2,4595.54010668297,1795.1403675736,7,0,0,143,0,0,0
86,67,3,4482.68987682681,1544.31494402403,55,0,0,156,0,0,0
86,67,4,4833.3612994409,2609.20635848629,34,0,0,133,0,0,0
86,67,5,5170.00656865853,1689.61458776832,6,0,0,192,0,0,0
86,67,6,5161.50585717961,1349.80047552911,39,0,0,137,0,0,0
86,67,7,20017.9215622067,7452.27289613742,191,0,0,191,0,0,0
86,67,8,0,5,0,0,0,0,0,0,0
86,68,1,3758.01145940989,1883.58857969063,0,0,0,136,0,0,0
86,68,2,4638.06618670918,1891.33162335489,0,0,0,179,0,0,0
86,68,3,4510.52671276454,939.493308901577,0,0,0,151,0,0,0
86,68,4,4892.3943880452,1500.81845475303,6,0,0,219,0,0,0
86,68,5,5233.87947610637,1610.06909913996,0,0,0,168,0,0,0
86,68,6,5212.47736606513,2811.66885531162,0,0,0,134,0,0,0
86,68,7,20041.0192216896,6411.32816034937,80,0,0,188,0,0,0
86,68,8,0,5,0,0,0,0,0,0,0
86,69,1,3755.39892459687,1476.70939475184,0,101,0,87,0,0,0
86,69,2,4653.63914349363,2127.41461174304,0,77,0,112,0,0,0
86,69,3,4491.20778378068,2113.65430462154,0,47,0,46,0,0,0
86,69,4,4873.42853793417,2704.14620666248,0,87,0,63,0,0,0
86,69,5,5261.12144470667,2231.4527476498,0,70,0,91,0,0,0
86,69,6,5262.20339024676,2282.45399307677,0,132,0,149,0,0,0
86,69,7,20046.5119485078,6822.6167785397,8,179,0,170,0,0,0
86,69,8,0,5,0,0,0,0,0,0,0
86,70,1,3798.18711464921,1749.57367025523,0,0,0,147,0,0,0
86,70,2,4730.22327145734,1612.217795493,0,0,0,184,0,0,2
86,70,3,4559.03444777475,2378.92245652214,1,0,0,186,0,0,0
86,70,4,4988.99537188086,2614.60728548189,0,0,0,262,0,0,0
86,70,5,5378.23811602012,1912.9128743316,1,0,0,194,0,0,0
86,70,6,5365.99791731084,2808.02356691939,1,0,0,207,0,0,0
86,70,7,20120.1525542462,2677.77138789549,23,0,0,227,0,0,0
86,70,8,0,5,0,0,0,0,0,0,0
86,71,1,3823.51932644769,1903.4721335482,0,0,0,174,0,0,0
86,71,2,4749.13737181371,1975.95606498774,0,0,0,161,0,0,0
86,71,3,4594.06854577723,1253.53137172795,20,0,0,188,0,0,0
86,71,4,5022.97154832096,1672.44063494514,37,0,0,171,0,0,0
86,71,5,5416.52836376706,2653.92213711342,24,0,0,132,0,0,0
86,71,6,5419.16181471102,2103.24086635989,59,0,0,139,0,0,0
86,71,7,20144.0832423208,7465.75428727842,39,0,0,174,0,0,0
86,71,8,0,5,0,0,0,0,0,0,0
86,72,1,3920.99624661959,2165.16448345751,1,0,0,174,0,0,0
86,72,2,4953.56859580633,1245.2589903984,0,0,0,183,0,0,0
86,72,3,4704.9604087711,981.132612885503,0,0,0,125,0,0,0
86,72,4,5195.4686751766,1342.93517371243,0,0,0,167,0,0,0
86,72,5,5711.53790388329,2800.47884983649,4,0,0,192,0,0,0
86,72,6,5613.62793820964,1732.93067944207,0,0,0,209,0,0,0
86,72,7,20288.5175616888,6837.65388390218,35,0,0,177,0,0,0
86,72,8,0,5,0,0,0,0,0,0,0
86,73,1,4035.91259492374,1109.60153796652,1,0,0,196,0,0,0
86,73,2,5078.49104202686,1720.90569873954,0,0,0,124,0,0,0
86,73,3,4797.63524868763,2542.3010099032,0,0,0,98,0,0,0
86,73,4,5360.78077630837,1684.88024747597,0,0,0,134,0,0,0
86,73,5,6114.21414419074,2997.98661356763,0,0,0,270,0,0,0
86,73,6,5802.10997090793,2329.15412025297,0,0,0,173,0,0,0
86,73,7,20438.4275222731,13492.6752857688,36,0,0,173,0,0,0
86,73,8,0,5,0,0,0,0,0,0,0
86,74,1,4039.95048030381,1629.2978114425,0,0,0,110,0,0,0
86,74,2,5099.48234497916,1258.96365986104,0,0,0,172,0,0,0
86,74,3,4839.82248351557,2612.40615106226,0,0,0,225,0,0,0
86,74,4,5409.00199832531,2396.08995128054,0,0,0,168,0,0,0
86,74,5,6197.17066633188,3099.33331145845,0,0,0,243,0,0,2
86,74,6,5866.82863008321,2684.46336287047,0,0,0,202,0,0,0
86,74,7,20476.2294000621,8507.47039335179,29,0,0,299,0,0,0
86,74,8,0,5,0,0,0,0,0,0,0
86,75,1,4028.05349700261,1170.25211828322,97,0,0,65,0,0,0
86,75,2,5101.22567901761,2414.23308264481,62,0,0,63,0,0,0
86,75,3,4860.64541036891,2666.68312009961,128,0,0,133,0,0,0
86,75,4,5430.79027751207,1674.11717962081,121,0,0,118,0,0,0
86,75,5,6268.79528766729,2752.37683301208,137,0,0,172,0,0,0
86,75,6,5926.07649080092,2262.73753772869,122,0,0,146,0,0,0
86,75,7,20500.7292224879,10538.0208101325,173,5,0,168,0,0,1
86,75,8,0,5,0,0,0,0,0,0,0
86,76,1,4034.27565524967,923.550009737982,0,0,0,117,0,0,0
86,76,2,5149.6820994606,3474.87939243291,8,0,0,160,0,0,0
86,76,3,4904.17862634966,2673.01565893751,10,0,0,159,0,0,0
86,76,4,5486.12826629761,2806.10754751456,0,0,0,167,0,0,0
86,76,5,6372.53509500746,3206.80229978516,9,0,0,178,0,0,0
86,76,6,5993.70351856733,2683.07336368808,1,0,0,209,0,0,0
86,76,7,20494.0612420334,9560.15129987674,79,0,0,256,0,0,0
86,76,8,0,5,0,0,0,0,0,0,0
86,77,1,4044.19431486379,1806.36274101311,0,0,0,92,0,0,0
86,77,2,5199.6620116689,1797.24782208053,78,0,0,143,0,0,0
86,77,3,4977.41210443036,2675.57481719616,38,0,0,168,0,0,0
86,77,4,5572.10380253358,1698.28377672496,39,0,0,179,0,0,0
86,77,5,6452.06720532806,3485.44278537952,59,0,0,167,0,0,0
86,77,6,6079.08817507868,2132.76508395076,38,0,0,167,0,0,0
86,77,7,20502.1978951139,11625.6602980164,192,0,0,221,0,0,1
86,77,8,0,5,0,0,0,0,0,0,0
86,78,1,4081.21951546979,2452.84726930666,0,0,0,180,0,0,0
86,78,2,5263.52237939306,3176.15381949486,0,0,0,179,0,0,0
86,78,3,5035.56192602539,2182.89360997822,9,0,0,173,0,0,0
86,78,4,5637.25066895154,2235.13967079388,0,0,0,169,0,0,0
86,78,5,6523.32636991048,2795.48599508785,16,0,0,187,0,0,0
86,78,6,6187.66946957649,3081.05989321854,0,0,0,213,0,0,0
86,78,7,20482.3031837074,5526.177269157,97,0,0,222,0,0,0
86,78,8,0,5,0,0,0,0,0,0,0
86,79,1,4090.4107078212,1238.23680856983,90,0,0,119,0,0,0
86,79,2,5331.36397759322,1528.65296051062,119,0,0,151,0,0,0
86,79,3,5098.94300459768,2574.14054018113,53,0,0,144,0,0,0
86,79,4,5710.5730685005,1138.03175905012,53,0,0,149,0,0,0
86,79,5,6654.053763632,2444.04906896236,96,0,0,145,0,0,0
86,79,6,6271.42278690094,2724.05809201863,115,0,0,147,0,0,0
86,79,7,20498.5757130224,9641.98984499034,222,0,0,241,0,0,0
86,79,8,0,5,0,0,0,0,0,0,0
86,80,1,4109.64991580636,1489.72988030872,0,0,0,123,0,0,0
86,80,2,5384.517997049,1616.27580854231,0,0,0,152,0,0,0
86,80,3,5183.54697833733,2014.36702818523,0,0,0,257,0,0,0
86,80,4,5743.49053578629,2420.29239871439,0,0,0,113,0,0,0
86,80,5,6720.83015545342,2514.1559774852,3,0,0,181,0,0,0
86,80,6,6350.62453378087,2437.33136782704,3,0,0,208,0,0,0
86,80,7,20448.8094035151,8538.55211105507,46,0,0,187,0,0,0
86,80,8,0,5,0,0,0,0,0,0,0
86,81,1,4161.72239716449,1657.38932951276,0,0,0,148,0,0,0
86,81,2,5483.82597078522,1065.24692521141,0,0,0,161,0,0,0
86,81,3,5313.20520734444,874.148394616311,0,0,0,201,0,0,0
86,81,4,5872.37633261933,2796.90733848789,3,0,0,188,0,0,4
86,81,5,6936.64059627066,3335.93367257091,1,0,0,226,0,0,3
86,81,6,6474.16741445678,1925.40999152173,3,0,0,175,0,0,16
86,81,7,20480.3501808806,11833.509424705,36,0,0,261,0,0,9
86,81,8,0,5,0,0,0,0,0,0,0
86,82,1,4204.2640622518,1779.53889743364,0,0,0,165,0,0,0
86,82,2,5507.17893787176,2130.60912324841,0,0,0,106,0,0,0
86,82,3,5343.63812635792,1160.49311911417,0,0,0,87,0,0,0
86,82,4,5972.05541076208,3093.31762740899,1,0,0,235,0,0,1
86,82,5,7082.20678042228,2853.01149606057,4,0,0,211,0,0,0
86,82,6,6583.91021923501,1456.96948879693,0,0,0,189,0,0,0
86,82,7,20458.0933299852,8690.34316543329,36,0,0,204,0,0,1
86,82,8,0,5,0,0,0,0,0,0,0
86,83,1,4251.53439680535,1545.03157091075,5,0,0,165,0,0,0
86,83,2,5554.16856152067,2051.87896114745,23,0,0,155,0,0,0
86,83,3,5400.54810080368,2553.48848297038,0,0,0,116,0,0,0
86,83,4,6027.27953525208,2670.72334249696,58,0,0,164,0,0,0
86,83,5,7225.62121301056,2618.54030669885,46,0,0,170,0,0,0
86,83,6,6639.86365390401,2549.48931237151,0,0,0,145,0,0,0
86,83,7,20458.5748283464,7916.9550236341,229,0,0,295,0,0,0
86,83,8,0,5,0,0,0,0,0,0,0
86,84,1,4262.70963992632,2875.61614780687,0,0,0,154,0,0,0
86,84,2,5618.77463552759,2283.09875812248,0,0,0,197,0,0,0
86,84,3,5487.36278538579,2485.71142811507,0,6,0,175,0,0,0
86,84,4,6135.61479610168,3638.77905999631,0,6,0,204,0,0,0
86,84,5,7349.03118998309,3510.71833227976,0,6,0,192,0,0,0
86,84,6,6736.37197159529,2504.0739428627,0,7,0,178,0,0,0
86,84,7,20432.2727265272,13735.2291426966,0,54,0,209,0,0,0
86,84,8,0,5,0,0,0,0,0,0,0
86,85,1,4286.19776993423,1547.97530317504,0,27,0,164,0,0,0
86,85,2,5663.21265042652,1920.94596767433,0,8,0,189,0,0,0
86,85,3,5538.7656663017,1977.14362837354,0,20,0,155,0,0,0
86,85,4,6192.48977469351,2415.43069234064,0,45,0,161,0,0,0
86,85,5,7404.6092833914,2952.54531340695,0,42,0,160,0,0,0
86,85,6,6806.89670646218,2857.00642838479,0,18,0,166,0,0,0
86,85,7,20413.1092394492,8819.95390113099,0,234,0,318,0,0,0
86,85,8,0,5,0,0,0,0,0,0,0
86,86,1,4328.97765270497,2710.6286127418,0,0,0,154,0,0,0
86,86,2,5759.94144304423,2434.53415991041,0,0,0,192,0,0,0
86,86,3,5642.77665682502,2789.27576784281,0,0,0,197,0,0,0
86,86,4,6285.93928588297,2355.52533382482,3,0,0,182,0,0,0
86,86,5,7549.35987630653,3808.7158482108,0,0,0,226,0,0,2
86,86,6,6921.29185274914,1113.88044298992,5,0,0,179,0,0,0
86,86,7,20430.1013257206,8021.19810461682,36,0,0,222,0,0,0
86,86,8,0,5,0,0,0,0,0,0,0
86,87,1,4424.44374340046,2710.12371625326,3,0,0,188,0,0,3
86,87,2,5947.56661070892,1600.84049540878,0,0,0,205,0,0,4
86,87,3,5783.7104320477,1693.4469669378,5,0,0,176,0,0,0
86,87,4,6496.7505608468,2066.9582845908,1,0,0,192,0,0,3
86,87,5,7974.34656785151,3602.75949057122,7,0,0,216,0,0,1
86,87,6,7111.64811304378,4221.99148427986,0,0,0,111,0,0,0
86,87,7,20539.539072701,5465.60510626576,32,0,0,190,0,0,0
86,87,8,0,5,0,0,0,0,0,0,0
86,88,1,4549.34341913014,933.225885697697,26,0,0,151,0,0,0
86,88,2,6245.70308984625,1615.99799576625,0,0,0,160,0,0,0
86,88,3,5993.93520673196,3987.19215649465,0,0,0,169,0,0,0
86,88,4,6783.09712428583,4238.60389134733,10,0,0,160,0,0,0
86,88,5,8666.68934917549,3688.43886875022,38,0,0,179,0,0,0
86,88,6,7491.63795427016,2050.7661411818,43,0,0,223,0,0,0
86,88,7,20680.8080741449,13160.3082602968,83,0,0,164,0,0,0
86,88,8,0,5,0,0,0,0,0,0,0
86,89,1,4550.32160924106,1378.08479578043,0,0,0,93,0,0,0
86,89,2,6315.25536977873,1595.68488407485,0,0,0,161,0,0,0
86,89,3,6068.27404214101,2370.16627913622,0,7,0,200,0,0,0
86,89,4,6876.62705743286,2058.4526565664,0,9,0,183,0,0,0
86,89,5,8813.23513625854,4543.19710964544,0,5,0,233,0,0,0
86,89,6,7644.61499447502,2988.96592165795,0,0,0,202,0,0,0
86,89,7,20699.9018731546,7499.53522249171,0,39,0,313,0,0,0
86,89,8,0,5,0,0,0,0,0,0,0
86,90,1,4563.37856377276,1134.84414363531,0,8,0,121,0,0,0
86,90,2,6396.7653487787,2705.02568235182,0,1,0,157,0,0,0
86,90,3,6134.6608865397,3046.29527164662,0,50,0,132,0,0,0
86,90,4,6980.64906160089,4002.87572669195,0,25,0,152,0,0,0
86,90,5,8945.19191695871,2866.73417464193,0,139,0,162,0,0,0
86,90,6,7801.50026632754,4521.11654383626,0,66,0,159,0,0,0
86,90,7,20723.092333746,9915.25887966067,0,229,0,265,0,0,0
86,90,8,0,5,0,0,0,0,0,0,0
86,91,1,4581.33310765892,868.694238446199,0,0,0,113,0,0,0
86,91,2,6459.17816374289,4468.29736216919,0,0,0,251,0,0,0
86,91,3,6209.01073016279,2668.54233350886,3,0,0,202,0,0,0
86,91,4,7154.26342559765,2456.22008478124,5,0,0,253,0,0,0
86,91,5,9248.98416483819,4791.96229361255,0,0,0,258,0,0,0
86,91,6,8025.14716401293,2284.49447278391,6,1,0,226,0,0,0
86,91,7,20756.4655686442,5970.87833106537,28,0,0,190,0,0,0
86,91,8,0,5,0,0,0,0,0,0,0
86,92,1,4682.95367274228,1671.11819398992,0,0,0,86,0,0,0
86,92,2,6712.94173448313,3448.35684134877,111,0,0,157,0,0,0
86,92,3,6379.99268616664,1895.71112212615,39,0,0,165,0,0,0
86,92,4,7456.66992966734,2615.43705855464,28,0,0,172,0,0,0
86,92,5,9703.43318118577,4098.59442142097,128,0,0,146,0,0,0
86,92,6,8399.96796774495,1144.44238401076,22,0,0,171,0,0,0
86,92,7,20935.6293776303,8658.86061058299,148,0,0,210,0,0,0
86,92,8,0,5,0,0,0,0,0,0,0
86,93,1,4688.0872426607,905.731810999662,0,0,0,167,0,0,0
86,93,2,6772.4504904683,2714.65219692201,7,0,0,242,0,0,0
86,93,3,6455.24380099805,2833.10516823026,0,0,0,189,0,0,0
86,93,4,7498.08801151771,3340.52195053371,5,0,0,184,0,0,0
86,93,5,9812.14483893244,5256.6925437434,16,0,0,185,0,0,0
86,93,6,8475.74228977059,3559.70698944936,0,0,0,114,0,0,0
86,93,7,20910.3917421894,13341.1105488291,47,0,0,216,0,0,0
86,93,8,0,5,0,0,0,0,0,0,0
86,94,1,4690.14770782992,2877.32577222531,0,0,0,90,0,0,0
86,94,2,6808.23160258344,3030.22417688179,0,0,0,220,0,0,0
86,94,3,6562.30594419592,3446.74630302809,0,0,0,235,0,0,0
86,94,4,7692.68199518921,4134.33552636543,0,0,0,258,0,0,0
86,94,5,10117.1900246236,5253.54931534238,1,6,0,231,0,0,0
86,94,6,8663.04741214745,2588.10260664342,0,3,0,208,0,0,0
86,94,7,20929.4511202118,7958.02240985919,0,31,0,240,0,0,0
86,94,8,0,5,0,0,0,0,0,0,0
86,95,1,4681.97815762401,2051.67238854223,0,147,0,140,0,0,0
86,95,2,6841.2161086682,2054.8212872642,0,157,0,146,0,0,0
86,95,3,6669.85280105054,2502.75018034808,0,160,0,183,0,0,0
86,95,4,7825.56405924308,2853.90367656669,0,191,0,175,0,0,1
86,95,5,10285.0788004192,4403.44207970991,1,205,0,202,0,0,1
86,95,6,8775.39700189869,3102.26017242914,0,122,0,136,0,0,0
86,95,7,20966.2940406783,5529.20102123682,3,282,0,287,0,0,1
86,95,8,0,5,0,0,0,0,0,0,0
86,96,1,4751.5977982568,2898.17330623848,1,0,0,189,0,0,0
86,96,2,6936.51030355751,1642.5653564461,3,0,0,174,0,0,0
86,96,3,6764.77386206091,3370.82823127135,7,0,0,176,0,0,0
86,96,4,7956.2477183141,2855.42619538771,3,0,0,250,0,0,0
86,96,5,10392.4619702149,2067.63409116399,27,0,0,164,0,0,0
86,96,6,8884.92004692619,4331.26815400991,13,0,0,169,0,0,0
86,96,7,20988.3036846459,9692.26359494923,32,0,0,225,0,0,0
86,96,8,0,5,0,0,0,0,0,0,0
86,97,1,4834.64414678388,2476.11080053943,4,0,0,180,0,0,0
86,97,2,7067.37119674106,2778.58372171812,0,0,0,164,0,0,0
86,97,3,6945.65715645011,3715.78796260625,4,0,0,231,0,0,0
86,97,4,8125.8797901445,4850.34080564755,3,0,0,185,0,0,0
86,97,5,10585.385691278,5180.77337885372,0,0,0,206,0,0,0
86,97,6,9069.42415928734,4135.85914264763,8,0,0,200,0,0,1
86,97,7,21040.269805742,9099.9678081653,28,0,0,229,0,0,0
86,97,8,0,5,0,0,0,0,0,0,0
86,98,1,4927.18162016606,987.079145078846,2,0,0,187,0,0,0
86,98,2,7272.54848026283,2186.74449838892,0,0,0,223,0,0,7
86,98,3,7193.44289337021,3046.65357090636,6,0,0,200,0,0,2
86,98,4,8334.48079668487,5588.86944999669,12,0,0,191,0,0,0
86,98,5,11027.8224182532,3140.09445430107,12,0,0,212,0,0,0
86,98,6,9310.47031109642,2836.7765731768,7,0,0,216,0,0,0
86,98,7,21117.2823073635,6157.73834175656,25,0,0,214,0,0,10
86,98,8,0,5,0,0,0,0,0,0,0
86,99,1,4988.68692165132,1542.85336595576,0,0,0,98,0,0,0
86,99,2,7479.16414543138,2748.72603911981,0,0,0,218,0,0,0
86,99,3,7375.82860719836,3075.97160203017,15,0,0,172,0,0,1
86,99,4,8580.26605857241,3877.9787646645,41,0,0,196,0,0,7
86,99,5,11328.9788322973,6565.4455922497,15,0,0,185,0,0,0
86,99,6,9657.18533015671,4790.96213514124,5,0,0,239,0,0,1
86,99,7,21209.369253437,12793.9402674971,47,0,0,210,0,0,1
86,99,8,0,5,0,0,0,0,0,0,0
86,100,1,5093.12770348138,2578.38267727366,0,0,0,154,0,0,0
86,100,2,7594.1345040573,4864.46996423496,2,0,0,203,0,0,0
86,100,3,7490.79492189229,1502.54468001051,4,0,0,189,0,0,0
86,100,4,8777.88588643003,4368.47696441864,6,0,0,210,0,0,0
86,100,5,11580.4119726048,3285.95196007477,17,0,0,175,0,0,0
86,100,6,9865.30932384389,5485.91457325001,9,0,0,206,0,0,0
86,100,7,21245.8829994387,3691.95655666852,40,0,0,186,0,0,0
86,100,8,0,5,0,0,0,0,0,0,0
87,1,1,2944.3744,1253.20068752914,0,45,0,53,0,0,0
87,1,2,2941.79168,1019.77613144022,0,47,0,32,0,0,0
87,1,3,2940.3504,672.255786227187,0,2,0,23,0,0,0
87,1,4,2941.848,1322.87543465084,0,34,0,63,0,0,0
87,1,5,2936.584,1562.74941273619,0,33,0,39,0,0,0
87,1,6,2927.76,976.823067319196,0,3,0,3,0,0,0
87,1,7,19257.2252799999,7090.70070243186,0,46,0,45,0,0,0
87,1,8,0,8,0,48,0,51,0,0,0
87,2,1,2962.28,1361.43524192929,0,0,0,125,0,0,0
87,2,2,2953.7952,973.431794373479,0,0,0,101,0,0,0
87,2,3,2942.3504,619.028434162995,0,0,0,67,0,0,0
87,2,4,2955.392,2004.96413914377,0,0,0,132,0,0,0
87,2,5,2954.5968,1321.07810451428,0,0,0,156,0,0,0
87,2,6,2934.096,1190.69328866492,0,0,0,97,0,0,0
87,2,7,19218.2396799999,12064.7476578387,21,1,0,200,0,0,0
87,2,8,0,8,0,0,0,0,0,0,0
87,3,1,2977.328,1069.94752670448,0,0,0,136,0,0,0
87,3,2,2963.9872,1559.24515902761,0,0,0,97,0,0,0
87,3,3,2944.6016,1428.74407376042,0,0,0,61,0,0,0
87,3,4,2981.2288,1258.39558249564,0,0,0,195,0,0,0
87,3,5,2969.0992,1126.23911916617,0,0,0,132,0,0,0
87,3,6,2944.6208,496.545086750207,0,0,0,119,0,0,0
87,3,7,19179.1084799998,12465.8359464602,24,0,0,212,0,0,0
87,3,8,0,8,0,0,0,0,0,0,0
87,4,1,2985.2336,1749.5545150917,0,0,0,106,0,0,0
87,4,2,2980.7811328,1142.18045667445,0,0,0,155,0,0,0
87,4,3,2961.31872,1173.27993444875,0,0,0,142,0,0,0
87,4,4,2995.4016,1344.08751736642,0,0,0,125,0,0,0
87,4,5,2978.8416,1094.62026848065,0,0,0,112,0,0,0
87,4,6,2939.7872,1225.70234782489,0,0,0,49,0,0,0
87,4,7,19137.1420799998,9536.78605806787,16,3,0,200,0,0,7
87,4,8,0,8,0,0,0,0,0,0,0
87,5,1,2985.9856,788.66357240531,0,92,0,82,0,0,0
87,5,2,2973.7843328,374.316059389817,0,56,0,58,0,0,0
87,5,3,2960.994624,717.801824398049,0,60,0,57,0,0,0
87,5,4,2994.4816,1791.39910244683,0,68,0,66,0,0,0
87,5,5,2971.7552,806.663704396038,0,63,0,46,0,0,0
87,5,6,2936.8272,1034.88085096133,0,57,0,65,0,0,0
87,5,7,19088.1155199997,6480.02885547765,5,249,0,240,0,0,1
87,5,8,0,8,0,0,0,0,0,0,0
87,6,1,2993.16159999999,1255.34340117655,0,0,0,78,0,0,0
87,6,2,2978.1763328,892.06223593476,0,0,0,37,0,0,0
87,6,3,2972.58534399999,1219.84486954122,0,0,0,71,0,0,0
87,6,4,3028.39871999999,1032.41548142691,0,0,0,179,0,0,0
87,6,5,2982.8192,840.336366043245,0,0,0,80,0,0,0
87,6,6,2950.918784,1478.28913983114,0,0,0,103,0,0,0
87,6,7,19073.2819199997,5256.99921201336,26,0,0,192,0,0,0
87,6,8,0,8,0,0,0,0,0,0,0
87,7,1,3007.33567999999,1839.27119718443,0,0,0,125,0,0,0
87,7,2,2991.3603328,1289.61429743169,0,0,0,89,0,0,0
87,7,3,2993.79974399999,1291.46806184045,0,0,0,121,0,0,0
87,7,4,3045.72159999999,2009.33244888187,0,0,0,103,0,0,0
87,7,5,2996.4272,1680.07738400266,0,0,0,84,0,0,0
87,7,6,2973.929984,1484.04344567658,0,0,0,147,0,0,0
87,7,7,19053.1891199997,13116.6259165198,48,0,0,183,0,0,0
87,7,8,0,8,0,0,0,0,0,0,0
87,8,1,3032.28415999999,1454.94021633033,0,0,0,183,0,0,0
87,8,2,3011.5315328,993.271865091998,0,0,0,128,0,0,0
87,8,3,3015.36090879999,1371.02466137527,0,0,0,129,0,0,0
87,8,4,3081.15999999999,1182.26598423454,0,0,0,190,0,0,0
87,8,5,3024.53248,1181.69454229675,0,0,0,168,0,0,0
87,8,6,2997.046784,1228.82799545721,0,0,0,148,0,0,0
87,8,7,19035.4842239997,6062.76432923332,33,0,0,194,0,0,0
87,8,8,0,8,0,0,0,0,0,0,0
87,9,1,3053.65888,1098.21662407434,0,0,0,145,0,0,0
87,9,2,3027.52884736,1539.73714872543,0,0,0,99,0,0,0
87,9,3,3038.50394879999,759.16913412695,0,0,0,137,0,0,0
87,9,4,3101.62463999999,1237.12032498969,0,0,0,118,0,0,0
87,9,5,3047.22016,1646.00696761097,0,0,0,118,0,0,0
87,9,6,3018.0366848,1615.15888000063,0,0,0,122,0,0,0
87,9,7,19014.7111039996,4996.79674140406,49,0,0,171,0,0,0
87,9,8,0,8,0,0,0,0,0,0,0
87,10,1,3064.3145088,1662.69291725409,0,0,0,109,0,0,0
87,10,2,3047.41268736,994.560461412941,4,0,0,145,0,0,0
87,10,3,3044.4907008,1498.21414213185,0,0,0,75,0,0,0
87,10,4,3121.31468799999,1129.3467620275,0,0,0,123,0,0,0
87,10,5,3070.29856,410.033438706792,7,0,0,149,0,0,0
87,10,6,3040.94388480001,314.165336341383,1,0,0,159,0,0,0
87,10,7,19005.6093439996,5925.45864419989,117,0,0,242,0,0,0
87,10,8,0,8,0,0,0,0,0,0,0
87,11,1,3082.7404288,1710.82466190263,0,0,0,166,0,0,0
87,11,2,3054.70118656,693.181683613197,0,0,0,99,0,0,0
87,11,3,3063.4992768,1773.46644491873,0,0,0,149,0,0,0
87,11,4,3136.67494399999,2050.24746040681,0,0,0,112,0,0,0
87,11,5,3068.28992,976.534987046026,0,0,0,41,0,0,0
87,11,6,3036.10709760001,575.883407622248,0,0,0,31,0,0,0
87,11,7,18986.9652991995,7276.42746864166,85,0,0,175,0,0,0
87,11,8,0,8,0,0,0,0,0,0,0
87,12,1,3102.8437888,1051.4259845272,2,0,0,153,0,0,0
87,12,2,3055.85554483201,1948.50992824831,0,0,0,69,0,0,0
87,12,3,3087.079424,1833.59093180341,1,0,0,167,0,0,0
87,12,4,3168.50943999999,1016.34763644447,2,0,0,179,0,0,0
87,12,5,3082.7823488,721.867849061543,0,0,0,97,0,0,0
87,12,6,3038.70689536001,758.796629493765,0,0,0,57,0,0,0
87,12,7,18979.7000831995,8556.55039978755,66,0,0,190,0,0,0
87,12,8,0,8,0,0,0,0,0,0,0
87,13,1,3105.8377728,1236.35645103862,0,0,0,105,0,0,0
87,13,2,3077.57224499201,2308.65489966726,0,0,0,194,0,0,0
87,13,3,3111.460544,1206.77288185721,0,0,0,183,0,0,0
87,13,4,3177.768832,973.980431759205,0,0,0,101,0,0,0
87,13,5,3083.8866688,1452.81998822487,0,0,0,72,0,0,0
87,13,6,3043.12135936,658.984006540806,0,0,0,75,0,0,0
87,13,7,18967.1350271994,7953.90401664094,37,0,0,209,0,0,0
87,13,8,0,8,0,0,0,0,0,0,0
87,14,1,3113.1990656,1606.87902756717,0,0,0,123,0,0,0
87,14,2,3111.34032179201,1115.03787320918,0,0,0,230,0,0,0
87,14,3,3121.010048,1100.37996142717,0,0,0,120,0,0,0
87,14,4,3185.1463168,1273.31785195279,0,0,0,97,0,0,0
87,14,5,3101.83994880001,1503.70780025444,0,0,0,145,0,0,0
87,14,6,3047.32901632001,1878.01398760601,0,0,0,65,0,0,0
87,14,7,18954.7304831993,10952.371034588,45,0,0,216,0,0,0
87,14,8,0,8,0,0,0,0,0,0,0
87,15,1,3128.23220480001,1996.7814845476,0,0,0,160,0,0,0
87,15,2,3121.55247411201,1213.30725408629,0,0,0,111,0,0,0
87,15,3,3123.8651008,1511.08667166353,0,0,0,110,0,0,0
87,15,4,3199.51031040001,1371.21087244895,0,0,0,127,0,0,0
87,15,5,3121.15809280001,989.161694023682,0,0,0,150,0,0,0
87,15,6,3071.14619648001,763.809447072975,0,0,0,168,0,0,0
87,15,7,18936.6849279993,5599.75778247495,0,42,0,178,0,0,0
87,15,8,0,8,0,0,0,0,0,0,0
87,16,1,3147.39948339201,848.811918590695,0,5,0,162,0,0,0
87,16,2,3126.96784230401,1927.7125560698,0,0,0,121,0,0,0
87,16,3,3136.02048000001,442.991919629607,0,0,0,151,0,0,0
87,16,4,3209.45699840001,490.190068271042,0,0,0,137,0,0,0
87,16,5,3132.60577280001,1342.02833087835,0,0,0,98,0,0,0
87,16,6,3074.12573388801,1750.27494269924,0,0,0,76,0,0,0
87,16,7,18912.0623871992,10068.4746204219,0,73,0,186,0,0,0
87,16,8,0,8,0,0,0,0,0,0,0
87,17,1,3146.88427376642,1552.80755153844,0,0,0,84,0,0,0
87,17,2,3144.48199270402,1837.47123810597,0,0,0,192,0,0,0
87,17,3,3122.85849600001,1725.76696608998,0,0,0,44,0,0,0
87,17,4,3198.22807040001,1309.24376705306,0,0,0,49,0,0,0
87,17,5,3145.37460480001,1927.91573719409,0,0,0,134,0,0,0
87,17,6,3094.65785600001,1824.99823167527,0,0,0,174,0,0,0
87,17,7,18896.0900326391,7000.53405573057,22,2,0,192,0,0,0
87,17,8,0,8,0,0,0,0,0,0,0
87,18,1,3158.98316093442,1841.68983150437,0,0,0,155,0,0,0
87,18,2,3165.51404134402,1450.49040105528,0,0,0,183,0,0,0
87,18,3,3138.72468480002,1034.06424862655,0,3,0,156,0,0,0
87,18,4,3205.19781120002,1727.88363242058,0,0,0,130,0,0,0
87,18,5,3168.21296640001,1703.94558157867,0,3,0,176,0,0,0
87,18,6,3123.02336143361,2235.84128289578,0,0,0,182,0,0,0
87,18,7,18870.1262438391,12294.3051075665,0,118,0,168,0,0,0
87,18,8,0,8,0,0,0,0,0,0,0
87,19,1,3181.75559360514,2282.21508328148,0,0,0,184,0,0,0
87,19,2,3176.52053094402,925.074951413381,0,0,0,145,0,0,0
87,19,3,3137.93872384002,1707.40774110511,0,0,0,103,0,0,0
87,19,4,3225.50576384002,619.431404952542,0,0,0,172,0,0,0
87,19,5,3193.57821440001,786.041104423128,0,0,0,170,0,0,0
87,19,6,3159.07162101762,1227.58864523881,0,0,0,221,0,0,0
87,19,7,18874.407587839,7905.8962944862,24,2,0,219,0,0,0
87,19,8,0,8,0,0,0,0,0,0,0
87,20,1,3199.23435200514,762.242203041473,5,0,0,173,0,0,0
87,20,2,3171.74239334402,737.185130397062,0,0,0,92,0,0,0
87,20,3,3147.50201344002,860.405902544958,0,0,0,170,0,0,0
87,20,4,3217.00342784002,886.314303462264,0,0,0,61,0,0,0
87,20,5,3192.17479424001,1781.82368209467,0,0,0,78,0,0,0
87,20,6,3171.70075125762,1875.34617351581,0,0,0,122,0,0,0
87,20,7,18860.539803647,9241.45317410559,62,0,0,175,0,0,0
87,20,8,0,8,0,0,0,0,0,0,0
87,21,1,3194.84582080514,1549.06429032578,0,0,0,76,0,0,0
87,21,2,3158.50092943363,1691.98293023848,0,0,0,73,0,0,0
87,21,3,3139.03489024002,1616.75813654318,0,0,0,86,0,0,0
87,21,4,3215.57739520002,1452.70488667328,0,0,0,88,0,0,0
87,21,5,3211.01832448001,1582.24028162066,0,0,0,173,0,0,0
87,21,6,3198.37467944962,1826.03946437183,0,0,0,187,0,0,0
87,21,7,18847.510478335,6474.88836975669,58,0,0,182,0,0,0
87,21,8,0,8,0,0,0,0,0,0,0
87,22,1,3195.09737203714,865.572185346249,0,76,0,78,0,0,0
87,22,2,3151.85111398403,1164.88354009068,0,73,0,96,0,0,0
87,22,3,3129.43905024002,793.168884893679,0,81,0,80,0,0,0
87,22,4,3206.71641600002,1955.8123329387,0,82,0,63,0,0,0
87,22,5,3210.53006848001,1544.77315217561,0,68,0,90,0,0,0
87,22,6,3209.83921448962,823.830275142662,0,75,0,107,0,0,0
87,22,7,18842.518043135,9910.36439126991,5,198,0,217,0,0,0
87,22,8,0,8,0,0,0,0,0,0,0
87,23,1,3203.22615027714,778.866336986805,0,0,0,86,0,0,0
87,23,2,3165.82153574403,1650.691211018,0,0,0,116,0,0,0
87,23,3,3133.80807424002,821.834332066131,0,0,0,79,0,0,0
87,23,4,3239.81070387202,1414.19231276039,0,0,0,188,0,0,0
87,23,5,3237.72425728001,1271.90201725897,0,0,0,154,0,0,0
87,23,6,3226.40031528962,1141.21042217283,0,0,0,82,0,0,0
87,23,7,18870.541774335,4418.19203897161,24,1,0,216,0,0,0
87,23,8,0,8,0,0,0,0,0,0,0
87,24,1,3214.66653425257,704.065245575607,1,0,0,76,0,0,0
87,24,2,3195.84481751043,348.207203128097,0,0,0,165,0,0,0
87,24,3,3144.62092544002,1066.0950077415,0,0,0,82,0,0,0
87,24,4,3265.82324019202,1269.76061157045,0,0,0,141,0,0,0
87,24,5,3262.24725248001,944.020251760746,2,0,0,124,0,0,0
87,24,6,3251.6555510989,1194.84078614468,0,0,0,114,0,0,0
87,24,7,18905.5287587829,9928.10444754663,161,0,0,200,0,0,0
87,24,8,0,8,0,0,0,0,0,0,0
87,25,1,3219.93279729256,1296.21449947099,0,0,0,70,0,0,0
87,25,2,3189.12928675843,739.960478648798,0,0,0,34,0,0,0
87,25,3,3151.61274675202,1657.3234702876,0,0,0,106,0,0,0
87,25,4,3281.89183078402,1793.81379151644,0,0,0,126,0,0,0
87,25,5,3272.15157811201,1143.47692261142,0,0,0,94,0,0,0
87,25,6,3270.5601654989,1569.05479553084,0,0,0,119,0,0,0
87,25,7,18946.0155193538,8873.10333782483,40,0,0,223,0,0,0
87,25,8,0,8,0,0,0,0,0,0,0
87,26,1,3239.31865534056,1944.41315748629,0,0,0,129,0,0,0
87,26,2,3195.68854812674,1030.2174311651,0,0,0,73,0,0,0
87,26,3,3182.40906240002,728.443575126682,0,0,0,165,0,0,0
87,26,4,3314.23860940802,1390.00275661045,0,0,0,179,0,0,0
87,26,5,3287.92111472641,1387.35949362163,0,0,0,114,0,0,0
87,26,6,3305.62920888322,1305.59763670403,0,0,0,156,0,0,0
87,26,7,19001.1915705538,6026.2936701216,44,0,0,255,0,0,0
87,26,8,0,8,0,0,0,0,0,0,0
87,27,1,3262.22210135657,1197.7745086694,20,0,0,142,0,0,0
87,27,2,3207.18106140675,971.986262522022,0,0,0,103,0,0,0
87,27,3,3186.08634368002,1961.29783231254,0,0,0,72,0,0,0
87,27,4,3337.40711628802,2025.5681725242,0,0,0,139,0,0,0
87,27,5,3308.75277350913,849.686688994126,0,0,0,138,0,0,0
87,27,6,3333.44488632322,1975.5984675318,0,0,0,130,0,0,0
87,27,7,19036.3637049538,5982.05179207966,156,0,0,194,0,0,0
87,27,8,0,8,0,0,0,0,0,0,0
87,28,1,3284.56907887086,1472.17518656895,9,0,0,107,0,0,0
87,28,2,3221.94954927721,1027.27567907614,0,0,0,97,0,0,0
87,28,3,3210.52008192002,771.488284919497,41,0,0,138,0,0,0
87,28,4,3368.55075133442,2589.29062585973,38,0,0,149,0,0,0
87,28,5,3322.46176858113,759.66237935791,1,0,0,83,0,0,0
87,28,6,3371.15669256194,1369.73925011986,28,0,0,158,0,0,0
87,28,7,19087.2830245877,8654.81095874732,235,1,0,199,0,0,1
87,28,8,0,8,0,0,0,0,0,0,0
87,29,1,3302.31774677486,1578.31300663337,0,0,0,147,0,0,0
87,29,2,3226.62101270121,932.398026538014,0,0,0,102,0,0,0
87,29,3,3212.92518707202,1940.99544445784,0,0,0,77,0,0,0
87,29,4,3397.05657139202,1331.44723397187,8,0,0,180,0,0,0
87,29,5,3329.28938074114,1908.6759702262,0,0,0,75,0,0,0
87,29,6,3397.52532780731,1476.6090301607,0,0,0,136,0,0,0
87,29,7,19120.0329816626,8565.99137244153,76,0,0,179,0,0,0
87,29,8,0,8,0,0,0,0,0,0,0
87,30,1,3326.73293679086,2010.83543377468,0,0,0,157,0,0,0
87,30,2,3226.47928034921,1274.38360009357,0,0,0,93,0,0,0
87,30,3,3240.41591603202,1198.38541879732,1,0,0,177,0,0,0
87,30,4,3415.41698230274,2765.61757822918,0,0,0,133,0,0,0
87,30,5,3362.22031621736,941.732335073819,0,0,0,189,0,0,0
87,30,6,3427.48524885199,918.985342191007,0,0,0,147,0,0,0
87,30,7,19157.0580184626,7756.0989842394,74,0,0,181,0,0,0
87,30,8,0,8,0,0,0,0,0,0,0
87,31,1,3346.62081483246,1422.17490261607,30,0,0,132,0,0,0
87,31,2,3237.90596919298,1709.51335099918,0,0,0,127,0,0,0
87,31,3,3254.95257403394,1390.75026776894,0,0,0,119,0,0,0
87,31,4,3446.04491524098,1524.44257438425,45,0,0,172,0,0,0
87,31,5,3372.82396472936,1866.66659965103,0,0,0,94,0,0,0
87,31,6,3439.83678436559,1259.51095449399,0,0,0,91,0,0,0
87,31,7,19205.5005119026,9498.01433060435,231,0,0,203,0,0,14
87,31,8,0,8,0,0,0,0,0,0,0
87,32,1,3366.23751381486,1211.11348021939,0,0,0,142,0,0,0
87,32,2,3256.95815940508,2577.05366644112,0,0,0,170,0,0,0
87,32,3,3266.63456530434,1090.75129462182,0,0,0,139,0,0,0
87,32,4,3466.77640991132,1089.71377653127,0,0,0,152,0,0,0
87,32,5,3399.14898540136,2172.13193413154,0,0,0,186,0,0,0
87,32,6,3458.55855647869,537.144848940762,0,0,0,125,0,0,0
87,32,7,19257.7129279026,8089.56410292063,98,0,0,244,0,0,0
87,32,8,0,8,0,0,0,0,0,0,0
87,33,1,3348.23338205678,2037.08395361721,107,0,0,14,0,0,0
87,33,2,3261.58819458665,1194.66530650698,126,0,0,131,0,0,0
87,33,3,3250.73992280476,1479.07476922524,68,0,0,41,0,0,0
87,33,4,3449.38161326083,414.475916364811,58,0,0,50,0,0,0
87,33,5,3408.79838367336,1000.31988017062,91,0,0,126,0,0,0
87,33,6,3450.68934948375,681.768453872644,28,0,0,25,0,0,0
87,33,7,19294.1606785585,7160.62410911467,183,4,0,204,0,0,39
87,33,8,0,8,0,0,0,0,0,0,0
87,34,1,3371.75350014855,1570.25481149007,36,0,0,131,0,0,0
87,34,2,3279.31227666025,878.579207430218,0,0,0,119,0,0,0
87,34,3,3268.85791893916,1177.66675659704,0,0,0,147,0,0,0
87,34,4,3446.01087598594,1970.871002047,0,0,0,41,0,0,0
87,34,5,3418.79730161256,1029.73484599407,0,0,0,100,0,0,0
87,34,6,3455.74939755547,2005.84959657747,0,0,0,68,0,0,0
87,34,7,19322.2025030152,7048.05737767712,207,0,0,299,0,0,0
87,34,8,0,8,0,0,0,0,0,0,0
87,35,1,3398.88426461759,1457.3740031671,10,0,0,132,0,0,0
87,35,2,3284.56693190249,1466.24309156177,0,0,0,87,0,0,0
87,35,3,3284.58520799644,796.363767489585,0,0,0,117,0,0,0
87,35,4,3468.32419039726,1804.47972883686,16,0,0,159,0,0,0
87,35,5,3429.09826614888,856.328162802187,0,0,0,102,0,0,0
87,35,6,3481.2456274169,2072.85881197481,21,0,0,150,0,0,0
87,35,7,19363.4009936752,9536.3334711776,197,0,0,238,0,0,2
87,35,8,0,8,0,0,0,0,0,0,0
87,36,1,3410.762318608,1278.29668645647,0,0,0,145,0,0,0
87,36,2,3289.77512293911,1294.86611973175,0,0,0,146,0,0,0
87,36,3,3273.56507468188,2136.98870688116,0,0,0,79,0,0,0
87,36,4,3472.84685543689,1011.5761597889,0,0,0,174,0,0,0
87,36,5,3420.27286580839,777.660021579162,0,0,0,85,0,0,0
87,36,6,3512.27351208787,1516.26100609877,1,0,0,190,0,0,0
87,36,7,19375.4611070832,8801.85981840975,66,0,0,201,0,0,0
87,36,8,0,8,0,0,0,0,0,0,0
87,37,1,3429.81336509401,1940.6297324303,0,0,0,127,0,0,0
87,37,2,3293.92955360463,573.675669487317,0,0,0,129,0,0,0
87,37,3,3304.57162679093,764.889921794438,2,0,0,200,0,0,0
87,37,4,3473.25720531208,1400.92685476957,0,0,0,101,0,0,0
87,37,5,3412.7283497853,916.164390832539,0,0,0,77,0,0,0
87,37,6,3538.54142274551,641.860090437391,0,0,0,151,0,0,0
87,37,7,19405.9549223792,5316.72337077192,131,0,0,194,0,0,1
87,37,8,0,8,0,0,0,0,0,0,0
87,38,1,3432.78909636381,1918.44286329019,0,88,0,106,0,0,0
87,38,2,3270.98700502223,564.09305735667,0,33,0,24,0,0,0
87,38,3,3280.71477717813,972.794344014955,0,48,0,28,0,0,0
87,38,4,3443.61550985071,1810.08073399374,0,82,0,58,0,0,0
87,38,5,3391.9026505597,1107.18847249684,0,44,0,47,0,0,0
87,38,6,3523.59434511351,1459.29140494596,0,39,0,25,0,0,0
87,38,7,19417.0199689072,11542.8259378071,7,130,0,163,0,0,0
87,38,8,0,8,0,0,0,0,0,0,0
87,39,1,3465.02125893047,1325.99369368829,0,0,0,191,0,0,0
87,39,2,3268.06061001283,431.01638579193,0,0,0,56,0,0,0
87,39,3,3284.12467043125,1615.51506315174,0,0,0,97,0,0,0
87,39,4,3467.24501644757,825.1210877446,0,0,0,181,0,0,0
87,39,5,3397.85913147983,1703.44251029506,0,0,0,110,0,0,0
87,39,6,3549.95893089779,422.060779197135,0,0,0,145,0,0,0
87,39,7,19457.7706638191,8783.04123249789,24,1,0,213,0,0,0
87,39,8,0,8,0,0,0,0,0,0,0
87,40,1,3501.2861394062,1005.03771237549,0,0,0,132,0,0,0
87,40,2,3269.42505915632,1012.83243006908,0,0,0,43,0,0,0
87,40,3,3313.62474841295,999.634282884714,0,0,0,161,0,0,0
87,40,4,3473.69762494565,1338.04142414857,0,0,0,82,0,0,0
87,40,5,3431.90109942761,820.108097799257,0,0,0,170,0,0,0
87,40,6,3553.44216266637,1348.20160501446,0,0,0,42,0,0,0
87,40,7,19541.5516141423,3550.80641374723,24,0,0,284,0,0,0
87,40,8,0,8,0,0,0,0,0,0,0
87,41,1,3508.27644114054,1141.45523537011,0,0,0,100,0,0,0
87,41,2,3271.07759035632,1443.62945897057,0,0,0,101,0,0,0
87,41,3,3311.16694811855,1772.76988332514,0,0,0,99,0,0,0
87,41,4,3480.60031461477,561.090883045376,0,0,0,133,0,0,0
87,41,5,3428.69869950174,664.170671430172,0,0,0,82,0,0,0
87,41,6,3570.21566205836,1131.16081540998,0,0,0,134,0,0,0
87,41,7,19558.7886645103,10986.6220146863,93,0,0,149,0,0,0
87,41,8,0,8,0,0,0,0,0,0,0
87,42,1,3515.20308280126,1388.47834059296,0,0,0,114,0,0,0
87,42,2,3275.15352608083,1289.61955962895,0,0,0,144,0,0,0
87,42,3,3329.17667750381,1251.01066276261,0,0,0,177,0,0,0
87,42,4,3462.54736818591,1831.62917819742,0,0,0,56,0,0,0
87,42,5,3428.7436597022,1534.49858961272,0,0,0,66,0,0,0
87,42,6,3588.15431831699,875.980224993834,0,0,0,113,0,0,0
87,42,7,19602.8763214703,11245.0568399196,28,0,0,262,0,0,0
87,42,8,0,8,0,0,0,0,0,0,0
87,43,1,3523.76538672753,601.942866774932,0,0,0,138,0,0,0
87,43,2,3275.87859084233,824.662491223909,0,0,0,128,0,0,0
87,43,3,3331.01996207392,1337.32120631611,0,0,0,125,0,0,0
87,43,4,3484.36998539679,730.504701899113,0,0,0,181,0,0,0
87,43,5,3448.82433814316,2158.62444000129,0,0,0,153,0,0,0
87,43,6,3601.91952233004,1535.3160640797,0,0,0,87,0,0,0
87,43,7,19634.5850995999,9252.41777768452,29,0,0,192,0,0,0
87,43,8,0,8,0,0,0,0,0,0,0
87,44,1,3516.93098848185,1551.06374405678,0,0,0,60,0,0,0
87,44,2,3266.58265616964,1796.78793993443,0,0,0,82,0,0,0
87,44,3,3340.88597593376,820.546065768907,0,0,0,133,0,0,0
87,44,4,3474.44644260711,967.278996991934,0,0,0,73,0,0,0
87,44,5,3487.59149760857,1423.63766698093,0,0,0,204,0,0,1
87,44,6,3639.71793333108,886.126741697143,0,0,0,153,0,0,0
87,44,7,19668.8882373305,6542.72747729457,61,0,0,156,0,0,0
87,44,8,0,8,0,0,0,0,0,0,0
87,45,1,3530.18831045438,986.217061365999,5,0,0,144,0,0,0
87,45,2,3277.8833606942,2026.80386771692,14,0,0,150,0,0,0
87,45,3,3328.51770420102,1189.42439700115,0,0,0,82,0,0,0
87,45,4,3465.59446248295,1916.16126569882,0,0,0,96,0,0,0
87,45,5,3502.02713282905,892.469023298428,0,0,0,142,0,0,0
87,45,6,3647.37376817709,2095.25562624336,0,0,0,88,0,0,0
87,45,7,19695.8044393145,9375.52545481783,189,0,0,195,0,0,22
87,45,8,0,8,0,0,0,0,0,0,0
87,46,1,3528.99707488394,2167.73092426284,0,0,0,98,0,0,0
87,46,2,3302.91822482446,1774.64321884945,0,0,0,199,0,0,0
87,46,3,3319.85708496258,1289.39575715969,0,0,0,118,0,0,0
87,46,4,3488.13217498408,1576.87407252554,0,0,0,191,0,0,0
87,46,5,3498.8947696183,2610.17529768082,0,0,0,89,0,0,0
87,46,6,3696.09124896099,2035.8714080416,1,0,0,191,0,0,0
87,46,7,19729.710634156,4882.113282201,70,0,0,202,0,0,0
87,46,8,0,8,0,0,0,0,0,0,0
87,47,1,3541.66526151121,1108.47512899258,41,0,0,138,0,0,0
87,47,2,3296.69970357999,1228.45214701953,29,0,0,122,0,0,0
87,47,3,3321.41234021356,1342.04514078765,1,0,0,127,0,0,0
87,47,4,3489.84483169212,2365.45246104776,6,0,0,145,0,0,0
87,47,5,3510.59304416626,1210.35397857134,58,0,0,150,0,0,0
87,47,6,3721.39180897373,945.830853493755,16,0,0,173,0,0,0
87,47,7,19756.050891948,10389.8861970321,169,0,0,167,0,0,0
87,47,8,0,8,0,0,0,0,0,0,0
87,48,1,3549.46192011856,956.791371880737,0,0,0,110,0,0,0
87,48,2,3293.9425223325,1356.88589500004,0,0,0,122,0,0,0
87,48,3,3315.05248955716,943.19458747178,0,0,0,134,0,0,0
87,48,4,3509.34665769575,1716.03396202014,0,1,0,201,0,0,0
87,48,5,3523.42846642803,1501.76116061522,0,0,0,121,0,0,0
87,48,6,3734.49413037421,1335.95671683344,0,0,0,94,0,0,0
87,48,7,19795.513153196,5191.02343360785,0,34,0,218,0,0,0
87,48,8,0,8,0,0,0,0,0,0,0
87,49,1,3545.62900760775,1531.06742196827,0,1,0,94,0,0,0
87,49,2,3304.29945539426,1935.82966203751,0,0,0,135,0,0,0
87,49,3,3296.52595592171,948.302924763146,0,0,0,94,0,0,0
87,49,4,3520.46083822894,1467.69034285473,0,6,0,161,0,0,0
87,49,5,3530.35923216294,974.679486662977,0,10,0,134,0,0,0
87,49,6,3752.12911344757,2776.78506419836,0,12,0,113,0,0,0
87,49,7,19836.1010066104,4573.82504542019,0,170,0,243,0,0,0
87,49,8,0,8,0,0,0,0,0,0,0
87,50,1,3556.44651172396,1451.97944192864,0,0,0,153,0,0,0
87,50,2,3316.73892462635,1715.59627068753,2,0,0,170,0,0,0
87,50,3,3289.52955959811,977.005508194329,0,0,0,94,0,0,0
87,50,4,3523.78266532228,1238.71090687755,0,0,0,146,0,0,0
87,50,5,3529.22604539648,1052.78513554689,0,0,0,97,0,0,0
87,50,6,3799.86702193765,2234.90388424011,8,0,0,201,0,0,0
87,50,7,19881.5255381892,10620.7452848467,27,0,0,210,0,0,0
87,50,8,0,8,0,0,0,0,0,0,0
87,51,1,3575.18209890609,1104.07053213583,0,0,0,145,0,0,0
87,51,2,3334.58341744749,1607.78669147914,0,0,0,171,0,0,0
87,51,3,3285.49879577449,1312.64903735597,0,0,0,97,0,0,0
87,51,4,3528.53220725451,1333.73907236446,0,0,0,123,0,0,0
87,51,5,3542.69394241713,1810.6723450356,0,0,0,105,0,0,0
87,51,6,3858.18800313815,2116.32294132348,0,0,0,195,0,0,0
87,51,7,19947.9455197347,7851.40277551903,26,0,0,230,0,0,0
87,51,8,0,8,0,0,0,0,0,0,0
87,52,1,3572.53474938625,1851.20928566014,0,56,0,54,0,0,0
87,52,2,3325.19459519163,1494.01467455906,0,67,0,93,0,0,0
87,52,3,3280.56894748223,1338.98037354523,0,65,0,66,0,0,0
87,52,4,3519.3152813762,1302.10743036602,0,56,0,77,0,0,0
87,52,5,3534.44855903289,1037.80842113901,0,106,0,75,0,0,0
87,52,6,3875.83965128653,1968.42146624272,0,107,0,104,0,0,0
87,52,7,20076.1477539364,12792.5752677519,0,385,0,400,0,0,0
87,52,8,0,8,0,0,0,0,0,0,0
87,53,1,3596.59687805274,1333.62916758667,0,0,0,185,0,0,0
87,53,2,3339.1798673101,862.030886212894,0,0,0,149,0,0,0
87,53,3,3288.20246484871,1665.85246850929,0,0,0,133,0,0,0
87,53,4,3540.8051426918,1289.80003095798,0,0,0,130,0,0,0
87,53,5,3544.81437653156,1183.51024762323,0,0,0,103,0,0,0
87,53,6,3926.91245315308,1459.00000346313,0,0,0,194,0,0,0
87,53,7,20116.3492617764,6811.82954789179,28,0,0,222,0,0,0
87,53,8,0,8,0,0,0,0,0,0,0
87,54,1,3617.47617301343,1056.54759963722,0,0,0,133,0,0,0
87,54,2,3344.82724697417,1067.36664390098,0,0,0,86,0,0,0
87,54,3,3312.93279109559,759.444054267042,0,0,0,165,0,0,0
87,54,4,3551.59607803062,1651.85263493547,0,0,0,128,0,0,0
87,54,5,3567.73285322669,2090.16470915837,0,0,0,118,0,0,0
87,54,6,3965.0379406346,1544.06744695585,0,0,0,145,0,0,0
87,54,7,20168.1769078349,9825.9686588348,143,0,0,206,0,0,0
87,54,8,0,8,0,0,0,0,0,0,0
87,55,1,3639.18028366746,724.325382121111,0,0,0,105,0,0,0
87,55,2,3357.16740444263,987.888139416224,0,0,0,106,0,0,0
87,55,3,3321.64124535865,936.024117175553,0,0,0,75,0,0,0
87,55,4,3587.28105502555,847.003431320488,0,0,0,165,0,0,0
87,55,5,3621.7028862751,1205.23025593878,0,0,0,190,0,0,0
87,55,6,4033.44039410495,2033.95397932651,0,0,0,154,0,0,0
87,55,7,20248.0327910787,9457.77718183303,51,0,0,190,0,0,0
87,55,8,0,8,0,0,0,0,0,0,0
87,56,1,3640.98621019755,1127.568613687,0,0,0,72,0,0,0
87,56,2,3369.65159592221,1628.00467400217,0,0,0,98,0,0,0
87,56,3,3323.30234843922,1625.05392239377,0,0,0,93,0,0,0
87,56,4,3594.3582155319,1502.44726949474,0,0,0,84,0,0,0
87,56,5,3654.86306576512,844.430405466411,0,0,0,120,0,0,0
87,56,6,4115.60574871688,661.248826405535,0,0,0,203,0,0,0
87,56,7,20328.9874612924,5042.59905493539,68,0,0,203,0,0,0
87,56,8,0,8,0,0,0,0,0,0,0
87,57,1,3659.6643463952,1912.79446456607,1,0,0,111,0,0,0
87,57,2,3383.56995109699,1424.42854722407,25,0,0,120,0,0,0
87,57,3,3337.67790886036,1564.75695066863,24,0,0,121,0,0,0
87,57,4,3626.66578571379,993.342943782586,0,0,0,150,0,0,0
87,57,5,3665.65297035982,1991.00734635421,0,0,0,84,0,0,0
87,57,6,4131.2210661392,1320.88725354981,0,0,0,66,0,0,0
87,57,7,20402.9070071369,6797.69186072564,156,0,0,239,0,0,0
87,57,8,0,8,0,0,0,0,0,0,0
87,58,1,3715.37720965099,1304.20902148432,0,0,0,191,0,0,0
87,58,2,3414.57709424247,1257.57749926406,0,0,0,142,0,0,0
87,58,3,3354.75586795528,1857.97201329488,0,0,0,156,0,0,0
87,58,4,3633.28867133984,1208.09956886255,0,0,0,99,0,0,0
87,58,5,3714.50118957926,2455.30697266272,0,0,0,199,0,0,0
87,58,6,4175.42782570364,1513.9626056809,0,0,0,132,0,0,0
87,58,7,20460.538434426,6067.64445613972,68,0,0,192,0,0,0
87,58,8,0,8,0,0,0,0,0,0,0
87,59,1,3724.57796547536,1182.36187925791,0,0,0,130,0,0,0
87,59,2,3419.98595517063,2428.00425124078,0,0,0,125,0,0,0
87,59,3,3352.96126757456,1861.49046220895,7,0,0,162,0,0,0
87,59,4,3632.21855256281,2590.7141274109,0,0,0,120,0,0,0
87,59,5,3738.08700458344,1329.42211879888,25,0,0,163,0,0,0
87,59,6,4202.4288564084,760.397366393943,0,0,0,151,0,0,0
87,59,7,20502.9812664209,1810.54688666772,129,0,0,181,0,0,0
87,59,8,0,8,0,0,0,0,0,0,0
87,60,1,3723.6990152372,1463.28560940849,0,0,0,118,0,0,0
87,60,2,3422.11900477752,2331.37341202287,56,0,0,141,0,0,0
87,60,3,3342.44358837305,1299.71339083223,29,0,0,133,0,0,0
87,60,4,3629.21827859395,1902.84222664297,66,0,0,140,0,0,0
87,60,5,3737.40850324786,1386.44111149925,1,0,0,131,0,0,0
87,60,6,4211.80201855611,1211.97798225611,0,0,0,76,0,0,0
87,60,7,20524.7913159773,5213.0519990867,20,0,0,145,0,0,0
87,60,8,0,8,0,0,0,0,0,0,0
87,61,1,3751.1168044915,2413.99497118582,0,0,0,146,0,0,0
87,61,2,3447.52048381907,404.223109434303,5,0,0,186,0,0,0
87,61,3,3346.19595421524,1967.55863881618,0,0,0,129,0,0,0
87,61,4,3653.03214691333,921.032217418586,2,0,0,164,0,0,0
87,61,5,3763.98488713714,2169.39598623866,0,0,0,138,0,0,0
87,61,6,4241.87384042659,1558.80521072779,0,0,0,121,0,0,0
87,61,7,20555.8840853474,6282.5586722836,36,0,0,192,0,0,0
87,61,8,0,8,0,0,0,0,0,0,0
87,62,1,3789.37348967093,1116.46100532402,3,0,0,197,0,0,0
87,62,2,3435.76968133861,1531.86570340456,0,0,0,40,0,0,0
87,62,3,3370.29952937498,1568.56030132997,2,0,0,168,0,0,0
87,62,4,3651.95946727457,1708.49143086496,0,0,0,92,0,0,0
87,62,5,3805.42005453324,1018.83631005292,1,0,0,188,0,0,0
87,62,6,4274.5348121811,1981.91246568918,0,0,0,155,0,0,0
87,62,7,20592.8390376777,6218.05890469387,28,0,0,218,0,0,0
87,62,8,0,8,0,0,0,0,0,0,0
87,63,1,3780.2506441519,1060.278795775,0,52,0,59,0,0,0
87,63,2,3432.02163973179,1959.37538021518,0,67,0,86,0,0,0
87,63,3,3363.25337199311,663.99976966437,0,83,0,73,0,0,0
87,63,4,3645.24674399993,2050.91777072751,0,89,0,81,0,0,0
87,63,5,3793.84838020923,2055.63199688139,0,47,0,54,0,0,0
87,63,6,4288.6501031502,2060.30074801287,0,101,0,97,0,0,0
87,63,7,20634.2125076882,12152.2411951049,0,297,0,292,0,0,0
87,63,8,0,8,0,0,0,0,0,0,0
87,64,1,3792.50896241446,1409.39500024292,0,0,0,106,0,0,0
87,64,2,3462.21992690504,1143.66141215102,0,0,0,194,0,0,0
87,64,3,3358.37809272038,1686.23858975695,0,0,0,66,0,0,0
87,64,4,3671.14603479223,1646.89356772129,0,0,0,182,0,0,0
87,64,5,3831.00791974398,1327.71528104731,0,0,0,197,0,0,0
87,64,6,4340.02543348815,1538.08547879412,0,0,0,192,0,0,0
87,64,7,20671.8043091347,7364.50225843908,24,1,0,208,0,0,0
87,64,8,0,8,0,0,0,0,0,0,0
87,65,1,3849.66618660275,2139.15759928862,0,0,0,140,0,0,0
87,65,2,3508.14346937313,717.036016737423,0,0,0,114,0,0,0
87,65,3,3410.11550287612,485.616026249474,1,0,0,161,0,0,0
87,65,4,3740.65793806364,1312.79429896283,0,0,0,164,0,0,0
87,65,5,3894.76899932167,1914.51930136296,0,0,0,132,0,0,0
87,65,6,4415.97192462848,980.256582857602,0,0,0,153,0,0,0
87,65,7,20744.8949729326,4977.80837393149,79,0,0,181,0,0,0
87,65,8,0,8,0,0,0,0,0,0,0
87,66,1,3881.2179556753,1763.32997946849,35,0,0,140,0,0,0
87,66,2,3511.3928465842,1607.70294279354,0,0,0,71,0,0,0
87,66,3,3404.50330461516,2051.70496380299,0,0,0,48,0,0,0
87,66,4,3771.69296602704,1862.95320630451,0,0,0,131,0,0,0
87,66,5,3936.83782167042,1799.81567069935,15,0,0,159,0,0,0
87,66,6,4441.83316044285,1401.26478630914,0,0,0,98,0,0,0
87,66,7,20799.0185867964,12820.2914832001,154,0,0,174,0,0,0
87,66,8,0,8,0,0,0,0,0,0,0
87,67,1,3920.00700867334,2546.50827974069,0,0,0,176,0,0,0
87,67,2,3547.61314937917,1201.00931250353,0,0,0,160,0,0,0
87,67,3,3434.53376657355,2083.82157082937,0,0,0,187,0,0,0
87,67,4,3807.5248856357,2034.52576810561,0,0,0,184,0,0,0
87,67,5,3988.60754877029,2084.50604512387,0,0,0,179,0,0,0
87,67,6,4487.35433334809,1399.09427857661,0,0,0,140,0,0,0
87,67,7,20860.9197262983,4366.80268624178,36,0,0,218,0,0,0
87,67,8,0,8,0,0,0,0,0,0,0
87,68,1,3949.68294271563,1373.4216649007,119,0,0,123,0,0,0
87,68,2,3573.85200081793,951.610266387339,31,0,0,86,0,0,0
87,68,3,3451.56951156578,2678.18448552181,92,0,0,107,0,0,0
87,68,4,3820.4779988289,1131.49933747664,101,0,0,92,0,0,0
87,68,5,4007.75986992356,1409.72341496671,101,0,0,97,0,0,0
87,68,6,4512.70531513125,1544.90501770782,48,0,0,87,0,0,0
87,68,7,20922.5004618314,8215.53063069802,218,0,0,196,0,0,0
87,68,8,0,8,0,0,0,0,0,0,0
87,69,1,3972.2997702458,2818.79767954651,0,0,0,137,0,0,0
87,69,2,3582.33394571003,1295.17461193662,0,0,0,95,0,0,0
87,69,3,3501.12417617298,885.081742663445,3,0,0,209,0,0,0
87,69,4,3851.2251432429,2493.21264463351,0,0,0,113,0,0,0
87,69,5,4052.67841504523,1659.17941045299,0,0,0,140,0,0,0
87,69,6,4560.17709733101,1882.07557473836,0,0,0,154,0,0,0
87,69,7,20949.8613874659,8916.0444678014,34,0,0,248,0,0,0
87,69,8,0,8,0,0,0,0,0,0,0
87,70,1,4000.78660936405,1274.436347591,3,0,0,190,0,0,0
87,70,2,3598.59013471722,1818.22358338179,0,0,0,129,0,0,0
87,70,3,3511.18494180381,1825.19445829006,0,0,0,88,0,0,0
87,70,4,3882.05855419736,972.105138602897,4,0,0,170,0,0,0
87,70,5,4097.55522261561,1891.82016647971,0,0,0,165,0,0,0
87,70,6,4610.42768317303,1810.53934370867,0,0,0,184,0,0,0
87,70,7,20952.2345073471,12792.8311941634,40,0,0,178,0,0,0
87,70,8,0,8,0,0,0,0,0,0,0
87,71,1,4021.67172791809,2149.97251408475,0,0,0,127,0,0,0
87,71,2,3629.82696395094,1855.23897620335,0,0,0,181,0,0,0
87,71,3,3529.20625278497,2162.51082220612,0,0,0,182,0,0,0
87,71,4,3898.28315474825,2272.68603230056,0,0,0,97,0,0,0
87,71,5,4150.40914848865,1190.70888494077,0,0,0,189,0,0,0
87,71,6,4662.96268097129,1922.86967245507,0,0,0,181,0,0,0
87,71,7,20968.8669223252,8848.32734601182,35,0,0,246,0,0,0
87,71,8,0,8,0,0,0,0,0,0,0
87,72,1,4066.31132838604,1391.45605056606,30,0,0,136,0,0,0
87,72,2,3691.38185623696,1130.13039232009,5,0,0,172,0,0,0
87,72,3,3573.56745829561,1386.97829684757,24,0,0,153,0,0,0
87,72,4,3939.55000081589,2151.45894785758,28,0,0,154,0,0,0
87,72,5,4201.01761538878,1575.19660000435,0,0,0,119,0,0,0
87,72,6,4734.25879526206,2615.41798284657,14,0,0,154,0,0,1
87,72,7,21012.3073953292,10109.4888714387,181,2,0,196,0,0,13
87,72,8,0,8,0,0,0,0,0,0,0
87,73,1,4101.97426174733,1905.49826282859,0,0,0,139,0,0,0
87,73,2,3708.95063425467,1309.49317358005,0,0,0,113,0,0,0
87,73,3,3591.87688139063,1711.75638920808,0,0,0,138,0,0,0
87,73,4,4015.07190875694,2122.55729567618,0,0,0,215,0,0,0
87,73,5,4236.57017870131,2207.76531665693,5,0,0,132,0,0,0
87,73,6,4795.91665902189,1826.53172965222,18,0,0,175,0,0,0
87,73,7,21026.9137276426,10197.8689912509,170,0,0,193,0,0,0
87,73,8,0,8,0,0,0,0,0,0,0
87,74,1,4166.04494797986,491.044154509309,1,0,0,182,0,0,0
87,74,2,3739.52182818606,818.410394565937,0,0,0,130,0,0,0
87,74,3,3628.65859401183,1317.40649810861,0,0,0,171,0,0,0
87,74,4,4075.04712374541,1396.877408214,6,0,0,176,0,0,0
87,74,5,4290.4025918766,1053.76679133246,5,0,0,183,0,0,1
87,74,6,4866.43408389062,979.321513418436,0,0,0,181,0,0,0
87,74,7,21067.740995645,10942.4411338649,134,0,0,238,0,0,0
87,74,8,0,8,0,0,0,0,0,0,0
87,75,1,4146.51651022101,1241.12457000073,0,0,0,49,0,0,0
87,75,2,3745.23382340513,1298.38259513956,0,0,0,81,0,0,0
87,75,3,3645.93110585228,2185.55575424645,0,0,0,131,0,0,0
87,75,4,4114.87855647867,2006.83578301796,0,0,0,139,0,0,0
87,75,5,4319.22117975999,1165.85174304277,0,0,0,105,0,0,0
87,75,6,4901.41033027598,2318.10501957651,0,0,0,97,0,0,0
87,75,7,21120.9650189707,9335.02601151482,91,0,0,272,0,0,0
87,75,8,0,8,0,0,0,0,0,0,0
87,76,1,4181.09556308682,1394.29748252024,0,0,0,124,0,0,0
87,76,2,3756.30243445322,1056.07619007514,0,0,0,129,0,0,0
87,76,3,3712.78573125273,1678.81158020918,0,0,0,208,0,0,0
87,76,4,4164.79325894546,1740.71845785238,0,0,0,200,0,0,0
87,76,5,4340.92414534303,1974.80633387862,0,0,0,116,0,0,0
87,76,6,4973.61692583167,2422.60072574256,0,3,0,177,0,0,0
87,76,7,21174.3697180247,7376.36115126413,0,45,0,217,0,0,0
87,76,8,0,8,0,0,0,0,0,0,0
87,77,1,4179.42731278279,2107.0874192865,0,34,0,95,0,0,0
87,77,2,3761.83791487005,2453.51966907086,0,2,0,103,0,0,0
87,77,3,3713.1324362043,1313.73122435716,0,29,0,129,0,0,0
87,77,4,4180.97710091112,1605.91747350696,0,47,0,112,0,0,0
87,77,5,4392.40074396625,2479.36253513757,0,37,0,149,0,0,0
87,77,6,5017.68990485904,2078.14097511277,0,62,0,161,0,0,0
87,77,7,21197.0083830388,8854.92733531107,6,164,0,168,0,0,0
87,77,8,0,8,0,0,0,0,0,0,0
87,78,1,4245.25936678581,2038.0236622257,1,0,0,184,0,0,0
87,78,2,3847.9739996572,1406.97212752719,0,0,0,244,0,0,0
87,78,3,3773.24467791199,2343.82734560406,0,0,0,131,0,0,0
87,78,4,4232.91060531254,1437.08657363164,0,0,0,160,0,0,0
87,78,5,4503.29868306421,1725.97455547633,0,0,0,228,0,0,0
87,78,6,5138.2008853679,3175.12454050866,0,0,0,188,0,0,0
87,78,7,21311.0471296327,8056.35749946034,24,1,0,208,0,0,0
87,78,8,0,8,0,0,0,0,0,0,0
87,79,1,4308.02054600787,2131.87048780512,0,0,0,180,0,0,3
87,79,2,3881.22771729051,2512.97464589159,0,0,0,140,0,0,0
87,79,3,3828.33150259778,1799.97429506691,2,0,0,166,0,0,0
87,79,4,4294.34262586173,1762.2484112106,0,0,0,143,0,0,0
87,79,5,4560.41860105853,3074.89537850887,0,0,0,170,0,0,0
87,79,6,5259.90654376186,2207.4290100873,1,0,0,266,0,0,0
87,79,7,21394.3211520386,15011.2826468746,18,1,0,226,0,0,0
87,79,8,0,8,0,0,0,0,0,0,0
87,80,1,4337.67810755368,2384.38994647745,0,0,0,196,0,0,0
87,80,2,3912.14427979608,1630.39046780017,0,0,0,212,0,0,1
87,80,3,3849.3820403198,2267.06421641981,0,0,0,179,0,0,0
87,80,4,4321.0878989298,2607.30538065799,0,0,0,176,0,0,0
87,80,5,4629.41189317595,2858.16654943246,1,0,0,222,0,0,0
87,80,6,5332.99779649525,3301.17428160236,0,0,0,211,0,0,0
87,80,7,21424.4202522026,3585.45586686324,18,4,0,216,0,0,0
87,80,8,0,8,0,0,0,0,0,0,0
87,81,1,4382.34402988891,3095.75786354272,73,0,0,143,0,0,0
87,81,2,3944.08535679075,1262.81795174018,20,0,0,137,0,0,0
87,81,3,3877.06333643822,1323.58814494442,55,0,0,155,0,0,0
87,81,4,4352.92551323877,1132.6003157366,88,0,0,146,0,0,0
87,81,5,4672.09813154371,2054.39130861776,109,0,0,143,0,0,0
87,81,6,5394.61915173186,2031.54912903484,143,0,0,144,0,0,0
87,81,7,21443.0002687231,13286.6152200697,168,0,0,140,0,0,0
87,81,8,0,8,0,0,0,0,0,0,0
87,82,1,4417.39722298497,1424.38171996453,2,0,0,199,0,0,0
87,82,2,3945.03350268971,2384.26161348766,0,0,0,126,0,0,0
87,82,3,3877.63664929477,1483.91485146579,0,0,0,132,0,0,0
87,82,4,4376.09394947232,1340.23965319623,0,0,0,113,0,0,0
87,82,5,4730.02632497189,2341.91563304704,0,0,0,205,0,0,0
87,82,6,5471.29294228393,1869.20434850057,0,0,0,202,0,0,0
87,82,7,21434.9078708233,12358.4125898169,31,0,0,211,0,0,0
87,82,8,0,8,0,0,0,0,0,0,0
87,83,1,4450.94890983414,1863.88398095113,0,0,0,142,0,0,0
87,83,2,4000.39466526698,1234.07459028597,0,0,0,230,0,0,0
87,83,3,3906.97840965994,1780.96559685343,0,0,0,148,0,0,0
87,83,4,4409.93190625406,1098.2304526347,0,0,0,134,0,0,0
87,83,5,4819.22746683099,3213.69152219553,0,0,0,226,0,0,0
87,83,6,5577.47724834884,3535.96760256386,0,0,0,186,0,0,0
87,83,7,21438.7878322141,11962.633551338,33,0,0,179,0,0,0
87,83,8,0,8,0,0,0,0,0,0,0
87,84,1,4504.49490760749,1738.10103229218,0,0,0,186,0,0,0
87,84,2,4017.27284790458,1394.6374461425,0,0,0,123,0,0,0
87,84,3,3944.14944659758,1886.32971631457,0,0,0,178,0,0,0
87,84,4,4434.40831781853,3294.8772928127,0,0,0,109,0,0,0
87,84,5,4935.82834163359,1300.39955534111,2,0,0,269,0,0,0
87,84,6,5711.94977620461,914.653243736215,7,0,0,202,0,0,0
87,84,7,21449.3327937376,4644.6022472328,47,0,0,193,0,0,0
87,84,8,0,8,0,0,0,0,0,0,0
87,85,1,4486.41159029582,1877.35160875372,0,96,0,77,0,0,0
87,85,2,4008.04289266029,587.216394194325,0,61,0,78,0,0,0
87,85,3,3948.89508881971,2031.70947264165,0,101,0,87,0,0,0
87,85,4,4485.34543553867,2495.29306147929,0,141,0,188,0,0,0
87,85,5,4960.35696134604,2794.10780171126,0,48,0,82,0,0,0
87,85,6,5719.42082602319,3495.8043563479,0,39,0,52,0,0,0
87,85,7,21482.2982876348,11068.4988138839,0,208,0,256,0,0,0
87,85,8,0,8,0,0,0,0,0,0,0
87,86,1,4533.18746815764,2910.18993392816,0,0,0,187,0,0,0
87,86,2,4019.76664024888,1110.15740887507,0,0,0,58,0,0,0
87,86,3,4005.80345538961,1992.93603494984,0,0,0,202,0,0,0
87,86,4,4565.53805928921,1491.63878552713,0,0,0,247,0,0,0
87,86,5,5065.62264936995,2205.12816242619,0,0,0,272,0,0,0
87,86,6,5810.84076054073,2033.83578317198,4,0,0,203,0,0,0
87,86,7,21521.7874208845,13056.5396993838,27,0,0,208,0,0,0
87,86,8,0,8,0,0,0,0,0,0,0
87,87,1,4616.19501192563,1607.26203917361,2,0,0,184,0,0,0
87,87,2,4060.81964929545,572.57198855805,0,0,0,111,0,0,0
87,87,3,4082.01544612609,1454.11897324696,0,0,0,189,0,0,0
87,87,4,4673.30118878644,922.825465706491,0,0,0,149,0,0,0
87,87,5,5170.29635357847,3255.93435101701,0,0,0,191,0,0,0
87,87,6,5937.63621071486,2785.83554820804,0,0,0,189,0,0,0
87,87,7,21595.1302918941,13215.3582011162,29,0,0,215,0,0,0
87,87,8,0,8,0,0,0,0,0,0,0
87,88,1,4674.92464216852,2634.6042902782,0,0,0,160,0,0,0
87,88,2,4070.39498333956,960.574707512827,0,0,0,57,0,0,0
87,88,3,4136.64547524474,1923.31222304504,0,0,0,145,0,0,0
87,88,4,4701.6112121493,1421.34819440236,0,0,0,92,0,0,0
87,88,5,5311.48481264799,2738.99437467867,0,1,0,226,0,0,0
87,88,6,6077.2859252168,3649.0105054004,1,0,0,210,0,0,0
87,88,7,21664.63405989,7555.47089703781,27,0,0,244,0,0,0
87,88,8,0,8,0,0,0,0,0,0,0
87,89,1,4788.52418866388,2154.35041096648,10,0,0,175,0,0,0
87,89,2,4118.54837095806,1443.65840903581,0,0,0,96,0,0,0
87,89,3,4244.77425600576,2093.31266509107,3,0,0,165,0,0,0
87,89,4,4795.58234896106,1671.85046919528,0,0,0,142,0,0,0
87,89,5,5443.69483543963,1320.55127382624,13,0,0,169,0,0,0
87,89,6,6235.63231209152,2578.55786614959,23,0,0,174,0,0,0
87,89,7,21810.5617333066,8317.17485139104,62,0,0,252,0,0,0
87,89,8,0,8,0,0,0,0,0,0,0
87,90,1,4900.92447423249,368.751163933329,0,0,0,215,0,0,0
87,90,2,4163.0140022953,1222.32819792643,0,0,0,144,0,0,0
87,90,3,4322.8022866156,1460.9283865473,3,0,0,170,0,0,0
87,90,4,4867.32004765109,2144.2974556406,0,0,0,167,0,0,0
87,90,5,5508.37861331777,2425.23900745188,0,0,0,132,0,0,0
87,90,6,6371.77689064465,1033.67866419578,7,0,0,187,0,0,0
87,90,7,21877.5529518382,9915.04198178845,62,0,0,204,0,0,0
87,90,8,0,8,0,0,0,0,0,0,0
87,91,1,4913.73249244542,818.821374868286,0,0,0,36,0,0,0
87,91,2,4205.88998794804,1849.23725998592,0,0,0,122,0,0,0
87,91,3,4368.04193447,2009.87486081158,0,0,0,146,0,0,0
87,91,4,4959.8663986248,2144.51409442486,0,0,0,214,0,0,0
87,91,5,5642.20762631087,2454.69392167793,2,0,0,195,0,0,0
87,91,6,6458.86259054344,2569.00466295719,0,0,0,103,0,0,0
87,91,7,21949.0064591109,4279.85200638334,54,0,0,184,0,0,0
87,91,8,0,8,0,0,0,0,0,0,0
87,92,1,4923.80432672985,2151.96082561855,54,0,0,27,0,0,0
87,92,2,4224.16246902721,1455.78630459421,92,0,0,92,0,0,0
87,92,3,4373.62058120823,2580.51073913585,108,0,0,92,0,0,0
87,92,4,5000.3408877075,2446.34346504268,96,0,0,118,0,0,0
87,92,5,5715.0774280278,3841.80811481191,122,0,0,123,0,0,0
87,92,6,6529.41424734804,3032.81974717648,134,0,0,122,0,0,0
87,92,7,21970.3712851125,10454.8506974999,163,1,0,154,0,0,12
87,92,8,0,8,0,0,0,0,0,0,0
87,93,1,4998.04713752838,2565.15853344005,0,0,0,215,0,0,0
87,93,2,4274.46259093191,2029.41565070896,0,0,0,145,0,0,0
87,93,3,4483.11748286474,1761.47754518604,3,0,0,184,0,0,0
87,93,4,5109.81689951935,2185.88555396169,0,0,0,244,0,0,0
87,93,5,5888.68128361801,2979.87234027972,7,0,0,217,0,0,0
87,93,6,6688.91485305686,3610.02733806868,5,0,0,191,0,0,0
87,93,7,22015.0897621308,9479.07787123365,39,0,0,193,0,0,0
87,93,8,0,8,0,0,0,0,0,0,0
87,94,1,5148.8903365894,1634.19209575422,3,0,0,195,0,0,0
87,94,2,4400.16151739284,3044.47525105333,0,0,0,202,0,0,0
87,94,3,4653.43730242181,597.480153783111,0,0,0,176,0,0,0
87,94,4,5257.15062427058,2739.21666636492,1,0,0,194,0,0,0
87,94,5,6072.35135201469,4188.96036212679,0,0,0,228,0,0,6
87,94,6,6911.01724824564,3885.90859443907,11,0,0,189,0,0,0
87,94,7,22147.2906043394,10727.1477672409,46,0,0,224,0,0,0
87,94,8,0,8,0,0,0,0,0,0,0
87,95,1,5196.84669963222,1515.80293292758,0,0,0,163,0,0,0
87,95,2,4485.22486548257,2045.70096579816,3,0,0,188,0,0,0
87,95,3,4665.16311534579,2058.39175295359,0,0,0,59,0,0,0
87,95,4,5355.7981470491,1328.83514052786,6,0,0,172,0,0,0
87,95,5,6235.13701444231,2254.87075678593,13,0,0,204,0,0,0
87,95,6,7097.06769877764,2775.34867554131,10,0,0,203,0,0,0
87,95,7,22187.3655815716,12664.8347318216,53,0,0,201,0,0,0
87,95,8,0,8,0,0,0,0,0,0,0
87,96,1,5273.46818874076,1832.03161457579,0,0,0,151,0,0,0
87,96,2,4578.17271068674,1835.43408946072,0,0,0,204,0,0,0
87,96,3,4758.34239823479,2172.49794061944,0,0,0,204,0,0,0
87,96,4,5432.40479226668,2839.57593199887,0,0,0,132,0,0,0
87,96,5,6449.60823669067,2534.56301786624,0,0,0,214,0,0,0
87,96,6,7361.71575693231,3455.29974204915,3,0,0,202,0,0,0
87,96,7,22227.7889048875,18808.9236486567,46,0,0,183,0,0,0
87,96,8,0,8,0,0,0,0,0,0,0
87,97,1,5307.32661114715,1625.4865542264,0,0,0,183,0,0,0
87,97,2,4614.84145813367,2050.71357541727,0,0,0,181,0,0,0
87,97,3,4797.5575192412,3146.73710215461,0,0,0,191,0,0,0
87,97,4,5487.87588901451,2717.22853805272,1,0,0,207,0,0,0
87,97,5,6531.07108204936,2512.02297373475,0,0,0,253,0,0,0
87,97,6,7422.26880021946,4762.80614451772,3,0,0,196,0,0,0
87,97,7,22211.0254476772,8246.69611632745,33,0,0,268,0,0,0
87,97,8,0,8,0,0,0,0,0,0,0
87,98,1,5337.73715658155,2408.59648808888,0,0,0,162,0,0,0
87,98,2,4662.1775169643,1810.77284593168,5,0,0,179,0,0,0
87,98,3,4853.68324770126,1409.0540142661,29,0,0,171,0,0,3
87,98,4,5569.95096556836,1287.99516113289,17,0,0,184,0,0,0
87,98,5,6680.30865303917,2387.80265065103,5,0,0,227,0,0,0
87,98,6,7579.65698352667,4092.88077860008,68,0,0,147,0,0,0
87,98,7,22224.6776608053,9751.59936013271,136,0,0,165,0,0,3
87,98,8,0,8,0,0,0,0,0,0,0
87,99,1,5365.19378771764,2290.92933559666,10,0,0,154,0,0,0
87,99,2,4735.59601995031,2694.96261401421,0,0,0,178,0,0,0
87,99,3,4918.22708415604,1881.96490742747,0,0,0,140,0,0,0
87,99,4,5628.2439324652,1540.35044362062,0,0,0,128,0,0,0
87,99,5,6830.12163269155,3679.66888674254,5,0,0,195,0,0,0
87,99,6,7755.84597490683,3620.94729230924,26,0,0,189,0,0,0
87,99,7,22255.7563737135,6882.15660901738,91,0,0,212,0,0,1
87,99,8,0,8,0,0,0,0,0,0,0
87,100,1,5382.21836594069,1597.98671475153,0,130,0,99,0,0,0
87,100,2,4755.16418444416,1744.7271866657,0,139,0,130,0,0,0
87,100,3,4938.34284855266,2186.62507685779,0,106,0,82,0,0,0
87,100,4,5644.49532134784,2047.38799879082,0,76,0,78,0,0,0
87,100,5,6951.47185535086,2490.99892164331,0,158,0,171,0,0,0
87,100,6,7917.58944664577,3719.11737081754,0,185,0,177,0,0,0
87,100,7,22327.4337191845,3193.83681836603,4,260,0,267,0,0,0
87,100,8,0,8,0,0,0,0,0,0,0
88,1,1,2834.56,1061.88852614947,0,0,0,34,0,0,0
88,1,2,2843.112,1598.02989512306,0,0,0,29,0,0,0
88,1,3,2847.1536,677.855272827269,0,0,0,47,0,0,0
88,1,4,2853.84,1003.46913192619,0,0,0,99,0,0,0
88,1,5,2844.536,1669.66375153782,0,0,0,63,0,0,0
88,1,6,2842.6,1179.39259839169,0,0,0,25,0,0,0
88,1,7,19958.7487999999,5202.24096978617,0,0,0,37,0,0,0
88,1,8,0,9,0,0,0,90,0,0,0
88,2,1,2840.68,889.626705235166,0,0,0,106,0,0,0
88,2,2,2861.68,1700.68870158666,0,0,0,159,0,0,0
88,2,3,2848.7776,1041.51361120722,0,0,0,67,0,0,0
88,2,4,2859.7904,1015.71831389683,0,0,0,100,0,0,0
88,2,5,2863.792,519.197242531306,0,0,0,166,0,0,0
88,2,6,2856.0496,1294.99458763662,0,0,0,117,0,0,0
88,2,7,19912.3647999999,9483.47420374084,9,6,0,224,0,0,0
88,2,8,0,9,0,0,0,0,0,0,0
88,3,1,2847.336,1041.70947178041,0,0,0,88,0,0,0
88,3,2,2882.75359999999,823.972030801163,0,0,0,170,0,0,0
88,3,3,2853.4416,1137.727537782,0,0,0,104,0,0,0
88,3,4,2865.7408,1615.37245331921,0,0,0,101,0,0,0
88,3,5,2861.80799999999,1244.02798022439,0,0,0,51,0,0,0
88,3,6,2872.04159999999,767.759462233576,0,0,0,129,0,0,0
88,3,7,19866.5539199998,9805.58268257173,23,0,0,231,0,0,1
88,3,8,0,9,0,0,0,0,0,0,0
88,4,1,2856.856,947.47167719008,0,0,0,104,0,0,0
88,4,2,2885.86559999999,1657.68748813799,0,0,0,82,0,0,0
88,4,3,2859.3376,1301.4588121907,0,0,0,113,0,0,0
88,4,4,2884.3584,1893.60589660148,0,0,0,161,0,0,0
88,4,5,2873.57279999999,894.773449692412,0,0,0,124,0,0,0
88,4,6,2873.24159999999,1117.96001327466,0,0,0,76,0,0,0
88,4,7,19820.6227839997,6027.98644475776,24,0,0,223,0,0,1
88,4,8,0,9,0,0,0,0,0,0,0
88,5,1,2848.28,987.603119740837,0,53,0,41,0,0,0
88,5,2,2887.0432,730.189519650163,0,77,0,88,0,0,0
88,5,3,2854.0176,877.479624681775,0,82,0,48,0,0,0
88,5,4,2882.336,1082.45678087163,0,106,0,83,0,0,0
88,5,5,2864.92832,1103.95993003198,0,48,0,41,0,0,0
88,5,6,2866.73759999999,1157.48478473122,0,62,0,49,0,0,0
88,5,7,19780.1408639997,15101.5732934542,0,300,0,297,0,0,0
88,5,8,0,9,0,0,0,0,0,0,0
88,6,1,2860.2464,1258.87747799231,0,0,0,98,0,0,0
88,6,2,2900.6256,912.057558762969,0,0,0,73,0,0,0
88,6,3,2870.45088,1712.91136002127,0,0,0,87,0,0,0
88,6,4,2901.18559999999,1604.27262143466,0,0,0,108,0,0,0
88,6,5,2882.90432,1392.47883441254,0,0,0,110,0,0,0
88,6,6,2886.08959999999,2429.18585430056,0,0,0,115,0,0,0
88,6,7,19775.2461439997,9661.13799173328,26,2,0,231,0,0,0
88,6,8,0,9,0,0,0,0,0,0,0
88,7,1,2878.6128,1369.09541805891,0,0,0,125,0,0,0
88,7,2,2917.0688,1474.83319679103,0,0,0,91,0,0,0
88,7,3,2903.25888,1539.52825942176,0,0,0,171,0,0,0
88,7,4,2930.11039999999,690.844499570304,0,0,0,160,0,0,0
88,7,5,2907.24959999999,748.188665288607,0,0,0,139,0,0,0
88,7,6,2921.184,1863.00408464647,3,0,0,186,0,0,0
88,7,7,19766.9403519996,5239.15796064176,43,0,0,205,0,0,0
88,7,8,0,9,0,0,0,0,0,0,0
88,8,1,2884.1952,1559.57536372466,69,0,0,61,0,0,0
88,8,2,2933.9136,1456.47315992536,42,0,0,101,0,0,0
88,8,3,2918.34848,1616.98492146401,63,0,0,84,0,0,0
88,8,4,2941.99167999999,1543.72616829064,0,0,0,69,0,0,0
88,8,5,2915.34719999999,1317.73849719041,17,0,0,56,0,0,0
88,8,6,2935.20191999999,854.949891182252,88,0,0,89,0,0,0
88,8,7,19774.2427519996,8536.89559635696,252,0,0,244,0,0,0
88,8,8,0,9,0,0,0,0,0,0,0
88,9,1,2914.35456,893.512956732035,0,0,0,155,0,0,0
88,9,2,2961.19232,998.120736081574,0,0,0,145,0,0,0
88,9,3,2949.25600000001,2047.98036059295,0,0,0,161,0,0,0
88,9,4,2971.1559808,668.956661347045,0,0,0,154,0,0,0
88,9,5,2939.108736,797.203657097248,0,0,0,131,0,0,0
88,9,6,2952.27168,1098.25354611437,0,0,0,85,0,0,0
88,9,7,19777.9432959995,11210.8300486242,54,0,0,176,0,0,0
88,9,8,0,9,0,0,0,0,0,0,0
88,10,1,2926.53728,841.031100530828,0,0,0,89,0,0,0
88,10,2,2973.37824,1149.07776531438,0,0,0,99,0,0,0
88,10,3,2983.711744,1469.42131947552,0,0,0,204,0,0,0
88,10,4,2975.6126208,1164.67283230313,0,0,0,66,0,0,0
88,10,5,2949.374272,1311.37979956568,0,0,0,79,0,0,0
88,10,6,2968.27488,813.887463540579,0,0,0,109,0,0,0
88,10,7,19781.7715839995,9426.76738350525,37,0,0,209,0,0,0
88,10,8,0,9,0,0,0,0,0,0,0
88,11,1,2938.81824000001,1224.83367133082,0,0,0,84,0,0,0
88,11,2,2990.953728,699.205156020836,0,0,0,114,0,0,0
88,11,3,3012.3541888,1644.54341742598,0,0,0,146,0,0,0
88,11,4,2995.8329856,1272.70188357457,0,0,0,116,0,0,0
88,11,5,2974.6034432,1092.29296669031,0,0,0,131,0,0,0
88,11,6,2981.1214208,906.807846979737,0,0,0,81,0,0,0
88,11,7,19781.4933247994,8721.88781591655,124,0,0,144,0,0,0
88,11,8,0,9,0,0,0,0,0,0,0
88,12,1,2958.08819200001,799.916458357944,0,0,0,122,0,0,0
88,12,2,2996.6297088,1192.49879154606,0,0,0,69,0,0,0
88,12,3,3046.15280435201,880.693732365754,4,0,0,149,0,0,0
88,12,4,3021.866941952,541.369557131181,0,0,0,127,0,0,0
88,12,5,2994.531264,1566.9575730496,0,0,0,109,0,0,0
88,12,6,2997.96923392,1914.03802865103,0,0,0,90,0,0,0
88,12,7,19806.3050009594,10903.2274910773,185,0,0,202,0,0,0
88,12,8,0,9,0,0,0,0,0,0,0
88,13,1,2960.95200000001,846.57465918859,0,0,0,79,0,0,0
88,13,2,3005.0588928,1064.23357610144,0,0,0,119,0,0,0
88,13,3,3049.68496435201,1623.19874817612,0,0,0,88,0,0,0
88,13,4,3021.652349952,973.288469792072,0,0,0,54,0,0,0
88,13,5,3017.70718720001,852.175290828804,0,0,0,156,0,0,0
88,13,6,3029.77992192001,1412.89214473128,0,0,0,191,0,0,0
88,13,7,19833.4515609594,8176.76909058912,70,0,0,209,0,0,0
88,13,8,0,9,0,0,0,0,0,0,0
88,14,1,2962.71712000001,1323.79617283572,0,0,0,84,0,0,0
88,14,2,3014.9822848,381.428691223573,0,0,0,106,0,0,0
88,14,3,3080.45317847041,1074.7310179094,0,0,0,162,0,0,0
88,14,4,3027.177725952,1107.70457482789,0,0,0,97,0,0,0
88,14,5,3025.98229504001,1069.03073226902,0,0,0,85,0,0,0
88,14,6,3058.37998131201,644.648514974842,0,0,0,141,0,0,0
88,14,7,19857.5243289593,11049.882546928,143,0,0,179,0,0,11
88,14,8,0,9,0,0,0,0,0,0,0
88,15,1,2975.96740096001,916.350003062622,0,0,0,132,0,0,0
88,15,2,3004.45629440001,1149.06289977565,0,0,0,38,0,0,0
88,15,3,3087.52333066241,1295.58617938437,0,0,0,107,0,0,0
88,15,4,3030.22667315201,1479.54380835986,0,0,0,110,0,0,0
88,15,5,3037.19893504001,1044.31249615506,0,0,0,106,0,0,0
88,15,6,3065.74510131201,2025.73486710057,0,0,0,64,0,0,0
88,15,7,19887.7539737593,11409.8762488908,58,0,0,206,0,0,0
88,15,8,0,9,0,0,0,0,0,0,0
88,16,1,2981.38825216001,1409.36513761178,0,0,0,91,0,0,0
88,16,2,3008.62194944001,1039.58907806649,0,0,0,114,0,0,0
88,16,3,3101.43700592641,372.467028007111,0,0,0,129,0,0,0
88,16,4,3045.52164659201,1645.71173406639,0,0,0,147,0,0,0
88,16,5,3051.70485504001,1111.92659634932,0,0,0,104,0,0,0
88,16,6,3099.52314931201,1665.61710280836,0,0,0,199,0,0,0
88,16,7,19924.1505075193,5810.44994688935,52,0,0,214,0,0,0
88,16,8,0,9,0,0,0,0,0,0,0
88,17,1,2993.53341696001,1393.38596689348,0,0,0,140,0,0,0
88,17,2,3009.47376128001,770.974281164468,1,0,0,102,0,0,0
88,17,3,3085.75367229441,1268.09901106469,0,0,0,37,0,0,0
88,17,4,3055.59277619201,930.631929900851,16,0,0,135,0,0,0
88,17,5,3065.03381504001,652.395132645604,0,0,0,111,0,0,0
88,17,6,3122.82471731201,1962.56639107929,4,0,0,158,0,0,0
88,17,7,19940.7192115193,7567.48466757601,184,1,0,148,0,0,11
88,17,8,0,9,0,0,0,0,0,0,0
88,18,1,3003.51056896001,1744.62957952352,0,0,0,139,0,0,0
88,18,2,3002.05788928001,912.210940732176,0,0,0,77,0,0,0
88,18,3,3087.94230845441,2018.41130093645,0,0,0,126,0,0,0
88,18,4,3053.31199539201,1306.94196310184,0,0,0,93,0,0,0
88,18,5,3065.05525760001,629.808476053849,0,0,0,65,0,0,0
88,18,6,3151.92262451201,2270.85275397182,0,0,0,190,0,0,0
88,18,7,19966.6000307193,3974.15426061079,66,0,0,177,0,0,0
88,18,8,0,9,0,0,0,0,0,0,0
88,19,1,3016.35243776001,1038.90957984677,15,0,0,150,0,0,0
88,19,2,2994.03876608001,1054.55566200755,0,0,0,91,0,0,0
88,19,3,3096.47088089089,1564.7125521632,36,0,0,144,0,0,0
88,19,4,3058.18430259201,903.739123329207,6,0,0,121,0,0,0
88,19,5,3063.47143424001,1665.07186683352,0,0,0,62,0,0,0
88,19,6,3176.62526771201,1490.14044357189,49,0,0,148,0,0,0
88,19,7,19991.6333107193,5805.25562875121,137,0,0,178,0,0,0
88,19,8,0,9,0,0,0,0,0,0,0
88,20,1,3014.68211456001,1128.20107984479,0,0,0,103,0,0,0
88,20,2,2995.90866688001,569.529278630092,0,0,0,105,0,0,0
88,20,3,3106.78535034881,1415.64845005628,0,0,0,156,0,0,0
88,20,4,3055.23652659201,1815.28294316277,0,0,0,90,0,0,0
88,20,5,3087.17339648001,964.333143987995,0,0,0,166,0,0,0
88,20,6,3202.39725312,1867.29058998057,0,0,0,149,0,0,0
88,20,7,20020.8182835194,10493.604755163,60,0,0,212,0,0,0
88,20,8,0,9,0,0,0,0,0,0,0
88,21,1,3017.45878016001,1688.33581908483,0,0,0,112,0,0,0
88,21,2,2984.37009664001,1094.02045354117,0,0,0,56,0,0,0
88,21,3,3112.80841041921,1574.43568846323,0,0,0,141,0,0,0
88,21,4,3077.88907059201,1860.74568145096,0,0,0,181,0,0,0
88,21,5,3093.53948723201,1888.84426339205,0,0,0,96,0,0,0
88,21,6,3233.22860759041,2281.23371950616,0,0,0,167,0,0,0
88,21,7,20054.4773043194,4864.8913973806,41,0,0,223,0,0,0
88,21,8,0,9,0,0,0,0,0,0,0
88,22,1,3012.08463616001,604.343746395497,71,0,0,83,0,0,0
88,22,2,2985.75633664001,1113.46858842066,2,0,0,107,0,0,0
88,22,3,3109.37953815267,1244.26864705088,24,0,0,128,0,0,0
88,22,4,3085.97192499201,959.44287693856,55,0,0,120,0,0,0
88,22,5,3106.75767603201,1109.13313072947,54,0,0,124,0,0,0
88,22,6,3255.89036759041,1591.51673801347,68,0,0,146,0,0,0
88,22,7,20084.3604403194,6391.59655593035,188,0,0,225,0,0,11
88,22,8,0,9,0,0,0,0,0,0,0
88,23,1,3001.68957952001,1037.69891179399,0,0,0,60,0,0,0
88,23,2,2987.82751948801,923.618151584804,0,0,0,111,0,0,0
88,23,3,3108.74907466467,1876.99138839882,0,0,0,124,0,0,0
88,23,4,3090.22480179201,1487.74889763417,0,0,0,95,0,0,0
88,23,5,3119.91697203201,607.52660136095,0,0,0,110,0,0,0
88,23,6,3288.20290775041,760.042227605409,0,0,0,159,0,0,0
88,23,7,20099.0401203194,5627.01324869589,57,0,0,205,0,0,0
88,23,8,0,9,0,0,0,0,0,0,0
88,24,1,2983.93839360001,1204.38353056111,75,0,0,28,0,0,0
88,24,2,2977.63075788801,1222.05457165643,46,0,0,46,0,0,0
88,24,3,3102.29787773667,1072.40773767641,102,0,0,85,0,0,0
88,24,4,3088.24027699201,1651.92229293375,68,0,0,80,0,0,0
88,24,5,3110.86775347201,912.423696315632,41,0,0,19,0,0,0
88,24,6,3288.73692119041,609.732398279042,28,0,0,48,0,0,0
88,24,7,20134.7437921273,11801.4957771024,269,0,0,288,0,0,0
88,24,8,0,9,0,0,0,0,0,0,0
88,25,1,2981.31651584001,726.060953836986,0,0,0,120,0,0,0
88,25,2,2985.08078284801,1468.68282756145,0,0,0,122,0,0,0
88,25,3,3105.79706342115,1044.05309614636,0,0,0,107,0,0,0
88,25,4,3106.54718566401,1010.34885478139,0,0,0,165,0,0,0
88,25,5,3116.47361587201,1278.57106904235,0,0,0,91,0,0,0
88,25,6,3289.63514839041,1148.85794599906,0,0,0,60,0,0,0
88,25,7,20123.6867041273,12604.1324767397,46,0,0,198,0,0,0
88,25,8,0,9,0,0,0,0,0,0,0
88,26,1,2973.91047424001,877.971290709679,0,0,0,72,0,0,0
88,26,2,2996.28511180801,932.197345154869,0,0,0,146,0,0,0
88,26,3,3106.04897254115,1075.62462009791,0,0,0,104,0,0,0
88,26,4,3111.96499251202,1459.7176398406,0,0,0,101,0,0,0
88,26,5,3125.11043164161,1693.80833881724,0,0,0,127,0,0,0
88,26,6,3302.78716375042,775.183263832144,0,0,0,114,0,0,0
88,26,7,20113.2955489273,7411.17614305152,33,0,0,208,0,0,0
88,26,8,0,9,0,0,0,0,0,0,0
88,27,1,2975.39050608642,1058.71026190497,0,0,0,87,0,0,0
88,27,2,2993.27026892801,773.900742791317,0,0,0,93,0,0,0
88,27,3,3111.60726316304,852.286895240119,0,0,0,107,0,0,0
88,27,4,3126.76365619202,1353.30329177067,0,0,0,145,0,0,0
88,27,5,3144.12855132161,760.129079929575,0,0,0,169,0,0,0
88,27,6,3307.52883927042,1351.16717781423,0,0,0,77,0,0,0
88,27,7,20107.3938529273,6134.36428371198,87,0,0,211,0,0,0
88,27,8,0,9,0,0,0,0,0,0,0
88,28,1,2975.07221872641,2258.60690459922,0,0,0,105,0,0,0
88,28,2,2988.75078400001,1504.31564364276,0,0,0,77,0,0,0
88,28,3,3109.14995966989,1525.26043105133,0,0,0,85,0,0,0
88,28,4,3139.99758090242,897.64928912828,0,0,0,135,0,0,0
88,28,5,3145.32627548162,1036.93916035879,0,0,0,76,0,0,0
88,28,6,3327.80827095042,1478.9691535748,0,0,0,135,0,0,0
88,28,7,20104.1948180472,10368.6820204683,165,0,0,184,0,0,0
88,28,8,0,9,0,0,0,0,0,0,0
88,29,1,2996.92227155969,1420.20526439268,0,1,0,189,0,0,0
88,29,2,3003.81560064001,1897.4665056383,0,0,0,150,0,0,0
88,29,3,3119.23913568681,1207.31736374215,0,0,0,152,0,0,0
88,29,4,3136.01595402242,1250.83370526444,0,0,0,89,0,0,0
88,29,5,3150.34744668162,1871.78983957391,0,0,0,103,0,0,0
88,29,6,3355.21398999042,2303.56672757476,0,0,0,147,0,0,0
88,29,7,20115.5701652471,7176.19658054655,0,41,0,201,0,0,0
88,29,8,0,9,0,0,0,0,0,0,0
88,30,1,3004.27157843969,867.993484946522,0,0,0,142,0,0,0
88,30,2,3022.15582033921,1151.5844754485,0,0,0,188,0,0,0
88,30,3,3114.74695825833,1407.43080261714,0,0,0,120,0,0,0
88,30,4,3140.60285952002,298.017731308864,0,0,0,125,0,0,0
88,30,5,3173.18978199553,1195.6974718957,0,0,0,187,0,0,0
88,30,6,3402.75037112322,1951.7105406328,0,0,0,229,0,0,0
88,30,7,20125.4588052471,7775.67358835539,39,0,0,193,0,0,0
88,30,8,0,9,0,0,0,0,0,0,0
88,31,1,2999.08373833729,1371.50826539715,0,0,0,86,0,0,0
88,31,2,3027.77105426024,1058.62343390057,0,0,0,115,0,0,0
88,31,3,3120.47613001744,1077.34310972719,0,0,0,140,0,0,0
88,31,4,3120.49715494914,2043.74389955312,0,0,0,29,0,0,0
88,31,5,3187.84139486824,2325.18603752166,0,0,0,119,0,0,0
88,31,6,3443.0175875277,1767.71791250322,0,0,0,195,0,0,0
88,31,7,20133.2526126071,9183.28570434739,33,0,0,167,0,0,0
88,31,8,0,9,0,0,0,0,0,0,0
88,32,1,3010.04757903361,1440.86220764566,0,0,0,137,0,0,0
88,32,2,3034.10225824663,1232.57866842931,0,0,0,105,0,0,0
88,32,3,3117.26018445327,1738.73842179727,0,0,0,107,0,0,0
88,32,4,3154.12909914114,1737.92085379867,0,0,0,204,0,0,0
88,32,5,3223.53674985064,1371.47142774595,1,0,0,191,0,0,0
88,32,6,3480.5494644941,2333.99900254375,0,0,0,176,0,0,0
88,32,7,20170.912895487,12323.12732407,27,0,0,265,0,0,0
88,32,8,0,9,0,0,0,0,0,0,0
88,33,1,3018.33980600321,1063.33536703083,0,0,0,144,0,0,0
88,33,2,3035.60039203735,806.098358765205,0,0,0,123,0,0,0
88,33,3,3132.8103767615,1022.36342896528,0,0,0,173,0,0,0
88,33,4,3172.05053448195,937.413441633998,0,0,0,173,0,0,0
88,33,5,3239.66701127272,1352.21953685437,0,0,0,137,0,0,0
88,33,6,3512.3713919181,1111.66656142189,1,0,0,187,0,0,0
88,33,7,20174.564648959,9126.28950954044,35,0,0,209,0,0,0
88,33,8,0,9,0,0,0,0,0,0,0
88,34,1,3031.46146246248,1187.73702532789,0,0,0,106,0,0,0
88,34,2,3035.63704826775,591.231057705278,0,0,0,80,0,0,0
88,34,3,3146.39815146984,1189.69111538298,0,0,0,102,0,0,0
88,34,4,3184.54054389353,1124.27646613213,0,0,0,93,0,0,0
88,34,5,3264.47569935566,1234.40476167575,0,0,0,135,0,0,0
88,34,6,3539.00850442242,1112.67242036767,0,0,0,111,0,0,0
88,34,7,20188.8250117109,6186.67518700553,167,0,0,170,0,0,0
88,34,8,0,9,0,0,0,0,0,0,0
88,35,1,3011.74318769768,1734.86666340147,92,0,0,17,0,0,0
88,35,2,3027.61638734108,1319.5318223438,0,0,0,59,0,0,0
88,35,3,3134.58693601154,1034.58606086899,48,0,0,66,0,0,0
88,35,4,3185.45183477353,1152.42146015119,23,0,0,87,0,0,0
88,35,5,3272.36788507363,701.305493518224,33,0,0,87,0,0,0
88,35,6,3542.07353433705,1042.08048208802,41,0,0,66,0,0,0
88,35,7,20230.1522119669,10334.7772142509,230,1,0,240,0,0,33
88,35,8,0,9,0,0,0,0,0,0,0
88,36,1,3030.73884521187,2159.32877578623,0,0,0,173,0,0,0
88,36,2,3032.21246562587,556.919741884272,0,0,0,131,0,0,0
88,36,3,3130.25567607886,1302.6633692389,0,0,0,103,0,0,0
88,36,4,3191.25652647939,2204.42999626118,0,0,0,115,0,0,0
88,36,5,3270.02352411363,1309.51701143107,0,0,0,70,0,0,0
88,36,6,3551.70256780905,1854.71003417131,0,0,0,104,0,0,0
88,36,7,20230.3264890868,7371.09513254144,55,0,0,221,0,0,1
88,36,8,0,9,0,0,0,0,0,0,0
88,37,1,3052.57558624585,1767.84637787698,3,0,0,193,0,0,0
88,37,2,3025.27530154267,1188.39234436451,0,0,0,55,0,0,0
88,37,3,3140.53150037152,925.565590231301,0,0,0,130,0,0,0
88,37,4,3213.17886365699,1304.42699497427,0,0,0,215,0,0,0
88,37,5,3282.64560107768,916.960520857265,0,0,0,130,0,0,0
88,37,6,3591.48877568002,588.074796410279,0,0,0,185,0,0,0
88,37,7,20229.65594544,8984.40015283657,73,0,0,199,0,0,0
88,37,8,0,9,0,0,0,0,0,0,0
88,38,1,3085.73716989118,1996.05076747973,0,0,0,176,0,0,0
88,38,2,3043.05335093531,1230.65688683168,0,0,0,118,0,0,0
88,38,3,3142.05644593328,1877.19946170878,0,0,0,92,0,0,0
88,38,4,3232.84764764572,1190.48542624236,0,0,0,130,0,0,0
88,38,5,3291.44487212894,726.666028925972,0,0,0,91,0,0,0
88,38,6,3596.34390321072,2162.34738754883,0,0,0,58,0,0,0
88,38,7,20251.5014588608,5285.6467131353,58,0,0,198,0,0,0
88,38,8,0,9,0,0,0,0,0,0,0
88,39,1,3092.74492507736,1167.43331811911,17,0,0,141,0,0,0
88,39,2,3045.68574553986,820.437909882278,0,0,0,123,0,0,0
88,39,3,3154.07793097519,1541.50576607803,4,0,0,174,0,0,0
88,39,4,3239.05056489884,1714.16257833492,0,0,0,119,0,0,0
88,39,5,3287.66620791261,1422.23899748532,0,0,0,72,0,0,0
88,39,6,3618.69694563764,1896.38481238468,16,0,0,161,0,0,0
88,39,7,20241.5584884928,9838.10481759685,102,0,0,179,0,0,0
88,39,8,0,9,0,0,0,0,0,0,0
88,40,1,3099.01030619121,1019.8850815384,0,0,0,116,0,0,0
88,40,2,3043.32841203586,742.449574426763,0,0,0,82,0,0,0
88,40,3,3166.82351505731,867.134268941466,0,0,0,154,0,0,0
88,40,4,3257.26415549155,1042.91120512517,0,0,0,171,0,0,0
88,40,5,3306.92376914626,1021.05766952191,0,0,0,142,0,0,0
88,40,6,3656.43372672436,1722.253970714,0,0,0,189,0,0,0
88,40,7,20256.1497748876,4468.55358961872,1,27,0,228,0,0,0
88,40,8,0,9,0,0,0,0,0,0,0
88,41,1,3097.52988184561,1645.39529510991,0,0,0,101,0,0,0
88,41,2,3036.17976717186,1581.51946870892,0,0,0,74,0,0,0
88,41,3,3162.48684763689,720.986466634148,0,0,0,86,0,0,0
88,41,4,3254.41664904399,1584.48161050552,0,0,0,104,0,0,0
88,41,5,3310.78112423413,2298.25545961296,0,0,0,102,0,0,0
88,41,6,3683.20332962105,2133.37297846949,0,0,0,172,0,0,0
88,41,7,20252.0992056716,5614.59606217967,81,0,0,169,0,0,0
88,41,8,0,9,0,0,0,0,0,0,0
88,42,1,3114.41264021079,1404.68151293727,0,0,0,164,0,0,0
88,42,2,3046.48403446043,1057.13026034682,0,0,0,156,0,0,0
88,42,3,3157.29719607439,985.927164675146,0,0,0,72,0,0,0
88,42,4,3269.88590964885,1359.99147540256,0,0,0,158,0,0,0
88,42,5,3331.87714217871,1048.09391964779,6,0,0,180,0,0,0
88,42,6,3716.51136696224,1387.12712516386,4,0,0,176,0,0,0
88,42,7,20261.6448210315,5563.09181855836,42,0,0,209,0,0,0
88,42,8,0,9,0,0,0,0,0,0,0
88,43,1,3120.68686905328,1467.12674945625,0,0,0,140,0,0,0
88,43,2,3043.04533915931,817.771166327148,0,0,0,105,0,0,0
88,43,3,3153.70023894691,714.562862001271,0,0,0,98,0,0,0
88,43,4,3271.68701014709,835.974166242385,0,0,0,135,0,0,0
88,43,5,3340.64901242849,1143.15918275887,0,0,0,104,0,0,0
88,43,6,3734.26113677216,1466.43911973184,0,0,0,138,0,0,0
88,43,7,20268.8915964299,5210.0058262989,44,0,0,210,0,0,0
88,43,8,0,9,0,0,0,0,0,0,0
88,44,1,3115.79302740755,1480.02793996848,0,76,0,70,0,0,0
88,44,2,3022.78857181467,704.017395160554,0,42,0,39,0,0,0
88,44,3,3128.18093257994,1748.09098919904,0,42,0,29,0,0,0
88,44,4,3260.31751760824,965.97618759848,0,44,0,39,0,0,0
88,44,5,3336.47866217317,1149.13940007921,0,63,0,51,0,0,0
88,44,6,3739.61671034784,1179.05289633228,0,72,0,74,0,0,0
88,44,7,20266.5218647435,8507.54671066079,4,217,0,177,0,0,0
88,44,8,0,9,0,0,0,0,0,0,0
88,45,1,3142.37091106374,1035.77885203593,0,0,0,148,0,0,0
88,45,2,3022.78762520859,632.505683801512,0,0,0,70,0,0,0
88,45,3,3148.67859843788,1403.82293751987,0,0,0,174,0,0,0
88,45,4,3276.80257575864,1760.89843137514,0,0,0,96,0,0,0
88,45,5,3361.48467542377,878.869832271121,0,0,0,114,0,0,0
88,45,6,3774.09900515232,1770.27189286192,0,0,0,117,0,0,0
88,45,7,20313.901590465,10494.230830422,25,0,0,224,0,0,0
88,45,8,0,9,0,0,0,0,0,0,0
88,46,1,3155.9552598791,1440.11256823919,0,0,0,103,0,0,0
88,46,2,3018.19868188955,1351.11743527809,0,0,0,63,0,0,0
88,46,3,3159.57834079333,1527.48650498426,0,0,0,140,0,0,0
88,46,4,3307.36709024696,1027.53504929343,0,0,0,176,0,0,0
88,46,5,3373.94483189512,1638.49284999426,0,0,0,87,0,0,0
88,46,6,3825.14765994298,1649.89168855402,0,0,0,177,0,0,0
88,46,7,20355.3272417101,7203.00342595392,24,0,0,208,0,0,1
88,46,8,0,9,0,0,0,0,0,0,0
88,47,1,3182.73751649043,1297.96079137463,0,0,0,144,0,0,0
88,47,2,3032.5828982034,1538.20799064858,0,0,0,135,0,0,0
88,47,3,3186.5453906273,916.135010049405,0,0,0,152,0,0,0
88,47,4,3325.78895024769,621.526848440498,0,0,0,102,0,0,0
88,47,5,3415.64616721862,627.264627146629,0,0,0,163,0,0,0
88,47,6,3883.21017419909,667.628196722624,0,0,0,164,0,0,0
88,47,7,20393.2628675609,7784.60385479123,86,0,0,166,0,0,0
88,47,8,0,9,0,0,0,0,0,0,0
88,48,1,3210.23987458013,799.995472237744,0,0,0,129,0,0,0
88,48,2,3058.04737005032,973.436411481863,0,0,0,153,0,0,0
88,48,3,3197.54489862662,1138.70127447059,0,0,0,91,0,0,0
88,48,4,3330.10976266143,1297.01440024705,0,0,0,62,0,0,0
88,48,5,3417.89002452422,1347.52235201574,0,0,0,62,0,0,0
88,48,6,3901.99720628357,2171.2465504939,0,0,0,66,0,0,0
88,48,7,20474.0139113458,5590.79844121244,57,0,0,236,0,0,0
88,48,8,0,9,0,0,0,0,0,0,0
88,49,1,3215.57489650858,1570.16069650847,0,0,0,79,0,0,0
88,49,2,3061.08178240999,1038.51391963845,0,0,0,97,0,0,0
88,49,3,3208.54204328931,2238.75799785165,0,0,0,113,0,0,0
88,49,4,3351.99747644442,1845.63854042993,0,0,0,129,0,0,0
88,49,5,3443.44764803187,1889.59308871457,0,0,0,134,0,0,0
88,49,6,3968.63282615991,477.368051092579,0,0,0,217,0,0,0
88,49,7,20524.0417974708,10639.2875810711,132,0,0,186,0,0,0
88,49,8,0,9,0,0,0,0,0,0,0
88,50,1,3246.16909200386,1924.72546333229,0,0,0,157,0,0,0
88,50,2,3074.17422368313,791.34958769569,0,0,0,103,0,0,0
88,50,3,3260.93184448752,1137.62904957555,1,0,0,190,0,0,0
88,50,4,3398.07001702576,1050.27642424819,0,0,0,184,0,0,0
88,50,5,3497.93545054235,667.757372326518,0,0,0,188,0,0,0
88,50,6,3985.78301010034,2475.41477118523,0,0,0,47,0,0,0
88,50,7,20597.7067414481,13603.0779742757,42,0,0,208,0,0,0
88,50,8,0,9,0,0,0,0,0,0,0
88,51,1,3269.96807427975,659.794764051293,0,0,0,192,0,0,0
88,51,2,3069.29407286022,298.727355305344,0,0,0,79,0,0,0
88,51,3,3267.38730304616,1756.87190065347,0,0,0,113,0,0,0
88,51,4,3404.39080615292,1237.95676502686,0,0,0,105,0,0,0
88,51,5,3497.71231792643,1004.56629746781,0,0,0,66,0,0,0
88,51,6,4040.91837575691,1540.59220351743,0,0,0,232,0,0,0
88,51,7,20633.5590504401,8580.8776732045,35,0,0,185,0,0,0
88,51,8,0,9,0,0,0,0,0,0,0
88,52,1,3283.15293964557,1839.22225552297,0,0,0,65,0,0,0
88,52,2,3063.21555307581,1985.35918921895,0,0,0,29,0,0,0
88,52,3,3303.56856890202,1502.13533255776,0,0,0,174,0,0,0
88,52,4,3434.60581522057,1679.80426287067,0,0,0,123,0,0,0
88,52,5,3520.08948058012,1172.72502153982,0,0,0,100,0,0,0
88,52,6,4102.29306128039,1401.60081481698,0,0,0,154,0,0,0
88,52,7,20700.3130296027,10197.0644578829,59,0,0,176,0,0,1
88,52,8,0,9,0,0,0,0,0,0,0
88,53,1,3328.61807697471,812.921855287454,0,0,0,181,0,0,0
88,53,2,3101.14875803275,1472.22541329527,0,0,0,183,0,0,0
88,53,3,3335.2347593641,1222.39443526003,0,0,0,150,0,0,0
88,53,4,3477.45161918531,1580.51434759301,0,0,0,167,0,0,0
88,53,5,3554.61933319765,2000.47565894592,0,0,0,117,0,0,0
88,53,6,4142.42662071287,2516.39276817263,0,0,0,140,0,0,0
88,53,7,20771.6995294251,6775.81318395095,52,0,0,206,0,0,0
88,53,8,0,9,0,0,0,0,0,0,0
88,54,1,3321.69893897952,519.62070686661,61,0,0,20,0,0,0
88,54,2,3108.79304265793,2079.09952696656,62,0,0,85,0,0,0
88,54,3,3337.91715858082,1298.90081080047,68,0,0,54,0,0,0
88,54,4,3486.16026494834,1694.61614003273,83,0,0,75,0,0,0
88,54,5,3582.40077563638,744.085407898892,99,0,0,101,0,0,0
88,54,6,4183.31933733341,1948.41686475697,135,0,0,116,0,0,0
88,54,7,20893.9647256408,5837.87431221351,333,0,0,344,0,0,0
88,54,8,0,9,0,0,0,0,0,0,0
88,55,1,3321.40526038195,927.861682215253,0,0,0,51,0,0,0
88,55,2,3117.27262662983,602.033806654214,65,0,0,123,0,0,0
88,55,3,3354.46492242246,1905.27043929,2,0,0,127,0,0,0
88,55,4,3519.12825077729,951.221202735747,8,0,0,159,0,0,0
88,55,5,3604.42749354016,1260.92005212171,1,0,0,73,0,0,0
88,55,6,4237.71980772015,1751.26920647931,39,0,0,143,0,0,0
88,55,7,20928.322103348,9010.2603300018,265,0,0,239,0,0,0
88,55,8,0,9,0,0,0,0,0,0,0
88,56,1,3334.461742457,1345.03981999645,0,0,0,92,0,0,0
88,56,2,3119.20331938021,1911.32569059293,0,0,0,60,0,0,0
88,56,3,3396.26789992935,977.176102127034,1,0,0,170,0,0,0
88,56,4,3546.69334210441,2039.74974948956,0,0,0,95,0,0,0
88,56,5,3642.81895201416,1069.50188626974,0,0,0,126,0,0,0
88,56,6,4310.14878815881,1365.70700054458,0,0,0,175,0,0,0
88,56,7,20994.1187530617,8215.77272537276,48,0,0,232,0,0,0
88,56,8,0,9,0,0,0,0,0,0,0
88,57,1,3365.1033426573,586.078272236709,0,0,0,134,0,0,0
88,57,2,3167.1989062385,1347.8667153813,0,0,0,180,0,0,2
88,57,3,3412.77676811257,1818.66241217293,0,0,0,97,0,0,0
88,57,4,3598.12496142003,943.908316767819,1,0,0,193,0,0,0
88,57,5,3670.52578426319,1241.43805343372,0,0,0,106,0,0,0
88,57,6,4373.18423362147,2550.41810007862,0,0,0,136,0,0,0
88,57,7,21044.5906015867,7113.28781977087,60,0,0,168,0,0,0
88,57,8,0,9,0,0,0,0,0,0,0
88,58,1,3353.46817677046,1216.91387784388,16,0,0,41,0,0,0
88,58,2,3160.72871771125,1622.91723941057,56,0,0,73,0,0,0
88,58,3,3427.46937857478,1680.63072950146,84,0,0,89,0,0,0
88,58,4,3610.64663869109,2154.46220429983,23,0,0,69,0,0,0
88,58,5,3677.04723021017,1903.64174908624,48,0,0,71,0,0,0
88,58,6,4415.26467889007,1604.01509282465,128,0,0,114,0,0,0
88,58,7,21144.6549665714,2702.04420245752,299,0,0,336,0,0,17
88,58,8,0,9,0,0,0,0,0,0,0
88,59,1,3343.26013242493,1720.29422992235,66,0,0,49,0,0,0
88,59,2,3152.66737410795,1130.27257352702,62,0,0,94,0,0,0
88,59,3,3435.00040207092,1111.77460666854,69,0,0,92,0,0,0
88,59,4,3620.33775200351,1979.28904068524,102,0,0,103,0,0,0
88,59,5,3697.05598907835,1830.7757111976,51,0,0,134,0,0,0
88,59,6,4448.87521469,1054.54381320318,54,0,0,101,0,0,0
88,59,7,21140.297801925,8274.26463777142,128,0,0,129,0,0,0
88,59,8,0,9,0,0,0,0,0,0,0
88,60,1,3399.20742180495,1070.68105550589,0,0,0,172,0,0,0
88,60,2,3181.5323701592,1874.46147521081,0,0,0,113,0,0,0
88,60,3,3492.27840468348,284.458341764165,0,0,0,111,0,0,0
88,60,4,3716.62372335929,2210.11237784851,0,0,0,189,0,0,0
88,60,5,3784.92168523272,2412.58699926876,0,0,0,183,0,0,0
88,60,6,4511.20214076601,1673.09390583935,0,0,0,105,0,0,0
88,60,7,21189.1262099859,7309.14592341158,32,0,0,223,0,0,0
88,60,8,0,9,0,0,0,0,0,0,0
88,61,1,3414.41286805233,2162.97417785386,0,0,0,107,0,0,0
88,61,2,3221.15476109262,1717.83396682273,0,0,0,187,0,0,0
88,61,3,3485.79588410647,1803.25316527961,0,0,0,28,0,0,0
88,61,4,3778.19185055659,2394.11072089512,0,0,0,215,0,0,0
88,61,5,3864.16362399252,2441.0736930297,0,0,0,241,0,0,0
88,61,6,4578.57617107612,2629.85553876746,0,0,0,167,0,0,0
88,61,7,21178.3718313109,7409.42827007584,26,0,0,191,0,0,0
88,61,8,0,9,0,0,0,0,0,0,0
88,62,1,3447.11891147164,1757.64102591078,0,0,0,203,0,0,4
88,62,2,3245.09175209097,973.085082444245,0,0,0,171,0,0,0
88,62,3,3536.58328453171,875.206711486355,0,0,0,180,0,0,0
88,62,4,3829.52915990647,1208.75179213392,0,0,0,200,0,0,0
88,62,5,3926.53749370622,991.200126341233,1,0,0,185,0,0,0
88,62,6,4667.91234814091,1270.72119599368,2,0,0,212,0,0,0
88,62,7,21175.5869020423,7231.06220695723,22,0,0,251,0,0,1
88,62,8,0,9,0,0,0,0,0,0,0
88,63,1,3473.94793767762,1694.23958305325,1,0,0,156,0,0,0
88,63,2,3258.05408574144,1496.51482111389,0,0,0,97,0,0,0
88,63,3,3553.20312690573,986.936233717677,0,0,0,87,0,0,0
88,63,4,3860.64037162232,1013.76079268745,0,0,0,120,0,0,0
88,63,5,3946.84271144897,1491.89161300927,0,0,0,99,0,0,0
88,63,6,4718.09298455048,1447.55547774625,0,0,0,127,0,0,0
88,63,7,21168.9361732917,8473.57452925068,41,0,0,190,0,0,0
88,63,8,0,9,0,0,0,0,0,0,0
88,64,1,3503.35483822181,1756.96229650652,0,0,0,169,0,0,0
88,64,2,3295.65668887498,832.445994408685,0,0,0,149,0,0,0
88,64,3,3566.55843344453,2152.46859345021,0,0,0,98,0,0,0
88,64,4,3885.52522225666,1202.99422872425,0,0,0,101,0,0,0
88,64,5,3992.34630008642,1360.76881730252,0,0,0,149,0,0,0
88,64,6,4777.73939904653,1858.03196995073,0,0,0,144,0,0,0
88,64,7,21156.1614807512,5445.62196038016,34,0,0,204,0,0,1
88,64,8,0,9,0,0,0,0,0,0,0
88,65,1,3531.6489550971,1275.73396886705,0,0,0,174,0,0,0
88,65,2,3305.92871121598,1773.40161770471,0,0,0,83,0,0,0
88,65,3,3618.1269790537,1466.8780357549,5,0,0,192,0,0,0
88,65,4,3904.65165720246,1267.88762580017,0,0,0,120,0,0,0
88,65,5,4030.56184251121,2504.39179072622,0,0,0,136,0,0,0
88,65,6,4871.12921246212,893.954319139261,0,0,0,184,0,0,0
88,65,7,21136.1120008672,5316.55037090706,84,0,0,173,0,0,0
88,65,8,0,9,0,0,0,0,0,0,0
88,66,1,3543.60087397448,1348.32524577949,4,0,0,119,0,0,0
88,66,2,3330.48458833389,1235.06731659069,19,0,0,137,0,0,0
88,66,3,3641.13969493268,806.821604203871,2,0,0,142,0,0,0
88,66,4,3929.58587667892,985.682834966187,0,0,0,126,0,0,0
88,66,5,4072.75266773303,2553.899838944,36,0,0,174,0,0,0
88,66,6,4897.09543469362,1638.34140416433,0,0,0,89,0,0,0
88,66,7,21124.7619035618,2486.89808003197,153,0,0,210,0,0,0
88,66,8,0,9,0,0,0,0,0,0,0
88,67,1,3539.59609724841,1874.43879537511,53,0,0,71,0,0,0
88,67,2,3338.67214264114,1736.35750819607,2,0,0,121,0,0,0
88,67,3,3642.36386442794,833.665268475488,0,0,0,80,0,0,0
88,67,4,3933.56919841192,2042.87314092265,2,0,0,96,0,0,0
88,67,5,4094.45683361002,1704.07237592855,90,0,0,147,0,0,0
88,67,6,4921.1906045491,2931.09266385974,44,0,0,111,0,0,0
88,67,7,21092.0997783797,8042.43723507083,88,0,0,143,0,0,0
88,67,8,0,9,0,0,0,0,0,0,0
88,68,1,3601.53348221524,2290.42026825564,0,0,0,187,0,0,0
88,68,2,3394.91583802046,1107.22955780708,0,0,0,173,0,0,0
88,68,3,3660.45232300622,1520.46467260847,0,0,0,83,0,0,0
88,68,4,4011.66480603222,2631.8705937204,0,0,0,184,0,0,0
88,68,5,4171.1883495482,2280.87868090751,0,0,0,167,0,0,0
88,68,6,5076.28378912582,2105.59335545594,3,0,0,224,0,0,0
88,68,7,21182.70154155,4520.0672972154,27,0,0,289,0,0,0
88,68,8,0,9,0,0,0,0,0,0,0
88,69,1,3637.27088878744,1304.10139875933,10,0,0,161,0,0,0
88,69,2,3404.89735556023,1503.13576153477,0,0,0,110,0,0,0
88,69,3,3687.49618191149,1497.90328934118,0,0,0,152,0,0,0
88,69,4,4064.72014257295,2058.71646827345,5,0,0,227,0,0,0
88,69,5,4219.50715245585,1729.72775439861,8,0,0,164,0,0,0
88,69,6,5158.03671557884,2303.90571511691,4,0,0,182,0,0,0
88,69,7,21165.407511309,12699.0021016282,38,0,0,188,0,0,2
88,69,8,0,9,0,0,0,0,0,0,0
88,70,1,3658.39787734407,1022.33293977659,0,0,0,130,0,0,0
88,70,2,3432.02800555576,1618.97511584494,0,0,0,150,0,0,0
88,70,3,3713.51661155513,1285.98540108482,0,0,0,149,0,0,0
88,70,4,4109.72504125605,1485.46784994677,0,0,0,198,0,0,0
88,70,5,4273.54180651108,1751.70621013463,0,0,0,172,0,0,0
88,70,6,5232.85343809249,3454.4321988817,0,0,0,198,0,0,0
88,70,7,21143.1352123714,12774.0732266114,29,0,0,187,0,0,1
88,70,8,0,9,0,0,0,0,0,0,0
88,71,1,3673.77739774925,764.649236141221,0,0,0,102,0,0,0
88,71,2,3449.29860831227,800.74545618282,0,0,0,161,0,0,0
88,71,3,3726.76985579489,1047.90332888802,0,0,0,128,0,0,0
88,71,4,4133.80396612659,1752.42381807825,0,0,0,148,0,0,0
88,71,5,4314.8799339061,1893.9238950082,0,0,0,175,0,0,0
88,71,6,5315.54100029925,2846.15165961377,4,0,0,238,0,0,0
88,71,7,21123.8223420942,14167.9193239162,39,0,0,232,0,0,0
88,71,8,0,9,0,0,0,0,0,0,0
88,72,1,3675.63454501102,2390.70377809737,0,0,0,76,0,0,0
88,72,2,3453.77395379828,1648.96341101391,0,0,0,80,0,0,0
88,72,3,3732.67346316831,2343.74906373502,0,0,0,104,0,0,0
88,72,4,4174.20805947446,1341.37093418135,0,0,0,175,0,0,0
88,72,5,4349.90784428132,2306.96430579035,0,0,0,189,0,0,0
88,72,6,5409.24362497009,1925.04332108736,0,0,0,278,0,0,0
88,72,7,21103.9324491915,10857.03729266,39,0,0,210,0,0,2
88,72,8,0,9,0,0,0,0,0,0,0
88,73,1,3707.8925290601,1105.41880742073,15,0,0,168,0,0,0
88,73,2,3484.55844963748,1070.74113409392,1,0,0,157,0,0,0
88,73,3,3775.1692007556,2599.91422305964,3,0,0,220,0,0,0
88,73,4,4203.31141178321,1019.56067258538,0,0,0,134,0,0,0
88,73,5,4389.17143168345,1479.43791438811,10,0,0,176,0,0,0
88,73,6,5473.67819731022,1312.86195289603,0,0,0,192,0,0,0
88,73,7,21097.047969887,5750.06290809742,182,0,0,230,0,0,0
88,73,8,0,9,0,0,0,0,0,0,0
88,74,1,3743.96095609455,2054.73910623219,0,0,0,110,0,0,0
88,74,2,3512.61125061083,1699.07882948434,0,0,0,107,0,0,0
88,74,3,3823.40469643475,1086.60695708242,56,0,0,147,0,0,0
88,74,4,4231.16495155772,1493.17022819513,0,0,0,101,0,0,0
88,74,5,4456.30611815219,1443.90041348106,5,0,0,137,0,0,0
88,74,6,5561.27780557161,1219.48638325283,0,0,0,131,0,0,0
88,74,7,21140.6411866393,10237.420861724,199,0,0,175,0,0,0
88,74,8,0,9,0,0,0,0,0,0,0
88,75,1,3833.68314499223,1437.64797894876,0,0,0,205,0,0,0
88,75,2,3583.23656884542,1649.38194479487,0,0,0,168,0,0,0
88,75,3,3856.29272085904,2532.51400188327,0,0,0,108,0,0,0
88,75,4,4308.50445348032,2573.08250670961,0,0,0,149,0,0,0
88,75,5,4536.40089089549,1864.76977701583,0,0,0,144,0,0,0
88,75,6,5635.08698910721,3683.00623980001,0,0,0,121,0,0,0
88,75,7,21237.9850179796,10718.2439969912,0,41,0,245,0,0,0
88,75,8,0,9,0,0,0,0,0,0,0
88,76,1,3823.31422069148,398.384878509181,0,87,0,48,0,0,0
88,76,2,3585.09053849151,2273.0623320665,0,58,0,101,0,0,0
88,76,3,3862.27553688001,1255.60600462576,0,107,0,135,0,0,0
88,76,4,4325.84158571709,1576.56564966738,0,118,0,127,0,0,0
88,76,5,4557.3275522407,2282.46789454036,0,82,0,96,0,0,0
88,76,6,5694.57406252769,3187.41838485064,0,169,0,182,0,0,0
88,76,7,21273.9534281973,11108.1683548823,4,333,0,340,0,0,1
88,76,8,0,9,0,0,0,0,0,0,0
88,77,1,3834.11041130841,1465.66281922964,0,0,0,39,0,0,0
88,77,2,3668.1392512652,1393.19786541168,1,0,0,186,0,0,0
88,77,3,3952.4742118476,2121.12709810322,0,0,0,125,0,0,0
88,77,4,4437.07294058307,1343.37254892708,0,0,0,157,0,0,0
88,77,5,4710.77793692647,2683.62938328839,0,0,0,200,0,0,0
88,77,6,5870.71406310521,3162.25243121425,3,0,0,225,0,0,0
88,77,7,21433.6501827002,11584.6758567822,31,0,0,228,0,0,0
88,77,8,0,9,0,0,0,0,0,0,0
88,78,1,3886.83457317661,1538.91201556596,0,0,0,146,0,0,0
88,78,2,3714.80759036567,2184.67720726775,0,0,0,139,0,0,0
88,78,3,4010.25215665655,1856.86659436909,0,0,0,178,0,0,0
88,78,4,4504.49326478721,1097.06834572754,0,0,0,134,0,0,0
88,78,5,4810.21340369543,2485.64958273669,0,0,0,189,0,0,4
88,78,6,6053.1376415157,3223.85507782826,2,0,0,242,0,0,0
88,78,7,21522.8727873241,9410.03508180993,28,0,0,181,0,0,0
88,78,8,0,9,0,0,0,0,0,0,0
88,79,1,3977.67348239322,1528.8002398971,0,0,0,153,0,0,0
88,79,2,3822.94480094643,1905.43503997009,1,0,0,200,0,0,0
88,79,3,4149.84226135341,1892.93051725086,1,0,0,157,0,0,0
88,79,4,4588.53650850951,2203.96331351457,0,0,0,109,0,0,0
88,79,5,4979.23716400924,2369.8609991082,2,0,0,182,0,0,4
88,79,6,6245.93428373895,3088.1911993202,10,0,0,179,0,0,0
88,79,7,21680.9252974898,10292.1181140445,56,0,0,200,0,0,0
88,79,8,0,9,0,0,0,0,0,0,0
88,80,1,4024.34895343036,1216.44217548928,0,0,0,152,0,0,0
88,80,2,3877.14173613796,1672.18503324056,0,0,0,190,0,0,0
88,80,3,4215.98795565842,2147.6971214964,0,0,0,184,0,0,0
88,80,4,4681.60702599833,1520.50025156741,0,0,0,220,0,0,0
88,80,5,5092.83584076011,2401.67928831569,2,0,0,195,0,0,0
88,80,6,6427.33897942009,3737.360536539,4,0,0,230,0,0,0
88,80,7,21793.6562059855,10461.186501512,36,0,0,278,0,0,9
88,80,8,0,9,0,0,0,0,0,0,0
88,81,1,4080.40730754795,1637.96269659384,0,0,0,121,0,0,0
88,81,2,3936.61687423197,1177.17714180609,0,0,0,167,0,0,0
88,81,3,4300.34210465484,2464.61392157857,0,0,0,213,0,0,0
88,81,4,4757.45178614408,2191.16194968218,0,0,0,152,0,0,0
88,81,5,5202.09677689833,1854.22052591461,3,0,0,168,0,0,4
88,81,6,6644.85839395845,3048.67372963603,9,0,0,202,0,0,0
88,81,7,21898.9514757437,12500.9848451726,46,0,0,203,0,0,3
88,81,8,0,9,0,0,0,0,0,0,0
88,82,1,4129.22396262037,1573.4760608666,0,0,0,163,0,0,0
88,82,2,3960.2504708629,1692.89082918796,0,0,0,117,0,0,0
88,82,3,4359.79731709576,3285.78920298851,1,0,0,219,0,0,0
88,82,4,4840.16170006091,3410.51967326723,0,0,0,205,0,0,2
88,82,5,5277.99439942806,2443.51938525485,0,0,0,178,0,0,0
88,82,6,6760.56884316122,2839.1524860005,3,0,0,204,0,0,0
88,82,7,21956.9459446464,10121.3389116943,39,0,0,220,0,0,5
88,82,8,0,9,0,0,0,0,0,0,0
88,83,1,4175.35315270922,883.516426148005,0,0,0,157,0,0,0
88,83,2,4009.61553041784,1653.10463060344,5,0,0,156,0,0,0
88,83,3,4420.47821615134,835.735102629871,64,0,0,168,0,0,0
88,83,4,4914.00914132907,767.567941412014,68,0,0,171,0,0,0
88,83,5,5342.06650055701,947.7339426901,35,0,0,155,0,0,0
88,83,6,6881.01252501618,2729.39075627693,44,0,0,173,0,0,0
88,83,7,22060.4673601517,8263.06973184624,260,0,0,330,0,0,10
88,83,8,0,9,0,0,0,0,0,0,0
88,84,1,4194.66605996662,1580.3138458507,0,0,0,88,0,0,0
88,84,2,4046.09409861815,1544.86764084454,6,0,0,154,0,0,0
88,84,3,4446.03167852221,1272.11325735337,0,0,0,83,0,0,0
88,84,4,4941.48425742871,2156.2820075435,0,0,0,76,0,0,0
88,84,5,5383.6486488738,1291.20233450362,0,0,0,94,0,0,0
88,84,6,6973.09914864961,2409.40006881177,77,0,0,134,0,0,0
88,84,7,22131.7727974569,9645.01619337281,272,0,0,288,0,0,0
88,84,8,0,9,0,0,0,0,0,0,0
88,85,1,4242.56678157741,2459.40700840568,0,0,0,158,0,0,0
88,85,2,4091.79706555539,1229.6994855853,0,0,0,154,0,0,0
88,85,3,4492.08963234678,710.312019208111,0,0,0,127,0,0,0
88,85,4,5021.07726071396,1416.30201115561,0,0,0,215,0,0,0
88,85,5,5461.15749489775,2984.41445242829,0,0,0,129,0,0,0
88,85,6,7079.56188332542,4394.4004771417,12,0,0,164,0,0,0
88,85,7,22178.5468779974,7255.34289494923,136,0,0,144,0,0,0
88,85,8,0,9,0,0,0,0,0,0,0
88,86,1,4301.26721390322,1900.54157204682,95,0,0,112,0,0,0
88,86,2,4155.00229645674,1237.65113660801,2,0,0,120,0,0,0
88,86,3,4513.86818656262,1294.40726600496,0,0,0,71,0,0,0
88,86,4,5112.18502436614,2384.97548335561,0,0,0,141,0,0,0
88,86,5,5537.47473697025,2349.14996048302,126,0,0,122,0,0,0
88,86,6,7239.40480011971,3733.48330039466,198,0,0,161,0,0,0
88,86,7,22292.5525772369,5147.8947805449,170,3,0,180,0,0,20
88,86,8,0,9,0,0,0,0,0,0,0
88,87,1,4399.43802311543,1352.46443132016,34,0,0,121,0,0,0
88,87,2,4253.47741932891,1768.50726230693,0,0,0,123,0,0,0
88,87,3,4596.3798611174,1673.77499824365,0,0,0,129,0,0,0
88,87,4,5235.74030545573,1241.62729591488,32,0,0,173,0,0,0
88,87,5,5696.30455834702,2649.97811243833,51,0,0,132,0,0,0
88,87,6,7444.45735454369,3132.53237935615,105,0,0,163,0,0,0
88,87,7,22473.4215728797,4727.10112591176,148,0,0,216,0,0,0
88,87,8,0,9,0,0,0,0,0,0,0
88,88,1,4382.83371596456,1895.80968644187,132,0,0,3,0,0,0
88,88,2,4264.85178704251,1938.67655368527,90,0,0,86,0,0,0
88,88,3,4604.58663688807,2246.8431834756,93,0,0,74,0,0,0
88,88,4,5244.28004303488,1983.74365636717,71,0,0,53,0,0,0
88,88,5,5755.60676619276,2365.32651953223,138,0,0,126,0,0,0
88,88,6,7553.8019790443,3014.78343363067,147,0,0,166,0,0,0
88,88,7,22506.3165873768,13455.2902015299,170,2,0,164,0,0,0
88,88,8,0,9,0,0,0,0,0,0,0
88,89,1,4430.548460642,1529.1836298871,0,0,0,187,0,0,0
88,89,2,4321.97516884546,1696.40323867783,0,0,0,189,0,0,0
88,89,3,4657.0411881197,1731.46721273738,1,0,0,190,0,0,0
88,89,4,5304.8743281976,1634.52360625464,0,0,0,193,0,0,0
88,89,5,5824.99649923916,2916.66831549855,1,0,0,185,0,0,0
88,89,6,7656.59325936634,2834.57863992687,3,0,0,205,0,0,0
88,89,7,22508.5547779237,11607.7645743604,37,0,0,267,0,0,0
88,89,8,0,9,0,0,0,0,0,0,0
88,90,1,4510.03965294619,1849.29944607654,0,0,0,152,0,0,0
88,90,2,4411.19054356012,2007.33958136938,0,0,0,169,0,0,0
88,90,3,4761.03802478368,1644.35527739242,0,0,0,172,0,0,0
88,90,4,5399.46252117043,959.104202745533,0,0,0,163,0,0,0
88,90,5,5973.58581502537,1521.59040318019,3,0,0,185,0,0,1
88,90,6,7884.5848144552,3707.79662274355,3,0,0,184,0,0,1
88,90,7,22599.9060481888,7691.67644111028,38,0,0,221,0,0,1
88,90,8,0,9,0,0,0,0,0,0,0
88,91,1,4690.02234865774,2212.34049980215,0,0,0,184,0,0,0
88,91,2,4587.92229548785,929.699989365141,0,0,0,200,0,0,0
88,91,3,4902.31920232865,1946.34320824069,0,0,0,164,0,0,0
88,91,4,5510.59180921542,2728.72370103081,0,0,0,95,0,0,0
88,91,5,6195.77230440408,2071.93745506191,0,0,0,152,0,0,0
88,91,6,8260.69642125402,2301.33677576903,15,0,0,229,0,0,0
88,91,7,22741.5606267652,8798.12901593784,64,0,0,186,0,0,0
88,91,8,0,9,0,0,0,0,0,0,0
88,92,1,4836.24702319084,2859.7748749744,4,0,0,174,0,0,0
88,92,2,4640.77215011171,1865.19441700896,0,0,0,92,0,0,0
88,92,3,5044.276877551,1924.07813496677,0,0,0,194,0,0,0
88,92,4,5662.18836716245,2296.53350114298,1,0,0,185,0,0,0
88,92,5,6342.51570351042,2584.59978041956,3,0,0,169,0,0,0
88,92,6,8550.18442951501,2874.64475819667,3,0,0,199,0,0,0
88,92,7,22840.7698078143,13918.9655625963,67,0,0,189,0,0,0
88,92,8,0,9,0,0,0,0,0,0,0
88,93,1,4930.78333461791,2543.49503137837,1,0,0,215,0,0,2
88,93,2,4718.58015838742,2108.21136157349,0,0,0,186,0,0,0
88,93,3,5123.20772615027,1902.22592235513,0,0,0,192,0,0,0
88,93,4,5746.96138370838,2393.66310075191,1,0,0,198,0,0,0
88,93,5,6437.30805012905,2901.31576037545,3,0,0,187,0,0,0
88,93,6,8661.64025857407,3774.02822156759,4,0,0,199,0,0,0
88,93,7,22873.4937371983,9130.01569877211,53,0,0,230,0,0,0
88,93,8,0,9,0,0,0,0,0,0,0
88,94,1,5039.42866046231,850.836577302787,6,0,0,208,0,0,2
88,94,2,4833.85121771615,683.35276067417,0,0,0,207,0,0,0
88,94,3,5228.84093247076,2235.59816638157,0,0,0,187,0,0,0
88,94,4,5845.54209037018,2256.36458764494,12,0,0,163,0,0,0
88,94,5,6587.6288541788,1984.68690190162,21,0,0,157,0,0,0
88,94,6,8880.2390335863,2851.03268238136,32,0,0,170,0,0,0
88,94,7,22934.0329314622,13956.1585282401,113,0,0,191,0,0,0
88,94,8,0,9,0,0,0,0,0,0,0
88,95,1,5065.6115132643,3423.15856967681,0,0,0,85,0,0,0
88,95,2,4839.49277428353,2388.96559576791,0,0,0,68,0,0,0
88,95,3,5292.05429159608,2792.78124014983,0,0,0,223,0,0,0
88,95,4,5922.06714668153,2408.56214925055,0,0,0,189,0,0,0
88,95,5,6673.82064062656,1800.83724017111,0,0,0,188,0,0,0
88,95,6,9005.06746575676,2429.54399386909,1,0,0,244,0,0,0
88,95,7,22943.2098119129,6523.43358806896,53,0,0,199,0,0,0
88,95,8,0,9,0,0,0,0,0,0,0
88,96,1,5176.83719998973,3990.35550784767,131,0,0,132,0,0,0
88,96,2,5047.81581098234,700.868672524833,49,0,0,160,0,0,0
88,96,3,5442.46398616039,3493.28125288269,70,0,0,167,0,0,0
88,96,4,6090.99360198238,1291.35512214955,49,0,0,162,0,0,0
88,96,5,6844.02164415772,1322.24837408361,23,0,0,143,0,0,0
88,96,6,9268.80600073789,3637.91202832267,59,0,0,147,0,0,0
88,96,7,23146.4959259254,16659.9758143611,251,0,0,250,0,0,0
88,96,8,0,9,0,0,0,0,0,0,0
88,97,1,5273.5921187466,3875.05544821353,4,0,0,250,0,0,0
88,97,2,5068.30131350161,1679.73827771843,0,0,0,70,0,0,0
88,97,3,5508.85637137405,1418.98425526097,4,0,0,198,0,0,0
88,97,4,6130.81737476388,2235.05338917983,0,0,0,129,0,0,0
88,97,5,6896.95290096527,2612.93395019532,0,0,0,132,0,0,0
88,97,6,9410.53986944152,6491.88112994667,5,0,0,188,0,0,0
88,97,7,23153.3719666532,7234.0778034108,42,0,0,201,0,0,0
88,97,8,0,9,0,0,0,0,0,0,0
88,98,1,5381.04963598017,2356.9426286911,44,0,0,157,0,0,0
88,98,2,5139.02092398065,1786.01820674262,1,0,0,162,0,0,0
88,98,3,5580.04889423465,1265.12304496133,0,0,0,141,0,0,0
88,98,4,6217.82336725928,3493.33398254258,13,0,0,151,0,0,0
88,98,5,7021.47789783902,2224.30364145333,15,0,0,184,0,0,0
88,98,6,9601.46125563053,1679.78495908016,93,0,0,179,0,0,0
88,98,7,23208.0738180348,12874.49474198,103,0,0,205,0,0,0
88,98,8,0,9,0,0,0,0,0,0,0
88,99,1,5461.01967721913,3118.95168456515,1,0,0,200,0,0,0
88,99,2,5175.71103666154,2887.44728374381,0,0,0,175,0,0,0
88,99,3,5643.41596825704,3207.34703388865,0,0,0,126,0,0,0
88,99,4,6303.50921903808,2101.4428028838,6,0,0,202,0,0,0
88,99,5,7105.64723207114,4681.61179415575,1,0,0,186,0,0,0
88,99,6,9732.25260828009,3524.9087687039,0,0,0,167,0,0,0
88,99,7,23204.9254937121,6218.93141192154,45,0,0,228,0,0,0
88,99,8,0,9,0,0,0,0,0,0,0
88,100,1,5528.21974806532,2477.92029395696,110,0,0,146,0,0,0
88,100,2,5237.82937782831,1602.09686074657,97,0,0,143,0,0,0
88,100,3,5699.50727873998,2175.18667763738,111,0,0,154,0,0,0
88,100,4,6341.76314455144,1617.47147835767,50,0,0,135,0,0,0
88,100,5,7256.18316350598,1411.88616683957,177,0,0,200,0,0,0
88,100,6,9904.50700327781,5992.32442554096,137,0,0,146,0,0,0
88,100,7,23250.6808130384,12418.572552779,250,0,0,236,0,0,0
88,100,8,0,9,0,0,0,0,0,0,0
89,1,1,2961.5776,1264.54596837073,0,0,0,29,0,0,0
89,1,2,2974.672,1116.04656842699,0,0,0,85,0,0,0
89,1,3,2974.752,1068.31118759129,0,0,0,99,0,0,0
89,1,4,2978.6656,1220.96861089817,0,0,0,99,0,0,0
89,1,5,2977.704,1056.43752788913,0,0,0,71,0,0,0
89,1,6,2980.8,851.056548337147,0,0,0,78,0,0,0
89,1,7,19075.7116799999,9984.61180819337,0,0,0,66,0,0,0
89,1,8,0,9,0,0,0,69,0,0,0
89,2,1,2971.9648,573.84879665674,0,0,0,126,0,0,0
89,2,2,2980.744,1422.3741797761,0,0,0,111,0,0,0
89,2,3,2979.24,1169.30831924434,0,0,0,106,0,0,0
89,2,4,2988.54911999999,1283.39996533247,0,0,0,122,0,0,0
89,2,5,2986.04,1481.72790643851,0,0,0,105,0,0,0
89,2,6,2987.472,1152.48836886156,0,0,0,85,0,0,0
89,2,7,19030.3846399998,5940.19806227829,20,2,0,219,0,0,0
89,2,8,0,9,0,0,0,0,0,0,0
89,3,1,2958.0849152,1924.33168050547,0,34,0,23,0,0,0
89,3,2,2981.423744,982.189157513017,0,62,0,80,0,0,0
89,3,3,2975.264,867.326946127637,0,52,0,64,0,0,0
89,3,4,2986.73663999999,1547.02146386112,0,60,0,68,0,0,0
89,3,5,2986.056,940.77879954923,0,80,0,68,0,0,0
89,3,6,2986.384,1563.92349350336,0,66,0,49,0,0,0
89,3,7,19005.3654399998,8835.89736896174,0,261,0,333,0,0,0
89,3,8,0,9,0,0,0,0,0,0,0
89,4,1,2987.03017216,1628.16529068349,0,0,0,192,0,0,0
89,4,2,2993.028544,1028.8937191004,0,0,0,98,0,0,0
89,4,3,2987.0176,1050.14349786431,0,0,0,86,0,0,0
89,4,4,3015.56543999999,939.957632731951,0,0,0,154,0,0,0
89,4,5,3003.14399999999,1104.26415592464,0,0,0,94,0,0,0
89,4,6,3016.09439999999,805.484526404727,0,0,0,156,0,0,0
89,4,7,19005.5622399998,5799.57067083154,27,0,0,215,0,0,0
89,4,8,0,9,0,0,0,0,0,0,0
89,5,1,3009.29737215999,1931.10177459689,0,0,0,159,0,0,0
89,5,2,3003.706944,1314.06000708944,0,0,0,102,0,0,0
89,5,3,3001.5776,1486.71296623272,0,0,0,105,0,0,0
89,5,4,3030.70623999999,1370.25142963532,0,0,0,93,0,0,0
89,5,5,3023.34399999999,1089.39456769091,0,0,0,110,0,0,0
89,5,6,3029.28159999999,1715.02795790155,0,0,0,80,0,0,0
89,5,7,19005.0550399998,10895.9612483311,45,0,0,236,0,0,0
89,5,8,0,9,0,0,0,0,0,0,0
89,6,1,3036.44137215999,1885.42130913318,0,0,0,172,0,0,1
89,6,2,3023.533504,951.283652060802,0,0,0,131,0,0,0
89,6,3,3023.03008,983.59205532985,0,0,0,148,0,0,0
89,6,4,3056.40537599999,973.068416933046,0,0,0,137,0,0,0
89,6,5,3043.98399999999,1121.49658182022,0,0,0,108,0,0,0
89,6,6,3064.59487999999,1857.01814711606,0,0,0,171,0,0,0
89,6,7,19003.6959999997,5332.5894016679,36,0,0,218,0,0,0
89,6,8,0,9,0,0,0,0,0,0,0
89,7,1,3055.23081216,1596.3076710116,13,0,0,139,0,0,0
89,7,2,3033.318144,169.534399120538,0,0,0,95,0,0,0
89,7,3,3032.96032,1070.1452896204,0,0,0,98,0,0,0
89,7,4,3068.724352,843.050930231633,0,0,0,97,0,0,0
89,7,5,3064.05433599999,941.145886636466,0,0,0,112,0,0,0
89,7,6,3094.83398399999,1653.71957145977,7,0,0,157,0,0,0
89,7,7,18990.7709439997,3653.69342921959,93,0,0,178,0,0,0
89,7,8,0,9,0,0,0,0,0,0,0
89,8,1,3067.47497216,1176.78520932553,20,0,0,122,0,0,0
89,8,2,3025.617664,979.306362899441,0,0,0,16,0,0,0
89,8,3,3044.35392,718.649350299275,0,0,0,107,0,0,0
89,8,4,3078.95347199999,630.96795733562,0,0,0,84,0,0,0
89,8,5,3077.27833599999,1778.01125610773,0,0,0,94,0,0,0
89,8,6,3118.60038399999,733.13008798195,10,0,0,147,0,0,0
89,8,7,18972.3568639997,7604.52338481154,116,0,0,156,0,0,0
89,8,8,0,9,0,0,0,0,0,0,0
89,9,1,3074.72617216,1308.07867845739,0,0,0,117,0,0,0
89,9,2,3030.777984,2061.73328982956,0,0,0,97,0,0,0
89,9,3,3047.74304,959.788109967014,0,0,0,71,0,0,0
89,9,4,3080.5212032,796.294492548024,0,0,0,63,0,0,0
89,9,5,3103.07833599999,854.779504358021,0,0,0,177,0,0,0
89,9,6,3125.68428799999,1807.6214285733,0,0,0,73,0,0,0
89,9,7,18974.9834879997,10176.6454588236,34,0,0,260,0,0,0
89,9,8,0,9,0,0,0,0,0,0,0
89,10,1,3083.27529216,1293.94626773143,0,0,0,130,0,0,0
89,10,2,3056.82912,2064.42419123514,0,0,0,191,0,0,0
89,10,3,3054.118464,1979.36567051154,0,0,0,95,0,0,0
89,10,4,3081.72433919999,905.804001741456,0,0,0,79,0,0,0
89,10,5,3110.45593599999,1836.99197097508,0,0,0,85,0,0,0
89,10,6,3154.07138559999,1014.14010640605,0,0,0,180,0,0,0
89,10,7,18972.8193279996,11446.428839849,25,0,0,232,0,0,5
89,10,8,0,9,0,0,0,0,0,0,0
89,11,1,3093.16553216,1642.13360924679,0,0,0,129,0,0,0
89,11,2,3076.224,1624.97954419405,0,0,0,192,0,0,0
89,11,3,3080.708864,932.250831403318,0,0,0,190,0,0,0
89,11,4,3084.60340479999,1198.76698513468,0,0,0,90,0,0,0
89,11,5,3132.74489599999,1142.94122084916,0,0,0,183,0,0,0
89,11,6,3165.71956479999,1563.87280028131,0,0,0,101,0,0,0
89,11,7,18958.5450879996,10216.1666519099,24,0,0,195,0,0,1
89,11,8,0,9,0,0,0,0,0,0,0
89,12,1,3108.02761216,1650.50240386885,0,0,0,164,0,0,0
89,12,2,3086.036559872,1527.34229386792,0,0,0,162,0,0,0
89,12,3,3084.8336,1375.32987054122,0,0,0,93,0,0,0
89,12,4,3091.9982208,1630.07325136169,0,0,0,119,0,0,0
89,12,5,3140.34841599999,1589.01445365225,0,0,0,114,0,0,0
89,12,6,3189.42990079999,1977.54407074122,0,0,0,156,0,0,0
89,12,7,18943.0939519995,7597.41530597089,96,0,0,196,0,0,0
89,12,8,0,9,0,0,0,0,0,0,0
89,13,1,3110.02503936001,1336.60196435503,31,0,0,121,0,0,0
89,13,2,3100.397980672,604.22671501247,6,0,0,144,0,0,0
89,13,3,3094.48256,1024.12963099334,0,0,0,137,0,0,0
89,13,4,3107.0825728,2245.81201053235,14,0,0,143,0,0,0
89,13,5,3151.542592,1439.60319701102,16,0,0,136,0,0,0
89,13,6,3210.19566079999,1498.01894879192,41,0,0,140,0,0,0
89,13,7,18942.6231167994,10279.9937820593,264,1,0,248,0,0,2
89,13,8,0,9,0,0,0,0,0,0,0
89,14,1,3113.80966400001,1188.52865142738,0,0,0,133,0,0,0
89,14,2,3090.89262960641,750.525134454413,0,0,0,60,0,0,0
89,14,3,3092.37591040001,1152.58032598716,0,0,0,102,0,0,0
89,14,4,3125.63292160001,1682.78950126101,0,1,0,179,0,0,0
89,14,5,3163.3850496,1412.74245430986,0,0,0,143,0,0,0
89,14,6,3237.5818112,1896.64020522648,0,0,0,149,0,0,0
89,14,7,18944.2921318394,8582.72860490516,0,43,0,206,0,0,0
89,14,8,0,9,0,0,0,0,0,0,0
89,15,1,3092.40879360001,919.986027191536,0,84,0,34,0,0,0
89,15,2,3070.44418160641,726.601159721428,0,41,0,34,0,0,0
89,15,3,3078.67781120001,1377.77738197789,0,55,0,60,0,0,0
89,15,4,3116.76541327361,1001.95438256247,0,88,0,80,0,0,0
89,15,5,3156.3296256,1547.95529637286,0,90,0,51,0,0,0
89,15,6,3250.767264768,1072.3600538577,0,87,0,102,0,0,0
89,15,7,19006.9949286393,4176.20324294552,0,389,0,469,0,0,0
89,15,8,0,9,0,0,0,0,0,0,0
89,16,1,3094.13494784001,1825.43785197463,0,0,0,91,0,0,0
89,16,2,3067.64053616642,1496.67339394914,0,0,0,72,0,0,0
89,16,3,3091.26347520001,641.695168763142,0,0,0,137,0,0,0
89,16,4,3128.49598607361,1755.34707897542,0,0,0,100,0,0,0
89,16,5,3178.9852288,1434.20521622036,7,0,0,122,0,0,0
89,16,6,3274.924448768,1616.50306410987,0,0,0,107,0,0,0
89,16,7,19034.7875686393,10875.0759989223,52,0,0,194,0,0,0
89,16,8,0,9,0,0,0,0,0,0,0
89,17,1,3118.70346188801,1830.80181508405,0,0,0,182,0,0,0
89,17,2,3092.29352816642,1063.93512791024,0,0,0,149,0,0,0
89,17,3,3091.03819520001,1261.38581935266,0,0,0,64,0,0,0
89,17,4,3166.22335887361,750.019184762283,0,0,0,175,0,0,0
89,17,5,3212.99350016,1032.67612657206,0,0,0,143,0,0,0
89,17,6,3317.05417932801,1681.85524017981,0,0,0,161,0,0,0
89,17,7,19070.6596223993,5640.18936851516,31,0,0,196,0,0,0
89,17,8,0,9,0,0,0,0,0,0,0
89,18,1,3138.57380495361,1180.50162923927,0,0,0,183,0,0,0
89,18,2,3097.45812336642,992.473175613404,0,0,0,106,0,0,0
89,18,3,3101.92335411202,1319.29704023401,0,0,0,126,0,0,0
89,18,4,3173.14297487362,1213.33992145738,0,0,0,75,0,0,0
89,18,5,3231.18754816001,1194.62951093208,0,0,0,103,0,0,0
89,18,6,3357.36849152001,788.635498937298,0,0,0,166,0,0,1
89,18,7,19096.1277823993,7225.09560079839,46,0,0,176,0,0,4
89,18,8,0,9,0,0,0,0,0,0,0
89,19,1,3144.49485045762,1371.82948058612,0,0,0,118,0,0,0
89,19,2,3090.73972592642,1478.60492572551,0,0,0,99,0,0,0
89,19,3,3116.61049651202,1383.81427955449,0,0,0,131,0,0,0
89,19,4,3186.58150287362,1766.52924244635,0,0,0,121,0,0,0
89,19,5,3251.49596416001,1449.0686352733,0,0,0,119,0,0,0
89,19,6,3373.33469952001,1465.84542684331,0,0,0,78,0,0,0
89,19,7,19133.9042303993,10192.31495976,33,0,0,255,0,0,0
89,19,8,0,9,0,0,0,0,0,0,0
89,20,1,3150.20348968962,846.918983464768,0,0,0,137,0,0,0
89,20,2,3100.23107440642,1339.45182848101,0,0,0,147,0,0,0
89,20,3,3123.35867402242,1177.6104622307,0,0,0,138,0,0,0
89,20,4,3210.71167311874,1180.27823201711,0,0,0,169,0,0,0
89,20,5,3275.29716736001,1187.09415162778,0,0,0,144,0,0,0
89,20,6,3405.43571712001,607.970437108124,0,0,0,146,0,0,0
89,20,7,19158.5579417593,9953.87958126223,30,0,0,201,0,0,1
89,20,8,0,9,0,0,0,0,0,0,0
89,21,1,3149.39994572802,1056.26972245358,0,0,0,84,0,0,0
89,21,2,3111.4268798157,1412.17739988095,0,0,0,133,0,0,0
89,21,3,3134.1502537933,1138.78620984909,0,0,0,117,0,0,0
89,21,4,3227.08719183874,803.143367304746,0,0,0,118,0,0,0
89,21,5,3298.74718720001,643.999341203793,0,0,0,118,0,0,0
89,21,6,3420.96863283201,1508.98229515583,0,0,0,60,0,0,0
89,21,7,19194.3654246392,7577.22701468723,28,0,0,209,0,0,6
89,21,8,0,9,0,0,0,0,0,0,0
89,22,1,3147.41111214082,949.790651774796,0,0,0,105,0,0,0
89,22,2,3115.5688215757,971.398961287965,0,0,0,141,0,0,0
89,22,3,3137.3943441613,1287.63377738901,0,0,0,113,0,0,0
89,22,4,3229.86608924674,1436.50866721763,0,0,0,80,0,0,0
89,22,5,3303.68261120001,1139.77847992555,0,0,0,64,0,0,0
89,22,6,3452.989053952,2209.49391340839,0,0,0,150,0,0,0
89,22,7,19221.8178303992,2983.97599613484,142,0,0,218,0,0,0
89,22,8,0,9,0,0,0,0,0,0,0
89,23,1,3136.50416814082,1352.78635754476,0,0,0,94,0,0,0
89,23,2,3101.1645679821,1159.8165557018,0,0,0,97,0,0,0
89,23,3,3137.41182803971,1654.98298943563,0,0,0,128,0,0,0
89,23,4,3239.28515407874,1781.36122467959,5,0,0,135,0,0,0
89,23,5,3311.27098880001,1233.39201277962,1,0,0,112,0,0,0
89,23,6,3477.79050291201,1749.27306987492,47,0,0,140,0,0,0
89,23,7,19234.6706943992,10503.0313592892,74,0,0,172,0,0,0
89,23,8,0,9,0,0,0,0,0,0,0
89,24,1,3147.59815392053,801.037436722031,0,0,0,135,0,0,0
89,24,2,3096.3668417741,1357.42368633889,0,0,0,115,0,0,0
89,24,3,3152.15293472771,1233.43847516477,0,0,0,165,0,0,0
89,24,4,3265.62719505615,822.249087310958,0,0,0,178,0,0,0
89,24,5,3332.25675264002,2317.1267659705,0,0,0,123,0,0,0
89,24,6,3532.14287425537,1188.23937131828,0,0,0,174,0,0,0
89,24,7,19300.6787363832,8830.81834056068,27,0,0,290,0,0,0
89,24,8,0,9,0,0,0,0,0,0,0
89,25,1,3124.37122935605,1481.63285266105,0,39,0,41,0,0,0
89,25,2,3081.54835707496,1791.89129906159,0,66,0,69,0,0,0
89,25,3,3139.33883826179,1287.56874371172,0,58,0,65,0,0,0
89,25,4,3248.27598855375,557.65558543654,0,48,0,34,0,0,0
89,25,5,3350.98648719362,1654.91229654743,0,114,0,117,0,0,0
89,25,6,3551.08388161537,1547.7161506818,0,39,0,79,0,0,0
89,25,7,19413.2428940279,8069.49169046041,0,410,0,473,0,0,0
89,25,8,0,9,0,0,0,0,0,0,0
89,26,1,3145.35124643924,1639.43962113361,0,0,0,148,0,0,0
89,26,2,3110.69434595658,709.997856479476,0,0,0,179,0,0,0
89,26,3,3165.59038706077,919.567418748931,0,0,0,128,0,0,0
89,26,4,3256.03582110927,914.913257381013,0,0,0,55,0,0,0
89,26,5,3400.30047762433,891.520846818775,0,0,0,165,0,0,0
89,26,6,3614.95531534746,1360.51010038989,0,0,0,154,0,0,0
89,26,7,19489.5728360644,6489.0062701815,34,0,0,209,0,0,0
89,26,8,0,9,0,0,0,0,0,0,0
89,27,1,3155.70723852372,1044.22363344167,0,0,0,163,0,0,0
89,27,2,3099.38986580298,1922.40934179802,0,0,0,70,0,0,0
89,27,3,3163.50795659677,1561.87594398736,0,0,0,91,0,0,0
89,27,4,3261.02958082869,1304.07268929899,0,0,0,91,0,0,0
89,27,5,3412.08429842433,1831.58235929663,0,0,0,89,0,0,0
89,27,6,3648.66803214746,1897.911367774,0,0,0,136,0,0,0
89,27,7,19542.3102056643,2965.60816946155,21,0,0,259,0,0,0
89,27,8,0,9,0,0,0,0,0,0,0
89,28,1,3153.85863219284,1866.98637686951,0,0,0,104,0,0,0
89,28,2,3108.72723601246,735.712877186054,7,0,0,179,0,0,0
89,28,3,3177.26455665462,1526.06501390295,0,0,0,156,0,0,0
89,28,4,3273.41475597109,675.691487872511,0,0,0,130,0,0,0
89,28,5,3435.50106335234,800.214813789595,23,0,0,141,0,0,0
89,28,6,3687.04689985946,2209.52719601206,11,0,0,169,0,0,0
89,28,7,19566.1878888643,6486.18360611098,79,0,0,154,0,0,0
89,28,8,0,9,0,0,0,0,0,0,0
89,29,1,3166.07814192498,1323.11400699469,0,0,0,186,0,0,0
89,29,2,3096.20694757771,1378.79170634293,0,0,0,73,0,0,0
89,29,3,3187.7059134751,1107.2062397209,0,0,0,152,0,0,0
89,29,4,3272.75136781109,1019.24018354144,0,0,0,67,0,0,0
89,29,5,3445.39963041794,1554.07774641091,0,0,0,80,0,0,0
89,29,6,3735.61712331572,1667.64162130507,1,0,0,204,0,0,0
89,29,7,19607.6193748163,8843.84847574483,28,0,0,230,0,0,0
89,29,8,0,9,0,0,0,0,0,0,0
89,30,1,3180.40613831722,1257.57603337241,0,0,0,132,0,0,0
89,30,2,3102.43654769035,1693.88257274265,0,0,0,137,0,0,0
89,30,3,3189.77566790126,1434.64086242693,0,0,0,110,0,0,0
89,30,4,3286.62500897589,729.633663165735,0,0,0,101,0,0,0
89,30,5,3476.74225518594,1747.8185962516,0,0,0,155,0,0,0
89,30,6,3783.20729291572,1426.23498976472,0,0,0,166,0,0,0
89,30,7,19645.5586080962,7330.66942537757,30,0,0,206,0,0,0
89,30,8,0,9,0,0,0,0,0,0,0
89,31,1,3184.77734669698,1874.5149177379,0,0,0,125,0,0,0
89,31,2,3107.88595331058,1048.97461449552,0,0,0,169,0,0,0
89,31,3,3198.60864381832,1228.25283046408,0,0,0,142,0,0,0
89,31,4,3281.70334251829,1925.97559163985,0,0,0,72,0,0,0
89,31,5,3504.55188641793,1263.81168632835,0,0,0,169,0,0,0
89,31,6,3816.5416053842,675.314306538586,0,0,0,142,0,0,0
89,31,7,19666.7545014466,12833.170127631,76,0,0,162,0,0,0
89,31,8,0,9,0,0,0,0,0,0,0
89,32,1,3196.68557054956,1800.89994405943,0,0,0,187,0,0,0
89,32,2,3098.93130826615,717.261107655506,0,0,0,104,0,0,0
89,32,3,3197.56706362674,1459.3585757873,0,0,0,122,0,0,0
89,32,4,3297.17545251637,1669.03141358664,0,0,0,192,0,0,0
89,32,5,3521.81525000193,2034.51044779844,0,0,0,126,0,0,0
89,32,6,3820.5778452562,1239.90662629394,0,0,0,67,0,0,0
89,32,7,19697.8238881986,4414.06652510546,39,0,0,256,0,0,1
89,32,8,0,9,0,0,0,0,0,0,0
89,33,1,3199.51062555628,1016.247293073,22,0,0,133,0,0,0
89,33,2,3083.36421713004,672.723151335589,0,0,0,71,0,0,0
89,33,3,3204.69149268888,1737.16298788554,0,0,0,145,0,0,0
89,33,4,3317.16569427888,701.83396578972,2,0,0,162,0,0,0
89,33,5,3550.32387420162,1547.05076146689,11,0,0,179,0,0,0
89,33,6,3851.04118274868,1053.13041967238,0,0,0,123,0,0,0
89,33,7,19716.3645791426,10828.6354455337,128,0,0,172,0,0,0
89,33,8,0,9,0,0,0,0,0,0,0
89,34,1,3203.19027055956,895.988223132551,0,0,0,101,0,0,0
89,34,2,3060.5635151087,785.467914922326,0,0,0,67,0,0,0
89,34,3,3221.39784094125,404.928700656195,0,0,0,173,0,0,0
89,34,4,3309.22484494256,1504.61434160954,0,0,0,70,0,0,0
89,34,5,3580.8968612004,1413.31042142659,0,0,0,154,0,0,0
89,34,6,3873.2754079826,1272.2496603402,0,0,0,105,0,0,0
89,34,7,19748.4735435969,9844.48856520601,0,42,0,193,0,0,0
89,34,8,0,9,0,0,0,0,0,0,0
89,35,1,3171.39654161748,1519.95291344089,0,68,0,21,0,0,0
89,35,2,3030.89155968956,687.945387445036,0,39,0,39,0,0,0
89,35,3,3189.66323745197,679.097883992876,0,25,0,15,0,0,0
89,35,4,3291.93666994096,2430.63018883807,0,87,0,63,0,0,0
89,35,5,3571.20147404392,1663.73395989689,0,79,0,62,0,0,0
89,35,6,3877.34266263226,2126.34303127331,0,56,0,71,0,0,0
89,35,7,19785.1569398158,8582.38027620348,4,247,0,218,0,0,7
89,35,8,0,9,0,0,0,0,0,0,0
89,36,1,3179.70382523736,1130.8457430758,0,0,0,151,0,0,0
89,36,2,3013.05274170178,1607.43888815798,0,0,0,68,0,0,0
89,36,3,3180.22507520429,1254.00916297896,0,0,0,67,0,0,0
89,36,4,3325.14053417289,1349.7872693391,2,0,0,205,0,0,0
89,36,5,3610.32815564392,1586.64669517174,0,0,0,166,0,0,0
89,36,6,3936.04022076704,1517.49243720268,0,0,0,209,0,0,0
89,36,7,19848.0212209857,7450.35216717354,34,0,0,208,0,0,0
89,36,8,0,9,0,0,0,0,0,0,0
89,37,1,3186.22455067598,1943.82497936179,0,0,0,113,0,0,0
89,37,2,3015.89724125363,761.782536016485,0,0,0,160,0,0,0
89,37,3,3186.69718260534,1633.32656424942,0,0,0,125,0,0,0
89,37,4,3342.86835046729,987.659779043793,0,0,0,134,0,0,0
89,37,5,3647.84488413104,1831.20653932379,0,0,0,158,0,0,0
89,37,6,3980.78467960506,1226.9938327098,0,0,0,151,0,0,0
89,37,7,19886.4767772865,7063.36838901294,26,0,0,178,0,0,0
89,37,8,0,9,0,0,0,0,0,0,0
89,38,1,3204.51620846296,1574.12358377724,0,0,0,194,0,0,0
89,38,2,3002.69202198297,1206.74656967798,0,0,0,76,0,0,0
89,38,3,3195.98312784287,616.144458823112,0,0,0,163,0,0,0
89,38,4,3347.29534054729,602.030430172379,0,0,0,98,0,0,0
89,38,5,3685.17017923504,2030.14705683543,0,0,0,180,0,0,0
89,38,6,4010.42456491705,1636.27792482328,0,0,0,122,0,0,0
89,38,7,19943.7290081677,8081.42940520631,29,0,0,261,0,0,1
89,38,8,0,9,0,0,0,0,0,0,0
89,39,1,3223.62280577461,1597.42753998708,0,0,0,157,0,0,0
89,39,2,3008.16347605006,1642.79932024709,0,0,0,120,0,0,0
89,39,3,3183.60368832026,2247.95094448379,0,0,0,61,0,0,0
89,39,4,3339.86052335945,912.825669874141,0,0,0,60,0,0,0
89,39,5,3735.98004001917,1496.64651182092,0,0,0,188,0,0,3
89,39,6,4059.08682487481,1342.13644017636,0,0,0,163,0,0,0
89,39,7,20000.7732980928,9103.99716261224,31,0,0,221,0,0,0
89,39,8,0,9,0,0,0,0,0,0,0
89,40,1,3242.17958884047,1360.39288687054,0,0,0,159,0,0,0
89,40,2,3019.21604593744,1051.30566376157,0,0,0,164,0,0,0
89,40,3,3210.22821702788,695.914182347293,0,0,0,224,0,0,0
89,40,4,3338.56703460149,1197.67799664503,0,0,0,91,0,0,0
89,40,5,3755.62170175736,2098.13232581358,0,0,0,149,0,0,0
89,40,6,4085.6539894368,1930.20058490844,0,0,0,134,0,0,0
89,40,7,20030.6817455173,8548.8686903791,36,0,0,179,0,0,0
89,40,8,0,9,0,0,0,0,0,0,0
89,41,1,3248.36338176498,1283.22371864089,0,0,0,136,0,0,0
89,41,2,3017.66294929897,1491.30288917485,0,0,0,105,0,0,0
89,41,3,3200.9850460808,1397.8382850684,0,0,0,69,0,0,0
89,41,4,3340.39920217196,1153.25325099953,0,0,0,119,0,0,0
89,41,5,3783.08509911288,1267.43980750982,0,0,0,179,0,0,5
89,41,6,4140.80201131054,1497.77804364498,0,0,0,187,0,0,0
89,41,7,20068.1991952789,3554.34186822277,45,0,0,191,0,0,0
89,41,8,0,9,0,0,0,0,0,0,0
89,42,1,3224.74970796464,946.216284225374,0,73,0,55,0,0,0
89,42,2,3007.05292947126,872.269876920453,0,71,0,78,0,0,0
89,42,3,3183.68063221195,1601.53509704918,0,63,0,76,0,0,0
89,42,4,3326.95657698412,1699.11084641998,0,53,0,62,0,0,0
89,42,5,3770.03081344862,431.481528987934,0,53,0,73,0,0,0
89,42,6,4146.92728472622,1075.45658836206,0,71,0,78,0,0,0
89,42,7,20077.5768618389,5043.20704387202,0,189,0,166,0,0,0
89,42,8,0,9,0,0,0,0,0,0,0
89,43,1,3234.67462315137,1180.13570368009,0,0,0,94,0,0,0
89,43,2,3009.28882297141,1110.51403389447,0,0,0,87,0,0,0
89,43,3,3214.06206390277,2188.64932855875,0,0,0,160,0,0,0
89,43,4,3356.69487719918,1713.15696915913,0,0,0,169,0,0,0
89,43,5,3775.53110508161,1924.61488088338,0,0,0,43,0,0,0
89,43,6,4183.60915054023,1515.3330468671,0,0,0,107,0,0,0
89,43,7,20135.2126836321,15659.0823625017,32,0,0,224,0,0,0
89,43,8,0,9,0,0,0,0,0,0,0
89,44,1,3238.62747371715,742.112356054582,0,0,0,118,0,0,0
89,44,2,3010.28530282788,734.624381582424,0,0,0,111,0,0,0
89,44,3,3233.13418047821,1091.75076654987,0,0,0,218,0,0,0
89,44,4,3380.92096198536,1302.88225503473,0,0,0,171,0,0,0
89,44,5,3805.24317831727,1113.44288970801,0,0,0,191,0,0,0
89,44,6,4216.06306690502,890.867763134605,0,0,0,151,0,0,0
89,44,7,20172.478751723,3942.14817304946,21,4,0,234,0,0,0
89,44,8,0,9,0,0,0,0,0,0,0
89,45,1,3241.07511525854,645.617875094179,0,0,0,74,0,0,0
89,45,2,3011.0361178654,962.707173732359,0,0,0,73,0,0,0
89,45,3,3237.81879749268,1137.51802334543,0,0,0,109,0,0,0
89,45,4,3395.3732008907,2189.63763980108,0,0,0,130,0,0,0
89,45,5,3829.77990888311,1739.69998884155,0,0,0,111,0,0,0
89,45,6,4241.94243252965,2364.93545480719,0,0,0,89,0,0,0
89,45,7,20208.7342347627,7923.20321161162,143,0,0,179,0,0,0
89,45,8,0,9,0,0,0,0,0,0,0
89,46,1,3238.32847097751,1673.68924441142,0,0,0,64,0,0,0
89,46,2,3005.45791443951,1059.66008443995,0,0,0,96,0,0,0
89,46,3,3250.29311251654,1131.34135786799,0,0,0,113,0,0,0
89,46,4,3432.10140954398,1653.24236054231,1,0,0,193,0,0,0
89,46,5,3876.77826314602,2565.78778723268,0,0,0,173,0,0,0
89,46,6,4317.21146658132,1270.78772894343,0,0,0,226,0,0,0
89,46,7,20274.0637722504,6974.80636563702,34,0,0,244,0,0,0
89,46,8,0,9,0,0,0,0,0,0,0
89,47,1,3274.0564838689,766.25023866211,0,0,0,167,0,0,0
89,47,2,3003.98414159456,837.271338990033,0,0,0,105,0,0,0
89,47,3,3256.73831721498,1248.03674269067,0,0,0,113,0,0,0
89,47,4,3459.13966577209,1769.95115211548,0,0,0,165,0,0,0
89,47,5,3942.97198607222,2843.10774637128,1,0,0,197,0,0,0
89,47,6,4368.96868297986,1692.02437479358,0,0,0,127,0,0,0
89,47,7,20331.5232050556,4316.56379811157,32,0,0,193,0,0,0
89,47,8,0,9,0,0,0,0,0,0,0
89,48,1,3266.5737751415,953.674014892355,0,0,0,76,0,0,0
89,48,2,2993.59537355565,1937.88024030417,0,0,0,83,0,0,0
89,48,3,3255.41052182492,1292.76213564677,0,0,0,124,0,0,0
89,48,4,3479.70447403998,686.792813277707,0,0,0,174,0,0,0
89,48,5,3970.09538732538,1415.70913166108,35,0,0,165,0,0,0
89,48,6,4407.51414114358,2358.22437411449,4,0,0,155,0,0,0
89,48,7,20361.121930278,8439.98502909953,68,0,0,200,0,0,0
89,48,8,0,9,0,0,0,0,0,0,0
89,49,1,3265.77349979855,920.044562521754,0,0,0,95,0,0,0
89,49,2,3009.74556082438,967.037309976833,0,0,0,193,0,0,0
89,49,3,3248.4456916004,1072.79478720763,0,0,0,129,0,0,0
89,49,4,3481.83315085958,1713.59647507837,0,0,0,68,0,0,0
89,49,5,3998.35623438433,1624.56425139723,0,0,0,141,0,0,0
89,49,6,4483.11607837376,2446.29647206121,1,0,0,212,0,0,0
89,49,7,20413.4500613125,8335.53231900052,41,0,0,213,0,0,0
89,49,8,0,9,0,0,0,0,0,0,0
89,50,1,3264.74938341248,1252.96420050781,0,0,0,92,0,0,0
89,50,2,3001.18967650795,1319.5634265904,0,0,0,96,0,0,0
89,50,3,3244.34492967561,1765.00670190846,0,0,0,107,0,0,0
89,50,4,3507.35137736924,1360.49221666057,0,0,0,171,0,0,0
89,50,5,4039.52656593468,2094.44790857191,0,0,0,162,0,0,0
89,50,6,4565.74643480585,1908.64813703843,2,0,0,198,0,0,0
89,50,7,20491.0710580597,8092.64895222879,31,0,0,274,0,0,0
89,50,8,0,9,0,0,0,0,0,0,0
89,51,1,3264.85660698011,639.675886096984,0,0,0,125,0,0,0
89,51,2,3004.04083312698,1346.50213448558,0,0,0,131,0,0,0
89,51,3,3259.88754672535,2012.42308912575,0,0,0,176,0,0,0
89,51,4,3524.10403539656,1166.84801374996,0,0,0,136,0,0,0
89,51,5,4102.62124436554,1327.59253138157,0,1,0,192,0,0,0
89,51,6,4621.56545650385,2853.67884798718,0,3,0,156,0,0,0
89,51,7,20528.8659178459,8600.84645935106,0,65,0,189,0,0,0
89,51,8,0,9,0,0,0,0,0,0,0
89,52,1,3251.40019488606,639.600285904111,0,0,0,63,0,0,0
89,52,2,3006.38995212995,941.579131726089,0,0,0,134,0,0,0
89,52,3,3283.64513626485,648.289876053099,0,5,0,174,0,0,0
89,52,4,3525.39502822907,1788.49221776374,0,0,0,116,0,0,0
89,52,5,4136.17728654839,1471.80929332338,0,0,0,132,0,0,0
89,52,6,4675.77566119194,1326.90800477786,0,26,0,152,0,0,0
89,52,7,20592.0082830293,6011.3168599366,0,125,0,216,0,0,0
89,52,8,0,9,0,0,0,0,0,0,0
89,53,1,3250.67936972054,2130.80252056675,0,0,0,63,0,0,0
89,53,2,2997.21934798665,1137.09832352879,0,0,0,94,0,0,0
89,53,3,3263.59655466726,483.112188144883,0,0,0,64,0,0,0
89,53,4,3556.60077705288,1146.44591946828,0,0,0,168,0,0,0
89,53,5,4188.69754055777,1646.56160425317,0,0,0,147,0,0,0
89,53,6,4742.69762829191,1398.65326883603,0,0,0,132,0,0,0
89,53,7,20658.0334851423,7773.93535753306,40,0,0,198,0,0,0
89,53,8,0,9,0,0,0,0,0,0,0
89,54,1,3285.20741319585,1694.73511874298,0,2,0,182,0,0,0
89,54,2,2992.79010299414,875.262117364337,0,0,0,113,0,0,0
89,54,3,3242.79241189157,1545.04276903701,0,0,0,48,0,0,0
89,54,4,3573.24908196219,1504.43630751276,0,0,0,114,0,0,0
89,54,5,4270.03180523324,1991.0992296883,0,0,0,164,0,0,0
89,54,6,4818.71326054976,1909.40742888734,0,0,0,139,0,0,0
89,54,7,20742.1805008679,4784.3316842727,0,45,0,216,0,0,0
89,54,8,0,9,0,0,0,0,0,0,0
89,55,1,3253.46193806732,1155.18753650251,0,122,0,47,0,0,0
89,55,2,2958.08374782875,668.912107128005,0,36,0,51,0,0,0
89,55,3,3227.22874308185,735.758310829192,0,71,0,83,0,0,0
89,55,4,3552.40830484368,1492.61593538587,0,82,0,68,0,0,0
89,55,5,4263.2375376935,1470.4304778721,0,97,0,102,0,0,0
89,55,6,4847.10333224973,1199.0105015805,0,73,0,117,0,0,0
89,55,7,20790.4568189161,6315.82425985505,0,252,0,226,0,0,0
89,55,8,0,9,0,0,0,0,0,0,0
89,56,1,3255.95269488858,1560.25733310244,0,0,0,115,0,0,0
89,56,2,2956.94260182477,824.603310416948,0,0,0,66,0,0,0
89,56,3,3223.0390804283,395.755274498628,0,0,0,73,0,0,0
89,56,4,3586.27448209986,784.475750806164,0,0,0,149,0,0,0
89,56,5,4321.16169294656,1029.2391926319,0,0,0,147,0,0,0
89,56,6,4904.09654499604,2423.8153639071,0,0,0,119,0,0,0
89,56,7,20865.5077735115,6403.02241387674,30,0,0,211,0,0,0
89,56,8,0,9,0,0,0,0,0,0,0
89,57,1,3288.47562624005,978.229583268445,0,0,0,156,0,0,0
89,57,2,2960.69146959118,1095.19482341992,0,0,0,82,0,0,0
89,57,3,3213.13748831416,1805.98687980454,0,0,0,39,0,0,0
89,57,4,3604.90935751835,879.431555072275,0,0,0,78,0,0,0
89,57,5,4393.20768319428,1867.58621321217,0,0,0,102,0,0,0
89,57,6,5027.19557925695,2460.51829285199,3,0,0,190,0,0,0
89,57,7,20968.4167692882,2995.93871895894,22,0,0,258,0,0,0
89,57,8,0,9,0,0,0,0,0,0,0
89,58,1,3283.48298195399,1109.89378607414,0,0,0,97,0,0,0
89,58,2,2957.50534120737,382.692542019018,0,0,0,109,0,0,0
89,58,3,3221.43702208412,1108.19534168895,10,0,0,159,0,0,0
89,58,4,3602.8763946647,2078.72290096881,0,0,0,87,0,0,0
89,58,5,4419.78385719252,1596.38809985692,19,0,0,146,0,0,0
89,58,6,5079.62206524574,3064.17096288539,42,0,0,157,0,0,0
89,58,7,20989.9824623187,8039.27362185839,61,0,0,171,0,0,0
89,58,8,0,9,0,0,0,0,0,0,0
89,59,1,3291.74052570266,1186.08915471634,0,0,0,110,0,0,0
89,59,2,2945.30616199278,635.241723223293,0,0,0,38,0,0,0
89,59,3,3227.01643623285,1161.3359775625,0,0,0,110,0,0,0
89,59,4,3652.13571728316,1600.66469462371,0,0,0,181,0,0,0
89,59,5,4474.34871906547,2920.98118320136,0,0,0,159,0,0,0
89,59,6,5230.94020024263,3016.45172010549,2,0,0,252,0,0,0
89,59,7,21079.1687231509,10182.1748196201,30,0,0,248,0,0,0
89,59,8,0,9,0,0,0,0,0,0,0
89,60,1,3303.68317549271,1977.49029233298,0,0,0,118,0,0,0
89,60,2,2928.74178214435,1400.82723529588,0,0,0,63,0,0,0
89,60,3,3237.52426988893,1303.79238288947,0,0,0,116,0,0,0
89,60,4,3690.89680178511,1115.014540958,0,0,0,160,0,0,0
89,60,5,4556.03258654745,2868.894345678,3,0,0,203,0,0,0
89,60,6,5338.20761115491,2683.58190312609,5,0,0,172,0,0,0
89,60,7,21137.6613165944,12275.0562323487,30,0,0,221,0,0,0
89,60,8,0,9,0,0,0,0,0,0,0
89,61,1,3316.57763654182,1888.96142312299,0,0,0,197,0,0,0
89,61,2,2932.426740218,1227.03225648148,0,0,0,140,0,0,0
89,61,3,3233.11686339686,1642.23663637785,0,0,0,130,0,0,0
89,61,4,3701.66874443989,1633.41491402278,0,0,0,111,0,0,0
89,61,5,4606.61270668465,1309.74826506722,3,0,0,171,0,0,0
89,61,6,5406.42146225046,1310.24901229904,2,0,0,194,0,0,0
89,61,7,21177.3757768453,4232.44267318508,31,1,0,207,0,0,0
89,61,8,0,9,0,0,0,0,0,0,0
89,62,1,3322.35583790443,1548.8894460556,31,0,0,136,0,0,0
89,62,2,2933.22266209816,1081.33102218196,0,0,0,122,0,0,0
89,62,3,3251.63149979677,1622.87375525624,18,0,0,133,0,0,0
89,62,4,3723.5705071814,1897.2929362426,18,0,0,132,0,0,0
89,62,5,4645.84229353154,1525.43676215028,4,0,0,122,0,0,0
89,62,6,5455.91465814578,2834.85141101626,5,0,0,120,0,0,1
89,62,7,21200.9738400371,5600.52183928142,146,0,0,175,0,0,0
89,62,8,0,9,0,0,0,0,0,0,0
89,63,1,3327.25679099582,1687.05605185459,0,9,0,142,0,0,0
89,63,2,2929.69783254061,1157.93136368708,0,0,0,108,0,0,0
89,63,3,3247.83563130627,830.09953574573,0,23,0,130,0,0,0
89,63,4,3745.49893707034,1536.36894706006,0,24,0,156,0,0,0
89,63,5,4678.86552955863,1200.90860995853,0,0,0,152,0,0,0
89,63,6,5515.4614154824,2045.29728179336,0,98,0,146,0,0,0
89,63,7,21226.0357384681,8370.0806536288,2,192,0,205,0,0,0
89,63,8,0,9,0,0,0,0,0,0,0
89,64,1,3350.38602707745,501.793841865088,0,0,0,168,0,0,0
89,64,2,2932.92282374167,1615.02024790084,0,0,0,115,0,0,0
89,64,3,3247.00538047957,1149.34496391601,0,0,0,83,0,0,0
89,64,4,3786.82874519821,1711.89234790538,0,0,0,153,0,0,0
89,64,5,4723.06021087658,1024.20975297696,0,0,0,120,0,0,0
89,64,6,5662.32515440599,3641.59751583171,0,0,0,192,0,0,0
89,64,7,21337.9641237791,13820.0806613625,23,0,0,215,0,0,5
89,64,8,0,9,0,0,0,0,0,0,0
89,65,1,3330.17686835294,1914.71390417799,0,0,0,50,0,0,0
89,65,2,2930.48173709072,1420.96671354656,0,0,0,161,0,0,0
89,65,3,3234.05814054901,1003.66053210056,0,0,0,114,0,0,0
89,65,4,3808.24180941225,1650.85788781907,0,0,0,171,0,0,0
89,65,5,4740.31574720692,2623.80336626648,0,0,0,102,0,0,0
89,65,6,5754.98574996746,3046.10625775367,1,0,0,230,0,0,2
89,65,7,21376.7493443101,9233.58943376728,25,0,0,219,0,0,0
89,65,8,0,9,0,0,0,0,0,0,0
89,66,1,3372.55407914899,879.355191880763,0,0,0,182,0,0,0
89,66,2,2940.81279629852,1439.26498563984,0,0,0,142,0,0,0
89,66,3,3236.64393381218,1572.54776163063,0,0,0,100,0,0,0
89,66,4,3849.60337767753,1357.89136836262,0,0,0,165,0,0,0
89,66,5,4837.33383626889,1834.30916964158,7,0,0,178,0,0,0
89,66,6,5890.12668831889,3662.089475341,8,0,0,208,0,0,0
89,66,7,21439.2836217065,8608.2552737503,65,0,0,193,0,0,0
89,66,8,0,9,0,0,0,0,0,0,0
89,67,1,3364.20018946097,1409.43017470319,0,0,0,87,0,0,0
89,67,2,2933.91130546527,1294.73364250564,0,0,0,143,0,0,0
89,67,3,3242.2503776513,1355.38542643195,0,0,0,155,0,0,0
89,67,4,3859.42856939127,1102.00063258358,0,0,0,135,0,0,0
89,67,5,4881.22880323678,2316.80736342197,0,0,0,183,0,0,0
89,67,6,6014.10284864076,2159.18846987412,0,14,0,219,0,0,0
89,67,7,21482.630039051,5806.84635856274,0,65,0,184,0,0,0
89,67,8,0,9,0,0,0,0,0,0,0
89,68,1,3358.58502778621,1516.75427641789,0,38,0,91,0,0,0
89,68,2,2926.06581748572,1072.94286646589,0,0,0,129,0,0,0
89,68,3,3233.34391135591,1298.26291585499,0,13,0,118,0,0,0
89,68,4,3860.47257309355,1744.56949511091,0,10,0,97,0,0,0
89,68,5,4910.42704922746,2803.28117094795,0,83,0,123,0,0,0
89,68,6,6105.2009455107,1388.90257418667,0,43,0,160,0,0,0
89,68,7,21525.150852669,9525.18388226013,3,146,0,198,0,0,0
89,68,8,0,9,0,0,0,0,0,0,0
89,69,1,3385.15503142192,709.725008225211,0,0,0,151,0,0,0
89,69,2,2917.49939130988,216.19038040828,0,0,0,107,0,0,0
89,69,3,3242.48599949011,2385.78789073065,0,0,0,129,0,0,0
89,69,4,3896.43154684984,2130.8881734567,0,0,0,174,0,0,0
89,69,5,5013.88043289653,1621.98228075892,2,0,0,212,0,0,0
89,69,6,6197.99332819527,3241.19478161993,0,0,0,138,0,0,0
89,69,7,21634.7450165624,7626.12391543452,24,0,0,272,0,0,0
89,69,8,0,9,0,0,0,0,0,0,0
89,70,1,3368.37076530285,1568.05405089154,0,0,0,70,0,0,0
89,70,2,2888.79079141847,738.873858012989,0,0,0,21,0,0,0
89,70,3,3280.12983854522,1084.27384048483,0,0,0,237,0,0,0
89,70,4,3941.23632819385,2335.39675345426,0,0,0,210,0,0,0
89,70,5,5084.25230489853,2260.99609453605,0,0,0,162,0,0,0
89,70,6,6339.9232061386,2584.68881052654,5,0,0,205,0,0,0
89,70,7,21700.5792560021,6483.91635873294,27,0,0,186,0,0,0
89,70,8,0,9,0,0,0,0,0,0,0
89,71,1,3406.00516732851,1005.76717454409,0,0,0,156,0,0,0
89,71,2,2880.53661030463,1527.2561092712,0,0,0,73,0,0,0
89,71,3,3280.09148541317,1533.63572366021,0,0,0,108,0,0,0
89,71,4,4025.78379382252,1773.34446156727,0,0,0,209,0,0,6
89,71,5,5222.14612425065,2102.7078691885,6,0,0,164,0,0,0
89,71,6,6492.00123779164,3375.66148796376,10,0,0,168,0,0,0
89,71,7,21799.3755234696,7473.70809615541,49,0,0,202,0,0,0
89,71,8,0,9,0,0,0,0,0,0,0
89,72,1,3402.98174113677,1358.2196151178,0,0,0,100,0,0,0
89,72,2,2886.24350261419,674.299939117463,0,0,0,152,0,0,0
89,72,3,3286.94588724246,1346.34111508733,0,0,0,153,0,0,0
89,72,4,4060.97574567689,1766.71372333442,0,0,0,177,0,0,0
89,72,5,5297.28874134135,1534.72067234373,0,7,0,162,0,0,0
89,72,6,6577.64876270396,2870.50653636986,0,32,0,153,0,0,0
89,72,7,21841.866336038,7083.62078417353,0,102,0,174,0,0,0
89,72,8,0,9,0,0,0,0,0,0,0
89,73,1,3430.03804561695,1239.05813531134,0,0,0,135,0,0,0
89,73,2,2886.28726704375,1357.45403887543,0,0,0,67,0,0,0
89,73,3,3292.7290162723,751.210377565948,0,0,0,134,0,0,0
89,73,4,4117.26065859018,1426.86590357092,0,0,0,176,0,0,0
89,73,5,5378.57679636587,1064.60876402967,0,0,0,153,0,0,0
89,73,6,6765.72314775532,2479.94494657542,3,0,0,184,0,0,0
89,73,7,21968.8912441252,8376.83897225731,11,7,0,244,0,0,1
89,73,8,0,9,0,0,0,0,0,0,0
89,74,1,3417.75903855071,1253.08001088048,0,72,0,51,0,0,0
89,74,2,2870.73359549976,928.262913003481,0,87,0,48,0,0,0
89,74,3,3260.99291529035,1595.32999892967,0,41,0,34,0,0,0
89,74,4,4121.32235650903,2475.06402577129,0,63,0,79,0,0,0
89,74,5,5399.87829257276,2136.82686531063,0,62,0,44,0,0,0
89,74,6,6861.25579909218,2648.16859140051,0,136,0,111,0,0,0
89,74,7,22056.3688343464,10217.1231675196,7,231,0,190,0,0,0
89,74,8,0,9,0,0,0,0,0,0,0
89,75,1,3417.98737611275,224.369965838144,0,0,0,125,0,0,0
89,75,2,2867.25195930694,438.013026571312,0,0,0,92,0,0,0
89,75,3,3271.40371955843,1163.19367782137,0,0,0,159,0,0,0
89,75,4,4157.85708477772,2123.74876865557,1,0,0,191,0,0,0
89,75,5,5473.28594177653,1643.82007937226,0,0,0,208,0,0,0
89,75,6,6992.57687857114,2519.24563002545,0,0,0,248,0,0,0
89,75,7,22120.4808898727,8785.00056384478,25,0,0,248,0,0,0
89,75,8,0,9,0,0,0,0,0,0,0
89,76,1,3396.49479293259,2363.88010172996,0,0,0,22,0,0,0
89,76,2,2855.94116509454,924.032257258485,0,0,0,43,0,0,0
89,76,3,3287.49224829747,820.324121689776,0,0,0,116,0,0,0
89,76,4,4230.39167509481,2733.24989418557,0,0,0,211,0,0,0
89,76,5,5585.17969783965,1121.84885421322,0,0,0,164,0,0,0
89,76,6,7257.21893766592,2591.301122058,0,0,0,251,0,0,0
89,76,7,22230.4038706159,11961.0734381043,18,0,0,237,0,0,7
89,76,8,0,9,0,0,0,0,0,0,0
89,77,1,3412.42436302902,1040.78671769316,0,0,0,214,0,0,0
89,77,2,2844.86308610518,1075.14522538885,0,0,0,92,0,0,0
89,77,3,3277.71769345901,1407.53010451282,0,0,0,82,0,0,0
89,77,4,4257.11305934091,2375.09535478383,1,0,0,209,0,0,0
89,77,5,5613.07055588441,1325.83440976851,0,0,0,112,0,0,0
89,77,6,7354.21080284928,3909.01896808468,0,0,0,237,0,0,1
89,77,7,22264.2138404197,12108.5201110434,33,0,0,211,0,0,1
89,77,8,0,9,0,0,0,0,0,0,0
89,78,1,3417.92266368579,1199.72124299261,0,0,0,104,0,0,0
89,78,2,2837.56972248802,809.04478187591,0,0,0,107,0,0,0
89,78,3,3281.75499988095,895.009461907085,0,0,0,140,0,0,0
89,78,4,4298.77833027187,1373.56452761949,0,0,0,206,0,0,0
89,78,5,5624.60287199082,1923.55946470418,0,0,0,132,0,0,0
89,78,6,7440.41055432868,4314.48219726975,5,0,0,211,0,0,0
89,78,7,22310.6386205518,8082.86136010096,30,0,0,237,0,0,0
89,78,8,0,9,0,0,0,0,0,0,0
89,79,1,3432.05444229579,1058.01423214458,0,0,0,119,0,0,0
89,79,2,2829.87480719957,1077.68254591406,0,0,0,80,0,0,0
89,79,3,3278.77259191799,761.015917224275,0,0,0,89,0,0,0
89,79,4,4335.90979471877,1869.71570291069,0,0,0,137,0,0,0
89,79,5,5732.77505488193,3202.67965459612,3,0,0,161,0,0,0
89,79,6,7651.67737628475,4374.94828324842,20,0,0,251,0,0,0
89,79,7,22396.6852959418,5372.0271920312,67,0,0,232,0,0,0
89,79,8,0,9,0,0,0,0,0,0,0
89,80,1,3421.52887080652,2116.12584024721,0,55,0,50,0,0,0
89,80,2,2820.22458086888,712.403690954098,0,46,0,61,0,0,0
89,80,3,3249.81446446307,1079.67446854966,0,53,0,23,0,0,0
89,80,4,4363.19829395598,2117.513763819,0,91,0,95,0,0,0
89,80,5,5831.36815670848,1406.86719326529,0,142,0,178,0,0,0
89,80,6,7852.56765811029,945.081669178365,0,218,0,219,0,0,0
89,80,7,22522.3124947378,7986.52151936056,0,269,0,268,0,0,0
89,80,8,0,9,0,0,0,0,0,0,0
89,81,1,3478.10758517002,1735.87517492912,0,0,0,211,0,0,0
89,81,2,2815.1224265318,1191.76727213346,0,0,0,71,0,0,0
89,81,3,3254.97577208449,1487.96407971569,0,0,0,107,0,0,0
89,81,4,4422.90198547416,2358.95037383196,0,0,0,195,0,0,0
89,81,5,5902.34647469566,1184.77312812955,0,0,0,140,0,0,0
89,81,6,7918.78367615463,4031.11308935636,0,0,0,94,0,0,0
89,81,7,22604.2394069517,5340.65585959772,30,0,0,200,0,0,0
89,81,8,0,9,0,0,0,0,0,0,0
89,82,1,3497.37458896269,1500.24300803189,10,0,0,138,0,0,0
89,82,2,2824.08766289886,1817.96979605488,0,0,0,119,0,0,0
89,82,3,3268.82160172735,1562.77417391108,0,0,0,148,0,0,0
89,82,4,4456.04192729692,2010.76236534273,21,0,0,162,0,0,0
89,82,5,5949.17245901644,3423.97278286404,0,0,0,118,0,0,0
89,82,6,8020.33019864835,1970.8179583135,73,0,0,147,0,0,0
89,82,7,22633.6905028306,12230.7443067668,109,0,0,149,0,0,0
89,82,8,0,9,0,0,0,0,0,0,0
89,83,1,3506.4971642597,1309.29350308959,0,0,0,150,0,0,0
89,83,2,2832.08123411612,1165.63316011767,0,0,0,175,0,0,0
89,83,3,3275.07566808385,2129.95712452519,0,0,0,156,0,0,0
89,83,4,4488.30039209513,1873.09033280795,0,0,0,188,0,0,0
89,83,5,6035.11877304775,1102.2548248574,6,0,0,197,0,0,0
89,83,6,8114.41664657062,1298.49030997004,0,0,0,197,0,0,0
89,83,7,22690.4841182509,6001.14843139487,42,0,0,222,0,0,0
89,83,8,0,9,0,0,0,0,0,0,0
89,84,1,3537.48767979975,1173.37577133113,0,0,0,130,0,0,0
89,84,2,2840.99640362088,352.368664708376,0,0,0,116,0,0,0
89,84,3,3317.1906066488,1782.20286294245,33,0,0,153,0,0,0
89,84,4,4540.62380834419,2151.69629693224,19,0,0,153,0,0,0
89,84,5,6109.94687596589,2396.92251875544,0,0,0,110,0,0,0
89,84,6,8243.07990742673,3845.26818937874,2,0,0,126,0,0,0
89,84,7,22802.832143545,13776.1747100875,212,0,0,218,0,0,0
89,84,8,0,9,0,0,0,0,0,0,0
89,85,1,3530.81737071265,1039.32790884977,0,0,0,117,0,0,0
89,85,2,2822.71987396214,1214.24058086891,0,0,0,35,0,0,0
89,85,3,3332.7493604107,1293.35020014211,0,0,0,173,0,0,0
89,85,4,4590.12838591055,1288.44990681747,0,0,0,215,0,0,0
89,85,5,6144.57284947741,2692.52618930577,1,0,0,195,0,0,0
89,85,6,8344.25522520619,3774.60360067428,6,0,0,213,0,0,0
89,85,7,22856.5062343176,8364.24166409183,39,0,0,246,0,0,0
89,85,8,0,9,0,0,0,0,0,0,0
89,86,1,3555.65600100924,2031.30610409972,0,0,0,103,0,0,0
89,86,2,2840.16488547898,1174.28814478139,0,0,0,121,0,0,0
89,86,3,3353.14530054951,797.677959507123,0,0,0,129,0,0,0
89,86,4,4629.15142323142,781.745524213353,0,0,0,128,0,0,0
89,86,5,6256.33685978349,3695.77703353874,6,0,0,187,0,0,1
89,86,6,8580.85525121425,3427.66127391569,9,0,0,254,0,0,0
89,86,7,22932.8774493787,9692.0497523667,52,0,0,183,0,0,0
89,86,8,0,9,0,0,0,0,0,0,0
89,87,1,3589.43606469863,1732.16718604289,0,0,0,201,0,0,0
89,87,2,2838.80152419452,1102.44212652213,0,0,0,117,0,0,0
89,87,3,3342.94054219697,1542.90873824659,0,0,0,79,0,0,0
89,87,4,4639.67275744462,1713.46443291138,0,0,0,78,0,0,0
89,87,5,6383.4432379262,2928.7037174872,5,0,0,282,0,0,0
89,87,6,8774.57969617965,4397.90862271912,3,0,0,297,0,0,0
89,87,7,22971.738419769,8088.19289634212,53,0,0,190,0,0,0
89,87,8,0,9,0,0,0,0,0,0,0
89,88,1,3626.11152269999,1008.6758234455,14,0,0,149,0,0,0
89,88,2,2844.85364381699,940.876676951947,0,0,0,110,0,0,0
89,88,3,3359.98331596772,1741.00073020151,0,0,0,154,0,0,0
89,88,4,4682.38574033436,3699.59808545693,18,0,0,140,0,0,0
89,88,5,6502.57984832608,3315.72809889865,79,0,0,158,0,0,0
89,88,6,8995.79029305765,3912.52128940431,152,0,0,181,0,0,0
89,88,7,23108.5824950019,13328.9328925549,304,0,0,292,0,0,0
89,88,8,0,9,0,0,0,0,0,0,0
89,89,1,3594.48132997533,815.62152159992,0,0,0,100,0,0,0
89,89,2,2826.63125898006,921.848150032365,0,0,0,94,0,0,0
89,89,3,3356.68324106707,2007.39323421506,0,0,0,174,0,0,0
89,89,4,4708.172058776,2533.73056284427,7,0,0,223,0,0,0
89,89,5,6580.71946862089,2283.17484815161,3,0,0,250,0,0,0
89,89,6,9128.43826816699,1887.21491649882,9,0,0,209,0,0,0
89,89,7,23143.9941733841,6934.14826944323,57,0,0,181,0,0,0
89,89,8,0,9,0,0,0,0,0,0,0
89,90,1,3551.24191801602,965.110891555113,0,57,0,24,0,0,0
89,90,2,2795.08083688369,764.703825506267,0,46,0,46,0,0,0
89,90,3,3346.00685787138,1091.49619129015,0,100,0,100,0,0,0
89,90,4,4704.53808569279,1994.92962876832,0,132,0,121,0,0,0
89,90,5,6612.68188526769,1665.18923164962,0,132,0,96,0,0,0
89,90,6,9204.65603040657,3621.84757216564,0,92,0,96,0,0,0
89,90,7,23259.1586830132,6401.74220760077,1,329,0,276,0,0,0
89,90,8,0,9,0,0,0,0,0,0,0
89,91,1,3569.05565309921,1413.44782067936,0,0,0,96,0,0,0
89,91,2,2802.11675544852,1075.86531609495,0,0,0,76,0,0,0
89,91,3,3376.07502207377,1760.91223685595,0,0,0,109,0,0,0
89,91,4,4797.21276057922,911.811888135542,1,0,0,184,0,0,0
89,91,5,6816.92279054083,1481.29191692681,0,0,0,166,0,0,0
89,91,6,9566.22879386637,3779.52333951001,9,0,0,225,0,0,0
89,91,7,23414.7867521455,11252.4131914325,26,0,0,245,0,0,0
89,91,8,0,9,0,0,0,0,0,0,0
89,92,1,3588.53273946201,1410.13668338315,0,0,0,141,0,0,0
89,92,2,2806.24066826261,1360.54720917407,0,0,0,107,0,0,0
89,92,3,3410.40336445815,594.061561956479,0,0,0,176,0,0,0
89,92,4,4823.60137481893,2028.82688547069,0,0,0,91,0,0,0
89,92,5,6902.3849497977,2253.12167389395,0,0,0,148,0,0,0
89,92,6,9836.86707717649,6248.32807149515,2,0,0,256,0,0,2
89,92,7,23514.371356168,8148.10835757418,26,0,0,200,0,0,1
89,92,8,0,9,0,0,0,0,0,0,0
89,93,1,3611.38730893201,1274.57261360319,0,0,0,141,0,0,0
89,93,2,2822.4997641135,1415.00556682014,0,0,0,136,0,0,0
89,93,3,3405.65069768994,1748.5209202471,0,0,0,59,0,0,0
89,93,4,4901.97209775056,1271.18320319877,3,0,0,169,0,0,0
89,93,5,7047.98434441066,2194.96312893934,3,0,0,195,0,0,0
89,93,6,10054.5151869086,3056.67047393651,53,0,0,182,0,0,0
89,93,7,23619.1483183033,8825.96006668276,75,0,0,188,0,0,0
89,93,8,0,9,0,0,0,0,0,0,0
89,94,1,3647.32747174762,1186.43160008548,0,0,0,127,0,0,0
89,94,2,2846.50085503141,1280.1844989145,0,0,0,141,0,0,0
89,94,3,3475.17607221562,1153.50698670857,0,0,0,174,0,0,0
89,94,4,4968.37275033741,3419.42514579155,0,0,0,127,0,0,0
89,94,5,7293.40263079228,4024.76273036869,2,0,0,185,0,0,0
89,94,6,10503.8986020418,5409.1145785032,9,0,0,201,0,0,0
89,94,7,23803.8411247531,15083.728560901,51,0,0,278,0,0,0
89,94,8,0,9,0,0,0,0,0,0,0
89,95,1,3641.43135891768,1780.68683615792,0,0,0,118,0,0,0
89,95,2,2848.57262125657,1365.76483219232,0,0,0,128,0,0,0
89,95,3,3480.93310549204,1988.49902560176,0,0,0,115,0,0,0
89,95,4,5028.86084735621,818.274728516757,4,0,0,181,0,0,0
89,95,5,7387.31849564786,5486.27966342212,3,0,0,221,0,0,0
89,95,6,10589.7881861996,8508.08255578395,9,0,0,217,0,0,0
89,95,7,23848.9560917087,12756.7774363909,39,0,0,220,0,0,0
89,95,8,0,9,0,0,0,0,0,0,0
89,96,1,3675.00191759157,1668.38839458505,0,0,0,176,0,0,0
89,96,2,2857.21279812662,1549.50147248924,0,0,0,136,0,0,0
89,96,3,3505.69606377436,2528.2212286332,0,0,0,193,0,0,0
89,96,4,5040.76671057989,2366.40191902194,0,0,0,81,0,0,0
89,96,5,7509.51893161093,1904.78360362484,23,0,0,172,0,0,0
89,96,6,10768.1154565937,5940.9207815608,42,0,0,165,0,0,0
89,96,7,23888.1474683715,14814.7901029305,66,0,0,198,0,0,0
89,96,8,0,9,0,0,0,0,0,0,0
89,97,1,3681.67651585882,1341.13946645478,0,0,0,166,0,0,0
89,97,2,2851.20051188538,1094.80569093098,0,0,0,154,0,0,0
89,97,3,3516.35665304258,1054.96410003652,2,0,0,189,0,0,0
89,97,4,5100.86153977829,1679.59400764823,0,0,0,235,0,0,0
89,97,5,7567.05254155939,3952.5879295899,0,0,0,189,0,0,0
89,97,6,10905.1707751913,3733.77693035384,16,0,0,188,0,0,0
89,97,7,23932.4147166706,14761.5225206072,50,0,0,252,0,0,0
89,97,8,0,9,0,0,0,0,0,0,0
89,98,1,3676.41128607323,1754.02930389593,0,0,0,134,0,0,0
89,98,2,2832.79352633068,949.376484646897,0,0,0,109,0,0,0
89,98,3,3516.95007334787,2224.80370942438,0,0,0,105,0,0,0
89,98,4,5137.42583919684,1322.26256798793,0,0,0,167,0,0,0
89,98,5,7634.03395728703,1502.521409509,11,0,0,185,0,0,0
89,98,6,11074.4689481252,5766.27955644906,6,0,0,242,0,0,0
89,98,7,23964.8455749816,8306.93094100827,65,0,0,223,0,0,0
89,98,8,0,9,0,0,0,0,0,0,0
89,99,1,3745.57836765848,671.241413176995,0,0,0,175,0,0,0
89,99,2,2830.44185769177,1274.1965261884,0,0,0,94,0,0,0
89,99,3,3592.89576028977,624.277434935835,0,9,0,165,0,0,0
89,99,4,5202.51910673653,2310.17554393033,0,0,0,132,0,0,0
89,99,5,7884.29796634239,4078.44747839319,0,0,0,150,0,0,0
89,99,6,11642.7431403852,6733.41023803418,0,53,0,246,0,0,0
89,99,7,24085.4361966489,9269.53263009444,0,103,0,191,0,0,0
89,99,8,0,9,0,0,0,0,0,0,0
89,100,1,3762.58657693745,2079.65534731981,0,0,0,67,0,0,0
89,100,2,2849.73070823305,816.679059340888,0,0,0,127,0,0,0
89,100,3,3607.83411041491,1602.91886109289,0,0,0,62,0,0,0
89,100,4,5330.05064582532,2195.86077438847,0,0,0,225,0,0,0
89,100,5,8248.77033239263,1561.67416987943,9,0,0,203,0,0,0
89,100,6,12359.0572153147,3202.61159006443,17,0,0,285,0,0,0
89,100,7,24250.9665799352,12558.7777622814,32,0,0,200,0,0,0
89,100,8,0,9,0,0,0,0,0,0,0
90,1,1,2877.4336,887.337763106662,0,0,0,92,0,0,0
90,1,2,2882.336,1068.93462357921,0,0,0,99,0,0,0
90,1,3,2869.5696,932.787148440499,0,0,0,38,0,0,0
90,1,4,2873.8192,916.652180522668,0,0,0,83,0,0,0
90,1,5,2877.328,991.532872406327,0,0,0,99,0,0,0
90,1,6,2875.096,540.770762050739,0,0,0,90,0,0,0
90,1,7,19779.0735999999,5001.67567301518,0,0,0,1,0,0,0
90,1,8,0,2,0,0,0,84,0,0,0
90,2,1,2880.2512,1389.08377484058,0,0,0,88,0,0,0
90,2,2,2893.448,1258.15598914872,0,0,0,106,0,0,0
90,2,3,2877.1376,1144.73588308593,0,0,0,93,0,0,0
90,2,4,2876.51424,1247.76477193738,0,0,0,91,0,0,0
90,2,5,2880.0656,1259.39415392562,0,0,0,99,0,0,0
90,2,6,2870.728,1106.27210762556,0,0,0,54,0,0,0
90,2,7,19754.5023999999,6951.47471549607,10,2,0,288,0,0,0
90,2,8,0,2,0,0,0,0,0,0,0
90,3,1,2892.8176,1044.87967168256,0,0,0,138,0,0,0
90,3,2,2909.096,1024.02185378346,0,0,0,125,0,0,0
90,3,3,2891.9968,1814.76969840789,0,0,0,114,0,0,0
90,3,4,2887.492544,838.034951737695,0,0,0,124,0,0,0
90,3,5,2891.4928,564.549070018304,0,0,0,125,0,0,0
90,3,6,2879.4096,1097.08832022456,0,0,0,110,0,0,0
90,3,7,19724.3571199997,13517.5042535344,23,0,0,225,0,0,0
90,3,8,0,2,0,0,0,0,0,0,0
90,4,1,2898.6768,1162.12896238868,0,0,0,104,0,0,0
90,4,2,2917.56,1663.53442206885,0,0,0,102,0,0,0
90,4,3,2916.0992,1690.50781932993,0,0,0,181,0,0,0
90,4,4,2890.98502400001,1366.99937938621,0,0,0,83,0,0,0
90,4,5,2885.23392,1718.36893798391,0,0,0,56,0,0,0
90,4,6,2883.8112,1014.05345734472,0,0,0,109,0,0,0
90,4,7,19688.7683199997,8759.35232668733,24,0,0,200,0,0,0
90,4,8,0,2,0,0,0,0,0,0,0
90,5,1,2898.1488,484.358539085531,0,49,0,67,0,0,0
90,5,2,2914.22368,783.343695492889,0,101,0,65,0,0,0
90,5,3,2920.76768,1505.33952950194,0,72,0,97,0,0,0
90,5,4,2890.27622400001,756.0542777749,0,75,0,61,0,0,0
90,5,5,2884.02656,1182.85640790163,0,78,0,93,0,0,0
90,5,6,2876.272384,1913.46971368197,0,51,0,50,0,0,0
90,5,7,19650.2531199997,4692.6953393649,6,246,0,240,0,0,0
90,5,8,0,2,0,0,0,0,0,0,0
90,6,1,2900.7456,1429.32016353947,0,0,0,48,0,0,0
90,6,2,2927.30208,1099.55979984881,0,0,0,78,0,0,0
90,6,3,2948.62816,1097.30165287068,0,0,0,150,0,0,0
90,6,4,2903.908224,1467.00963668585,0,0,0,75,0,0,0
90,6,5,2904.520064,1428.31364272179,0,0,0,118,0,0,0
90,6,6,2906.072384,1299.17970699876,0,0,0,189,0,0,0
90,6,7,19644.7267199997,5668.05091076337,42,0,0,187,0,0,0
90,6,8,0,2,0,0,0,0,0,0,0
90,7,1,2922.20959999999,1131.37389382914,0,0,0,142,0,0,0
90,7,2,2945.12768,951.951220986708,0,0,0,109,0,0,0
90,7,3,2968.4064,915.543253277763,0,0,0,109,0,0,0
90,7,4,2929.326144,844.063270710456,0,0,0,146,0,0,0
90,7,5,2929.452864,1231.80374862263,0,0,0,142,0,0,0
90,7,6,2924.814464,1309.74819550433,0,0,0,129,0,0,0
90,7,7,19640.9347199997,5675.23409558156,37,0,0,194,0,0,0
90,7,8,0,2,0,0,0,0,0,0,0
90,8,1,2941.895424,1415.63938294349,0,0,0,113,0,0,0
90,8,2,2963.73958400001,862.647945360071,0,0,0,95,0,0,0
90,8,3,2984.25088,1658.27862033397,0,0,0,91,0,0,0
90,8,4,2946.790464,1437.67777623282,0,0,0,84,0,0,0
90,8,5,2952.847744,931.835030615893,0,0,0,123,0,0,0
90,8,6,2946.035584,1678.98585576493,0,0,0,130,0,0,0
90,8,7,19663.8623999996,9615.12570252135,31,0,0,256,0,0,0
90,8,8,0,2,0,0,0,0,0,0,0
90,9,1,2962.045504,705.359293134885,0,0,0,141,0,0,0
90,9,2,2975.05856,398.795215578954,0,0,0,86,0,0,0
90,9,3,3010.80448,1079.48649972204,0,0,0,165,0,0,0
90,9,4,2972.5391488,1883.62476202756,0,0,0,143,0,0,0
90,9,5,2966.180544,1645.33686356616,0,0,0,93,0,0,0
90,9,6,2970.27648,1566.98486815965,0,0,0,167,0,0,0
90,9,7,19675.6047999995,9079.08689520113,26,1,0,251,0,0,0
90,9,8,0,2,0,0,0,0,0,0,0
90,10,1,2968.433024,1037.69886335184,0,0,0,70,0,0,0
90,10,2,2973.60576,774.992963644527,0,0,0,39,0,0,0
90,10,3,3024.60255999999,688.8359486243,0,0,0,107,0,0,0
90,10,4,3007.3337216,1653.52640842385,0,0,0,188,0,0,0
90,10,5,2994.6951168,1440.31318097528,0,0,0,164,0,0,0
90,10,6,2992.805504,2074.96424181664,0,0,0,156,0,0,0
90,10,7,19692.2986239996,9132.84289615175,21,0,0,277,0,0,0
90,10,8,0,2,0,0,0,0,0,0,0
90,11,1,2980.522624,1293.43830297043,0,0,0,103,0,0,0
90,11,2,2981.10624000001,850.890199406545,0,0,0,77,0,0,0
90,11,3,3035.034368,881.746391707754,0,0,0,68,0,0,0
90,11,4,3040.3020416,1083.58304976785,0,0,0,165,0,0,0
90,11,5,3022.59751680001,1574.72597234691,0,0,0,144,0,0,0
90,11,6,3028.6583168,1263.52088901046,1,0,0,187,0,0,0
90,11,7,19703.7587455994,5831.26189424549,42,0,0,219,0,0,0
90,11,8,0,2,0,0,0,0,0,0,0
90,12,1,2994.10456576,1292.47101118398,1,0,0,127,0,0,0
90,12,2,2989.613056,1758.32557226416,0,0,0,85,0,0,0
90,12,3,3045.048768,516.235850293576,0,0,0,88,0,0,0
90,12,4,3056.6927616,708.130591222545,0,0,0,108,0,0,0
90,12,5,3042.9530368,820.066999869417,6,0,0,143,0,0,0
90,12,6,3047.65319680001,2050.34616869175,0,0,0,126,0,0,0
90,12,7,19702.4925695994,13557.9266144365,132,0,0,205,0,0,13
90,12,8,0,2,0,0,0,0,0,0,0
90,13,1,3014.728730112,981.975605653911,0,0,0,129,0,0,0
90,13,2,3015.91699200001,1190.86544811016,0,0,0,175,0,0,0
90,13,3,3045.540224,1293.35982521775,0,0,0,51,0,0,0
90,13,4,3065.8607616,1492.40726518093,0,0,0,70,0,0,0
90,13,5,3050.8331008,820.530566500137,0,0,0,82,0,0,0
90,13,6,3080.7291136,917.746294955031,0,0,0,205,0,0,0
90,13,7,19709.8908415994,6801.91408921875,41,0,0,205,0,0,0
90,13,8,0,2,0,0,0,0,0,0,0
90,14,1,3022.81065011201,1761.88548567765,0,0,0,98,0,0,0
90,14,2,3027.53574400001,1764.31401413812,0,0,0,119,0,0,0
90,14,3,3064.13024000001,1280.77418096971,0,0,0,129,0,0,0
90,14,4,3087.01642240001,1190.15951923214,4,0,0,140,0,0,0
90,14,5,3058.67598080001,1065.22002774781,0,0,0,82,0,0,0
90,14,6,3088.41633536001,783.541737568617,0,0,0,91,0,0,0
90,14,7,19730.0785023993,10208.5895499914,208,0,0,243,0,0,0
90,14,8,0,2,0,0,0,0,0,0,0
90,15,1,3040.16063016961,1255.00010835922,0,0,0,176,0,0,0
90,15,2,3049.02494720001,468.099472904758,0,0,0,176,0,0,0
90,15,3,3073.88998400001,1566.52055518642,0,0,0,128,0,0,0
90,15,4,3099.78698496001,1952.49367095508,0,0,0,119,0,0,0
90,15,5,3064.09870080001,913.727671910411,0,0,0,106,0,0,0
90,15,6,3094.26356736,1195.61745995055,0,0,0,78,0,0,0
90,15,7,19745.4122623993,8472.10237945131,54,0,0,196,0,0,0
90,15,8,0,2,0,0,0,0,0,0,0
90,16,1,3055.92992040961,1133.88538276968,0,0,0,125,0,0,0
90,16,2,3042.12543744001,1708.37049488861,0,0,0,46,0,0,0
90,16,3,3098.07659776001,1612.95941640436,2,0,0,146,0,0,0
90,16,4,3124.09693747201,1881.42840429134,14,0,0,153,0,0,0
90,16,5,3076.48551680001,749.88837342225,0,0,0,91,0,0,0
90,16,6,3113.62413824001,1022.04907911865,0,0,0,119,0,0,0
90,16,7,19777.9535001593,3704.82858475794,202,0,0,241,0,0,0
90,16,8,0,2,0,0,0,0,0,0,0
90,17,1,3061.73296996353,764.433615772437,0,0,0,113,0,0,0
90,17,2,3059.38725427201,1434.42457399263,17,0,0,143,0,0,0
90,17,3,3112.88260608001,1703.66991315004,30,0,0,113,0,0,0
90,17,4,3142.60207206401,1270.62106389277,33,0,0,134,0,0,0
90,17,5,3077.59068160001,1341.1887306998,1,0,0,73,0,0,0
90,17,6,3131.28060979201,1220.80599969218,0,0,0,102,0,0,0
90,17,7,19795.5514419192,5503.19572172706,143,0,0,139,0,0,0
90,17,8,0,2,0,0,0,0,0,0,0
90,18,1,3049.06962276353,1098.97772824375,0,0,0,76,0,0,0
90,18,2,3070.45094707201,1766.81809217096,0,0,0,143,0,0,0
90,18,3,3134.04920627201,1081.99310286323,0,0,0,170,0,0,0
90,18,4,3157.84980377601,1589.17885490909,0,0,0,127,0,0,0
90,18,5,3085.55184640001,1489.24386949979,0,0,0,134,0,0,0
90,18,6,3148.78739107841,1508.92996847518,0,0,0,122,0,0,0
90,18,7,19814.6238315512,9359.95762126921,41,0,0,197,0,0,0
90,18,8,0,2,0,0,0,0,0,0,0
90,19,1,3053.25005719553,1373.09908106411,0,0,0,109,0,0,0
90,19,2,3086.71835146241,1442.19899965239,0,0,0,176,0,0,0
90,19,3,3140.58560307201,1614.88881052063,0,0,0,108,0,0,0
90,19,4,3181.87753369601,899.517205246738,0,0,0,158,0,0,0
90,19,5,3104.24250880001,807.484904703631,0,0,0,148,0,0,0
90,19,6,3172.78051747841,661.377450822844,0,0,0,150,0,0,0
90,19,7,19853.5169029111,4968.04157118174,33,0,0,238,0,0,0
90,19,8,0,2,0,0,0,0,0,0,0
90,20,1,3063.93212055553,1398.32914841289,0,0,0,137,0,0,0
90,20,2,3104.73500733441,1585.62812517827,0,0,0,144,0,0,0
90,20,3,3165.45956802561,1049.17415118767,0,0,0,161,0,0,0
90,20,4,3187.68336650242,1280.52644878256,0,0,0,89,0,0,0
90,20,5,3107.28700416001,998.281610678332,0,0,0,80,0,0,0
90,20,6,3174.36615968769,512.884627166048,0,0,0,66,0,0,0
90,20,7,19873.5876920311,13310.4252864872,53,0,0,189,0,0,0
90,20,8,0,2,0,0,0,0,0,0,0
90,21,1,3068.38054612993,411.684398398525,0,0,0,139,0,0,0
90,21,2,3117.41425633281,1050.85012766451,0,0,0,158,0,0,0
90,21,3,3158.81259509761,1463.23644061197,0,0,0,104,0,0,0
90,21,4,3194.95136471042,1183.23323361166,0,0,0,128,0,0,0
90,21,5,3105.97258803201,1032.06341329343,0,0,0,99,0,0,0
90,21,6,3172.12233248769,1335.9174748164,0,0,0,51,0,0,0
90,21,7,19897.5663160311,8422.87750073469,32,0,0,286,0,0,0
90,21,8,0,2,0,0,0,0,0,0,0
90,22,1,3057.59299848193,1366.62714990687,0,0,0,41,0,0,0
90,22,2,3117.09992081409,1189.06642351463,0,0,0,105,0,0,0
90,22,3,3171.70163628033,952.553999442963,0,0,0,146,0,0,0
90,22,4,3206.00112957441,1541.71470147954,0,0,0,118,0,0,0
90,22,5,3120.17292083201,865.154767014288,0,0,0,103,0,0,0
90,22,6,3193.96239718401,1921.34925850397,0,0,0,133,0,0,0
90,22,7,19928.7959280631,14240.1266638214,161,0,0,241,0,0,1
90,22,8,0,2,0,0,0,0,0,0,0
90,23,1,3061.31569108993,1050.11433159673,0,0,0,136,0,0,0
90,23,2,3114.01782055323,730.070148665726,0,0,0,118,0,0,0
90,23,3,3162.29080236033,1250.526769622,0,0,0,95,0,0,0
90,23,4,3213.79277322241,1412.59690535697,0,0,0,154,0,0,0
90,23,5,3113.27654963201,1605.96044750718,0,0,0,86,0,0,0
90,23,6,3218.3213990953,1410.65084738764,0,0,0,192,0,0,0
90,23,7,19945.529588223,7015.63512049447,2,26,0,240,0,0,0
90,23,8,0,2,0,0,0,0,0,0,0
90,24,1,3061.78185428993,1413.77451364725,0,0,0,105,0,0,0
90,24,2,3100.99582196123,1809.68085509501,0,0,0,73,0,0,0
90,24,3,3158.71326636033,821.398251403312,0,0,0,125,0,0,0
90,24,4,3219.00900249601,1402.95584463375,0,0,0,141,0,0,0
90,24,5,3124.67496294401,1813.20698950529,0,0,0,157,0,0,0
90,24,6,3233.57628456433,606.163061190008,0,0,0,141,0,0,0
90,24,7,19947.076404223,5968.80982118407,0,138,0,190,0,0,0
90,24,8,0,2,0,0,0,0,0,0,0
90,25,1,3083.67614750311,772.063144559485,0,0,0,141,0,0,0
90,25,2,3142.97354303899,1168.95204025072,0,0,0,180,0,0,0
90,25,3,3163.21530562151,524.990142677683,0,0,0,82,0,0,0
90,25,4,3235.89177155585,1192.28001321378,0,0,0,140,0,0,0
90,25,5,3156.28969840641,1265.70736513087,0,0,0,181,0,0,0
90,25,6,3238.11947659147,758.843275049924,0,0,0,60,0,0,0
90,25,7,19986.916440575,7838.84180009106,35,0,0,185,0,0,0
90,25,8,0,2,0,0,0,0,0,0,0
90,26,1,3076.55529707111,811.994509823081,0,0,0,77,0,0,0
90,26,2,3138.55858854299,788.276165079142,0,0,0,116,0,0,0
90,26,3,3147.72021921793,1191.44940244303,0,0,0,52,0,0,0
90,26,4,3224.44780150786,2188.77807405079,0,0,0,119,0,0,0
90,26,5,3159.04053053441,779.207718801291,0,0,0,126,0,0,0
90,26,6,3234.67813003147,678.265021644995,0,0,0,75,0,0,0
90,26,7,20014.269413375,13074.0999620165,24,0,0,239,0,0,0
90,26,8,0,2,0,0,0,0,0,0,0
90,27,1,3069.91070688871,1389.21666921526,0,0,0,81,0,0,0
90,27,2,3128.29929107867,1188.22423155762,0,0,0,78,0,0,0
90,27,3,3141.92815800321,1034.47387268406,0,0,0,119,0,0,0
90,27,4,3230.34336987138,1014.66314773391,0,1,0,177,0,0,0
90,27,5,3144.50729277441,1090.58433097723,0,0,0,77,0,0,0
90,27,6,3233.27203644422,1291.39207045602,0,0,0,67,0,0,0
90,27,7,20028.4149840886,11270.0624291855,0,43,0,232,0,0,0
90,27,8,0,2,0,0,0,0,0,0,0
90,28,1,3074.50152062977,1488.1556709915,0,0,0,138,0,0,0
90,28,2,3125.51922808014,1195.52154641695,0,0,0,118,0,0,0
90,28,3,3139.31654154241,1602.34010633142,0,0,0,103,0,0,0
90,28,4,3227.9036867789,1353.95914803989,0,0,0,101,0,0,0
90,28,5,3144.90390589441,1701.25407847893,0,0,0,109,0,0,0
90,28,6,3245.05546378475,2085.90285831074,0,0,0,129,0,0,0
90,28,7,20046.4401123523,7634.26823926917,3,209,0,170,0,0,0
90,28,8,0,2,0,0,0,0,0,0,0
90,29,1,3080.91692783617,1115.90796870978,0,0,0,148,0,0,0
90,29,2,3125.41360152168,1300.57041821797,0,0,0,119,0,0,0
90,29,3,3141.34690357249,952.777623432665,0,0,0,160,0,0,0
90,29,4,3228.61215201282,1262.4867336253,0,0,0,135,0,0,0
90,29,5,3159.75729582082,392.535403555565,0,0,0,170,0,0,0
90,29,6,3285.02312588523,1176.49955289178,0,0,0,208,0,0,0
90,29,7,20082.2800236739,9925.09574753384,29,0,0,193,0,0,0
90,29,8,0,2,0,0,0,0,0,0,0
90,30,1,3092.89723138049,1095.14799972519,0,0,0,111,0,0,0
90,30,2,3123.75238641338,1624.82739485611,0,0,0,130,0,0,0
90,30,3,3144.05076367279,1005.1460437624,0,0,0,95,0,0,0
90,30,4,3239.47897573378,1493.8258921676,0,0,0,126,0,0,0
90,30,5,3145.52885268482,1227.54922673315,0,0,0,39,0,0,0
90,30,6,3313.89295018594,927.674906271227,0,0,0,117,0,0,0
90,30,7,20133.498981461,5918.5949390599,28,0,0,201,0,0,0
90,30,8,0,2,0,0,0,0,0,0,0
90,31,1,3080.03926335489,1803.16108105064,0,46,0,63,0,0,0
90,31,2,3109.11223507027,1351.81455558455,0,78,0,84,0,0,0
90,31,3,3123.93155785537,976.359221851363,0,48,0,52,0,0,0
90,31,4,3220.09604325378,840.011694735766,0,73,0,76,0,0,0
90,31,5,3133.70055710722,1620.36353019033,0,59,0,63,0,0,0
90,31,6,3307.58230495842,765.892445696174,0,48,0,44,0,0,0
90,31,7,20183.2657512069,2456.8409875751,0,301,0,290,0,0,0
90,31,8,0,2,0,0,0,0,0,0,0
90,32,1,3081.27185563649,940.99493406433,82,0,0,90,0,0,0
90,32,2,3109.74809135187,1581.28072690191,48,0,0,82,0,0,0
90,32,3,3119.38802168314,2004.78817341745,16,0,0,80,0,0,0
90,32,4,3213.12064946178,1237.31157495574,28,0,0,53,0,0,0
90,32,5,3141.70389790722,1251.15689266438,68,0,0,87,0,0,0
90,32,6,3316.78272879202,1511.03310442463,5,0,0,71,0,0,0
90,32,7,20200.2196712069,4116.72671339859,126,0,0,107,0,0,0
90,32,8,0,2,0,0,0,0,0,0,0
90,33,1,3092.60123279361,1274.83486260335,0,0,0,94,0,0,0
90,33,2,3130.60894031955,1651.48062413158,0,0,0,158,0,0,0
90,33,3,3148.22521543571,1974.08608768137,1,0,0,196,0,0,0
90,33,4,3219.6373182556,1319.57945211467,0,0,0,123,0,0,0
90,33,5,3152.47691139483,1413.83266526647,0,0,0,125,0,0,0
90,33,6,3346.20423758434,1271.02376822196,0,0,0,151,0,0,0
90,33,7,20210.2846701189,5839.4433517988,60,0,0,177,0,0,0
90,33,8,0,2,0,0,0,0,0,0,0
90,34,1,3131.96717103252,1450.77018811634,0,0,0,127,0,0,0
90,34,2,3190.4371900077,1415.70962116305,0,0,0,165,0,0,0
90,34,3,3195.19736079778,1039.06533638469,0,0,0,188,0,0,0
90,34,4,3262.0674351329,1411.29568005384,0,0,0,131,0,0,0
90,34,5,3187.73510010144,1364.58749583896,0,0,0,141,0,0,0
90,34,6,3387.17353815199,1522.62295563086,0,0,0,127,0,0,0
90,34,7,20293.0544306575,6174.48947376504,22,0,0,295,0,0,0
90,34,8,0,2,0,0,0,0,0,0,0
90,35,1,3155.79689837004,1118.40781001258,0,0,0,145,0,0,0
90,35,2,3215.91845230069,1061.20713760541,0,0,0,141,0,0,0
90,35,3,3205.25257832334,433.894440450399,0,0,0,103,0,0,0
90,35,4,3281.81252510307,1507.39030270285,0,0,0,141,0,0,0
90,35,5,3205.69753387121,1523.99494578884,0,0,0,136,0,0,0
90,35,6,3422.91923659935,2069.73164515531,0,0,0,152,0,0,0
90,35,7,20321.9029810533,12520.8084901286,31,0,0,229,0,0,1
90,35,8,0,2,0,0,0,0,0,0,0
90,36,1,3168.97176011212,1105.96491220026,0,0,0,111,0,0,0
90,36,2,3222.35290030229,994.962452127081,0,0,0,106,0,0,0
90,36,3,3200.19779053863,1258.25005638537,0,0,0,43,0,0,0
90,36,4,3299.87849065534,1245.53451365261,0,0,0,150,0,0,0
90,36,5,3218.84399732538,1130.03091868218,0,0,0,152,0,0,0
90,36,6,3457.86947933216,1491.25478200344,0,0,0,206,0,0,0
90,36,7,20341.0697913496,12804.6117650278,28,0,0,256,0,0,0
90,36,8,0,2,0,0,0,0,0,0,0
90,37,1,3189.79467209668,1856.77221592412,0,0,0,110,0,0,0
90,37,2,3227.0367401591,1242.25548693729,0,0,0,99,0,0,0
90,37,3,3220.10087190823,1656.24959080958,0,0,0,125,0,0,0
90,37,4,3311.69733075621,799.428490046379,0,0,0,124,0,0,0
90,37,5,3227.10941990304,1086.39858693624,0,0,0,113,0,0,0
90,37,6,3492.33005978246,1365.20800208853,0,0,0,149,0,0,0
90,37,7,20365.1633961111,13666.9873814194,24,0,0,244,0,0,4
90,37,8,0,2,0,0,0,0,0,0,0
90,38,1,3221.69641177741,1399.67843264601,0,0,0,185,0,0,0
90,38,2,3239.50637190596,951.218503421129,0,0,0,124,0,0,0
90,38,3,3237.81525398966,1937.99959074378,0,0,0,165,0,0,0
90,38,4,3309.84571062949,1541.47909392294,0,0,0,79,0,0,0
90,38,5,3236.65463802887,1058.18970558971,0,0,0,108,0,0,0
90,38,6,3510.09036875801,923.803314987691,0,0,0,136,0,0,0
90,38,7,20379.9825403031,11949.0570687202,28,0,0,224,0,0,0
90,38,8,0,2,0,0,0,0,0,0,0
90,39,1,3234.86046995413,1114.74355442998,0,0,0,139,0,0,0
90,39,2,3240.84189566817,1319.54173895983,0,0,0,95,0,0,0
90,39,3,3255.1869404552,1213.43729388624,0,0,0,193,0,0,0
90,39,4,3329.37525953736,1512.79639906493,0,0,0,154,0,0,0
90,39,5,3244.77445084085,776.486841936769,0,0,0,105,0,0,0
90,39,6,3518.12270678041,1867.98635300973,0,0,0,92,0,0,0
90,39,7,20377.6509564054,4994.00016063039,79,0,0,189,0,0,0
90,39,8,0,2,0,0,0,0,0,0,0
90,40,1,3241.03879053539,1199.13628814732,0,0,0,111,0,0,0
90,40,2,3252.75029587091,1426.34989851324,0,0,0,131,0,0,0
90,40,3,3268.23675534938,940.147905700528,0,0,0,121,0,0,0
90,40,4,3354.77402922594,672.069272874482,0,0,0,151,0,0,0
90,40,5,3256.69570410937,2032.12647895637,0,0,0,77,0,0,0
90,40,6,3549.76976520602,986.76983078805,23,0,0,138,0,0,0
90,40,7,20396.7896206068,10673.672117002,134,0,0,216,0,0,0
90,40,8,0,2,0,0,0,0,0,0,0
90,41,1,3255.13457495881,1029.04139391351,0,0,0,119,0,0,0
90,41,2,3261.20935120429,601.540853313858,0,0,0,142,0,0,0
90,41,3,3259.9625655901,1001.55441460055,0,0,0,94,0,0,0
90,41,4,3346.22187670892,908.528769923916,0,0,0,67,0,0,0
90,41,5,3286.01900070943,1454.50620051521,0,0,0,203,0,0,0
90,41,6,3565.01015371162,916.565485100982,0,0,0,98,0,0,0
90,41,7,20402.2249665268,7585.02431014128,38,0,0,224,0,0,0
90,41,8,0,2,0,0,0,0,0,0,0
90,42,1,3264.15586323016,1640.61685999543,0,0,0,102,0,0,0
90,42,2,3258.76553956237,657.421182451523,0,0,0,60,0,0,0
90,42,3,3265.86519483912,1405.51248984817,0,0,0,100,0,0,0
90,42,4,3348.77179092181,1188.79415876475,0,0,0,90,0,0,0
90,42,5,3313.37739320474,1016.00848986666,0,0,0,145,0,0,0
90,42,6,3585.71885315482,2025.77903269664,0,0,0,91,0,0,0
90,42,7,20412.2754183399,7196.19056042304,160,0,0,179,0,0,6
90,42,8,0,2,0,0,0,0,0,0,0
90,43,1,3267.86719653419,2146.21424562879,34,0,0,116,0,0,0
90,43,2,3252.29228199308,769.052119576815,1,0,0,64,0,0,0
90,43,3,3274.99023514066,2059.79613086258,1,0,0,139,0,0,0
90,43,4,3352.7436746971,1447.26210817955,0,0,0,118,0,0,0
90,43,5,3309.86866371738,1970.88924456707,0,0,0,101,0,0,0
90,43,6,3613.5561249303,1811.47089961501,52,0,0,129,0,0,0
90,43,7,20446.0096433383,8882.70552794048,274,0,0,336,0,0,0
90,43,8,0,2,0,0,0,0,0,0,0
90,44,1,3294.48050428188,1567.28533891437,0,1,0,187,0,0,0
90,44,2,3241.2643708381,1320.88059448505,0,0,0,76,0,0,0
90,44,3,3294.7712308321,1304.03479468489,0,0,0,196,0,0,0
90,44,4,3360.97968182292,1792.51879305236,0,0,0,144,0,0,0
90,44,5,3335.40748901353,1878.4082537174,0,0,0,197,0,0,0
90,44,6,3654.71283634122,598.908520480453,0,0,0,181,0,0,0
90,44,7,20459.977560255,5936.07012675149,0,39,0,177,0,0,0
90,44,8,0,2,0,0,0,0,0,0,0
90,45,1,3328.92467110726,1730.42927679281,0,0,0,154,0,0,0
90,45,2,3272.746544158,722.453758765191,0,0,0,132,0,0,0
90,45,3,3307.26172756834,924.495910857114,0,0,0,130,0,0,0
90,45,4,3403.98552180174,2176.2207112668,0,4,0,160,0,0,0
90,45,5,3378.31422221471,953.813048302394,0,5,0,160,0,0,0
90,45,6,3664.44630877679,1346.08692550909,0,0,0,59,0,0,0
90,45,7,20489.0358914843,8437.34688254763,0,99,0,165,0,0,0
90,45,8,0,2,0,0,0,0,0,0,0
90,46,1,3345.80367635388,1179.05498657922,0,0,0,173,0,0,0
90,46,2,3265.99433015101,1461.56918068772,0,0,0,72,0,0,0
90,46,3,3301.8250787325,853.120396023601,0,0,0,92,0,0,0
90,46,4,3423.19527264822,1339.08887069732,0,0,0,199,0,0,0
90,46,5,3383.88127560342,615.241317541643,0,0,0,95,0,0,0
90,46,6,3688.35046145028,1763.52238406858,0,0,0,134,0,0,0
90,46,7,20511.176789092,9042.3778259353,31,0,0,182,0,0,0
90,46,8,0,2,0,0,0,0,0,0,0
90,47,1,3353.42328855479,1684.37463374048,0,0,0,117,0,0,0
90,47,2,3288.09948067898,1051.76741367085,0,0,0,146,0,0,0
90,47,3,3308.28457905397,2250.69181999184,0,0,0,85,0,0,0
90,47,4,3447.06628504274,2324.59797669508,0,0,0,133,0,0,0
90,47,5,3380.72709092616,1522.49830008909,0,0,0,61,0,0,0
90,47,6,3741.54484500817,2206.1258682813,0,0,0,169,0,0,0
90,47,7,20535.887943617,15091.4457266251,0,58,0,156,0,0,0
90,47,8,0,2,0,0,0,0,0,0,0
90,48,1,3374.89540467979,1749.61379881829,0,8,0,134,0,0,0
90,48,2,3287.68674151951,1232.0404142554,0,0,0,105,0,0,0
90,48,3,3342.01258339225,1898.75534389505,0,0,0,225,0,0,0
90,48,4,3464.86817449185,1301.92844024539,0,14,0,170,0,0,0
90,48,5,3396.04969311004,1619.16844422861,0,0,0,152,0,0,0
90,48,6,3766.55828657596,2147.15821272604,0,13,0,166,0,0,0
90,48,7,20556.5992314455,8785.08154795813,6,151,0,203,0,0,2
90,48,8,0,2,0,0,0,0,0,0,0
90,49,1,3406.57668268081,1760.66434176375,0,0,0,174,0,0,0
90,49,2,3302.44175572584,996.331757396159,0,0,0,123,0,0,0
90,49,3,3366.27740783166,863.848656081612,0,0,0,189,0,0,0
90,49,4,3475.8973700792,855.877420869197,0,0,0,130,0,0,0
90,49,5,3426.6927437523,1207.13507975326,0,0,0,161,0,0,0
90,49,6,3826.74437735112,1518.67365779805,0,0,0,201,0,0,0
90,49,7,20625.0781078717,4237.56364053837,25,1,0,226,0,0,0
90,49,8,0,2,0,0,0,0,0,0,0
90,50,1,3426.76836649147,1745.32368660463,0,0,0,176,0,0,0
90,50,2,3298.93939582135,1151.76785004239,0,0,0,99,0,0,0
90,50,3,3351.57778827457,1655.70770138472,0,0,0,86,0,0,0
90,50,4,3466.49488197891,1612.80399275727,0,0,0,85,0,0,0
90,50,5,3441.25511484182,1178.8481766364,0,0,0,120,0,0,0
90,50,6,3858.26732706479,1576.63738787178,0,0,0,151,0,0,0
90,50,7,20644.9842651325,4818.83781449271,28,0,0,186,0,0,0
90,50,8,0,2,0,0,0,0,0,0,0
90,51,1,3443.94838985759,1087.96399420553,0,0,0,174,0,0,0
90,51,2,3297.96965857621,1474.48022937082,0,0,0,115,0,0,0
90,51,3,3356.79606715023,1544.22168004566,0,0,0,165,0,0,0
90,51,4,3482.26978773516,2314.67890782926,0,0,0,161,0,0,0
90,51,5,3437.66076348797,1563.05890801605,0,0,0,117,0,0,0
90,51,6,3872.53248067409,1195.31703301928,0,0,0,157,0,0,0
90,51,7,20662.4260867302,9682.40334167736,26,0,0,207,0,0,2
90,51,8,0,2,0,0,0,0,0,0,0
90,52,1,3457.57345888793,1114.91314143546,0,0,0,108,0,0,0
90,52,2,3323.04615061177,1423.63701256628,0,0,0,147,0,0,0
90,52,3,3390.11803500829,1445.34642557623,0,0,0,154,0,0,0
90,52,4,3526.11378200844,1482.94145850556,0,2,0,175,0,0,0
90,52,5,3477.14800338054,1346.26947965978,0,0,0,156,0,0,0
90,52,6,3917.51138433325,1130.24653295802,0,0,0,119,0,0,0
90,52,7,20718.9881369471,9522.4172828023,0,39,0,196,0,0,0
90,52,8,0,2,0,0,0,0,0,0,0
90,53,1,3460.72469770757,1386.75645559721,0,0,0,111,0,0,0
90,53,2,3328.10602592344,1531.09863027569,0,0,0,142,0,0,0
90,53,3,3395.76283616033,1080.91948775287,0,0,0,144,0,0,0
90,53,4,3545.33429375832,1281.89248539363,0,0,0,148,0,0,0
90,53,5,3486.17933865741,737.634369995616,0,0,0,134,0,0,0
90,53,6,3929.46192971764,1931.11392369974,0,0,0,113,0,0,0
90,53,7,20738.9582060177,12309.3897275454,0,75,0,188,0,0,0
90,53,8,0,2,0,0,0,0,0,0,0
90,54,1,3475.95790795404,965.282330583672,0,0,0,138,0,0,0
90,54,2,3338.77103460114,940.908757817404,0,0,0,153,0,0,0
90,54,3,3391.32331080704,1923.40221066274,0,0,0,108,0,0,0
90,54,4,3552.08344932452,1711.09579814206,0,0,0,128,0,0,0
90,54,5,3480.58665497981,779.103959739556,0,0,0,73,0,0,0
90,54,6,3962.47817871389,2757.56826423889,0,0,0,193,0,0,0
90,54,7,20763.814468473,11659.2803582427,31,0,0,224,0,0,0
90,54,8,0,2,0,0,0,0,0,0,0
90,55,1,3470.0006793687,702.806341833847,0,0,0,96,0,0,0
90,55,2,3328.79226744594,949.513074596554,0,0,0,94,0,0,0
90,55,3,3395.27924362475,1676.60338418908,0,0,0,183,0,0,0
90,55,4,3561.28647092627,1321.30600668652,0,0,0,171,0,0,0
90,55,5,3475.2048915703,2190.6302382559,0,0,0,77,0,0,0
90,55,6,4010.03663003367,1740.07801982817,0,3,0,230,0,0,0
90,55,7,20770.8327398884,7305.78098420262,0,70,0,177,0,0,0
90,55,8,0,2,0,0,0,0,0,0,0
90,56,1,3458.71812999786,1303.46008156897,0,0,0,70,0,0,0
90,56,2,3331.07254149891,1246.32517608063,0,0,0,94,0,0,0
90,56,3,3405.14922070964,1014.45269077894,0,1,0,161,0,0,0
90,56,4,3572.78248567072,1490.91758506653,0,0,0,132,0,0,0
90,56,5,3510.80992045235,1553.75993358342,0,9,0,178,0,0,0
90,56,6,4062.64714368434,1402.57221788657,0,0,0,172,0,0,0
90,56,7,20816.7252030295,9839.47442826158,0,121,0,210,0,0,0
90,56,8,0,2,0,0,0,0,0,0,0
90,57,1,3485.2606081459,1290.14357846546,0,0,0,130,0,0,0
90,57,2,3339.03679268603,1532.60033538236,0,0,0,124,0,0,0
90,57,3,3419.16769414558,1156.88878307525,0,0,0,101,0,0,0
90,57,4,3590.68766972762,1012.53085390173,0,0,0,149,0,0,0
90,57,5,3541.73440906539,909.551036832604,0,0,0,155,0,0,0
90,57,6,4109.70159828085,1673.83205206985,0,0,0,140,0,0,0
90,57,7,20882.7327747642,12231.7397831672,31,0,0,191,0,0,0
90,57,8,0,2,0,0,0,0,0,0,0
90,58,1,3498.4445243634,1472.73746044522,0,0,0,129,0,0,0
90,58,2,3351.09424137493,840.923768538655,0,0,0,153,0,0,0
90,58,3,3411.23637216286,1333.15719081707,0,0,0,115,0,0,0
90,58,4,3590.33877121967,1288.4319607651,0,0,0,101,0,0,0
90,58,5,3542.15225040598,1004.04681220849,0,0,0,90,0,0,0
90,58,6,4149.66099343475,2581.31420941552,0,0,0,167,0,0,0
90,58,7,20932.2686246851,9887.89964951193,27,0,0,255,0,0,0
90,58,8,0,2,0,0,0,0,0,0,0
90,59,1,3494.64538872219,1720.62468300357,0,69,0,78,0,0,0
90,59,2,3327.22574051744,2066.49119123797,0,54,0,30,0,0,0
90,59,3,3384.29846559669,331.772942097407,0,68,0,65,0,0,0
90,59,4,3569.46931516139,1252.52000672361,0,69,0,59,0,0,0
90,59,5,3527.22232347136,1439.07726672818,0,38,0,62,0,0,0
90,59,6,4184.16272994548,1813.7666087436,0,146,0,112,0,0,0
90,59,7,20983.6869853067,9633.43079858467,8,216,0,199,0,0,0
90,59,8,0,2,0,0,0,0,0,0,0
90,60,1,3522.95407443462,1522.43737310213,0,0,0,172,0,0,0
90,60,2,3368.31098379116,1895.73345679155,0,0,0,206,0,0,0
90,60,3,3361.93093369715,1295.20551474696,0,0,0,33,0,0,0
90,60,4,3578.34551670203,1731.17262215733,0,0,0,125,0,0,0
90,60,5,3556.64441332308,641.890947669849,0,0,0,143,0,0,0
90,60,6,4232.61628854175,2102.76291005939,0,0,0,180,0,0,0
90,60,7,21021.9235787667,13117.9680516492,27,0,0,188,0,0,0
90,60,8,0,2,0,0,0,0,0,0,0
90,61,1,3548.00157175469,1179.59355470443,0,0,0,152,0,0,0
90,61,2,3404.67118605476,2231.01365817679,0,0,0,189,0,0,0
90,61,3,3367.05005529765,1030.90515405656,0,0,0,129,0,0,0
90,61,4,3601.64911704122,786.192303699534,0,0,0,173,0,0,0
90,61,5,3564.37103153982,1184.26990695675,0,0,0,64,0,0,0
90,61,6,4293.5461994744,2142.27349508132,0,0,0,188,0,0,0
90,61,7,21077.887971832,10931.6761793049,20,1,0,222,0,0,0
90,61,8,0,2,0,0,0,0,0,0,0
90,62,1,3577.23518148721,956.425071807949,0,0,0,117,0,0,0
90,62,2,3463.06529596789,1365.49010956508,0,0,0,223,0,0,0
90,62,3,3375.51381353211,996.342764245175,0,0,0,103,0,0,0
90,62,4,3612.13146353078,1652.41146508236,0,0,0,78,0,0,0
90,62,5,3587.28345588343,909.572084057798,0,0,0,118,0,0,0
90,62,6,4372.42016290267,1839.1974320646,1,0,0,180,0,0,0
90,62,7,21154.041903368,5852.62774024102,30,0,0,244,0,0,0
90,62,8,0,2,0,0,0,0,0,0,0
90,63,1,3587.8880935496,1343.37528351397,0,0,0,95,0,0,0
90,63,2,3475.82866581268,2453.28707651013,0,0,0,136,0,0,0
90,63,3,3374.41096223901,533.210344913545,0,0,0,99,0,0,0
90,63,4,3629.11906335722,1260.9332652109,0,0,0,165,0,0,0
90,63,5,3594.62083760404,1332.07628955654,0,0,0,90,0,0,0
90,63,6,4429.78772440273,1929.00605641364,0,0,0,183,0,0,0
90,63,7,21186.7673980791,9925.67810075716,68,0,0,184,0,0,0
90,63,8,0,2,0,0,0,0,0,0,0
90,64,1,3639.72182594808,2275.14196480545,0,0,0,134,0,0,0
90,64,2,3520.92021190861,1283.43437446519,3,0,0,183,0,0,0
90,64,3,3387.21029548058,613.045549099263,0,0,0,53,0,0,0
90,64,4,3667.39833435836,1597.67074884097,0,0,0,126,0,0,0
90,64,5,3633.51210753513,1580.02881098913,0,0,0,133,0,0,0
90,64,6,4518.55548375978,935.587599359476,0,0,0,175,0,0,0
90,64,7,21294.2989060867,9639.96362722741,37,0,0,240,0,0,0
90,64,8,0,2,0,0,0,0,0,0,0
90,65,1,3699.50445171108,1839.04363214284,0,0,0,227,0,0,0
90,65,2,3532.80613165918,623.123134148355,0,0,0,128,0,0,0
90,65,3,3380.41958651266,1768.02289968,0,0,0,61,0,0,0
90,65,4,3696.70389597217,822.263247588884,0,0,0,159,0,0,0
90,65,5,3665.88210785806,2042.69150904722,0,0,0,158,0,0,0
90,65,6,4551.00775385544,2983.63368666552,0,0,0,93,0,0,0
90,65,7,21367.9006815501,9403.33742000817,29,0,0,222,0,0,3
90,65,8,0,2,0,0,0,0,0,0,0
90,66,1,3774.10851370653,1881.18845298635,0,0,0,183,0,0,0
90,66,2,3527.95347511193,1784.42648803032,0,0,0,62,0,0,0
90,66,3,3429.93792901854,1693.7362389485,0,0,0,176,0,0,0
90,66,4,3710.95888728674,1991.74558802884,0,0,0,82,0,0,0
90,66,5,3745.18114526881,1185.49797652721,0,0,0,193,0,0,0
90,66,6,4664.16063113691,1105.15099049934,3,0,0,246,0,0,0
90,66,7,21447.3821845234,11154.7403375254,51,0,0,201,0,0,0
90,66,8,0,2,0,0,0,0,0,0,0
90,67,1,3807.24372383206,1445.27312015241,0,0,0,178,0,0,0
90,67,2,3553.27308730365,2091.47995964142,0,0,0,178,0,0,0
90,67,3,3449.14016359225,1636.85975020803,0,0,0,169,0,0,0
90,67,4,3746.45987819365,1288.39975477959,0,0,0,197,0,0,0
90,67,5,3767.52773166411,1672.92263361203,0,0,0,118,0,0,0
90,67,6,4686.21103780769,1643.25734618808,0,0,0,110,0,0,0
90,67,7,21479.1416530082,9613.98270991268,50,0,0,186,0,0,0
90,67,8,0,2,0,0,0,0,0,0,0
90,68,1,3835.9311879906,1677.45598023584,0,0,0,144,0,0,0
90,68,2,3588.10156242643,1662.75050319816,14,0,0,165,0,0,0
90,68,3,3467.85317225409,1303.81334203398,3,0,0,154,0,0,0
90,68,4,3771.50246155721,1141.65418014823,0,0,0,128,0,0,0
90,68,5,3799.78502358371,1466.58391301535,3,0,0,156,0,0,0
90,68,6,4742.9356807502,1182.3552680648,0,0,0,163,0,0,0
90,68,7,21523.1726134503,12574.9214585036,193,1,0,213,0,0,4
90,68,8,0,2,0,0,0,0,0,0,0
90,69,1,3868.35044104556,1326.01784546721,0,0,0,167,0,0,0
90,69,2,3603.12694957382,1208.77637997196,0,0,0,166,0,0,0
90,69,3,3491.26973747167,1598.59399453952,0,0,0,130,0,0,0
90,69,4,3768.4002448052,1656.29136189597,0,0,0,114,0,0,0
90,69,5,3814.35026442167,2478.61438629441,0,0,0,146,0,0,0
90,69,6,4764.51399831148,1659.90144724422,0,0,0,118,0,0,0
90,69,7,21568.7746958567,9203.3813679903,72,0,0,213,0,0,0
90,69,8,0,2,0,0,0,0,0,0,0
90,70,1,3897.45179832591,904.197589728953,3,0,0,126,0,0,0
90,70,2,3625.29668441116,1395.57293666565,0,0,0,120,0,0,0
90,70,3,3502.60278023888,1878.71354235671,0,0,0,159,0,0,0
90,70,4,3782.08244479256,1689.72841834658,9,0,0,147,0,0,0
90,70,5,3836.12519662249,1739.35902522855,46,0,0,155,0,0,0
90,70,6,4798.62369256456,1364.02819332129,24,0,0,117,0,0,0
90,70,7,21669.0045380226,9725.64157925591,289,0,0,342,0,0,0
90,70,8,0,2,0,0,0,0,0,0,0
90,71,1,3900.6754850683,2300.88616268125,0,0,0,90,0,0,0
90,71,2,3652.47679682116,1460.68624580733,0,0,0,139,0,0,0
90,71,3,3518.23284030631,2110.97703778216,0,0,0,187,0,0,0
90,71,4,3828.89573208772,683.692005429508,0,0,0,168,0,0,0
90,71,5,3886.24211405413,1125.29076692537,0,0,0,173,0,0,0
90,71,6,4848.68952384238,2020.19024727096,0,0,0,136,0,0,0
90,71,7,21728.2449092684,7796.57634070488,184,0,0,199,0,0,0
90,71,8,0,2,0,0,0,0,0,0,0
90,72,1,3910.19298529006,2104.42955246781,74,0,0,111,0,0,0
90,72,2,3652.60668739608,1475.80095329841,12,0,0,126,0,0,0
90,72,3,3523.65337597134,1725.26967867867,34,0,0,156,0,0,0
90,72,4,3827.58654798189,1216.5185203226,0,0,0,68,0,0,0
90,72,5,3902.44619740917,2377.54963643736,0,0,0,112,0,0,0
90,72,6,4888.08963864735,2203.05732569724,28,0,0,157,0,0,0
90,72,7,21783.8323080269,7913.33755668376,250,1,0,237,0,0,8
90,72,8,0,2,0,0,0,0,0,0,0
90,73,1,3969.72652411812,1924.3459565256,0,0,0,210,0,0,0
90,73,2,3686.01043048321,1533.95645208266,0,0,0,147,0,0,0
90,73,3,3563.26063538417,1489.45533436965,0,0,0,172,0,0,0
90,73,4,3848.15888929266,2354.63458667286,0,0,0,121,0,0,0
90,73,5,3961.24639376101,2174.42288692598,0,6,0,177,0,0,0
90,73,6,5016.29158387188,1920.30581188757,0,0,0,208,0,0,0
90,73,7,21865.7841178922,8512.65015213618,0,61,0,188,0,0,0
90,73,8,0,2,0,0,0,0,0,0,0
90,74,1,3998.92218150695,1205.69534418877,0,17,0,146,0,0,0
90,74,2,3696.99348848908,1587.19393027974,0,2,0,147,0,0,0
90,74,3,3585.50520442107,1114.20244046899,0,1,0,146,0,0,0
90,74,4,3860.13780269161,701.676238376946,0,28,0,159,0,0,0
90,74,5,3983.68769928919,1394.90547620706,0,33,0,128,0,0,0
90,74,6,5085.04819855657,1028.09917928671,0,12,0,159,0,0,0
90,74,7,21972.5088830557,9832.18023725622,0,210,0,283,0,0,0
90,74,8,0,2,0,0,0,0,0,0,0
90,75,1,4018.67384603406,1334.4508744974,0,0,0,120,0,0,0
90,75,2,3728.45121185365,2414.3299047444,0,0,0,158,0,0,0
90,75,3,3587.80144539874,1813.45066998562,0,0,0,111,0,0,0
90,75,4,3840.74113497752,2397.60125586582,0,0,0,70,0,0,0
90,75,5,4006.22380422229,1613.48015698622,0,0,0,139,0,0,0
90,75,6,5110.29045566261,2536.83240249213,0,0,0,102,0,0,0
90,75,7,22027.4820470221,7844.22390058966,29,0,0,184,0,0,0
90,75,8,0,2,0,0,0,0,0,0,0
90,76,1,4028.91496165913,1632.8419628772,0,0,0,133,0,0,0
90,76,2,3741.00072604895,1346.68923426054,3,0,0,180,0,0,0
90,76,3,3595.93598855925,2327.23716275836,0,0,0,181,0,0,0
90,76,4,3849.92586180541,2166.69366224673,2,0,0,190,0,0,0
90,76,5,4025.14466555474,2093.67100932239,0,0,0,161,0,0,0
90,76,6,5176.59695637303,1850.79111659862,2,0,0,204,0,0,0
90,76,7,22079.6866137689,9243.24658779582,33,0,0,183,0,0,0
90,76,8,0,2,0,0,0,0,0,0,0
90,77,1,4059.16498149344,1610.62045570002,0,0,0,163,0,0,0
90,77,2,3740.76530376715,1946.10358524179,0,0,0,134,0,0,0
90,77,3,3592.53841407552,858.851676231757,0,2,0,205,0,0,0
90,77,4,3871.19845233551,1573.33075998361,0,2,0,182,0,0,0
90,77,5,4056.14235732143,2055.76054506469,0,2,0,174,0,0,0
90,77,6,5234.97646689587,1145.19509304164,0,1,0,165,0,0,0
90,77,7,22118.6714579388,8840.37915851864,0,59,0,187,0,0,0
90,77,8,0,2,0,0,0,0,0,0,0
90,78,1,4053.25550594546,1979.77380402179,0,75,0,78,0,0,0
90,78,2,3742.39789383226,1224.70185940054,0,66,0,122,0,0,0
90,78,3,3569.762824495,2079.46958888833,0,18,0,66,0,0,0
90,78,4,3840.14492679455,1484.31965063605,0,83,0,66,0,0,0
90,78,5,4077.80578907731,1537.17026702549,0,85,0,112,0,0,0
90,78,6,5236.93678779289,2782.10914537958,0,53,0,56,0,0,0
90,78,7,22162.5384630408,11781.6616243456,7,165,0,183,0,0,0
90,78,8,0,2,0,0,0,0,0,0,0
90,79,1,4134.08398955618,1380.68031630878,0,0,0,197,0,0,0
90,79,2,3786.92445461658,1365.73800603968,0,0,0,122,0,0,0
90,79,3,3616.16496902354,809.222163616632,0,0,0,207,0,0,0
90,79,4,3882.0721123504,1479.88953735534,0,0,0,148,0,0,0
90,79,5,4132.70199987228,841.068053900949,0,0,0,153,0,0,0
90,79,6,5395.30640481596,3181.19703466072,0,1,0,210,0,0,0
90,79,7,22268.8187933473,10793.3553929214,24,2,0,235,0,0,0
90,79,8,0,2,0,0,0,0,0,0,0
90,80,1,4151.06856121338,2137.9679238487,0,0,0,138,0,0,0
90,80,2,3804.25847843519,1415.71426854028,0,0,0,136,0,0,0
90,80,3,3614.56267696867,1994.65851318819,0,0,0,80,0,0,0
90,80,4,3891.34762903161,1605.51001658185,0,0,0,147,0,0,0
90,80,5,4142.93261908719,2156.50891374759,0,0,0,84,0,0,0
90,80,6,5484.27334758512,3023.36768807304,1,0,0,291,0,0,0
90,80,7,22310.0749140974,8821.30404887942,35,0,0,184,0,0,0
90,80,8,0,2,0,0,0,0,0,0,0
90,81,1,4248.85114282451,1948.2296708537,5,0,0,187,0,0,0
90,81,2,3845.94275070585,1049.26563690355,0,0,0,141,0,0,0
90,81,3,3689.53624032712,1597.13442551966,1,0,0,180,0,0,2
90,81,4,3953.16090359856,1418.96238820212,0,0,0,157,0,0,0
90,81,5,4215.71618314958,1056.68687982894,6,0,0,181,0,0,0
90,81,6,5624.79487966073,2515.44103517932,27,0,0,159,0,0,0
90,81,7,22437.7412827538,5968.57201148219,127,0,0,201,0,0,0
90,81,8,0,2,0,0,0,0,0,0,0
90,82,1,4275.62266247006,2825.52826571948,25,0,0,130,0,0,0
90,82,2,3851.89810975719,2530.535497694,0,0,0,104,0,0,0
90,82,3,3715.54095091783,631.076013762776,0,0,0,159,0,0,0
90,82,4,3969.76894755333,1913.8034683261,0,0,0,141,0,0,0
90,82,5,4236.70284277493,1057.49514558107,0,0,0,105,0,0,0
90,82,6,5715.4497233325,3225.78460106661,38,0,0,156,0,0,0
90,82,7,22528.3530847185,9162.13278496361,147,0,0,229,0,0,0
90,82,8,0,2,0,0,0,0,0,0,0
90,83,1,4346.16618323716,1955.93036179887,8,0,0,179,0,0,0
90,83,2,3920.99486484029,1688.68766267145,7,0,0,168,0,0,0
90,83,3,3708.89597712436,1566.76249748739,0,0,0,63,0,0,0
90,83,4,4033.86227975766,1879.50195469088,0,0,0,191,0,0,0
90,83,5,4272.92784875381,1015.32040125003,0,0,0,105,0,0,0
90,83,6,5959.27020418463,2038.7488296337,0,0,0,322,0,0,0
90,83,7,22661.8846617205,4309.81985089951,51,0,0,294,0,0,0
90,83,8,0,2,0,0,0,0,0,0,0
90,84,1,4374.32577792007,2027.5806465169,46,0,0,117,0,0,0
90,84,2,3978.74827001143,1112.34680406053,19,0,0,135,0,0,0
90,84,3,3732.55540344818,1650.68520996884,0,0,0,156,0,0,0
90,84,4,4075.23559148781,2512.29621504661,28,0,0,140,0,0,0
90,84,5,4297.19533841179,1928.8247010345,0,0,0,101,0,0,0
90,84,6,6039.81844780276,3035.79845083638,38,0,0,138,0,0,0
90,84,7,22720.6554640682,6383.05980012017,152,0,0,171,0,0,0
90,84,8,0,2,0,0,0,0,0,0,0
90,85,1,4435.47481824616,734.765814035769,1,0,0,183,0,0,0
90,85,2,3984.23940475936,769.79292866157,0,0,0,111,0,0,0
90,85,3,3748.95442595387,1291.82534276602,0,0,0,165,0,0,0
90,85,4,4099.13975750602,1234.51683646396,11,0,0,165,0,0,0
90,85,5,4337.17413177584,2565.12894742325,1,0,0,184,0,0,0
90,85,6,6122.83539936508,2440.76843089149,17,0,0,169,0,0,0
90,85,7,22767.9501780221,8175.74344797748,61,0,0,167,0,0,0
90,85,8,0,2,0,0,0,0,0,0,0
90,86,1,4427.04714507854,1727.24283405231,0,0,0,73,0,0,0
90,86,2,3970.89431507374,2099.22146505244,0,0,0,76,0,0,0
90,86,3,3745.94374925543,1429.27540367993,0,0,0,129,0,0,0
90,86,4,4110.02308055242,1520.58779481196,0,0,0,123,0,0,0
90,86,5,4384.25723578295,1472.70560034868,2,0,0,194,0,0,0
90,86,6,6207.37529961533,3329.43602594783,4,0,0,178,0,0,0
90,86,7,22820.1341173241,14659.1982942534,37,0,0,194,0,0,0
90,86,8,0,2,0,0,0,0,0,0,0
90,87,1,4450.85914917893,1805.08058538363,0,0,0,172,0,0,0
90,87,2,3996.27822873305,2389.9862453538,0,0,0,195,0,0,0
90,87,3,3758.61651298301,1760.64399037834,0,0,0,142,0,0,0
90,87,4,4105.0571045806,1047.73182772372,0,0,0,152,0,0,0
90,87,5,4391.81747546751,1381.98443192477,0,0,0,147,0,0,0
90,87,6,6313.40410761964,3390.86939092487,2,0,0,203,0,0,0
90,87,7,22857.3120533083,9673.35178104158,32,0,0,199,0,0,0
90,87,8,0,2,0,0,0,0,0,0,0
90,88,1,4456.39286010012,1466.43431478016,0,91,0,89,0,0,0
90,88,2,3979.2316414794,2686.44660284036,0,122,0,116,0,0,0
90,88,3,3750.78922988125,1491.13272060783,0,92,0,84,0,0,0
90,88,4,4091.07250916653,1909.91975056397,0,53,0,51,0,0,0
90,88,5,4382.97859697893,1886.30314491581,0,68,0,70,0,0,0
90,88,6,6345.26066331768,2922.52023316915,0,191,0,148,0,0,0
90,88,7,22945.6975934838,7239.96145221812,2,365,0,402,0,0,1
90,88,8,0,2,0,0,0,0,0,0,0
90,89,1,4579.01507015849,851.248427100139,0,0,0,146,0,0,0
90,89,2,4078.00434711193,1160.46293510044,2,0,0,208,0,0,1
90,89,3,3856.86370795942,1325.19058014869,0,0,0,149,0,0,0
90,89,4,4204.14158017522,2708.79241999032,0,0,0,190,0,0,0
90,89,5,4501.55200934534,1969.39500862606,0,0,0,173,0,0,0
90,89,6,6557.53275884067,3325.55694533333,5,0,0,199,0,0,0
90,89,7,23108.2930830105,8314.5124962313,28,0,0,202,0,0,0
90,89,8,0,2,0,0,0,0,0,0,0
90,90,1,4617.43233670985,1533.40907925482,0,0,0,85,0,0,0
90,90,2,4094.8344976538,2059.52246001373,0,0,0,116,0,0,0
90,90,3,3900.39595945214,2526.74649558083,0,0,0,132,0,0,0
90,90,4,4278.72541286244,668.745025736909,3,0,0,197,0,0,0
90,90,5,4578.69519592274,3176.95054342062,0,0,0,177,0,0,0
90,90,6,6698.66780654641,2598.14989092816,6,0,0,179,0,0,0
90,90,7,23192.5896293702,8311.42521621189,26,0,0,208,0,0,0
90,90,8,0,2,0,0,0,0,0,0,0
90,91,1,4695.52128633854,1798.61023432019,0,0,0,153,0,0,0
90,91,2,4149.9989607515,3002.08150654492,0,0,0,177,0,0,3
90,91,3,3986.07082318271,2564.43346284187,3,0,0,186,0,0,0
90,91,4,4298.62598637408,2079.3466697898,0,0,0,66,0,0,0
90,91,5,4710.95329674616,1675.8086024599,4,0,0,232,0,0,1
90,91,6,6901.03336750625,2186.23162797006,1,0,0,220,0,0,0
90,91,7,23367.0853168656,10371.772070069,28,0,0,288,0,0,0
90,91,8,0,2,0,0,0,0,0,0,0
90,92,1,4757.32077485997,1099.65188830341,0,0,0,179,0,0,0
90,92,2,4182.62508869147,1252.19246343957,3,0,0,212,0,0,0
90,92,3,4027.78881507504,1615.26670322609,2,0,0,196,0,0,0
90,92,4,4359.27034637041,1524.61270453184,0,0,0,198,0,0,0
90,92,5,4751.68266620714,2937.76809707976,0,0,0,167,0,0,0
90,92,6,7024.72453944321,2032.37511948805,1,0,0,184,0,0,0
90,92,7,23443.2026233116,8531.15611562084,33,0,0,238,0,0,0
90,92,8,0,2,0,0,0,0,0,0,0
90,93,1,4804.18827765931,1826.8878198868,0,0,0,109,0,0,0
90,93,2,4204.46926841688,959.70444456892,0,0,0,125,0,0,0
90,93,3,4163.92861279771,2357.25178843907,0,0,0,161,0,0,0
90,93,4,4424.61824873065,2065.45807442212,0,0,0,152,0,0,0
90,93,5,4888.63468144309,1494.38484775327,25,0,0,176,0,0,0
90,93,6,7233.98202732069,4424.8739505604,4,0,0,181,0,0,0
90,93,7,23583.6723055202,4183.65904775885,131,0,0,219,0,0,0
90,93,8,0,2,0,0,0,0,0,0,0
90,94,1,4867.83775556754,1651.75476824997,18,0,0,131,0,0,0
90,94,2,4244.6390657311,2303.05252970709,0,0,0,95,0,0,0
90,94,3,4218.70735136183,2947.08371033741,27,0,0,160,0,0,0
90,94,4,4488.90789758005,1407.06751020011,19,0,0,153,0,0,0
90,94,5,4957.97715307071,2799.42116496729,0,0,0,149,0,0,0
90,94,6,7381.85780109345,4268.24670666463,98,0,0,167,0,0,0
90,94,7,23651.9597093699,2499.26969922515,90,0,0,166,0,0,0
90,94,8,0,2,0,0,0,0,0,0,0
90,95,1,4847.356079689,2304.69511259209,120,0,0,33,0,0,0
90,95,2,4275.94435559204,2051.71747388442,92,0,0,129,0,0,0
90,95,3,4242.27107058266,2386.60125102833,123,0,0,159,0,0,0
90,95,4,4497.54888477296,1010.47919493876,37,0,0,100,0,0,0
90,95,5,5000.94350125185,1824.45120511736,137,0,0,129,0,0,0
90,95,6,7480.65813702749,1996.96021881683,184,0,0,224,0,0,0
90,95,7,23670.1475961504,12928.1506216494,127,0,0,110,0,0,0
90,95,8,0,2,0,0,0,0,0,0,0
90,96,1,4904.75750249546,1542.57738481358,1,0,0,194,0,0,0
90,96,2,4333.06348129825,3189.89904999655,0,0,0,172,0,0,0
90,96,3,4310.47488631868,2264.53166714536,0,0,0,202,0,0,0
90,96,4,4530.25591420404,2783.08879708657,0,0,0,101,0,0,0
90,96,5,5049.86844049498,1399.22487492806,0,0,0,181,0,0,0
90,96,6,7596.49822891872,4458.0257821869,0,0,0,186,0,0,0
90,96,7,23658.817482228,11416.7655845801,33,0,0,198,0,0,0
90,96,8,0,2,0,0,0,0,0,0,0
90,97,1,5004.83732157525,1343.23667559788,0,0,0,154,0,0,0
90,97,2,4479.67074837006,1888.31682941938,2,0,0,245,0,0,2
90,97,3,4383.96118581079,2470.32337588409,0,0,0,182,0,0,1
90,97,4,4631.39071526793,2074.13931030938,2,0,0,205,0,0,0
90,97,5,5115.32630291926,3203.87568493482,0,0,0,139,0,0,0
90,97,6,7754.17559965686,2955.82834389934,8,0,0,198,0,0,0
90,97,7,23686.2477597164,13309.8137111058,31,0,0,198,0,0,1
90,97,8,0,2,0,0,0,0,0,0,0
90,98,1,5077.2895611869,2832.31791908623,0,0,0,134,0,0,0
90,98,2,4560.26674290069,1697.55481830969,0,0,0,188,0,0,0
90,98,3,4533.86095046686,1758.95612845465,0,0,0,239,0,0,0
90,98,4,4697.07884670768,2586.38917341429,0,0,0,184,0,0,0
90,98,5,5195.75939554967,2518.69817862911,3,0,0,196,0,0,2
90,98,6,7878.49978076467,4557.25201123701,0,1,0,188,0,0,0
90,98,7,23735.8708784182,5634.61372645437,36,0,0,190,0,0,0
90,98,8,0,2,0,0,0,0,0,0,0
90,99,1,5159.70610319144,2062.45814842232,77,0,0,144,0,0,0
90,99,2,4662.38686737036,1917.96013950944,15,0,0,142,0,0,0
90,99,3,4615.18586448306,1087.11840568178,21,0,0,138,0,0,0
90,99,4,4790.17345447701,1239.22673255341,52,0,0,165,0,0,0
90,99,5,5321.28814057868,1451.86553498925,52,0,0,158,0,0,0
90,99,6,8117.90512847073,4244.87666366685,162,0,0,164,0,0,0
90,99,7,23805.1642358355,13433.0694803864,196,0,0,209,0,0,1
90,99,8,0,2,0,0,0,0,0,0,0
90,100,1,5219.69355596622,2372.91630691042,0,0,0,206,0,0,0
90,100,2,4706.99534255764,1879.81536542535,0,0,0,191,0,0,0
90,100,3,4649.97985668149,1653.78268202306,0,0,0,108,0,0,0
90,100,4,4826.48718744214,1874.17802554424,0,0,0,123,0,0,0
90,100,5,5358.91893332541,3914.13500594387,0,0,0,145,0,0,0
90,100,6,8226.097525757,3380.26298490666,7,0,0,213,0,0,0
90,100,7,23785.4981085306,15004.9643561643,38,0,0,233,0,0,0
90,100,8,0,2,0,0,0,0,0,0,0
91,1,1,2876.92,964.605600219773,41,0,0,57,0,0,0
91,1,2,2872.4416,1133.68783252559,41,0,0,48,0,0,0
91,1,3,2869.904,228.814281334124,34,0,0,48,0,0,0
91,1,4,2869.6032,1593.24590054018,41,0,0,48,0,0,0
91,1,5,2866.368,1123.46688438985,37,0,0,48,0,0,0
91,1,6,2868.976,1109.26602640677,44,0,0,35,0,0,0
91,1,7,19753.2556799999,9972.25115599404,46,0,0,53,0,0,0
91,1,8,0,3,53,0,0,41,0,0,0
91,2,1,2891.84,1884.35549903318,0,0,0,96,0,0,0
91,2,2,2890.8176,992.412965263109,0,0,0,113,0,0,0
91,2,3,2866.2736,1073.31970267168,0,0,0,22,0,0,0
91,2,4,2895.63359999999,1665.09702475124,0,0,0,159,0,0,0
91,2,5,2884.616,1199.92331220106,0,0,0,112,0,0,0
91,2,6,2884.304,567.876743492065,0,0,0,110,0,0,0
91,2,7,19720.4012799998,8115.00093416505,21,2,0,197,0,0,0
91,2,8,0,3,0,0,0,0,0,0,0
91,3,1,2926.104,1468.14981402233,0,0,0,188,0,0,0
91,3,2,2907.2528,1276.10815171394,0,0,0,99,0,0,0
91,3,3,2881.8,1086.88852648435,0,0,0,107,0,0,0
91,3,4,2925.0848,1235.58677900411,0,0,0,166,0,0,0
91,3,5,2901.528,402.670809665897,0,0,0,119,0,0,0
91,3,6,2889.04352,1149.75411141214,0,0,0,56,0,0,0
91,3,7,19707.4009599998,4309.51973512094,30,0,0,286,0,0,0
91,3,8,0,3,0,0,0,0,0,0,0
91,4,1,2947.73759999999,1436.72093302295,0,0,0,146,0,0,0
91,4,2,2928.1248,1045.16517045009,0,0,0,127,0,0,0
91,4,3,2898.1312,1518.12716529079,0,0,0,108,0,0,0
91,4,4,2941.97279999999,1181.26481650696,0,0,0,123,0,0,0
91,4,5,2900.7376,1212.90408866657,0,0,0,40,0,0,0
91,4,6,2903.86912,1047.83426138636,0,0,0,114,0,0,0
91,4,7,19661.7673599997,11026.7582058689,120,0,0,142,0,0,0
91,4,8,0,3,0,0,0,0,0,0,0
91,5,1,2963.95871999999,1034.69646696915,0,0,0,143,0,0,0
91,5,2,2938.23999999999,559.702761171567,0,0,0,104,0,0,0
91,5,3,2918.95007999999,629.479021390812,0,0,0,151,0,0,0
91,5,4,2952.87039999999,1040.65943894464,0,0,0,118,0,0,0
91,5,5,2915.0176,1257.56974993125,0,0,0,121,0,0,0
91,5,6,2911.96992,1832.34753476117,0,0,0,104,0,0,0
91,5,7,19630.6809599997,10016.9054452631,35,0,0,209,0,0,0
91,5,8,0,3,0,0,0,0,0,0,0
91,6,1,2970.28031999999,1750.78665834953,0,0,0,103,0,0,0
91,6,2,2935.8496,1254.88070015238,0,0,0,55,0,0,0
91,6,3,2921.52127999999,1161.70867069862,0,0,0,62,0,0,0
91,6,4,2960.02751999999,1631.4269107163,0,0,0,104,0,0,0
91,6,5,2927.4512,1333.49755072332,0,0,0,125,0,0,0
91,6,6,2936.129536,1299.15294780901,0,0,0,179,0,0,0
91,6,7,19590.9721599996,11443.440669996,39,0,0,205,0,0,0
91,6,8,0,3,0,0,0,0,0,0,0
91,7,1,2996.95104,1450.88547674293,0,0,0,170,0,0,0
91,7,2,2949.40192,1302.02005651546,0,0,0,125,0,0,0
91,7,3,2934.4992,1137.2694231404,0,0,0,116,0,0,0
91,7,4,2981.138304,958.146058458348,0,0,0,163,0,0,0
91,7,5,2941.80064,1413.79181713942,0,0,0,133,0,0,0
91,7,6,2956.1307392,1510.32016556916,0,0,0,129,0,0,0
91,7,7,19551.6460031995,9982.17284173956,36,0,0,192,0,0,0
91,7,8,0,3,0,0,0,0,0,0,0
91,8,1,3010.31423999999,1361.20656278604,0,0,0,145,0,0,0
91,8,2,2956.55808,1176.03406835204,0,0,0,130,0,0,0
91,8,3,2940.75392,1530.52712167902,0,0,0,113,0,0,0
91,8,4,2984.49184,1453.37770335749,0,0,0,95,0,0,0
91,8,5,2954.30528,1958.16470026586,0,0,0,141,0,0,0
91,8,6,2972.19015424,1087.67953759614,0,0,0,151,0,0,0
91,8,7,19492.9315071994,4965.68080918238,0,142,0,174,0,0,0
91,8,8,0,3,0,0,0,0,0,0,0
91,9,1,3017.58208,1040.44845030732,0,0,0,136,0,0,0
91,9,2,2962.743424,854.475841983815,0,0,0,117,0,0,0
91,9,3,2955.704,1737.78547069892,0,0,0,153,0,0,0
91,9,4,2996.49184,802.086745666034,0,0,0,145,0,0,0
91,9,5,2965.9712,1459.69843152364,0,15,0,140,0,0,0
91,9,6,2978.43438848,1147.3381689808,0,0,0,108,0,0,0
91,9,7,19455.9437311994,13771.5215056328,0,85,0,174,0,0,0
91,9,8,0,3,0,0,0,0,0,0,0
91,10,1,3020.19456,1189.34053484132,0,0,0,104,0,0,0
91,10,2,2961.341824,975.066848283886,0,0,0,85,0,0,0
91,10,3,2968.864256,1052.24810343843,0,0,0,173,0,0,0
91,10,4,2994.68704,1911.36297106613,0,0,0,80,0,0,0
91,10,5,2979.008832,1475.45639252922,0,0,0,145,0,0,0
91,10,6,2988.40966912,814.60310604383,0,0,0,114,0,0,0
91,10,7,19426.5702911994,7926.47657961847,0,64,0,192,0,0,0
91,10,8,0,3,0,0,0,0,0,0,0
91,11,1,3026.435776,1988.41543349111,0,0,0,118,0,0,0
91,11,2,2962.917888,1353.80879892861,0,0,0,97,0,0,0
91,11,3,2974.28,1055.14630524233,0,0,0,105,0,0,0
91,11,4,3018.317888,1271.65033540616,0,0,0,189,0,0,0
91,11,5,2994.6548608,1252.11868619075,0,0,0,147,0,0,0
91,11,6,2990.47238912,1186.9446502399,0,0,0,81,0,0,0
91,11,7,19411.4495359993,6286.20112413752,0,53,0,211,0,0,0
91,11,8,0,3,0,0,0,0,0,0,0
91,12,1,3033.7495168,1335.05369145587,0,53,0,129,0,0,0
91,12,2,2969.7645568,1055.09273842274,0,5,0,128,0,0,0
91,12,3,2971.01632000001,885.571858704873,0,1,0,104,0,0,0
91,12,4,3022.48966400001,1697.94242923181,0,6,0,119,0,0,0
91,12,5,3003.5553408,933.630553878177,0,0,0,125,0,0,0
91,12,6,2996.28230912001,706.711442765383,0,0,0,118,0,0,0
91,12,7,19398.9682559993,10057.3298105716,0,253,0,255,0,0,11
91,12,8,0,3,0,0,0,0,0,0,0
91,13,1,3045.2271488,1747.0907691643,0,0,0,133,0,0,0
91,13,2,2972.9159168,909.372957729172,0,0,0,105,0,0,0
91,13,3,2963.20280320001,737.006401535919,0,0,0,88,0,0,0
91,13,4,3039.35045120001,2046.46754237238,0,0,0,169,0,0,0
91,13,5,3004.5523968,937.702067051909,0,0,0,93,0,0,0
91,13,6,2995.99046912001,1989.9828769156,0,0,0,70,0,0,0
91,13,7,19420.7575526393,9314.85546727703,27,0,0,228,0,0,0
91,13,8,0,3,0,0,0,0,0,0,0
91,14,1,3070.5721344,1040.99314468714,0,0,0,172,0,0,0
91,14,2,2973.4022656,1381.38597460237,0,0,0,90,0,0,0
91,14,3,2955.98016256001,1551.81779542504,0,0,0,73,0,0,0
91,14,4,3066.19663360001,1276.86424628793,0,0,0,186,0,0,0
91,14,5,3003.29957120001,1073.3832997203,0,0,0,93,0,0,0
91,14,6,3028.42720512001,2111.20466454282,0,0,0,198,0,0,0
91,14,7,19447.2702847992,7111.32081928356,20,0,0,231,0,0,0
91,14,8,0,3,0,0,0,0,0,0,0
91,15,1,3075.1147776,1084.36080960755,0,0,0,104,0,0,0
91,15,2,2979.05007360001,561.576163812811,0,0,0,138,0,0,0
91,15,3,2959.88517376001,1601.3670958366,0,0,0,155,0,0,0
91,15,4,3070.77701120001,2131.6483112466,0,0,0,127,0,0,0
91,15,5,2998.21253120001,868.510496050405,0,0,0,107,0,0,0
91,15,6,3051.46496512001,1587.89852155,1,0,0,196,0,0,0
91,15,7,19456.2871807992,10638.0455337294,63,0,0,223,0,0,0
91,15,8,0,3,0,0,0,0,0,0,0
91,16,1,3087.18490368,1517.01110221638,0,0,0,108,0,0,0
91,16,2,2974.25700096001,1060.56457187841,0,0,0,56,0,0,0
91,16,3,2967.12415027201,1068.27196033743,0,0,0,160,0,0,0
91,16,4,3097.08772454401,681.468740853296,0,1,0,190,0,0,0
91,16,5,2994.13153536002,1312.43430808423,0,0,0,86,0,0,0
91,16,6,3076.53733632001,1237.87010210216,0,0,0,158,0,0,0
91,16,7,19476.8544057335,10179.6878258646,0,44,0,215,0,0,0
91,16,8,0,3,0,0,0,0,0,0,0
91,17,1,3077.391552512,1367.32509763388,0,97,0,54,0,0,0
91,17,2,2960.33203456001,916.440341206525,0,51,0,55,0,0,0
91,17,3,2947.90670131201,1220.76512265109,0,52,0,54,0,0,0
91,17,4,3069.55799654401,789.531125257798,0,34,0,34,0,0,0
91,17,5,2982.49955072002,1038.53033174668,0,59,0,72,0,0,0
91,17,6,3067.12978432001,1722.65704163123,0,53,0,70,0,0,0
91,17,7,19501.7274293444,3312.69017018764,6,275,0,277,0,0,0
91,17,8,0,3,0,0,0,0,0,0,0
91,18,1,3091.195403264,826.207559168417,0,0,0,136,0,0,0
91,18,2,2965.45183232001,922.06493080308,0,0,0,91,0,0,0
91,18,3,2953.85834291202,1598.38154853167,0,0,0,122,0,0,0
91,18,4,3064.60049367042,391.209048417149,0,0,0,78,0,0,0
91,18,5,2981.32859392002,704.870374937413,0,0,0,103,0,0,0
91,18,6,3087.06514432001,851.619936287438,12,0,0,148,0,0,0
91,18,7,19526.2527413444,10888.5220793081,79,0,0,173,0,0,0
91,18,8,0,3,0,0,0,0,0,0,0
91,19,1,3098.194906624,2410.289189371,0,0,0,82,0,0,0
91,19,2,2970.39970816001,1474.93860572676,0,0,0,92,0,0,0
91,19,3,2968.30532659202,1157.22943004512,0,0,0,159,0,0,0
91,19,4,3043.71040163842,1405.63665208481,0,0,0,39,0,0,0
91,19,5,2977.72698316802,942.008321445433,0,0,0,70,0,0,0
91,19,6,3091.64083712001,1750.46293674033,0,0,0,85,0,0,0
91,19,7,19571.2115765444,7875.3237274352,29,0,0,246,0,0,0
91,19,8,0,3,0,0,0,0,0,0,0
91,20,1,3128.149725696,1246.82889388455,6,0,0,183,0,0,0
91,20,2,2986.06403328002,1695.01714966531,0,0,0,147,0,0,0
91,20,3,2967.06199910402,808.370133177569,0,0,0,115,0,0,0
91,20,4,3048.73613135874,1095.40386451189,0,0,0,140,0,0,0
91,20,5,2974.55200716802,1696.68344835976,0,0,0,94,0,0,0
91,20,6,3116.98331136002,1183.48048718721,0,0,0,175,0,0,0
91,20,7,19594.2494645443,6439.91869925409,77,0,0,164,0,0,0
91,20,8,0,3,0,0,0,0,0,0,0
91,21,1,3140.84924876801,1740.12590159422,0,0,0,124,0,0,0
91,21,2,3003.40626944002,979.277671514404,0,0,0,169,0,0,0
91,21,3,2958.08466790402,1025.09298661643,0,0,0,80,0,0,0
91,21,4,3045.43416399874,1113.55705385567,0,0,0,109,0,0,0
91,21,5,2985.88236236802,949.921028846482,0,0,0,169,0,0,0
91,21,6,3127.37680896001,494.389622122733,0,0,0,118,0,0,0
91,21,7,19610.5302863043,6454.45815383848,133,0,0,163,0,0,0
91,21,8,0,3,0,0,0,0,0,0,0
91,22,1,3154.38592634881,1681.26513456494,10,0,0,146,0,0,0
91,22,2,2997.88508723202,1629.2262700469,0,0,0,97,0,0,0
91,22,3,2948.44535910402,212.979408829831,0,0,0,102,0,0,0
91,22,4,3033.36213891075,1680.4129376596,0,0,0,111,0,0,0
91,22,5,2978.68130764802,989.619183982711,0,0,0,94,0,0,0
91,22,6,3119.56974336002,1479.77533042123,0,0,0,49,0,0,0
91,22,7,19639.0534863043,9362.80875980259,178,0,0,211,0,0,4
91,22,8,0,3,0,0,0,0,0,0,0
91,23,1,3177.39953940482,1031.77515347671,0,0,0,168,0,0,0
91,23,2,3010.41173839874,850.167554573171,0,0,0,162,0,0,0
91,23,3,2919.34094745602,1804.60260586199,0,0,0,21,0,0,0
91,23,4,3029.70067974146,1452.38232663135,0,0,0,168,0,0,0
91,23,5,2965.33174374402,1009.39097998435,0,0,0,98,0,0,0
91,23,6,3133.96718428162,1670.38706232078,0,0,0,147,0,0,0
91,23,7,19676.8166735042,8518.69635910921,0,33,0,231,0,0,0
91,23,8,0,3,0,0,0,0,0,0,0
91,24,1,3164.90014484482,1412.29545255706,0,58,0,45,0,0,0
91,24,2,2993.71795279874,959.472944450664,0,41,0,44,0,0,0
91,24,3,2893.39910041602,1754.22688137341,0,104,0,76,0,0,0
91,24,4,3008.73665378306,2072.42362297785,0,58,0,87,0,0,0
91,24,5,2943.18086758402,867.610479686041,0,51,0,49,0,0,0
91,24,6,3129.82955868162,721.740337997586,0,74,0,93,0,0,0
91,24,7,19750.3206636738,7619.09486291098,0,454,0,395,0,0,0
91,24,8,0,3,0,0,0,0,0,0,0
91,25,1,3189.72220129282,964.581644588785,0,0,0,141,0,0,0
91,25,2,2998.98522959874,1355.41439352791,0,0,0,95,0,0,0
91,25,3,2909.41714739202,508.378634719929,0,0,0,175,0,0,0
91,25,4,3027.50592722946,976.623882987202,0,0,0,206,0,0,0
91,25,5,2946.36763545603,1029.47359884069,0,0,0,86,0,0,0
91,25,6,3135.78452375554,889.209982799575,0,0,0,72,0,0,0
91,25,7,19792.6129388738,12974.2007088377,31,0,0,188,0,0,0
91,25,8,0,3,0,0,0,0,0,0,0
91,26,1,3196.80085573634,1146.76608733431,0,0,0,96,0,0,0
91,26,2,3005.09866575874,894.206221693509,0,0,0,135,0,0,0
91,26,3,2888.45114368002,973.581759523919,0,0,0,50,0,0,0
91,26,4,3020.9888000164,1221.07727939711,0,0,0,97,0,0,0
91,26,5,2944.11834470402,497.981907223165,0,0,0,102,0,0,0
91,26,6,3139.82477975554,1152.58202410683,0,0,0,88,0,0,0
91,26,7,19821.2350956738,6534.6458227313,29,0,0,214,0,0,0
91,26,8,0,3,0,0,0,0,0,0,0
91,27,1,3211.24735188993,1017.36528642736,0,0,0,114,0,0,0
91,27,2,3002.80164073474,960.417317157429,0,0,0,89,0,0,0
91,27,3,2882.19801600411,1038.20961842586,0,0,0,97,0,0,0
91,27,4,3022.057364906,1242.03663532701,0,0,0,122,0,0,0
91,27,5,2935.33259520002,718.503470771891,0,0,0,49,0,0,0
91,27,6,3155.44167063554,1167.80889446835,0,0,0,115,0,0,0
91,27,7,19846.7825644738,9574.43497438827,41,0,0,179,0,0,1
91,27,8,0,3,0,0,0,0,0,0,0
91,28,1,3218.36026415515,1471.09297290414,0,0,0,101,0,0,0
91,28,2,2996.30345244674,1411.54257423202,0,0,0,96,0,0,0
91,28,3,2874.82730394011,1069.86211402303,0,0,0,103,0,0,0
91,28,4,3022.85995536697,907.870416697868,0,0,0,124,0,0,0
91,28,5,2925.47065139202,1103.66496712735,0,0,0,71,0,0,0
91,28,6,3168.45179748354,1142.95696141906,0,0,0,116,0,0,0
91,28,7,19883.3285786818,10463.2056172874,33,0,0,209,0,0,0
91,28,8,0,3,0,0,0,0,0,0,0
91,29,1,3232.58406703515,1529.65277128269,0,0,0,147,0,0,0
91,29,2,3002.88729237506,458.122561075508,0,0,0,141,0,0,0
91,29,3,2860.57288079772,777.482541768494,0,0,0,106,0,0,0
91,29,4,3008.67227856799,1704.97517764747,0,0,0,90,0,0,0
91,29,5,2922.51588024322,1214.94708739762,0,0,0,110,0,0,0
91,29,6,3177.18861985794,1310.85432557231,0,0,0,114,0,0,0
91,29,7,19898.4594940097,5396.61805302776,0,71,0,188,0,0,0
91,29,8,0,3,0,0,0,0,0,0,0
91,30,1,3230.18216710555,743.871741276735,0,31,0,106,0,0,0
91,30,2,2986.54398892034,550.523687079475,0,1,0,44,0,0,0
91,30,3,2837.05174495643,1446.26484391761,0,0,0,77,0,0,0
91,30,4,3001.98346653599,1177.84806662395,0,25,0,132,0,0,0
91,30,5,2918.47684884482,1138.18931590692,0,0,0,121,0,0,0
91,30,6,3186.14349770754,1582.30134227053,0,0,0,131,0,0,0
91,30,7,19920.5490428098,5254.71734782285,0,215,0,217,0,0,0
91,30,8,0,3,0,0,0,0,0,0,0
91,31,1,3229.36944810395,1573.69909051965,0,0,0,74,0,0,0
91,31,2,2975.11224840194,1133.20876786096,0,0,0,55,0,0,0
91,31,3,2839.62032513435,781.685798488173,0,0,0,144,0,0,0
91,31,4,2998.89502160799,1056.12964111995,0,0,0,117,0,0,0
91,31,5,2918.27338362882,1520.27887572521,0,0,0,113,0,0,0
91,31,6,3200.71233388956,1533.0317307557,0,0,0,158,0,0,0
91,31,7,19985.9169998017,6663.41371031885,16,0,0,301,0,0,0
91,31,8,0,3,0,0,0,0,0,0,0
91,32,1,3244.15783279003,960.724633052895,0,0,0,156,0,0,0
91,32,2,2967.83122184194,697.115728621408,0,0,0,113,0,0,0
91,32,3,2819.53020412315,1237.20747143459,0,0,0,78,0,0,0
91,32,4,2988.42848751519,751.337715495862,0,0,0,105,0,0,0
91,32,5,2918.3480217805,1589.61000353002,0,0,0,151,0,0,0
91,32,6,3204.13356663195,274.920405266364,0,0,0,153,0,0,0
91,32,7,19999.3491411137,7580.45589655641,0,113,0,180,0,0,0
91,32,8,0,3,0,0,0,0,0,0,0
91,33,1,3218.59209122203,1821.08794532396,0,96,0,0,0,0,0
91,33,2,2945.43749435394,1745.74617219076,0,27,0,42,0,0,0
91,33,3,2795.59670976513,1125.30698715105,0,55,0,68,0,0,0
91,33,4,2960.77326385464,1085.41454801289,0,27,0,48,0,0,0
91,33,5,2904.2629069005,1391.79025981503,0,88,0,70,0,0,0
91,33,6,3188.03109607835,744.470416679374,0,5,0,22,0,0,0
91,33,7,20066.2674601153,10777.6832482469,1,355,0,316,0,0,0
91,33,8,0,3,0,0,0,0,0,0,0
91,34,1,3246.44325443668,1475.02961243007,0,0,0,182,0,0,0
91,34,2,2958.81987120744,1097.02682065145,0,0,0,174,0,0,0
91,34,3,2793.24214089402,1063.9768975505,0,0,0,112,0,0,0
91,34,4,2949.55550973854,747.040326817491,0,0,0,108,0,0,0
91,34,5,2913.3692329165,562.69439512026,0,0,0,139,0,0,0
91,34,6,3193.27901723035,1320.32364342013,0,0,0,74,0,0,0
91,34,7,20100.3099458753,8493.54096030238,26,0,0,209,0,0,1
91,34,8,0,3,0,0,0,0,0,0,0
91,35,1,3280.3086089339,2139.55198526295,0,0,0,147,0,0,0
91,35,2,2966.30764254415,1102.59237892331,0,0,0,109,0,0,0
91,35,3,2786.44836309894,587.324704125934,0,0,0,106,0,0,0
91,35,4,2940.04420067542,686.977806898201,0,0,0,74,0,0,0
91,35,5,2902.9740494029,1245.74453575553,0,0,0,56,0,0,0
91,35,6,3217.88747211163,1618.67927129191,0,0,0,132,0,0,0
91,35,7,20154.1689053623,6669.36817171518,21,0,0,202,0,0,1
91,35,8,0,3,0,0,0,0,0,0,0
91,36,1,3305.93008706029,2241.48459362939,20,0,0,155,0,0,0
91,36,2,2968.74411341007,1063.72004854081,0,0,0,110,0,0,0
91,36,3,2770.09507776595,1493.84097634147,0,0,0,58,0,0,0
91,36,4,2924.86505314226,2178.34557417161,0,0,0,68,0,0,0
91,36,5,2912.63785111963,1064.05192146901,0,0,0,124,0,0,0
91,36,6,3244.85975887874,766.251587342095,1,0,0,156,0,0,0
91,36,7,20203.0912936334,8245.71465863915,150,0,0,231,0,0,0
91,36,8,0,3,0,0,0,0,0,0,0
91,37,1,3346.26707329189,1103.6316225658,0,0,0,213,0,0,0
91,37,2,2968.3299624274,2033.67637134172,0,0,0,106,0,0,0
91,37,3,2777.08736419514,1612.09507728898,0,0,0,149,0,0,0
91,37,4,2935.47680508989,1448.29853844034,0,1,0,181,0,0,0
91,37,5,2908.13695584258,1486.83233143635,0,0,0,106,0,0,0
91,37,6,3247.49669668865,1665.19342077416,0,0,0,76,0,0,0
91,37,7,20246.6909486478,4522.25207353012,0,40,0,202,0,0,0
91,37,8,0,3,0,0,0,0,0,0,0
91,38,1,3329.166487099,1869.70428854068,0,82,0,28,0,0,0
91,38,2,2964.50075367609,1085.61641748405,0,107,0,96,0,0,0
91,38,3,2759.76425469317,651.787985332938,0,81,0,80,0,0,0
91,38,4,2914.11036634785,1678.2681792171,0,78,0,66,0,0,0
91,38,5,2894.23269402298,1678.50515147687,0,82,0,66,0,0,0
91,38,6,3242.82261870594,1402.82390067745,0,74,0,92,0,0,0
91,38,7,20283.0430617998,7418.19200867448,0,212,0,240,0,0,0
91,38,8,0,3,0,0,0,0,0,0,0
91,39,1,3387.48548798599,2207.05169856307,0,0,0,185,0,0,0
91,39,2,2993.56684577052,1600.46291150695,0,0,0,108,0,0,0
91,39,3,2760.55035353207,1097.1422897818,0,0,0,65,0,0,0
91,39,4,2945.13395700576,1223.80274149066,0,0,0,167,0,0,0
91,39,5,2924.54325263648,1553.1104147777,0,0,0,167,0,0,0
91,39,6,3286.02714415187,2213.36277280479,0,0,0,140,0,0,0
91,39,7,20353.5293470839,7575.11296096385,29,0,0,190,0,0,0
91,39,8,0,3,0,0,0,0,0,0,0
91,40,1,3439.0727140916,594.243166147467,0,0,0,220,0,0,0
91,40,2,3022.87781087925,1092.80402495008,0,0,0,160,0,0,0
91,40,3,2773.61901100355,1056.06802281075,0,0,0,109,0,0,0
91,40,4,2957.4623405426,783.623701455195,0,0,0,122,0,0,0
91,40,5,2947.1118104599,1418.3253444954,0,0,0,155,0,0,0
91,40,6,3333.1876670397,1936.07074713663,0,0,0,187,0,0,0
91,40,7,20410.862007103,5929.44627068954,21,0,0,229,0,0,1
91,40,8,0,3,0,0,0,0,0,0,0
91,41,1,3434.7672825427,2259.63211604697,0,0,0,59,0,0,0
91,41,2,3034.99065853007,1156.86031299706,0,0,0,109,0,0,0
91,41,3,2782.69980183135,1417.47847165576,0,0,0,105,0,0,0
91,41,4,2953.4186227263,1587.08602922657,0,0,0,78,0,0,0
91,41,5,2962.68133856609,908.016292701153,0,0,0,141,0,0,0
91,41,6,3385.28138444949,1198.07685922491,0,0,0,193,0,0,0
91,41,7,20448.5603347574,5918.67646196997,91,0,0,189,0,0,0
91,41,8,0,3,0,0,0,0,0,0,0
91,42,1,3457.75625246887,1005.36692529359,27,0,0,160,0,0,0
91,42,2,3037.40966548968,652.621719254403,0,0,0,115,0,0,0
91,42,3,2797.61524482638,714.460434518754,0,0,0,141,0,0,0
91,42,4,2967.00303964171,1202.43957913481,2,0,0,153,0,0,0
91,42,5,2960.98986270049,1193.46314663451,0,0,0,90,0,0,0
91,42,6,3407.2975650962,1246.09375240863,0,0,0,119,0,0,0
91,42,7,20490.4102003953,6920.86155157136,156,0,0,217,0,0,0
91,42,8,0,3,0,0,0,0,0,0,0
91,43,1,3468.79716841312,1141.56043894007,0,0,0,100,0,0,0
91,43,2,3031.13533868725,1464.49647027365,0,0,0,65,0,0,0
91,43,3,2786.59894786209,1382.61192051908,0,0,0,71,0,0,0
91,43,4,2969.06805137633,1936.28163686815,0,0,0,120,0,0,0
91,43,5,2971.46842458421,1472.23759386119,0,0,0,119,0,0,0
91,43,6,3425.15760028616,850.391666169338,0,0,0,124,0,0,0
91,43,7,20525.2226360766,6266.04754597276,72,0,0,178,0,0,0
91,43,8,0,3,0,0,0,0,0,0,0
91,44,1,3484.17426185243,679.095438422367,4,0,0,108,0,0,0
91,44,2,3043.58568987173,1728.91432505277,13,0,0,126,0,0,0
91,44,3,2791.27148645644,1625.82485171777,3,0,0,133,0,0,0
91,44,4,2972.55037942674,1533.46502237119,45,0,0,126,0,0,0
91,44,5,2993.68532562274,2005.95078039989,8,0,0,135,0,0,0
91,44,6,3429.59914451011,1227.04730803175,0,0,0,85,0,0,0
91,44,7,20588.9720520371,9981.26955279863,262,0,0,233,0,0,0
91,44,8,0,3,0,0,0,0,0,0,0
91,45,1,3479.73061748359,1489.39129359983,0,0,0,67,0,0,0
91,45,2,3069.64664053217,1492.28308910918,0,0,0,172,0,0,0
91,45,3,2811.09748264913,768.507233028454,0,0,0,162,0,0,0
91,45,4,2990.8644814037,283.371348403956,0,0,0,153,0,0,0
91,45,5,3012.91417252833,1100.64882271354,0,1,0,175,0,0,0
91,45,6,3458.22796513367,1155.28142448414,0,0,0,122,0,0,0
91,45,7,20668.5946257872,15423.5127831432,0,37,0,212,0,0,0
91,45,8,0,3,0,0,0,0,0,0,0
91,46,1,3489.71520155994,824.472746029165,0,0,0,148,0,0,0
91,46,2,3067.7660675814,1001.67514225994,0,0,0,149,0,0,0
91,46,3,2786.17572075472,969.259659725541,0,0,0,76,0,0,0
91,46,4,2959.70260474675,419.397529178607,0,0,0,28,0,0,0
91,46,5,3005.82806457247,847.432417710151,0,0,0,110,0,0,0
91,46,6,3461.51384449406,1005.39371495969,0,0,0,115,0,0,0
91,46,7,20704.5705245135,10681.5974455382,0,111,0,230,0,0,0
91,46,8,0,3,0,0,0,0,0,0,0
91,47,1,3491.06823303487,1809.97306333921,0,0,0,82,0,0,0
91,47,2,3061.15737405569,1690.79935729743,0,0,0,100,0,0,0
91,47,3,2780.07708656699,1118.27875725988,0,3,0,93,0,0,0
91,47,4,2932.4258293975,1564.95649298907,0,3,0,38,0,0,0
91,47,5,2996.71722968708,1596.20487489796,0,0,0,84,0,0,0
91,47,6,3472.58752272339,1543.62491237959,0,0,0,100,0,0,0
91,47,7,20755.6356292826,13557.6024662421,6,193,0,192,0,0,2
91,47,8,0,3,0,0,0,0,0,0,0
91,48,1,3461.75266027213,2172.02969462695,0,179,0,1,0,0,0
91,48,2,3047.59426659006,1483.05555322915,0,101,0,68,0,0,0
91,48,3,2752.9931800483,1148.89049102499,0,45,0,66,0,0,0
91,48,4,2913.24705297751,1293.35297132487,0,82,0,74,0,0,0
91,48,5,2983.63499970816,1835.47462448932,0,83,0,76,0,0,0
91,48,6,3474.05465395532,2024.01937970944,0,78,0,76,0,0,0
91,48,7,20798.4689581265,16756.1678616165,7,221,0,180,0,0,2
91,48,8,0,3,0,0,0,0,0,0,0
91,49,1,3497.0594622294,1429.12906949507,0,0,0,195,0,0,0
91,49,2,3061.04469333778,1381.78651812309,0,0,0,148,0,0,0
91,49,3,2754.78277477061,687.812606967341,0,0,0,114,0,0,0
91,49,4,2914.45440117176,727.324823917737,0,0,0,129,0,0,0
91,49,5,3005.31828878911,922.961090036985,0,0,0,183,0,0,0
91,49,6,3510.25803603235,699.571775630458,0,0,0,202,0,0,0
91,49,7,20859.4376058065,4537.92905662332,26,1,0,318,0,0,0
91,49,8,0,3,0,0,0,0,0,0,0
91,50,1,3530.80076046522,1337.8822431697,8,0,0,126,0,0,0
91,50,2,3084.42947942969,1118.68721669122,0,0,0,138,0,0,0
91,50,3,2750.7505757188,1079.72903612982,0,0,0,68,0,0,0
91,50,4,2914.999049712,1192.53604728692,0,0,0,72,0,0,0
91,50,5,3017.91105681473,1223.64179891924,0,0,0,92,0,0,0
91,50,6,3529.739647689,1730.42007869104,0,0,0,69,0,0,0
91,50,7,20912.6079096203,6527.31039277633,137,0,0,164,0,0,10
91,50,8,0,3,0,0,0,0,0,0,0
91,51,1,3556.61499371314,1002.89126592381,0,0,0,133,0,0,0
91,51,2,3084.02002701676,1518.25447282754,0,0,0,111,0,0,0
91,51,3,2751.47305976228,734.869899590815,0,0,0,107,0,0,0
91,51,4,2915.84501118209,647.943629565212,0,0,0,119,0,0,0
91,51,5,3030.96974807011,1399.61898655065,0,0,0,122,0,0,0
91,51,6,3576.99015855125,2373.52520080463,0,0,0,173,0,0,0
91,51,7,20958.4766337419,10516.1422108335,47,0,0,185,0,0,0
91,51,8,0,3,0,0,0,0,0,0,0
91,52,1,3561.10240765322,1417.23660869757,0,0,0,100,0,0,0
91,52,2,3101.72088693564,470.480006556556,0,0,0,151,0,0,0
91,52,3,2741.801625459,889.711547251564,0,0,0,73,0,0,0
91,52,4,2908.04497195424,1763.91587806966,0,0,0,64,0,0,0
91,52,5,3046.96689413503,1313.72232720274,0,0,0,139,0,0,0
91,52,6,3635.34414946837,1509.41181115973,0,0,0,237,0,0,0
91,52,7,21018.6739689275,14452.4387085182,34,0,0,190,0,0,0
91,52,8,0,3,0,0,0,0,0,0,0
91,53,1,3567.11443174284,792.470060366666,0,0,0,141,0,0,0
91,53,2,3084.34702181521,1624.08553019778,0,0,0,47,0,0,0
91,53,3,2728.45060028273,1260.56104912241,0,0,0,88,0,0,0
91,53,4,2920.79587883992,1342.81143322688,0,0,0,176,0,0,0
91,53,5,3052.84609929013,1033.32377072081,0,0,0,131,0,0,0
91,53,6,3657.90779412731,1472.27077782074,0,0,0,150,0,0,0
91,53,7,21062.5876841275,6275.62440019895,29,0,0,266,0,0,0
91,53,8,0,3,0,0,0,0,0,0,0
91,54,1,3567.10702060264,557.039242564447,0,0,0,79,0,0,0
91,54,2,3103.54771984601,1431.85654839492,0,0,0,162,0,0,0
91,54,3,2734.43951810488,1199.14042323244,0,0,0,126,0,0,0
91,54,4,2920.63533343314,587.579528741062,0,0,0,134,0,0,0
91,54,5,3058.269524642,938.372722251792,0,0,0,103,0,0,0
91,54,6,3690.64328263899,1886.29791208791,0,0,0,147,0,0,0
91,54,7,21117.6390443434,7479.37040593766,76,0,0,181,0,0,1
91,54,8,0,3,0,0,0,0,0,0,0
91,55,1,3549.92781294269,2236.74489271565,0,0,0,55,0,0,0
91,55,2,3119.32796906884,2071.04170333195,0,0,0,143,0,0,0
91,55,3,2742.9421559361,1131.35611072243,0,0,0,119,0,0,0
91,55,4,2905.14912403533,694.122564071723,0,0,0,58,0,0,0
91,55,5,3064.97382361067,1495.23615720615,0,0,0,93,0,0,0
91,55,6,3742.70813673894,1070.97889576375,0,0,0,182,0,0,0
91,55,7,21191.731670942,7623.5772953191,0,35,0,208,0,0,0
91,55,8,0,3,0,0,0,0,0,0,0
91,56,1,3543.30585973492,1041.36801296134,0,141,0,82,0,0,0
91,56,2,3114.50893052562,973.465560345918,0,105,0,102,0,0,0
91,56,3,2719.83083677914,689.285981317171,0,57,0,56,0,0,0
91,56,4,2872.97478691401,1390.48958076299,0,36,0,33,0,0,0
91,56,5,3068.78907518445,1277.03150726918,0,62,0,87,0,0,0
91,56,6,3739.28863306576,2374.36002252395,0,47,0,60,0,0,0
91,56,7,21279.7631799577,11140.9212952754,4,284,0,249,0,0,0
91,56,8,0,3,0,0,0,0,0,0,0
91,57,1,3558.64736175426,2209.82044374057,0,0,0,104,0,0,0
91,57,2,3119.64027055376,1258.71415579033,0,0,0,97,0,0,0
91,57,3,2712.28564690208,897.325690728885,0,0,0,68,0,0,0
91,57,4,2876.13136290583,935.760282601079,0,0,0,139,0,0,0
91,57,5,3072.10585983918,804.344819445552,0,0,0,127,0,0,0
91,57,6,3776.08311515068,1208.54217172785,1,0,0,194,0,0,0
91,57,7,21358.3321876967,6692.19796055982,21,0,0,395,0,0,0
91,57,8,0,3,0,0,0,0,0,0,0
91,58,1,3604.43748880666,827.416196864386,7,0,0,163,0,0,0
91,58,2,3142.44473733479,1398.92682170945,0,0,0,125,0,0,0
91,58,3,2723.11499677115,965.876286898711,0,0,0,89,0,0,0
91,58,4,2877.4111556074,496.260391946451,0,0,0,93,0,0,0
91,58,5,3079.43090510372,1349.79855658542,0,0,0,80,0,0,0
91,58,6,3815.5512790584,1885.54334910689,0,0,0,120,0,0,0
91,58,7,21441.3562024773,2569.24235530634,59,0,0,205,0,0,0
91,58,8,0,3,0,0,0,0,0,0,0
91,59,1,3610.19514367861,1465.20667605651,0,0,0,82,0,0,0
91,59,2,3150.99112206632,1011.03520190747,10,0,0,122,0,0,0
91,59,3,2718.86128951984,630.48199439111,0,0,0,96,0,0,0
91,59,4,2856.69811031626,1834.35332149301,0,0,0,49,0,0,0
91,59,5,3087.33479522822,1717.17280582174,0,0,0,134,0,0,0
91,59,6,3833.48259858915,1738.52351396173,18,0,0,157,0,0,0
91,59,7,21453.2235196228,9948.59617052281,61,0,0,153,0,0,0
91,59,8,0,3,0,0,0,0,0,0,0
91,60,1,3650.26162694898,1692.13881037743,0,0,0,146,0,0,0
91,60,2,3162.33009772485,2159.0056833945,0,0,0,101,0,0,0
91,60,3,2704.52420596005,1224.50642658472,0,0,0,63,0,0,0
91,60,4,2886.00412825753,855.866152276744,0,0,0,183,0,0,0
91,60,5,3107.27268490412,1121.63616268969,0,0,0,168,0,0,0
91,60,6,3883.63548596192,573.292959017501,0,0,0,173,0,0,0
91,60,7,21527.3945341453,8237.66204399302,28,0,0,237,0,0,0
91,60,8,0,3,0,0,0,0,0,0,0
91,61,1,3714.56926745191,581.583294565774,0,0,0,169,0,0,0
91,61,2,3220.50864138762,1976.82227049654,0,0,0,188,0,0,5
91,61,3,2729.52510890302,331.607612004629,0,0,0,122,0,0,0
91,61,4,2884.08410780074,1657.60432751114,0,0,0,85,0,0,0
91,61,5,3125.44912612045,1555.06230060455,0,0,0,112,0,0,0
91,61,6,3889.82326302032,2250.00697104121,0,0,0,57,0,0,0
91,61,7,21650.8163613915,14072.9906361769,21,0,0,294,0,0,4
91,61,8,0,3,0,0,0,0,0,0,0
91,62,1,3711.74283487441,1340.69454758005,0,0,0,58,0,0,0
91,62,2,3237.04009169013,1533.34209221005,0,0,0,197,0,0,0
91,62,3,2708.18767322174,1529.90774406182,0,0,0,33,0,0,0
91,62,4,2887.5466733574,1735.9447253388,0,0,0,165,0,0,0
91,62,5,3138.93584239768,847.042372373255,0,0,0,155,0,0,0
91,62,6,3925.88364794064,1451.24116069095,0,0,0,216,0,0,0
91,62,7,21675.9322843937,13192.847423888,0,43,0,206,0,0,0
91,62,8,0,3,0,0,0,0,0,0,0
91,63,1,3725.9374023645,1125.75893322209,0,0,0,134,0,0,0
91,63,2,3244.6915571147,2021.44845449285,0,8,0,140,0,0,0
91,63,3,2720.44410266652,895.428486273725,0,1,0,151,0,0,0
91,63,4,2885.77232805694,1462.33834724862,0,24,0,134,0,0,0
91,63,5,3130.05913251148,1788.09379926115,0,1,0,83,0,0,0
91,63,6,3943.74067672235,2745.90405868661,0,4,0,138,0,0,0
91,63,7,21721.1430749096,13184.4724783488,7,236,0,237,0,0,1
91,63,8,0,3,0,0,0,0,0,0,0
91,64,1,3734.56206109982,919.349336306882,0,0,0,112,0,0,0
91,64,2,3258.12714332796,1205.10845767544,0,0,0,181,0,0,0
91,64,3,2708.07587101959,1581.51864739248,0,0,0,89,0,0,0
91,64,4,2885.86181984936,1768.98297463825,0,0,0,146,0,0,0
91,64,5,3134.97587767387,1498.88728107858,0,0,0,178,0,0,0
91,64,6,3985.69228754057,1362.51706074949,1,0,0,231,0,0,0
91,64,7,21786.263451332,8371.5054547288,23,0,0,332,0,0,0
91,64,8,0,3,0,0,0,0,0,0,0
91,65,1,3727.09228196701,1540.71790640673,0,43,0,48,0,0,0
91,65,2,3267.12789657177,1542.1511614021,0,58,0,62,0,0,0
91,65,3,2699.84344562851,1302.20556984043,0,80,0,78,0,0,0
91,65,4,2876.75209746562,1625.8448339242,0,107,0,69,0,0,0
91,65,5,3122.20293080258,1073.31650173485,0,82,0,67,0,0,0
91,65,6,3999.31729687171,1305.28010643457,0,68,0,68,0,0,0
91,65,7,21944.613809383,8192.84979484547,0,431,0,398,0,0,0
91,65,8,0,3,0,0,0,0,0,0,0
91,66,1,3771.3747618298,2096.08185421639,0,0,0,154,0,0,0
91,66,2,3301.61233228792,1931.83077431284,0,0,0,154,0,0,0
91,66,3,2722.14029548776,338.878196358746,0,0,0,130,0,0,0
91,66,4,2908.0347959478,1042.80068815891,0,0,0,162,0,0,0
91,66,5,3146.85306209428,1171.09910694609,0,0,0,107,0,0,0
91,66,6,4046.19416845518,1463.08726155414,0,0,0,130,0,0,0
91,66,7,22035.7617885298,9816.59199911062,28,0,0,239,0,0,0
91,66,8,0,3,0,0,0,0,0,0,0
91,67,1,3868.01301493579,1586.49492001198,0,0,0,199,0,0,0
91,67,2,3400.04048152639,1331.15800849761,0,0,0,193,0,0,0
91,67,3,2724.36283949781,1947.62167046968,0,0,0,33,0,0,0
91,67,4,2934.41799804646,1080.34743413228,0,0,0,104,0,0,0
91,67,5,3186.81063131221,898.043458653591,0,0,0,117,0,0,0
91,67,6,4125.13476107856,954.501436047773,0,0,0,146,0,0,0
91,67,7,22179.2760201066,12379.692066029,29,0,0,208,0,0,0
91,67,8,0,3,0,0,0,0,0,0,0
91,68,1,3901.85324774147,1228.73707668409,0,0,0,158,0,0,0
91,68,2,3425.30260644509,1069.04614962224,0,0,0,133,0,0,0
91,68,3,2747.92256326641,1246.57592799637,0,0,0,194,0,0,0
91,68,4,2938.04778707524,1177.0664235508,0,0,0,108,0,0,0
91,68,5,3206.63284823503,1382.59050981864,0,0,0,89,0,0,0
91,68,6,4153.39853942521,1041.82008624255,0,0,0,95,0,0,0
91,68,7,22224.274136474,8071.3602397309,38,0,0,177,0,0,0
91,68,8,0,3,0,0,0,0,0,0,0
91,69,1,3904.43683109595,1801.5597633226,44,0,0,74,0,0,0
91,69,2,3418.56925981462,1245.76728998115,39,0,0,64,0,0,0
91,69,3,2743.44324318523,1685.61879085249,24,0,0,98,0,0,0
91,69,4,2941.19735603224,1227.07728282093,44,0,0,69,0,0,0
91,69,5,3209.68141691522,1058.73746245161,50,0,0,83,0,0,0
91,69,6,4165.20095017347,1445.18581561881,37,0,0,63,0,0,0
91,69,7,22294.4664882586,10836.0093934697,176,4,0,200,0,0,10
91,69,8,0,3,0,0,0,0,0,0,0
91,70,1,3941.89360515745,2520.90857609773,0,0,0,180,0,0,0
91,70,2,3445.1327543822,963.900514712013,0,0,0,124,0,0,0
91,70,3,2766.84895653951,1449.46362682818,0,0,0,168,0,0,0
91,70,4,2953.48949818704,1243.34597971616,0,0,0,122,0,0,0
91,70,5,3221.43115105451,1267.18252737125,0,0,0,105,0,0,0
91,70,6,4194.8653858047,2324.44927232038,0,0,0,144,0,0,0
91,70,7,22320.1599504134,13672.2131871261,98,0,0,210,0,0,0
91,70,8,0,3,0,0,0,0,0,0,0
91,71,1,3977.42914274045,1722.68373938828,2,0,0,195,0,0,0
91,71,2,3439.02807307777,2065.83928692923,0,0,0,96,0,0,0
91,71,3,2784.38582058253,1137.40498984556,0,0,0,144,0,0,0
91,71,4,2945.56907666082,890.105971325818,0,0,0,124,0,0,0
91,71,5,3236.54417480603,1346.60537229183,0,0,0,126,0,0,0
91,71,6,4246.66769062284,2370.62152038676,0,0,0,223,0,0,0
91,71,7,22327.63162204,7622.67831323892,57,0,0,191,0,0,0
91,71,8,0,3,0,0,0,0,0,0,0
91,72,1,3978.29119612829,1354.06931369214,117,0,0,55,0,0,0
91,72,2,3427.82793101145,1491.95811194643,116,0,0,90,0,0,0
91,72,3,2778.3676465539,1301.50462421507,51,0,0,62,0,0,0
91,72,4,2930.268621018,538.337780221128,48,0,0,41,0,0,0
91,72,5,3232.15273229039,755.561262389109,63,0,0,71,0,0,0
91,72,6,4273.1832453538,2058.22536985423,109,0,0,128,0,0,0
91,72,7,22380.6346641956,7217.23274318642,246,3,0,236,0,0,6
91,72,8,0,3,0,0,0,0,0,0,0
91,73,1,4041.14659057768,2123.51703607449,0,0,0,135,0,0,0
91,73,2,3507.05763060303,572.742771088554,0,0,0,148,0,0,0
91,73,3,2814.85029304293,799.649702033006,0,0,0,130,0,0,0
91,73,4,2931.06541298527,949.082150957285,0,0,0,53,0,0,0
91,73,5,3245.33945179509,1779.65143993967,0,0,0,75,0,0,0
91,73,6,4369.72029345799,1842.92572202162,0,13,0,161,0,0,0
91,73,7,22451.6557573618,14437.5508696668,0,161,0,187,0,0,0
91,73,8,0,3,0,0,0,0,0,0,0
91,74,1,4066.13778513395,1666.89256705411,0,0,0,190,0,0,0
91,74,2,3496.13745606121,995.335500446279,0,0,0,57,0,0,0
91,74,3,2805.48530831178,858.548158723348,0,0,0,79,0,0,0
91,74,4,2923.84752350465,1109.47498629442,0,0,0,94,0,0,0
91,74,5,3258.769718989,1382.09922325624,0,0,0,177,0,0,0
91,74,6,4417.59142123783,2215.39523431128,0,0,0,184,0,0,0
91,74,7,22446.798615201,9610.40691550742,18,7,0,191,0,0,0
91,74,8,0,3,0,0,0,0,0,0,0
91,75,1,4076.84108906945,1317.02275778251,0,84,0,82,0,0,0
91,75,2,3480.36232328458,695.853525506738,0,48,0,51,0,0,0
91,75,3,2813.30630767502,1516.54688556089,0,50,0,35,0,0,0
91,75,4,2907.73325988691,646.524420821163,0,69,0,41,0,0,0
91,75,5,3256.8133499659,394.533304302578,0,60,0,78,0,0,0
91,75,6,4441.10531578258,1778.6265564446,0,124,0,97,0,0,0
91,75,7,22574.7441196632,6973.89663557362,1,403,0,426,0,0,2
91,75,8,0,3,0,0,0,0,0,0,0
91,76,1,4098.3538665251,1488.64156627853,0,0,0,131,0,0,0
91,76,2,3474.68364598276,2440.38661304575,0,0,0,69,0,0,0
91,76,3,2827.57985925668,1380.03159444367,0,0,0,151,0,0,0
91,76,4,2902.58802614181,662.332747209794,0,0,0,64,0,0,0
91,76,5,3256.55010496254,614.030598303117,0,0,0,39,0,0,0
91,76,6,4497.53230726948,1414.73017868928,0,0,0,177,0,0,0
91,76,7,22635.5965721207,7317.75423338105,32,0,0,170,0,0,0
91,76,8,0,3,0,0,0,0,0,0,0
91,77,1,4140.06986503703,1578.48114427288,0,0,0,148,0,0,0
91,77,2,3549.23129908952,1094.80596887804,1,0,0,225,0,0,0
91,77,3,2862.10050824727,896.694179707693,0,0,0,138,0,0,0
91,77,4,2909.7088582334,461.344845900372,0,0,0,66,0,0,0
91,77,5,3269.39593312719,722.849198140463,0,0,0,61,0,0,0
91,77,6,4571.55375559272,3082.04037612931,0,0,0,141,0,0,0
91,77,7,22734.3626842872,5126.61654827535,28,0,0,207,0,0,1
91,77,8,0,3,0,0,0,0,0,0,0
91,78,1,4149.13658195412,1631.96667704621,29,0,0,120,0,0,0
91,78,2,3554.1823389008,1079.27547963651,0,0,0,109,0,0,0
91,78,3,2869.40768883888,1906.93810528895,0,0,0,89,0,0,0
91,78,4,2899.15098312921,1373.39566924247,0,0,0,46,0,0,0
91,78,5,3268.91352139966,1230.9014057661,0,0,0,72,0,0,0
91,78,6,4601.54249829289,369.675798972385,123,0,0,148,0,0,0
91,78,7,22770.2129882667,10578.0305605312,185,1,0,173,0,0,14
91,78,8,0,3,0,0,0,0,0,0,0
91,79,1,4191.84116530368,1329.07791554085,0,0,0,163,0,0,0
91,79,2,3562.87280904132,1481.58093491218,0,0,0,107,0,0,0
91,79,3,2917.94525388004,1126.21904613913,0,0,0,190,0,0,0
91,79,4,2910.62072275338,1060.67923859447,0,0,0,137,0,0,0
91,79,5,3299.46929043195,1676.52724088744,0,0,0,123,0,0,0
91,79,6,4604.43761392957,1498.14965108743,0,0,0,36,0,0,0
91,79,7,22854.5084977797,2145.26118907409,39,0,0,357,0,0,0
91,79,8,0,3,0,0,0,0,0,0,0
91,80,1,4208.89063565231,1615.85165658008,3,0,0,128,0,0,0
91,80,2,3573.57503563965,869.111426450324,12,0,0,128,0,0,0
91,80,3,2921.89409377739,580.736250329829,0,0,0,112,0,0,0
91,80,4,2913.51815926934,1175.88140844177,0,0,0,106,0,0,0
91,80,5,3314.67471133439,1534.50335664399,16,0,0,142,0,0,0
91,80,6,4643.4891705531,872.622433392278,5,0,0,141,0,0,0
91,80,7,22873.9429216901,12154.3611012055,50,0,0,133,0,0,0
91,80,8,0,3,0,0,0,0,0,0,0
91,81,1,4256.38714197795,1379.45788927058,0,0,0,161,0,0,0
91,81,2,3588.70878100582,1481.73530034599,0,0,0,86,0,0,0
91,81,3,2913.75269116996,642.91645081656,0,0,0,58,0,0,0
91,81,4,2924.67032549928,1174.63426935608,0,0,0,117,0,0,0
91,81,5,3347.49248597047,2425.44756448914,0,0,0,153,0,0,0
91,81,6,4668.38010759105,2326.71425840554,0,0,0,87,0,0,0
91,81,7,22951.2390899786,8784.73844294641,9,13,0,239,0,0,0
91,81,8,0,3,0,0,0,0,0,0,0
91,82,1,4317.95431434585,1700.96705766149,0,0,0,137,0,0,0
91,82,2,3635.43046248653,2012.92840509885,0,0,0,148,0,0,0
91,82,3,2922.98365761736,1126.21315886855,0,0,0,64,0,0,0
91,82,4,2930.05282075469,1335.3461422794,0,0,0,117,0,0,0
91,82,5,3418.38858152829,2315.9182868699,2,0,0,200,0,0,0
91,82,6,4794.53009092233,2967.23026926418,1,0,0,211,0,0,0
91,82,7,23156.9326955836,4346.39458187549,29,0,0,291,0,0,0
91,82,8,0,3,0,0,0,0,0,0,0
91,83,1,4334.72991234864,1662.32705440254,21,0,0,128,0,0,0
91,83,2,3652.26557331008,1549.16012769052,31,0,0,137,0,0,0
91,83,3,2919.59577559973,1483.91147442711,0,0,0,112,0,0,0
91,83,4,2931.16930744393,577.741790578664,0,0,0,133,0,0,0
91,83,5,3433.63856818849,1853.37226502292,37,0,0,157,0,0,0
91,83,6,4832.97139005985,2540.95570993982,60,0,0,176,0,0,0
91,83,7,23166.2678522044,7348.95080858076,139,0,0,155,0,0,0
91,83,8,0,3,0,0,0,0,0,0,0
91,84,1,4391.63910039798,3186.18872431056,0,0,0,157,0,0,0
91,84,2,3695.22840854931,1172.54545367806,0,0,0,154,0,0,0
91,84,3,2946.40627332938,1634.86034632659,0,0,0,148,0,0,0
91,84,4,2924.93714107271,832.9484162116,0,0,0,57,0,0,0
91,84,5,3497.92243554738,1148.09643923559,0,0,0,185,0,0,0
91,84,6,4918.34847146297,2442.74796133447,5,0,0,179,0,0,0
91,84,7,23245.1068709339,9749.52339290023,40,0,0,213,0,0,0
91,84,8,0,3,0,0,0,0,0,0,0
91,85,1,4479.65559232911,2809.0754255965,0,7,0,195,0,0,0
91,85,2,3719.84875761339,2221.29356278935,0,0,0,117,0,0,0
91,85,3,2962.07839945675,868.877420278415,0,0,0,163,0,0,0
91,85,4,2920.16978670427,1817.94390407887,0,0,0,83,0,0,0
91,85,5,3521.86513706312,852.12124003858,0,0,0,114,0,0,0
91,85,6,5029.63690769105,1788.41709484076,0,2,0,197,0,0,0
91,85,7,23330.4004768024,10404.8689349069,0,46,0,198,0,0,0
91,85,8,0,3,0,0,0,0,0,0,0
91,86,1,4519.53204847693,1994.09676803536,0,87,0,149,0,0,0
91,86,2,3740.76973846496,1396.51997393173,0,54,0,141,0,0,0
91,86,3,2970.57066290728,960.85506290412,0,0,0,86,0,0,0
91,86,4,2935.38811975373,1162.09445418659,0,25,0,143,0,0,0
91,86,5,3527.41095257685,843.688110760364,0,0,0,85,0,0,0
91,86,6,5086.00596069897,1671.8758033538,0,22,0,145,0,0,0
91,86,7,23449.2629261531,5769.83068194313,5,225,0,256,0,0,1
91,86,8,0,3,0,0,0,0,0,0,0
91,87,1,4620.14751057455,1961.07843185542,1,0,0,183,0,0,0
91,87,2,3818.45517039724,1035.25682247877,0,0,0,139,0,0,0
91,87,3,2974.57219142344,1899.85205688338,0,0,0,96,0,0,0
91,87,4,2947.1239287165,1189.5226603495,0,0,0,116,0,0,0
91,87,5,3545.90113705432,1746.44309235604,0,0,0,84,0,0,0
91,87,6,5203.25453588438,1057.08496394475,0,0,0,167,0,0,0
91,87,7,23576.8467708839,10006.2359456204,40,0,0,196,0,0,0
91,87,8,0,3,0,0,0,0,0,0,0
91,88,1,4805.71412859024,1606.06555833762,0,0,0,196,0,0,0
91,88,2,3925.44760929404,1740.24135906027,0,0,0,103,0,0,0
91,88,3,3076.13084557461,1544.49073548015,0,0,0,189,0,0,0
91,88,4,2986.28814978469,1608.38503450503,0,0,0,118,0,0,0
91,88,5,3640.31257552326,1820.87724855793,0,0,0,174,0,0,0
91,88,6,5308.738564478,1975.41539484625,0,0,0,105,0,0,0
91,88,7,23807.4108091434,9066.45554987126,30,0,0,200,0,0,0
91,88,8,0,3,0,0,0,0,0,0,0
91,89,1,4881.98162157267,933.390730200912,0,0,0,160,0,0,0
91,89,2,3987.29374954276,1618.08631051146,0,0,0,174,0,0,0
91,89,3,3105.96141141738,885.403249506303,0,0,0,154,0,0,0
91,89,4,2992.58370063426,1527.75537876139,0,0,0,160,0,0,0
91,89,5,3696.07900019333,815.789672152366,0,0,0,173,0,0,0
91,89,6,5403.43853464045,3170.92520285477,0,0,0,190,0,0,1
91,89,7,23906.1054183945,14921.0471663481,30,0,0,188,0,0,0
91,89,8,0,3,0,0,0,0,0,0,0
91,90,1,4898.12237762109,3603.96647769833,0,0,0,93,0,0,0
91,90,2,4015.82838025472,1557.97300186503,0,0,0,161,0,0,0
91,90,3,3094.74181885572,1652.32405140049,0,0,0,88,0,0,0
91,90,4,2995.95340479263,703.831120835649,0,0,0,152,0,0,0
91,90,5,3681.37646440067,2424.52784391279,0,0,0,81,0,0,0
91,90,6,5495.34778954312,4091.03079790964,1,0,0,260,0,0,0
91,90,7,23931.6078213319,9377.98491386754,29,0,0,219,0,0,0
91,90,8,0,3,0,0,0,0,0,0,0
91,91,1,4951.63935257248,2125.81871715295,0,163,0,197,0,0,0
91,91,2,4033.70588913583,2440.25895129323,0,48,0,107,0,0,0
91,91,3,3076.66627025782,1274.61654022215,0,91,0,74,0,0,0
91,91,4,2969.0949682797,1081.00638409168,0,51,0,19,0,0,0
91,91,5,3694.2406326328,1956.12120424995,0,116,0,126,0,0,0
91,91,6,5535.98261024644,2459.20413771136,0,205,0,204,0,0,0
91,91,7,23969.2081989306,7270.99889754571,6,264,0,215,0,0,0
91,91,8,0,3,0,0,0,0,0,0,0
91,92,1,5083.64414243732,1514.91080842126,0,0,0,195,0,0,0
91,92,2,4107.07850427777,1346.02583501836,2,0,0,202,0,0,0
91,92,3,3106.0609051795,974.895913278047,0,0,0,127,0,0,0
91,92,4,2992.59714532385,757.19775986416,0,0,0,108,0,0,0
91,92,5,3763.57115192348,1801.59278060887,0,0,0,187,0,0,0
91,92,6,5688.80884607164,2172.54821416633,0,0,0,243,0,0,0
91,92,7,24062.4429926443,12231.5758871867,36,0,0,198,0,0,0
91,92,8,0,3,0,0,0,0,0,0,0
91,93,1,5145.85481670882,2341.83047685914,0,0,0,151,0,0,0
91,93,2,4156.36738656044,1565.20329907636,0,0,0,134,0,0,0
91,93,3,3112.72117861715,1705.5697454062,0,0,0,97,0,0,0
91,93,4,2998.93822501275,1433.15084677814,0,0,0,75,0,0,0
91,93,5,3844.01643943755,524.103737472723,0,0,0,180,0,0,0
91,93,6,5799.03976813478,2228.89276183841,0,0,0,203,0,0,0
91,93,7,24150.3132006805,11037.7270457488,24,1,0,204,0,0,1
91,93,8,0,3,0,0,0,0,0,0,0
91,94,1,5253.05619037117,1633.6823274285,0,0,0,234,0,0,0
91,94,2,4192.13404005736,1358.07902030056,0,0,0,156,0,0,0
91,94,3,3145.13569071523,1387.19449064111,0,0,0,170,0,0,0
91,94,4,3021.26980921104,1321.87542387015,0,0,0,143,0,0,0
91,94,5,3841.60435349773,212.711859112593,0,0,0,52,0,0,0
91,94,6,5916.74253365589,1655.77969728311,0,0,0,222,0,0,0
91,94,7,24271.2450449105,7264.31176320336,24,0,0,234,0,0,2
91,94,8,0,3,0,0,0,0,0,0,0
91,95,1,5391.05853029124,2062.13591146231,6,0,0,150,0,0,0
91,95,2,4321.3930330098,1321.88187174675,0,0,0,135,0,0,0
91,95,3,3196.72832110165,1813.57010925178,0,0,0,138,0,0,0
91,95,4,3063.33301345404,1596.05689475904,0,0,0,132,0,0,0
91,95,5,3836.28229072793,833.088195481837,0,0,0,21,0,0,0
91,95,6,6070.20753271191,2787.74213710633,8,0,0,149,0,0,0
91,95,7,24552.467021076,15556.8149458978,237,0,0,249,0,0,0
91,95,8,0,3,0,0,0,0,0,0,0
91,96,1,5418.54062748946,2087.79573389397,0,0,0,180,0,0,0
91,96,2,4338.56464403724,2346.19696272322,0,0,0,132,0,0,0
91,96,3,3222.89294404454,1563.45181091396,0,0,0,181,0,0,0
91,96,4,3083.06472915968,938.555464277586,0,0,0,159,0,0,0
91,96,5,3842.43363176701,1564.58406212205,0,0,0,83,0,0,0
91,96,6,6169.43176010421,2898.03488905489,2,0,0,207,0,0,0
91,96,7,24605.9011731906,6397.98252784568,45,0,0,195,0,0,0
91,96,8,0,3,0,0,0,0,0,0,0
91,97,1,5498.86006170473,1843.55804984708,13,0,0,167,0,0,0
91,97,2,4384.33238718127,1589.08753773174,18,0,0,175,0,0,1
91,97,3,3241.07233538924,1922.19134421082,0,0,0,156,0,0,0
91,97,4,3086.31471139544,1197.92845238419,0,0,0,93,0,0,0
91,97,5,3886.17442136345,2142.66188521163,0,0,0,155,0,0,0
91,97,6,6307.94875862051,1637.03686334804,28,0,0,201,0,0,0
91,97,7,24691.5542414767,10677.2442582181,148,0,0,174,0,0,5
91,97,8,0,3,0,0,0,0,0,0,0
91,98,1,5650.81175960285,3497.85631852378,0,0,0,184,0,0,0
91,98,2,4447.28787755464,1280.72978645717,0,0,0,158,0,0,0
91,98,3,3309.96749929325,978.737087434899,0,0,0,185,0,0,0
91,98,4,3102.0789252036,798.688243649273,0,0,0,119,0,0,0
91,98,5,3948.76900158536,2164.18659207867,0,0,0,214,0,0,0
91,98,6,6449.47619151555,1637.9020842626,0,0,0,163,0,0,0
91,98,7,24811.2231808967,14332.94634707,51,0,0,204,0,0,0
91,98,8,0,3,0,0,0,0,0,0,0
91,99,1,5724.01939094031,2254.61629127072,4,0,0,205,0,0,0
91,99,2,4446.07942964351,1120.55443953784,0,0,0,128,0,0,0
91,99,3,3302.93038782403,1152.5222360848,0,0,0,97,0,0,0
91,99,4,3089.74249920209,1541.16174481557,0,0,0,79,0,0,0
91,99,5,3969.91672898643,1680.4417058101,0,0,0,197,0,0,0
91,99,6,6504.60567545212,3115.46066874579,0,0,0,163,0,0,0
91,99,7,24869.4111590303,13572.3462292554,35,0,0,219,0,0,0
91,99,8,0,3,0,0,0,0,0,0,0
91,100,1,5792.63824219461,3114.80868829608,0,0,0,193,0,0,0
91,100,2,4448.0833316597,1542.80748483398,0,0,0,112,0,0,0
91,100,3,3306.71664323087,668.800564599875,0,0,0,115,0,0,0
91,100,4,3093.26409700163,833.775755794991,0,0,0,154,0,0,0
91,100,5,3979.01683506303,2290.77686680279,0,0,0,168,0,0,0
91,100,6,6568.99578621265,2672.53642610116,1,0,0,218,0,0,9
91,100,7,24916.1152850551,14342.9618462571,33,0,0,201,0,0,0
91,100,8,0,3,0,0,0,0,0,0,0
92,1,1,2753.33568,1358.33468321191,0,52,0,34,0,0,0
92,1,2,2752.40736,1356.49967136277,0,53,0,46,0,0,0
92,1,3,2745.1408,1052.14207358721,0,27,0,19,0,0,0
92,1,4,2753.2336,405.44527137895,0,58,0,39,0,0,0
92,1,5,2756.58912,1250.85766606432,0,36,0,59,0,0,0
92,1,6,2750.52,1216.47812665615,0,24,0,40,0,0,0
92,1,7,20569.0367999999,6423.38865979635,0,0,0,24,0,0,0
92,1,8,0,0,0,23,0,8,0,0,0
92,2,1,NA,NA,NA,NA,NA,NA,NA,NA,NA
92,2,2,NA,NA,NA,NA,NA,NA,NA,NA,NA
92,2,3,NA,NA,NA,NA,NA,NA,NA,NA,NA
92,2,4,NA,NA,NA,NA,NA,NA,NA,NA,NA
92,2,5,NA,NA,NA,NA,NA,NA,NA,NA,NA
92,2,6,NA,NA,NA,NA,NA,NA,NA,NA,NA
92,2,7,NA,NA,NA,NA,NA,NA,NA,NA,NA
92,2,8,NA,NA,NA,NA,NA,NA,NA,NA,NA
92,3,1,NA,NA,NA,NA,NA,NA,NA,NA,NA
92,3,2,NA,NA,NA,NA,NA,NA,NA,NA,NA
92,3,3,NA,NA,NA,NA,NA,NA,NA,NA,NA
92,3,4,NA,NA,NA,NA,NA,NA,NA,NA,NA
92,3,5,NA,NA,NA,NA,NA,NA,NA,NA,NA
92,3,6,NA,NA,NA,NA,NA,NA,NA,NA,NA
92,3,7,NA,NA,NA,NA,NA,NA,NA,NA,NA
92,3,8,NA,NA,NA,NA,NA,NA,NA,NA,NA
92,4,1,NA,NA,NA,NA,NA,NA,NA,NA,NA
92,4,2,NA,NA,NA,NA,NA,NA,NA,NA,NA
92,4,3,NA,NA,NA,NA,NA,NA,NA,NA,NA
92,4,4,NA,NA,NA,NA,NA,NA,NA,NA,NA
92,4,5,NA,NA,NA,NA,NA,NA,NA,NA,NA
92,4,6,NA,NA,NA,NA,NA,NA,NA,NA,NA
92,4,7,NA,NA,NA,NA,NA,NA,NA,NA,NA
92,4,8,NA,NA,NA,NA,NA,NA,NA,NA,NA
92,5,1,NA,NA,NA,NA,NA,NA,NA,NA,NA
92,5,2,NA,NA,NA,NA,NA,NA,NA,NA,NA
92,5,3,NA,NA,NA,NA,NA,NA,NA,NA,NA
92,5,4,NA,NA,NA,NA,NA,NA,NA,NA,NA
92,5,5,NA,NA,NA,NA,NA,NA,NA,NA,NA
92,5,6,NA,NA,NA,NA,NA,NA,NA,NA,NA
92,5,7,NA,NA,NA,NA,NA,NA,NA,NA,NA
92,5,8,NA,NA,NA,NA,NA,NA,NA,NA,NA
92,6,1,NA,NA,NA,NA,NA,NA,NA,NA,NA
92,6,2,NA,NA,NA,NA,NA,NA,NA,NA,NA
92,6,3,NA,NA,NA,NA,NA,NA,NA,NA,NA
92,6,4,NA,NA,NA,NA,NA,NA,NA,NA,NA
92,6,5,NA,NA,NA,NA,NA,NA,NA,NA,NA
92,6,6,NA,NA,NA,NA,NA,NA,NA,NA,NA
92,6,7,NA,NA,NA,NA,NA,NA,NA,NA,NA
92,6,8,NA,NA,NA,NA,NA,NA,NA,NA,NA
92,7,1,NA,NA,NA,NA,NA,NA,NA,NA,NA
92,7,2,NA,NA,NA,NA,NA,NA,NA,NA,NA
92,7,3,NA,NA,NA,NA,NA,NA,NA,NA,NA
92,7,4,NA,NA,NA,NA,NA,NA,NA,NA,NA
92,7,5,NA,NA,NA,NA,NA,NA,NA,NA,NA
92,7,6,NA,NA,NA,NA,NA,NA,NA,NA,NA
92,7,7,NA,NA,NA,NA,NA,NA,NA,NA,NA
92,7,8,NA,NA,NA,NA,NA,NA,NA,NA,NA
92,8,1,NA,NA,NA,NA,NA,NA,NA,NA,NA
92,8,2,NA,NA,NA,NA,NA,NA,NA,NA,NA
92,8,3,NA,NA,NA,NA,NA,NA,NA,NA,NA
92,8,4,NA,NA,NA,NA,NA,NA,NA,NA,NA
92,8,5,NA,NA,NA,NA,NA,NA,NA,NA,NA
92,8,6,NA,NA,NA,NA,NA,NA,NA,NA,NA
92,8,7,NA,NA,NA,NA,NA,NA,NA,NA,NA
92,8,8,NA,NA,NA,NA,NA,NA,NA,NA,NA
92,9,1,NA,NA,NA,NA,NA,NA,NA,NA,NA
92,9,2,NA,NA,NA,NA,NA,NA,NA,NA,NA
92,9,3,NA,NA,NA,NA,NA,NA,NA,NA,NA
92,9,4,NA,NA,NA,NA,NA,NA,NA,NA,NA
92,9,5,NA,NA,NA,NA,NA,NA,NA,NA,NA
92,9,6,NA,NA,NA,NA,NA,NA,NA,NA,NA
92,9,7,NA,NA,NA,NA,NA,NA,NA,NA,NA
92,9,8,NA,NA,NA,NA,NA,NA,NA,NA,NA
92,10,1,NA,NA,NA,NA,NA,NA,NA,NA,NA
92,10,2,NA,NA,NA,NA,NA,NA,NA,NA,NA
92,10,3,NA,NA,NA,NA,NA,NA,NA,NA,NA
92,10,4,NA,NA,NA,NA,NA,NA,NA,NA,NA
92,10,5,NA,NA,NA,NA,NA,NA,NA,NA,NA
92,10,6,NA,NA,NA,NA,NA,NA,NA,NA,NA
92,10,7,NA,NA,NA,NA,NA,NA,NA,NA,NA
92,10,8,NA,NA,NA,NA,NA,NA,NA,NA,NA
92,11,1,NA,NA,NA,NA,NA,NA,NA,NA,NA
92,11,2,NA,NA,NA,NA,NA,NA,NA,NA,NA
92,11,3,NA,NA,NA,NA,NA,NA,NA,NA,NA
92,11,4,NA,NA,NA,NA,NA,NA,NA,NA,NA
92,11,5,NA,NA,NA,NA,NA,NA,NA,NA,NA
92,11,6,NA,NA,NA,NA,NA,NA,NA,NA,NA
92,11,7,NA,NA,NA,NA,NA,NA,NA,NA,NA
92,11,8,NA,NA,NA,NA,NA,NA,NA,NA,NA
92,12,1,NA,NA,NA,NA,NA,NA,NA,NA,NA
92,12,2,NA,NA,NA,NA,NA,NA,NA,NA,NA
92,12,3,NA,NA,NA,NA,NA,NA,NA,NA,NA
92,12,4,NA,NA,NA,NA,NA,NA,NA,NA,NA
92,12,5,NA,NA,NA,NA,NA,NA,NA,NA,NA
92,12,6,NA,NA,NA,NA,NA,NA,NA,NA,NA
92,12,7,NA,NA,NA,NA,NA,NA,NA,NA,NA
92,12,8,NA,NA,NA,NA,NA,NA,NA,NA,NA
92,13,1,NA,NA,NA,NA,NA,NA,NA,NA,NA
92,13,2,NA,NA,NA,NA,NA,NA,NA,NA,NA
92,13,3,NA,NA,NA,NA,NA,NA,NA,NA,NA
92,13,4,NA,NA,NA,NA,NA,NA,NA,NA,NA
92,13,5,NA,NA,NA,NA,NA,NA,NA,NA,NA
92,13,6,NA,NA,NA,NA,NA,NA,NA,NA,NA
92,13,7,NA,NA,NA,NA,NA,NA,NA,NA,NA
92,13,8,NA,NA,NA,NA,NA,NA,NA,NA,NA
92,14,1,NA,NA,NA,NA,NA,NA,NA,NA,NA
92,14,2,NA,NA,NA,NA,NA,NA,NA,NA,NA
92,14,3,NA,NA,NA,NA,NA,NA,NA,NA,NA
92,14,4,NA,NA,NA,NA,NA,NA,NA,NA,NA
92,14,5,NA,NA,NA,NA,NA,NA,NA,NA,NA
92,14,6,NA,NA,NA,NA,NA,NA,NA,NA,NA
92,14,7,NA,NA,NA,NA,NA,NA,NA,NA,NA
92,14,8,NA,NA,NA,NA,NA,NA,NA,NA,NA
92,15,1,NA,NA,NA,NA,NA,NA,NA,NA,NA
92,15,2,NA,NA,NA,NA,NA,NA,NA,NA,NA
92,15,3,NA,NA,NA,NA,NA,NA,NA,NA,NA
92,15,4,NA,NA,NA,NA,NA,NA,NA,NA,NA
92,15,5,NA,NA,NA,NA,NA,NA,NA,NA,NA
92,15,6,NA,NA,NA,NA,NA,NA,NA,NA,NA
92,15,7,NA,NA,NA,NA,NA,NA,NA,NA,NA
92,15,8,NA,NA,NA,NA,NA,NA,NA,NA,NA
92,16,1,NA,NA,NA,NA,NA,NA,NA,NA,NA
92,16,2,NA,NA,NA,NA,NA,NA,NA,NA,NA
92,16,3,NA,NA,NA,NA,NA,NA,NA,NA,NA
92,16,4,NA,NA,NA,NA,NA,NA,NA,NA,NA
92,16,5,NA,NA,NA,NA,NA,NA,NA,NA,NA
92,16,6,NA,NA,NA,NA,NA,NA,NA,NA,NA
92,16,7,NA,NA,NA,NA,NA,NA,NA,NA,NA
92,16,8,NA,NA,NA,NA,NA,NA,NA,NA,NA
92,17,1,NA,NA,NA,NA,NA,NA,NA,NA,NA
92,17,2,NA,NA,NA,NA,NA,NA,NA,NA,NA
92,17,3,NA,NA,NA,NA,NA,NA,NA,NA,NA
92,17,4,NA,NA,NA,NA,NA,NA,NA,NA,NA
92,17,5,NA,NA,NA,NA,NA,NA,NA,NA,NA
92,17,6,NA,NA,NA,NA,NA,NA,NA,NA,NA
92,17,7,NA,NA,NA,NA,NA,NA,NA,NA,NA
92,17,8,NA,NA,NA,NA,NA,NA,NA,NA,NA
92,18,1,NA,NA,NA,NA,NA,NA,NA,NA,NA
92,18,2,NA,NA,NA,NA,NA,NA,NA,NA,NA
92,18,3,NA,NA,NA,NA,NA,NA,NA,NA,NA
92,18,4,NA,NA,NA,NA,NA,NA,NA,NA,NA
92,18,5,NA,NA,NA,NA,NA,NA,NA,NA,NA
92,18,6,NA,NA,NA,NA,NA,NA,NA,NA,NA
92,18,7,NA,NA,NA,NA,NA,NA,NA,NA,NA
92,18,8,NA,NA,NA,NA,NA,NA,NA,NA,NA
92,19,1,NA,NA,NA,NA,NA,NA,NA,NA,NA
92,19,2,NA,NA,NA,NA,NA,NA,NA,NA,NA
92,19,3,NA,NA,NA,NA,NA,NA,NA,NA,NA
92,19,4,NA,NA,NA,NA,NA,NA,NA,NA,NA
92,19,5,NA,NA,NA,NA,NA,NA,NA,NA,NA
92,19,6,NA,NA,NA,NA,NA,NA,NA,NA,NA
92,19,7,NA,NA,NA,NA,NA,NA,NA,NA,NA
92,19,8,NA,NA,NA,NA,NA,NA,NA,NA,NA
92,20,1,NA,NA,NA,NA,NA,NA,NA,NA,NA
92,20,2,NA,NA,NA,NA,NA,NA,NA,NA,NA
92,20,3,NA,NA,NA,NA,NA,NA,NA,NA,NA
92,20,4,NA,NA,NA,NA,NA,NA,NA,NA,NA
92,20,5,NA,NA,NA,NA,NA,NA,NA,NA,NA
92,20,6,NA,NA,NA,NA,NA,NA,NA,NA,NA
92,20,7,NA,NA,NA,NA,NA,NA,NA,NA,NA
92,20,8,NA,NA,NA,NA,NA,NA,NA,NA,NA
92,21,1,NA,NA,NA,NA,NA,NA,NA,NA,NA
92,21,2,NA,NA,NA,NA,NA,NA,NA,NA,NA
92,21,3,NA,NA,NA,NA,NA,NA,NA,NA,NA
92,21,4,NA,NA,NA,NA,NA,NA,NA,NA,NA
92,21,5,NA,NA,NA,NA,NA,NA,NA,NA,NA
92,21,6,NA,NA,NA,NA,NA,NA,NA,NA,NA
92,21,7,NA,NA,NA,NA,NA,NA,NA,NA,NA
92,21,8,NA,NA,NA,NA,NA,NA,NA,NA,NA
92,22,1,NA,NA,NA,NA,NA,NA,NA,NA,NA
92,22,2,NA,NA,NA,NA,NA,NA,NA,NA,NA
92,22,3,NA,NA,NA,NA,NA,NA,NA,NA,NA
92,22,4,NA,NA,NA,NA,NA,NA,NA,NA,NA
92,22,5,NA,NA,NA,NA,NA,NA,NA,NA,NA
92,22,6,NA,NA,NA,NA,NA,NA,NA,NA,NA
92,22,7,NA,NA,NA,NA,NA,NA,NA,NA,NA
92,22,8,NA,NA,NA,NA,NA,NA,NA,NA,NA
92,23,1,NA,NA,NA,NA,NA,NA,NA,NA,NA
92,23,2,NA,NA,NA,NA,NA,NA,NA,NA,NA
92,23,3,NA,NA,NA,NA,NA,NA,NA,NA,NA
92,23,4,NA,NA,NA,NA,NA,NA,NA,NA,NA
92,23,5,NA,NA,NA,NA,NA,NA,NA,NA,NA
92,23,6,NA,NA,NA,NA,NA,NA,NA,NA,NA
92,23,7,NA,NA,NA,NA,NA,NA,NA,NA,NA
92,23,8,NA,NA,NA,NA,NA,NA,NA,NA,NA
92,24,1,NA,NA,NA,NA,NA,NA,NA,NA,NA
92,24,2,NA,NA,NA,NA,NA,NA,NA,NA,NA
92,24,3,NA,NA,NA,NA,NA,NA,NA,NA,NA
92,24,4,NA,NA,NA,NA,NA,NA,NA,NA,NA
92,24,5,NA,NA,NA,NA,NA,NA,NA,NA,NA
92,24,6,NA,NA,NA,NA,NA,NA,NA,NA,NA
92,24,7,NA,NA,NA,NA,NA,NA,NA,NA,NA
92,24,8,NA,NA,NA,NA,NA,NA,NA,NA,NA
92,25,1,NA,NA,NA,NA,NA,NA,NA,NA,NA
92,25,2,NA,NA,NA,NA,NA,NA,NA,NA,NA
92,25,3,NA,NA,NA,NA,NA,NA,NA,NA,NA
92,25,4,NA,NA,NA,NA,NA,NA,NA,NA,NA
92,25,5,NA,NA,NA,NA,NA,NA,NA,NA,NA
92,25,6,NA,NA,NA,NA,NA,NA,NA,NA,NA
92,25,7,NA,NA,NA,NA,NA,NA,NA,NA,NA
92,25,8,NA,NA,NA,NA,NA,NA,NA,NA,NA
92,26,1,NA,NA,NA,NA,NA,NA,NA,NA,NA
92,26,2,NA,NA,NA,NA,NA,NA,NA,NA,NA
92,26,3,NA,NA,NA,NA,NA,NA,NA,NA,NA
92,26,4,NA,NA,NA,NA,NA,NA,NA,NA,NA
92,26,5,NA,NA,NA,NA,NA,NA,NA,NA,NA
92,26,6,NA,NA,NA,NA,NA,NA,NA,NA,NA
92,26,7,NA,NA,NA,NA,NA,NA,NA,NA,NA
92,26,8,NA,NA,NA,NA,NA,NA,NA,NA,NA
92,27,1,NA,NA,NA,NA,NA,NA,NA,NA,NA
92,27,2,NA,NA,NA,NA,NA,NA,NA,NA,NA
92,27,3,NA,NA,NA,NA,NA,NA,NA,NA,NA
92,27,4,NA,NA,NA,NA,NA,NA,NA,NA,NA
92,27,5,NA,NA,NA,NA,NA,NA,NA,NA,NA
92,27,6,NA,NA,NA,NA,NA,NA,NA,NA,NA
92,27,7,NA,NA,NA,NA,NA,NA,NA,NA,NA
92,27,8,NA,NA,NA,NA,NA,NA,NA,NA,NA
92,28,1,NA,NA,NA,NA,NA,NA,NA,NA,NA
92,28,2,NA,NA,NA,NA,NA,NA,NA,NA,NA
92,28,3,NA,NA,NA,NA,NA,NA,NA,NA,NA
92,28,4,NA,NA,NA,NA,NA,NA,NA,NA,NA
92,28,5,NA,NA,NA,NA,NA,NA,NA,NA,NA
92,28,6,NA,NA,NA,NA,NA,NA,NA,NA,NA
92,28,7,NA,NA,NA,NA,NA,NA,NA,NA,NA
92,28,8,NA,NA,NA,NA,NA,NA,NA,NA,NA
92,29,1,NA,NA,NA,NA,NA,NA,NA,NA,NA
92,29,2,NA,NA,NA,NA,NA,NA,NA,NA,NA
92,29,3,NA,NA,NA,NA,NA,NA,NA,NA,NA
92,29,4,NA,NA,NA,NA,NA,NA,NA,NA,NA
92,29,5,NA,NA,NA,NA,NA,NA,NA,NA,NA
92,29,6,NA,NA,NA,NA,NA,NA,NA,NA,NA
92,29,7,NA,NA,NA,NA,NA,NA,NA,NA,NA
92,29,8,NA,NA,NA,NA,NA,NA,NA,NA,NA
92,30,1,NA,NA,NA,NA,NA,NA,NA,NA,NA
92,30,2,NA,NA,NA,NA,NA,NA,NA,NA,NA
92,30,3,NA,NA,NA,NA,NA,NA,NA,NA,NA
92,30,4,NA,NA,NA,NA,NA,NA,NA,NA,NA
92,30,5,NA,NA,NA,NA,NA,NA,NA,NA,NA
92,30,6,NA,NA,NA,NA,NA,NA,NA,NA,NA
92,30,7,NA,NA,NA,NA,NA,NA,NA,NA,NA
92,30,8,NA,NA,NA,NA,NA,NA,NA,NA,NA
92,31,1,NA,NA,NA,NA,NA,NA,NA,NA,NA
92,31,2,NA,NA,NA,NA,NA,NA,NA,NA,NA
92,31,3,NA,NA,NA,NA,NA,NA,NA,NA,NA
92,31,4,NA,NA,NA,NA,NA,NA,NA,NA,NA
92,31,5,NA,NA,NA,NA,NA,NA,NA,NA,NA
92,31,6,NA,NA,NA,NA,NA,NA,NA,NA,NA
92,31,7,NA,NA,NA,NA,NA,NA,NA,NA,NA
92,31,8,NA,NA,NA,NA,NA,NA,NA,NA,NA
92,32,1,NA,NA,NA,NA,NA,NA,NA,NA,NA
92,32,2,NA,NA,NA,NA,NA,NA,NA,NA,NA
92,32,3,NA,NA,NA,NA,NA,NA,NA,NA,NA
92,32,4,NA,NA,NA,NA,NA,NA,NA,NA,NA
92,32,5,NA,NA,NA,NA,NA,NA,NA,NA,NA
92,32,6,NA,NA,NA,NA,NA,NA,NA,NA,NA
92,32,7,NA,NA,NA,NA,NA,NA,NA,NA,NA
92,32,8,NA,NA,NA,NA,NA,NA,NA,NA,NA
92,33,1,NA,NA,NA,NA,NA,NA,NA,NA,NA
92,33,2,NA,NA,NA,NA,NA,NA,NA,NA,NA
92,33,3,NA,NA,NA,NA,NA,NA,NA,NA,NA
92,33,4,NA,NA,NA,NA,NA,NA,NA,NA,NA
92,33,5,NA,NA,NA,NA,NA,NA,NA,NA,NA
92,33,6,NA,NA,NA,NA,NA,NA,NA,NA,NA
92,33,7,NA,NA,NA,NA,NA,NA,NA,NA,NA
92,33,8,NA,NA,NA,NA,NA,NA,NA,NA,NA
92,34,1,NA,NA,NA,NA,NA,NA,NA,NA,NA
92,34,2,NA,NA,NA,NA,NA,NA,NA,NA,NA
92,34,3,NA,NA,NA,NA,NA,NA,NA,NA,NA
92,34,4,NA,NA,NA,NA,NA,NA,NA,NA,NA
92,34,5,NA,NA,NA,NA,NA,NA,NA,NA,NA
92,34,6,NA,NA,NA,NA,NA,NA,NA,NA,NA
92,34,7,NA,NA,NA,NA,NA,NA,NA,NA,NA
92,34,8,NA,NA,NA,NA,NA,NA,NA,NA,NA
92,35,1,NA,NA,NA,NA,NA,NA,NA,NA,NA
92,35,2,NA,NA,NA,NA,NA,NA,NA,NA,NA
92,35,3,NA,NA,NA,NA,NA,NA,NA,NA,NA
92,35,4,NA,NA,NA,NA,NA,NA,NA,NA,NA
92,35,5,NA,NA,NA,NA,NA,NA,NA,NA,NA
92,35,6,NA,NA,NA,NA,NA,NA,NA,NA,NA
92,35,7,NA,NA,NA,NA,NA,NA,NA,NA,NA
92,35,8,NA,NA,NA,NA,NA,NA,NA,NA,NA
92,36,1,NA,NA,NA,NA,NA,NA,NA,NA,NA
92,36,2,NA,NA,NA,NA,NA,NA,NA,NA,NA
92,36,3,NA,NA,NA,NA,NA,NA,NA,NA,NA
92,36,4,NA,NA,NA,NA,NA,NA,NA,NA,NA
92,36,5,NA,NA,NA,NA,NA,NA,NA,NA,NA
92,36,6,NA,NA,NA,NA,NA,NA,NA,NA,NA
92,36,7,NA,NA,NA,NA,NA,NA,NA,NA,NA
92,36,8,NA,NA,NA,NA,NA,NA,NA,NA,NA
92,37,1,NA,NA,NA,NA,NA,NA,NA,NA,NA
92,37,2,NA,NA,NA,NA,NA,NA,NA,NA,NA
92,37,3,NA,NA,NA,NA,NA,NA,NA,NA,NA
92,37,4,NA,NA,NA,NA,NA,NA,NA,NA,NA
92,37,5,NA,NA,NA,NA,NA,NA,NA,NA,NA
92,37,6,NA,NA,NA,NA,NA,NA,NA,NA,NA
92,37,7,NA,NA,NA,NA,NA,NA,NA,NA,NA
92,37,8,NA,NA,NA,NA,NA,NA,NA,NA,NA
92,38,1,NA,NA,NA,NA,NA,NA,NA,NA,NA
92,38,2,NA,NA,NA,NA,NA,NA,NA,NA,NA
92,38,3,NA,NA,NA,NA,NA,NA,NA,NA,NA
92,38,4,NA,NA,NA,NA,NA,NA,NA,NA,NA
92,38,5,NA,NA,NA,NA,NA,NA,NA,NA,NA
92,38,6,NA,NA,NA,NA,NA,NA,NA,NA,NA
92,38,7,NA,NA,NA,NA,NA,NA,NA,NA,NA
92,38,8,NA,NA,NA,NA,NA,NA,NA,NA,NA
92,39,1,NA,NA,NA,NA,NA,NA,NA,NA,NA
92,39,2,NA,NA,NA,NA,NA,NA,NA,NA,NA
92,39,3,NA,NA,NA,NA,NA,NA,NA,NA,NA
92,39,4,NA,NA,NA,NA,NA,NA,NA,NA,NA
92,39,5,NA,NA,NA,NA,NA,NA,NA,NA,NA
92,39,6,NA,NA,NA,NA,NA,NA,NA,NA,NA
92,39,7,NA,NA,NA,NA,NA,NA,NA,NA,NA
92,39,8,NA,NA,NA,NA,NA,NA,NA,NA,NA
92,40,1,NA,NA,NA,NA,NA,NA,NA,NA,NA
92,40,2,NA,NA,NA,NA,NA,NA,NA,NA,NA
92,40,3,NA,NA,NA,NA,NA,NA,NA,NA,NA
92,40,4,NA,NA,NA,NA,NA,NA,NA,NA,NA
92,40,5,NA,NA,NA,NA,NA,NA,NA,NA,NA
92,40,6,NA,NA,NA,NA,NA,NA,NA,NA,NA
92,40,7,NA,NA,NA,NA,NA,NA,NA,NA,NA
92,40,8,NA,NA,NA,NA,NA,NA,NA,NA,NA
92,41,1,NA,NA,NA,NA,NA,NA,NA,NA,NA
92,41,2,NA,NA,NA,NA,NA,NA,NA,NA,NA
92,41,3,NA,NA,NA,NA,NA,NA,NA,NA,NA
92,41,4,NA,NA,NA,NA,NA,NA,NA,NA,NA
92,41,5,NA,NA,NA,NA,NA,NA,NA,NA,NA
92,41,6,NA,NA,NA,NA,NA,NA,NA,NA,NA
92,41,7,NA,NA,NA,NA,NA,NA,NA,NA,NA
92,41,8,NA,NA,NA,NA,NA,NA,NA,NA,NA
92,42,1,NA,NA,NA,NA,NA,NA,NA,NA,NA
92,42,2,NA,NA,NA,NA,NA,NA,NA,NA,NA
92,42,3,NA,NA,NA,NA,NA,NA,NA,NA,NA
92,42,4,NA,NA,NA,NA,NA,NA,NA,NA,NA
92,42,5,NA,NA,NA,NA,NA,NA,NA,NA,NA
92,42,6,NA,NA,NA,NA,NA,NA,NA,NA,NA
92,42,7,NA,NA,NA,NA,NA,NA,NA,NA,NA
92,42,8,NA,NA,NA,NA,NA,NA,NA,NA,NA
92,43,1,NA,NA,NA,NA,NA,NA,NA,NA,NA
92,43,2,NA,NA,NA,NA,NA,NA,NA,NA,NA
92,43,3,NA,NA,NA,NA,NA,NA,NA,NA,NA
92,43,4,NA,NA,NA,NA,NA,NA,NA,NA,NA
92,43,5,NA,NA,NA,NA,NA,NA,NA,NA,NA
92,43,6,NA,NA,NA,NA,NA,NA,NA,NA,NA
92,43,7,NA,NA,NA,NA,NA,NA,NA,NA,NA
92,43,8,NA,NA,NA,NA,NA,NA,NA,NA,NA
92,44,1,NA,NA,NA,NA,NA,NA,NA,NA,NA
92,44,2,NA,NA,NA,NA,NA,NA,NA,NA,NA
92,44,3,NA,NA,NA,NA,NA,NA,NA,NA,NA
92,44,4,NA,NA,NA,NA,NA,NA,NA,NA,NA
92,44,5,NA,NA,NA,NA,NA,NA,NA,NA,NA
92,44,6,NA,NA,NA,NA,NA,NA,NA,NA,NA
92,44,7,NA,NA,NA,NA,NA,NA,NA,NA,NA
92,44,8,NA,NA,NA,NA,NA,NA,NA,NA,NA
92,45,1,NA,NA,NA,NA,NA,NA,NA,NA,NA
92,45,2,NA,NA,NA,NA,NA,NA,NA,NA,NA
92,45,3,NA,NA,NA,NA,NA,NA,NA,NA,NA
92,45,4,NA,NA,NA,NA,NA,NA,NA,NA,NA
92,45,5,NA,NA,NA,NA,NA,NA,NA,NA,NA
92,45,6,NA,NA,NA,NA,NA,NA,NA,NA,NA
92,45,7,NA,NA,NA,NA,NA,NA,NA,NA,NA
92,45,8,NA,NA,NA,NA,NA,NA,NA,NA,NA
92,46,1,NA,NA,NA,NA,NA,NA,NA,NA,NA
92,46,2,NA,NA,NA,NA,NA,NA,NA,NA,NA
92,46,3,NA,NA,NA,NA,NA,NA,NA,NA,NA
92,46,4,NA,NA,NA,NA,NA,NA,NA,NA,NA
92,46,5,NA,NA,NA,NA,NA,NA,NA,NA,NA
92,46,6,NA,NA,NA,NA,NA,NA,NA,NA,NA
92,46,7,NA,NA,NA,NA,NA,NA,NA,NA,NA
92,46,8,NA,NA,NA,NA,NA,NA,NA,NA,NA
92,47,1,NA,NA,NA,NA,NA,NA,NA,NA,NA
92,47,2,NA,NA,NA,NA,NA,NA,NA,NA,NA
92,47,3,NA,NA,NA,NA,NA,NA,NA,NA,NA
92,47,4,NA,NA,NA,NA,NA,NA,NA,NA,NA
92,47,5,NA,NA,NA,NA,NA,NA,NA,NA,NA
92,47,6,NA,NA,NA,NA,NA,NA,NA,NA,NA
92,47,7,NA,NA,NA,NA,NA,NA,NA,NA,NA
92,47,8,NA,NA,NA,NA,NA,NA,NA,NA,NA
92,48,1,NA,NA,NA,NA,NA,NA,NA,NA,NA
92,48,2,NA,NA,NA,NA,NA,NA,NA,NA,NA
92,48,3,NA,NA,NA,NA,NA,NA,NA,NA,NA
92,48,4,NA,NA,NA,NA,NA,NA,NA,NA,NA
92,48,5,NA,NA,NA,NA,NA,NA,NA,NA,NA
92,48,6,NA,NA,NA,NA,NA,NA,NA,NA,NA
92,48,7,NA,NA,NA,NA,NA,NA,NA,NA,NA
92,48,8,NA,NA,NA,NA,NA,NA,NA,NA,NA
92,49,1,NA,NA,NA,NA,NA,NA,NA,NA,NA
92,49,2,NA,NA,NA,NA,NA,NA,NA,NA,NA
92,49,3,NA,NA,NA,NA,NA,NA,NA,NA,NA
92,49,4,NA,NA,NA,NA,NA,NA,NA,NA,NA
92,49,5,NA,NA,NA,NA,NA,NA,NA,NA,NA
92,49,6,NA,NA,NA,NA,NA,NA,NA,NA,NA
92,49,7,NA,NA,NA,NA,NA,NA,NA,NA,NA
92,49,8,NA,NA,NA,NA,NA,NA,NA,NA,NA
92,50,1,NA,NA,NA,NA,NA,NA,NA,NA,NA
92,50,2,NA,NA,NA,NA,NA,NA,NA,NA,NA
92,50,3,NA,NA,NA,NA,NA,NA,NA,NA,NA
92,50,4,NA,NA,NA,NA,NA,NA,NA,NA,NA
92,50,5,NA,NA,NA,NA,NA,NA,NA,NA,NA
92,50,6,NA,NA,NA,NA,NA,NA,NA,NA,NA
92,50,7,NA,NA,NA,NA,NA,NA,NA,NA,NA
92,50,8,NA,NA,NA,NA,NA,NA,NA,NA,NA
92,51,1,NA,NA,NA,NA,NA,NA,NA,NA,NA
92,51,2,NA,NA,NA,NA,NA,NA,NA,NA,NA
92,51,3,NA,NA,NA,NA,NA,NA,NA,NA,NA
92,51,4,NA,NA,NA,NA,NA,NA,NA,NA,NA
92,51,5,NA,NA,NA,NA,NA,NA,NA,NA,NA
92,51,6,NA,NA,NA,NA,NA,NA,NA,NA,NA
92,51,7,NA,NA,NA,NA,NA,NA,NA,NA,NA
92,51,8,NA,NA,NA,NA,NA,NA,NA,NA,NA
92,52,1,NA,NA,NA,NA,NA,NA,NA,NA,NA
92,52,2,NA,NA,NA,NA,NA,NA,NA,NA,NA
92,52,3,NA,NA,NA,NA,NA,NA,NA,NA,NA
92,52,4,NA,NA,NA,NA,NA,NA,NA,NA,NA
92,52,5,NA,NA,NA,NA,NA,NA,NA,NA,NA
92,52,6,NA,NA,NA,NA,NA,NA,NA,NA,NA
92,52,7,NA,NA,NA,NA,NA,NA,NA,NA,NA
92,52,8,NA,NA,NA,NA,NA,NA,NA,NA,NA
92,53,1,NA,NA,NA,NA,NA,NA,NA,NA,NA
92,53,2,NA,NA,NA,NA,NA,NA,NA,NA,NA
92,53,3,NA,NA,NA,NA,NA,NA,NA,NA,NA
92,53,4,NA,NA,NA,NA,NA,NA,NA,NA,NA
92,53,5,NA,NA,NA,NA,NA,NA,NA,NA,NA
92,53,6,NA,NA,NA,NA,NA,NA,NA,NA,NA
92,53,7,NA,NA,NA,NA,NA,NA,NA,NA,NA
92,53,8,NA,NA,NA,NA,NA,NA,NA,NA,NA
92,54,1,NA,NA,NA,NA,NA,NA,NA,NA,NA
92,54,2,NA,NA,NA,NA,NA,NA,NA,NA,NA
92,54,3,NA,NA,NA,NA,NA,NA,NA,NA,NA
92,54,4,NA,NA,NA,NA,NA,NA,NA,NA,NA
92,54,5,NA,NA,NA,NA,NA,NA,NA,NA,NA
92,54,6,NA,NA,NA,NA,NA,NA,NA,NA,NA
92,54,7,NA,NA,NA,NA,NA,NA,NA,NA,NA
92,54,8,NA,NA,NA,NA,NA,NA,NA,NA,NA
92,55,1,NA,NA,NA,NA,NA,NA,NA,NA,NA
92,55,2,NA,NA,NA,NA,NA,NA,NA,NA,NA
92,55,3,NA,NA,NA,NA,NA,NA,NA,NA,NA
92,55,4,NA,NA,NA,NA,NA,NA,NA,NA,NA
92,55,5,NA,NA,NA,NA,NA,NA,NA,NA,NA
92,55,6,NA,NA,NA,NA,NA,NA,NA,NA,NA
92,55,7,NA,NA,NA,NA,NA,NA,NA,NA,NA
92,55,8,NA,NA,NA,NA,NA,NA,NA,NA,NA
92,56,1,NA,NA,NA,NA,NA,NA,NA,NA,NA
92,56,2,NA,NA,NA,NA,NA,NA,NA,NA,NA
92,56,3,NA,NA,NA,NA,NA,NA,NA,NA,NA
92,56,4,NA,NA,NA,NA,NA,NA,NA,NA,NA
92,56,5,NA,NA,NA,NA,NA,NA,NA,NA,NA
92,56,6,NA,NA,NA,NA,NA,NA,NA,NA,NA
92,56,7,NA,NA,NA,NA,NA,NA,NA,NA,NA
92,56,8,NA,NA,NA,NA,NA,NA,NA,NA,NA
92,57,1,NA,NA,NA,NA,NA,NA,NA,NA,NA
92,57,2,NA,NA,NA,NA,NA,NA,NA,NA,NA
92,57,3,NA,NA,NA,NA,NA,NA,NA,NA,NA
92,57,4,NA,NA,NA,NA,NA,NA,NA,NA,NA
92,57,5,NA,NA,NA,NA,NA,NA,NA,NA,NA
92,57,6,NA,NA,NA,NA,NA,NA,NA,NA,NA
92,57,7,NA,NA,NA,NA,NA,NA,NA,NA,NA
92,57,8,NA,NA,NA,NA,NA,NA,NA,NA,NA
92,58,1,NA,NA,NA,NA,NA,NA,NA,NA,NA
92,58,2,NA,NA,NA,NA,NA,NA,NA,NA,NA
92,58,3,NA,NA,NA,NA,NA,NA,NA,NA,NA
92,58,4,NA,NA,NA,NA,NA,NA,NA,NA,NA
92,58,5,NA,NA,NA,NA,NA,NA,NA,NA,NA
92,58,6,NA,NA,NA,NA,NA,NA,NA,NA,NA
92,58,7,NA,NA,NA,NA,NA,NA,NA,NA,NA
92,58,8,NA,NA,NA,NA,NA,NA,NA,NA,NA
92,59,1,NA,NA,NA,NA,NA,NA,NA,NA,NA
92,59,2,NA,NA,NA,NA,NA,NA,NA,NA,NA
92,59,3,NA,NA,NA,NA,NA,NA,NA,NA,NA
92,59,4,NA,NA,NA,NA,NA,NA,NA,NA,NA
92,59,5,NA,NA,NA,NA,NA,NA,NA,NA,NA
92,59,6,NA,NA,NA,NA,NA,NA,NA,NA,NA
92,59,7,NA,NA,NA,NA,NA,NA,NA,NA,NA
92,59,8,NA,NA,NA,NA,NA,NA,NA,NA,NA
92,60,1,NA,NA,NA,NA,NA,NA,NA,NA,NA
92,60,2,NA,NA,NA,NA,NA,NA,NA,NA,NA
92,60,3,NA,NA,NA,NA,NA,NA,NA,NA,NA
92,60,4,NA,NA,NA,NA,NA,NA,NA,NA,NA
92,60,5,NA,NA,NA,NA,NA,NA,NA,NA,NA
92,60,6,NA,NA,NA,NA,NA,NA,NA,NA,NA
92,60,7,NA,NA,NA,NA,NA,NA,NA,NA,NA
92,60,8,NA,NA,NA,NA,NA,NA,NA,NA,NA
92,61,1,NA,NA,NA,NA,NA,NA,NA,NA,NA
92,61,2,NA,NA,NA,NA,NA,NA,NA,NA,NA
92,61,3,NA,NA,NA,NA,NA,NA,NA,NA,NA
92,61,4,NA,NA,NA,NA,NA,NA,NA,NA,NA
92,61,5,NA,NA,NA,NA,NA,NA,NA,NA,NA
92,61,6,NA,NA,NA,NA,NA,NA,NA,NA,NA
92,61,7,NA,NA,NA,NA,NA,NA,NA,NA,NA
92,61,8,NA,NA,NA,NA,NA,NA,NA,NA,NA
92,62,1,NA,NA,NA,NA,NA,NA,NA,NA,NA
92,62,2,NA,NA,NA,NA,NA,NA,NA,NA,NA
92,62,3,NA,NA,NA,NA,NA,NA,NA,NA,NA
92,62,4,NA,NA,NA,NA,NA,NA,NA,NA,NA
92,62,5,NA,NA,NA,NA,NA,NA,NA,NA,NA
92,62,6,NA,NA,NA,NA,NA,NA,NA,NA,NA
92,62,7,NA,NA,NA,NA,NA,NA,NA,NA,NA
92,62,8,NA,NA,NA,NA,NA,NA,NA,NA,NA
92,63,1,NA,NA,NA,NA,NA,NA,NA,NA,NA
92,63,2,NA,NA,NA,NA,NA,NA,NA,NA,NA
92,63,3,NA,NA,NA,NA,NA,NA,NA,NA,NA
92,63,4,NA,NA,NA,NA,NA,NA,NA,NA,NA
92,63,5,NA,NA,NA,NA,NA,NA,NA,NA,NA
92,63,6,NA,NA,NA,NA,NA,NA,NA,NA,NA
92,63,7,NA,NA,NA,NA,NA,NA,NA,NA,NA
92,63,8,NA,NA,NA,NA,NA,NA,NA,NA,NA
92,64,1,NA,NA,NA,NA,NA,NA,NA,NA,NA
92,64,2,NA,NA,NA,NA,NA,NA,NA,NA,NA
92,64,3,NA,NA,NA,NA,NA,NA,NA,NA,NA
92,64,4,NA,NA,NA,NA,NA,NA,NA,NA,NA
92,64,5,NA,NA,NA,NA,NA,NA,NA,NA,NA
92,64,6,NA,NA,NA,NA,NA,NA,NA,NA,NA
92,64,7,NA,NA,NA,NA,NA,NA,NA,NA,NA
92,64,8,NA,NA,NA,NA,NA,NA,NA,NA,NA
92,65,1,NA,NA,NA,NA,NA,NA,NA,NA,NA
92,65,2,NA,NA,NA,NA,NA,NA,NA,NA,NA
92,65,3,NA,NA,NA,NA,NA,NA,NA,NA,NA
92,65,4,NA,NA,NA,NA,NA,NA,NA,NA,NA
92,65,5,NA,NA,NA,NA,NA,NA,NA,NA,NA
92,65,6,NA,NA,NA,NA,NA,NA,NA,NA,NA
92,65,7,NA,NA,NA,NA,NA,NA,NA,NA,NA
92,65,8,NA,NA,NA,NA,NA,NA,NA,NA,NA
92,66,1,NA,NA,NA,NA,NA,NA,NA,NA,NA
92,66,2,NA,NA,NA,NA,NA,NA,NA,NA,NA
92,66,3,NA,NA,NA,NA,NA,NA,NA,NA,NA
92,66,4,NA,NA,NA,NA,NA,NA,NA,NA,NA
92,66,5,NA,NA,NA,NA,NA,NA,NA,NA,NA
92,66,6,NA,NA,NA,NA,NA,NA,NA,NA,NA
92,66,7,NA,NA,NA,NA,NA,NA,NA,NA,NA
92,66,8,NA,NA,NA,NA,NA,NA,NA,NA,NA
92,67,1,NA,NA,NA,NA,NA,NA,NA,NA,NA
92,67,2,NA,NA,NA,NA,NA,NA,NA,NA,NA
92,67,3,NA,NA,NA,NA,NA,NA,NA,NA,NA
92,67,4,NA,NA,NA,NA,NA,NA,NA,NA,NA
92,67,5,NA,NA,NA,NA,NA,NA,NA,NA,NA
92,67,6,NA,NA,NA,NA,NA,NA,NA,NA,NA
92,67,7,NA,NA,NA,NA,NA,NA,NA,NA,NA
92,67,8,NA,NA,NA,NA,NA,NA,NA,NA,NA
92,68,1,NA,NA,NA,NA,NA,NA,NA,NA,NA
92,68,2,NA,NA,NA,NA,NA,NA,NA,NA,NA
92,68,3,NA,NA,NA,NA,NA,NA,NA,NA,NA
92,68,4,NA,NA,NA,NA,NA,NA,NA,NA,NA
92,68,5,NA,NA,NA,NA,NA,NA,NA,NA,NA
92,68,6,NA,NA,NA,NA,NA,NA,NA,NA,NA
92,68,7,NA,NA,NA,NA,NA,NA,NA,NA,NA
92,68,8,NA,NA,NA,NA,NA,NA,NA,NA,NA
92,69,1,NA,NA,NA,NA,NA,NA,NA,NA,NA
92,69,2,NA,NA,NA,NA,NA,NA,NA,NA,NA
92,69,3,NA,NA,NA,NA,NA,NA,NA,NA,NA
92,69,4,NA,NA,NA,NA,NA,NA,NA,NA,NA
92,69,5,NA,NA,NA,NA,NA,NA,NA,NA,NA
92,69,6,NA,NA,NA,NA,NA,NA,NA,NA,NA
92,69,7,NA,NA,NA,NA,NA,NA,NA,NA,NA
92,69,8,NA,NA,NA,NA,NA,NA,NA,NA,NA
92,70,1,NA,NA,NA,NA,NA,NA,NA,NA,NA
92,70,2,NA,NA,NA,NA,NA,NA,NA,NA,NA
92,70,3,NA,NA,NA,NA,NA,NA,NA,NA,NA
92,70,4,NA,NA,NA,NA,NA,NA,NA,NA,NA
92,70,5,NA,NA,NA,NA,NA,NA,NA,NA,NA
92,70,6,NA,NA,NA,NA,NA,NA,NA,NA,NA
92,70,7,NA,NA,NA,NA,NA,NA,NA,NA,NA
92,70,8,NA,NA,NA,NA,NA,NA,NA,NA,NA
92,71,1,NA,NA,NA,NA,NA,NA,NA,NA,NA
92,71,2,NA,NA,NA,NA,NA,NA,NA,NA,NA
92,71,3,NA,NA,NA,NA,NA,NA,NA,NA,NA
92,71,4,NA,NA,NA,NA,NA,NA,NA,NA,NA
92,71,5,NA,NA,NA,NA,NA,NA,NA,NA,NA
92,71,6,NA,NA,NA,NA,NA,NA,NA,NA,NA
92,71,7,NA,NA,NA,NA,NA,NA,NA,NA,NA
92,71,8,NA,NA,NA,NA,NA,NA,NA,NA,NA
92,72,1,NA,NA,NA,NA,NA,NA,NA,NA,NA
92,72,2,NA,NA,NA,NA,NA,NA,NA,NA,NA
92,72,3,NA,NA,NA,NA,NA,NA,NA,NA,NA
92,72,4,NA,NA,NA,NA,NA,NA,NA,NA,NA
92,72,5,NA,NA,NA,NA,NA,NA,NA,NA,NA
92,72,6,NA,NA,NA,NA,NA,NA,NA,NA,NA
92,72,7,NA,NA,NA,NA,NA,NA,NA,NA,NA
92,72,8,NA,NA,NA,NA,NA,NA,NA,NA,NA
92,73,1,NA,NA,NA,NA,NA,NA,NA,NA,NA
92,73,2,NA,NA,NA,NA,NA,NA,NA,NA,NA
92,73,3,NA,NA,NA,NA,NA,NA,NA,NA,NA
92,73,4,NA,NA,NA,NA,NA,NA,NA,NA,NA
92,73,5,NA,NA,NA,NA,NA,NA,NA,NA,NA
92,73,6,NA,NA,NA,NA,NA,NA,NA,NA,NA
92,73,7,NA,NA,NA,NA,NA,NA,NA,NA,NA
92,73,8,NA,NA,NA,NA,NA,NA,NA,NA,NA
92,74,1,NA,NA,NA,NA,NA,NA,NA,NA,NA
92,74,2,NA,NA,NA,NA,NA,NA,NA,NA,NA
92,74,3,NA,NA,NA,NA,NA,NA,NA,NA,NA
92,74,4,NA,NA,NA,NA,NA,NA,NA,NA,NA
92,74,5,NA,NA,NA,NA,NA,NA,NA,NA,NA
92,74,6,NA,NA,NA,NA,NA,NA,NA,NA,NA
92,74,7,NA,NA,NA,NA,NA,NA,NA,NA,NA
92,74,8,NA,NA,NA,NA,NA,NA,NA,NA,NA
92,75,1,NA,NA,NA,NA,NA,NA,NA,NA,NA
92,75,2,NA,NA,NA,NA,NA,NA,NA,NA,NA
92,75,3,NA,NA,NA,NA,NA,NA,NA,NA,NA
92,75,4,NA,NA,NA,NA,NA,NA,NA,NA,NA
92,75,5,NA,NA,NA,NA,NA,NA,NA,NA,NA
92,75,6,NA,NA,NA,NA,NA,NA,NA,NA,NA
92,75,7,NA,NA,NA,NA,NA,NA,NA,NA,NA
92,75,8,NA,NA,NA,NA,NA,NA,NA,NA,NA
92,76,1,NA,NA,NA,NA,NA,NA,NA,NA,NA
92,76,2,NA,NA,NA,NA,NA,NA,NA,NA,NA
92,76,3,NA,NA,NA,NA,NA,NA,NA,NA,NA
92,76,4,NA,NA,NA,NA,NA,NA,NA,NA,NA
92,76,5,NA,NA,NA,NA,NA,NA,NA,NA,NA
92,76,6,NA,NA,NA,NA,NA,NA,NA,NA,NA
92,76,7,NA,NA,NA,NA,NA,NA,NA,NA,NA
92,76,8,NA,NA,NA,NA,NA,NA,NA,NA,NA
92,77,1,NA,NA,NA,NA,NA,NA,NA,NA,NA
92,77,2,NA,NA,NA,NA,NA,NA,NA,NA,NA
92,77,3,NA,NA,NA,NA,NA,NA,NA,NA,NA
92,77,4,NA,NA,NA,NA,NA,NA,NA,NA,NA
92,77,5,NA,NA,NA,NA,NA,NA,NA,NA,NA
92,77,6,NA,NA,NA,NA,NA,NA,NA,NA,NA
92,77,7,NA,NA,NA,NA,NA,NA,NA,NA,NA
92,77,8,NA,NA,NA,NA,NA,NA,NA,NA,NA
92,78,1,NA,NA,NA,NA,NA,NA,NA,NA,NA
92,78,2,NA,NA,NA,NA,NA,NA,NA,NA,NA
92,78,3,NA,NA,NA,NA,NA,NA,NA,NA,NA
92,78,4,NA,NA,NA,NA,NA,NA,NA,NA,NA
92,78,5,NA,NA,NA,NA,NA,NA,NA,NA,NA
92,78,6,NA,NA,NA,NA,NA,NA,NA,NA,NA
92,78,7,NA,NA,NA,NA,NA,NA,NA,NA,NA
92,78,8,NA,NA,NA,NA,NA,NA,NA,NA,NA
92,79,1,NA,NA,NA,NA,NA,NA,NA,NA,NA
92,79,2,NA,NA,NA,NA,NA,NA,NA,NA,NA
92,79,3,NA,NA,NA,NA,NA,NA,NA,NA,NA
92,79,4,NA,NA,NA,NA,NA,NA,NA,NA,NA
92,79,5,NA,NA,NA,NA,NA,NA,NA,NA,NA
92,79,6,NA,NA,NA,NA,NA,NA,NA,NA,NA
92,79,7,NA,NA,NA,NA,NA,NA,NA,NA,NA
92,79,8,NA,NA,NA,NA,NA,NA,NA,NA,NA
92,80,1,NA,NA,NA,NA,NA,NA,NA,NA,NA
92,80,2,NA,NA,NA,NA,NA,NA,NA,NA,NA
92,80,3,NA,NA,NA,NA,NA,NA,NA,NA,NA
92,80,4,NA,NA,NA,NA,NA,NA,NA,NA,NA
92,80,5,NA,NA,NA,NA,NA,NA,NA,NA,NA
92,80,6,NA,NA,NA,NA,NA,NA,NA,NA,NA
92,80,7,NA,NA,NA,NA,NA,NA,NA,NA,NA
92,80,8,NA,NA,NA,NA,NA,NA,NA,NA,NA
92,81,1,NA,NA,NA,NA,NA,NA,NA,NA,NA
92,81,2,NA,NA,NA,NA,NA,NA,NA,NA,NA
92,81,3,NA,NA,NA,NA,NA,NA,NA,NA,NA
92,81,4,NA,NA,NA,NA,NA,NA,NA,NA,NA
92,81,5,NA,NA,NA,NA,NA,NA,NA,NA,NA
92,81,6,NA,NA,NA,NA,NA,NA,NA,NA,NA
92,81,7,NA,NA,NA,NA,NA,NA,NA,NA,NA
92,81,8,NA,NA,NA,NA,NA,NA,NA,NA,NA
92,82,1,NA,NA,NA,NA,NA,NA,NA,NA,NA
92,82,2,NA,NA,NA,NA,NA,NA,NA,NA,NA
92,82,3,NA,NA,NA,NA,NA,NA,NA,NA,NA
92,82,4,NA,NA,NA,NA,NA,NA,NA,NA,NA
92,82,5,NA,NA,NA,NA,NA,NA,NA,NA,NA
92,82,6,NA,NA,NA,NA,NA,NA,NA,NA,NA
92,82,7,NA,NA,NA,NA,NA,NA,NA,NA,NA
92,82,8,NA,NA,NA,NA,NA,NA,NA,NA,NA
92,83,1,NA,NA,NA,NA,NA,NA,NA,NA,NA
92,83,2,NA,NA,NA,NA,NA,NA,NA,NA,NA
92,83,3,NA,NA,NA,NA,NA,NA,NA,NA,NA
92,83,4,NA,NA,NA,NA,NA,NA,NA,NA,NA
92,83,5,NA,NA,NA,NA,NA,NA,NA,NA,NA
92,83,6,NA,NA,NA,NA,NA,NA,NA,NA,NA
92,83,7,NA,NA,NA,NA,NA,NA,NA,NA,NA
92,83,8,NA,NA,NA,NA,NA,NA,NA,NA,NA
92,84,1,NA,NA,NA,NA,NA,NA,NA,NA,NA
92,84,2,NA,NA,NA,NA,NA,NA,NA,NA,NA
92,84,3,NA,NA,NA,NA,NA,NA,NA,NA,NA
92,84,4,NA,NA,NA,NA,NA,NA,NA,NA,NA
92,84,5,NA,NA,NA,NA,NA,NA,NA,NA,NA
92,84,6,NA,NA,NA,NA,NA,NA,NA,NA,NA
92,84,7,NA,NA,NA,NA,NA,NA,NA,NA,NA
92,84,8,NA,NA,NA,NA,NA,NA,NA,NA,NA
92,85,1,NA,NA,NA,NA,NA,NA,NA,NA,NA
92,85,2,NA,NA,NA,NA,NA,NA,NA,NA,NA
92,85,3,NA,NA,NA,NA,NA,NA,NA,NA,NA
92,85,4,NA,NA,NA,NA,NA,NA,NA,NA,NA
92,85,5,NA,NA,NA,NA,NA,NA,NA,NA,NA
92,85,6,NA,NA,NA,NA,NA,NA,NA,NA,NA
92,85,7,NA,NA,NA,NA,NA,NA,NA,NA,NA
92,85,8,NA,NA,NA,NA,NA,NA,NA,NA,NA
92,86,1,NA,NA,NA,NA,NA,NA,NA,NA,NA
92,86,2,NA,NA,NA,NA,NA,NA,NA,NA,NA
92,86,3,NA,NA,NA,NA,NA,NA,NA,NA,NA
92,86,4,NA,NA,NA,NA,NA,NA,NA,NA,NA
92,86,5,NA,NA,NA,NA,NA,NA,NA,NA,NA
92,86,6,NA,NA,NA,NA,NA,NA,NA,NA,NA
92,86,7,NA,NA,NA,NA,NA,NA,NA,NA,NA
92,86,8,NA,NA,NA,NA,NA,NA,NA,NA,NA
92,87,1,NA,NA,NA,NA,NA,NA,NA,NA,NA
92,87,2,NA,NA,NA,NA,NA,NA,NA,NA,NA
92,87,3,NA,NA,NA,NA,NA,NA,NA,NA,NA
92,87,4,NA,NA,NA,NA,NA,NA,NA,NA,NA
92,87,5,NA,NA,NA,NA,NA,NA,NA,NA,NA
92,87,6,NA,NA,NA,NA,NA,NA,NA,NA,NA
92,87,7,NA,NA,NA,NA,NA,NA,NA,NA,NA
92,87,8,NA,NA,NA,NA,NA,NA,NA,NA,NA
92,88,1,NA,NA,NA,NA,NA,NA,NA,NA,NA
92,88,2,NA,NA,NA,NA,NA,NA,NA,NA,NA
92,88,3,NA,NA,NA,NA,NA,NA,NA,NA,NA
92,88,4,NA,NA,NA,NA,NA,NA,NA,NA,NA
92,88,5,NA,NA,NA,NA,NA,NA,NA,NA,NA
92,88,6,NA,NA,NA,NA,NA,NA,NA,NA,NA
92,88,7,NA,NA,NA,NA,NA,NA,NA,NA,NA
92,88,8,NA,NA,NA,NA,NA,NA,NA,NA,NA
92,89,1,NA,NA,NA,NA,NA,NA,NA,NA,NA
92,89,2,NA,NA,NA,NA,NA,NA,NA,NA,NA
92,89,3,NA,NA,NA,NA,NA,NA,NA,NA,NA
92,89,4,NA,NA,NA,NA,NA,NA,NA,NA,NA
92,89,5,NA,NA,NA,NA,NA,NA,NA,NA,NA
92,89,6,NA,NA,NA,NA,NA,NA,NA,NA,NA
92,89,7,NA,NA,NA,NA,NA,NA,NA,NA,NA
92,89,8,NA,NA,NA,NA,NA,NA,NA,NA,NA
92,90,1,NA,NA,NA,NA,NA,NA,NA,NA,NA
92,90,2,NA,NA,NA,NA,NA,NA,NA,NA,NA
92,90,3,NA,NA,NA,NA,NA,NA,NA,NA,NA
92,90,4,NA,NA,NA,NA,NA,NA,NA,NA,NA
92,90,5,NA,NA,NA,NA,NA,NA,NA,NA,NA
92,90,6,NA,NA,NA,NA,NA,NA,NA,NA,NA
92,90,7,NA,NA,NA,NA,NA,NA,NA,NA,NA
92,90,8,NA,NA,NA,NA,NA,NA,NA,NA,NA
92,91,1,NA,NA,NA,NA,NA,NA,NA,NA,NA
92,91,2,NA,NA,NA,NA,NA,NA,NA,NA,NA
92,91,3,NA,NA,NA,NA,NA,NA,NA,NA,NA
92,91,4,NA,NA,NA,NA,NA,NA,NA,NA,NA
92,91,5,NA,NA,NA,NA,NA,NA,NA,NA,NA
92,91,6,NA,NA,NA,NA,NA,NA,NA,NA,NA
92,91,7,NA,NA,NA,NA,NA,NA,NA,NA,NA
92,91,8,NA,NA,NA,NA,NA,NA,NA,NA,NA
92,92,1,NA,NA,NA,NA,NA,NA,NA,NA,NA
92,92,2,NA,NA,NA,NA,NA,NA,NA,NA,NA
92,92,3,NA,NA,NA,NA,NA,NA,NA,NA,NA
92,92,4,NA,NA,NA,NA,NA,NA,NA,NA,NA
92,92,5,NA,NA,NA,NA,NA,NA,NA,NA,NA
92,92,6,NA,NA,NA,NA,NA,NA,NA,NA,NA
92,92,7,NA,NA,NA,NA,NA,NA,NA,NA,NA
92,92,8,NA,NA,NA,NA,NA,NA,NA,NA,NA
92,93,1,NA,NA,NA,NA,NA,NA,NA,NA,NA
92,93,2,NA,NA,NA,NA,NA,NA,NA,NA,NA
92,93,3,NA,NA,NA,NA,NA,NA,NA,NA,NA
92,93,4,NA,NA,NA,NA,NA,NA,NA,NA,NA
92,93,5,NA,NA,NA,NA,NA,NA,NA,NA,NA
92,93,6,NA,NA,NA,NA,NA,NA,NA,NA,NA
92,93,7,NA,NA,NA,NA,NA,NA,NA,NA,NA
92,93,8,NA,NA,NA,NA,NA,NA,NA,NA,NA
92,94,1,NA,NA,NA,NA,NA,NA,NA,NA,NA
92,94,2,NA,NA,NA,NA,NA,NA,NA,NA,NA
92,94,3,NA,NA,NA,NA,NA,NA,NA,NA,NA
92,94,4,NA,NA,NA,NA,NA,NA,NA,NA,NA
92,94,5,NA,NA,NA,NA,NA,NA,NA,NA,NA
92,94,6,NA,NA,NA,NA,NA,NA,NA,NA,NA
92,94,7,NA,NA,NA,NA,NA,NA,NA,NA,NA
92,94,8,NA,NA,NA,NA,NA,NA,NA,NA,NA
92,95,1,NA,NA,NA,NA,NA,NA,NA,NA,NA
92,95,2,NA,NA,NA,NA,NA,NA,NA,NA,NA
92,95,3,NA,NA,NA,NA,NA,NA,NA,NA,NA
92,95,4,NA,NA,NA,NA,NA,NA,NA,NA,NA
92,95,5,NA,NA,NA,NA,NA,NA,NA,NA,NA
92,95,6,NA,NA,NA,NA,NA,NA,NA,NA,NA
92,95,7,NA,NA,NA,NA,NA,NA,NA,NA,NA
92,95,8,NA,NA,NA,NA,NA,NA,NA,NA,NA
92,96,1,NA,NA,NA,NA,NA,NA,NA,NA,NA
92,96,2,NA,NA,NA,NA,NA,NA,NA,NA,NA
92,96,3,NA,NA,NA,NA,NA,NA,NA,NA,NA
92,96,4,NA,NA,NA,NA,NA,NA,NA,NA,NA
92,96,5,NA,NA,NA,NA,NA,NA,NA,NA,NA
92,96,6,NA,NA,NA,NA,NA,NA,NA,NA,NA
92,96,7,NA,NA,NA,NA,NA,NA,NA,NA,NA
92,96,8,NA,NA,NA,NA,NA,NA,NA,NA,NA
92,97,1,NA,NA,NA,NA,NA,NA,NA,NA,NA
92,97,2,NA,NA,NA,NA,NA,NA,NA,NA,NA
92,97,3,NA,NA,NA,NA,NA,NA,NA,NA,NA
92,97,4,NA,NA,NA,NA,NA,NA,NA,NA,NA
92,97,5,NA,NA,NA,NA,NA,NA,NA,NA,NA
92,97,6,NA,NA,NA,NA,NA,NA,NA,NA,NA
92,97,7,NA,NA,NA,NA,NA,NA,NA,NA,NA
92,97,8,NA,NA,NA,NA,NA,NA,NA,NA,NA
92,98,1,NA,NA,NA,NA,NA,NA,NA,NA,NA
92,98,2,NA,NA,NA,NA,NA,NA,NA,NA,NA
92,98,3,NA,NA,NA,NA,NA,NA,NA,NA,NA
92,98,4,NA,NA,NA,NA,NA,NA,NA,NA,NA
92,98,5,NA,NA,NA,NA,NA,NA,NA,NA,NA
92,98,6,NA,NA,NA,NA,NA,NA,NA,NA,NA
92,98,7,NA,NA,NA,NA,NA,NA,NA,NA,NA
92,98,8,NA,NA,NA,NA,NA,NA,NA,NA,NA
92,99,1,NA,NA,NA,NA,NA,NA,NA,NA,NA
92,99,2,NA,NA,NA,NA,NA,NA,NA,NA,NA
92,99,3,NA,NA,NA,NA,NA,NA,NA,NA,NA
92,99,4,NA,NA,NA,NA,NA,NA,NA,NA,NA
92,99,5,NA,NA,NA,NA,NA,NA,NA,NA,NA
92,99,6,NA,NA,NA,NA,NA,NA,NA,NA,NA
92,99,7,NA,NA,NA,NA,NA,NA,NA,NA,NA
92,99,8,NA,NA,NA,NA,NA,NA,NA,NA,NA
92,100,1,NA,NA,NA,NA,NA,NA,NA,NA,NA
92,100,2,NA,NA,NA,NA,NA,NA,NA,NA,NA
92,100,3,NA,NA,NA,NA,NA,NA,NA,NA,NA
92,100,4,NA,NA,NA,NA,NA,NA,NA,NA,NA
92,100,5,NA,NA,NA,NA,NA,NA,NA,NA,NA
92,100,6,NA,NA,NA,NA,NA,NA,NA,NA,NA
92,100,7,NA,NA,NA,NA,NA,NA,NA,NA,NA
92,100,8,NA,NA,NA,NA,NA,NA,NA,NA,NA
93,1,1,3009.168,1188.98630748144,0,48,0,51,0,0,0
93,1,2,3012.64768,872.065177063462,0,32,0,54,0,0,0
93,1,3,3016.624,1244.80854871834,0,39,0,57,0,0,0
93,1,4,3010.1696,1065.78543598214,0,57,0,41,0,0,0
93,1,5,3011.8,1280.74508703574,0,11,0,29,0,0,0
93,1,6,3006.5856,1477.82936640386,0,41,0,58,0,0,0
93,1,7,18774.4239999999,2976.91544525518,0,50,0,46,0,0,0
93,1,8,0,9,0,46,0,48,0,0,0
93,2,1,3021.9152,1195.52351793253,3,0,0,115,0,0,0
93,2,2,3020.81568,1343.69214327826,0,0,0,87,0,0,0
93,2,3,3032.344,1715.58185291982,12,0,0,110,0,0,0
93,2,4,3026.05792,545.467070085352,0,0,0,106,0,0,0
93,2,5,3027.376,1923.59639987333,10,0,0,116,0,0,0
93,2,6,3017.4176,1553.05195372441,33,0,0,108,0,0,0
93,2,7,18725.3532799998,11240.5773443701,113,0,0,162,0,0,0
93,2,8,0,9,0,0,0,0,0,0,0
93,3,1,3034.53919999999,601.134519211707,0,0,0,119,0,0,0
93,3,2,3036.46207999999,1828.58983513978,0,0,0,134,0,0,0
93,3,3,3060.42399999999,1425.04911938999,0,0,0,171,0,0,0
93,3,4,3026.70592,2150.38426128264,0,0,0,54,0,0,0
93,3,5,3055.74399999999,1046.13222901118,0,0,0,192,0,0,0
93,3,6,3038.84959999999,959.829555619018,0,0,0,155,0,0,0
93,3,7,18689.6700799998,11874.4370845728,30,0,0,195,0,0,0
93,3,8,0,9,0,0,0,0,0,0,0
93,4,1,3033.2096,1208.64032152825,0,0,0,60,0,0,0
93,4,2,3068.4484352,1585.67735749265,0,0,0,182,0,0,0
93,4,3,3083.27968,622.752558914555,0,0,0,142,0,0,0
93,4,4,3061.399104,1552.96584257294,0,0,0,215,0,0,0
93,4,5,3069.8784,880.189861324465,0,0,0,104,0,0,0
93,4,6,3055.2944,1049.96579874819,0,0,0,95,0,0,0
93,4,7,18660.7401599997,2679.29645615213,29,0,0,205,0,0,0
93,4,8,0,9,0,0,0,0,0,0,0
93,5,1,3038.712,710.734832514291,0,0,0,120,0,0,0
93,5,2,3083.60905984,1508.04800898373,13,0,0,137,0,0,0
93,5,3,3086.19168,2118.13250458187,0,0,0,62,0,0,0
93,5,4,3078.013504,963.999746602388,1,0,0,153,0,0,0
93,5,5,3076.05472,1057.46676211959,0,0,0,88,0,0,0
93,5,6,3068.52544,832.45415771905,0,0,0,104,0,0,0
93,5,7,18608.7574399996,8812.62157747399,78,0,0,143,0,0,0
93,5,8,0,9,0,0,0,0,0,0,0
93,6,1,3034.6656,1619.5873017334,0,0,0,71,0,0,0
93,6,2,3100.15817983999,1275.42468393269,0,0,0,150,0,0,0
93,6,3,3116.81279999999,1392.87519809008,0,0,0,211,0,0,0
93,6,4,3082.860224,1563.92143066662,0,0,0,96,0,0,0
93,6,5,3084.20992,1638.2853779072,0,0,0,105,0,0,0
93,6,6,3076.44384,1087.42075570321,0,0,0,83,0,0,0
93,6,7,18569.1622399996,13700.6189484668,28,0,0,205,0,0,1
93,6,8,0,9,0,0,0,0,0,0,0
93,7,1,3045.26719999999,1139.61311515186,0,0,0,161,0,0,0
93,7,2,3110.512037888,1491.86713494325,0,0,0,127,0,0,0
93,7,3,3126.8096,543.605064205958,0,0,0,139,0,0,0
93,7,4,3101.3371008,1247.59331614742,0,0,0,156,0,0,0
93,7,5,3104.9207552,784.354524845673,0,0,0,163,0,0,0
93,7,6,3087.718144,917.58210127827,0,0,0,108,0,0,0
93,7,7,18527.4211839995,9136.41478647949,0,49,0,194,0,0,0
93,7,8,0,9,0,0,0,0,0,0,0
93,8,1,3050.30879999999,1455.00636621758,0,0,0,113,0,0,0
93,8,2,3122.120037888,705.526536528031,0,0,0,149,0,0,0
93,8,3,3119.28928,649.222887336336,0,0,0,54,0,0,0
93,8,4,3109.7819008,1166.95937181341,0,0,0,124,0,0,0
93,8,5,3107.2791552,1396.55076345779,0,0,0,78,0,0,0
93,8,6,3095.455744,1106.14057375816,0,0,0,91,0,0,0
93,8,7,18502.2000639995,12948.6383883224,1,295,0,298,0,0,0
93,8,8,0,9,0,0,0,0,0,0,0
93,9,1,3060.13375999999,1191.09133197195,0,0,0,145,0,0,0
93,9,2,3114.209637888,1538.92349463747,0,0,0,70,0,0,0
93,9,3,3113.06048,1566.0091052205,0,0,0,64,0,0,0
93,9,4,3112.9664,980.714484961374,0,0,0,116,0,0,0
93,9,5,3120.0490752,1309.56484473582,0,0,0,139,0,0,0
93,9,6,3107.746944,1792.97920553829,0,0,0,110,0,0,0
93,9,7,18504.7309439995,3883.46958090818,29,0,0,208,0,0,0
93,9,8,0,9,0,0,0,0,0,0,0
93,10,1,3070.265344,1239.57474432934,0,0,0,119,0,0,0
93,10,2,3127.61977344,1038.83116086177,0,0,0,153,0,0,0
93,10,3,3125.407104,881.229954646808,0,0,0,156,0,0,0
93,10,4,3114.83776,1552.56962871325,0,0,0,98,0,0,0
93,10,5,3133.11409920001,946.259747974475,0,0,0,130,0,0,0
93,10,6,3135.503232,659.293268108024,0,0,0,178,0,0,0
93,10,7,18505.5151999995,10994.4073259541,39,0,0,185,0,0,0
93,10,8,0,9,0,0,0,0,0,0,0
93,11,1,3077.045824,1146.60279028596,0,0,0,123,0,0,0
93,11,2,3126.55289344,839.619681239934,0,0,0,103,0,0,0
93,11,3,3118.694848,1317.28260088464,0,0,0,88,0,0,0
93,11,4,3129.39266355201,1451.25743126007,0,0,0,155,0,0,0
93,11,5,3135.8993792,1064.43279599574,0,0,0,94,0,0,0
93,11,6,3136.458752,1041.06718098182,0,0,0,65,0,0,0
93,11,7,18506.8668287994,9971.18468242998,31,0,0,200,0,0,0
93,11,8,0,9,0,0,0,0,0,0,0
93,12,1,3082.9802752,1362.23581597851,0,0,0,114,0,0,0
93,12,2,3119.87425024,1075.09452804557,0,0,0,83,0,0,0
93,12,3,3123.30163200001,298.543071177554,0,0,0,131,0,0,0
93,12,4,3139.00463155201,1391.86000088184,0,0,0,145,0,0,0
93,12,5,3142.31537920001,1133.49864731037,0,0,0,106,0,0,0
93,12,6,3143.765696,1108.46880581993,0,0,0,104,0,0,0
93,12,7,18498.9238911994,9004.39803869806,24,0,0,184,0,0,5
93,12,8,0,9,0,0,0,0,0,0,0
93,13,1,3080.7975168,1229.15173917933,0,60,0,76,0,0,0
93,13,2,3106.1782503424,1443.99113611696,0,71,0,36,0,0,0
93,13,3,3096.15827200001,1501.89449863411,0,15,0,14,0,0,0
93,13,4,3134.29053810689,1335.37507992833,0,68,0,71,0,0,0
93,13,5,3138.15000320001,1103.88883330998,0,55,0,58,0,0,0
93,13,6,3138.8214272,1397.03180448754,0,69,0,41,0,0,0
93,13,7,18540.8367103993,8684.34062627786,0,473,0,427,0,0,0
93,13,8,0,9,0,0,0,0,0,0,0
93,14,1,3097.77310464001,1347.49617763776,0,0,0,122,0,0,0
93,14,2,3124.03180554241,930.464308982693,0,0,0,144,0,0,0
93,14,3,3110.65169920001,715.513673071268,0,0,0,150,0,0,0
93,14,4,3155.58279868827,1165.34877826188,0,0,0,133,0,0,0
93,14,5,3158.40792320001,1082.14840456715,0,0,0,110,0,0,0
93,14,6,3169.04862720001,1025.34037691555,0,0,0,139,0,0,0
93,14,7,18595.2089471992,6727.81678246418,28,0,0,243,0,0,0
93,14,8,0,9,0,0,0,0,0,0,0
93,15,1,3108.62360064001,1539.66107075319,0,0,0,134,0,0,0
93,15,2,3123.84402954241,1698.49084346882,0,0,0,93,0,0,0
93,15,3,3101.63892480001,1317.49031696038,0,0,0,71,0,0,0
93,15,4,3163.85365744027,988.664337183215,0,0,0,116,0,0,0
93,15,5,3175.23212544001,1297.9531422424,0,0,0,108,0,0,0
93,15,6,3184.79741184001,1364.44960879254,0,0,0,102,0,0,0
93,15,7,18638.1420031993,8730.42186068079,22,0,0,251,0,0,0
93,15,8,0,9,0,0,0,0,0,0,0
93,16,1,3128.01406464001,713.320792050119,0,0,0,153,0,0,0
93,16,2,3135.36869130241,1007.54743303381,0,0,0,169,0,0,0
93,16,3,3107.22652160001,943.672699046393,0,0,0,131,0,0,0
93,16,4,3166.00881904027,1623.74239485655,0,0,0,98,0,0,0
93,16,5,3193.87910144001,1454.14409809998,0,0,0,129,0,0,0
93,16,6,3208.44867584001,2504.36977469501,0,0,0,136,0,0,0
93,16,7,18674.1413631993,9472.23936868412,29,0,0,213,0,0,0
93,16,8,0,9,0,0,0,0,0,0,0
93,17,1,3127.70337024001,1458.82483897767,0,0,0,71,0,0,0
93,17,2,3138.12960266241,1633.88611561101,0,0,0,100,0,0,0
93,17,3,3107.38860800001,1798.86247178937,0,0,0,94,0,0,0
93,17,4,3189.80024007067,1040.61571451071,0,0,0,162,0,0,0
93,17,5,3217.84419584001,1395.58668969377,0,0,0,145,0,0,0
93,17,6,3257.48501504001,2325.87497663528,0,0,0,232,0,0,0
93,17,7,18728.1171302393,11206.8919899715,27,0,0,260,0,0,0
93,17,8,0,9,0,0,0,0,0,0,0
93,18,1,3144.63060224001,1289.26822660657,0,0,0,145,0,0,0
93,18,2,3152.01961226242,1101.69693446256,0,0,0,163,0,0,0
93,18,3,3121.61651456001,1315.56120212704,0,0,0,179,0,0,0
93,18,4,3189.96330951067,1101.37942613677,0,0,0,104,0,0,0
93,18,5,3238.14205184002,826.576762085087,0,0,0,139,0,0,0
93,18,6,3306.65982464001,1829.96812862883,0,0,0,231,0,0,0
93,18,7,18759.5422028792,5724.9925463714,30,0,0,178,0,0,0
93,18,8,0,9,0,0,0,0,0,0,0
93,19,1,3153.89711104001,2052.64801072628,0,0,0,128,0,0,0
93,19,2,3152.18866186242,1232.32173911145,0,0,0,110,0,0,0
93,19,3,3117.90535168002,1005.41700924526,0,0,0,131,0,0,0
93,19,4,3192.68759751067,1077.47188898185,0,0,0,110,0,0,0
93,19,5,3237.87480064002,1156.58171983823,0,0,0,82,0,0,0
93,19,6,3334.14855424001,645.516552376317,4,0,0,166,0,0,0
93,19,7,18779.0775326712,6426.83826510295,115,0,0,169,0,0,0
93,19,8,0,9,0,0,0,0,0,0,0
93,20,1,3175.07445504001,2525.1969307899,4,0,0,176,0,0,0
93,20,2,3148.96358666242,1209.34371418192,0,0,0,123,0,0,0
93,20,3,3107.31292928002,711.226020837765,0,0,0,100,0,0,0
93,20,4,3192.20689607068,723.058970970382,0,0,0,107,0,0,0
93,20,5,3244.95209984002,1719.52792820025,0,0,0,115,0,0,0
93,20,6,3338.23139901441,1293.12232218209,0,0,0,64,0,0,0
93,20,7,18816.3694878712,6543.95982340735,57,0,0,222,0,0,0
93,20,8,0,9,0,0,0,0,0,0,0
93,21,1,3186.44322816001,1944.83895013885,25,0,0,140,0,0,0
93,21,2,3149.78539786242,1474.38467203883,0,0,0,120,0,0,0
93,21,3,3085.65988096002,1412.06908930151,0,0,0,71,0,0,0
93,21,4,3183.96466323868,1599.84673924008,0,0,0,72,0,0,0
93,21,5,3263.36333568002,1239.17061480905,0,0,0,171,0,0,0
93,21,6,3357.78788925441,1400.43604652194,0,0,0,129,0,0,0
93,21,7,18841.0317854712,5055.19623131295,107,0,0,166,0,0,0
93,21,8,0,9,0,0,0,0,0,0,0
93,22,1,3194.92865792001,472.634737953917,22,0,0,136,0,0,0
93,22,2,3151.30489610242,1261.24897806351,1,0,0,144,0,0,0
93,22,3,3082.52434176002,1599.91260614474,0,0,0,141,0,0,0
93,22,4,3182.95676819868,1756.66869518462,4,0,0,149,0,0,0
93,22,5,3265.15705088002,1280.81377878613,0,0,0,123,0,0,0
93,22,6,3374.68723261441,2101.1158282916,0,0,0,140,0,0,0
93,22,7,18866.1447454712,8123.46636782211,127,0,0,174,0,0,0
93,22,8,0,9,0,0,0,0,0,0,0
93,23,1,3186.79369472002,903.940470119112,0,0,0,47,0,0,0
93,23,2,3151.02029066242,1387.85140334875,0,0,0,126,0,0,0
93,23,3,3084.63388928002,885.322237321238,0,0,0,159,0,0,0
93,23,4,3185.5135688991,1378.30663321881,0,0,0,175,0,0,0
93,23,5,3267.88582656002,1163.99309431096,0,0,0,128,0,0,0
93,23,6,3398.77158461442,2547.70179565102,2,0,0,172,0,0,0
93,23,7,18906.8544286712,6228.40661422585,43,0,0,236,0,0,0
93,23,8,0,9,0,0,0,0,0,0,0
93,24,1,3175.19617536001,1462.54343574071,67,0,0,23,0,0,0
93,24,2,3137.10787543042,1369.3730189146,64,0,0,74,0,0,0
93,24,3,3061.11765760002,1326.3530654975,33,0,0,55,0,0,0
93,24,4,3162.4521928991,1348.63268332659,77,0,0,60,0,0,0
93,24,5,3254.79909632003,1528.45878692866,52,0,0,64,0,0,0
93,24,6,3408.98432590236,1102.96472162608,126,0,0,128,0,0,0
93,24,7,18963.2274232312,11131.4509350338,316,0,0,305,0,0,0
93,24,8,0,9,0,0,0,0,0,0,0
93,25,1,3179.12850483201,1220.59193730371,0,0,0,146,0,0,0
93,25,2,3127.65597294594,1174.04260936755,0,0,0,136,0,0,0
93,25,3,3050.85243648002,1492.69249886199,0,0,0,132,0,0,0
93,25,4,3161.7070589215,1562.09284951647,0,0,0,134,0,0,0
93,25,5,3263.70787328003,1807.462532476,0,0,0,152,0,0,0
93,25,6,3419.23096654236,654.944818057798,0,0,0,110,0,0,0
93,25,7,18978.6823992312,7711.97764731068,0,29,0,202,0,0,0
93,25,8,0,9,0,0,0,0,0,0,0
93,26,1,3163.35657779201,1098.01541166584,0,73,0,49,0,0,0
93,26,2,3107.42146250754,821.022456224888,0,49,0,68,0,0,0
93,26,3,3027.66952540162,747.345344599027,0,76,0,73,0,0,0
93,26,4,3145.5851645215,713.807560644107,0,80,0,76,0,0,0
93,26,5,3260.63811328003,860.08473799347,0,87,0,93,0,0,0
93,26,6,3409.47138075036,1369.38694940176,0,24,0,41,0,0,0
93,26,7,19030.4985528312,9231.17153840396,0,366,0,372,0,0,0
93,26,8,0,9,0,0,0,0,0,0,0
93,27,1,3167.49804544002,1642.21829358679,0,0,0,109,0,0,0
93,27,2,3099.94056003586,1081.07512643008,0,0,0,82,0,0,0
93,27,3,3022.58053468162,1265.57388473513,0,0,0,74,0,0,0
93,27,4,3141.8366763295,686.764116400551,0,0,0,71,0,0,0
93,27,5,3268.74285312002,1556.80960913764,0,0,0,86,0,0,0
93,27,6,3434.49683995036,1996.65650849328,0,0,0,136,0,0,0
93,27,7,19066.6187427832,5719.09093549052,26,0,0,197,0,0,0
93,27,8,0,9,0,0,0,0,0,0,0
93,28,1,3181.23773235202,1202.25093712254,0,0,0,164,0,0,0
93,28,2,3101.26979866626,1402.58505231688,0,0,0,108,0,0,0
93,28,3,3028.15965980674,2159.58407851642,0,0,0,126,0,0,0
93,28,4,3139.5999613215,1090.48394064312,0,0,0,68,0,0,0
93,28,5,3294.32847194114,1790.31114010955,0,0,0,155,0,0,0
93,28,6,3471.45371879836,814.637450056666,1,0,0,190,0,0,0
93,28,7,19091.8758307832,7943.22141640476,75,0,0,144,0,0,0
93,28,8,0,9,0,0,0,0,0,0,0
93,29,1,3183.58600243202,2271.58480232789,0,0,0,120,0,0,0
93,29,2,3112.22226787453,1644.90834208615,0,0,0,140,0,0,0
93,29,3,3049.17466238569,1640.27669854528,2,0,0,186,0,0,0
93,29,4,3145.8263401759,1432.68443366151,0,0,0,109,0,0,0
93,29,5,3323.16941094914,2450.36452122819,0,0,0,179,0,0,0
93,29,6,3486.17492148636,1221.8125206213,0,0,0,81,0,0,0
93,29,7,19136.5955363831,2177.26301732923,39,0,0,211,0,0,0
93,29,8,0,9,0,0,0,0,0,0,0
93,30,1,3192.10770944002,1852.89134963763,60,0,0,149,0,0,0
93,30,2,3109.22811317782,1845.07617708094,38,0,0,115,0,0,0
93,30,3,3053.60495701608,765.143578777697,17,0,0,141,0,0,0
93,30,4,3146.6521046303,955.765003763088,20,0,0,117,0,0,0
93,30,5,3332.51481382914,2039.6522490866,73,0,0,150,0,0,0
93,30,6,3503.49274292636,1484.77364729262,3,0,0,118,0,0,0
93,30,7,19155.1057955832,9772.82734015668,59,0,0,141,0,0,0
93,30,8,0,9,0,0,0,0,0,0,0
93,31,1,3216.00055078914,1274.1139426313,0,0,0,185,0,0,0
93,31,2,3129.17371332347,792.634496989524,0,0,0,179,0,0,0
93,31,3,3048.82489316968,1909.63315392139,0,0,0,76,0,0,0
93,31,4,3157.52532961774,1883.77094544284,0,0,0,95,0,0,0
93,31,5,3363.73544986217,1577.00134832162,0,0,0,181,0,0,0
93,31,6,3534.32334217627,1180.47205536006,0,0,0,148,0,0,0
93,31,7,19198.4113731575,8835.82539754041,26,0,0,260,0,0,0
93,31,8,0,9,0,0,0,0,0,0,0
93,32,1,3225.77683453954,1164.07948195349,0,0,0,127,0,0,0
93,32,2,3121.93301716404,1218.75721968988,0,0,0,79,0,0,0
93,32,3,3075.90812560591,1742.93531567505,0,0,0,190,0,0,0
93,32,4,3178.93004698094,589.042059298284,0,0,0,188,0,0,0
93,32,5,3388.00493814499,994.453686228228,0,0,0,157,0,0,0
93,32,6,3563.13996128667,1575.43325984308,0,0,0,118,0,0,0
93,32,7,19218.0258166775,5498.50038623475,26,0,0,212,0,0,0
93,32,8,0,9,0,0,0,0,0,0,0
93,33,1,3230.71835430914,899.086882705117,0,0,0,116,0,0,0
93,33,2,3126.32754163124,1192.33747150856,0,0,0,121,0,0,0
93,33,3,3089.8662780027,653.511529595943,0,0,0,174,0,0,0
93,33,4,3168.39888691694,967.929852319621,0,0,0,58,0,0,0
93,33,5,3391.87745956579,839.954319371729,0,0,0,99,0,0,0
93,33,6,3596.77391642626,1309.54210490586,0,0,0,157,0,0,0
93,33,7,19227.1680681974,11040.1234556306,32,0,0,171,0,0,0
93,33,8,0,9,0,0,0,0,0,0,0
93,34,1,3230.92435965953,1386.27883326434,0,0,0,89,0,0,0
93,34,2,3132.91822097384,1223.26996372372,0,0,0,119,0,0,0
93,34,3,3081.83286330574,1223.89328591341,0,0,0,65,0,0,0
93,34,4,3175.56973882087,595.350750520999,0,0,0,96,0,0,0
93,34,5,3397.92423674595,2146.12156482824,0,0,0,83,0,0,0
93,34,6,3621.6185241936,1193.82910854617,0,0,0,130,0,0,0
93,34,7,19252.6208021494,13175.4785347528,27,0,0,210,0,0,1
93,34,8,0,9,0,0,0,0,0,0,0
93,35,1,3246.99687694747,633.441291993158,0,0,0,138,0,0,0
93,35,2,3145.82595055627,952.652320896991,0,0,0,122,0,0,0
93,35,3,3081.48260276783,786.564339655588,0,0,0,122,0,0,0
93,35,4,3167.2449287611,1767.60037656854,0,0,0,59,0,0,0
93,35,5,3437.94561813629,1506.62042255451,0,0,0,214,0,0,0
93,35,6,3647.52271247378,1364.81117726308,0,0,0,119,0,0,0
93,35,7,19269.0219209718,4715.65469535885,0,75,0,166,0,0,0
93,35,8,0,9,0,0,0,0,0,0,0
93,36,1,3237.56469354907,1219.97664655736,0,0,0,63,0,0,0
93,36,2,3141.67033396849,1083.99723048377,0,0,0,95,0,0,0
93,36,3,3068.35821593872,1632.57553390918,0,0,0,78,0,0,0
93,36,4,3181.92807543118,1647.49481793705,0,0,0,176,0,0,0
93,36,5,3458.67488701565,1448.3182376285,0,1,0,145,0,0,0
93,36,6,3669.02654877304,1235.70469063933,0,0,0,136,0,0,0
93,36,7,19286.6185402358,2400.95134489104,0,77,0,185,0,0,0
93,36,8,0,9,0,0,0,0,0,0,0
93,37,1,3236.53932228609,1653.12740868768,0,7,0,111,0,0,0
93,37,2,3138.05257717033,803.490151670075,0,0,0,108,0,0,0
93,37,3,3065.39836493072,1114.96767352732,0,12,0,145,0,0,0
93,37,4,3179.61789818804,708.988091711182,0,19,0,136,0,0,0
93,37,5,3467.52577264765,1898.33972994792,0,17,0,119,0,0,0
93,37,6,3683.51976465552,1783.17813290872,0,1,0,122,0,0,0
93,37,7,19291.6659437558,6815.97714380153,0,57,0,154,0,0,0
93,37,8,0,9,0,0,0,0,0,0,0
93,38,1,3259.64931829761,1149.24363192324,0,0,0,162,0,0,0
93,38,2,3136.19758672145,1031.08266338653,0,0,0,80,0,0,0
93,38,3,3067.54191615723,1467.20086372121,0,0,0,111,0,0,0
93,38,4,3175.34335786194,819.509384759561,0,0,0,70,0,0,0
93,38,5,3508.07037528951,1841.78015705567,0,0,0,185,0,0,0
93,38,6,3729.46968972252,1803.31218910123,0,0,0,178,0,0,0
93,38,7,19332.2148059125,9916.55120698723,20,1,0,206,0,0,0
93,38,8,0,9,0,0,0,0,0,0,0
93,39,1,3257.67809410663,470.64082185213,0,0,0,114,0,0,0
93,39,2,3133.41972784196,1648.30517590719,0,0,0,103,0,0,0
93,39,3,3069.48721946756,868.791529967139,0,0,0,146,0,0,0
93,39,4,3158.92768547656,662.588273512021,0,0,0,81,0,0,0
93,39,5,3528.58945165871,598.058489686716,0,0,0,183,0,0,0
93,39,6,3756.93609173242,1854.39724214923,0,0,0,180,0,0,0
93,39,7,19363.3586676725,9485.14785200582,0,53,0,247,0,0,0
93,39,8,0,9,0,0,0,0,0,0,0
93,40,1,3245.07624703591,809.734070490618,0,0,0,47,0,0,0
93,40,2,3139.80676860652,855.926578505745,0,22,0,136,0,0,0
93,40,3,3059.45497253283,517.856334854201,0,1,0,85,0,0,0
93,40,4,3148.32276539823,1170.51479376701,0,0,0,66,0,0,0
93,40,5,3522.86384919104,1475.49392812769,0,1,0,58,0,0,0
93,40,6,3773.14763428992,2024.24692147044,0,62,0,104,0,0,0
93,40,7,19411.5922912245,7100.04400269062,4,279,0,261,0,0,0
93,40,8,0,9,0,0,0,0,0,0,0
93,41,1,3239.9055889531,1194.02828331249,0,0,0,80,0,0,0
93,41,2,3129.95750521986,1836.39206617818,0,0,0,85,0,0,0
93,41,3,3045.0259017538,1620.20969146047,0,0,0,51,0,0,0
93,41,4,3144.11328527258,1262.03803704682,0,0,0,117,0,0,0
93,41,5,3537.58966139046,2198.98109100466,0,0,0,147,0,0,0
93,41,6,3812.28398199526,844.414862548804,0,0,0,192,0,0,0
93,41,7,19468.8729342964,4846.58726288984,27,0,0,250,0,0,0
93,41,8,0,9,0,0,0,0,0,0,0
93,42,1,3247.34223955559,1045.27670552549,0,0,0,119,0,0,0
93,42,2,3134.84311740126,1574.84917529341,5,0,0,158,0,0,0
93,42,3,3052.78818840314,1257.49495011984,0,0,0,162,0,0,0
93,42,4,3141.93699073331,846.38233923006,0,0,0,126,0,0,0
93,42,5,3562.27350406597,1625.00392605841,7,0,0,181,0,0,0
93,42,6,3828.76029384509,1374.57560003013,0,0,0,84,0,0,0
93,42,7,19503.9471379444,4279.0110817334,62,0,0,167,0,0,0
93,42,8,0,9,0,0,0,0,0,0,0
93,43,1,3226.11470263911,2202.30739289081,0,56,0,48,0,0,0
93,43,2,3116.41128499647,1073.79283956604,0,61,0,96,0,0,0
93,43,3,3032.95141952779,732.962995733469,0,68,0,57,0,0,0
93,43,4,3117.82895406387,1359.36997741343,0,45,0,39,0,0,0
93,43,5,3552.49627650112,1778.34373440163,0,78,0,84,0,0,0
93,43,6,3835.93196989947,2169.37088673389,0,56,0,81,0,0,0
93,43,7,19536.9298824999,8311.68656137886,1,168,0,225,0,0,0
93,43,8,0,9,0,0,0,0,0,0,0
93,44,1,3257.1200738427,1520.75621946666,1,0,0,185,0,0,0
93,44,2,3126.94281011647,1242.88908570522,0,0,0,107,0,0,0
93,44,3,3028.87685222381,1300.80195631125,0,0,0,73,0,0,0
93,44,4,3134.4775070206,855.498051439472,0,0,0,135,0,0,0
93,44,5,3592.74926283946,1839.21827648339,0,0,0,177,0,0,0
93,44,6,3895.04613097397,3109.66575913329,0,0,0,197,0,0,0
93,44,7,19598.1237738279,7573.57723399385,26,1,0,212,0,0,0
93,44,8,0,9,0,0,0,0,0,0,0
93,45,1,3274.16741277451,1852.47674925246,0,0,0,152,0,0,0
93,45,2,3133.03640422847,1130.3498704347,0,0,0,124,0,0,0
93,45,3,3027.8767524018,1713.52038536856,0,0,0,130,0,0,0
93,45,4,3135.19345180856,830.929016339795,0,0,0,85,0,0,0
93,45,5,3617.42281562896,1042.75254431193,0,0,0,183,0,0,0
93,45,6,3946.49760255533,1176.2715678596,4,0,0,209,0,0,0
93,45,7,19669.8813761319,15274.0150948915,19,0,0,284,0,0,0
93,45,8,0,9,0,0,0,0,0,0,0
93,46,1,3289.98887858767,1699.64737372964,0,0,0,185,0,0,0
93,46,2,3133.4547914027,1432.78228072806,0,0,0,113,0,0,0
93,46,3,3032.55057769737,1382.95923749293,0,0,0,171,0,0,0
93,46,4,3128.96731965215,1093.3038494203,0,0,0,83,0,0,0
93,46,5,3625.2188338664,1630.07805771398,0,0,0,104,0,0,0
93,46,6,3964.94125936173,1941.30678502781,0,0,0,117,0,0,0
93,46,7,19724.9875546919,9371.52842054076,22,1,0,332,0,0,0
93,46,8,0,9,0,0,0,0,0,0,0
93,47,1,3311.37225904575,1812.12121979812,1,0,0,165,0,0,0
93,47,2,3145.20103886036,748.560073766569,0,0,0,143,0,0,0
93,47,3,3046.38487706579,1636.54060478782,0,0,0,138,0,0,0
93,47,4,3138.91983117012,1161.03619269775,0,0,0,109,0,0,0
93,47,5,3670.56818303871,1426.2326144858,0,0,0,163,0,0,0
93,47,6,4029.17084411542,1349.51332357223,0,0,0,191,0,0,0
93,47,7,19766.835299122,12310.3793512557,157,0,0,184,0,0,0
93,47,8,0,9,0,0,0,0,0,0,0
93,48,1,3324.39844099068,1085.82875991617,0,0,0,181,0,0,0
93,48,2,3132.64201565052,1149.47233116444,0,0,0,74,0,0,0
93,48,3,3054.55844986093,2309.02830253829,0,0,0,163,0,0,0
93,48,4,3138.35001370041,844.982903829273,0,0,0,116,0,0,0
93,48,5,3688.11332404406,954.564538793969,0,0,0,142,0,0,0
93,48,6,4059.12629472635,1873.52221980589,0,0,0,134,0,0,0
93,48,7,19809.5871517684,8482.87682164204,65,0,0,190,0,0,0
93,48,8,0,9,0,0,0,0,0,0,0
93,49,1,3318.66575832388,1843.70586894315,0,0,0,108,0,0,0
93,49,2,3127.29372145445,1356.79755719163,1,0,0,113,0,0,0
93,49,3,3052.71452844146,1696.1449375167,60,0,0,146,0,0,0
93,49,4,3124.74470732831,854.91206959806,0,0,0,84,0,0,0
93,49,5,3684.51898147678,1276.27374932075,1,0,0,94,0,0,0
93,49,6,4090.16993537971,1423.52417480977,35,0,0,138,0,0,0
93,49,7,19854.0099080999,8801.31369471695,234,3,0,205,0,0,7
93,49,8,0,9,0,0,0,0,0,0,0
93,50,1,3328.99110108959,875.005295251319,14,0,0,143,0,0,0
93,50,2,3126.93444229228,1084.64442747684,0,0,0,135,0,0,0
93,50,3,3063.98049729756,1559.42649676957,3,0,0,159,0,0,0
93,50,4,3108.4375111825,2304.49190789237,0,0,0,85,0,0,0
93,50,5,3696.14108663585,1746.2699127629,0,0,0,127,0,0,0
93,50,6,4132.07422730907,1634.70096830901,0,0,0,141,0,0,0
93,50,7,19926.6336070193,10266.0539562149,198,0,0,245,0,0,8
93,50,8,0,9,0,0,0,0,0,0,0
93,51,1,3312.60375768126,949.679745758473,0,0,0,87,0,0,0
93,51,2,3127.2159544962,1381.6924325958,0,0,0,108,0,0,0
93,51,3,3081.2170613736,958.366329003293,0,0,0,155,0,0,0
93,51,4,3141.72277232308,1050.85781600612,0,0,0,230,0,0,0
93,51,5,3725.16128058476,1316.99086634695,0,0,0,174,0,0,0
93,51,6,4183.96226406473,1455.94456066187,0,0,0,163,0,0,0
93,51,7,19993.1736785867,8546.87524133541,0,36,0,230,0,0,0
93,51,8,0,9,0,0,0,0,0,0,0
93,52,1,3310.14233308221,1577.79356511119,0,0,0,94,0,0,0
93,52,2,3122.83604537374,1620.38362066831,0,0,0,138,0,0,0
93,52,3,3070.06024673941,1564.75395531654,0,0,0,95,0,0,0
93,52,4,3135.16618427405,1311.17513865373,0,0,0,105,0,0,0
93,52,5,3735.30735544977,881.646477020898,0,3,0,126,0,0,0
93,52,6,4204.90460780302,1410.7846120867,0,22,0,110,0,0,0
93,52,7,20050.7422492414,3286.93342444343,4,210,0,236,0,0,0
93,52,8,0,9,0,0,0,0,0,0,0
93,53,1,3300.40870306697,1382.68828284571,0,30,0,112,0,0,0
93,53,2,3120.67834851208,888.092809548601,0,16,0,138,0,0,0
93,53,3,3058.50147334379,771.950995638624,0,11,0,139,0,0,0
93,53,4,3117.66230411572,1559.80646063209,0,7,0,120,0,0,0
93,53,5,3734.41747363514,1035.75949656716,0,0,0,88,0,0,0
93,53,6,4229.29664155468,953.003193238714,0,0,0,141,0,0,0
93,53,7,20079.5614205694,6725.54489835993,0,104,0,172,0,0,0
93,53,8,0,9,0,0,0,0,0,0,0
93,54,1,3308.92001531809,742.124811319739,0,0,0,138,0,0,0
93,54,2,3109.76470588874,665.023003353998,0,0,0,88,0,0,0
93,54,3,3031.22346515705,1266.48189496548,0,0,0,77,0,0,0
93,54,4,3118.29094138428,1264.21023234454,0,0,0,155,0,0,0
93,54,5,3725.29459728157,1305.44822616262,0,0,0,103,0,0,0
93,54,6,4240.97358528331,1039.98151731224,0,0,0,95,0,0,0
93,54,7,20128.7727010558,9278.97357350659,22,0,0,221,0,0,0
93,54,8,0,9,0,0,0,0,0,0,0
93,55,1,3307.83153598861,1691.68652835906,0,0,0,74,0,0,0
93,55,2,3099.35212512566,956.775033730694,0,0,0,66,0,0,0
93,55,3,3026.97931334225,1383.30494358047,0,0,0,126,0,0,0
93,55,4,3119.34804085455,398.845098886557,0,0,0,126,0,0,0
93,55,5,3738.35546018909,1409.13143610082,0,0,0,130,0,0,0
93,55,6,4267.68056649971,1480.18139956193,0,0,0,103,0,0,0
93,55,7,20203.3293381374,10113.1023164415,0,48,0,236,0,0,0
93,55,8,0,9,0,0,0,0,0,0,0
93,56,1,3299.11104019333,949.996315479121,0,106,0,63,0,0,0
93,56,2,3077.23392244024,1267.17410169156,0,57,0,38,0,0,0
93,56,3,3010.15591250146,1141.36224905339,0,66,0,72,0,0,0
93,56,4,3089.4458998735,2010.60408048375,0,26,0,13,0,0,0
93,56,5,3724.71616300739,1486.76221708172,0,82,0,58,0,0,0
93,56,6,4271.73472904296,525.777135542785,0,73,0,75,0,0,0
93,56,7,20284.6412200874,7018.12956401652,7,204,0,251,0,0,0
93,56,8,0,9,0,0,0,0,0,0,0
93,57,1,3306.8662211951,1186.89334917226,0,0,0,94,0,0,0
93,57,2,3085.72704151684,1891.54090589904,0,0,0,126,0,0,0
93,57,3,3011.23210380525,816.662553437309,0,0,0,114,0,0,0
93,57,4,3105.5226740569,1738.06333806764,0,0,0,201,0,0,0
93,57,5,3748.40299996768,2308.00604594024,0,0,0,148,0,0,0
93,57,6,4281.55071199459,1899.33116309914,0,0,0,52,0,0,0
93,57,7,20346.0340138137,5877.14166058399,27,0,0,221,0,0,0
93,57,8,0,9,0,0,0,0,0,0,0
93,58,1,3330.82310324794,1395.905771299,0,0,0,118,0,0,0
93,58,2,3115.71544408683,1225.82847529896,1,0,0,167,0,0,0
93,58,3,3017.08804650674,756.189810573893,0,0,0,81,0,0,0
93,58,4,3134.52707161703,1016.59414072231,0,0,0,173,0,0,0
93,58,5,3820.34014001322,1799.00684867061,0,0,0,230,0,0,0
93,58,6,4356.92980775913,1800.59169071814,0,0,0,189,0,0,0
93,58,7,20412.5050944165,2919.31374263286,26,0,0,202,0,0,0
93,58,8,0,9,0,0,0,0,0,0,0
93,59,1,3341.44430219966,1355.14205398766,15,0,0,120,0,0,0
93,59,2,3117.79488444776,1799.95405138909,0,0,0,122,0,0,0
93,59,3,3004.57358124952,499.846715015443,2,0,0,73,0,0,0
93,59,4,3134.10116205642,661.258098945404,0,0,0,101,0,0,0
93,59,5,3822.76386644629,1525.26904812545,44,0,0,122,0,0,0
93,59,6,4380.13931837324,1718.49746388248,45,0,0,121,0,0,0
93,59,7,20445.5214195365,5878.45258296208,87,0,0,178,0,0,0
93,59,8,0,9,0,0,0,0,0,0,0
93,60,1,3378.1543545526,1255.08548887202,0,0,0,135,0,0,0
93,60,2,3147.08149190797,1973.97527859632,0,0,0,179,0,0,0
93,60,3,2999.65713843836,719.334282969746,0,0,0,49,0,0,0
93,60,4,3142.03924085589,1822.12063478924,0,0,0,66,0,0,0
93,60,5,3877.16180422319,596.790165183373,0,0,0,152,0,0,0
93,60,6,4469.12067138829,2016.73389666338,0,0,0,171,0,0,0
93,60,7,20521.3645618651,10768.0615570847,34,0,0,222,0,0,0
93,60,8,0,9,0,0,0,0,0,0,0
93,61,1,3402.81821492802,2282.19961408789,0,0,0,125,0,0,0
93,61,2,3186.79943705851,1936.31227927431,0,0,0,197,0,0,0
93,61,3,2990.63355068974,1484.55594864928,0,0,0,71,0,0,0
93,61,4,3193.41602462888,789.99195792322,0,0,0,182,0,0,0
93,61,5,3875.61056152837,1407.69926320551,0,0,0,59,0,0,0
93,61,6,4544.20247141561,1597.08415341674,0,0,0,195,0,0,0
93,61,7,20591.9617429788,5255.491842197,29,0,0,206,0,0,0
93,61,8,0,9,0,0,0,0,0,0,0
93,62,1,3426.02179175801,1633.27058432514,9,0,0,175,0,0,0
93,62,2,3201.14979377062,1947.38189277941,4,0,0,170,0,0,0
93,62,3,3001.25305923596,364.318420238983,0,0,0,148,0,0,0
93,62,4,3183.52657152842,519.070091385732,0,0,0,78,0,0,0
93,62,5,3890.3832411034,2069.0322940058,0,0,0,140,0,0,0
93,62,6,4583.76217506764,2379.55887095122,0,0,0,159,0,0,0
93,62,7,20612.4085158376,7695.4409109084,60,0,0,169,0,0,0
93,62,8,0,9,0,0,0,0,0,0,0
93,63,1,3454.30466043487,1773.78686932275,0,0,0,163,0,0,0
93,63,2,3227.54629420568,1184.59414999322,0,0,0,186,0,0,0
93,63,3,2981.66698228926,928.974836079242,0,0,0,36,0,0,0
93,63,4,3175.66477138249,927.216633066644,0,0,0,51,0,0,0
93,63,5,3933.05627897671,2829.11010402976,0,0,0,198,0,0,0
93,63,6,4648.46149680969,1391.67550821069,2,0,0,207,0,0,0
93,63,7,20669.2742318741,8347.07569243853,36,0,0,218,0,0,0
93,63,8,0,9,0,0,0,0,0,0,0
93,64,1,3500.26717237591,1278.91569377251,0,0,0,177,0,0,0
93,64,2,3243.88660009523,1441.12440355729,0,0,0,118,0,0,0
93,64,3,2989.68829648281,1659.81892838724,0,0,0,92,0,0,0
93,64,4,3183.20981875165,976.213139060676,0,0,0,92,0,0,0
93,64,5,3992.18539794938,1381.34579163054,4,0,0,200,0,0,0
93,64,6,4713.38012873641,1465.5252518134,0,0,0,139,0,0,0
93,64,7,20754.7778303956,8717.00455849213,36,0,0,227,0,0,0
93,64,8,0,9,0,0,0,0,0,0,0
93,65,1,3507.39290168174,1698.87310339052,0,0,0,127,0,0,0
93,65,2,3251.30906757922,1576.36745005225,0,0,0,144,0,0,0
93,65,3,2991.93351013155,1174.75526924333,0,0,0,165,0,0,0
93,65,4,3181.55768698271,1120.74795688208,0,0,0,97,0,0,0
93,65,5,3999.97109223199,2022.96318507973,0,0,0,138,0,0,0
93,65,6,4752.0209589265,1930.06977855367,0,0,0,146,0,0,0
93,65,7,20797.4758308668,9938.64016074132,0,56,0,214,0,0,0
93,65,8,0,9,0,0,0,0,0,0,0
93,66,1,3499.97610106035,1649.14397670993,0,87,0,74,0,0,0
93,66,2,3245.02422811682,1151.6010687284,0,66,0,85,0,0,0
93,66,3,2980.61157087595,1475.91664570396,0,44,0,69,0,0,0
93,66,4,3169.77670974716,1175.91928677526,0,47,0,60,0,0,0
93,66,5,4007.37188773971,1122.77226089758,0,92,0,101,0,0,0
93,66,6,4770.86094231914,2225.91331875225,0,80,0,105,0,0,0
93,66,7,20943.0633050537,2137.31577382171,0,452,0,485,0,0,0
93,66,8,0,9,0,0,0,0,0,0,0
93,67,1,3501.83030087127,916.997103169104,93,0,0,71,0,0,0
93,67,2,3243.92677195712,2033.91362299691,52,0,0,63,0,0,0
93,67,3,2975.95336470246,599.132317049627,76,0,0,71,0,0,0
93,67,4,3168.29278107855,2123.40102312162,62,0,0,55,0,0,0
93,67,5,4017.95917961699,2190.40575990021,51,0,0,61,0,0,0
93,67,6,4804.16356736831,3034.75276051415,120,0,0,102,0,0,0
93,67,7,20960.2083528966,3941.57131912418,131,0,0,82,0,0,0
93,67,8,0,9,0,0,0,0,0,0,0
93,68,1,3516.68845691458,1835.14217408412,0,0,0,91,0,0,0
93,68,2,3300.50768656862,1253.92940501755,0,0,0,203,0,0,0
93,68,3,2976.71175830947,1342.77048989111,0,0,0,59,0,0,0
93,68,4,3218.00301185707,2391.28791902831,4,0,0,171,0,0,1
93,68,5,4109.56992546141,1498.73943447826,4,0,0,189,0,0,0
93,68,6,4882.89565753721,1914.83869747935,20,0,0,157,0,0,0
93,68,7,21011.2531305638,8755.66547864003,28,0,0,189,0,0,0
93,68,8,0,9,0,0,0,0,0,0,0
93,69,1,3559.3877474015,1133.31536755392,0,0,0,183,0,0,0
93,69,2,3320.26064861349,1416.47982997281,0,0,0,125,0,0,0
93,69,3,2996.76490845327,1141.7175496224,0,0,0,134,0,0,0
93,69,4,3274.02780698686,733.199913920137,0,0,0,229,0,0,0
93,69,5,4153.95299742692,712.4828891851,0,0,0,149,0,0,0
93,69,6,4970.56216626985,1763.13484100797,0,0,0,191,0,0,0
93,69,7,21060.9362911191,13350.1721277618,26,0,0,213,0,0,0
93,69,8,0,9,0,0,0,0,0,0,0
93,70,1,3574.82116563308,279.342692495776,0,0,0,113,0,0,0
93,70,2,3325.40750502843,592.184495781362,0,0,0,141,0,0,0
93,70,3,3007.03520967695,805.714940158311,0,0,0,114,0,0,0
93,70,4,3276.95005592629,819.973710189214,0,0,0,73,0,0,0
93,70,5,4161.735772181,2709.29848452943,0,0,0,71,0,0,0
93,70,6,5016.24239713114,899.315362419915,0,0,0,167,0,0,0
93,70,7,21073.7408553607,6951.69045654064,23,1,0,224,0,0,0
93,70,8,0,9,0,0,0,0,0,0,0
93,71,1,3565.88708127319,1012.92811503675,0,0,0,27,0,0,0
93,71,2,3317.88639278947,1576.48402128938,0,0,0,59,0,0,0
93,71,3,3020.88949954292,1117.6940417826,0,0,0,80,0,0,0
93,71,4,3285.85030052592,1059.91963991423,1,0,0,80,0,0,0
93,71,5,4213.57273454786,1005.80225149406,58,0,0,172,0,0,0
93,71,6,5046.37804307561,2694.67491092918,0,0,0,89,0,0,0
93,71,7,21132.6992113318,3330.29270603612,247,0,0,274,0,0,0
93,71,8,0,9,0,0,0,0,0,0,0
93,72,1,3580.9876605343,1422.73230455433,0,0,0,101,0,0,0
93,72,2,3348.22041049817,965.540155144436,19,0,0,122,0,0,0
93,72,3,3032.32585556107,533.744656730484,0,0,0,111,0,0,0
93,72,4,3306.94173262982,1029.76362207826,0,0,0,105,0,0,0
93,72,5,4256.97911739382,2097.92672571006,0,0,0,100,0,0,0
93,72,6,5144.37558215329,1643.17712377068,59,0,0,163,0,0,0
93,72,7,21195.3558879439,11859.4908035785,83,0,0,182,0,0,0
93,72,8,0,9,0,0,0,0,0,0,0
93,73,1,3612.38068981506,436.435111584165,0,0,0,142,0,0,0
93,73,2,3369.32388773709,1298.71655887348,0,0,0,96,0,0,0
93,73,3,3031.25857910687,1479.65167116085,0,0,0,53,0,0,0
93,73,4,3333.46757717846,1446.00492083584,0,0,0,102,0,0,0
93,73,5,4334.24648019718,1488.40499426907,0,0,0,205,0,0,0
93,73,6,5236.86521712068,2224.6777317767,0,0,0,164,0,0,0
93,73,7,21262.1573599113,7326.23237592366,33,0,0,197,0,0,0
93,73,8,0,9,0,0,0,0,0,0,0
93,74,1,3596.76094020518,1732.7478903187,0,0,0,43,0,0,0
93,74,2,3385.04124891914,767.524453678052,0,0,0,129,0,0,0
93,74,3,3059.13168683271,1967.33945872708,4,0,0,136,0,0,0
93,74,4,3359.77542426102,736.401728715775,3,0,0,135,0,0,0
93,74,5,4390.48618759436,1288.44049445131,0,0,0,148,0,0,0
93,74,6,5312.59003641557,1305.04062607206,27,0,0,144,0,0,0
93,74,7,21366.2353612072,10882.9518482927,164,0,0,256,0,0,0
93,74,8,0,9,0,0,0,0,0,0,0
93,75,1,3636.86537898202,2285.9892946791,0,0,0,171,0,0,0
93,75,2,3387.75735843446,1335.10163593512,0,0,0,76,0,0,0
93,75,3,3094.17492493817,863.335181767591,0,0,0,188,0,0,0
93,75,4,3354.96727980398,1025.55390061585,0,0,0,73,0,0,0
93,75,5,4420.37969161746,1661.1970424834,0,0,0,128,0,0,0
93,75,6,5373.69197439966,684.576663697437,0,0,0,130,0,0,0
93,75,7,21441.3547804866,8789.33898586519,54,0,0,196,0,0,0
93,75,8,0,9,0,0,0,0,0,0,0
93,76,1,3649.4727926374,1218.11848131439,19,0,0,142,0,0,1
93,76,2,3394.94703468157,1035.42144091511,0,0,0,133,0,0,0
93,76,3,3102.99271718638,940.989740330242,0,0,0,86,0,0,0
93,76,4,3352.20715823442,867.3211950285,0,0,0,102,0,0,0
93,76,5,4477.91058310966,1715.61602364592,0,0,0,166,0,0,0
93,76,6,5399.38172805814,1495.00885384035,0,0,0,68,0,0,0
93,76,7,21508.1326766362,5683.34469536228,151,0,0,178,0,0,6
93,76,8,0,9,0,0,0,0,0,0,0
93,77,1,3679.62799832016,2908.95254759321,0,0,0,121,0,0,0
93,77,2,3402.9320776545,1378.00322699605,0,0,0,103,0,0,0
93,77,3,3112.96720305005,1997.18168347273,0,0,0,94,0,0,0
93,77,4,3352.90325528389,1858.08740639648,0,0,0,86,0,0,0
93,77,5,4545.08884431552,1168.83751594992,0,0,0,171,0,0,0
93,77,6,5472.35019765469,2696.80228753354,0,0,0,146,0,0,0
93,77,7,21650.9134622589,8051.57970079737,150,0,0,223,0,0,0
93,77,8,0,9,0,0,0,0,0,0,0
93,78,1,3708.80798195053,1789.90533369563,0,5,0,187,0,0,0
93,78,2,3416.76254554654,2052.96492334569,0,0,0,137,0,0,0
93,78,3,3136.50447244582,1336.16786274262,0,0,0,199,0,0,0
93,78,4,3371.19999533679,1606.56865639518,0,0,0,185,0,0,0
93,78,5,4554.27968584907,1332.16237173075,0,0,0,116,0,0,0
93,78,6,5556.91635697421,2404.6809530865,0,2,0,220,0,0,0
93,78,7,21730.3646023548,15108.8673041253,0,34,0,204,0,0,0
93,78,8,0,9,0,0,0,0,0,0,0
93,79,1,3736.47027315737,559.615325715166,0,0,0,174,0,0,0
93,79,2,3422.35688807176,1619.53630873527,0,1,0,192,0,0,0
93,79,3,3129.09161790649,1557.92124340565,0,0,0,133,0,0,0
93,79,4,3375.22981568514,1669.98057200623,0,0,0,160,0,0,0
93,79,5,4568.84644393758,2684.60880879551,0,0,0,133,0,0,0
93,79,6,5616.45731821559,1796.5070888039,0,5,0,181,0,0,0
93,79,7,21784.6560288708,8399.83136118185,0,117,0,210,0,0,0
93,79,8,0,9,0,0,0,0,0,0,0
93,80,1,3730.58271717104,954.434935751753,0,0,0,55,0,0,0
93,80,2,3424.47168448412,1335.37337668179,0,0,0,161,0,0,0
93,80,3,3134.32640353146,920.319863181001,0,0,0,155,0,0,0
93,80,4,3378.77107136247,1664.19752587534,0,2,0,153,0,0,0
93,80,5,4621.19695998379,1704.73627211185,0,21,0,156,0,0,1
93,80,6,5699.29556450973,1341.32101180289,0,0,0,174,0,0,1
93,80,7,21856.3094499486,5958.00873529975,0,132,0,164,0,0,0
93,80,8,0,9,0,0,0,0,0,0,0
93,81,1,3737.59263929884,1581.80238516144,0,0,0,95,0,0,0
93,81,2,3449.50554229986,1536.344409842,0,0,0,133,0,0,0
93,81,3,3132.05316608109,1064.94973605237,0,0,0,92,0,0,0
93,81,4,3409.62665506191,1709.56366586548,0,0,0,166,0,0,0
93,81,5,4658.393458797,1526.58233804168,0,7,0,148,0,0,0
93,81,6,5788.48240132374,1641.75286210238,0,0,0,134,0,0,0
93,81,7,21937.1500584234,12085.2908059266,0,132,0,173,0,0,0
93,81,8,0,9,0,0,0,0,0,0,0
93,82,1,3741.19718401623,1339.93526822201,0,0,0,158,0,0,0
93,82,2,3442.69730631428,2156.02552383938,0,0,0,153,0,0,0
93,82,3,3110.45747148895,1162.35063082028,0,0,0,106,0,0,0
93,82,4,3417.09298936706,1702.862625233,0,0,0,164,0,0,0
93,82,5,4685.11525055587,1221.17512735419,0,0,0,152,0,0,0
93,82,6,5854.1000077008,2519.42493444765,0,0,0,163,0,0,0
93,82,7,22011.1199395566,11751.9619835296,0,105,0,203,0,0,0
93,82,8,0,9,0,0,0,0,0,0,0
93,83,1,3733.73521748406,1201.71748719752,0,25,0,101,0,0,0
93,83,2,3446.59608714165,2384.89259170834,0,62,0,135,0,0,0
93,83,3,3107.11485255367,1298.98370456661,0,0,0,116,0,0,0
93,83,4,3407.66929589044,636.629293055264,0,44,0,113,0,0,0
93,83,5,4697.59252167336,2460.25282218264,0,0,0,122,0,0,0
93,83,6,5900.46152286405,1282.99927085413,0,83,0,144,0,0,0
93,83,7,22111.8550117533,8253.78922810145,0,366,0,366,0,0,6
93,83,8,0,9,0,0,0,0,0,0,0
93,84,1,3759.31149531704,1199.19979414026,0,0,0,120,0,0,0
93,84,2,3509.35768743483,1676.42728473045,0,0,0,238,0,0,0
93,84,3,3143.38436742172,1613.53362803488,0,0,0,129,0,0,0
93,84,4,3411.75286248451,1832.6904689673,0,0,0,63,0,0,0
93,84,5,4769.47669791654,1446.76901428214,3,0,0,179,0,0,0
93,84,6,5997.85839179339,2115.45162929992,0,0,0,128,0,0,0
93,84,7,22232.8064873675,7780.79418633533,32,0,0,192,0,0,0
93,84,8,0,9,0,0,0,0,0,0,0
93,85,1,3761.15519179381,1738.36065862126,0,0,0,119,0,0,0
93,85,2,3537.29468725423,890.708759100081,0,0,0,167,0,0,0
93,85,3,3155.26111805058,1232.85193079523,0,0,0,161,0,0,0
93,85,4,3436.03285875833,1561.42437637082,0,0,0,183,0,0,0
93,85,5,4810.17976373338,3498.45754870266,0,0,0,144,0,0,0
93,85,6,6104.83204457275,2929.08870588599,0,0,0,211,0,0,0
93,85,7,22295.9473613949,7377.880744768,25,0,0,189,0,0,1
93,85,8,0,9,0,0,0,0,0,0,0
93,86,1,3798.44942755879,1257.18805379436,0,0,0,169,0,0,0
93,86,2,3546.21841668698,1077.46191478952,0,0,0,89,0,0,0
93,86,3,3174.85975004817,1498.53959331779,0,0,0,123,0,0,0
93,86,4,3482.99599276979,968.130846641546,0,0,0,156,0,0,0
93,86,5,4910.29382883517,1376.21259491976,0,29,0,185,0,0,0
93,86,6,6261.79685003024,3643.4729530861,0,23,0,166,0,0,0
93,86,7,22414.6616122882,10549.3013261717,0,98,0,197,0,0,0
93,86,8,0,9,0,0,0,0,0,0,0
93,87,1,3828.07853376702,1665.34369994429,0,0,0,125,0,0,0
93,87,2,3570.66992137873,1935.27763656316,0,0,0,107,0,0,0
93,87,3,3213.98235733434,1545.4465765789,0,0,0,149,0,0,0
93,87,4,3489.40862408936,1132.22630298743,0,0,0,96,0,0,0
93,87,5,4976.00637993024,1815.52766047218,0,0,0,137,0,0,0
93,87,6,6430.35758846169,3401.72092366657,5,0,0,213,0,0,0
93,87,7,22560.7343030551,10451.7393235912,27,0,0,241,0,0,0
93,87,8,0,9,0,0,0,0,0,0,0
93,88,1,3826.90781868038,1008.07285122806,0,15,0,132,0,0,0
93,88,2,3573.78069281462,1853.14132233503,0,16,0,158,0,0,0
93,88,3,3215.79923576654,961.496959725859,0,7,0,139,0,0,0
93,88,4,3484.84411799012,1805.60376776924,0,0,0,113,0,0,0
93,88,5,5006.07812453959,2037.83346025543,0,16,0,145,0,0,0
93,88,6,6527.35025977386,3459.32218692178,0,90,0,142,0,0,0
93,88,7,22734.481609831,8495.94365679371,0,320,0,340,0,0,0
93,88,8,0,9,0,0,0,0,0,0,0
93,89,1,3825.46317761969,2086.85029167931,0,0,0,100,0,0,0
93,89,2,3602.20080177145,1865.11461157089,0,0,0,185,0,0,0
93,89,3,3204.38728365633,1185.6341761911,0,0,0,96,0,0,0
93,89,4,3517.85586694958,1916.05836717731,0,0,0,180,0,0,0
93,89,5,5071.08404498845,1586.8977760641,0,0,0,186,0,0,0
93,89,6,6679.32267901494,1378.6126170747,6,0,0,214,0,0,0
93,89,7,22837.8944517667,11395.9808577958,31,0,0,220,0,0,0
93,89,8,0,9,0,0,0,0,0,0,0
93,90,1,3878.73944047043,1508.94949758033,0,0,0,200,0,0,0
93,90,2,3636.5851846234,1604.88772321842,0,0,0,180,0,0,0
93,90,3,3199.78406553489,1514.67066406934,0,0,0,118,0,0,0
93,90,4,3546.49019617017,648.209461939355,0,0,0,191,0,0,0
93,90,5,5124.45191436452,2133.78749315595,0,0,0,158,0,0,0
93,90,6,6787.33683572665,2096.73841599747,0,0,0,137,0,0,0
93,90,7,22927.8044086707,14914.9489193423,27,0,0,212,0,0,0
93,90,8,0,9,0,0,0,0,0,0,0
93,91,1,3890.43535204933,1385.27165501397,0,0,0,150,0,0,0
93,91,2,3609.28108163141,1176.48961176799,0,0,0,160,0,0,0
93,91,3,3202.3603112426,1575.45468164998,0,0,0,151,0,0,0
93,91,4,3519.4126228333,702.59638591535,0,0,0,64,0,0,0
93,91,5,5154.62270268788,1829.1567723315,0,0,0,213,0,0,0
93,91,6,6836.09826918678,2302.26132881685,0,0,0,209,0,0,0
93,91,7,22960.4831431148,8380.2362066529,0,80,0,201,0,0,0
93,91,8,0,9,0,0,0,0,0,0,0
93,92,1,3900.92954313836,2142.56311508845,0,1,0,136,0,0,0
93,92,2,3606.51645850366,1386.5938260382,0,0,0,117,0,0,0
93,92,3,3213.50111449934,1402.57723216742,0,0,0,157,0,0,0
93,92,4,3499.55944796895,925.864119582222,0,0,0,70,0,0,0
93,92,5,5194.4439639149,1744.35033587194,0,12,0,156,0,0,0
93,92,6,6899.24753754746,3839.83049035313,0,32,0,155,0,0,0
93,92,7,23115.8746402976,7768.20344279982,0,233,0,325,0,0,0
93,92,8,0,9,0,0,0,0,0,0,0
93,93,1,3914.23459703492,1481.11311889424,0,31,0,146,0,0,0
93,93,2,3616.35293786571,2212.31204964274,0,0,0,138,0,0,0
93,93,3,3200.7207652013,1107.97495047698,0,0,0,140,0,0,0
93,93,4,3497.37187241994,1350.15810744088,0,0,0,92,0,0,0
93,93,5,5247.20116495332,2908.05359138378,0,9,0,154,0,0,0
93,93,6,7014.32101131845,1476.54909799001,0,99,0,166,0,0,0
93,93,7,23209.9798284301,13245.5344071386,1,183,0,193,0,0,19
93,93,8,0,9,0,0,0,0,0,0,0
93,94,1,3906.89754278169,2352.40875962296,0,0,0,148,0,0,0
93,94,2,3626.90467623195,1312.13846346264,0,0,0,198,0,0,0
93,94,3,3190.81983304923,1189.31822441819,0,0,0,110,0,0,0
93,94,4,3474.99777734682,1264.72037770463,0,0,0,135,0,0,0
93,94,5,5289.24366055389,2427.85772910134,2,0,0,195,0,0,0
93,94,6,7065.96326229123,3286.40984142087,0,0,0,147,0,0,0
93,94,7,23266.1714719989,14086.6109510079,29,0,0,212,0,0,0
93,94,8,0,9,0,0,0,0,0,0,0
93,95,1,3947.27699519443,2465.37544104892,0,1,0,210,0,0,0
93,95,2,3624.64281995425,1674.26695090477,0,0,0,131,0,0,0
93,95,3,3189.62524320547,1401.93240994805,0,0,0,118,0,0,0
93,95,4,3480.16458508009,999.274489381173,0,0,0,126,0,0,0
93,95,5,5325.32207227771,2000.96258562311,0,3,0,173,0,0,0
93,95,6,7195.55306899292,2348.53790225361,0,6,0,207,0,0,0
93,95,7,23357.4249069526,3844.51907662979,0,66,0,181,0,0,0
93,95,8,0,9,0,0,0,0,0,0,0
93,96,1,3965.34347645713,1267.798459388,0,37,0,156,0,0,0
93,96,2,3648.1362892118,1192.98491340235,0,3,0,158,0,0,0
93,96,3,3181.77668091777,1051.45406235635,0,0,0,139,0,0,0
93,96,4,3470.42022977953,1213.71149941628,0,0,0,99,0,0,0
93,96,5,5352.09653604019,2346.24089670057,0,21,0,149,0,0,0
93,96,6,7300.12922965063,3984.38176725479,0,43,0,131,0,0,0
93,96,7,23412.6232598513,5967.95044095657,0,91,0,166,0,0,0
93,96,8,0,9,0,0,0,0,0,0,0
93,97,1,3979.47114660687,2725.73730986555,0,0,0,126,0,0,0
93,97,2,3635.72373527555,1673.91906403307,0,0,0,119,0,0,0
93,97,3,3171.4025376623,1069.38377845565,0,0,0,105,0,0,0
93,97,4,3469.99029012458,1535.56876882506,0,0,0,121,0,0,0
93,97,5,5449.74175455246,2014.50567866203,1,0,0,207,0,0,0
93,97,6,7442.70912850387,4144.43961038729,13,0,0,208,0,0,0
93,97,7,23481.6979515907,10744.4454269351,26,0,0,203,0,0,0
93,97,8,0,9,0,0,0,0,0,0,0
93,98,1,4031.48366663714,1183.6345499505,1,0,0,212,0,0,0
93,98,2,3672.80962009993,1976.29178245853,0,0,0,167,0,0,0
93,98,3,3171.67312731492,1684.4538666274,0,0,0,106,0,0,0
93,98,4,3488.68529840697,1548.21795122749,0,0,0,153,0,0,0
93,98,5,5547.98517772273,2513.92235116386,0,0,0,201,0,0,0
93,98,6,7692.42615808797,3454.8657771098,0,4,0,240,0,0,0
93,98,7,23612.0539082703,10303.0158355255,8,16,0,218,0,0,0
93,98,8,0,9,0,0,0,0,0,0,0
93,99,1,4035.41743862615,1348.62347574701,0,0,0,118,0,0,0
93,99,2,3704.5789749633,948.062717057754,0,16,0,162,0,0,0
93,99,3,3204.10025230808,1147.1414919512,0,0,0,168,0,0,0
93,99,4,3523.45238314114,637.691252441139,0,6,0,141,0,0,0
93,99,5,5612.21360680063,2145.98124611001,0,56,0,128,0,0,0
93,99,6,7828.55275539625,2723.31450865114,0,88,0,151,0,0,0
93,99,7,23789.508087911,8134.69454811179,0,323,0,315,0,0,0
93,99,8,0,9,0,0,0,0,0,0,0
93,100,1,4049.70588051175,1111.87379503376,0,0,0,134,0,0,0
93,100,2,3714.79624097156,1098.90645360299,0,0,0,94,0,0,0
93,100,3,3192.73340907418,1743.40567026461,0,0,0,114,0,0,0
93,100,4,3516.32558764833,1817.89677482491,0,0,0,63,0,0,0
93,100,5,5694.57768828098,3421.50806350236,0,0,0,203,0,0,0
93,100,6,8124.49637615458,2560.35446226972,3,0,0,186,0,0,0
93,100,7,23919.0983872446,11707.2471387652,31,0,0,197,0,0,0
93,100,8,0,9,0,0,0,0,0,0,0
94,1,1,2742.144,1232.83359086486,0,0,0,42,0,0,0
94,1,2,2739.4976,1662.63751723743,0,0,0,26,0,0,0
94,1,3,2747.616,1854.37822693054,0,0,0,79,0,0,0
94,1,4,2747.6176,834.068990448229,0,0,0,71,0,0,0
94,1,5,2751.36,830.551229026554,0,0,0,95,0,0,0
94,1,6,2754.8864,988.003195870131,0,0,0,81,0,0,0
94,1,7,20662.3967999999,11643.9417374286,0,0,0,35,0,0,0
94,1,8,0,3,0,0,0,69,0,0,0
94,2,1,2753.616,826.447294207799,0,0,0,123,0,0,0
94,2,2,2760.2272,1184.1388079679,0,0,0,166,0,0,0
94,2,3,2771.56,827.542888746675,0,0,0,185,0,0,0
94,2,4,2751.4192,1971.65250715921,0,0,0,83,0,0,0
94,2,5,2755.776,2063.11752671027,0,0,0,83,0,0,0
94,2,6,2763.84,1194.95922214564,0,0,0,98,0,0,0
94,2,7,20611.1583999998,5273.13764283871,0,24,0,212,0,0,0
94,2,8,0,3,0,0,0,0,0,0,0
94,3,1,2752.88,1228.93336357843,34,0,0,48,0,0,0
94,3,2,2754.5888,1101.20054249138,64,0,0,54,0,0,0
94,3,3,2768.4976,1223.3815591988,36,0,0,46,0,0,0
94,3,4,2758.8832,1605.68487929298,101,0,0,96,0,0,0
94,3,5,2765.192,1084.90070367862,89,0,0,117,0,0,0
94,3,6,2766.456,1271.89670933564,58,0,0,61,0,0,0
94,3,7,20554.4431999998,9329.38798236724,209,2,0,168,0,0,1
94,3,8,0,3,0,0,0,0,0,0,0
94,4,1,2762.2,814.06367318054,0,0,0,122,0,0,0
94,4,2,2762.3568,1081.7349534112,0,0,0,110,0,0,0
94,4,3,2785.2832,1238.46349357975,0,0,0,122,0,0,0
94,4,4,2784.9296,743.858017737384,0,0,0,160,0,0,0
94,4,5,2782.60639999999,1355.57722490528,0,0,0,108,0,0,0
94,4,6,2784.0896,1317.72178425777,0,0,0,127,0,0,0
94,4,7,20491.4831999997,5059.39661054562,46,0,0,209,0,0,0
94,4,8,0,3,0,0,0,0,0,0,0
94,5,1,2750.29568,573.610768059327,0,42,0,39,0,0,0
94,5,2,2756.144,866.527749963947,0,60,0,48,0,0,0
94,5,3,2785.8432,613.967645439704,0,63,0,60,0,0,0
94,5,4,2785.224,972.842691137867,0,35,0,39,0,0,0
94,5,5,2793.0128,1522.82303071628,0,53,0,82,0,0,0
94,5,6,2787.8592,1373.0471415262,0,60,0,71,0,0,0
94,5,7,20431.5948799996,4681.86405212112,0,229,0,275,0,0,0
94,5,8,0,3,0,0,0,0,0,0,0
94,6,1,2746.66848,1095.46430661864,0,0,0,57,0,0,0
94,6,2,2769.1328,1138.54819480168,0,0,0,86,0,0,0
94,6,3,2796.9472,400.289973391859,0,0,0,61,0,0,0
94,6,4,2804.4,1552.61558002865,0,0,0,97,0,0,0
94,6,5,2824.18879999999,1236.9693545771,0,0,0,152,0,0,0
94,6,6,2813.2736,410.379226475917,0,0,0,137,0,0,0
94,6,7,20396.3430399995,7137.15953006053,30,0,0,185,0,0,0
94,6,8,0,3,0,0,0,0,0,0,0
94,7,1,2755.8563328,1861.27446043838,0,0,0,109,0,0,0
94,7,2,2785.47936,1572.33192093941,0,0,0,113,0,0,0
94,7,3,2803.1408,992.035901711384,0,0,0,40,0,0,0
94,7,4,2836.5728,1527.28002266421,0,0,0,155,0,0,0
94,7,5,2850.87232,958.974832852898,0,0,0,123,0,0,0
94,7,6,2818.2416,914.973986757477,0,0,0,41,0,0,0
94,7,7,20373.9397759994,11125.5419357683,29,0,0,196,0,0,0
94,7,8,0,3,0,0,0,0,0,0,0
94,8,1,2777.3558528,872.307297906773,0,0,0,185,0,0,0
94,8,2,2807.85248,715.8660547701,0,0,0,157,0,0,0
94,8,3,2819.76,591.198185117616,0,0,0,99,0,0,0
94,8,4,2864.664,779.737422829429,0,0,0,152,0,0,0
94,8,5,2869.90432,872.010064430926,0,0,0,95,0,0,0
94,8,6,2834.25952,705.621404293265,0,0,0,91,0,0,0
94,8,7,20340.6471039993,9615.72042908192,34,0,0,168,0,0,0
94,8,8,0,3,0,0,0,0,0,0,0
94,9,1,2781.7799168,1244.0761574309,0,0,0,87,0,0,0
94,9,2,2813.592,900.791199843482,0,0,0,71,0,0,0
94,9,3,2823.92672,786.360275329653,0,0,0,59,0,0,0
94,9,4,2878.4832,1291.2653523613,0,0,0,77,0,0,0
94,9,5,2887.30752,1251.41720552993,0,0,0,87,0,0,0
94,9,6,2845.40512,557.837923034539,0,0,0,70,0,0,0
94,9,7,20323.6403839992,7852.59061820786,41,0,0,235,0,0,1
94,9,8,0,3,0,0,0,0,0,0,0
94,10,1,2791.09134080001,891.234364184862,0,0,0,124,0,0,0
94,10,2,2817.576064,1407.85259354216,0,0,0,90,0,0,0
94,10,3,2832.730304,813.839623569596,0,0,0,78,0,0,0
94,10,4,2900.18048,930.727513147842,0,0,0,129,0,0,0
94,10,5,2908.25568,817.185802593101,0,0,0,125,0,0,0
94,10,6,2852.65504,1148.59123106652,0,0,0,55,0,0,0
94,10,7,20300.5463039992,8459.84445944656,158,0,0,232,0,0,0
94,10,8,0,3,0,0,0,0,0,0,0
94,11,1,2789.59022080001,1352.01009600386,0,0,0,89,0,0,0
94,11,2,2830.17836800001,2109.71008262845,0,0,0,140,0,0,0
94,11,3,2836.387904,665.503297493304,0,0,0,81,0,0,0
94,11,4,2911.8608,1793.50055186831,0,0,0,93,0,0,0
94,11,5,2917.90208,837.641781405864,0,0,0,81,0,0,0
94,11,6,2870.01632,1343.44330738383,0,0,0,114,0,0,0
94,11,7,20279.4497919991,6453.43653994608,161,0,0,198,0,0,0
94,11,8,0,3,0,0,0,0,0,0,0
94,12,1,2795.80942080001,1074.61059871119,0,0,0,135,0,0,0
94,12,2,2844.702144,579.867256937599,7,0,0,183,0,0,0
94,12,3,2835.421824,1116.7731367182,0,0,0,66,0,0,0
94,12,4,2934.308864,1734.37776618899,1,0,0,172,0,0,3
94,12,5,2925.9696,418.185622147563,0,0,0,83,0,0,0
94,12,6,2887.49376,1362.90614418197,0,0,0,134,0,0,0
94,12,7,20261.4001919991,9192.07731157847,144,0,0,169,0,0,1
94,12,8,0,3,0,0,0,0,0,0,0
94,13,1,2800.58350080001,733.677147228224,0,0,0,107,0,0,0
94,13,2,2837.86022400001,1308.80410774907,0,0,0,57,0,0,0
94,13,3,2842.12075264,1025.88354669964,0,0,0,111,0,0,0
94,13,4,2960.2384128,2532.75032211097,0,0,0,173,0,0,0
94,13,5,2922.784384,1369.80136110325,0,0,0,41,0,0,0
94,13,6,2910.593664,1737.4663153186,0,0,0,136,0,0,0
94,13,7,20284.152376831,11054.8326847586,56,0,0,286,0,0,0
94,13,8,0,3,0,0,0,0,0,0,0
94,14,1,2796.90595840001,916.9194544145,0,0,0,73,0,0,0
94,14,2,2845.08668416001,592.87634538532,0,0,0,130,0,0,0
94,14,3,2845.36652544001,601.130798342677,0,0,0,102,0,0,0
94,14,4,2988.38959360001,787.76280469744,3,0,0,179,0,0,0
94,14,5,2939.37856,1124.55402342507,0,0,0,136,0,0,0
94,14,6,2941.779008,1392.09773364717,0,0,0,173,0,0,0
94,14,7,20294.887980031,7823.68253811596,39,0,0,286,0,0,0
94,14,8,0,3,0,0,0,0,0,0,0
94,15,1,2794.90162944001,1496.24504356404,0,0,0,91,0,0,0
94,15,2,2831.40975616001,707.176889733275,0,0,0,59,0,0,0
94,15,3,2836.29932800001,1509.09437644132,0,0,0,60,0,0,0
94,15,4,2984.62946560001,1506.34544551094,0,0,0,78,0,0,0
94,15,5,2948.90268160001,1910.11552456692,0,0,0,112,0,0,0
94,15,6,2961.6005248,1025.63783944759,0,0,0,139,0,0,0
94,15,7,20297.1491640309,6533.0051523086,88,0,0,245,0,0,0
94,15,8,0,3,0,0,0,0,0,0,0
94,16,1,2799.15513600001,810.94084550547,0,7,0,132,0,0,0
94,16,2,2824.65673216002,998.178354515542,0,0,0,70,0,0,0
94,16,3,2846.47340492801,742.745814113552,0,0,0,150,0,0,0
94,16,4,2993.42299136001,807.542960463759,0,4,0,141,0,0,0
94,16,5,2969.37483520001,458.897719365078,0,10,0,167,0,0,0
94,16,6,2969.79150080001,1053.36160017675,0,0,0,102,0,0,0
94,16,7,20298.4555320309,8259.57142956794,0,184,0,203,0,0,0
94,16,8,0,3,0,0,0,0,0,0,0
94,17,1,2798.74077952001,1418.51788540448,0,0,0,81,0,0,0
94,17,2,2825.20397056001,1520.94891817782,0,0,0,99,0,0,0
94,17,3,2839.68686192641,2197.30718866288,0,0,0,74,0,0,0
94,17,4,2990.41290496001,1025.89197841753,0,0,0,80,0,0,0
94,17,5,2954.62519091201,353.681672656822,0,0,0,45,0,0,0
94,17,6,2984.69293056001,736.27208692933,0,0,0,105,0,0,0
94,17,7,20336.6400440308,5934.97307290805,28,0,0,234,0,0,0
94,17,8,0,3,0,0,0,0,0,0,0
94,18,1,2808.91543552001,1467.05732340112,0,0,0,141,0,0,0
94,18,2,2829.62649395202,1550.54694516133,0,0,0,152,0,0,0
94,18,3,2865.39662192642,1272.78964136552,0,0,0,219,0,0,0
94,18,4,2986.45845043201,803.383428474073,0,0,0,102,0,0,0
94,18,5,2941.46218291201,2133.8636319598,0,0,0,35,0,0,0
94,18,6,2985.43430656001,817.53689108956,0,0,0,73,0,0,0
94,18,7,20348.2241592308,11465.9552515352,33,0,0,191,0,0,0
94,18,8,0,3,0,0,0,0,0,0,0
94,19,1,2820.06303283201,972.034190087388,0,0,0,146,0,0,0
94,19,2,2832.14219827202,1232.68780161144,0,0,0,155,0,0,0
94,19,3,2862.58241392642,1131.00572886805,0,0,0,127,0,0,0
94,19,4,2984.41132328961,1653.39887592451,0,0,0,80,0,0,0
94,19,5,2960.00058685441,1234.93024294399,0,0,0,196,0,0,0
94,19,6,2988.57802444801,1525.45802175111,0,0,0,81,0,0,0
94,19,7,20361.8601349108,11756.0826431607,34,0,0,199,0,0,0
94,19,8,0,3,0,0,0,0,0,0,0
94,20,1,2821.15777392641,1359.32264238744,0,0,0,97,0,0,0
94,20,2,2840.51328931842,641.647282223959,0,0,0,123,0,0,0
94,20,3,2862.5570073805,1087.84921174033,0,0,0,113,0,0,0
94,20,4,3006.05339637761,1543.67344665241,0,0,0,165,0,0,0
94,20,5,2974.40207899034,469.756498762115,0,0,0,123,0,0,0
94,20,6,3015.02687313921,1479.41520212787,0,0,0,152,0,0,0
94,20,7,20382.0698629107,11073.7017315801,28,0,0,204,0,0,1
94,20,8,0,3,0,0,0,0,0,0,0
94,21,1,2820.50929827841,770.090545909399,0,0,0,135,0,0,0
94,21,2,2829.60483235842,1193.17705623468,0,0,0,64,0,0,0
94,21,3,2857.20161538051,1433.99243462539,0,0,0,108,0,0,0
94,21,4,3014.53657794561,880.380514015815,0,0,0,154,0,0,0
94,21,5,2963.15808283035,1753.805907783,0,0,0,46,0,0,0
94,21,6,3027.60986193921,657.70520496933,0,0,0,147,0,0,0
94,21,7,20384.2507909107,7332.95254111561,0,73,0,187,0,0,0
94,21,8,0,3,0,0,0,0,0,0,0
94,22,1,2812.96359505922,1339.62018262808,0,0,0,77,0,0,0
94,22,2,2823.8932677837,1017.16107972956,0,0,0,119,0,0,0
94,22,3,2862.7088947405,2082.43523581334,0,5,0,136,0,0,0
94,22,4,3013.0289183949,813.638114982783,0,0,0,88,0,0,0
94,22,5,2976.44364827035,1214.75209419045,0,13,0,157,0,0,0
94,22,6,3025.7976889549,1481.0352215342,0,0,0,65,0,0,0
94,22,7,20431.4207877106,5046.88173444651,0,304,0,307,0,0,0
94,22,8,0,3,0,0,0,0,0,0,0
94,23,1,2814.7469875405,774.080243945531,0,0,0,133,0,0,0
94,23,2,2808.25668249192,792.4166149995,0,0,0,101,0,0,0
94,23,3,2875.84817500162,1249.35893769019,2,0,0,169,0,0,0
94,23,4,3001.3532760269,876.359549452621,0,0,0,81,0,0,0
94,23,5,2981.33103643035,865.586569739749,0,0,0,121,0,0,0
94,23,6,3046.3180601549,1154.58032324486,0,0,0,148,0,0,0
94,23,7,20459.9337702386,5218.12640503359,22,0,0,195,0,0,0
94,23,8,0,3,0,0,0,0,0,0,0
94,24,1,2795.2998133965,842.884013074762,0,46,0,31,0,0,0
94,24,2,2785.1268153508,1066.07283556654,0,33,0,46,0,0,0
94,24,3,2864.49723740162,720.679513386547,0,46,0,78,0,0,0
94,24,4,2979.24118573058,1087.24649771876,0,51,0,36,0,0,0
94,24,5,2965.92913383835,841.123206192795,0,37,0,49,0,0,0
94,24,6,3039.8070611149,2653.71834821699,0,58,0,57,0,0,0
94,24,7,20474.7767782386,11099.0647666982,5,142,0,191,0,0,0
94,24,8,0,3,0,0,0,0,0,0,0
94,25,1,2788.8839183565,609.846862629772,0,0,0,84,0,0,0
94,25,2,2788.8812089508,1757.15099226174,0,0,0,106,0,0,0
94,25,3,2856.94192834562,771.504923348004,0,0,0,72,0,0,0
94,25,4,2982.97205825538,1877.48349772172,0,0,0,108,0,0,0
94,25,5,2964.50244635035,1212.02086591653,0,0,0,84,0,0,0
94,25,6,3076.4372307149,2530.4363466892,0,0,0,209,0,0,0
94,25,7,20524.8832102387,11826.8937040902,24,0,0,300,0,0,0
94,25,8,0,3,0,0,0,0,0,0,0
94,26,1,2779.0407874765,774.333906764832,0,0,0,60,0,0,0
94,26,2,2801.8130392228,661.248065364202,0,0,0,175,0,0,0
94,26,3,2848.50616709122,1023.34065727927,0,0,0,77,0,0,0
94,26,4,3002.82722471937,825.273899875707,0,0,0,187,0,0,0
94,26,5,2977.39341543835,708.026155354754,0,0,0,121,0,0,0
94,26,6,3109.33384927643,1132.27265938864,1,0,0,211,0,0,0
94,26,7,20579.9577087987,10683.7890131384,21,0,0,325,0,0,0
94,26,8,0,3,0,0,0,0,0,0,0
94,27,1,2779.08741077403,633.848000365672,0,0,0,77,0,0,0
94,27,2,2788.11591650919,1061.45195228022,0,0,0,66,0,0,0
94,27,3,2847.85766475368,910.260542332878,0,0,0,102,0,0,0
94,27,4,3001.27295922177,669.846310644516,0,0,0,82,0,0,0
94,27,5,2978.64521146042,1767.64157781926,0,0,0,70,0,0,0
94,27,6,3123.95140133275,1385.87877315041,0,0,0,113,0,0,0
94,27,7,20614.2945151987,5102.44693419003,29,0,0,224,0,0,0
94,27,8,0,3,0,0,0,0,0,0,0
94,28,1,2775.48388565403,842.625283669378,0,0,0,63,0,0,0
94,28,2,2787.85103330919,1704.35484903855,0,0,0,106,0,0,0
94,28,3,2847.61864056014,1530.65932252241,0,0,0,91,0,0,0
94,28,4,2993.54589566977,1186.95616630299,0,0,0,66,0,0,0
94,28,5,2999.50145814202,1684.89913160586,12,0,0,153,0,0,0
94,28,6,3148.97064229276,1354.66929987171,0,0,0,138,0,0,0
94,28,7,20640.2872191986,9891.61000997859,165,0,0,195,0,0,0
94,28,8,0,3,0,0,0,0,0,0,0
94,29,1,2783.19576102013,912.868195847673,0,0,0,84,0,0,0
94,29,2,2808.2075559805,467.699852475935,0,0,0,170,0,0,0
94,29,3,2859.45528558635,1681.5670473229,0,0,0,153,0,0,0
94,29,4,3001.57388486248,1594.09321597276,0,0,0,118,0,0,0
94,29,5,3022.51372963858,1773.44662689012,0,0,0,168,0,0,0
94,29,6,3178.30838710274,1410.08912492053,0,0,0,135,0,0,0
94,29,7,20689.1954309106,6874.60533249849,41,0,0,200,0,0,0
94,29,8,0,3,0,0,0,0,0,0,0
94,30,1,2777.09260582013,1060.00768527653,0,0,0,91,0,0,0
94,30,2,2792.71832562402,1223.56789442968,0,0,0,46,0,0,0
94,30,3,2857.74991744042,514.369166042419,30,0,0,126,0,0,0
94,30,4,3006.41467176126,1528.15973160442,10,0,0,145,0,0,0
94,30,5,3030.18864384018,1190.16166523895,40,0,0,121,0,0,0
94,30,6,3198.07281590274,1425.38230683881,1,0,0,139,0,0,0
94,30,7,20720.3274731506,4742.14177258415,287,0,0,259,0,0,6
94,30,8,0,3,0,0,0,0,0,0,0
94,31,1,2772.78498657405,1225.18427749228,0,0,0,106,0,0,0
94,31,2,2786.5444640637,1760.80356498363,0,0,0,122,0,0,0
94,31,3,2838.15739612202,977.149671410261,0,0,0,51,0,0,0
94,31,4,3013.38199028926,1497.43042219031,0,0,0,152,0,0,0
94,31,5,3034.96161536018,1261.66309730233,0,0,0,119,0,0,0
94,31,6,3217.98894159874,1415.97447704515,0,0,0,142,0,0,0
94,31,7,20735.8571371506,10349.1410540807,106,0,0,177,0,0,0
94,31,8,0,3,0,0,0,0,0,0,0
94,32,1,2767.10744591484,961.528791664704,0,0,0,122,0,0,0
94,32,2,2788.52675311453,1300.09603550847,0,0,0,176,0,0,0
94,32,3,2827.1116506833,1133.74049755034,0,0,0,97,0,0,0
94,32,4,3018.89222061816,1092.88151473268,0,0,0,149,0,0,0
94,32,5,3041.03026227218,973.108308265489,0,0,0,126,0,0,0
94,32,6,3236.15627317659,871.826600092105,0,0,0,141,0,0,0
94,32,7,20756.6516459506,13260.5196548989,0,37,0,183,0,0,0
94,32,8,0,3,0,0,0,0,0,0,0
94,33,1,2758.18409089271,1257.28551931737,0,0,0,96,0,0,0
94,33,2,2787.78131351061,1270.80164815994,0,0,0,130,0,0,0
94,33,3,2821.666831979,1619.36470212515,0,0,0,113,0,0,0
94,33,4,3021.07175938276,802.296144716072,0,0,0,109,0,0,0
94,33,5,3051.95166848636,760.134145291929,0,0,0,97,0,0,0
94,33,6,3243.35099875657,1089.09874334285,0,0,0,87,0,0,0
94,33,7,20809.0890634226,11510.3771545372,0,169,0,222,0,0,0
94,33,8,0,3,0,0,0,0,0,0,0
94,34,1,2758.18116714855,1582.41069790058,0,13,0,105,0,0,0
94,34,2,2786.65873711301,845.982051462845,0,0,0,127,0,0,0
94,34,3,2823.41385202694,1467.17054045461,0,13,0,142,0,0,0
94,34,4,3010.40874395482,1563.4448549074,0,0,0,80,0,0,0
94,34,5,3051.56125864289,1830.91946537234,0,0,0,76,0,0,0
94,34,6,3261.94276714825,955.979563076168,0,0,0,108,0,0,0
94,34,7,20863.2384849906,15418.4495340777,5,156,0,188,0,0,1
94,34,8,0,3,0,0,0,0,0,0,0
94,35,1,2729.0033857367,2102.96118807346,0,153,0,5,0,0,0
94,35,2,2752.95575270802,1117.70103326493,0,39,0,45,0,0,0
94,35,3,2799.7830569874,1239.38075853579,0,71,0,75,0,0,0
94,35,4,2996.49046269377,1309.85916837523,0,69,0,87,0,0,0
94,35,5,3049.98900392289,1355.72565238822,0,82,0,101,0,0,0
94,35,6,3256.90725892425,614.283710087641,0,44,0,51,0,0,0
94,35,7,20968.9571206131,14093.4418263762,1,593,0,583,0,0,6
94,35,8,0,3,0,0,0,0,0,0,0
94,36,1,2746.3242251095,1577.82438262284,0,0,0,193,0,0,0
94,36,2,2753.91974245898,974.397608877317,0,0,0,111,0,0,0
94,36,3,2796.04152008767,1343.69234672144,0,0,0,123,0,0,0
94,36,4,3008.59352298453,1499.61792635024,0,0,0,130,0,0,0
94,36,5,3068.16318325089,1239.5485386452,0,0,0,135,0,0,0
94,36,6,3262.40511297865,1245.05794436307,0,0,0,61,0,0,0
94,36,7,21026.0839020531,14457.4725980551,24,0,0,298,0,0,2
94,36,8,0,3,0,0,0,0,0,0,0
94,37,1,2756.40535036262,1084.92480577803,0,0,0,157,0,0,0
94,37,2,2750.03780724234,809.989436930168,0,0,0,97,0,0,0
94,37,3,2799.93532385192,1275.48414918633,0,0,0,134,0,0,0
94,37,4,3017.98455056955,1906.34153816512,0,0,0,149,0,0,0
94,37,5,3082.46723905889,1146.45915825167,0,0,0,123,0,0,0
94,37,6,3281.16639646025,1349.89062046607,0,0,0,124,0,0,0
94,37,7,21054.7045228531,12164.0226508059,21,1,0,192,0,0,0
94,37,8,0,3,0,0,0,0,0,0,0
94,38,1,2763.54874821523,647.583039800387,0,0,0,108,0,0,0
94,38,2,2746.79657171805,1747.98150312076,0,0,0,80,0,0,0
94,38,3,2801.91656234593,984.819840637783,0,0,0,127,0,0,0
94,38,4,3038.89919133347,1269.8373539075,0,0,0,190,0,0,0
94,38,5,3095.51665721697,1302.34705949794,0,0,0,114,0,0,0
94,38,6,3302.59058260297,1910.4253306535,0,0,0,134,0,0,0
94,38,7,21086.3268441279,5710.39385243917,64,0,0,187,0,0,0
94,38,8,0,3,0,0,0,0,0,0,0
94,39,1,2756.39092198373,1271.1881654119,0,0,0,64,0,0,0
94,39,2,2755.15289547613,448.969198937667,12,0,0,147,0,0,0
94,39,3,2801.76611331271,1194.64644466262,0,0,0,98,0,0,0
94,39,4,3042.25509718077,800.938497287076,0,0,0,126,0,0,0
94,39,5,3115.01115624186,1028.38238140802,0,0,0,130,0,0,0
94,39,6,3322.75153418569,905.567646447479,23,0,0,138,0,0,0
94,39,7,21106.9324992703,5681.13617149624,172,0,0,175,0,0,0
94,39,8,0,3,0,0,0,0,0,0,0
94,40,1,2736.81356741196,874.721547967304,125,0,0,2,0,0,0
94,40,2,2736.28936629495,952.159516290841,18,0,0,26,0,0,0
94,40,3,2785.43678528711,1771.23198920625,58,0,0,61,0,0,0
94,40,4,3018.97000371039,1091.46367608553,38,0,0,42,0,0,0
94,40,5,3106.72482616058,1476.21659814984,53,0,0,49,0,0,0
94,40,6,3319.51360131401,1785.92069925107,34,0,0,56,0,0,0
94,40,7,21159.6414067903,8053.03466510661,298,0,0,270,0,0,0
94,40,8,0,3,0,0,0,0,0,0,0
94,41,1,2739.55430650449,1267.81569495241,0,0,0,87,0,0,0
94,41,2,2747.69971240116,2071.31278554031,0,0,0,95,0,0,0
94,41,3,2802.29800702446,938.208202106615,0,0,0,175,0,0,0
94,41,4,3021.19370006049,1812.20806701025,0,0,0,109,0,0,0
94,41,5,3130.08889105719,694.966155151807,0,0,0,147,0,0,0
94,41,6,3355.77594892289,947.47622753465,1,0,0,164,0,0,0
94,41,7,21210.0464470206,9952.87093756963,53,0,0,219,0,0,0
94,41,8,0,3,0,0,0,0,0,0,0
94,42,1,2749.91713167052,1792.79252614876,0,0,0,126,0,0,0
94,42,2,2771.35716948697,825.055313022822,0,0,0,194,0,0,0
94,42,3,2797.36425083388,1126.24663848908,0,0,0,93,0,0,0
94,42,4,3055.74779346427,1623.56877481655,0,0,0,181,0,0,0
94,42,5,3124.72398941643,1390.74214116179,0,0,0,69,0,0,0
94,42,6,3368.38186408675,1127.55316207679,0,0,0,94,0,0,0
94,42,7,21251.3141514635,6096.58412809414,42,0,0,204,0,0,0
94,42,8,0,3,0,0,0,0,0,0,0
94,43,1,2763.40061179498,982.158023822201,6,0,0,156,0,0,0
94,43,2,2762.02096843891,1613.56790667719,0,0,0,82,0,0,0
94,43,3,2800.608406016,1027.73316122622,0,0,0,112,0,0,0
94,43,4,3069.12606036643,756.48322314936,0,0,0,162,0,0,0
94,43,5,3149.63799747843,1142.76992296628,0,0,0,139,0,0,0
94,43,6,3384.41342694114,1081.82737929391,0,0,0,112,0,0,0
94,43,7,21257.484220906,7263.58645171922,124,0,0,187,0,0,0
94,43,8,0,3,0,0,0,0,0,0,0
94,44,1,2766.0094858242,1131.86785145309,0,0,0,98,0,0,0
94,44,2,2778.11454159453,631.124782465279,0,0,0,160,0,0,0
94,44,3,2793.87085038915,1568.97123609304,0,0,0,102,0,0,0
94,44,4,3057.51850406726,804.942382378385,0,0,0,75,0,0,0
94,44,5,3165.18687500359,1371.61269671538,0,0,0,114,0,0,0
94,44,6,3396.69492232521,1528.71987352599,0,0,0,108,0,0,0
94,44,7,21284.766051474,5919.62075869486,0,37,0,198,0,0,0
94,44,8,0,3,0,0,0,0,0,0,0
94,45,1,2757.65036531732,1080.35222681486,0,67,0,46,0,0,0
94,45,2,2747.78930527894,874.864069135853,0,30,0,33,0,0,0
94,45,3,2777.30615230782,749.923633746959,0,80,0,76,0,0,0
94,45,4,3036.24832151079,1209.05425917222,0,41,0,39,0,0,0
94,45,5,3151.32736397874,1516.62630155034,0,96,0,41,0,0,0
94,45,6,3399.21815912777,1163.34531906833,0,75,0,77,0,0,0
94,45,7,21310.0479749391,10847.7047329192,0,305,0,285,0,0,0
94,45,8,0,3,0,0,0,0,0,0,0
94,46,1,2757.49938215076,1468.59956568957,0,0,0,108,0,0,0
94,46,2,2745.56484054121,792.123996095877,0,0,0,87,0,0,0
94,46,3,2768.43256557147,900.092884809374,0,0,0,74,0,0,0
94,46,4,3049.15616387828,867.534105739744,0,0,0,120,0,0,0
94,46,5,3177.20170379826,1301.04384456947,0,0,0,151,0,0,0
94,46,6,3425.84531511215,1120.52388122148,0,0,0,116,0,0,0
94,46,7,21350.4551173391,10627.0769651836,30,0,0,204,0,0,0
94,46,8,0,3,0,0,0,0,0,0,0
94,47,1,2768.67990704439,1557.96486821332,0,0,0,146,0,0,0
94,47,2,2740.93358374569,1537.47737271203,0,0,0,79,0,0,0
94,47,3,2771.5241041583,1042.16370197145,0,0,0,90,0,0,0
94,47,4,3052.99623091751,1175.87889230799,0,0,0,86,0,0,0
94,47,5,3205.31629972176,1402.18426496075,0,0,0,130,0,0,0
94,47,6,3449.70867969967,1541.00092929619,0,0,0,112,0,0,0
94,47,7,21415.8943837455,10569.7926157974,22,0,0,226,0,0,3
94,47,8,0,3,0,0,0,0,0,0,0
94,48,1,2786.0195067748,1143.89719911599,0,0,0,155,0,0,0
94,48,2,2759.13256086359,1854.32559266517,0,0,0,153,0,0,0
94,48,3,2781.47207425872,1740.80270673336,0,0,0,104,0,0,0
94,48,4,3064.54675398507,1222.70441930152,0,0,0,117,0,0,0
94,48,5,3233.46085004499,1687.28943615883,0,0,0,140,0,0,0
94,48,6,3489.43482186138,1545.056697491,0,0,0,154,0,0,0
94,48,7,21493.9709017359,5042.522450782,24,0,0,269,0,0,5
94,48,8,0,3,0,0,0,0,0,0,0
94,49,1,2788.48577400426,1335.13318617673,0,0,0,114,0,0,0
94,49,2,2777.22541211812,920.12691485718,0,0,0,185,0,0,0
94,49,3,2793.55567477457,1282.82145953535,4,0,0,156,0,0,0
94,49,4,3071.76718825651,828.520037883569,0,0,0,122,0,0,0
94,49,5,3259.62009238739,1657.95653697121,2,0,0,156,0,0,0
94,49,6,3519.08997181113,2005.89260978535,0,0,0,154,0,0,0
94,49,7,21522.3078290047,7167.0832695183,76,0,0,183,0,0,0
94,49,8,0,3,0,0,0,0,0,0,0
94,50,1,2801.024790932,2110.10763088442,0,0,0,133,0,0,0
94,50,2,2774.16174338995,1096.21174587485,0,0,0,92,0,0,0
94,50,3,2812.49621037925,934.54927165057,0,0,0,128,0,0,0
94,50,4,3071.17919153536,1656.01111502144,0,0,0,82,0,0,0
94,50,5,3309.95246393235,979.999756550314,0,0,0,165,0,0,0
94,50,6,3576.7462289834,1501.41047812994,0,0,0,199,0,0,0
94,50,7,21564.9937104879,4390.32601121856,54,0,0,177,0,0,0
94,50,8,0,3,0,0,0,0,0,0,0
94,51,1,2809.67306820171,899.805920539897,35,0,0,137,0,0,0
94,51,2,2771.81522287273,1281.39522124498,0,0,0,109,0,0,0
94,51,3,2813.09831148061,1275.27393185506,0,0,0,93,0,0,0
94,51,4,3091.7789212997,1721.2246508415,0,0,0,165,0,0,0
94,51,5,3317.10463236397,1767.82590898296,0,0,0,97,0,0,0
94,51,6,3607.42959698986,638.298530249261,1,0,0,148,0,0,0
94,51,7,21588.749122247,12338.5267047909,136,0,0,153,0,0,0
94,51,8,0,3,0,0,0,0,0,0,0
94,52,1,2808.66164078746,881.428576601582,0,0,0,89,0,0,0
94,52,2,2781.44938833116,1319.21255118334,0,0,0,128,0,0,0
94,52,3,2819.23072944543,1444.30560094693,0,0,0,127,0,0,0
94,52,4,3120.90781726831,965.980834458267,0,0,0,172,0,0,0
94,52,5,3357.88239185951,1062.36996601817,0,0,0,176,0,0,0
94,52,6,3619.97705857729,2257.77112770328,0,0,0,63,0,0,0
94,52,7,21641.7994766063,8028.89764676407,39,0,0,191,0,0,0
94,52,8,0,3,0,0,0,0,0,0,0
94,53,1,2817.4000714923,851.799751484328,0,0,0,88,0,0,0
94,53,2,2785.94239517966,893.253178256345,0,0,0,131,0,0,0
94,53,3,2836.06368279268,545.228137309645,1,0,0,141,0,0,0
94,53,4,3130.74555795751,1625.18630961111,0,0,0,96,0,0,0
94,53,5,3369.66673690327,1565.83138585567,0,0,0,106,0,0,0
94,53,6,3670.19873218921,2388.04590115235,22,0,0,167,0,0,0
94,53,7,21710.0456158446,12365.3270771914,224,0,0,220,0,0,0
94,53,8,0,3,0,0,0,0,0,0,0
94,54,1,2813.17445725199,722.155554947928,0,0,0,85,0,0,0
94,54,2,2775.84707903902,1236.53569808339,0,0,0,89,0,0,0
94,54,3,2821.38092681275,980.888159798339,0,0,0,54,0,0,0
94,54,4,3140.52731083835,1109.19868258124,0,0,0,162,0,0,0
94,54,5,3386.24499373786,908.814172782688,0,0,0,156,0,0,0
94,54,6,3716.10406660297,1239.3699624627,2,0,0,200,0,0,0
94,54,7,21755.172398329,11199.4233152736,50,0,0,252,0,0,0
94,54,8,0,3,0,0,0,0,0,0,0
94,55,1,2809.08438258361,1311.39800856907,0,0,0,72,0,0,0
94,55,2,2794.43021182851,779.870830595125,0,0,0,123,0,0,0
94,55,3,2820.00499713961,1577.08292845529,0,0,0,98,0,0,0
94,55,4,3147.19723904833,1115.19417184911,0,0,0,110,0,0,0
94,55,5,3413.21838440495,1941.08966644704,0,0,0,90,0,0,0
94,55,6,3765.40057336817,2733.34718087334,0,0,0,123,0,0,0
94,55,7,21850.5355570117,9875.93644640894,53,0,0,230,0,0,0
94,55,8,0,3,0,0,0,0,0,0,0
94,56,1,2831.31115159131,406.181252142043,0,0,0,131,0,0,0
94,56,2,2787.60348329522,655.269899630445,0,0,0,77,0,0,0
94,56,3,2836.88316113112,816.296995930084,6,0,0,147,0,0,0
94,56,4,3146.67321468697,1492.2229351077,0,0,0,111,0,0,0
94,56,5,3451.59937094662,1264.74734810095,32,0,0,139,0,0,0
94,56,6,3829.08459376308,1847.94771965264,66,0,0,161,0,0,0
94,56,7,21947.3749546298,6470.31134851267,206,3,0,220,0,0,20
94,56,8,0,3,0,0,0,0,0,0,0
94,57,1,2808.48530897212,1204.11338378136,0,0,0,40,0,0,0
94,57,2,2766.03829334464,1304.15578392795,0,0,0,65,0,0,0
94,57,3,2813.60418865388,1354.91259215749,0,0,0,81,0,0,0
94,57,4,3150.86901124001,1470.10924977147,0,9,0,133,0,0,0
94,57,5,3472.59768992218,2028.97700685959,0,0,0,126,0,0,0
94,57,6,3877.48163532889,1559.56818840596,0,9,0,168,0,0,0
94,57,7,22011.4944715885,11452.9071556347,0,225,0,242,0,0,0
94,57,8,0,3,0,0,0,0,0,0,0
94,58,1,2809.90797549564,1982.50021135038,0,0,0,120,0,0,0
94,58,2,2763.5586284238,1314.33806826951,0,0,0,130,0,0,0
94,58,3,2811.2013121075,922.069036176665,0,0,0,135,0,0,0
94,58,4,3161.93558584409,580.923185558499,0,0,0,147,0,0,0
94,58,5,3516.53506893128,1077.38602163332,0,0,0,200,0,0,0
94,58,6,3933.57233177991,595.047500076682,0,0,0,155,0,0,0
94,58,7,22085.082918673,9308.33292248215,0,107,0,207,0,0,0
94,58,8,0,3,0,0,0,0,0,0,0
94,59,1,2839.95975042936,893.78590393421,0,8,0,174,0,0,0
94,59,2,2760.41097233526,1677.51745503086,0,0,0,131,0,0,0
94,59,3,2798.1615016157,1498.76983864053,0,0,0,92,0,0,0
94,59,4,3138.48111987115,1729.09912583888,0,0,0,58,0,0,0
94,59,5,3532.65785057275,1716.25438109916,0,0,0,107,0,0,0
94,59,6,3945.24039607326,2039.96142481095,0,0,0,59,0,0,0
94,59,7,22239.1493275863,9458.36384154766,0,205,0,313,0,0,0
94,59,8,0,3,0,0,0,0,0,0,0
94,60,1,2833.25807376425,1199.4736725028,0,10,0,77,0,0,0
94,60,2,2749.18608592213,1274.97197522396,0,38,0,122,0,0,0
94,60,3,2789.30167743642,1366.80521936429,0,29,0,114,0,0,0
94,60,4,3136.88351707192,975.693298612547,0,49,0,114,0,0,0
94,60,5,3544.71976611897,579.427039278093,0,46,0,116,0,0,0
94,60,6,3978.27810640372,1567.77782164092,0,57,0,135,0,0,0
94,60,7,22314.9691845005,13856.308913193,2,261,0,251,0,0,11
94,60,8,0,3,0,0,0,0,0,0,0
94,61,1,2833.64635273814,1679.32334131646,0,0,0,119,0,0,0
94,61,2,2740.6597492952,900.24147525612,0,0,0,127,0,0,0
94,61,3,2788.22075882049,1324.56288569254,0,0,0,136,0,0,0
94,61,4,3128.85577963146,2134.14250479686,0,0,0,97,0,0,0
94,61,5,3542.0585701129,1262.29574094314,0,0,0,57,0,0,0
94,61,6,4016.73550522515,2577.52421785367,0,0,0,156,0,0,0
94,61,7,22357.7214050783,11305.4903235634,26,1,0,230,0,0,0
94,61,8,0,3,0,0,0,0,0,0,0
94,62,1,2878.92167063439,1284.38855247324,0,0,0,167,0,0,0
94,62,2,2732.25039794984,706.78900986692,0,0,0,90,0,0,0
94,62,3,2796.58725335313,743.642760217895,0,0,0,132,0,0,0
94,62,4,3186.31298414204,1043.11467262443,0,0,0,210,0,0,0
94,62,5,3587.24492843196,1047.05892231845,0,0,0,126,0,0,0
94,62,6,4112.3631040838,883.645290139974,1,0,0,191,0,0,0
94,62,7,22479.7883456964,12021.8326148871,26,0,0,221,0,0,0
94,62,8,0,3,0,0,0,0,0,0,0
94,63,1,2885.19494272573,669.437119916083,0,0,0,128,0,0,0
94,63,2,2714.97450477675,893.254135229284,0,0,0,70,0,0,0
94,63,3,2774.61747114837,1173.74137090698,0,0,0,74,0,0,0
94,63,4,3183.5353896307,230.293818678851,0,0,0,104,0,0,0
94,63,5,3585.60538479884,929.057035122007,0,0,0,104,0,0,0
94,63,6,4129.92817485485,1587.91228459151,0,0,0,88,0,0,0
94,63,7,22522.1116301353,7208.48628372745,23,0,0,222,0,0,0
94,63,8,0,3,0,0,0,0,0,0,0
94,64,1,2858.16060136709,360.13414414817,56,0,0,10,0,0,0
94,64,2,2694.65405357203,1220.95803042142,41,0,0,48,0,0,0
94,64,3,2755.72690144656,1405.28169137426,54,0,0,63,0,0,0
94,64,4,3155.74427900895,416.347969576115,22,0,0,1,0,0,0
94,64,5,3585.96460523276,1845.942898761,36,0,0,56,0,0,0
94,64,6,4141.09469216049,1008.10388374937,71,0,0,87,0,0,0
94,64,7,22574.1592605728,11198.3830924252,202,3,0,222,0,0,1
94,64,8,0,3,0,0,0,0,0,0,0
94,65,1,2832.96209936302,918.900232991498,0,0,0,36,0,0,0
94,65,2,2693.54702991171,740.30312953566,0,0,0,122,0,0,0
94,65,3,2758.54463044122,671.155785395397,0,0,0,140,0,0,0
94,65,4,3133.55220297559,1736.30702057673,0,0,0,41,0,0,0
94,65,5,3624.89561069037,554.991511595599,0,0,0,184,0,0,0
94,65,6,4165.17841707173,794.318924043138,0,0,0,100,0,0,0
94,65,7,22594.9592144209,10431.9026550238,0,44,0,192,0,0,0
94,65,8,0,3,0,0,0,0,0,0,0
94,66,1,2809.48269861649,1408.39790038272,0,64,0,27,0,0,0
94,66,2,2677.57378913796,951.541393840908,0,35,0,39,0,0,0
94,66,3,2732.58820904033,1311.59695571335,0,26,0,41,0,0,0
94,66,4,3124.37276559903,1637.82691375762,0,91,0,82,0,0,0
94,66,5,3620.1100895393,2015.86259111923,0,26,0,29,0,0,0
94,66,6,4162.53491084076,2282.73104094299,0,39,0,40,0,0,0
94,66,7,22638.1476194844,6956.05818319914,8,216,0,213,0,0,1
94,66,8,0,3,0,0,0,0,0,0,0
94,67,1,2828.81103481612,1284.63351894194,0,0,0,140,0,0,0
94,67,2,2676.37647354985,529.646306197695,0,0,0,95,0,0,0
94,67,3,2742.53945224294,1102.70757688468,0,0,0,131,0,0,0
94,67,4,3141.22478453737,986.309393528721,0,0,0,163,0,0,0
94,67,5,3663.41003916175,1441.29876214165,0,0,0,201,0,0,0
94,67,6,4232.91313633526,1848.37536120213,0,0,0,228,0,0,0
94,67,7,22688.4003271111,9250.78897662525,28,0,0,202,0,0,0
94,67,8,0,3,0,0,0,0,0,0,0
94,68,1,2839.96619038598,1434.11264059741,0,0,0,128,0,0,0
94,68,2,2665.83122710763,774.657278248529,0,0,0,52,0,0,0
94,68,3,2745.30839605506,805.227567986847,0,0,0,110,0,0,0
94,68,4,3152.87689131848,1695.81421945749,0,0,0,98,0,0,0
94,68,5,3701.97584850311,1233.92178597745,0,0,0,144,0,0,0
94,68,6,4296.70628687249,1967.3010321717,0,0,0,184,0,0,0
94,68,7,22752.9289336087,11576.4428776606,26,0,0,214,0,0,0
94,68,8,0,3,0,0,0,0,0,0,0
94,69,1,2877.72767909064,1002.30325733851,0,0,0,143,0,0,0
94,69,2,2668.86868241275,814.984025283434,0,0,0,77,0,0,0
94,69,3,2742.07031545898,1162.61750493824,0,0,0,80,0,0,0
94,69,4,3188.11771299943,1136.71041350837,0,0,0,169,0,0,0
94,69,5,3756.31897511921,1046.43640025146,0,0,0,123,0,0,0
94,69,6,4378.24080409662,1975.07579641349,0,0,0,196,0,0,0
94,69,7,22850.6640518574,7235.66650002025,27,0,0,201,0,0,0
94,69,8,0,3,0,0,0,0,0,0,0
94,70,1,2889.80929336709,1198.63122970053,0,0,0,100,0,0,0
94,70,2,2671.90892589632,855.383786564582,0,0,0,81,0,0,0
94,70,3,2749.19649314074,978.758288810187,0,0,0,116,0,0,0
94,70,4,3203.87198402582,1310.05406988998,0,0,0,113,0,0,0
94,70,5,3771.91826688006,591.411212949152,0,0,0,104,0,0,0
94,70,6,4437.70086085764,2330.11406683732,23,0,0,140,0,0,0
94,70,7,22992.7765492526,5445.27769503835,167,0,0,305,0,0,0
94,70,8,0,3,0,0,0,0,0,0,0
94,71,1,2900.18785862186,853.993758636016,0,0,0,119,0,0,0
94,71,2,2667.6097665482,928.632748789509,0,0,0,85,0,0,0
94,71,3,2741.05015747289,1264.44985545853,0,0,0,97,0,0,0
94,71,4,3207.28439972604,1077.20244281099,0,0,0,131,0,0,0
94,71,5,3773.046854908,2097.90457815502,0,0,0,59,0,0,0
94,71,6,4482.07426717389,2250.53199479216,38,0,0,153,0,0,0
94,71,7,23037.6381718427,9340.75367797531,170,0,0,173,0,0,5
94,71,8,0,3,0,0,0,0,0,0,0
94,72,1,2914.10567574181,948.735379414783,0,0,0,85,0,0,0
94,72,2,2675.90539408251,1327.5667627913,0,0,0,92,0,0,0
94,72,3,2750.02072698866,1292.3902680612,0,0,0,126,0,0,0
94,72,4,3230.20923781422,1414.88657328337,0,0,0,107,0,0,0
94,72,5,3828.7338108331,2453.74687592406,0,0,0,189,0,0,0
94,72,6,4578.06650414653,1129.09516361765,1,0,0,191,0,0,0
94,72,7,23166.1974254549,4413.25190391346,45,0,0,217,0,0,0
94,72,8,0,3,0,0,0,0,0,0,0
94,73,1,2894.86029968913,1228.74911291177,0,48,0,46,0,0,0
94,73,2,2655.23058942139,1004.91913406193,0,68,0,64,0,0,0
94,73,3,2723.70426865398,807.17818832318,0,76,0,53,0,0,0
94,73,4,3219.96063175487,1243.49576645765,0,74,0,67,0,0,0
94,73,5,3832.21089391667,1429.13630445431,0,131,0,114,0,0,0
94,73,6,4575.97614815237,1376.70306685766,0,53,0,59,0,0,0
94,73,7,23209.4234316757,7654.11306738324,0,218,0,223,0,0,0
94,73,8,0,3,0,0,0,0,0,0,0
94,74,1,2914.58825189389,530.122565270837,0,0,0,122,0,0,0
94,74,2,2666.23328795333,1067.49051295905,0,0,0,100,0,0,0
94,74,3,2727.03360044499,1179.26060723794,0,0,0,80,0,0,0
94,74,4,3253.48987980753,999.17475702702,0,0,0,124,0,0,0
94,74,5,3880.33754673954,2514.26959143495,0,0,0,142,0,0,0
94,74,6,4636.31983284902,2217.1942355346,0,0,0,137,0,0,0
94,74,7,23321.5058322703,11210.2341065336,24,0,0,278,0,0,1
94,74,8,0,3,0,0,0,0,0,0,0
94,75,1,2919.99325487444,1763.68443169872,0,0,0,53,0,0,0
94,75,2,2689.25257246354,938.871886698399,0,0,0,106,0,0,0
94,75,3,2753.32836222013,1292.77765531075,0,0,0,117,0,0,0
94,75,4,3281.91497581688,1529.668016594,0,0,0,99,0,0,0
94,75,5,4007.86280578046,1066.0578848543,0,0,0,251,0,0,0
94,75,6,4804.56765889322,1896.14499175866,0,0,0,221,0,0,0
94,75,7,23464.3391329082,3453.79227054134,29,0,0,210,0,0,0
94,75,8,0,3,0,0,0,0,0,0,0
94,76,1,2929.40964389053,1000.98178165426,20,0,0,134,0,0,0
94,76,2,2688.46343892011,1190.01950285518,0,0,0,93,0,0,0
94,76,3,2759.82809423082,859.586966805681,0,0,0,129,0,0,0
94,76,4,3299.01169637033,1430.47106387786,7,0,0,138,0,0,0
94,76,5,4040.36001179189,1232.73517371143,0,0,0,106,0,0,0
94,76,6,4855.42235593248,982.114350272601,6,0,0,177,0,0,0
94,76,7,23487.376039574,11753.1882116449,94,0,0,147,0,0,0
94,76,8,0,3,0,0,0,0,0,0,0
94,77,1,2929.77335752774,1033.73261486066,0,0,0,100,0,0,0
94,77,2,2703.25496001664,1612.37153514492,0,0,0,119,0,0,0
94,77,3,2754.32330944478,1344.6003434804,0,0,0,85,0,0,0
94,77,4,3326.51554136486,1470.17707416455,0,0,0,143,0,0,0
94,77,5,4097.80343980282,1051.88154798889,0,0,0,123,0,0,0
94,77,6,4893.08325236809,1820.73891695827,0,0,0,98,0,0,0
94,77,7,23557.9490214632,4045.84504776507,34,0,0,204,0,0,0
94,77,8,0,3,0,0,0,0,0,0,0
94,78,1,2933.55212471751,1593.79504054932,0,0,0,103,0,0,0
94,78,2,2721.04779698749,1383.165912862,5,0,0,146,0,0,0
94,78,3,2764.05988704941,981.469862672373,0,0,0,134,0,0,0
94,78,4,3353.4958782767,1868.37751784751,0,0,0,147,0,0,0
94,78,5,4117.3207870747,1975.10899273319,0,0,0,105,0,0,0
94,78,6,4940.2764531807,1878.20902053497,11,0,0,147,0,0,0
94,78,7,23583.0328323896,16328.29917098,84,0,0,152,0,0,0
94,78,8,0,3,0,0,0,0,0,0,0
94,79,1,2952.8620980045,1052.18288640235,0,0,0,159,0,0,0
94,79,2,2726.60876252963,509.750026913504,0,0,0,138,0,0,0
94,79,3,2762.92001171558,1355.19621654394,0,0,0,98,0,0,0
94,79,4,3375.59777274013,2120.42071291457,0,0,0,186,0,0,0
94,79,5,4169.81549692915,946.40985489812,0,0,0,197,0,0,0
94,79,6,4990.93733394672,2864.87408137754,0,0,0,187,0,0,0
94,79,7,23622.7635608647,13304.2190315946,32,0,0,244,0,0,0
94,79,8,0,3,0,0,0,0,0,0,0
94,80,1,2951.91925234073,853.362843019572,0,0,0,105,0,0,0
94,80,2,2722.53485393489,970.394541512054,0,0,0,50,0,0,0
94,80,3,2762.85709012204,518.241172993696,0,0,0,135,0,0,0
94,80,4,3404.95452525278,630.368785030377,1,0,0,179,0,0,0
94,80,5,4183.93921118323,1650.856255369,0,0,0,94,0,0,0
94,80,6,5045.02994929782,2003.8933888127,3,0,0,167,0,0,0
94,80,7,23655.3670967572,4461.78268118158,38,0,0,192,0,0,0
94,80,8,0,3,0,0,0,0,0,0,0
94,81,1,2956.37782110538,1227.98298698904,10,0,0,73,0,0,0
94,81,2,2720.05200535003,804.765318268212,0,0,0,97,0,0,0
94,81,3,2753.51291879022,1166.6373631375,4,0,0,47,0,0,0
94,81,4,3400.14115666682,2004.52352735354,0,0,0,63,0,0,0
94,81,5,4222.66901699361,1117.59263785206,34,0,0,124,0,0,0
94,81,6,5099.95337371695,856.767187364219,51,0,0,139,0,0,0
94,81,7,23701.6434596411,13439.8048458076,203,0,0,202,0,0,0
94,81,8,0,3,0,0,0,0,0,0,0
94,82,1,2959.63588698528,773.042193900515,0,0,0,122,0,0,0
94,82,2,2706.98673644648,707.072842835377,0,0,0,80,0,0,0
94,82,3,2752.77567147002,1046.60339936132,0,0,0,116,0,0,0
94,82,4,3429.23575868841,1995.88430863514,0,0,0,200,0,0,0
94,82,5,4232.68103400838,1751.81870471727,0,0,0,111,0,0,0
94,82,6,5117.2157724612,1424.90204125327,0,0,0,85,0,0,0
94,82,7,23717.4319034734,6588.9012345219,35,0,0,199,0,0,0
94,82,8,0,3,0,0,0,0,0,0,0
94,83,1,2950.41980969882,1755.63427338741,0,0,0,77,0,0,0
94,83,2,2696.07983644401,872.530215475767,0,0,0,70,0,0,0
94,83,3,2750.50436936253,1124.75977616237,0,0,0,104,0,0,0
94,83,4,3448.81185792916,1564.66972217875,0,0,0,199,0,0,0
94,83,5,4276.37186197432,1968.27981488444,0,0,0,175,0,0,0
94,83,6,5164.78782946765,3809.99183107991,0,0,0,142,0,0,0
94,83,7,23748.97569725,10204.1075759006,60,0,0,198,0,0,0
94,83,8,0,3,0,0,0,0,0,0,0
94,84,1,3028.88085872798,1006.78878350382,0,0,0,175,0,0,0
94,84,2,2708.83287900466,466.547798118905,0,0,0,87,0,0,0
94,84,3,2767.77782966126,818.4136890823,0,0,0,112,0,0,0
94,84,4,3507.60255881277,965.950154329173,0,0,0,156,0,0,0
94,84,5,4390.6072286967,1641.64633869209,0,0,0,196,0,0,0
94,84,6,5327.16750731542,2054.35992158883,7,0,0,228,0,0,0
94,84,7,23882.3293461143,13698.6656413688,42,0,0,214,0,0,0
94,84,8,0,3,0,0,0,0,0,0,0
94,85,1,3029.12208153033,1123.42986686695,0,0,0,100,0,0,0
94,85,2,2697.88618502148,989.23412360113,0,0,0,46,0,0,0
94,85,3,2746.53071363779,812.241869570052,0,0,0,81,0,0,0
94,85,4,3514.61692735036,1518.76606669374,0,0,0,96,0,0,0
94,85,5,4443.66669103139,2542.94913959323,0,0,0,164,0,0,0
94,85,6,5415.20372464255,1379.52322476883,0,0,0,205,0,0,0
94,85,7,23918.7057718038,11145.4169019281,0,47,0,197,0,0,0
94,85,8,0,3,0,0,0,0,0,0,0
94,86,1,3025.50175784482,1582.73146712674,0,0,0,112,0,0,0
94,86,2,2696.65718496339,885.179687092482,0,0,0,98,0,0,0
94,86,3,2735.6054889429,599.748011739231,0,0,0,81,0,0,0
94,86,4,3547.09411458185,1382.50990742544,0,8,0,135,0,0,0
94,86,5,4518.52361070934,2033.87412103339,0,57,0,140,0,0,0
94,86,6,5502.59016152426,2919.33187723707,0,0,0,137,0,0,0
94,86,7,24101.9067927746,10307.5842150146,0,369,0,359,0,0,0
94,86,8,0,3,0,0,0,0,0,0,0
94,87,1,3042.63047545075,775.70722081211,0,0,0,158,0,0,0
94,87,2,2692.37320959698,694.26088224247,0,0,0,88,0,0,0
94,87,3,2721.15128752254,1099.52731685237,0,0,0,59,0,0,0
94,87,4,3585.69306724193,1977.41275122083,0,0,0,138,0,0,0
94,87,5,4631.10735183534,1965.73500192889,0,0,0,200,0,0,0
94,87,6,5648.97458587346,2215.13255417571,0,0,0,283,0,0,0
94,87,7,24218.0450503128,9715.00381991059,31,0,0,190,0,0,0
94,87,8,0,3,0,0,0,0,0,0,0
94,88,1,3073.07777411078,1913.12498837412,0,0,0,77,0,0,0
94,88,2,2702.62712989651,843.375497302158,0,0,0,69,0,0,0
94,88,3,2741.12380645435,1018.7668656093,0,0,0,109,0,0,0
94,88,4,3661.95391037513,1798.11757064502,0,0,0,197,0,0,0
94,88,5,4781.06122140859,2238.57579998644,0,0,0,196,0,0,0
94,88,6,5803.03337816234,3016.84142326201,0,0,0,196,0,0,0
94,88,7,24379.1307146503,10646.932483851,30,0,0,206,0,0,0
94,88,8,0,3,0,0,0,0,0,0,0
94,89,1,3108.26786223775,1353.95834679989,0,0,0,177,0,0,0
94,89,2,2694.52227676063,1063.76973429392,0,0,0,84,0,0,0
94,89,3,2728.71025135241,805.043985006545,0,0,0,101,0,0,0
94,89,4,3711.6619365563,1324.91669508759,0,0,0,179,0,0,0
94,89,5,4853.13117390414,2484.01848747152,0,2,0,185,0,0,0
94,89,6,5901.95304048854,2857.62024480061,0,7,0,179,0,0,0
94,89,7,24450.201421257,8461.32711253567,0,56,0,185,0,0,0
94,89,8,0,3,0,0,0,0,0,0,0
94,90,1,3146.35091151542,2153.27728627431,0,0,0,134,0,0,0
94,90,2,2722.15898679866,1095.03402445129,0,0,0,106,0,0,0
94,90,3,2730.82095079928,1206.2216217175,0,0,0,80,0,0,0
94,90,4,3772.52225981712,1980.10481400281,0,0,0,132,0,0,0
94,90,5,4955.77950549902,1373.32211866945,0,30,0,170,0,0,0
94,90,6,6077.90062326875,3982.07118916104,0,36,0,192,0,0,0
94,90,7,24641.7186075409,11982.5457665512,0,207,0,307,0,0,0
94,90,8,0,3,0,0,0,0,0,0,0
94,91,1,3188.84532005511,1320.75878871903,1,0,0,171,0,0,0
94,91,2,2739.13046016693,1447.59421049162,0,0,0,109,0,0,0
94,91,3,2739.09556120745,1134.3381452875,0,0,0,120,0,0,0
94,91,4,3860.94510745585,1293.48478288741,0,0,0,198,0,0,0
94,91,5,5113.06770565612,2052.4008761968,0,0,0,137,0,0,0
94,91,6,6299.66791455289,2643.19177155041,5,0,0,211,0,0,0
94,91,7,24837.4665220643,17914.9215761605,29,0,0,207,0,0,0
94,91,8,0,3,0,0,0,0,0,0,0
94,92,1,3191.60988620544,921.330332951393,0,0,0,132,0,0,0
94,92,2,2735.46238889635,1635.15599453166,0,0,0,144,0,0,0
94,92,3,2730.40323741248,1191.95740862088,0,0,0,113,0,0,0
94,92,4,3835.8652534758,1045.61521940458,0,0,0,129,0,0,0
94,92,5,5155.32520737535,3223.98358265781,0,0,0,205,0,0,0
94,92,6,6398.63897698169,3804.99194597873,0,0,0,231,0,0,0
94,92,7,24873.4208400673,10445.5446338913,28,0,0,207,0,0,1
94,92,8,0,3,0,0,0,0,0,0,0
94,93,1,3182.79923619679,785.161038892412,0,53,0,39,0,0,0
94,93,2,2748.57559482304,1434.91621948557,0,74,0,89,0,0,0
94,93,3,2735.21670139807,701.943445458248,0,53,0,66,0,0,0
94,93,4,3831.81261453602,2228.83021969527,0,46,0,58,0,0,0
94,93,5,5297.21658948069,2734.67344758052,0,163,0,159,0,0,0
94,93,6,6583.77451399947,1759.14667434004,0,167,0,213,0,0,0
94,93,7,25064.0359277582,5651.85757798055,7,217,0,214,0,0,0
94,93,8,0,3,0,0,0,0,0,0,0
94,94,1,3209.75374200277,1359.23184437743,0,0,0,78,0,0,0
94,94,2,2788.073337436,1078.26870527237,0,0,0,143,0,0,0
94,94,3,2749.42366372035,1534.77248290423,0,0,0,70,0,0,0
94,94,4,3930.20126863228,997.250185198329,0,0,0,218,0,0,0
94,94,5,5487.23780782582,4517.30231609744,3,0,0,228,0,0,0
94,94,6,6775.44658397132,3580.70731678458,0,0,0,175,0,0,0
94,94,7,25235.3028762351,15539.8892334814,30,0,0,198,0,0,0
94,94,8,0,3,0,0,0,0,0,0,0
94,95,1,3205.04205827729,1926.60640235604,0,0,0,135,0,0,0
94,95,2,2787.63250537222,1475.26237365714,0,0,0,107,0,0,0
94,95,3,2764.35623689187,1186.01695407783,0,0,0,153,0,0,0
94,95,4,3939.5753511151,1102.27607163931,0,0,0,99,0,0,0
94,95,5,5566.21479448999,2633.97134446441,5,0,0,191,0,0,0
94,95,6,6882.24144458828,2798.34773493584,1,1,0,199,0,0,0
94,95,7,25309.484258348,12214.4731251676,26,0,0,283,0,0,0
94,95,8,0,3,0,0,0,0,0,0,0
94,96,1,3249.95262064337,1300.43273153993,0,0,0,192,0,0,0
94,96,2,2821.41324027803,1258.75794712027,0,0,0,147,0,0,0
94,96,3,2783.48791965966,1412.92912753928,0,0,0,118,0,0,0
94,96,4,4018.29454621902,2709.98564232908,0,0,0,110,0,0,0
94,96,5,5771.29429341215,2378.48283366126,0,0,0,207,0,0,0
94,96,6,7073.75021649116,2639.58379143679,1,0,0,214,0,0,0
94,96,7,25481.538654051,11261.7218733024,29,0,0,205,0,0,0
94,96,8,0,3,0,0,0,0,0,0,0
94,97,1,3272.53315384322,1128.82428213046,0,0,0,130,0,0,0
94,97,2,2821.31383923741,1087.61530058493,0,0,0,125,0,0,0
94,97,3,2797.61704749379,1652.59167879473,0,0,0,141,0,0,0
94,97,4,4060.97714036303,1422.96011073448,3,0,0,192,0,0,0
94,97,5,5900.5550083297,1834.24431362459,1,0,0,217,0,0,0
94,97,6,7239.58056391258,5111.29402609166,0,0,0,242,0,0,3
94,97,7,25572.8420292909,10732.9895618887,44,0,0,198,0,0,0
94,97,8,0,3,0,0,0,0,0,0,0
94,98,1,3287.91512922176,537.41527323863,0,0,0,112,0,0,0
94,98,2,2827.51950706515,1179.56978224603,0,0,0,108,0,0,0
94,98,3,2825.40244946299,971.434285938798,0,0,0,165,0,0,0
94,98,4,4104.76311219704,1239.50768557062,0,0,0,142,0,0,0
94,98,5,6116.9668786722,2781.19811774826,0,0,0,183,0,0,0
94,98,6,7413.34390055424,2240.25839131435,21,0,0,214,0,0,4
94,98,7,25673.4363814877,5053.23807878921,63,0,0,196,0,0,0
94,98,8,0,3,0,0,0,0,0,0,0
94,99,1,3271.52317205175,1683.68352460384,0,0,0,53,0,0,0
94,99,2,2827.53507248419,761.775660656774,1,0,0,116,0,0,0
94,99,3,2809.09780089188,1247.10260483064,0,0,0,97,0,0,0
94,99,4,4133.36830559858,1306.86041553658,0,0,0,123,0,0,0
94,99,5,6167.30908634088,1115.52689717243,82,0,0,138,0,0,0
94,99,6,7516.76590204844,4183.52219149871,52,0,0,134,0,0,0
94,99,7,25703.2128666456,17076.9687602102,192,0,0,174,0,0,0
94,99,8,0,3,0,0,0,0,0,0,0
94,100,1,3287.86693810601,794.571809986017,0,0,0,168,0,0,0
94,100,2,2819.75055186456,1775.07826297963,0,0,0,76,0,0,0
94,100,3,2809.708653927,1026.31060678242,0,0,0,124,0,0,0
94,100,4,4144.73147451943,2258.39839235841,0,0,0,130,0,0,0
94,100,5,6199.19196750743,1821.58166697459,0,0,0,111,0,0,0
94,100,6,7624.18041046,1762.83990304747,5,0,0,208,0,0,0
94,100,7,25740.2938694506,19189.7280197431,33,0,0,253,0,0,0
94,100,8,0,3,0,0,0,0,0,0,0
95,1,1,2944.504,611.599883737814,0,22,0,0,0,0,0
95,1,2,2937.7456,1500.81287488954,0,41,0,4,0,0,0
95,1,3,2945.6096,1250.09840240116,0,41,0,34,0,0,0
95,1,4,2954.624,1568.80341016717,0,41,0,48,0,0,0
95,1,5,2951.8976,480.520819385687,0,37,0,47,0,0,0
95,1,6,2952.424,438.708951870629,0,46,0,48,0,0,0
95,1,7,19180.3004799999,7075.00643787749,0,51,0,48,0,0,0
95,1,8,0,4,0,48,0,47,0,0,0
95,2,1,2946.2864,387.640557317512,0,0,0,61,0,0,0
95,2,2,2958.1328,1157.99165309237,0,0,0,150,0,0,0
95,2,3,2962.35359999999,997.319933795524,0,0,0,125,0,0,0
95,2,4,2980.82239999999,1395.26079269057,0,0,0,156,0,0,0
95,2,5,2957.1952,1257.31453787637,0,0,0,48,0,0,0
95,2,6,2952.784,1329.81042343978,0,0,0,43,0,0,0
95,2,7,19124.2700799998,12488.2311823292,27,0,0,194,0,0,0
95,2,8,0,4,0,0,0,0,0,0,0
95,3,1,2945.2784,1528.59549899098,0,0,0,38,0,0,0
95,3,2,2971.2384,1075.3587981036,0,0,0,115,0,0,0
95,3,3,2973.70559999999,1261.34973335573,0,0,0,99,0,0,0
95,3,4,3004.95199999999,858.394773019469,0,0,0,139,0,0,0
95,3,5,2975.17599999999,1193.63647671637,0,0,0,125,0,0,0
95,3,6,2972.744,1375.76095831105,0,0,0,132,0,0,0
95,3,7,19069.2716799997,6112.27778419841,27,0,0,202,0,0,0
95,3,8,0,4,0,0,0,0,0,0,0
95,4,1,2966.32991999999,1288.1656316368,0,0,0,152,0,0,0
95,4,2,2984.53408,747.44664731814,0,0,0,107,0,0,0
95,4,3,2991.04159999999,1578.28556433143,0,0,0,126,0,0,0
95,4,4,3015.66399999999,644.933493115912,0,0,0,85,0,0,0
95,4,5,2992.76159999999,1021.48460355838,0,0,0,119,0,0,0
95,4,6,2991.22399999999,1251.33468486024,0,0,0,137,0,0,0
95,4,7,19021.4281599997,5630.58613384514,38,0,0,242,0,0,0
95,4,8,0,4,0,0,0,0,0,0,0
95,5,1,2977.48991999999,1465.26857992311,0,0,0,128,0,0,0
95,5,2,2989.09407999999,1257.70065319393,0,0,0,74,0,0,0
95,5,3,3013.88159999999,1317.86966375268,0,0,0,157,0,0,0
95,5,4,3021.49727999999,850.759266166829,0,0,0,64,0,0,0
95,5,5,3004.32159999999,1196.35262116547,0,0,0,102,0,0,0
95,5,6,3006.33759999999,1358.21003898561,0,0,0,125,0,0,0
95,5,7,18955.4515199996,4611.0681194086,60,0,0,194,0,0,1
95,5,8,0,4,0,0,0,0,0,0,0
95,6,1,2972.98592,1305.53274063143,0,77,0,69,0,0,0
95,6,2,2990.10367999999,1981.08730005003,0,65,0,60,0,0,0
95,6,3,3012.49721599999,1064.91213756206,0,67,0,64,0,0,0
95,6,4,3023.35801599999,1846.28798277552,0,34,0,51,0,0,0
95,6,5,3006.03359999999,1576.56204591664,0,63,0,56,0,0,0
95,6,6,3007.20479999999,785.561649241269,0,82,0,53,0,0,0
95,6,7,18896.7917721595,5998.44685404158,0,237,0,224,0,0,0
95,6,8,0,4,0,0,0,0,0,0,0
95,7,1,2996.445824,1309.89530776684,0,0,0,130,0,0,0
95,7,2,3030.38528,1044.89812320256,0,0,0,192,0,0,0
95,7,3,3033.68761599999,1619.32148628739,0,0,0,106,0,0,0
95,7,4,3063.03545599999,1388.82820192099,0,0,0,181,0,0,0
95,7,5,3039.16159999999,1094.88938727387,0,0,0,157,0,0,0
95,7,6,3020.47679999999,1098.14177149144,0,0,0,78,0,0,0
95,7,7,18878.0634521595,7971.74047869309,36,0,0,204,0,0,1
95,7,8,0,4,0,0,0,0,0,0,0
95,8,1,3017.298304,1795.41471039774,0,0,0,130,0,0,0
95,8,2,3047.62688,454.813756250811,0,0,0,104,0,0,0
95,8,3,3065.21561599999,970.725431074005,0,0,0,161,0,0,0
95,8,4,3090.09823999999,1478.30727962242,0,0,0,138,0,0,0
95,8,5,3060.69119999999,1190.65508838485,0,0,0,109,0,0,0
95,8,6,3039.13151999999,1749.47650290853,0,0,0,109,0,0,0
95,8,7,18868.4628761594,9530.90961063654,26,0,0,226,0,0,4
95,8,8,0,4,0,0,0,0,0,0,0
95,9,1,3047.459584,1778.73296473914,0,0,0,179,0,0,0
95,9,2,3050.34399999999,806.98435390749,0,0,0,45,0,0,0
95,9,3,3082.83321599999,1289.42945574453,0,0,0,97,0,0,0
95,9,4,3118.85055999999,1800.37076467907,0,0,0,147,0,0,0
95,9,5,3080.68159999998,1591.12153366547,0,0,0,119,0,0,0
95,9,6,3071.46399999998,794.99620116331,0,0,0,174,0,0,0
95,9,7,18848.4369561594,6197.77932454722,29,0,0,217,0,0,0
95,9,8,0,4,0,0,0,0,0,0,0
95,10,1,3068.848064,776.217191733529,5,0,0,148,0,0,0
95,10,2,3061.09439999999,1204.90520873921,0,0,0,80,0,0,0
95,10,3,3106.92153599998,1291.29222504105,0,0,0,128,0,0,0
95,10,4,3150.40806399999,1994.01115678579,4,0,0,156,0,0,0
95,10,5,3111.81471999999,552.297629335189,0,0,0,159,0,0,0
95,10,6,3081.70111999998,1316.46124663773,0,0,0,79,0,0,0
95,10,7,18826.9679001594,9029.90151583806,81,0,0,182,0,0,0
95,10,8,0,4,0,0,0,0,0,0,0
95,11,1,3077.357952,1320.38133882771,0,0,0,77,0,0,0
95,11,2,3079.71359999999,1733.62510036398,0,0,0,120,0,0,0
95,11,3,3130.65817599999,1080.35484510098,0,0,0,129,0,0,0
95,11,4,3187.61683199999,899.822401373091,1,0,0,184,0,0,0
95,11,5,3120.54751999999,1329.56228297495,0,0,0,55,0,0,0
95,11,6,3107.29183999999,1435.85637779349,0,0,0,131,0,0,0
95,11,7,18811.5880601593,12070.5928694897,51,0,0,197,0,0,0
95,11,8,0,4,0,0,0,0,0,0,0
95,12,1,3095.195712,869.707480920973,0,0,0,132,0,0,0
95,12,2,3109.58598399999,1030.94464838468,0,0,0,173,0,0,0
95,12,3,3148.96217599999,1268.89372588722,0,0,0,108,0,0,0
95,12,4,3203.32121599999,1346.91311805785,0,0,0,89,0,0,0
95,12,5,3144.26041599999,1023.34853135278,0,0,0,132,0,0,0
95,12,6,3128.77215999999,2279.66149306639,0,0,0,143,0,0,0
95,12,7,18798.9957401593,12215.1800335331,38,0,0,200,0,0,0
95,12,8,0,4,0,0,0,0,0,0,0
95,13,1,3103.434752,610.80607018458,0,0,0,86,0,0,0
95,13,2,3125.23366399999,1110.07271553561,0,0,0,103,0,0,0
95,13,3,3168.84697599999,1268.51878413608,0,0,0,126,0,0,0
95,13,4,3226.81649919999,848.3933322188,0,0,0,134,0,0,0
95,13,5,3160.01593599999,1073.22502789504,0,0,0,102,0,0,0
95,13,6,3170.12799999999,998.345248416242,0,0,0,227,0,0,0
95,13,7,18789.9526041593,2406.32498456253,40,0,0,196,0,0,0
95,13,8,0,4,0,0,0,0,0,0,0
95,14,1,3107.347392,1433.66221352383,0,0,0,61,0,0,0
95,14,2,3139.021824,1349.64718476793,0,0,0,111,0,0,0
95,14,3,3185.87769599999,1549.10661403,12,0,0,111,0,0,0
95,14,4,3237.75512319999,1746.58920169773,1,0,0,83,0,0,0
95,14,5,3175.22073599999,1282.34965062564,7,0,0,98,0,0,0
95,14,6,3185.17535999999,1416.17265402488,1,0,0,98,0,0,0
95,14,7,18774.2765081592,6722.56833898984,78,0,0,139,0,0,0
95,14,8,0,4,0,0,0,0,0,0,0
95,15,1,3131.31827200001,890.635496278791,0,0,0,143,0,0,0
95,15,2,3159.089984,533.24003581245,0,0,0,134,0,0,0
95,15,3,3216.08025599999,1672.74126213176,0,0,0,154,0,0,0
95,15,4,3272.04600319999,2175.74578172446,0,0,0,174,0,0,0
95,15,5,3200.24793599999,1216.31026179264,0,0,0,128,0,0,0
95,15,6,3210.98412799999,1616.10793667591,0,0,0,141,0,0,0
95,15,7,18774.8315033592,11832.3069352066,29,0,0,204,0,0,0
95,15,8,0,4,0,0,0,0,0,0,0
95,16,1,3140.90643200001,928.669239071982,0,0,0,89,0,0,0
95,16,2,3159.439104,838.330813438369,0,0,0,53,0,0,0
95,16,3,3249.126976,1044.91550661929,0,0,0,167,0,0,0
95,16,4,3315.9103488,2296.56045612496,0,0,0,211,0,0,0
95,16,5,3224.364928,1262.69028544533,0,0,0,121,0,0,0
95,16,6,3241.662528,1395.36091414439,0,0,0,161,0,0,0
95,16,7,18793.4791321591,9340.44815127014,22,0,0,259,0,0,4
95,16,8,0,4,0,0,0,0,0,0,0
95,17,1,3153.64137984001,1014.20027171991,0,0,0,92,0,0,0
95,17,2,3171.83334400001,1505.82955737081,0,0,0,83,0,0,0
95,17,3,3262.41139199999,2115.02986719555,0,0,0,104,0,0,0
95,17,4,3348.88386816,1771.71504733468,4,0,0,168,0,0,0
95,17,5,3244.947712,877.208441663414,0,0,0,126,0,0,0
95,17,6,3269.585152,2004.58602365316,0,0,0,139,0,0,0
95,17,7,18806.6710041591,9940.36359947142,56,0,0,230,0,0,0
95,17,8,0,4,0,0,0,0,0,0,0
95,18,1,3163.98134784001,530.611749526125,0,0,0,101,0,0,0
95,18,2,3194.48550400001,1017.83726698461,0,0,0,150,0,0,0
95,18,3,3293.38547199999,1781.82841151605,1,0,0,186,0,0,0
95,18,4,3382.70377216,1227.53050276697,0,0,0,177,0,0,0
95,18,5,3255.84153856,2409.07923548419,0,0,0,87,0,0,0
95,18,6,3309.5205632,1282.76014558623,0,0,0,196,0,0,0
95,18,7,18812.242600959,5725.6792557409,44,0,0,207,0,0,0
95,18,8,0,4,0,0,0,0,0,0,0
95,19,1,3165.27103744001,1604.05506093601,0,0,0,53,0,0,0
95,19,2,3208.21862400001,909.208022370594,0,0,0,101,0,0,0
95,19,3,3315.98822656,1658.9354333251,33,0,0,128,0,0,0
95,19,4,3404.96495616,1574.93843077487,1,0,0,121,0,0,0
95,19,5,3292.41875456,1301.96523744054,51,0,0,164,0,0,0
95,19,6,3337.1121792,996.740124046261,0,0,0,128,0,0,0
95,19,7,18821.907496959,7548.01189710999,187,0,0,180,0,0,32
95,19,8,0,4,0,0,0,0,0,0,0
95,20,1,3188.60739328001,1842.3928482637,0,0,0,160,0,0,0
95,20,2,3218.04096000001,1202.03478030656,0,0,0,90,0,0,0
95,20,3,3345.68524032,1594.66267897848,0,0,0,165,0,0,0
95,20,4,3440.893041152,516.003335765402,0,0,0,157,0,0,0
95,20,5,3315.8792576,1340.93929080199,0,0,0,130,0,0,0
95,20,6,3354.7612672,1251.3789611421,0,0,0,99,0,0,0
95,20,7,18836.916136959,6200.59140728423,78,0,0,189,0,0,0
95,20,8,0,4,0,0,0,0,0,0,0
95,21,1,3202.98376704001,1268.03364943327,48,0,0,112,0,0,0
95,21,2,3233.79139840001,1366.99069745224,0,0,0,120,0,0,0
95,21,3,3372.30851072001,1304.40072689338,7,0,0,148,0,0,0
95,21,4,3445.596493312,855.413557253936,0,0,0,51,0,0,0
95,21,5,3338.20116224,691.733510663395,0,0,0,134,0,0,0
95,21,6,3375.9317632,1659.14060930478,0,0,0,125,0,0,0
95,21,7,18873.808040959,5760.48069143322,226,0,0,281,0,0,0
95,21,8,0,4,0,0,0,0,0,0,0
95,22,1,3221.87293900801,1091.23015111715,0,0,0,126,0,0,0
95,22,2,3257.10556160001,2195.1323672937,0,0,0,136,0,0,0
95,22,3,3393.49502218241,1495.74798867779,0,0,0,130,0,0,0
95,22,4,3459.27721830401,1871.48325142331,0,0,0,85,0,0,0
95,22,5,3343.93731584001,1434.85881385989,0,0,0,69,0,0,0
95,22,6,3405.58420224,720.315621710195,3,0,0,157,0,0,0
95,22,7,18905.9217535989,8219.897686558,142,0,0,178,0,0,0
95,22,8,0,4,0,0,0,0,0,0,0
95,23,1,3233.66617856001,1633.27395206887,0,0,0,109,0,0,0
95,23,2,3284.21345280001,1185.49217822908,2,0,0,185,0,0,0
95,23,3,3419.44366858241,1018.90010548175,0,0,0,149,0,0,0
95,23,4,3483.17521100801,1023.0646062491,1,0,0,170,0,0,0
95,23,5,3368.23487744001,1125.0737448235,0,0,0,143,0,0,0
95,23,6,3413.64994304001,992.868455015422,0,0,0,72,0,0,0
95,23,7,18946.4995199989,9105.06327324941,51,0,0,192,0,0,0
95,23,8,0,4,0,0,0,0,0,0,0
95,24,1,3256.03243776001,1347.59326336592,0,0,0,163,0,0,0
95,24,2,3296.38895360001,1873.11826310231,0,0,0,118,0,0,0
95,24,3,3429.32013322241,1240.83998283802,0,0,0,101,0,0,0
95,24,4,3492.37961420801,2002.36568259164,0,0,0,102,0,0,0
95,24,5,3379.86129408001,1510.05685570521,0,0,0,112,0,0,0
95,24,6,3428.51465984001,2032.24763074317,0,0,0,99,0,0,0
95,24,7,18997.923647999,8005.59776899982,41,0,0,308,0,0,0
95,24,8,0,4,0,0,0,0,0,0,0
95,25,1,3287.05207623681,1514.83715016821,0,0,0,134,0,0,0
95,25,2,3338.91837491201,2209.79984994011,1,0,0,181,0,0,0
95,25,3,3455.02448752641,1150.61917270057,0,0,0,124,0,0,0
95,25,4,3531.13216675841,2031.49249622498,3,0,0,172,0,0,1
95,25,5,3413.14764851201,1221.18043757745,0,0,0,151,0,0,0
95,25,6,3477.37948979201,1586.56916094274,0,0,0,203,0,0,0
95,25,7,19058.0850426869,6248.62957344033,90,0,0,252,0,0,0
95,25,8,0,4,0,0,0,0,0,0,0
95,26,1,3310.61775482881,1459.14964986609,13,0,0,120,0,0,0
95,26,2,3362.30622310401,1432.24540837047,31,0,0,152,0,0,0
95,26,3,3469.30803476481,1228.65328089348,0,0,0,115,0,0,0
95,26,4,3568.24947212289,1354.15900804928,16,0,0,166,0,0,0
95,26,5,3435.04962611202,1357.86025648255,0,0,0,122,0,0,0
95,26,6,3511.99260979202,1979.5763381777,0,0,0,158,0,0,0
95,26,7,19114.1009889269,5698.42159513505,173,0,0,244,0,0,0
95,26,8,0,4,0,0,0,0,0,0,0
95,27,1,3333.72153505793,1291.36977972717,0,0,0,143,0,0,0
95,27,2,3381.85003212801,929.793295648328,0,0,0,143,0,0,0
95,27,3,3485.91326597121,1469.30086599589,0,0,0,122,0,0,0
95,27,4,3584.03514562152,1452.8868680781,0,0,0,135,0,0,0
95,27,5,3456.04258355202,1819.79818924023,0,0,0,135,0,0,0
95,27,6,3543.10501222401,1543.3600926983,9,0,0,168,0,0,0
95,27,7,19149.3590138869,11564.7100045941,120,0,0,171,0,0,0
95,27,8,0,4,0,0,0,0,0,0,0
95,28,1,3354.30045140994,1654.90003055669,0,0,0,129,0,0,0
95,28,2,3394.77570560002,1977.17536299649,0,0,0,92,0,0,0
95,28,3,3506.48937553922,2179.13730563344,0,0,0,146,0,0,0
95,28,4,3608.27524955752,1289.7995675344,0,0,0,145,0,0,0
95,28,5,3489.14964756482,1111.34586770134,0,0,0,181,0,0,0
95,28,6,3576.80654131202,1670.67808269009,0,0,0,154,0,0,0
95,28,7,19207.5260436468,11446.4889644197,42,0,0,244,0,0,0
95,28,8,0,4,0,0,0,0,0,0,0
95,29,1,3391.79287724033,1643.93499881838,0,0,0,165,0,0,0
95,29,2,3435.64139325442,1673.305159646,0,0,0,194,0,0,0
95,29,3,3556.97824788482,1613.3545855991,0,0,0,217,0,0,0
95,29,4,3634.8742584484,1548.17552870245,0,0,0,128,0,0,0
95,29,5,3508.16016048129,1969.61532829818,0,0,0,111,0,0,0
95,29,6,3623.09491361794,830.030083425775,0,0,0,167,0,0,0
95,29,7,19275.7755033588,8568.1690465008,35,0,0,253,0,0,0
95,29,8,0,4,0,0,0,0,0,0,0
95,30,1,3416.79824095234,1050.84961070134,22,0,0,131,0,0,0
95,30,2,3453.12776041187,1528.28664658828,17,0,0,141,0,0,0
95,30,3,3578.08058132481,1043.22552131857,14,0,0,140,0,0,0
95,30,4,3654.43872657,1149.93614846108,2,0,0,151,0,0,0
95,30,5,3528.43769520129,1597.96298833039,39,0,0,138,0,0,0
95,30,6,3630.51922686363,1780.59554927435,0,0,0,83,0,0,0
95,30,7,19304.0834821108,9164.5594683357,193,4,0,169,0,0,6
95,30,8,0,4,0,0,0,0,0,0,0
95,31,1,3426.30901614593,1761.07552396433,0,0,0,105,0,0,0
95,31,2,3474.73335861987,955.411772747362,0,0,0,152,0,0,0
95,31,3,3585.42683258882,978.598845181881,0,0,0,104,0,0,0
95,31,4,3668.82736217294,1505.38274242461,0,0,0,114,0,0,0
95,31,5,3553.3994083533,1777.54613951034,0,0,0,159,0,0,0
95,31,6,3665.23689218869,1803.53389694619,1,0,0,171,0,0,0
95,31,7,19349.3980165108,7252.69390237129,181,0,0,241,0,0,0
95,31,8,0,4,0,0,0,0,0,0,0
95,32,1,3445.59908943464,1299.03592887009,20,0,0,126,0,0,0
95,32,2,3482.16301468387,804.363315494479,0,0,0,95,0,0,0
95,32,3,3593.47774535682,1651.6931401943,0,0,0,97,0,0,0
95,32,4,3694.95049075919,1504.01888156139,2,0,0,145,0,0,0
95,32,5,3583.9623580877,1311.4566851195,3,0,0,169,0,0,0
95,32,6,3697.58362626869,2838.07320001014,11,0,0,153,0,0,0
95,32,7,19399.4391787507,4856.65412920207,209,0,0,223,0,0,0
95,32,8,0,4,0,0,0,0,0,0,0
95,33,1,3464.94376701545,1309.58946521778,0,0,0,129,0,0,0
95,33,2,3488.26809346787,1670.91960882285,0,0,0,80,0,0,0
95,33,3,3624.6873792717,656.41308229924,4,0,0,154,0,0,0
95,33,4,3722.36258430159,1357.30380791898,0,0,0,150,0,0,0
95,33,5,3609.05469751707,1853.01696658278,0,0,0,131,0,0,0
95,33,6,3742.55005555509,1586.80883206044,51,0,0,166,0,0,0
95,33,7,19445.2656065523,7986.26760892826,132,0,0,181,0,0,0
95,33,8,0,4,0,0,0,0,0,0,0
95,34,1,3498.05516594793,1597.043490778,0,0,0,130,0,0,0
95,34,2,3533.43397747984,1550.51916530087,0,0,0,167,0,0,0
95,34,3,3627.55183233436,1229.47473878236,0,0,0,65,0,0,0
95,34,4,3754.56324380002,895.005145149269,0,0,0,135,0,0,0
95,34,5,3658.80175456667,1629.78389643282,0,0,0,181,0,0,0
95,34,6,3792.17682688084,1256.73212135388,0,0,0,158,0,0,0
95,34,7,19503.0441644838,12211.3457558452,53,0,0,178,0,0,0
95,34,8,0,4,0,0,0,0,0,0,0
95,35,1,3527.08239230569,791.775628675571,0,0,0,159,0,0,0
95,35,2,3562.37201288464,2228.94732674383,0,0,0,155,0,0,0
95,35,3,3647.53569550748,1918.02704111668,0,0,0,122,0,0,0
95,35,4,3772.93686597172,1846.14721307693,0,0,0,89,0,0,0
95,35,5,3697.98518669723,961.662418731941,0,0,0,162,0,0,0
95,35,6,3825.36534519892,1678.78666425837,0,0,0,125,0,0,0
95,35,7,19558.4359918169,3752.21127860871,38,0,0,194,0,0,0
95,35,8,0,4,0,0,0,0,0,0,0
95,36,1,3533.44059236354,1592.87081149933,0,0,0,79,0,0,0
95,36,2,3582.73033833744,2414.65481058942,62,0,0,142,0,0,0
95,36,3,3658.37028110748,1925.72588363756,49,0,0,128,0,0,0
95,36,4,3793.00559065037,1556.14556147178,40,0,0,132,0,0,0
95,36,5,3713.97546842523,1126.72283957491,0,0,0,96,0,0,0
95,36,6,3859.8723409314,1679.87726412822,28,0,0,131,0,0,0
95,36,7,19592.6179156569,6671.01012289325,160,0,0,167,0,0,0
95,36,8,0,4,0,0,0,0,0,0,0
95,37,1,3581.25183049485,1495.36794255043,0,0,0,158,0,0,0
95,37,2,3664.8024977983,1046.64557999437,0,0,0,238,0,0,0
95,37,3,3715.78097715611,2440.42328889394,1,0,0,178,0,0,0
95,37,4,3849.84932869025,1364.09298514507,0,0,0,155,0,0,0
95,37,5,3741.39230644635,918.573093385152,0,0,0,112,0,0,0
95,37,6,3918.91635012425,2410.5050950922,0,0,0,167,0,0,0
95,37,7,19650.4433782484,8241.74833645972,42,0,0,188,0,0,0
95,37,8,0,4,0,0,0,0,0,0,0
95,38,1,3611.99120351332,1266.87012586569,0,0,0,149,0,0,0
95,38,2,3683.73293658128,1749.41131473259,0,0,0,104,0,0,0
95,38,3,3764.42929797531,1529.21924925893,3,0,0,191,0,0,0
95,38,4,3878.99213862329,1882.21468505123,0,0,0,136,0,0,0
95,38,5,3761.67606887221,1005.04361023485,0,0,0,91,0,0,0
95,38,6,3973.67983411553,1664.91688661466,3,0,0,192,0,0,0
95,38,7,19713.8732663508,9669.60487149906,35,0,0,272,0,0,0
95,38,8,0,4,0,0,0,0,0,0,0
95,39,1,3633.60271584479,1118.85601875477,0,0,0,126,0,0,0
95,39,2,3721.42410310959,981.064067613473,0,0,0,173,0,0,0
95,39,3,3797.33862066178,1869.65200391018,0,0,0,152,0,0,0
95,39,4,3924.86093847993,1524.19444827242,0,0,0,188,0,0,0
95,39,5,3781.45293757237,583.444906764934,0,0,0,100,0,0,0
95,39,6,4025.4188706327,1803.02303391225,0,0,0,166,0,0,0
95,39,7,19760.3409697491,6980.63373303908,40,0,0,201,0,0,0
95,39,8,0,4,0,0,0,0,0,0,0
95,40,1,3631.45339770079,1349.65138438822,70,0,0,41,0,0,0
95,40,2,3721.20781835567,2374.45320824877,55,0,0,43,0,0,0
95,40,3,3808.94625247644,1712.3807457327,96,0,0,90,0,0,0
95,40,4,3932.88702318419,1355.58571372492,76,0,0,76,0,0,0
95,40,5,3778.76298828597,1827.42331125488,27,0,0,31,0,0,0
95,40,6,4040.71390888781,1550.39587841212,97,0,0,83,0,0,0
95,40,7,19846.6464520915,5571.75162009114,334,0,0,335,0,0,6
95,40,8,0,4,0,0,0,0,0,0,0
95,41,1,3652.10834615113,2729.90580608708,13,0,0,117,0,0,0
95,41,2,3752.81153137967,1272.84151676019,83,0,0,129,0,0,0
95,41,3,3842.42176712706,1645.29402878134,29,0,0,133,0,0,0
95,41,4,3964.40732571967,1449.50171745886,0,0,0,135,0,0,0
95,41,5,3811.04915206556,1076.29741064873,32,0,0,141,0,0,0
95,41,6,4072.6421472537,996.505001387082,23,0,0,125,0,0,0
95,41,7,19881.6743127968,9556.21391987587,173,2,0,168,0,0,13
95,41,8,0,4,0,0,0,0,0,0,0
95,42,1,3703.87590932911,1999.81729430364,5,0,0,198,0,0,0
95,42,2,3782.45966358216,1774.10650648923,0,0,0,127,0,0,0
95,42,3,3889.29062070274,1636.43699455707,0,0,0,164,0,0,0
95,42,4,3997.91126907608,1077.41136328686,0,0,0,144,0,0,0
95,42,5,3835.92848572992,1333.83393976383,0,0,0,107,0,0,0
95,42,6,4100.66187131643,895.32875457931,0,0,0,99,0,0,0
95,42,7,19910.0604827961,4454.42114947036,58,0,0,183,0,0,0
95,42,8,0,4,0,0,0,0,0,0,0
95,43,1,3739.46492508509,1818.9285228217,32,0,0,142,0,0,0
95,43,2,3819.96661734785,933.41080544841,8,0,0,163,0,0,0
95,43,3,3933.07174038407,1487.63333267137,5,0,0,154,0,0,0
95,43,4,4028.30154895581,1250.04828979957,0,0,0,107,0,0,0
95,43,5,3869.37451379264,2410.22355721187,1,0,0,130,0,0,0
95,43,6,4124.88532555069,1268.65673852526,0,0,0,89,0,0,0
95,43,7,19949.2334261765,7758.4065462738,143,0,0,182,0,0,0
95,43,8,0,4,0,0,0,0,0,0,0
95,44,1,3798.98737737438,1464.23193866976,0,0,0,172,0,0,0
95,44,2,3858.33435247135,1637.6785785849,0,0,0,93,0,0,0
95,44,3,3993.82915335784,1927.95973417721,0,0,0,148,0,0,0
95,44,4,4069.60243898998,2282.05647526131,0,0,0,125,0,0,0
95,44,5,3952.65452333714,2029.22854057131,0,0,0,239,0,0,0
95,44,6,4172.38777092571,1472.05295776362,0,0,0,126,0,0,0
95,44,7,20019.6802279122,8640.29621522643,47,0,0,218,0,0,0
95,44,8,0,4,0,0,0,0,0,0,0
95,45,1,3853.6670578446,1418.94345870175,0,0,0,146,0,0,0
95,45,2,3917.12507425671,2597.15740720463,0,0,0,163,0,0,0
95,45,3,4055.37268737886,2132.40665283051,1,0,0,175,0,0,0
95,45,4,4165.54731814869,1919.60485848721,1,0,0,201,0,0,0
95,45,5,4015.24048164703,1326.41374591467,1,0,0,186,0,0,0
95,45,6,4226.60873650113,2682.76489280467,0,0,0,147,0,0,0
95,45,7,20086.0942209533,6991.90454751717,41,0,0,193,0,0,0
95,45,8,0,4,0,0,0,0,0,0,0
95,46,1,3914.82877577586,2108.25743748736,0,0,0,141,0,0,0
95,46,2,3999.68768346128,1726.51645428885,29,0,0,174,0,0,0
95,46,3,4118.30849712179,2106.20624279491,19,0,0,155,0,0,0
95,46,4,4242.63627240584,2332.21456704348,18,0,0,139,0,0,0
95,46,5,4065.93058051443,1512.48109229947,0,0,0,132,0,0,0
95,46,6,4297.25092102323,2880.73321698294,37,0,0,160,0,0,0
95,46,7,20170.8074449191,11969.8204559935,171,0,0,203,0,0,0
95,46,8,0,4,0,0,0,0,0,0,0
95,47,1,3960.06710685047,1735.77776157751,0,0,0,209,0,0,0
95,47,2,4039.86599848866,1150.20108351985,0,0,0,172,0,0,0
95,47,3,4165.04557189796,1935.40218153159,1,0,0,173,0,0,0
95,47,4,4306.50329330108,1453.17303036729,0,0,0,230,0,0,0
95,47,5,4107.87230846831,1640.89981119176,0,0,0,151,0,0,0
95,47,6,4351.33543472102,2913.42991701805,5,0,0,191,0,0,0
95,47,7,20219.9943428841,7608.00846495685,51,0,0,212,0,0,0
95,47,8,0,4,0,0,0,0,0,0,0
95,48,1,4016.80454412617,3092.15114151092,4,0,0,154,0,0,0
95,48,2,4071.3919887115,928.75468624277,0,0,0,115,0,0,0
95,48,3,4249.7188822297,1215.62937593595,2,0,0,181,0,0,0
95,48,4,4357.63995535205,1549.2812539878,0,0,0,145,0,0,0
95,48,5,4183.60651566329,2431.11518432216,0,0,0,164,0,0,0
95,48,6,4438.79906676999,2005.71861729307,19,0,0,196,0,0,0
95,48,7,20296.5703122149,8125.72031374219,115,0,0,205,0,0,0
95,48,8,0,4,0,0,0,0,0,0,0
95,49,1,4053.48796342317,1772.74021841137,58,0,0,159,0,0,0
95,49,2,4092.73697220879,2226.30098513119,0,0,0,92,0,0,0
95,49,3,4287.83038793907,2191.64186121436,0,0,0,121,0,0,0
95,49,4,4405.30333131222,2506.70061081075,0,0,0,154,0,0,0
95,49,5,4225.14986925898,1249.20755699073,35,0,0,155,0,0,0
95,49,6,4485.92091454722,1515.5195790296,21,0,0,148,0,0,0
95,49,7,20376.6874822196,10736.9432733041,188,0,0,269,0,0,0
95,49,8,0,4,0,0,0,0,0,0,0
95,50,1,4088.26636910228,1537.12448693193,0,0,0,177,0,0,0
95,50,2,4144.60001556591,586.958348270076,0,0,0,219,0,0,0
95,50,3,4335.29632235921,3011.69514271467,3,0,0,177,0,0,0
95,50,4,4448.7326800771,1070.13845384546,5,0,0,171,0,0,1
95,50,5,4260.84393104124,761.301337501308,0,0,0,124,0,0,0
95,50,6,4532.35034266472,2297.07306558142,0,0,0,151,0,0,0
95,50,7,20422.2093709557,10288.4126547836,62,0,0,190,0,0,0
95,50,8,0,4,0,0,0,0,0,0,0
95,51,1,4128.32624768958,1896.19767726785,0,0,0,153,0,0,0
95,51,2,4145.46758066615,1413.93429149588,0,0,0,58,0,0,0
95,51,3,4405.50342786161,892.219382210431,8,0,0,203,0,0,1
95,51,4,4474.99672283764,1319.05725605295,0,0,0,107,0,0,0
95,51,5,4277.62770810415,2061.21400102196,0,0,0,76,0,0,0
95,51,6,4609.90429445166,1357.74539918599,2,0,0,205,0,0,0
95,51,7,20467.5896382135,8684.26938963896,73,0,0,173,0,0,1
95,51,8,0,4,0,0,0,0,0,0,0
95,52,1,4192.62843833042,1771.00764106823,0,0,0,189,0,0,0
95,52,2,4178.42915595154,2289.08421648987,0,0,0,141,0,0,0
95,52,3,4421.99979276868,2461.38072113458,0,0,0,89,0,0,0
95,52,4,4517.19620292837,2755.11475753795,0,0,0,131,0,0,0
95,52,5,4341.65443390725,2603.99852382411,0,0,0,203,0,0,0
95,52,6,4668.08752152123,2305.98177836185,0,0,0,135,0,0,0
95,52,7,20535.7903519096,3711.52679225097,125,0,0,233,0,0,0
95,52,8,0,4,0,0,0,0,0,0,0
95,53,1,4218.92089350833,646.189144621435,10,0,0,143,0,0,0
95,53,2,4224.87915122537,1418.49152512514,13,0,0,186,0,0,0
95,53,3,4475.32036860536,2669.31090666171,15,0,0,196,0,0,0
95,53,4,4549.3690997644,2108.55347453923,44,0,0,130,0,0,0
95,53,5,4394.1419620721,1423.94945949162,31,0,0,158,0,0,0
95,53,6,4719.70354902586,1959.33086718899,24,0,0,150,0,0,0
95,53,7,20586.5236644756,9560.43215317496,56,0,0,186,0,0,0
95,53,8,0,4,0,0,0,0,0,0,0
95,54,1,4237.90684394331,2376.36610774589,0,0,0,64,0,0,0
95,54,2,4262.33540964578,2154.56891379919,0,0,0,141,0,0,0
95,54,3,4543.88763570548,1437.95920539307,2,0,0,189,0,0,0
95,54,4,4620.28566916499,3099.09877486056,0,0,0,210,0,0,0
95,54,5,4451.1192915528,1307.14487949045,0,0,0,142,0,0,0
95,54,6,4795.58217790777,1948.74319966718,0,0,0,195,0,0,0
95,54,7,20659.3528227144,13891.0382042568,30,0,0,256,0,0,0
95,54,8,0,4,0,0,0,0,0,0,0
95,55,1,4287.08732189414,2069.86635899938,0,0,0,198,0,0,0
95,55,2,4311.74479638361,2590.82498279387,0,0,0,215,0,0,0
95,55,3,4578.05640067854,1989.73408481078,0,0,0,143,0,0,0
95,55,4,4679.83264237392,2210.36223296776,2,0,0,210,0,0,0
95,55,5,4483.65657942047,1777.94808435908,0,0,0,130,0,0,0
95,55,6,4859.13231979211,2074.50753808187,0,0,0,194,0,0,0
95,55,7,20694.8225782907,6971.7222698994,28,0,0,196,0,0,0
95,55,8,0,4,0,0,0,0,0,0,0
95,56,1,4404.32601217502,2798.14938581399,0,0,0,197,0,0,3
95,56,2,4455.92241958555,2012.75119928811,0,0,0,219,0,0,0
95,56,3,4681.11027226406,1671.60399872726,0,0,0,184,0,0,2
95,56,4,4839.42649896679,2010.53967359685,0,0,0,203,0,0,2
95,56,5,4581.08291635875,2012.79559930799,0,0,0,177,0,0,0
95,56,6,4991.41685054093,2172.86713505877,0,0,0,201,0,0,0
95,56,7,20800.2532211292,10015.3813535751,27,0,0,184,0,0,0
95,56,8,0,4,0,0,0,0,0,0,0
95,57,1,4521.1610382269,2160.99754741457,0,0,0,279,0,0,0
95,57,2,4518.50995175318,2275.22152258117,0,0,0,179,0,0,1
95,57,3,4738.29854128065,2992.94324658283,0,0,0,167,0,0,0
95,57,4,4929.37533028165,2068.50639928633,0,0,0,201,0,0,0
95,57,5,4652.85681557956,2633.58996845042,0,0,0,184,0,0,0
95,57,6,5085.94423965404,2392.87640047866,0,0,0,203,0,0,0
95,57,7,20881.2666702583,6708.46343526707,26,0,0,242,0,0,0
95,57,8,0,4,0,0,0,0,0,0,0
95,58,1,4641.18313101449,1450.35274733129,17,0,0,159,0,0,0
95,58,2,4656.7472241306,391.345116544054,15,0,0,178,0,0,0
95,58,3,4890.87313729916,1854.53645742401,20,0,0,231,0,0,0
95,58,4,5086.81558358899,1708.47531257093,14,0,0,160,0,0,0
95,58,5,4773.00392775142,2486.74653093362,20,0,0,196,0,0,0
95,58,6,5211.29724899518,1221.34724033447,24,0,0,158,0,0,0
95,58,7,21025.1707698839,12159.6973051752,134,0,0,228,0,0,0
95,58,8,0,4,0,0,0,0,0,0,0
95,59,1,4669.2300339271,1575.19760618202,0,0,0,145,0,0,0
95,59,2,4650.52935728029,1803.93878515372,0,0,0,39,0,0,0
95,59,3,4940.31755183489,1464.85434021278,0,0,0,185,0,0,0
95,59,4,5145.30470512804,1618.65044969185,0,0,0,170,0,0,0
95,59,5,4835.51537418358,2903.47361073622,1,0,0,227,0,0,0
95,59,6,5242.04987035352,1253.42249653394,0,0,0,122,0,0,0
95,59,7,21076.1440248136,10016.0776335188,45,0,0,265,0,0,0
95,59,8,0,4,0,0,0,0,0,0,0
95,60,1,4743.42371730287,2564.40914389579,0,0,0,157,0,0,0
95,60,2,4717.0885011874,3048.74299156046,2,0,0,161,0,0,0
95,60,3,5005.68121010653,2860.75381953641,0,0,0,146,0,0,0
95,60,4,5217.00734417083,1366.12010273391,0,0,0,161,0,0,0
95,60,5,4896.40718227708,2834.99931770309,16,0,0,162,0,0,0
95,60,6,5309.15906934352,1025.64423642616,0,0,0,125,0,0,0
95,60,7,21149.7842183455,7395.36771413081,104,0,0,188,0,0,0
95,60,8,0,4,0,0,0,0,0,0,0
95,61,1,4797.54850535021,2247.32701447739,45,0,0,142,0,0,0
95,61,2,4767.48804061688,1954.33400972563,60,0,0,154,0,0,0
95,61,3,5069.51840427374,2296.62800882801,40,0,0,184,0,0,0
95,61,4,5295.18567516678,2892.74081778361,0,0,0,136,0,0,0
95,61,5,4976.18602155714,2957.96392061567,51,0,0,154,0,0,0
95,61,6,5359.45889828271,1665.95215121546,0,0,0,102,0,0,0
95,61,7,21246.9287414211,12285.0113464149,198,0,0,244,0,0,0
95,61,8,0,4,0,0,0,0,0,0,0
95,62,1,4876.16472514642,1878.89475006979,1,0,0,204,0,0,0
95,62,2,4818.72096060498,2514.84833987008,1,0,0,170,0,0,0
95,62,3,5135.1316406086,990.905066846042,1,0,0,201,0,0,0
95,62,4,5370.70538932664,2904.7279429312,4,0,0,201,0,0,0
95,62,5,5050.83291964726,1993.60814324137,4,0,0,217,0,0,0
95,62,6,5427.07377375786,3460.24006217721,0,0,0,166,0,0,0
95,62,7,21297.9765565481,5450.45137760623,54,0,0,199,0,0,0
95,62,8,0,4,0,0,0,0,0,0,0
95,63,1,4943.45074805499,1504.37784792399,9,0,0,162,0,0,0
95,63,2,4890.65866684744,1706.24462672799,24,0,0,184,0,0,0
95,63,3,5171.26367328615,1844.44150981547,0,0,0,99,0,0,0
95,63,4,5439.42147720172,3297.55599609375,45,0,0,163,0,0,0
95,63,5,5129.11593435883,1760.66753923408,8,0,0,176,0,0,0
95,63,6,5520.88024246385,1356.2107264317,58,0,0,183,0,0,0
95,63,7,21344.0266132931,10187.7814878947,137,0,0,161,0,0,0
95,63,8,0,4,0,0,0,0,0,0,0
95,64,1,5045.35667428543,1770.03471436133,0,0,0,150,0,0,0
95,64,2,4971.56452166409,2752.67108694399,0,0,0,170,0,0,0
95,64,3,5261.28041390265,1159.53577572775,0,0,0,183,0,0,0
95,64,4,5567.96541560031,2415.12916329632,4,0,0,240,0,0,0
95,64,5,5235.44487357897,2455.60322417802,0,0,0,175,0,0,0
95,64,6,5607.903523243,3412.27081237818,0,0,0,135,0,0,0
95,64,7,21415.2251458483,6536.46431651107,43,0,0,178,0,0,0
95,64,8,0,4,0,0,0,0,0,0,0
95,65,1,5193.21392516303,2287.2141816958,1,0,0,169,0,0,0
95,65,2,5102.43624918599,1553.69503634436,17,0,0,186,0,0,0
95,65,3,5337.37484906571,960.025021475306,0,0,0,115,0,0,0
95,65,4,5749.57379604463,2570.09486085525,11,0,0,177,0,0,0
95,65,5,5375.43003076729,1518.17205129219,10,0,0,189,0,0,0
95,65,6,5752.32821803146,2264.85283843628,33,0,0,166,0,0,0
95,65,7,21552.9331685104,10135.404859315,81,0,0,231,0,0,0
95,65,8,0,4,0,0,0,0,0,0,0
95,66,1,5323.34010279129,1969.06285158007,2,0,0,190,0,0,0
95,66,2,5194.12316181306,2875.59740804552,0,0,0,155,0,0,0
95,66,3,5384.85179233219,2812.23092378678,0,0,0,96,0,0,0
95,66,4,5880.77580376001,1727.5530435073,3,0,0,184,0,0,0
95,66,5,5472.20649756,3449.20151690946,0,0,0,151,0,0,0
95,66,6,5897.91748868195,1627.12789445138,1,0,0,194,0,0,0
95,66,7,21653.3834166775,7787.02267649001,42,0,0,222,0,0,0
95,66,8,0,4,0,0,0,0,0,0,0
95,67,1,5353.85810308049,2792.21732992646,35,0,0,126,0,0,0
95,67,2,5255.28382701707,2300.17396797398,59,0,0,169,0,0,0
95,67,3,5440.1809134434,2157.86250145306,71,0,0,139,0,0,0
95,67,4,5941.68539829071,3123.59544283026,10,0,0,152,0,0,0
95,67,5,5533.52965175502,1244.09000019463,102,0,0,140,0,0,0
95,67,6,5999.07457754067,1557.79661188972,0,0,0,162,0,0,0
95,67,7,21749.819320036,12106.9067797723,253,0,0,255,0,0,6
95,67,8,0,4,0,0,0,0,0,0,0
95,68,1,5409.74642473051,1486.03878799623,0,1,0,181,0,0,0
95,68,2,5321.89708112928,2743.99262725117,0,0,0,198,0,0,2
95,68,3,5504.79939201715,1751.69196177196,1,0,0,180,0,0,0
95,68,4,6042.41758893169,1720.16977839219,5,0,0,206,0,0,0
95,68,5,5566.09594960755,1813.22675853195,0,0,0,124,0,0,0
95,68,6,6053.8525483778,2772.4285004901,0,0,0,155,0,0,0
95,68,7,21787.7215614184,10542.292338783,56,0,0,197,0,0,0
95,68,8,0,4,0,0,0,0,0,0,0
95,69,1,5449.9252571538,845.112803549268,0,0,0,148,0,0,0
95,69,2,5402.91968140537,3559.04756790099,12,0,0,177,0,0,0
95,69,3,5606.47864383549,2550.67893172106,0,0,0,175,0,0,0
95,69,4,6141.11461720626,2326.34579303597,2,0,0,156,0,0,0
95,69,5,5646.1137936983,740.478747566678,0,0,0,178,0,0,0
95,69,6,6185.76725267257,2988.5929379189,2,0,0,255,0,0,0
95,69,7,21838.9005855465,7461.99911563279,114,0,0,183,0,0,0
95,69,8,0,4,0,0,0,0,0,0,0
95,70,1,5529.69415221385,1709.51147535004,1,0,0,83,0,0,0
95,70,2,5517.68491784331,1854.19600511674,137,0,0,177,0,0,0
95,70,3,5709.02057737932,1632.94180673165,76,0,0,156,0,0,0
95,70,4,6237.05507130415,3901.8107081278,63,0,0,150,0,0,0
95,70,5,5676.51716593658,1559.59028896806,0,0,0,74,0,0,0
95,70,6,6302.72215690108,2154.98704707141,127,0,0,133,0,0,0
95,70,7,21976.5922759023,6074.97391640082,291,0,0,296,0,0,6
95,70,8,0,4,0,0,0,0,0,0,0
95,71,1,5625.17647696396,2263.94346204724,31,0,0,118,0,0,0
95,71,2,5631.57235227449,2829.70017603021,19,0,0,153,0,0,0
95,71,3,5834.48537638172,3099.86750636693,0,0,0,163,0,0,0
95,71,4,6387.46860685276,1788.90718758619,140,0,0,152,0,0,0
95,71,5,5773.28633854314,3048.81741590647,12,0,0,135,0,0,0
95,71,6,6466.75418839086,2737.36034771673,36,0,0,154,0,0,0
95,71,7,22105.2070142686,9594.88125449626,207,0,0,237,0,0,11
95,71,8,0,4,0,0,0,0,0,0,0
95,72,1,5701.53532042599,2116.15544036857,5,0,0,161,0,0,0
95,72,2,5711.15062427771,3076.22029244055,7,0,0,159,0,0,0
95,72,3,5968.46662355354,1762.71680611966,0,0,0,308,0,0,0
95,72,4,6486.37889356886,2763.14547540641,0,0,0,178,0,0,0
95,72,5,5866.35919108515,1855.72464766086,8,0,0,192,0,0,0
95,72,6,6615.54901060746,2553.51996046239,1,0,0,260,0,0,0
95,72,7,22178.444776159,6504.62490841177,55,0,0,241,0,0,0
95,72,8,0,4,0,0,0,0,0,0,0
95,73,1,5897.6266411865,1562.79082963647,19,0,0,160,0,0,0
95,73,2,5896.41873968451,1712.86806004645,50,0,0,170,0,0,0
95,73,3,6112.35361682746,2173.99995635327,14,0,0,137,0,0,0
95,73,4,6810.55321001566,3312.19373175476,21,0,0,217,0,0,0
95,73,5,6044.89052572224,1521.53758935296,2,0,0,178,0,0,0
95,73,6,6791.8156870062,3118.63152850572,38,0,0,152,0,0,0
95,73,7,22336.1712347372,5290.06333604857,179,0,0,161,0,0,2
95,73,8,0,4,0,0,0,0,0,0,0
95,74,1,5993.76490736444,1590.37379664181,0,0,0,156,0,0,0
95,74,2,5978.38446304785,2869.72126233176,6,0,0,156,0,0,0
95,74,3,6236.08771443061,4286.95073822507,20,0,0,173,0,0,0
95,74,4,6949.39079662586,2207.27151516015,69,0,0,179,0,0,0
95,74,5,6162.80181912773,3435.92078594154,0,0,0,152,0,0,0
95,74,6,6908.01152009584,1952.92055788224,76,0,0,143,0,0,0
95,74,7,22433.8453724128,9041.86035455456,153,0,0,190,0,0,0
95,74,8,0,4,0,0,0,0,0,0,0
95,75,1,6221.16119199061,2272.12043764442,0,0,0,159,0,0,0
95,75,2,6172.27883268191,1814.04182753583,4,0,0,217,0,0,0
95,75,3,6422.03434691325,4961.99023123508,18,0,0,174,0,0,0
95,75,4,7199.33577802188,2897.78068685588,0,0,0,220,0,0,0
95,75,5,6357.62618717161,2465.75885890779,10,0,0,196,0,0,0
95,75,6,7159.01150655577,3901.13415980508,1,0,0,178,0,0,0
95,75,7,22592.7898421016,7677.89827104942,52,0,0,201,0,0,0
95,75,8,0,4,0,0,0,0,0,0,0
95,76,1,6384.92992927551,2194.86651774027,0,0,0,227,0,0,0
95,76,2,6291.45714371409,2546.42802129416,0,0,0,181,0,0,0
95,76,3,6569.94209923442,3282.71888238277,29,0,0,192,0,0,1
95,76,4,7360.7749467353,3088.62165709108,8,0,0,207,0,0,0
95,76,5,6494.384484206,3785.80962761165,6,0,0,183,0,0,0
95,76,6,7352.66988981597,1109.72872865832,18,0,0,205,0,0,0
95,76,7,22705.5948686519,4851.34230188236,53,0,0,227,0,0,0
95,76,8,0,4,0,0,0,0,0,0,0
95,77,1,6448.03485789679,1710.44551330799,16,0,0,153,0,0,0
95,77,2,6364.32747502807,2652.97590878127,19,0,0,178,0,0,2
95,77,3,6630.34216576327,2087.22885588572,39,0,0,173,0,0,0
95,77,4,7440.22150099549,3316.01823142731,35,0,0,168,0,0,0
95,77,5,6564.82523303724,4913.98486120633,59,0,0,147,0,0,0
95,77,6,7408.60047238327,1671.62308733127,0,0,0,110,0,0,0
95,77,7,22760.0442393101,10332.8450693403,70,0,0,210,0,0,0
95,77,8,0,4,0,0,0,0,0,0,0
95,78,1,6578.00107654536,1388.85390680254,0,0,0,171,0,0,0
95,78,2,6550.55342728771,1743.02954437176,1,0,0,225,0,0,0
95,78,3,6805.08717020456,2862.43322417885,0,0,0,208,0,0,0
95,78,4,7676.29577298173,3205.65226378039,5,0,0,217,0,0,0
95,78,5,6732.058313829,3622.68493954739,14,0,0,183,0,0,0
95,78,6,7572.45352952742,1957.69173437117,0,0,0,167,0,0,0
95,78,7,22866.8434792353,6235.66995062222,34,1,0,204,0,0,0
95,78,8,0,4,0,0,0,0,0,0,0
95,79,1,6646.23194261923,3786.21371350076,0,0,0,138,0,0,0
95,79,2,6659.63821348473,2146.67666182605,0,0,0,174,0,0,0
95,79,3,6922.26370871301,3009.75895301581,14,0,0,165,0,0,0
95,79,4,7822.30385744021,4596.35640486723,14,0,0,201,0,0,0
95,79,5,6960.55834128122,2459.20001168719,15,0,0,230,0,0,0
95,79,6,7714.13237712866,2840.50180921831,1,0,0,180,0,0,0
95,79,7,22932.5423284085,4517.68676280139,52,0,0,182,0,0,0
95,79,8,0,4,0,0,0,0,0,0,0
95,80,1,6715.75971401043,3607.91394768769,182,0,0,142,0,0,0
95,80,2,6707.3183390724,2436.39920732575,62,0,0,134,0,0,0
95,80,3,6987.1435686212,3357.53391495829,107,0,0,161,0,0,0
95,80,4,7962.16117242901,3093.68962139639,204,0,0,194,0,0,0
95,80,5,7040.46361660085,3519.87827286584,76,0,0,147,0,0,0
95,80,6,7796.0376893392,3454.45195125357,90,0,0,167,0,0,0
95,80,7,22969.6031656184,5851.21448848276,196,0,0,196,0,0,0
95,80,8,0,4,0,0,0,0,0,0,0
95,81,1,6919.03697588446,3186.6737700669,20,0,0,214,0,0,0
95,81,2,6915.77029208251,3322.64080314982,0,0,0,240,0,0,0
95,81,3,7165.89971816099,1840.27190267184,22,0,0,169,0,0,0
95,81,4,8156.17802944623,3819.29142809844,17,0,0,184,0,0,0
95,81,5,7272.72865326456,2777.77763023375,20,0,0,202,0,0,0
95,81,6,7967.33957276111,3655.6699360316,23,0,0,171,0,0,0
95,81,7,23087.1392638879,3951.38319618833,52,0,0,203,0,0,0
95,81,8,0,4,0,0,0,0,0,0,0
95,82,1,6962.45806963428,1645.92941130193,112,0,0,126,0,0,0
95,82,2,6994.16778717491,2240.28803794064,104,0,0,155,0,0,0
95,82,3,7214.56803600319,3771.89177269492,30,0,0,133,0,0,0
95,82,4,8236.48951483995,3514.49607450394,120,0,0,177,0,0,0
95,82,5,7343.26861197158,2026.41627001582,80,0,0,141,0,0,0
95,82,6,8069.24709799017,1679.07485941343,124,0,0,153,0,0,0
95,82,7,23099.8345712584,11553.3707236486,136,0,0,163,0,0,0
95,82,8,0,4,0,0,0,0,0,0,0
95,83,1,7098.93176103517,2908.15903299254,0,0,0,164,0,0,0
95,83,2,7135.77559452179,2605.25283996084,1,0,0,194,0,0,0
95,83,3,7354.82820699898,3370.43519727086,6,0,0,194,0,0,0
95,83,4,8398.69023975925,4453.26477204517,6,0,0,185,0,0,0
95,83,5,7529.64455236098,2328.88089899634,0,0,0,202,0,0,0
95,83,6,8230.47613210122,3146.28785869673,0,0,0,167,0,0,0
95,83,7,23157.6341581762,12454.6532002264,34,0,0,236,0,0,0
95,83,8,0,4,0,0,0,0,0,0,0
95,84,1,7290.73370475595,3696.29289444833,2,0,0,197,0,0,0
95,84,2,7343.29228679575,1866.76054829572,0,0,0,253,0,0,0
95,84,3,7551.69935148023,2491.2925311422,3,0,0,223,0,0,0
95,84,4,8633.52878266432,4477.85016172842,5,0,0,218,0,0,3
95,84,5,7743.46492667892,2661.48368279617,0,0,0,229,0,0,0
95,84,6,8441.73850433103,5569.63111541123,3,0,0,187,0,0,0
95,84,7,23225.8918785666,5287.69129263792,27,1,0,194,0,0,0
95,84,8,0,4,0,0,0,0,0,0,0
95,85,1,7470.705725926,2776.08382046931,94,0,0,153,0,0,0
95,85,2,7607.96881101823,3882.15131653232,8,0,0,168,0,0,0
95,85,3,7740.66425459393,3778.07124859018,40,0,0,155,0,0,1
95,85,4,8968.48813118336,4343.2231576507,118,0,0,176,0,0,0
95,85,5,8005.56502819005,2080.65563622783,36,0,0,183,0,0,0
95,85,6,8705.49669973367,2904.77205871456,155,0,0,200,0,0,0
95,85,7,23380.0476732255,6581.50882385102,122,0,0,247,0,0,0
95,85,8,0,4,0,0,0,0,0,0,0
95,86,1,7634.18088846087,3396.86390502766,20,0,0,165,0,0,0
95,86,2,7791.97600469294,3834.33805351478,40,0,0,185,0,0,0
95,86,3,7915.79056059662,3747.45990945372,39,0,0,182,0,0,0
95,86,4,9168.55120571557,3078.73190154543,50,0,0,184,0,0,0
95,86,5,8175.04609115218,3991.41802584518,5,0,0,182,0,0,0
95,86,6,8922.80661934671,5508.06873740015,23,0,0,171,0,0,0
95,86,7,23485.7286246086,9630.34323876884,83,0,0,233,0,0,0
95,86,8,0,4,0,0,0,0,0,0,0
95,87,1,7829.68740704878,3653.9742253996,10,0,0,165,0,0,0
95,87,2,8012.32839504536,3531.29940226311,11,0,0,197,0,0,0
95,87,3,8124.38410235152,3172.06585715005,11,0,0,185,0,0,0
95,87,4,9436.73341967404,5183.97763880573,6,0,0,192,0,0,0
95,87,5,8376.92207897271,2342.58204959531,12,0,0,190,0,0,0
95,87,6,9208.24796179053,3848.36181125582,22,0,0,191,0,0,0
95,87,7,23618.9284234845,6780.34785010427,46,0,0,213,0,0,0
95,87,8,0,4,0,0,0,0,0,0,0
95,88,1,7997.25094309645,3438.49000918981,95,0,0,146,0,0,0
95,88,2,8350.78504909112,6091.30785479668,64,0,0,205,0,0,0
95,88,3,8370.0441825232,4604.13667860755,64,0,0,170,0,0,0
95,88,4,9708.17663687798,5685.65936787029,146,0,0,174,0,0,0
95,88,5,8562.26282620888,3743.44694589519,37,0,0,147,0,0,0
95,88,6,9521.97609207984,3613.15042160096,94,0,0,168,0,0,0
95,88,7,23742.0145043609,6172.13165244904,198,0,0,191,0,0,3
95,88,8,0,4,0,0,0,0,0,0,0
95,89,1,8225.03333177173,3802.11754918198,145,0,0,125,0,0,0
95,89,2,8642.1726495679,5910.90112606475,200,1,0,198,0,0,6
95,89,3,8602.11010090532,3438.03454967648,170,0,0,155,0,0,11
95,89,4,10163.6865896891,4045.36241941201,233,0,0,219,0,0,0
95,89,5,8813.16493601464,3063.44735117904,154,0,0,143,0,0,0
95,89,6,9879.57781948176,2907.56329686496,136,0,0,156,0,0,0
95,89,7,23958.4001829401,9813.94752760645,232,0,0,269,0,0,0
95,89,8,0,4,0,0,0,0,0,0,0
95,90,1,8329.13750464267,4019.45438911598,15,0,0,191,0,0,0
95,90,2,8763.33703245465,5264.71033389045,30,0,0,198,0,0,0
95,90,3,8692.4302947206,5348.24996790935,12,0,0,188,0,0,0
95,90,4,10299.821405511,6696.6875045353,14,0,0,202,0,0,0
95,90,5,8885.99502583346,3664.04966245149,9,0,0,182,0,0,0
95,90,6,10022.3145457339,5227.04717691781,4,0,0,234,0,0,0
95,90,7,23987.8162334248,4562.81032284701,63,0,0,185,0,0,0
95,90,8,0,4,0,0,0,0,0,0,0
95,91,1,8605.75548027018,993.964306474495,124,0,0,128,0,0,0
95,91,2,9161.17325624623,4893.27036957465,151,0,0,193,0,0,0
95,91,3,9020.83855716734,2876.78841766124,151,0,0,200,0,0,0
95,91,4,11080.1224695079,5368.93340255836,189,0,0,252,0,0,0
95,91,5,9175.03898224265,4770.69003220947,88,0,0,172,0,0,0
95,91,6,10484.6576179438,2134.70854437635,136,0,0,223,0,0,0
95,91,7,24224.5929995097,4476.91260728987,122,0,0,187,0,0,0
95,91,8,0,4,0,0,0,0,0,0,0
95,92,1,8669.46159160838,6632.55706698384,0,0,0,99,0,0,0
95,92,2,9366.36475922724,2530.53935721987,204,0,0,223,0,0,0
95,92,3,9177.12790780606,1544.83711484986,112,0,0,141,0,0,0
95,92,4,11297.4683519955,3747.11042776895,242,0,0,222,0,0,0
95,92,5,9324.0401551543,3164.40283149017,177,1,0,163,0,0,0
95,92,6,10624.6978475946,4840.61246492081,54,0,0,143,0,0,0
95,92,7,24284.0003531481,6671.86511926299,153,0,0,192,0,0,19
95,92,8,0,4,0,0,0,0,0,0,0
95,93,1,9087.5093062999,2501.87138763467,66,0,0,168,0,0,0
95,93,2,9690.37809781093,5561.66679115333,10,0,0,172,0,0,0
95,93,3,9494.07543179112,5466.20634306469,0,0,0,154,0,0,0
95,93,4,11772.4155472184,4362.75049966404,28,0,0,163,0,0,0
95,93,5,9773.72820053059,4257.71230968667,16,0,0,191,0,0,0
95,93,6,11155.8485196196,4643.14330649066,34,0,0,221,0,0,0
95,93,7,24480.086605785,5827.79481043195,65,0,0,176,0,0,0
95,93,8,0,4,0,0,0,0,0,0,0
95,94,1,9150.98673397443,4134.85456118435,229,0,0,21,0,0,0
95,94,2,9982.6030036239,3236.59360563816,205,2,0,210,0,0,11
95,94,3,9880.28360675319,2680.61118926965,263,0,0,283,0,0,0
95,94,4,12138.6353339805,5131.06408231752,226,0,0,210,0,0,0
95,94,5,10114.5874435158,3135.91595068438,213,0,0,212,0,0,0
95,94,6,11403.2756738424,4827.31182040092,204,0,0,198,0,0,27
95,94,7,24615.8389004829,12885.3742777677,232,1,0,208,0,0,25
95,94,8,0,4,0,0,0,0,0,0,0
95,95,1,9265.85993072387,3463.37773718222,8,0,0,212,0,0,0
95,95,2,10138.7185523303,6471.7613591376,0,0,0,248,0,0,0
95,95,3,10044.4691005796,4167.02841068395,0,0,0,248,0,0,0
95,95,4,12306.1708839573,3475.6072171036,12,0,0,231,0,0,0
95,95,5,10230.7801605181,3961.11115622688,5,0,0,182,0,0,0
95,95,6,11603.4500567828,6434.19379075479,11,0,0,234,0,0,0
95,95,7,24641.353629919,16687.9833143738,49,0,0,197,0,0,0
95,95,8,0,4,0,0,0,0,0,0,0
95,96,1,9379.50635566917,3793.88545949092,3,0,0,217,0,0,0
95,96,2,10269.8010988401,4920.89849595006,12,0,0,199,0,0,0
95,96,3,10172.7552103381,4795.0303805172,5,0,0,180,0,0,1
95,96,4,12504.0891220821,6415.48703938784,1,0,0,251,0,0,1
95,96,5,10328.9949565495,3970.55282132912,5,0,0,181,0,0,0
95,96,6,11732.4481490033,6386.52277044171,12,0,0,221,0,0,0
95,96,7,24669.7124495794,16063.0542877243,41,0,0,203,0,0,0
95,96,8,0,4,0,0,0,0,0,0,0
95,97,1,9562.7775747303,3949.75414964359,3,0,0,228,0,0,1
95,97,2,10439.6578705171,2947.40375887451,8,0,0,190,0,0,0
95,97,3,10313.1988414859,5785.96967524288,8,0,0,187,0,0,0
95,97,4,12713.2891426485,6142.74593069174,10,0,0,261,0,0,1
95,97,5,10443.8546320682,5565.58552465136,5,0,0,199,0,0,0
95,97,6,11912.3898362755,2006.64146506321,9,0,0,261,0,0,3
95,97,7,24705.9344920696,7640.49800486527,38,0,0,187,0,0,1
95,97,8,0,4,0,0,0,0,0,0,0
95,98,1,9756.60279132961,3992.59628348369,119,0,0,154,0,0,0
95,98,2,10629.2105970314,3467.63263921421,68,0,0,158,0,0,0
95,98,3,10656.3060801084,2643.48378208807,172,0,0,233,0,0,0
95,98,4,13137.893672549,5001.05460898517,190,0,0,233,0,0,1
95,98,5,10730.4016759576,3258.40411581662,165,0,0,225,0,0,0
95,98,6,12152.0846236842,6000.77250049332,24,0,0,152,0,0,0
95,98,7,24813.8843216901,5018.92674394407,245,0,0,245,0,0,19
95,98,8,0,4,0,0,0,0,0,0,0
95,99,1,9853.21515830956,3802.4463104826,147,0,0,119,0,0,0
95,99,2,10825.0942833926,4282.31931050445,96,0,0,164,0,0,0
95,99,3,10850.7624699734,4433.00345630729,63,0,0,144,0,0,0
95,99,4,13518.9551553431,4289.84121734926,150,0,0,215,0,0,0
95,99,5,10906.900844384,4839.27694468889,85,0,0,163,0,0,0
95,99,6,12430.381100517,3756.8180856057,197,0,0,220,0,0,4
95,99,7,24890.8490193023,12226.2506147396,155,0,0,207,0,0,0
95,99,8,0,4,0,0,0,0,0,0,0
95,100,1,9941.6066452036,4712.3455684632,9,0,0,165,0,0,0
95,100,2,11029.1084566904,4436.90057337433,8,0,0,249,0,0,0
95,100,3,10962.8565665259,5665.52474909033,11,0,0,181,0,0,0
95,100,4,13698.5992399354,5591.12987139102,7,0,0,209,0,0,0
95,100,5,11006.7094337839,4408.05880171275,13,0,0,188,0,0,0
95,100,6,12774.658435123,8956.06740399826,0,0,0,340,0,0,0
95,100,7,24945.2545662157,9853.79233262057,42,0,0,275,0,0,0
95,100,8,0,4,0,0,0,0,0,0,0
96,1,1,2704.24,1634.17109872154,0,0,0,99,0,0,0
96,1,2,2700.192,1312.39204124581,0,0,0,65,0,0,0
96,1,3,2705.016,1218.66134247255,0,0,0,83,0,0,0
96,1,4,2706.176,661.198940522441,0,0,0,89,0,0,0
96,1,5,2706.2896,1392.6748513669,0,0,0,95,0,0,0
96,1,6,2693.392,1376.29259673234,0,0,0,15,0,0,0
96,1,7,20995.3823999999,11134.902578936,0,0,0,78,0,0,0
96,1,8,0,3,0,0,0,74,0,0,0
96,2,1,2721.2176,1385.71513845168,0,0,0,162,0,0,0
96,2,2,2714.63199999999,433.815931894955,0,0,0,131,0,0,0
96,2,3,2719.9296,1659.39396077986,0,0,0,121,0,0,0
96,2,4,2704.7984,1455.94761656986,0,0,0,66,0,0,0
96,2,5,2723.3088,1586.7730946027,0,0,0,139,0,0,0
96,2,6,2708.592,686.150789407164,0,0,0,137,0,0,0
96,2,7,20952.8655999998,11141.9002734356,12,10,0,268,0,0,0
96,2,8,0,3,0,0,0,0,0,0,0
96,3,1,2730.56352,563.776503788778,0,0,0,138,0,0,0
96,3,2,2710.74719999999,1512.30659996736,0,0,0,43,0,0,0
96,3,3,2740.504,693.860742572032,0,0,0,165,0,0,0
96,3,4,2720.2304,1112.40877078694,0,0,0,145,0,0,0
96,3,5,2742.04832,1775.1897850969,0,0,0,158,0,0,0
96,3,6,2710.3056,790.095822299017,0,0,0,68,0,0,0
96,3,7,20902.3007999997,5251.32878714181,36,0,0,202,0,0,0
96,3,8,0,3,0,0,0,0,0,0,0
96,4,1,2728.02752,982.61398951375,0,0,0,56,0,0,0
96,4,2,2726.7344,1188.49002674906,0,0,0,151,0,0,0
96,4,3,2739.6176,363.502081471515,0,0,0,69,0,0,0
96,4,4,2730.136,1354.38336334091,0,0,0,111,0,0,0
96,4,5,2766.40544,1019.94647500487,0,0,0,177,0,0,0
96,4,6,2711.98112,1235.9290502795,0,0,0,79,0,0,0
96,4,7,20846.6399999996,6700.68668644751,63,0,0,183,0,0,0
96,4,8,0,3,0,0,0,0,0,0,0
96,5,1,2730.78112,766.672962975025,0,0,0,98,0,0,0
96,5,2,2735.3232,976.079241193367,0,0,0,118,0,0,0
96,5,3,2728.146624,1094.97298276036,0,0,0,36,0,0,0
96,5,4,2744.29152,681.248681423116,0,0,0,135,0,0,0
96,5,5,2770.38464,729.47565655841,0,0,0,101,0,0,0
96,5,6,2723.28832,1688.65077096904,0,0,0,123,0,0,0
96,5,7,20781.3292799996,11611.9924261973,0,62,0,174,0,0,0
96,5,8,0,3,0,0,0,0,0,0,0
96,6,1,2726.13088,1222.44428374105,0,0,0,76,0,0,0
96,6,2,2737.9744,1268.41420512003,0,0,0,97,0,0,0
96,6,3,2735.05498880001,1291.66865571127,0,0,0,109,0,0,0
96,6,4,2743.19872,1887.99450649929,0,0,0,68,0,0,0
96,6,5,2771.41504,975.434555423745,0,0,0,72,0,0,0
96,6,6,2736.1209728,1291.75927986989,0,9,0,133,0,0,0
96,6,7,20755.4643199994,7417.03083546296,0,234,0,294,0,0,0
96,6,8,0,3,0,0,0,0,0,0,0
96,7,1,2728.01312,1617.77011690619,0,0,0,122,0,0,0
96,7,2,2742.82816,1107.46354910488,0,0,0,126,0,0,0
96,7,3,2740.82938880001,1372.46427313535,0,0,0,129,0,0,0
96,7,4,2764.436416,1104.91040519026,0,0,0,188,0,0,0
96,7,5,2774.572416,516.571586315873,0,0,0,97,0,0,0
96,7,6,2748.1174528,1604.52299957131,0,0,0,129,0,0,0
96,7,7,20741.1747199994,4798.28941841538,29,0,0,203,0,0,0
96,7,8,0,3,0,0,0,0,0,0,0
96,8,1,2728.22208,1546.26082066331,0,57,0,99,0,0,0
96,8,2,2736.46016,1069.69525157831,0,17,0,92,0,0,0
96,8,3,2734.35137280001,1016.11475592344,0,41,0,92,0,0,0
96,8,4,2763.187392,1423.44894443089,0,23,0,85,0,0,0
96,8,5,2765.7237888,1516.49932699481,0,3,0,48,0,0,0
96,8,6,2753.1497728,1553.37909535614,0,73,0,80,0,0,0
96,8,7,20722.2495359994,9992.85774900844,1,207,0,201,0,0,0
96,8,8,0,3,0,0,0,0,0,0,0
96,9,1,2751.4211072,899.63460216412,0,0,0,154,0,0,0
96,9,2,2745.2077952,925.64311325203,0,0,0,106,0,0,0
96,9,3,2743.96583936001,1106.78550216898,0,0,0,101,0,0,0
96,9,4,2781.71155200001,965.474375229624,0,0,0,142,0,0,0
96,9,5,2789.721984,1153.09030864139,0,0,0,151,0,0,0
96,9,6,2785.3343488,1758.09173067697,0,0,0,155,0,0,0
96,9,7,20748.7477119993,9765.38574920581,26,0,0,201,0,0,0
96,9,8,0,3,0,0,0,0,0,0,0
96,10,1,2754.6796672,1704.90198599588,0,0,0,89,0,0,0
96,10,2,2743.47518720001,1061.49742816362,0,0,0,92,0,0,0
96,10,3,2747.51744256001,730.605706303156,0,0,0,110,0,0,0
96,10,4,2786.97459200001,2021.3438513212,0,0,0,96,0,0,0
96,10,5,2799.80030976,1584.25228610363,0,0,0,115,0,0,0
96,10,6,2810.3771648,694.702042328668,0,0,0,175,0,0,0
96,10,7,20764.4200319993,8306.26224963852,17,2,0,217,0,0,3
96,10,8,0,3,0,0,0,0,0,0,0
96,11,1,2771.899136,969.760152783957,0,0,0,170,0,0,0
96,11,2,2745.07594240001,1181.89914490942,0,0,0,106,0,0,0
96,11,3,2741.67631605762,1381.49795976406,0,0,0,73,0,0,0
96,11,4,2809.13945600001,1253.00517727963,1,0,0,174,0,0,0
96,11,5,2817.76965376,1177.84094289689,0,0,0,158,0,0,0
96,11,6,2814.4007808,1528.17538771612,0,0,0,69,0,0,0
96,11,7,20767.3144319993,12613.7446318305,44,0,0,181,0,0,0
96,11,8,0,3,0,0,0,0,0,0,0
96,12,1,2772.7348096,677.973206189195,0,0,0,96,0,0,0
96,12,2,2749.94410496001,1268.0293908948,0,0,0,118,0,0,0
96,12,3,2751.19647989762,1514.03246505773,0,0,0,138,0,0,0
96,12,4,2816.06553600001,1098.62979760143,0,0,0,125,0,0,0
96,12,5,2824.16285696,969.689280588559,0,0,0,117,0,0,0
96,12,6,2838.0750848,1122.87908539068,0,0,0,152,0,0,0
96,12,7,20785.6138470393,13277.1288478342,38,0,0,286,0,0,0
96,12,8,0,3,0,0,0,0,0,0,0
96,13,1,2769.4337536,1046.73295169801,0,0,0,67,0,0,0
96,13,2,2756.67352576001,1121.37713758699,0,0,0,126,0,0,0
96,13,3,2759.96870389762,1154.49953307893,0,0,0,151,0,0,0
96,13,4,2819.76921600001,1150.84052583055,0,0,0,109,0,0,0
96,13,5,2831.08733696,1252.46986926568,0,0,0,96,0,0,0
96,13,6,2848.9170688,1374.46475901218,0,0,0,112,0,0,0
96,13,7,20791.8852582393,8346.28187802016,31,0,0,216,0,0,0
96,13,8,0,3,0,0,0,0,0,0,0
96,14,1,2774.07109376,940.274695003336,0,0,0,104,0,0,0
96,14,2,2761.31000320001,1007.76307738621,0,0,0,112,0,0,0
96,14,3,2764.70394050562,796.278054534426,0,0,0,115,0,0,0
96,14,4,2826.64409600001,884.488870794561,0,0,0,115,0,0,0
96,14,5,2842.41418496001,1435.99148266841,0,0,0,125,0,0,0
96,14,6,2869.03463680001,643.269660187584,0,0,0,137,0,0,0
96,14,7,20794.5902182392,9604.07118242885,98,0,0,198,0,0,0
96,14,8,0,3,0,0,0,0,0,0,0
96,15,1,2765.99782912001,1255.80730966347,0,0,0,94,0,0,0
96,15,2,2758.29999360001,1472.42761267551,0,0,0,100,0,0,0
96,15,3,2763.30679898114,1008.29259119483,0,0,0,79,0,0,0
96,15,4,2825.08224000001,1029.38191378677,0,0,0,88,0,0,0
96,15,5,2858.42850611201,1175.26600172408,0,0,0,143,0,0,0
96,15,6,2868.58443520001,953.298461664274,0,0,0,64,0,0,0
96,15,7,20791.3912550391,1539.15482458141,89,0,0,170,0,0,0
96,15,8,0,3,0,0,0,0,0,0,0
96,16,1,2751.87359180801,1704.48665104863,0,64,0,61,0,0,0
96,16,2,2747.96239360001,1073.9195474597,0,69,0,78,0,0,0
96,16,3,2751.96611418114,528.815182066445,0,18,0,82,0,0,0
96,16,4,2815.91979520001,1119.34383870245,0,53,0,49,0,0,0
96,16,5,2851.98364211201,628.505030967602,0,70,0,47,0,0,0
96,16,6,2864.7885312,1622.49635890333,0,51,0,44,0,0,0
96,16,7,20759.6967270391,5650.36752563516,0,73,0,80,0,0,0
96,16,8,0,3,0,0,0,0,0,0,0
96,17,1,2770.90542796801,909.267512816321,0,0,0,170,0,0,0
96,17,2,2753.34884096001,485.792214264925,0,0,0,107,0,0,0
96,17,3,2749.77032794114,1337.17292959388,0,0,0,52,0,0,0
96,17,4,2830.64156160001,1225.09594209882,0,0,0,111,0,0,0
96,17,5,2856.20868925441,1288.13127277595,0,0,0,62,0,0,0
96,17,6,2897.59680256001,1183.15933126877,0,0,0,162,0,0,0
96,17,7,20761.941143039,7422.28136775557,27,0,0,196,0,0,0
96,17,8,0,3,0,0,0,0,0,0,0
96,18,1,2774.40485632002,1543.83296105305,0,0,0,90,0,0,0
96,18,2,2746.38594816002,669.948712743249,0,0,0,48,0,0,0
96,18,3,2765.76273446914,1044.4367681947,0,0,0,133,0,0,0
96,18,4,2849.25675776002,1181.49322130162,0,0,0,122,0,0,0
96,18,5,2876.99586326529,840.700023953913,0,0,0,128,0,0,0
96,18,6,2919.11142656001,864.687207573804,0,0,0,118,0,0,0
96,18,7,20772.6838630389,7250.89823237607,33,0,0,216,0,0,0
96,18,8,0,3,0,0,0,0,0,0,0
96,19,1,2788.00192102401,1618.93650516437,0,0,0,154,0,0,0
96,19,2,2735.67721984002,1143.06999461703,0,0,0,66,0,0,0
96,19,3,2774.63314726914,652.372927119985,0,0,0,104,0,0,0
96,19,4,2864.77823232001,978.905698262592,0,0,0,118,0,0,0
96,19,5,2886.20545046529,831.19297680453,0,0,0,84,0,0,0
96,19,6,2927.41063936001,756.886188154845,0,0,0,86,0,0,0
96,19,7,20776.2174310389,5610.64827057289,32,0,0,185,0,0,0
96,19,8,0,3,0,0,0,0,0,0,0
96,20,1,2801.14024722433,1281.93525957722,0,0,0,161,0,0,0
96,20,2,2739.41379584002,1252.50538453994,0,0,0,114,0,0,0
96,20,3,2773.19299366914,1657.795824838,0,0,0,65,0,0,0
96,20,4,2868.93724416001,994.446549892654,0,0,0,97,0,0,0
96,20,5,2890.31784726529,744.434329373396,0,0,0,83,0,0,0
96,20,6,2935.70368512001,1127.8257484415,0,0,0,75,0,0,0
96,20,7,20780.8216422389,5467.06027646851,96,0,0,209,0,0,0
96,20,8,0,3,0,0,0,0,0,0,0
96,21,1,2799.37533458433,717.723320405838,24,0,0,96,0,0,0
96,21,2,2737.11394304002,1476.39354981159,4,0,0,120,0,0,0
96,21,3,2777.23815514114,887.434965764289,19,0,0,141,0,0,0
96,21,4,2877.97879296001,1092.85338529065,0,0,0,99,0,0,0
96,21,5,2891.7669506253,1302.53909272946,0,0,0,74,0,0,0
96,21,6,2950.07463884801,1380.30957941126,0,0,0,112,0,0,0
96,21,7,20791.0825574388,8875.26919219097,228,0,0,250,0,0,0
96,21,8,0,3,0,0,0,0,0,0,0
96,22,1,2793.95938895873,1492.77079999545,0,0,0,71,0,0,0
96,22,2,2747.12452147202,1133.93674836194,0,0,0,147,0,0,0
96,22,3,2779.38674204002,1411.78933409397,0,0,0,88,0,0,0
96,22,4,2889.74775756801,2048.8900360162,0,0,0,109,0,0,0
96,22,5,2911.3415651533,1246.43450617291,0,0,0,130,0,0,0
96,22,6,2975.07197849601,1256.59355335307,0,0,0,138,0,0,0
96,22,7,20804.9136204788,4243.38047065693,58,0,0,175,0,0,0
96,22,8,0,3,0,0,0,0,0,0,0
96,23,1,2801.66109069314,1381.83034218444,1,0,0,146,0,0,0
96,23,2,2742.95752243202,1635.68130710663,0,0,0,113,0,0,0
96,23,3,2784.37474588002,686.380975692182,1,0,0,136,0,0,0
96,23,4,2902.94583808001,1598.44427803659,13,0,0,170,0,0,1
96,23,5,2920.1083337933,1072.69904968203,0,0,0,124,0,0,0
96,23,6,2988.41855129601,965.715634898553,0,0,0,125,0,0,0
96,23,7,20805.7840204787,11899.7320518708,95,0,0,176,0,0,0
96,23,8,0,3,0,0,0,0,0,0,0
96,24,1,2807.18049013762,942.911391683462,0,0,0,138,0,0,0
96,24,2,2749.39240330119,1475.74325129596,0,0,0,163,0,0,0
96,24,3,2772.75203612002,1079.83735578894,0,0,0,68,0,0,0
96,24,4,2913.95066163201,1689.28834305073,0,0,0,159,0,0,0
96,24,5,2921.4030179533,1639.1982464045,0,0,0,107,0,0,0
96,24,6,2997.28849049601,510.908814924013,0,0,0,96,0,0,0
96,24,7,20815.2879738867,14416.8590682539,0,47,0,212,0,0,0
96,24,8,0,3,0,0,0,0,0,0,0
96,25,1,2809.48145100802,868.492559160043,0,0,0,94,0,0,0
96,25,2,2743.97911341959,642.488747638351,0,0,0,147,0,0,0
96,25,3,2769.25593269601,944.928465531098,0,0,0,107,0,0,0
96,25,4,2926.23733954561,1488.6938456247,0,0,0,168,0,0,0
96,25,5,2933.9679689933,885.718446755377,0,0,0,163,0,0,0
96,25,6,2987.88915353601,1844.02300872853,0,0,0,51,0,0,0
96,25,7,20820.2215034867,4915.56061168159,0,171,0,213,0,0,0
96,25,8,0,3,0,0,0,0,0,0,0
96,26,1,2807.21438917019,787.250850278094,0,0,0,86,0,0,0
96,26,2,2729.93586078599,1844.85589026585,0,0,0,64,0,0,0
96,26,3,2762.212453626,1145.24172980556,0,0,0,94,0,0,0
96,26,4,2933.34723368961,712.05317851555,0,0,0,148,0,0,0
96,26,5,2934.81793911196,1301.10931399079,0,0,0,88,0,0,0
96,26,6,3018.97269196801,1091.26454780934,0,0,0,184,0,0,0
96,26,7,20849.7008250867,8463.40881873809,52,0,0,205,0,0,0
96,26,8,0,3,0,0,0,0,0,0,0
96,27,1,2796.14181880219,938.090870454929,0,0,0,78,0,0,0
96,27,2,2742.53066490759,1868.6324638563,0,0,0,184,0,0,0
96,27,3,2763.47711842728,1086.86984317072,0,0,0,114,0,0,0
96,27,4,2919.86783846401,792.811643278472,0,0,0,71,0,0,0
96,27,5,2939.34921949596,1118.19587525687,0,0,0,130,0,0,0
96,27,6,3025.19834357762,1264.33140028107,0,0,0,109,0,0,0
96,27,7,20869.0182010867,8796.70795617908,39,0,0,189,0,0,0
96,27,8,0,3,0,0,0,0,0,0,0
96,28,1,2789.15707878934,1322.15625856741,0,0,0,93,0,0,0
96,28,2,2747.86662660999,807.882756747492,0,1,0,171,0,0,0
96,28,3,2752.72031248808,900.087381060167,0,0,0,108,0,0,0
96,28,4,2909.92472074241,852.161227651727,0,0,0,79,0,0,0
96,28,5,2939.74888589724,1802.00614772165,0,0,0,111,0,0,0
96,28,6,3037.62967746562,1141.77451995051,0,0,0,126,0,0,0
96,28,7,20908.2158842867,9784.05698627951,0,40,0,322,0,0,0
96,28,8,0,3,0,0,0,0,0,0,0
96,29,1,2772.80018714134,1407.59775065202,0,74,0,58,0,0,0
96,29,2,2720.43719666567,602.405963805912,0,35,0,45,0,0,0
96,29,3,2732.9224500676,604.925475276576,0,47,0,43,0,0,0
96,29,4,2878.42087127041,1805.37027515142,0,61,0,24,0,0,0
96,29,5,2929.65722878364,1270.53312237104,0,93,0,87,0,0,0
96,29,6,3035.16227266562,1224.15306599377,0,58,0,56,0,0,0
96,29,7,20919.4111994866,8600.06536187985,9,162,0,174,0,0,0
96,29,8,0,3,0,0,0,0,0,0,0
96,30,1,2785.3695637668,495.811813031651,0,0,0,140,0,0,0
96,30,2,2717.85930494855,737.058534712011,0,0,0,60,0,0,0
96,30,3,2727.57656121768,1020.52319931789,0,0,0,60,0,0,0
96,30,4,2896.77612451841,1088.41865570449,0,0,0,180,0,0,0
96,30,5,2949.90445776571,2024.95188210097,0,0,0,127,0,0,0
96,30,6,3066.64198307841,1266.72388876735,0,0,0,122,0,0,0
96,30,7,20971.2375013362,9956.14804102671,26,0,0,208,0,0,0
96,30,8,0,3,0,0,0,0,0,0,0
96,31,1,2781.15433140635,1290.0743459861,0,0,0,49,0,0,0
96,31,2,2714.18872491886,547.423492234278,0,0,0,73,0,0,0
96,31,3,2740.55170463673,1180.75483356357,0,0,0,102,0,0,0
96,31,4,2911.61059387393,822.636838342418,0,0,0,108,0,0,0
96,31,5,2999.47761782459,1114.80041443481,0,0,0,202,0,0,0
96,31,6,3104.35463065602,642.447520642045,0,0,0,126,0,0,0
96,31,7,21024.2842797042,9720.36916971614,20,0,0,208,0,0,0
96,31,8,0,3,0,0,0,0,0,0,0
96,32,1,2803.86299514937,1099.76676807563,0,0,0,129,0,0,0
96,32,2,2707.49580584814,924.832959987121,0,0,0,54,0,0,0
96,32,3,2754.89397518004,1573.34394014091,0,0,0,118,0,0,0
96,32,4,2916.04818309055,982.712331021953,0,0,0,82,0,0,0
96,32,5,3014.4080833913,1205.81854990197,0,0,0,111,0,0,0
96,32,6,3114.71988674562,2118.58054539355,0,0,0,64,0,0,0
96,32,7,21077.0585961253,6322.44601042798,19,0,0,218,0,0,0
96,32,8,0,3,0,0,0,0,0,0,0
96,33,1,2812.16667920113,979.920524281109,0,0,0,109,0,0,0
96,33,2,2708.61442568456,847.105730956101,0,0,0,92,0,0,0
96,33,3,2767.83436961148,866.773504925638,0,0,0,157,0,0,0
96,33,4,2917.14237756147,1105.99355498239,0,0,0,98,0,0,0
96,33,5,3033.55167643666,887.358926246652,0,0,0,120,0,0,0
96,33,6,3158.52643911681,1393.31469766113,5,0,0,175,0,0,4
96,33,7,21104.2599099173,4963.26017186501,84,0,0,159,0,0,1
96,33,8,0,3,0,0,0,0,0,0,0
96,34,1,2816.14087718641,1351.50115467847,0,0,0,97,0,0,0
96,34,2,2701.74067597576,995.727425977584,0,0,0,84,0,0,0
96,34,3,2761.853066295,627.259756310612,0,0,0,86,0,0,0
96,34,4,2912.64391058572,1048.90209169754,3,0,0,106,0,0,0
96,34,5,3031.23860766738,1258.57127513482,1,0,0,87,0,0,0
96,34,6,3179.55316049921,807.440752691988,9,0,0,126,0,0,0
96,34,7,21128.1213959973,11925.1485037681,197,0,0,195,0,0,4
96,34,8,0,3,0,0,0,0,0,0,0
96,35,1,2823.67008008331,958.060414141039,0,0,0,135,0,0,0
96,35,2,2702.34680197384,1396.61140814675,0,0,0,99,0,0,0
96,35,3,2747.404885559,892.047004648111,0,0,0,62,0,0,0
96,35,4,2905.47742784652,1452.94137602114,0,0,0,104,0,0,0
96,35,5,3035.74466084472,1379.6377408326,0,0,0,125,0,0,0
96,35,6,3186.85486579713,1911.26988322809,0,0,0,80,0,0,0
96,35,7,21155.3646031652,6141.6547612064,37,0,0,178,0,0,0
96,35,8,0,3,0,0,0,0,0,0,0
96,36,1,2829.03487495527,1499.40455453944,0,0,0,95,0,0,0
96,36,2,2717.35437669107,1225.74383826656,0,0,0,139,0,0,0
96,36,3,2740.39983053158,621.237312411992,0,0,0,89,0,0,0
96,36,4,2914.50850954053,1313.66294991664,0,0,0,145,0,0,0
96,36,5,3061.46334521365,916.584730000948,0,0,0,137,0,0,0
96,36,6,3227.46470432769,1246.25163915472,9,0,0,141,0,0,0
96,36,7,21195.3732760356,9816.86165297261,80,0,0,174,0,0,0
96,36,8,0,3,0,0,0,0,0,0,0
96,37,1,2856.21211611762,1223.20314151838,0,0,0,149,0,0,0
96,37,2,2727.50749064005,1484.63643113996,0,0,0,122,0,0,0
96,37,3,2734.34323525626,1459.56334137735,0,0,0,62,0,0,0
96,37,4,2924.09522682201,1077.55107823151,0,0,0,131,0,0,0
96,37,5,3065.59757465448,838.317580012203,0,0,0,91,0,0,0
96,37,6,3261.31803799553,1540.33615192128,0,0,0,124,0,0,0
96,37,7,21274.1455960581,8489.72169938859,40,0,0,317,0,0,0
96,37,8,0,3,0,0,0,0,0,0,0
96,38,1,2864.65397090153,1284.89001736188,0,0,0,122,0,0,0
96,38,2,2732.31775252989,956.798846368183,0,0,0,148,0,0,0
96,38,3,2741.37446109178,926.106632183014,0,0,0,145,0,0,0
96,38,4,2923.23520390693,1169.26750446961,0,0,0,107,0,0,0
96,38,5,3072.14439255011,765.03222368538,0,0,0,83,0,0,0
96,38,6,3292.24010971547,1147.93362498845,0,0,0,154,0,0,0
96,38,7,21297.3068867282,12296.0219908515,0,66,0,183,0,0,0
96,38,8,0,3,0,0,0,0,0,0,0
96,39,1,2888.65055811892,298.813094650585,0,0,0,128,0,0,0
96,39,2,2737.6684377827,1470.9036563591,0,0,0,95,0,0,0
96,39,3,2736.1574971155,1257.60534012735,0,0,0,92,0,0,0
96,39,4,2925.55491366617,935.892673138152,0,0,0,116,0,0,0
96,39,5,3076.17250553761,1770.68891116614,0,0,0,76,0,0,0
96,39,6,3318.37961491744,1118.1709532361,0,0,0,114,0,0,0
96,39,7,21359.9657460958,11160.4521276486,0,174,0,226,0,0,0
96,39,8,0,3,0,0,0,0,0,0,0
96,40,1,2871.82814069044,793.948770054958,0,0,0,29,0,0,0
96,40,2,2743.57652119323,1057.08249651038,0,0,0,147,0,0,0
96,40,3,2723.32425702611,1133.94577784246,0,0,0,125,0,0,0
96,40,4,2906.30933986722,1626.80052853327,0,0,0,93,0,0,0
96,40,5,3086.53370297863,1146.9223835513,0,0,0,171,0,0,0
96,40,6,3328.88371805144,2048.03175848195,0,0,0,111,0,0,0
96,40,7,21396.176352999,5527.38211966944,0,89,0,216,0,0,0
96,40,8,0,3,0,0,0,0,0,0,0
96,41,1,2864.2423077773,575.046338954354,0,0,0,79,0,0,0
96,41,2,2741.26536317928,2073.80101499129,0,0,0,105,0,0,0
96,41,3,2713.92085647091,761.529340353258,0,0,0,113,0,0,0
96,41,4,2910.5944951253,848.529763158739,0,0,0,161,0,0,0
96,41,5,3090.28656784496,1446.2874683044,0,0,0,114,0,0,0
96,41,6,3361.31919888959,1814.62363037593,0,6,0,179,0,0,0
96,41,7,21452.9095046611,6240.81870894681,0,94,0,204,0,0,0
96,41,8,0,3,0,0,0,0,0,0,0
96,42,1,2842.1375813517,1184.78614704469,0,53,0,4,0,0,0
96,42,2,2733.96651589838,1437.37434316387,0,94,0,113,0,0,0
96,42,3,2688.39059463431,1259.69479252551,0,28,0,48,0,0,0
96,42,4,2882.41954422002,1476.73000490888,0,31,0,53,0,0,0
96,42,5,3077.84141065983,2112.11629503793,0,73,0,71,0,0,0
96,42,6,3369.01408810518,965.799065365701,0,96,0,85,0,0,0
96,42,7,21526.8194740773,10123.7998368962,2,268,0,232,0,0,0
96,42,8,0,3,0,0,0,0,0,0,0
96,43,1,2848.87176375628,788.681170622599,0,0,0,118,0,0,0
96,43,2,2742.27229488457,1362.50423578947,0,0,0,143,0,0,0
96,43,3,2692.13102694147,347.520991392298,0,0,0,125,0,0,0
96,43,4,2893.00239925518,679.53029570976,0,0,0,147,0,0,0
96,43,5,3112.30058879928,880.89576452617,0,0,0,208,0,0,0
96,43,6,3384.67709661303,1360.04969748768,0,0,0,96,0,0,0
96,43,7,21571.309148006,6991.59935484258,23,1,0,195,0,0,0
96,43,8,0,3,0,0,0,0,0,0,0
96,44,1,2850.95994861842,1691.71714663525,0,0,0,78,0,0,0
96,44,2,2743.31089143473,389.450434318049,0,0,0,136,0,0,0
96,44,3,2671.89114034333,923.514820800062,0,0,0,34,0,0,0
96,44,4,2880.65894307405,1333.74021479623,0,0,0,67,0,0,0
96,44,5,3112.79764795935,1629.4095300665,0,0,0,88,0,0,0
96,44,6,3413.12016719991,1873.59280879629,0,0,0,136,0,0,0
96,44,7,21619.3449902424,6371.06856350026,57,0,0,221,0,0,0
96,44,8,0,3,0,0,0,0,0,0,0
96,45,1,2876.61361946426,1302.38047771584,0,0,0,169,0,0,0
96,45,2,2728.41167384552,630.614044148848,0,0,0,38,0,0,0
96,45,3,2664.21757557031,1285.15694806411,0,0,0,92,0,0,0
96,45,4,2884.94168228434,841.638809059517,0,0,0,133,0,0,0
96,45,5,3132.98892135804,1070.35726285774,0,0,0,162,0,0,0
96,45,6,3456.35741559542,2197.91486212553,0,0,0,187,0,0,0
96,45,7,21651.1123586236,9686.01562589344,88,0,0,160,0,0,0
96,45,8,0,3,0,0,0,0,0,0,0
96,46,1,2894.34727196298,1014.89798186849,0,0,0,130,0,0,0
96,46,2,2719.90114403456,727.339499254054,0,0,0,63,0,0,0
96,46,3,2685.83616533304,1098.84600009138,0,0,0,128,0,0,0
96,46,4,2887.72652609182,983.266361763033,0,0,0,84,0,0,0
96,46,5,3157.63307487606,1218.78034365486,0,0,0,107,0,0,0
96,46,6,3518.56586789225,1855.8174084494,0,0,0,213,0,0,0
96,46,7,21706.508885109,9819.79207165816,49,0,0,188,0,0,0
96,46,8,0,3,0,0,0,0,0,0,0
96,47,1,2909.01104476447,1560.76136565421,0,0,0,101,0,0,0
96,47,2,2720.79302045531,1670.72734234826,0,0,0,72,0,0,0
96,47,3,2719.23281220921,915.518678818849,0,0,0,109,0,0,0
96,47,4,2910.38327724558,784.496313547832,0,0,0,98,0,0,0
96,47,5,3192.58093392158,563.082165430728,0,0,0,121,0,0,0
96,47,6,3586.11535188971,1143.3774595896,0,0,0,185,0,0,0
96,47,7,21780.784875185,8643.51268257836,35,0,0,217,0,0,2
96,47,8,0,3,0,0,0,0,0,0,0
96,48,1,2925.53750315926,1292.50563582674,1,0,0,149,0,0,0
96,48,2,2722.37884107934,1116.33781078479,2,0,0,155,0,0,0
96,48,3,2700.93523970548,420.3702725729,0,0,0,91,0,0,0
96,48,4,2901.09657483795,936.614531652222,0,0,0,78,0,0,0
96,48,5,3182.63430552985,1363.95283892722,0,0,0,56,0,0,0
96,48,6,3600.10224235974,1365.61907968497,0,0,0,114,0,0,0
96,48,7,21814.4963564994,6126.19417378575,156,0,0,202,0,0,0
96,48,8,0,3,0,0,0,0,0,0,0
96,49,1,2939.77663747746,1328.05048539223,0,0,0,129,0,0,0
96,49,2,2720.5128263115,1211.22524571673,0,0,0,111,0,0,0
96,49,3,2679.81058162549,1400.81389732975,0,0,0,42,0,0,0
96,49,4,2898.95674185223,598.141937948728,0,0,0,93,0,0,0
96,49,5,3198.36851272625,1168.33557873394,0,0,0,136,0,0,0
96,49,6,3613.95526610587,1059.74223028698,5,0,0,127,0,0,0
96,49,7,21855.9468230927,10563.5054250276,203,0,0,226,0,0,0
96,49,8,0,3,0,0,0,0,0,0,0
96,50,1,2953.66668748034,545.603546610095,0,0,0,132,0,0,0
96,50,2,2713.29995763715,1441.75372800115,0,0,0,121,0,0,0
96,50,3,2681.5386225019,701.704161543615,0,0,0,140,0,0,0
96,50,4,2886.10336697682,611.563580852084,0,0,0,59,0,0,0
96,50,5,3196.76070388558,853.846264383681,0,0,0,116,0,0,0
96,50,6,3629.64721630229,910.173686675109,0,0,0,105,0,0,0
96,50,7,21916.7599791439,7805.71368256158,53,0,0,185,0,0,0
96,50,8,0,3,0,0,0,0,0,0,0
96,51,1,2932.97443657912,1342.71654642515,0,0,0,54,0,0,0
96,51,2,2710.06147933094,793.125360296865,0,9,0,127,0,0,0
96,51,3,2665.72866179827,730.6170495944,0,0,0,70,0,0,0
96,51,4,2864.43713617407,1056.35928083122,0,0,0,61,0,0,0
96,51,5,3186.81279410776,826.268743339071,0,0,0,85,0,0,0
96,51,6,3634.003227549,1239.48503099011,0,0,0,91,0,0,0
96,51,7,21970.7424727784,9923.02637065425,0,273,0,289,0,0,0
96,51,8,0,3,0,0,0,0,0,0,0
96,52,1,2935.45464814899,797.749369348602,0,0,0,134,0,0,0
96,52,2,2699.38221620887,926.533829402032,0,0,0,79,0,0,0
96,52,3,2649.90097507847,915.755267637003,0,0,0,73,0,0,0
96,52,4,2848.56483202985,1309.74411296151,0,0,0,105,0,0,0
96,52,5,3180.831214484,1296.54448764885,0,0,0,82,0,0,0
96,52,6,3647.09022615385,1486.94234174672,0,0,0,123,0,0,0
96,52,7,22037.8517862939,3689.20063522192,0,227,0,288,0,0,0
96,52,8,0,3,0,0,0,0,0,0,0
96,53,1,2933.05199933903,1508.11407754367,0,0,0,79,0,0,0
96,53,2,2688.89757581812,1312.96734806543,0,0,0,92,0,0,0
96,53,3,2634.11820624079,1126.65109473489,0,0,0,91,0,0,0
96,53,4,2849.66748123761,1077.34304211579,0,0,0,130,0,0,0
96,53,5,3176.3705387557,2183.00626585015,0,0,0,129,0,0,0
96,53,6,3671.35737959901,2044.85765153162,0,0,0,148,0,0,0
96,53,7,22064.2159721437,5542.43244197251,0,89,0,162,0,0,0
96,53,8,0,3,0,0,0,0,0,0,0
96,54,1,2907.15342907892,1008.97069378813,0,122,0,28,0,0,0
96,54,2,2671.33732120239,1114.70808175415,0,64,0,67,0,0,0
96,54,3,2607.62741132036,1572.0346448198,0,48,0,64,0,0,0
96,54,4,2828.53503913988,1653.45145446451,0,56,0,51,0,0,0
96,54,5,3171.4414009292,2223.53683079947,0,106,0,112,0,0,0
96,54,6,3677.21666357616,1640.39133746916,0,98,0,106,0,0,0
96,54,7,22093.1258596317,1978.98015547194,5,176,0,191,0,0,0
96,54,8,0,3,0,0,0,0,0,0,0
96,55,1,2905.08168336314,1060.73878264904,48,0,0,52,0,0,0
96,55,2,2666.08809562425,757.994958357889,55,0,0,56,0,0,0
96,55,3,2598.40530490929,1022.60041969077,79,0,0,78,0,0,0
96,55,4,2826.98231419539,813.782299618913,86,0,0,79,0,0,0
96,55,5,3186.08349708457,1239.70437418732,105,0,0,117,0,0,0
96,55,6,3700.51542683999,2215.8143090009,72,0,0,92,0,0,0
96,55,7,22115.6135990442,11595.6825899283,93,0,0,104,0,0,0
96,55,8,0,3,0,0,0,0,0,0,0
96,56,1,2916.25694780445,1260.13669218003,0,0,0,106,0,0,0
96,56,2,2664.94919986366,633.557382896738,0,0,0,75,0,0,0
96,56,3,2606.06051111259,1445.24967220767,0,0,0,102,0,0,0
96,56,4,2840.32751214582,1426.69561581913,0,0,0,81,0,0,0
96,56,5,3209.80650099119,788.751607447419,0,0,0,123,0,0,0
96,56,6,3751.57896086829,1825.69219389099,0,0,0,197,0,0,0
96,56,7,22120.1815995562,9804.94605216996,23,1,0,217,0,0,0
96,56,8,0,3,0,0,0,0,0,0,0
96,57,1,2940.75754151218,1215.90848055629,0,0,0,126,0,0,0
96,57,2,2663.4087690014,1132.37815698842,0,0,0,63,0,0,0
96,57,3,2637.41722606027,1010.76299861448,0,0,0,144,0,0,0
96,57,4,2873.18058828849,1107.78884313274,0,0,0,142,0,0,0
96,57,5,3229.7274509557,1474.81824019209,0,0,0,78,0,0,0
96,57,6,3830.34364815777,2460.75526848094,0,0,0,182,0,0,0
96,57,7,22206.9910073156,8266.50495886277,17,0,0,276,0,0,0
96,57,8,0,3,0,0,0,0,0,0,0
96,58,1,2952.88861876118,1570.52173245437,0,0,0,121,0,0,0
96,58,2,2681.16645710574,1029.37047501896,0,0,0,113,0,0,0
96,58,3,2649.01132169959,1350.81148817524,0,0,0,101,0,0,0
96,58,4,2883.4667743899,1026.76812441703,0,0,0,110,0,0,0
96,58,5,3265.92810184926,506.283349904397,0,0,0,147,0,0,0
96,58,6,3903.39990470109,1277.53696655384,0,0,0,244,0,0,0
96,58,7,22212.5203830596,7581.50199309842,40,0,0,178,0,0,0
96,58,8,0,3,0,0,0,0,0,0,0
96,59,1,2983.58437200176,1298.25145348926,0,0,0,157,0,0,0
96,59,2,2689.71018750494,1520.28982445051,0,0,0,102,0,0,0
96,59,3,2666.61990315293,1505.9925385648,0,0,0,135,0,0,0
96,59,4,2900.10154801319,1381.31254971894,0,0,0,102,0,0,0
96,59,5,3269.82581976845,1732.16804465641,0,0,0,50,0,0,0
96,59,6,3941.06778901031,2148.70830970469,0,0,0,127,0,0,0
96,59,7,22230.0465506451,6254.2019695594,63,0,0,201,0,0,0
96,59,8,0,3,0,0,0,0,0,0,0
96,60,1,3002.6877956226,421.130109685155,0,0,0,129,0,0,0
96,60,2,2721.15561306954,869.625083958419,0,0,0,152,0,0,0
96,60,3,2692.04424082345,631.813326459717,0,0,0,150,0,0,0
96,60,4,2933.67351961179,953.197443006979,0,0,0,138,0,0,0
96,60,5,3321.93337589399,1360.25052397956,0,0,0,173,0,0,0
96,60,6,4014.00423406268,1314.99472459211,12,0,0,166,0,0,0
96,60,7,22258.6161207908,9405.9149006985,111,0,0,181,0,0,0
96,60,8,0,3,0,0,0,0,0,0,0
96,61,1,2992.47161610354,864.054749834639,0,0,0,42,0,0,0
96,61,2,2728.86357681122,1791.6677010394,0,0,0,86,0,0,0
96,61,3,2687.75232465361,1343.31522435145,0,0,0,63,0,0,0
96,61,4,2939.77844890699,385.1732812197,0,0,0,95,0,0,0
96,61,5,3345.28776794656,1857.572493876,0,0,0,136,0,0,0
96,61,6,4055.68024192394,2302.04582989834,0,0,0,131,0,0,0
96,61,7,22287.2443843623,11740.4592126885,51,0,0,210,0,0,0
96,61,8,0,3,0,0,0,0,0,0,0
96,62,1,3018.261816689,1349.02555238897,0,0,0,86,0,0,0
96,62,2,2767.01322986431,656.405072644094,0,0,0,171,0,0,0
96,62,3,2721.67573250491,767.277907201141,0,0,0,134,0,0,0
96,62,4,2938.18463916393,1417.07597143802,0,0,0,38,0,0,0
96,62,5,3391.95421220854,1756.42725110157,0,0,0,185,0,0,0
96,62,6,4144.97142479473,1337.09343605947,0,0,0,230,0,0,0
96,62,7,22349.9120806224,3210.14219205735,41,0,0,179,0,0,0
96,62,8,0,3,0,0,0,0,0,0,0
96,63,1,3037.89417040559,1693.332067371,0,0,0,134,0,0,0
96,63,2,2768.06351811625,853.116433519078,0,0,0,65,0,0,0
96,63,3,2721.5328630907,1198.90313329163,0,0,0,76,0,0,0
96,63,4,2952.33225092515,1386.00424439095,0,0,0,141,0,0,0
96,63,5,3418.28301053255,1169.94932791435,8,0,0,154,0,0,0
96,63,6,4184.35500845877,1402.72598355618,0,0,0,133,0,0,0
96,63,7,22345.3567916192,2845.61649474706,67,0,0,140,0,0,0
96,63,8,0,3,0,0,0,0,0,0,0
96,64,1,3055.35889853606,936.810367879593,16,0,0,145,0,0,0
96,64,2,2768.0661552482,1785.09165621717,0,0,0,85,0,0,0
96,64,3,2717.37615871439,484.286034248175,0,0,0,119,0,0,0
96,64,4,2964.35252558552,1186.96077876376,1,0,0,137,0,0,0
96,64,5,3429.01417140763,2094.35550839941,10,0,0,101,0,0,0
96,64,6,4205.10198346052,2061.09403566104,12,0,0,122,0,0,0
96,64,7,22322.7181039571,14974.216039804,96,0,0,140,0,0,0
96,64,8,0,3,0,0,0,0,0,0,0
96,65,1,3048.17452012981,736.209818283446,0,0,0,93,0,0,0
96,65,2,2793.17173994315,1307.77980767899,0,0,0,178,0,0,0
96,65,3,2707.02862755151,538.36214585917,0,0,0,48,0,0,0
96,65,4,2965.12573677747,1651.76170259692,0,0,0,118,0,0,0
96,65,5,3462.38273818409,1579.03642056816,0,0,0,204,0,0,0
96,65,6,4255.7398922865,2604.91075187779,0,0,0,195,0,0,0
96,65,7,22309.9513955848,5702.683147177,14,11,0,197,0,0,0
96,65,8,0,3,0,0,0,0,0,0,0
96,66,1,3053.43431739137,1760.0120900904,0,0,0,73,0,0,0
96,66,2,2816.16096013993,1173.9335491396,0,0,0,130,0,0,0
96,66,3,2698.07146762826,961.644691664758,0,0,0,53,0,0,0
96,66,4,2979.88746781495,1765.53749044359,0,33,0,122,0,0,0
96,66,5,3497.8031989223,1469.79593376498,0,15,0,138,0,0,0
96,66,6,4310.00955832265,2254.92213160214,0,103,0,126,0,0,0
96,66,7,22349.8215146421,5138.54987428522,0,243,0,252,0,0,0
96,66,8,0,3,0,0,0,0,0,0,0
96,67,1,3098.66260576863,1397.35454250508,0,0,0,171,0,0,0
96,67,2,2830.97267211458,1370.22234144875,0,0,0,117,0,0,0
96,67,3,2700.67911797411,739.943855164849,0,0,0,96,0,0,0
96,67,4,3014.10244747348,1843.68316107694,0,0,0,176,0,0,0
96,67,5,3535.04789689983,1872.4628641187,0,0,0,146,0,0,0
96,67,6,4407.64672689119,2920.03865163839,4,0,0,192,0,0,0
96,67,7,22400.2354319773,13925.9506125989,42,0,0,196,0,0,0
96,67,8,0,3,0,0,0,0,0,0,0
96,68,1,3118.58891379025,973.311903564303,0,0,0,139,0,0,0
96,68,2,2845.13128623459,1580.68727347283,0,0,0,137,0,0,0
96,68,3,2686.47968439748,1165.48589460157,0,0,0,73,0,0,0
96,68,4,3046.86978649157,965.888704190744,0,0,0,184,0,0,0
96,68,5,3573.36139511122,1889.77552416069,0,0,0,184,0,0,0
96,68,6,4474.41886511151,2072.04134915851,2,0,0,182,0,0,0
96,68,7,22444.4469111404,4819.11887435778,28,0,0,270,0,0,0
96,68,8,0,3,0,0,0,0,0,0,0
96,69,1,3131.36931327635,1265.57351412309,0,0,0,97,0,0,0
96,69,2,2863.68548175135,508.519467473661,0,0,0,158,0,0,0
96,69,3,2697.61776395364,540.290896774648,0,0,0,116,0,0,0
96,69,4,3056.97126058676,1164.58337742287,0,0,0,96,0,0,0
96,69,5,3611.68963146415,1893.6923362257,4,0,0,163,0,0,0
96,69,6,4564.86539709174,1244.31811962018,4,0,0,175,0,0,0
96,69,7,22472.4898771171,5615.37979184802,52,0,0,167,0,0,0
96,69,8,0,3,0,0,0,0,0,0,0
96,70,1,3163.05904991334,2371.74551140535,0,0,0,126,0,0,0
96,70,2,2856.18216851335,1940.46766738486,0,0,0,50,0,0,0
96,70,3,2695.79449946116,998.283965376743,0,0,0,54,0,0,0
96,70,4,3068.970570067,1339.21503785187,0,0,0,116,0,0,0
96,70,5,3670.25040046378,1262.84442335467,0,0,0,186,0,0,0
96,70,6,4613.59003267069,1802.95416571818,0,0,0,124,0,0,0
96,70,7,22522.2208184886,5032.38336621593,38,0,0,221,0,0,0
96,70,8,0,3,0,0,0,0,0,0,0
96,71,1,3191.49288286455,1418.49500026522,32,0,0,147,0,0,0
96,71,2,2887.61053574526,1033.19832921585,7,0,0,172,0,0,1
96,71,3,2695.86351749028,977.358718954713,0,0,0,99,0,0,0
96,71,4,3094.62928727399,1338.82964908,0,0,0,133,0,0,0
96,71,5,3697.73987300155,1644.81106636311,0,0,0,126,0,0,0
96,71,6,4686.02320729677,1691.77430716056,2,0,0,174,0,0,0
96,71,7,22539.4122304049,8063.01008200304,124,0,0,152,0,0,0
96,71,8,0,3,0,0,0,0,0,0,0
96,72,1,3236.28464142598,1603.9946681011,0,0,0,141,0,0,0
96,72,2,2902.06201027713,1743.28135889991,0,0,0,103,0,0,0
96,72,3,2702.40284120682,643.410878715467,0,0,0,97,0,0,0
96,72,4,3138.47190210434,877.373388038065,0,0,0,133,0,0,0
96,72,5,3764.22934363028,852.283603220414,0,0,0,164,0,0,0
96,72,6,4780.02257492208,2637.43772853695,0,0,0,169,0,0,0
96,72,7,22612.0647670199,9346.89375705767,0,42,0,172,0,0,0
96,72,8,0,3,0,0,0,0,0,0,0
96,73,1,3255.48891566455,727.974208841432,0,14,0,132,0,0,0
96,73,2,2922.53290120588,826.131090375947,0,12,0,149,0,0,0
96,73,3,2683.49978648756,903.673333463477,0,0,0,64,0,0,0
96,73,4,3132.94370650681,1073.02527508317,0,0,0,87,0,0,0
96,73,5,3763.78969783293,1042.99327829956,0,0,0,85,0,0,0
96,73,6,4824.27763144546,1466.39782873077,0,51,0,160,0,0,0
96,73,7,22656.9165199595,16741.0603786854,2,245,0,240,0,0,0
96,73,8,0,3,0,0,0,0,0,0,0
96,74,1,3243.88815256258,1023.04324465672,0,0,0,72,0,0,0
96,74,2,2914.61590114399,1481.13094845528,0,0,0,82,0,0,0
96,74,3,2672.87384825693,349.034234310184,0,0,0,90,0,0,0
96,74,4,3131.77057166422,2046.88211124922,0,0,0,107,0,0,0
96,74,5,3768.17820556475,2313.54765996315,0,0,0,104,0,0,0
96,74,6,4843.00289752191,2406.23816521759,0,0,0,146,0,0,0
96,74,7,22702.365817515,9763.08549509745,27,2,0,251,0,0,0
96,74,8,0,3,0,0,0,0,0,0,0
96,75,1,3244.04325535281,923.527945582161,0,0,0,102,0,0,0
96,75,2,2926.49986351296,1219.86660873099,0,0,0,148,0,0,0
96,75,3,2658.83544361902,850.539091132589,0,0,0,34,0,0,0
96,75,4,3153.73877257829,1679.06335147686,1,0,0,189,0,0,0
96,75,5,3813.54420042459,2240.89051618078,2,0,0,185,0,0,0
96,75,6,4922.22378821718,2199.08747156398,3,0,0,194,0,0,0
96,75,7,22775.4046698707,9055.07743053333,49,0,0,223,0,0,0
96,75,8,0,3,0,0,0,0,0,0,0
96,76,1,3247.22068922227,911.809432330045,0,0,0,92,0,0,0
96,76,2,2933.08969339856,1423.85180177907,0,0,0,121,0,0,0
96,76,3,2650.43550798381,1849.05181193184,0,0,0,85,0,0,0
96,76,4,3173.67562162315,1903.61329444088,0,0,0,166,0,0,0
96,76,5,3871.98617249044,2668.99548552608,0,0,0,217,0,0,1
96,76,6,5005.99238486089,2508.28869485545,1,0,0,207,0,0,0
96,76,7,22832.1592838765,8896.72598170181,54,0,0,206,0,0,2
96,76,8,0,3,0,0,0,0,0,0,0
96,77,1,3250.51070458491,1315.95635705658,0,0,0,91,0,0,0
96,77,2,2955.3583881169,1653.08525707356,0,0,0,142,0,0,0
96,77,3,2687.90932408419,1179.35594270288,0,0,0,179,0,0,0
96,77,4,3226.95259240656,1147.44035247752,0,0,0,190,0,0,0
96,77,5,3950.42357666395,1669.09424941411,5,0,0,209,0,0,0
96,77,6,5113.10781200593,3779.06451527019,7,0,0,184,0,0,0
96,77,7,22910.1137345018,12149.5634504807,74,0,0,210,0,0,0
96,77,8,0,3,0,0,0,0,0,0,0
96,78,1,3278.81360535316,1095.88092740693,0,0,0,131,0,0,0
96,78,2,2974.01869596867,1349.38782466377,0,0,0,165,0,0,0
96,78,3,2695.10363371085,1740.21211672848,0,0,0,117,0,0,0
96,78,4,3243.54035853475,961.660928131769,0,0,0,114,0,0,0
96,78,5,3997.08671839421,1936.3797068378,0,0,0,166,0,0,0
96,78,6,5197.64578956737,3309.60483902717,5,0,0,260,0,0,0
96,78,7,22944.5410961574,9801.96679884042,47,0,0,211,0,0,0
96,78,8,0,3,0,0,0,0,0,0,0
96,79,1,3292.04437402942,1301.14442921685,0,0,0,109,0,0,0
96,79,2,2994.13906964226,1797.87661540813,0,0,0,134,0,0,0
96,79,3,2706.34418141155,1417.46925072257,0,1,0,165,0,0,0
96,79,4,3234.28351389707,1210.85653484703,0,0,0,96,0,0,0
96,79,5,4054.32008510748,1072.81653749988,0,0,0,193,0,0,0
96,79,6,5261.6978457249,1675.45592985998,0,14,0,204,0,0,0
96,79,7,22977.8390515345,5530.89756061525,0,89,0,192,0,0,0
96,79,8,0,3,0,0,0,0,0,0,0
96,80,1,3295.85902066167,1141.74825136107,0,0,0,130,0,0,0
96,80,2,3008.19289700491,1825.16063367983,0,0,0,179,0,0,0
96,80,3,2707.48428629884,1722.32048204261,0,0,0,141,0,0,0
96,80,4,3255.05217848202,1398.30826016298,0,0,0,121,0,0,0
96,80,5,4050.66098347134,2514.54979351524,0,0,0,107,0,0,0
96,80,6,5287.75013513255,2355.46533935302,0,0,0,160,0,0,0
96,80,7,23010.6494989002,3997.19497900357,45,0,0,195,0,0,0
96,80,8,0,3,0,0,0,0,0,0,0
96,81,1,3284.75894894635,868.79743947984,0,53,0,61,0,0,0
96,81,2,2984.41079064917,1461.50972734215,0,79,0,103,0,0,0
96,81,3,2698.0167852419,1074.15849803287,0,102,0,70,0,0,0
96,81,4,3247.42504778608,2410.63741209525,0,71,0,68,0,0,0
96,81,5,4052.55039540215,1085.39443269908,0,119,0,132,0,0,0
96,81,6,5300.1176804313,959.146907633065,0,111,0,124,0,0,0
96,81,7,23020.8603736123,5644.85765455945,0,188,0,211,0,0,0
96,81,8,0,3,0,0,0,0,0,0,0
96,82,1,3312.04886907213,1642.89339379581,0,0,0,86,0,0,0
96,82,2,3024.95842136651,817.705262954838,0,0,0,146,0,0,0
96,82,3,2716.87646022537,1453.49792172518,0,0,0,107,0,0,0
96,82,4,3287.82409513196,546.171323514875,6,0,0,176,0,0,0
96,82,5,4126.99909940177,2664.65585880386,0,0,0,108,0,0,0
96,82,6,5353.65411147745,2164.95504254955,0,0,0,95,0,0,0
96,82,7,23121.9885563285,9354.60510109781,32,0,0,263,0,0,0
96,82,8,0,3,0,0,0,0,0,0,0
96,83,1,3345.58710754022,1575.51983926942,0,0,0,164,0,0,0
96,83,2,3035.64122815072,1480.08493603709,0,0,0,81,0,0,0
96,83,3,2743.0250281452,1099.84293721364,0,0,0,145,0,0,0
96,83,4,3296.33332105917,1599.24565755874,0,0,0,54,0,0,0
96,83,5,4203.9005659717,2141.06019783287,1,0,0,220,0,0,0
96,83,6,5453.52597430476,1359.06875568899,0,0,0,194,0,0,0
96,83,7,23198.9916532561,13377.9212081261,28,0,0,209,0,0,0
96,83,8,0,3,0,0,0,0,0,0,0
96,84,1,3363.90900674351,1593.5379777875,0,0,0,157,0,0,0
96,84,2,3050.43095861826,1259.23967974586,0,0,0,148,0,0,0
96,84,3,2752.49986267878,1039.46843442033,0,0,0,109,0,0,0
96,84,4,3322.41485420369,2075.222776428,0,0,0,159,0,0,0
96,84,5,4260.09322344704,3165.315313268,0,0,0,198,0,0,0
96,84,6,5501.26007917819,2111.69323219985,0,0,0,135,0,0,0
96,84,7,23239.0790126394,8357.75089125591,28,0,0,222,0,0,2
96,84,8,0,3,0,0,0,0,0,0,0
96,85,1,3417.44093135323,375.129512016347,0,0,0,159,0,0,0
96,85,2,3084.59797213003,904.116147359153,0,0,0,125,0,0,0
96,85,3,2823.64370459007,522.608981574586,0,0,0,103,0,0,0
96,85,4,3379.46950433316,1616.74401426563,27,0,0,135,0,0,0
96,85,5,4385.3098259306,2064.21964540363,56,0,0,170,0,0,0
96,85,6,5639.64364651853,1912.67680084457,16,0,0,168,0,0,0
96,85,7,23387.8129604277,11102.637797386,203,0,0,291,0,0,0
96,85,8,0,3,0,0,0,0,0,0,0
96,86,1,3408.94922274248,2161.40945606717,0,0,0,37,0,0,0
96,86,2,3089.52376588938,603.603214991513,0,0,0,90,0,0,0
96,86,3,2815.73050049747,1290.10616938043,0,0,0,52,0,0,0
96,86,4,3408.23496596529,2402.79757305218,0,0,0,161,0,0,0
96,86,5,4443.46719795312,1373.75733585718,1,0,0,176,0,0,0
96,86,6,5734.23521629744,1719.89970142304,0,0,0,191,0,0,0
96,86,7,23442.393727641,15079.9725314198,81,0,0,201,0,0,0
96,86,8,0,3,0,0,0,0,0,0,0
96,87,1,3436.55886719673,1151.40537357307,0,0,0,206,0,0,0
96,87,2,3084.57839744442,1203.23748920075,0,0,0,60,0,0,0
96,87,3,2821.61540411229,1159.61575455336,0,0,0,129,0,0,0
96,87,4,3445.98805460184,1136.58935832089,0,0,0,240,0,0,0
96,87,5,4475.03707368611,1896.02087033996,0,0,0,137,0,0,0
96,87,6,5803.30640817013,1831.93494206918,0,0,0,171,0,0,0
96,87,7,23473.6489690618,8509.73647332321,56,0,0,190,0,0,0
96,87,8,0,3,0,0,0,0,0,0,0
96,88,1,3472.79638378602,1376.17907059018,0,0,0,115,0,0,0
96,88,2,3090.49786389626,800.307479589641,0,0,0,120,0,0,0
96,88,3,2833.59725338631,1770.51382674968,0,0,0,115,0,0,0
96,88,4,3471.33762410106,1129.61635967588,0,0,0,113,0,0,0
96,88,5,4565.60999247061,916.180410035652,0,0,0,189,0,0,0
96,88,6,5932.95102416874,2199.4743980668,7,0,0,168,0,0,0
96,88,7,23603.2381190413,17158.1509556673,196,1,0,256,0,0,31
96,88,8,0,3,0,0,0,0,0,0,0
96,89,1,3489.36239971788,828.36507564525,0,0,0,137,0,0,0
96,89,2,3084.54653861325,1162.35478419636,0,0,0,80,0,0,0
96,89,3,2847.39288069552,940.302960829968,0,0,0,177,0,0,0
96,89,4,3486.32052629407,1155.01636627881,0,0,0,112,0,0,0
96,89,5,4566.96301349095,1593.0144712722,0,0,0,91,0,0,0
96,89,6,6014.49148352216,3506.6254306131,1,0,0,181,0,0,0
96,89,7,23636.2486441136,12086.4403146175,49,0,0,188,0,0,1
96,89,8,0,3,0,0,0,0,0,0,0
96,90,1,3491.93975759725,1079.35948205597,0,0,0,82,0,0,0
96,90,2,3081.52017351151,1664.74161948737,0,0,0,116,0,0,0
96,90,3,2839.93478504512,1619.54669190714,0,0,0,94,0,0,0
96,90,4,3491.21210235937,1573.60446055063,0,0,0,115,0,0,0
96,90,5,4604.84375877947,2087.94011643111,0,0,0,159,0,0,0
96,90,6,6100.25055875349,3964.59702267034,36,0,0,225,0,0,0
96,90,7,23697.4402139844,9635.4919486546,235,0,0,305,0,0,47
96,90,8,0,3,0,0,0,0,0,0,0
96,91,1,3468.73136453074,1198.03118403677,103,0,0,4,0,0,0
96,91,2,3079.90473360604,1682.8500902518,76,0,0,90,0,0,0
96,91,3,2836.58243089173,999.982722123977,78,0,0,83,0,0,0
96,91,4,3485.17971194363,1102.99219221912,86,0,0,71,0,0,0
96,91,5,4612.34073251109,2425.48624137474,112,0,0,96,0,0,0
96,91,6,6165.42775982625,2640.02900977016,185,0,0,139,0,0,24
96,91,7,23778.9778301997,13468.9967925989,352,2,0,388,0,0,11
96,91,8,0,3,0,0,0,0,0,0,0
96,92,1,3482.42540909203,1045.50411727845,0,0,0,119,0,0,0
96,92,2,3105.7339776602,1408.32853878114,0,0,0,168,0,0,0
96,92,3,2842.06788000027,1534.21920786269,0,0,0,99,0,0,0
96,92,4,3498.50523735196,2572.21606845026,0,0,0,110,0,0,0
96,92,5,4665.14886124496,1528.59087883677,4,0,0,170,0,0,0
96,92,6,6238.00475551904,2580.03489589327,4,0,0,195,0,0,0
96,92,7,23779.7809514861,15802.2939534795,72,0,0,219,0,0,0
96,92,8,0,3,0,0,0,0,0,0,0
96,93,1,3487.55636916568,1830.33455266941,0,0,0,104,0,0,0
96,93,2,3121.6303570966,1114.37142278349,0,0,0,140,0,0,0
96,93,3,2861.10252365592,1557.35517637418,0,0,0,153,0,0,0
96,93,4,3547.98713858071,1302.57353165772,0,0,0,257,0,0,0
96,93,5,4693.68953704504,949.490191834808,0,0,0,152,0,0,0
96,93,6,6316.35017936233,2753.18933481316,2,0,0,172,0,0,0
96,93,7,23795.8930275418,8474.55058598519,50,0,0,229,0,0,0
96,93,8,0,3,0,0,0,0,0,0,0
96,94,1,3485.5451137587,1536.45138500456,118,0,0,65,0,0,0
96,94,2,3113.17360631555,1397.99511219969,64,0,0,47,0,0,0
96,94,3,2866.54566779859,1146.26588825581,82,0,0,73,0,0,0
96,94,4,3546.17702907478,1359.14977295775,68,0,0,62,0,0,0
96,94,5,4679.74216312899,1459.69337816891,46,0,0,48,0,0,0
96,94,6,6361.81293302065,3214.1883438422,148,0,0,127,0,0,0
96,94,7,23858.1024687415,12293.9452249264,337,1,0,331,0,0,4
96,94,8,0,3,0,0,0,0,0,0,0
96,95,1,3513.40865290365,2117.75355343162,0,0,0,153,0,0,0
96,95,2,3133.164137266,1881.5112152677,0,0,0,139,0,0,0
96,95,3,2871.00778657485,1367.84994178839,0,0,0,114,0,0,0
96,95,4,3564.41289167768,943.363597377613,0,0,0,135,0,0,0
96,95,5,4730.2205568933,2559.59219809901,0,0,0,145,0,0,0
96,95,6,6437.7478077242,2949.17953013855,12,0,0,176,0,0,0
96,95,7,23856.2453946166,11827.6890900503,83,0,0,260,0,0,0
96,95,8,0,3,0,0,0,0,0,0,0
96,96,1,3555.73582564842,1429.82676887139,0,0,0,191,0,0,4
96,96,2,3154.80782862571,957.284491425419,1,0,0,167,0,0,0
96,96,3,2886.22910507674,1380.645994674,0,0,0,136,0,0,0
96,96,4,3581.34066550626,1664.13744846783,0,0,0,94,0,0,0
96,96,5,4828.48513649953,2860.3365086568,0,0,0,255,0,0,0
96,96,6,6529.60688333661,2714.89825208068,9,0,0,185,0,0,0
96,96,7,23850.1242050794,13150.6674430667,82,0,0,175,0,0,0
96,96,8,0,3,0,0,0,0,0,0,0
96,97,1,3584.41620479479,612.191441210541,0,0,0,142,0,0,0
96,97,2,3154.61407422038,993.406117811836,0,0,0,95,0,0,0
96,97,3,2896.18034832293,299.812995111138,0,0,0,138,0,0,0
96,97,4,3619.62211136516,1883.76823409154,0,0,0,166,0,0,0
96,97,5,4895.69178511916,3613.32006874174,6,0,0,182,0,0,0
96,97,6,6608.53166981132,2487.90724834178,5,0,0,197,0,0,0
96,97,7,23837.0796408928,15580.6307263675,78,0,0,206,0,0,0
96,97,8,0,3,0,0,0,0,0,0,0
96,98,1,3582.42883944252,2647.26512016921,0,0,0,61,0,0,0
96,98,2,3157.57860205707,850.974491685744,0,0,0,99,0,0,0
96,98,3,2884.94621695187,1861.60478965891,0,0,0,29,0,0,0
96,98,4,3640.60511353566,743.846499912588,0,0,0,188,0,0,0
96,98,5,4974.44373786132,2330.94229599406,0,2,0,279,0,0,0
96,98,6,6666.68410989674,2414.55821488059,0,1,0,189,0,0,0
96,98,7,23798.1978896609,10851.7195320324,0,49,0,214,0,0,0
96,98,8,0,3,0,0,0,0,0,0,0
96,99,1,3652.62607593821,1763.17012061237,0,10,0,181,0,0,0
96,99,2,3153.65366584914,2138.66181505633,0,0,0,85,0,0,0
96,99,3,2930.82756079667,1166.02237950064,0,0,0,186,0,0,0
96,99,4,3647.82664726099,707.149081500484,0,0,0,74,0,0,0
96,99,5,5063.71050839198,2832.03448046194,0,7,0,174,0,0,0
96,99,6,6842.49760968113,2332.53580918761,0,7,0,177,0,0,0
96,99,7,23811.9954052199,6722.41162919109,0,109,0,170,0,0,0
96,99,8,0,3,0,0,0,0,0,0,0
96,100,1,3679.83027766896,1549.92792500207,2,0,0,154,0,0,0
96,100,2,3171.76812265549,1313.83887735502,4,0,0,162,0,0,0
96,100,3,2939.53553876431,1258.15433515386,0,0,0,116,0,0,0
96,100,4,3640.65219273804,905.817968387859,0,0,0,70,0,0,0
96,100,5,5115.86869995247,1503.4097335484,8,0,0,192,0,0,0
96,100,6,6939.07158691174,2902.01774381973,2,0,0,192,0,0,0
96,100,7,23822.1877154468,12327.0839866281,44,0,0,199,0,0,0
96,100,8,0,3,0,0,0,0,0,0,0
97,1,1,2683.04,1135.67101309775,0,0,0,93,0,0,0
97,1,2,2684.0736,1063.66955370677,0,0,0,83,0,0,0
97,1,3,2688.6336,1497.09757570607,0,0,0,97,0,0,0
97,1,4,2686.6176,1429.354454041,0,0,0,99,0,0,0
97,1,5,2672.1328,1440.43693255823,0,0,0,18,0,0,0
97,1,6,2673.184,1020.12238334853,0,0,0,60,0,0,0
97,1,7,21135.1487999999,6312.75554765303,0,0,0,71,0,0,0
97,1,8,0,2,0,0,0,46,0,0,0
97,2,1,2695.632,1304.9688975514,0,0,0,113,0,0,0
97,2,2,2693.1472,1451.50040264481,0,0,0,106,0,0,0
97,2,3,2707.0656,553.128414275736,0,0,0,149,0,0,0
97,2,4,2701.71552,1359.76211776297,0,0,0,142,0,0,0
97,2,5,2689.2464,1387.84630268925,0,0,0,144,0,0,0
97,2,6,2676.8064,809.058420977123,0,0,0,102,0,0,0
97,2,7,21089.9455999998,6787.00411642041,12,2,0,246,0,0,1
97,2,8,0,2,0,0,0,0,0,0,0
97,3,1,2692.2016,1305.35558661794,0,74,0,56,0,0,0
97,3,2,2700.30912,1115.34607441558,0,58,0,87,0,0,0
97,3,3,2703.6112,784.963349566903,0,14,0,41,0,0,0
97,3,4,2703.88992,950.838243790421,0,65,0,70,0,0,0
97,3,5,2688.36192,826.384809383212,0,81,0,57,0,0,0
97,3,6,2667.4768,1014.45980404557,0,37,0,43,0,0,0
97,3,7,21040.9871999998,13096.4716688248,4,212,0,246,0,0,0
97,3,8,0,2,0,0,0,0,0,0,0
97,4,1,2713.0976,1104.04888496368,0,0,0,130,0,0,0
97,4,2,2719.17152,1187.92464718944,0,0,0,111,0,0,0
97,4,3,2717.6432,773.901972055008,0,0,0,78,0,0,0
97,4,4,2719.99232,1530.06289316328,0,0,0,95,0,0,0
97,4,5,2701.76192,1715.55210193116,0,0,0,82,0,0,0
97,4,6,2680.6928,917.186371454008,0,0,0,101,0,0,0
97,4,7,21021.4927999998,6354.4696286198,28,0,0,248,0,0,0
97,4,8,0,2,0,0,0,0,0,0,0
97,5,1,2728.76,970.840594643284,0,0,0,110,0,0,0
97,5,2,2737.12512,1274.82736291992,0,0,0,118,0,0,0
97,5,3,2729.8128,1835.2953945377,0,0,0,77,0,0,0
97,5,4,2748.882624,2210.33901622189,0,0,0,153,0,0,0
97,5,5,2730.45184,1289.11390762709,0,0,0,171,0,0,0
97,5,6,2690.6976,1534.62719188123,0,0,0,91,0,0,0
97,5,7,20993.7091199998,10914.6760566181,87,0,0,230,0,0,0
97,5,8,0,2,0,0,0,0,0,0,0
97,6,1,2740.90592,1067.02030909613,0,0,0,97,0,0,0
97,6,2,2755.63552,1280.77783430183,0,0,0,127,0,0,0
97,6,3,2762.3952,1733.22885974331,0,0,0,183,0,0,0
97,6,4,2783.605824,1218.07977027409,1,0,0,188,0,0,0
97,6,5,2749.06143999999,1066.78946143978,0,0,0,128,0,0,0
97,6,6,2714.2688,1322.19303961551,0,0,0,153,0,0,0
97,6,7,20963.7658239998,6543.77269364414,41,0,0,229,0,0,0
97,6,8,0,2,0,0,0,0,0,0,0
97,7,1,2752.93632,1332.8476452349,0,0,0,106,0,0,0
97,7,2,2776.62912,1267.53478043174,0,0,0,128,0,0,0
97,7,3,2786.53151999999,1621.27299854058,2,0,0,155,0,0,0
97,7,4,2805.5237888,666.871230246886,0,0,0,121,0,0,0
97,7,5,2765.07583999999,859.143385994201,0,0,0,106,0,0,0
97,7,6,2731.1104,650.598530147169,0,0,0,132,0,0,0
97,7,7,20942.5171839997,6864.94391283214,55,0,0,245,0,0,2
97,7,8,0,2,0,0,0,0,0,0,0
97,8,1,2777.599552,798.145678075166,0,0,0,133,0,0,0
97,8,2,2799.47392,1677.4447228009,0,0,0,126,0,0,0
97,8,3,2816.3744,1980.78728490443,0,0,0,162,0,0,0
97,8,4,2813.4527488,1395.08401565955,0,0,0,66,0,0,0
97,8,5,2777.001344,1008.07630377074,0,0,0,85,0,0,0
97,8,6,2739.09248,1108.51211110365,0,0,0,65,0,0,0
97,8,7,20907.2910079996,11844.5076906565,101,0,0,159,0,0,0
97,8,8,0,2,0,0,0,0,0,0,0
97,9,1,2786.165248,1180.60286803327,0,0,0,79,0,0,0
97,9,2,2823.0544,512.22109204178,0,0,0,167,0,0,0
97,9,3,2846.66624,876.183712407791,0,0,0,194,0,0,0
97,9,4,2833.4213888,1313.52646352794,0,0,0,139,0,0,0
97,9,5,2787.276864,893.398515861976,0,0,0,100,0,0,0
97,9,6,2753.68,607.340315330971,0,0,0,110,0,0,0
97,9,7,20881.3557119996,12114.6287886909,42,0,0,231,0,0,0
97,9,8,0,2,0,0,0,0,0,0,0
97,10,1,2797.446848,949.482923186918,0,0,0,118,0,0,0
97,10,2,2823.49504,944.286022247819,0,0,0,51,0,0,0
97,10,3,2854.50784,1010.39762280151,0,0,0,87,0,0,0
97,10,4,2847.6117888,448.720519611221,0,0,0,131,0,0,0
97,10,5,2793.918464,595.111746187491,0,0,0,89,0,0,0
97,10,6,2757.7264,1165.16502340404,0,0,0,60,0,0,0
97,10,7,20850.8293759995,5556.45390087761,42,0,0,204,0,0,0
97,10,8,0,2,0,0,0,0,0,0,0
97,11,1,2803.283008,1418.38859074281,0,0,0,94,0,0,0
97,11,2,2829.904,1449.12261617805,0,0,0,94,0,0,0
97,11,3,2862.8528,1492.04086003506,0,0,0,101,0,0,0
97,11,4,2842.9932288,1210.93470139359,0,0,0,44,0,0,0
97,11,5,2793.700864,779.77015252407,0,0,0,59,0,0,0
97,11,6,2772.2815232,644.774633769852,0,0,0,116,0,0,0
97,11,7,20815.8222719995,7727.0094922876,212,0,0,214,0,0,0
97,11,8,0,2,0,0,0,0,0,0,0
97,12,1,2816.42092800001,1406.840832209,0,0,0,141,0,0,0
97,12,2,2845.3672192,968.87257255328,0,0,0,144,0,0,0
97,12,3,2879.693248,1677.68071793749,0,0,0,149,0,0,0
97,12,4,2848.5536128,1750.6440914731,0,0,0,121,0,0,0
97,12,5,2797.433664,1200.9100522553,0,0,0,77,0,0,0
97,12,6,2776.0172032,843.056069820195,0,0,0,64,0,0,0
97,12,7,20788.6049407994,7743.49778751521,73,0,0,174,0,0,0
97,12,8,0,2,0,0,0,0,0,0,0
97,13,1,2828.86969600001,1052.38560051606,0,0,0,140,0,0,0
97,13,2,2847.75095040001,1230.42576465406,0,0,0,96,0,0,0
97,13,3,2897.6107008,804.597172147801,0,0,0,167,0,0,0
97,13,4,2872.0170368,1889.70629628385,0,0,0,175,0,0,0
97,13,5,2809.341568,1045.56424419878,0,0,0,120,0,0,0
97,13,6,2782.8673792,1514.60291589878,0,0,0,84,0,0,0
97,13,7,20773.6923494393,10833.9845313155,59,0,0,229,0,0,0
97,13,8,0,2,0,0,0,0,0,0,0
97,14,1,2833.01369600001,1278.55337616848,0,0,0,105,0,0,0
97,14,2,2851.67741440001,947.955554310557,0,0,0,123,0,0,0
97,14,3,2892.3025408,629.943161573373,0,0,0,80,0,0,0
97,14,4,2886.90632960001,2071.60394906355,0,0,0,187,0,0,0
97,14,5,2816.955968,852.746598004891,0,0,0,104,0,0,0
97,14,6,2800.2172672,928.484299079484,0,0,0,151,0,0,0
97,14,7,20740.5753702392,6228.8273363968,0,40,0,195,0,0,0
97,14,8,0,2,0,0,0,0,0,0,0
97,15,1,2834.56085760001,399.779420481544,0,14,0,111,0,0,0
97,15,2,2852.78275840001,675.518056046747,0,0,0,94,0,0,0
97,15,3,2879.93530880001,716.117145829461,0,4,0,58,0,0,0
97,15,4,2896.40040960001,835.241360692018,0,44,0,154,0,0,0
97,15,5,2813.3840512,1130.00430252083,0,0,0,85,0,0,0
97,15,6,2806.6726144,782.393306228995,0,3,0,89,0,0,0
97,15,7,20737.7038310392,7073.63536384147,0,263,0,307,0,0,0
97,15,8,0,2,0,0,0,0,0,0,0
97,16,1,2822.40748544001,1225.15729212826,0,0,0,39,0,0,0
97,16,2,2849.69534720001,1325.66599389878,0,0,0,67,0,0,0
97,16,3,2872.40890880001,1345.96230681151,0,0,0,71,0,0,0
97,16,4,2893.81665280001,1576.52410781399,0,0,0,83,0,0,0
97,16,5,2816.7991552,1742.52391795766,0,0,0,113,0,0,0
97,16,6,2813.6230144,1071.0945636075,0,0,0,78,0,0,0
97,16,7,20747.0429798392,9559.56332038579,27,0,0,216,0,0,0
97,16,8,0,2,0,0,0,0,0,0,0
97,17,1,2832.32303104001,1457.78337873178,0,0,0,122,0,0,0
97,17,2,2858.86310400001,1502.47504162679,0,0,0,132,0,0,0
97,17,3,2882.61079040001,1460.79039788843,0,0,0,134,0,0,0
97,17,4,2912.45522176001,1533.46129326383,0,0,0,157,0,0,0
97,17,5,2834.78987520001,1444.91613469993,0,0,0,174,0,0,0
97,17,6,2827.17032960001,1531.5556470423,0,0,0,107,0,0,0
97,17,7,20772.0443775991,8481.4023150015,22,0,0,266,0,0,0
97,17,8,0,2,0,0,0,0,0,0,0
97,18,1,2843.35107584002,2046.02838083887,0,0,0,145,0,0,0
97,18,2,2866.40524800001,1163.67214645595,0,0,0,150,0,0,0
97,18,3,2892.69566720001,510.099264787383,0,0,0,146,0,0,0
97,18,4,2932.88699392001,1247.08349368596,0,0,0,153,0,0,0
97,18,5,2846.66328320001,1198.5959989886,0,0,0,144,0,0,0
97,18,6,2845.24975360001,793.971238421826,0,0,0,153,0,0,0
97,18,7,20804.8611333111,10079.9365400616,19,0,0,335,0,0,0
97,18,8,0,2,0,0,0,0,0,0,0
97,19,1,2862.38679808002,1047.26372172188,0,0,0,185,0,0,0
97,19,2,2864.89137920001,1346.76398090499,0,0,0,116,0,0,0
97,19,3,2881.81246720002,790.903675673346,0,0,0,51,0,0,0
97,19,4,2943.75688806401,491.908202952104,0,0,0,124,0,0,0
97,19,5,2849.66762240001,1029.15409594748,0,0,0,119,0,0,0
97,19,6,2845.61320960001,989.720716623422,0,0,0,79,0,0,0
97,19,7,20808.211584511,9828.41164630838,25,0,0,235,0,0,1
97,19,8,0,2,0,0,0,0,0,0,0
97,20,1,2862.47093504002,1174.69615576771,0,0,0,104,0,0,0
97,20,2,2870.97072384001,1479.64376832333,0,0,0,134,0,0,0
97,20,3,2878.85210880002,1278.68200451265,0,0,0,79,0,0,0
97,20,4,2937.01041510402,1259.45931437919,0,0,0,49,0,0,0
97,20,5,2852.25174016001,751.029178563323,0,0,0,102,0,0,0
97,20,6,2857.52924160001,786.815931277038,0,0,0,98,0,0,0
97,20,7,20812.0112763893,8726.69269888081,0,68,0,225,0,0,0
97,20,8,0,2,0,0,0,0,0,0,0
97,21,1,2862.86510848002,1267.4278988126,0,6,0,106,0,0,0
97,21,2,2878.65085542401,590.985414398721,0,0,0,147,0,0,0
97,21,3,2880.18313728001,854.682414050059,0,1,0,126,0,0,0
97,21,4,2942.08547942402,728.774019929919,0,0,0,125,0,0,0
97,21,5,2840.44226816001,1532.76599351955,0,0,0,75,0,0,0
97,21,6,2860.45147904001,817.001141468328,0,0,0,78,0,0,0
97,21,7,20834.0200370369,5403.29326844447,0,319,0,297,0,0,0
97,21,8,0,2,0,0,0,0,0,0,0
97,22,1,2876.90369945602,879.256675749086,0,0,0,126,0,0,0
97,22,2,2870.48078745601,1462.72955629317,0,0,0,59,0,0,0
97,22,3,2876.06316339202,341.197330396274,0,0,0,85,0,0,0
97,22,4,2937.45458544642,988.725593773272,0,0,0,72,0,0,0
97,22,5,2857.25095168001,964.7641140857,0,0,0,153,0,0,0
97,22,6,2867.49984204801,981.725481724509,0,0,0,81,0,0,0
97,22,7,20873.6821256385,7034.63937738871,30,0,0,165,0,0,1
97,22,8,0,2,0,0,0,0,0,0,0
97,23,1,2876.82100736002,1200.88431882189,0,0,0,87,0,0,0
97,23,2,2875.43794022402,1164.06502875553,0,0,0,146,0,0,0
97,23,3,2857.36873779202,1199.97847240746,0,0,0,34,0,0,0
97,23,4,2930.92309145602,1275.78090805341,0,0,0,98,0,0,0
97,23,5,2854.67974195201,672.938745525177,0,0,0,96,0,0,0
97,23,6,2873.86585384961,829.863010007032,0,0,0,98,0,0,0
97,23,7,20905.7480958964,16873.2522578325,25,0,0,204,0,0,0
97,23,8,0,2,0,0,0,0,0,0,0
97,24,1,2882.05861109762,729.718763153596,0,0,0,120,0,0,0
97,24,2,2868.67693053954,1692.12848996389,0,0,0,116,0,0,0
97,24,3,2851.99915059202,438.710979681436,0,0,0,119,0,0,0
97,24,4,2926.91229286402,1117.25224417249,0,0,0,127,0,0,0
97,24,5,2845.44288819201,627.953971031101,0,0,0,67,0,0,0
97,24,6,2873.24066344961,1585.0319220959,0,0,0,82,0,0,0
97,24,7,20920.2727038964,3810.32939628696,29,0,0,195,0,0,0
97,24,8,0,2,0,0,0,0,0,0,0
97,25,1,2873.34580641794,1590.31461366868,0,0,0,72,0,0,0
97,25,2,2869.59948961794,1391.77465329744,8,0,0,145,0,0,0
97,25,3,2832.36193136642,751.443849814044,0,0,0,43,0,0,0
97,25,4,2923.48678963202,1309.7349300539,0,0,0,111,0,0,0
97,25,5,2832.27638323201,980.625795338369,0,0,0,62,0,0,0
97,25,6,2888.45775400961,1369.31142303389,3,0,0,150,0,0,0
97,25,7,20925.1753061364,4789.78601039801,78,0,0,169,0,0,0
97,25,8,0,2,0,0,0,0,0,0,0
97,26,1,2867.23071956994,1557.81829002405,0,76,0,83,0,0,0
97,26,2,2853.39351252994,1002.83537800579,0,63,0,76,0,0,0
97,26,3,2805.24619407362,1231.52019634555,0,34,0,41,0,0,0
97,26,4,2909.07428147202,1726.85018438877,0,60,0,70,0,0,0
97,26,5,2817.27718860801,1443.86506942016,0,42,0,56,0,0,0
97,26,6,2886.25463592961,1389.75090770714,0,68,0,68,0,0,0
97,26,7,20939.1070181364,8836.90510510523,0,235,0,243,0,0,0
97,26,8,0,2,0,0,0,0,0,0,0
97,27,1,2898.60358141954,866.337877312813,0,0,0,155,0,0,0
97,27,2,2863.16716945,1177.1950900185,0,0,0,100,0,0,0
97,27,3,2816.0774518989,1214.8189266517,0,0,0,123,0,0,0
97,27,4,2935.96470720514,1689.26230174705,0,0,0,172,0,0,0
97,27,5,2842.30263377921,435.612807651441,0,0,0,144,0,0,0
97,27,6,2915.20136693761,1119.4751302347,0,0,0,138,0,0,0
97,27,7,20994.9341758247,14481.522399702,28,0,0,220,0,0,0
97,27,8,0,2,0,0,0,0,0,0,0
97,28,1,2905.51920586754,1501.70988469002,0,0,0,86,0,0,0
97,28,2,2865.92531441666,492.090892862006,0,0,0,117,0,0,0
97,28,3,2817.39205743003,1351.823613471,0,0,0,121,0,0,0
97,28,4,2953.17489618946,859.165347794762,0,0,0,168,0,0,0
97,28,5,2837.18230405121,1455.21914528773,0,0,0,43,0,0,0
97,28,6,2929.81103802369,1261.83258691348,0,0,0,111,0,0,0
97,28,7,21020.5114558247,5460.40808428159,33,0,0,189,0,0,0
97,28,8,0,2,0,0,0,0,0,0,0
97,29,1,2932.41791596545,959.903637670325,0,0,0,150,0,0,0
97,29,2,2862.13611528194,727.177969317588,0,0,0,49,0,0,0
97,29,3,2830.16578066843,977.073358078505,0,0,0,135,0,0,0
97,29,4,2955.07035960936,1077.60574244341,0,0,0,85,0,0,0
97,29,5,2861.46074130433,1503.38202566655,0,0,0,145,0,0,0
97,29,6,2958.55917600769,563.145390117003,0,0,0,126,0,0,0
97,29,7,21052.4540009213,7578.00588635325,74,0,0,167,0,0,0
97,29,8,0,2,0,0,0,0,0,0,0
97,30,1,2941.39817543272,1108.7740446558,0,0,0,95,0,0,0
97,30,2,2859.59821617154,1219.7920364675,0,0,0,72,0,0,0
97,30,3,2833.54263017883,1082.2333962225,0,0,0,97,0,0,0
97,30,4,2964.01900107368,700.114731201586,0,0,0,107,0,0,0
97,30,5,2884.02016043009,1029.40199042807,0,0,0,150,0,0,0
97,30,6,2964.38291744769,1191.07184078255,0,0,0,56,0,0,0
97,30,7,21087.5409917693,6323.10957372535,47,0,0,184,0,0,0
97,30,8,0,2,0,0,0,0,0,0,0
97,31,1,2951.1838005412,935.697070157368,0,0,0,110,0,0,0
97,31,2,2866.81655025256,1312.46509462813,0,0,0,121,0,0,0
97,31,3,2834.74105014683,831.541028883057,0,0,0,108,0,0,0
97,31,4,2954.86836668008,614.003372216541,0,0,0,70,0,0,0
97,31,5,2889.66551693723,1575.76031717355,0,0,0,102,0,0,0
97,31,6,2983.49553334682,1680.52723425266,0,0,0,119,0,0,0
97,31,7,21115.8348137213,9925.01325896624,142,0,0,177,0,0,0
97,31,8,0,2,0,0,0,0,0,0,0
97,32,1,2959.49949009512,1308.82053000528,0,0,0,93,0,0,0
97,32,2,2874.30933952104,1009.04346715428,0,0,0,131,0,0,0
97,32,3,2828.60723702171,1134.66001228829,0,0,0,83,0,0,0
97,32,4,2945.06129342056,913.133754274683,0,0,0,61,0,0,0
97,32,5,2907.28687767963,983.325224710521,0,0,0,157,0,0,0
97,32,6,3009.45370857882,1346.21593869562,0,0,0,168,0,0,0
97,32,7,21162.9527763708,6949.0209681817,51,0,0,244,0,0,0
97,32,8,0,2,0,0,0,0,0,0,0
97,33,1,2971.48238472808,1683.00643618647,0,0,0,130,0,0,0
97,33,2,2874.68558045923,1277.86129293247,0,0,0,100,0,0,0
97,33,3,2830.16166878004,1317.7473497738,0,0,0,113,0,0,0
97,33,4,2942.33531711408,1539.41920811338,0,0,0,91,0,0,0
97,33,5,2912.32263237633,1643.2905645309,0,0,0,98,0,0,0
97,33,6,3026.94168820122,897.712018820924,0,0,0,134,0,0,0
97,33,7,21202.2036333308,8615.953847362,106,0,0,217,0,0,0
97,33,8,0,2,0,0,0,0,0,0,0
97,34,1,2989.84503862888,1181.55102018436,0,0,0,168,0,0,0
97,34,2,2876.42794036182,957.566174238404,0,0,0,127,0,0,0
97,34,3,2834.00003359131,1142.0796660768,0,0,0,131,0,0,0
97,34,4,2952.37580911658,1336.00018523604,0,0,0,153,0,0,0
97,34,5,2931.85157090838,915.993176324314,0,0,0,164,0,0,0
97,34,6,3039.90356509082,1031.83890697512,0,0,0,89,0,0,0
97,34,7,21241.2382349052,11113.5772486443,73,0,0,186,0,0,0
97,34,8,0,2,0,0,0,0,0,0,0
97,35,1,2984.4899824804,1072.52577766561,0,0,0,118,0,0,0
97,35,2,2863.12763108309,943.497697792019,0,0,0,95,0,0,0
97,35,3,2830.68700409857,1390.05864918179,0,0,0,114,0,0,0
97,35,4,2948.68558298154,1261.09127003295,0,0,0,133,0,0,0
97,35,5,2927.39938244118,871.696049493678,0,0,0,91,0,0,0
97,35,6,3048.00916457882,553.954712417452,0,0,0,103,0,0,0
97,35,7,21262.9440781052,8751.71633375682,43,0,0,184,0,0,0
97,35,8,0,2,0,0,0,0,0,0,0
97,36,1,2987.55978862593,1095.48394618642,0,0,0,107,0,0,0
97,36,2,2861.30469643221,1034.64368991009,0,0,0,94,0,0,0
97,36,3,2835.54819690907,741.729196697505,0,0,0,139,0,0,0
97,36,4,2955.25320776665,1582.89547631059,1,0,0,123,0,0,0
97,36,5,2924.91347736495,410.283047817707,0,0,0,87,0,0,0
97,36,6,3046.17543709082,681.698406215141,0,0,0,55,0,0,0
97,36,7,21300.4757767727,11927.3058380686,273,0,0,247,0,0,0
97,36,8,0,2,0,0,0,0,0,0,0
97,37,1,2981.86857491023,1890.40279304577,0,0,0,109,0,0,0
97,37,2,2847.22329954695,1352.5726295117,0,0,0,103,0,0,0
97,37,3,2822.76378116507,1061.85454824173,0,0,0,74,0,0,0
97,37,4,2953.29280542213,1025.04402102992,0,0,0,158,0,0,0
97,37,5,2907.44066935113,1462.52239619461,0,0,0,41,0,0,0
97,37,6,3043.34839069082,1466.04677828889,0,0,0,68,0,0,0
97,37,7,21323.8237857327,9471.90098077039,0,35,0,209,0,0,0
97,37,8,0,2,0,0,0,0,0,0,0
97,38,1,2993.56469990294,940.150312108455,0,49,0,125,0,0,0
97,38,2,2852.68686980802,1077.41587132975,0,6,0,127,0,0,0
97,38,3,2818.33788492187,1388.55279422732,0,0,0,106,0,0,0
97,38,4,2953.209726078,1275.205820402,0,0,0,102,0,0,0
97,38,5,2916.47308140873,1465.47616832512,0,19,0,121,0,0,0
97,38,6,3060.92200415642,979.315587132034,0,27,0,111,0,0,0
97,38,7,21361.8338733819,9720.76654892408,7,200,0,207,0,0,0
97,38,8,0,2,0,0,0,0,0,0,0
97,39,1,2992.2525213583,1575.27155674234,0,0,0,94,0,0,0
97,39,2,2842.7000083588,769.544960171177,0,0,0,107,0,0,0
97,39,3,2818.75217737319,2218.5699839144,0,0,0,138,0,0,0
97,39,4,2956.06544755508,1729.93036600566,0,0,0,127,0,0,0
97,39,5,2933.07538538415,1111.30456180455,0,0,0,146,0,0,0
97,39,6,3066.24928146146,1388.68439193265,0,0,0,97,0,0,0
97,39,7,21399.298999143,14923.0521808463,27,1,0,186,0,0,0
97,39,8,0,2,0,0,0,0,0,0,0
97,40,1,2994.19503485126,1627.57939839287,0,0,0,157,0,0,0
97,40,2,2831.28174171432,1277.77400533456,0,0,0,76,0,0,0
97,40,3,2832.15095185327,1447.17841229944,0,0,0,219,0,0,0
97,40,4,2962.90788418848,1804.05963053634,0,0,0,172,0,0,0
97,40,5,2930.88797340796,956.754468740242,0,0,0,111,0,0,0
97,40,6,3082.98220272354,802.234287287692,0,0,0,138,0,0,0
97,40,7,21423.610896743,7600.1347181668,22,2,0,209,0,0,0
97,40,8,0,2,0,0,0,0,0,0,0
97,41,1,2986.35821476447,1239.47247167169,83,0,0,79,0,0,0
97,41,2,2819.07318676494,1116.77334813874,60,0,0,67,0,0,0
97,41,3,2817.95742409098,1723.05209446568,83,0,0,61,0,0,0
97,41,4,2952.14000582739,1443.67496527074,94,0,0,86,0,0,0
97,41,5,2917.01291951129,1402.38945800765,60,0,0,35,0,0,0
97,41,6,3079.61888752354,1350.69880132654,39,0,0,41,0,0,0
97,41,7,21494.6922491193,10340.9432177436,365,0,0,368,0,0,4
97,41,8,0,2,0,0,0,0,0,0,0
97,42,1,2994.16856997712,1017.97773158341,0,0,0,123,0,0,0
97,42,2,2820.7354309814,1269.95786268364,0,0,0,111,0,0,0
97,42,3,2834.10809977553,1531.16568905429,0,0,0,172,0,0,0
97,42,4,2961.05498892449,1563.73937867603,0,0,0,144,0,0,0
97,42,5,2926.89446792103,1279.72379457417,0,0,0,140,0,0,0
97,42,6,3098.73399227515,1216.29691335189,0,0,0,135,0,0,0
97,42,7,21506.9282990392,5583.69174664683,0,32,0,226,0,0,0
97,42,8,0,2,0,0,0,0,0,0,0
97,43,1,2991.98543478608,1116.83255972623,0,0,0,101,0,0,0
97,43,2,2820.80043621844,2077.44299304601,0,0,0,126,0,0,0
97,43,3,2843.16835598484,1544.22503187412,0,6,0,144,0,0,0
97,43,4,2972.80303921313,408.736265259041,0,8,0,144,0,0,0
97,43,5,2936.63332557096,471.196623081407,0,0,0,127,0,0,0
97,43,6,3115.83436278498,874.127096944669,0,0,0,121,0,0,0
97,43,7,21505.5256217911,13446.0841798473,0,234,0,190,0,0,0
97,43,8,0,2,0,0,0,0,0,0,0
97,44,1,2989.06705020752,557.319203675794,0,0,0,111,0,0,0
97,44,2,2838.82644079904,787.12606971221,0,0,0,207,0,0,0
97,44,3,2843.42396504375,2000.43982890874,0,0,0,154,0,0,0
97,44,4,2950.49994186605,611.903252345101,0,0,0,40,0,0,0
97,44,5,2927.50813663527,1727.4880477389,0,0,0,47,0,0,0
97,44,6,3121.07242713826,952.761320523392,0,0,0,87,0,0,0
97,44,7,21529.5210337591,5320.28881482101,17,7,0,198,0,0,1
97,44,8,0,2,0,0,0,0,0,0,0
97,45,1,2979.24053031981,1248.55719651517,0,0,0,55,0,0,0
97,45,2,2830.81967340732,1088.43977288479,0,0,0,78,0,0,0
97,45,3,2859.87331400155,1330.4741144677,30,0,0,151,0,0,0
97,45,4,2943.01454371489,1684.25486883096,0,0,0,61,0,0,0
97,45,5,2938.26017041826,1148.3017938745,21,0,0,139,0,0,0
97,45,6,3135.24928410338,1757.63671552354,0,0,0,95,0,0,0
97,45,7,21584.456411752,9971.01555358173,183,0,0,239,0,0,0
97,45,8,0,2,0,0,0,0,0,0,0
97,46,1,2994.69431352528,948.192371327103,0,0,0,124,0,0,0
97,46,2,2842.28632035896,1288.49828315476,0,0,0,108,0,0,0
97,46,3,2879.3486096187,694.725856741831,0,0,0,133,0,0,0
97,46,4,2969.752496012,1151.39553908965,0,0,0,168,0,0,0
97,46,5,2954.98645212087,1438.13151004202,0,0,0,114,0,0,0
97,46,6,3171.23220881736,1169.94277107356,0,0,0,175,0,0,0
97,46,7,21650.2361109479,6705.95152701202,42,0,0,244,0,0,0
97,46,8,0,2,0,0,0,0,0,0,0
97,47,1,2996.91127961181,1726.03018481986,0,0,0,94,0,0,0
97,47,2,2848.84764581212,742.055510623769,0,0,0,128,0,0,0
97,47,3,2873.73325381238,1691.28565959893,0,0,0,69,0,0,0
97,47,4,2971.74359216963,1593.7909638955,0,0,0,115,0,0,0
97,47,5,2971.24127752386,283.916798689635,0,0,0,142,0,0,0
97,47,6,3193.90690599306,1494.36327380842,0,0,0,116,0,0,0
97,47,7,21696.0298536731,9741.90297916077,82,0,0,219,0,0,0
97,47,8,0,2,0,0,0,0,0,0,0
97,48,1,3028.3881677229,911.133075373293,0,0,0,172,0,0,0
97,48,2,2845.36551412649,1292.25081640456,0,0,0,74,0,0,0
97,48,3,2891.89685587062,1768.87806605623,0,0,0,169,0,0,0
97,48,4,2995.4092485781,1151.51286075289,0,0,0,159,0,0,0
97,48,5,2957.1493594403,1422.95838183602,0,0,0,28,0,0,0
97,48,6,3220.69093292209,941.361414856829,0,0,0,149,0,0,0
97,48,7,21737.3451794776,12732.3612119386,0,39,0,188,0,0,0
97,48,8,0,2,0,0,0,0,0,0,0
97,49,1,3034.45019053287,1716.54859232458,0,0,0,91,0,0,0
97,49,2,2856.62819746798,1861.00990699856,0,0,0,129,0,0,0
97,49,3,2914.98848278245,894.165883258016,0,2,0,165,0,0,0
97,49,4,3006.63153013359,1132.61116952792,0,0,0,115,0,0,0
97,49,5,2987.92279358921,844.610755388551,0,0,0,142,0,0,0
97,49,6,3238.52158355224,1228.00510773954,0,0,0,94,0,0,0
97,49,7,21795.0449700862,8819.97462908604,0,188,0,231,0,0,0
97,49,8,0,2,0,0,0,0,0,0,0
97,50,1,3052.51326412023,2154.8667469906,0,0,0,171,0,0,0
97,50,2,2871.20496417028,1214.27662228941,0,0,0,186,0,0,0
97,50,3,2911.01846329408,1715.50527698354,0,0,0,89,0,0,0
97,50,4,3015.24213033873,1624.32413717477,0,0,0,113,0,0,0
97,50,5,2989.18668348217,1377.11299453913,0,0,0,84,0,0,0
97,50,6,3271.96681510241,1436.88082435211,0,0,0,122,0,0,0
97,50,7,21854.0748089663,12092.0851908774,29,0,0,198,0,0,0
97,50,8,0,2,0,0,0,0,0,0,0
97,51,1,3068.09812889747,1611.00635428743,0,0,0,182,0,0,0
97,51,2,2867.26595913529,1169.89636369843,0,0,0,121,0,0,0
97,51,3,2916.74353452106,1372.62397258186,0,0,0,171,0,0,0
97,51,4,3024.26730684002,1191.03252209058,0,0,0,162,0,0,0
97,51,5,2996.19568370162,1219.48489618267,0,0,0,137,0,0,0
97,51,6,3293.92229289706,1059.01404601017,0,0,0,143,0,0,0
97,51,7,21890.4858270179,6386.82629332101,2,37,0,194,0,0,0
97,51,8,0,2,0,0,0,0,0,0,0
97,52,1,3077.11432439761,994.721042206617,0,32,0,115,0,0,0
97,52,2,2867.86124091054,1378.77175819705,0,0,0,116,0,0,0
97,52,3,2930.1488859721,1494.29901974511,0,18,0,112,0,0,0
97,52,4,3036.9344827909,1419.48111943941,0,0,0,119,0,0,0
97,52,5,3010.9692077572,1157.97979818027,0,0,0,121,0,0,0
97,52,6,3325.88460978356,1676.99086369998,0,1,0,104,0,0,0
97,52,7,21972.7934009379,10393.3094143453,0,242,0,230,0,0,5
97,52,8,0,2,0,0,0,0,0,0,0
97,53,1,3092.20215150202,1973.67686191063,0,0,0,99,0,0,0
97,53,2,2888.85981782229,1113.12840617457,0,0,0,137,0,0,0
97,53,3,2965.63475948707,1077.21680166834,0,0,0,149,0,0,0
97,53,4,3066.75402787184,1740.40440951897,0,0,0,141,0,0,0
97,53,5,3034.49798691077,1642.08686677083,0,0,0,115,0,0,0
97,53,6,3370.725355211,710.52867992052,0,5,0,139,0,0,0
97,53,7,22052.6763775943,5458.78465583284,0,183,0,191,0,0,0
97,53,8,0,2,0,0,0,0,0,0,0
97,54,1,3117.59942100079,1565.90103402678,0,0,0,197,0,0,0
97,54,2,2886.16255167124,1071.8945447369,0,0,0,111,0,0,0
97,54,3,2953.06748998313,904.95896593057,0,0,0,107,0,0,0
97,54,4,3079.33332918527,1520.60773699427,0,0,0,174,0,0,0
97,54,5,3051.47220238588,1068.31795028004,0,0,0,164,0,0,0
97,54,6,3375.90913765082,1029.51804164391,0,0,0,71,0,0,0
97,54,7,22095.6664267514,8453.42486356795,33,0,0,187,0,0,0
97,54,8,0,2,0,0,0,0,0,0,0
97,55,1,3155.9592638768,625.463826758443,0,0,0,156,0,0,0
97,55,2,2892.88943502489,1587.61400925793,0,0,0,107,0,0,0
97,55,3,2959.36019404047,1302.31849870976,0,0,0,90,0,0,0
97,55,4,3109.36125974113,227.880750581306,0,0,0,152,0,0,0
97,55,5,3074.44091907234,1316.94163976161,0,0,0,106,0,0,0
97,55,6,3416.24049456811,416.985737223227,0,0,0,102,0,0,0
97,55,7,22191.4120726856,7754.56227308118,0,34,0,226,0,0,0
97,55,8,0,2,0,0,0,0,0,0,0
97,56,1,3127.38852163331,1291.78239561146,0,53,0,9,0,0,0
97,56,2,2871.25042680243,1130.20863270898,0,83,0,75,0,0,0
97,56,3,2941.75304539626,1812.50252890955,0,68,0,62,0,0,0
97,56,4,3077.27612635333,571.506315686544,0,9,0,13,0,0,0
97,56,5,3064.01537600116,1721.50313438157,0,64,0,67,0,0,0
97,56,6,3404.99461341891,1124.67206595221,0,13,0,28,0,0,0
97,56,7,22307.6848827621,9786.86583083775,1,313,0,298,0,0,0
97,56,8,0,2,0,0,0,0,0,0,0
97,57,1,3141.31002359321,1543.28207625557,0,0,0,129,0,0,0
97,57,2,2871.80702000566,1810.68561321259,0,0,0,113,0,0,0
97,57,3,2960.48811678274,1962.68888046304,0,0,0,181,0,0,0
97,57,4,3062.58910923048,1603.95566396078,0,0,0,57,0,0,0
97,57,5,3082.56460556922,1840.69193058626,0,0,0,172,0,0,0
97,57,6,3417.88681207306,1383.15633480056,0,0,0,112,0,0,0
97,57,7,22361.8761912629,14095.5121687339,28,0,0,196,0,0,0
97,57,8,0,2,0,0,0,0,0,0,0
97,58,1,3153.39557714382,906.880085148137,0,0,0,154,0,0,0
97,58,2,2881.63214687764,1108.2248474823,0,0,0,181,0,0,0
97,58,3,2973.75693613255,1452.77171319432,0,0,0,184,0,0,0
97,58,4,3075.61558043812,1236.3769467883,0,0,0,160,0,0,0
97,58,5,3104.57416165227,949.150409345495,0,0,0,183,0,0,0
97,58,6,3439.16034715639,1250.41390338443,0,0,0,138,0,0,0
97,58,7,22384.2591779903,11598.0635165144,20,3,0,213,0,0,0
97,58,8,0,2,0,0,0,0,0,0,0
97,59,1,3156.36234161126,529.842192349627,0,0,0,90,0,0,0
97,59,2,2881.77464878406,1097.03595554954,0,0,0,110,0,0,0
97,59,3,2978.97884331927,844.325784967053,0,0,0,145,0,0,0
97,59,4,3086.64337633402,1539.85518214378,0,0,0,123,0,0,0
97,59,5,3099.19092916528,1424.93412281342,0,0,0,94,0,0,0
97,59,6,3471.03515547071,1297.0509775686,0,0,0,125,0,0,0
97,59,7,22405.4766528091,8069.52540189456,30,1,0,184,0,0,0
97,59,8,0,2,0,0,0,0,0,0,0
97,60,1,3154.80905016221,1487.61459526743,0,4,0,48,0,0,0
97,60,2,2884.94285596565,798.852036214896,0,3,0,106,0,0,0
97,60,3,2964.66478516905,904.673862303563,0,0,0,84,0,0,0
97,60,4,3102.53241865447,1080.96060418785,0,13,0,138,0,0,0
97,60,5,3108.23888193637,1077.14972411568,0,25,0,112,0,0,0
97,60,6,3475.6683242988,981.456142287573,0,28,0,96,0,0,0
97,60,7,22466.5531529779,13794.8474920716,6,201,0,233,0,0,0
97,60,8,0,2,0,0,0,0,0,0,0
97,61,1,3163.81786900535,751.908395212267,0,0,0,148,0,0,0
97,61,2,2874.98554511771,1323.82988948123,0,0,0,79,0,0,0
97,61,3,2958.41747566412,1177.88932182806,0,0,0,90,0,0,0
97,61,4,3097.08020165061,1641.45382261865,0,0,0,108,0,0,0
97,61,5,3109.47455268197,1376.26066409091,0,0,0,107,0,0,0
97,61,6,3484.33565590328,1051.74077213607,0,0,0,98,0,0,0
97,61,7,22517.6341422627,8505.47252130367,25,0,0,292,0,0,0
97,61,8,0,2,0,0,0,0,0,0,0
97,62,1,3160.62731489677,512.096942851069,0,0,0,75,0,0,0
97,62,2,2891.4767127061,1234.68104705409,0,0,0,132,0,0,0
97,62,3,2965.59546391873,750.94771289022,0,0,0,117,0,0,0
97,62,4,3135.56154949873,1555.97935146348,0,0,0,164,0,0,0
97,62,5,3134.82785004225,687.79359552944,0,0,0,137,0,0,0
97,62,6,3510.26479093143,775.661154624381,0,0,0,105,0,0,0
97,62,7,22572.1721460383,7769.36490671707,56,0,0,178,0,0,0
97,62,8,0,2,0,0,0,0,0,0,0
97,63,1,3154.60034147827,1198.56249183201,0,0,0,51,0,0,0
97,63,2,2897.08878104373,374.172149578844,0,0,0,123,0,0,0
97,63,3,2962.1056363498,1279.7182128914,0,0,0,75,0,0,0
97,63,4,3151.51097543192,1858.68571340463,0,0,0,155,0,0,0
97,63,5,3136.6879835609,777.61217901469,0,0,0,68,0,0,0
97,63,6,3521.24337600192,2148.76720664443,0,0,0,77,0,0,0
97,63,7,22631.9597576048,7188.79628627567,50,0,0,190,0,0,0
97,63,8,0,2,0,0,0,0,0,0,0
97,64,1,3168.46881578074,728.609872972614,0,0,0,119,0,0,0
97,64,2,2869.93784848777,1265.72366371361,0,0,0,37,0,0,0
97,64,3,2967.8250908342,957.114512144695,0,0,0,127,0,0,0
97,64,4,3173.08964392755,1974.55558953416,0,18,0,148,0,0,0
97,64,5,3136.96186131442,1602.42238870505,0,0,0,77,0,0,0
97,64,6,3554.55844205223,624.94588434912,0,26,0,159,0,0,0
97,64,7,22684.3663977436,6749.36839474611,1,195,0,241,0,0,0
97,64,8,0,2,0,0,0,0,0,0,0
97,65,1,3169.14943816307,2007.3869061521,0,0,0,72,0,0,0
97,65,2,2885.15834609303,1460.49797480342,0,0,0,126,0,0,0
97,65,3,2980.81877857026,932.67371431701,0,0,0,95,0,0,0
97,65,4,3212.46878451602,902.878398869121,0,0,0,197,0,0,0
97,65,5,3169.94683387234,893.022718910341,0,0,0,160,0,0,0
97,65,6,3570.49037682047,2270.92412027951,0,0,0,62,0,0,0
97,65,7,22788.5619602678,14556.1297124469,25,0,0,247,0,0,0
97,65,8,0,2,0,0,0,0,0,0,0
97,66,1,3183.73472183559,788.833722314606,0,0,0,185,0,0,0
97,66,2,2877.31419820807,1496.12869391913,0,0,0,146,0,0,0
97,66,3,2968.40872074508,1142.62586080985,0,0,0,93,0,0,0
97,66,4,3196.92221159033,1039.98922317626,0,0,0,90,0,0,0
97,66,5,3163.65564268658,1540.1921407995,0,0,0,89,0,0,0
97,66,6,3614.38463569311,1428.10591955363,0,0,0,224,0,0,0
97,66,7,22823.3282232771,11383.0390568341,28,0,0,204,0,0,0
97,66,8,0,2,0,0,0,0,0,0,0
97,67,1,3171.1432420661,964.711177504837,0,41,0,37,0,0,0
97,67,2,2869.26396261114,870.763957840802,0,67,0,82,0,0,0
97,67,3,2957.01688247973,821.835468124129,0,68,0,46,0,0,0
97,67,4,3189.37423706022,1417.37053745535,0,49,0,54,0,0,0
97,67,5,3166.7423964268,1206.53244107291,0,78,0,76,0,0,0
97,67,6,3635.14800030448,894.5893569044,0,69,0,73,0,0,0
97,67,7,22930.8964924718,15099.2079211296,9,193,0,213,0,0,0
97,67,8,0,2,0,0,0,0,0,0,0
97,68,1,3165.24557042295,1402.19588380255,0,0,0,96,0,0,0
97,68,2,2868.1524562082,1412.99974287404,0,0,0,87,0,0,0
97,68,3,2955.34459952461,1442.92811371702,0,0,0,82,0,0,0
97,68,4,3203.55501286522,1268.57695794449,0,0,0,141,0,0,0
97,68,5,3185.97426737754,1518.17847313155,0,0,0,120,0,0,0
97,68,6,3658.53881309591,1456.85677384792,0,0,0,89,0,0,0
97,68,7,22964.7048180014,9665.66999554354,27,0,0,209,0,0,0
97,68,8,0,2,0,0,0,0,0,0,0
97,69,1,3191.07849943563,839.805069486042,0,0,0,140,0,0,0
97,69,2,2885.2246204904,1076.03623754064,0,0,0,141,0,0,0
97,69,3,2969.2863275106,2361.59436088315,0,0,0,144,0,0,0
97,69,4,3219.46730581534,1826.88184303378,0,0,0,126,0,0,0
97,69,5,3213.30141778127,1008.09795610083,0,0,0,151,0,0,0
97,69,6,3707.54584560904,1193.29665712736,0,0,0,145,0,0,0
97,69,7,23026.2590577668,9715.04363394509,29,0,0,203,0,0,0
97,69,8,0,2,0,0,0,0,0,0,0
97,70,1,3205.34375563246,1005.37811147034,0,0,0,83,0,0,0
97,70,2,2891.04743826652,2171.87885094744,0,0,0,107,0,0,0
97,70,3,3003.61924952361,1091.34720700366,1,0,0,196,0,0,0
97,70,4,3252.70004734751,1888.00531265443,0,0,0,182,0,0,0
97,70,5,3240.21286412854,1203.44042364555,0,0,0,100,0,0,0
97,70,6,3749.7448948651,1672.06321336893,0,0,0,119,0,0,0
97,70,7,23077.4258115014,5548.46578642799,34,0,0,191,0,0,2
97,70,8,0,2,0,0,0,0,0,0,0
97,71,1,3203.50842738626,919.782472292072,0,0,0,100,0,0,0
97,71,2,2903.36284493548,1795.09891954294,20,0,0,159,0,0,0
97,71,3,3005.26869129097,1488.44783571975,0,0,0,109,0,0,0
97,71,4,3285.47135160818,1809.57986637551,2,0,0,183,0,0,0
97,71,5,3259.40878316657,1194.11770264122,0,0,0,120,0,0,0
97,71,6,3787.38547538928,905.852456446679,0,0,0,167,0,0,0
97,71,7,23110.1425829054,14811.6791067062,137,0,0,171,0,0,0
97,71,8,0,2,0,0,0,0,0,0,0
97,72,1,3195.79439850757,794.81648223767,0,0,0,91,0,0,0
97,72,2,2920.62063088642,893.479566524292,0,0,0,179,0,0,0
97,72,3,3018.38324765995,2092.57973477546,0,0,0,148,0,0,0
97,72,4,3310.72941832667,746.708986860748,0,0,0,180,0,0,0
97,72,5,3272.12660515729,943.479590157606,0,0,0,119,0,0,0
97,72,6,3803.10211508154,1619.0272810987,0,0,0,90,0,0,0
97,72,7,23136.5660540545,9653.83631219826,39,0,0,192,0,0,0
97,72,8,0,2,0,0,0,0,0,0,0
97,73,1,3191.86287023825,1607.74540112965,0,0,0,79,0,0,0
97,73,2,2913.63667122982,1004.49533657988,0,0,0,89,0,0,0
97,73,3,3025.02804792603,453.457711610939,17,0,0,158,0,0,0
97,73,4,3305.41745141734,1582.22544454369,0,0,0,74,0,0,0
97,73,5,3279.18932840625,1414.01619307951,0,0,0,94,0,0,0
97,73,6,3828.77651291394,1586.80605089604,4,0,0,150,0,0,0
97,73,7,23194.0193880993,8336.17702446681,232,0,0,292,0,0,0
97,73,8,0,2,0,0,0,0,0,0,0
97,74,1,3205.69431802934,1002.84250700839,4,0,0,151,0,0,0
97,74,2,2913.82613207069,509.84657439924,0,0,0,100,0,0,0
97,74,3,2993.58012921287,1571.8350358227,0,0,0,45,0,0,0
97,74,4,3326.67493858791,1816.19471696171,3,0,0,148,0,0,0
97,74,5,3300.6869439785,1235.65732184188,0,0,0,141,0,0,0
97,74,6,3870.22750651949,772.454160747215,0,0,0,157,0,0,0
97,74,7,23244.5543420718,11512.6029695875,264,0,0,226,0,0,0
97,74,8,0,2,0,0,0,0,0,0,0
97,75,1,3202.43179367973,1211.27042190244,0,0,0,100,0,0,0
97,75,2,2888.9962577008,646.251443848455,0,0,0,50,0,0,0
97,75,3,3005.45361233778,1983.19546509895,0,0,0,157,0,0,0
97,75,4,3345.38287200378,1465.29356287337,0,0,0,172,0,0,0
97,75,5,3308.23289941934,1090.35767871001,0,0,0,123,0,0,0
97,75,6,3873.23752901097,482.565069378466,0,0,0,77,0,0,0
97,75,7,23300.1716091888,9273.40134406475,0,33,0,208,0,0,0
97,75,8,0,2,0,0,0,0,0,0,0
97,76,1,3181.24851797686,1701.26689947796,0,63,0,58,0,0,0
97,76,2,2867.9198652113,1530.3402933568,0,25,0,39,0,0,0
97,76,3,2993.11777892444,1796.56329389719,0,92,0,106,0,0,0
97,76,4,3341.3444048444,1359.76215074289,0,70,0,76,0,0,0
97,76,5,3301.0940892572,1629.18002683484,0,63,0,46,0,0,0
97,76,6,3858.45125408328,1557.02537919269,0,23,0,25,0,0,0
97,76,7,23396.2937624056,14206.2258938169,5,291,0,280,0,0,0
97,76,8,0,2,0,0,0,0,0,0,0
97,77,1,3183.56567440884,1005.47028693996,0,0,0,170,0,0,0
97,77,2,2875.15543868785,1045.37043800595,0,0,0,153,0,0,0
97,77,3,3007.45481682939,571.261173203636,0,0,0,179,0,0,0
97,77,4,3352.91170207072,1003.18120736256,0,0,0,135,0,0,0
97,77,5,3327.11574614426,1107.48875020174,0,0,0,162,0,0,0
97,77,6,3891.07173792386,1687.89864746613,0,0,0,155,0,0,0
97,77,7,23444.3989196321,9451.24056643552,28,0,0,282,0,0,0
97,77,8,0,2,0,0,0,0,0,0,0
97,78,1,3189.49774611334,1021.85609835772,0,0,0,100,0,0,0
97,78,2,2884.56931952764,1123.17784762354,0,0,0,104,0,0,0
97,78,3,3000.31681044832,1868.84222242166,0,0,0,57,0,0,0
97,78,4,3370.90977252878,1301.87638233727,0,0,0,100,0,0,0
97,78,5,3349.41276854627,1511.90293973214,0,0,0,110,0,0,0
97,78,6,3954.32107308478,1228.97463182712,0,0,0,168,0,0,0
97,78,7,23499.7460698677,11407.5595455196,36,0,0,191,0,0,0
97,78,8,0,2,0,0,0,0,0,0,0
97,79,1,3192.55425346841,1517.22516647483,0,0,0,102,0,0,0
97,79,2,2890.94995690221,506.925858572867,0,0,0,112,0,0,0
97,79,3,3028.07148807418,530.80393528061,0,0,0,186,0,0,0
97,79,4,3397.1771054448,1981.36497300356,0,0,0,130,0,0,0
97,79,5,3381.46308257801,1985.46810388061,0,0,0,151,0,0,0
97,79,6,4004.40229854629,1293.70487379636,0,0,0,122,0,0,0
97,79,7,23568.5779119005,11148.2152522809,32,0,0,294,0,0,1
97,79,8,0,2,0,0,0,0,0,0,0
97,80,1,3217.84127272518,1188.56722862596,0,0,0,151,0,0,0
97,80,2,2876.44244510146,1001.44094900153,0,0,0,50,0,0,0
97,80,3,3008.71352280153,777.168110011313,0,0,0,53,0,0,0
97,80,4,3436.28967545428,1846.40621734368,0,0,0,198,0,0,0
97,80,5,3428.5777288541,1163.55534501692,0,0,0,193,0,0,0
97,80,6,4041.49047016417,1357.53234777143,0,0,0,129,0,0,0
97,80,7,23646.6325446491,4231.54942682778,29,0,0,256,0,0,3
97,80,8,0,2,0,0,0,0,0,0,0
97,81,1,3215.58164068764,1869.25445748075,0,0,0,118,0,0,0
97,81,2,2876.35630592009,1056.12039994266,0,0,0,100,0,0,0
97,81,3,2999.9200918345,1227.06582844526,0,0,0,77,0,0,0
97,81,4,3456.36550521246,764.567786301947,14,0,0,156,0,0,0
97,81,5,3434.36825952092,970.628535297428,0,0,0,116,0,0,0
97,81,6,4084.4121754985,1856.94557887903,0,0,0,135,0,0,0
97,81,7,23653.4087767575,11488.6311153154,135,0,0,153,0,0,0
97,81,8,0,2,0,0,0,0,0,0,0
97,82,1,3257.69983114381,785.761618393544,0,0,0,186,0,0,0
97,82,2,2889.57029925729,1261.81678139006,0,0,0,105,0,0,0
97,82,3,3019.78058520755,1122.19283232909,0,0,0,122,0,0,0
97,82,4,3450.9723636078,746.205687646117,0,0,0,76,0,0,0
97,82,5,3439.51148062036,1078.17304598198,0,0,0,97,0,0,0
97,82,6,4152.13404335288,2566.87711777165,0,0,0,185,0,0,0
97,82,7,23708.3541687521,9867.88653330584,10,14,0,220,0,0,0
97,82,8,0,2,0,0,0,0,0,0,0
97,83,1,3231.19918241574,1547.35662357709,0,50,0,28,0,0,0
97,83,2,2882.89917914469,1444.91401941728,0,68,0,58,0,0,0
97,83,3,3002.12492504623,1048.18160034047,0,68,0,44,0,0,0
97,83,4,3423.95108741985,1360.36787338,0,49,0,25,0,0,0
97,83,5,3430.57151528357,1164.0892238951,0,50,0,57,0,0,0
97,83,6,4179.53658871796,1816.71652168728,0,140,0,116,0,0,0
97,83,7,23749.2401040935,6969.89441669953,7,241,0,179,0,0,0
97,83,8,0,2,0,0,0,0,0,0,0
97,84,1,3276.30878579631,1667.17271949108,0,0,0,154,0,0,0
97,84,2,2932.27501690377,1451.29083641207,0,0,0,144,0,0,0
97,84,3,3025.11068246546,1901.79344323896,0,0,0,104,0,0,0
97,84,4,3495.97361178253,869.183335266947,0,0,0,136,0,0,0
97,84,5,3470.61283005602,1778.24249136036,0,0,0,116,0,0,0
97,84,6,4277.07012665153,1769.37252596242,0,0,0,181,0,0,0
97,84,7,23853.1407418708,10959.4704584287,29,0,0,196,0,0,0
97,84,8,0,2,0,0,0,0,0,0,0
97,85,1,3312.80879524702,1288.33737657586,0,0,0,166,0,0,0
97,85,2,2958.79374418005,1153.35363754086,0,0,0,145,0,0,0
97,85,3,3078.29374770366,1505.44332870687,0,0,0,185,0,0,0
97,85,4,3516.60260944117,1479.04273894265,0,0,0,86,0,0,0
97,85,5,3526.26888801631,1178.5759585955,0,0,0,177,0,0,0
97,85,6,4381.18753728519,2442.51622216141,0,0,0,176,0,0,0
97,85,7,23936.5800699798,11633.9057046404,26,0,0,186,0,0,0
97,85,8,0,2,0,0,0,0,0,0,0
97,86,1,3344.49814777631,1210.20214411434,0,0,0,128,0,0,0
97,86,2,2978.01292349167,1696.42044620274,0,0,0,115,0,0,0
97,86,3,3100.23948536124,926.917423844175,0,0,0,150,0,0,0
97,86,4,3578.74624546385,1263.97537857082,0,0,0,147,0,0,0
97,86,5,3552.86424492867,1884.90068765705,0,0,0,117,0,0,0
97,86,6,4496.01119019494,1082.44072890149,0,0,0,241,0,0,0
97,86,7,24022.9875179708,10167.8566843261,23,0,0,204,0,0,0
97,86,8,0,2,0,0,0,0,0,0,0
97,87,1,3384.82566918211,1800.02535995332,0,0,0,121,0,0,0
97,87,2,2998.46254941122,1272.1468238729,0,0,0,169,0,0,0
97,87,3,3109.56334025707,1280.23966831831,0,0,0,92,0,0,0
97,87,4,3611.37713698571,1072.20569300314,0,0,0,126,0,0,0
97,87,5,3591.90640859116,2044.10697909341,1,0,0,163,0,0,0
97,87,6,4555.35321663527,2544.07919738648,0,0,0,108,0,0,0
97,87,7,24084.3160733382,13901.1040144172,65,0,0,164,0,0,0
97,87,8,0,2,0,0,0,0,0,0,0
97,88,1,3405.7060574745,1594.90162394579,0,0,0,175,0,0,0
97,88,2,2991.07288601417,2246.71933070671,0,0,0,127,0,0,0
97,88,3,3118.92686208738,1224.95441482246,0,0,0,128,0,0,0
97,88,4,3609.14552555411,1455.70759538247,0,0,0,107,0,0,0
97,88,5,3627.12970287481,2197.4858975415,0,0,0,200,0,0,0
97,88,6,4614.14762292376,1859.12455274306,0,0,0,230,0,0,0
97,88,7,24122.8794665055,9771.1065307706,39,0,0,227,0,0,0
97,88,8,0,2,0,0,0,0,0,0,0
97,89,1,3420.80434709442,1039.23035023557,21,0,0,121,0,0,0
97,89,2,3001.13002699665,1199.45758108648,46,0,0,140,0,0,0
97,89,3,3123.52710685448,1391.87577504895,0,0,0,122,0,0,0
97,89,4,3629.46774941949,889.71977794216,0,0,0,145,0,0,0
97,89,5,3657.42752858547,1485.47526840061,30,0,0,164,0,0,0
97,89,6,4669.2436209356,1704.00576876056,16,0,0,156,0,0,0
97,89,7,24198.6823607866,13851.4201467992,335,0,0,374,0,0,0
97,89,8,0,2,0,0,0,0,0,0,0
97,90,1,3426.02656310442,1097.96123984792,0,0,0,103,0,0,0
97,90,2,3011.02128983976,1675.47504376141,0,0,0,119,0,0,0
97,90,3,3132.50900328234,867.334417176935,0,0,0,139,0,0,0
97,90,4,3638.89595590658,1659.89209851757,0,0,0,88,0,0,0
97,90,5,3667.65330252848,2277.8532298677,0,0,0,148,0,0,0
97,90,6,4714.7126662791,2502.46344390336,0,0,0,167,0,0,0
97,90,7,24252.6441561446,6538.70183191318,73,0,0,236,0,0,0
97,90,8,0,2,0,0,0,0,0,0,0
97,91,1,3441.13598320526,1551.57696434956,0,0,0,109,0,0,0
97,91,2,3056.63773991312,1541.25760600944,8,0,0,153,0,0,0
97,91,3,3134.60039055893,933.374200341356,0,0,0,86,0,0,0
97,91,4,3701.85694699138,1315.78996068718,13,0,0,142,0,0,0
97,91,5,3713.95577632687,699.761413254897,44,0,0,146,0,0,0
97,91,6,4763.66786167462,1498.91221675189,65,0,0,133,0,0,0
97,91,7,24335.0894750702,9635.7321289495,215,1,0,188,0,0,0
97,91,8,0,2,0,0,0,0,0,0,0
97,92,1,3484.03162411647,1487.30040073162,0,0,0,155,0,0,0
97,92,2,3110.47764567121,1375.19776799003,0,0,0,154,0,0,0
97,92,3,3136.09790269061,855.463830982116,0,0,0,93,0,0,0
97,92,4,3726.39668563363,2441.85906466219,0,0,0,131,0,0,0
97,92,5,3728.23454340931,2079.00258911442,0,0,0,69,0,0,0
97,92,6,4860.47905946621,2425.53607626892,0,0,0,149,0,0,0
97,92,7,24470.8905854721,4586.44545136135,58,0,0,210,0,0,0
97,92,8,0,2,0,0,0,0,0,0,0
97,93,1,3464.71107597263,1928.24714557307,0,73,0,75,0,0,0
97,93,2,3080.25658743488,1462.66497849244,0,65,0,72,0,0,0
97,93,3,3092.25268868467,717.478906137009,0,43,0,42,0,0,0
97,93,4,3726.35515963007,776.166041442986,0,132,0,112,0,0,0
97,93,5,3734.98770725742,2124.50165564588,0,119,0,88,0,0,0
97,93,6,4875.97664114898,2090.41794000784,0,127,0,115,0,0,0
97,93,7,24492.7821909086,7018.59260448394,0,227,0,199,0,0,0
97,93,8,0,2,0,0,0,0,0,0,0
97,94,1,3539.73884558131,1288.21466090515,0,0,0,192,0,0,0
97,94,2,3136.08096115169,1091.61179838632,0,0,0,146,0,0,0
97,94,3,3113.62512275727,1223.68866217128,0,0,0,71,0,0,0
97,94,4,3776.10670492403,1585.29032120431,0,0,0,77,0,0,0
97,94,5,3837.97458185702,1164.38010522337,0,0,0,212,0,0,0
97,94,6,5006.82854601404,1730.7686763924,0,0,0,209,0,0,0
97,94,7,24662.385082286,11771.8068761107,25,0,0,260,0,0,0
97,94,8,0,2,0,0,0,0,0,0,0
97,95,1,3553.02421370027,1433.10620809421,0,0,0,128,0,0,0
97,95,2,3149.38115627583,930.649291921102,0,0,0,109,0,0,0
97,95,3,3128.70629373568,1988.71164462149,0,0,0,122,0,0,0
97,95,4,3832.96882511351,1791.40761832162,0,0,0,158,0,0,0
97,95,5,3888.37078818641,995.993819410718,0,0,0,116,0,0,0
97,95,6,5100.57137732521,2850.39503629308,0,0,0,173,0,0,0
97,95,7,24769.1309075528,7308.06862652612,29,0,0,210,0,0,0
97,95,8,0,2,0,0,0,0,0,0,0
97,96,1,3596.70742466494,1102.54352000637,0,0,0,143,0,0,0
97,96,2,3152.77833411625,833.266374376861,0,0,0,93,0,0,0
97,96,3,3190.1368851557,745.856351413869,3,0,0,185,0,0,0
97,96,4,3894.5987400072,2586.36293308567,0,0,0,179,0,0,0
97,96,5,3925.76016306,1970.8895468026,0,0,0,99,0,0,0
97,96,6,5223.47999443957,1516.82110403568,11,0,0,237,0,0,0
97,96,7,24864.0837383917,13998.2911856044,127,0,0,180,0,0,1
97,96,8,0,2,0,0,0,0,0,0,0
97,97,1,3596.60471655939,1593.57641529579,0,0,0,110,0,0,0
97,97,2,3148.59857024718,1708.5483739161,0,0,0,83,0,0,0
97,97,3,3185.84581701208,2130.11573857336,0,0,0,74,0,0,0
97,97,4,3929.21079307033,1953.56213282441,1,0,0,213,0,0,0
97,97,5,3973.6058827477,1772.79545234389,0,0,0,167,0,0,1
97,97,6,5290.40363658136,3341.64607280703,0,0,0,151,0,0,0
97,97,7,24915.8077525603,12528.7421881091,47,0,0,196,0,0,0
97,97,8,0,2,0,0,0,0,0,0,0
97,98,1,3649.13807776594,1582.49981275088,0,0,0,159,0,0,0
97,98,2,3202.63826260199,1237.30293287286,0,0,0,169,0,0,0
97,98,3,3253.18649011264,1671.71179111873,0,0,0,203,0,0,3
97,98,4,4029.02521047691,2605.87468337429,0,0,0,191,0,0,0
97,98,5,4046.86488723189,1926.28328803624,0,0,0,177,0,0,0
97,98,6,5418.50369577429,3823.64127312786,4,0,0,204,0,0,2
97,98,7,25032.885637178,6102.22535055255,37,0,0,206,0,0,4
97,98,8,0,2,0,0,0,0,0,0,0
97,99,1,3695.65738184672,1599.22956015639,1,0,0,155,0,0,0
97,99,2,3231.94720234731,1561.70111076866,0,0,0,123,0,0,0
97,99,3,3301.20447759263,957.758566044066,1,0,0,164,0,0,0
97,99,4,4093.66748212411,1951.45202323579,26,0,0,190,0,0,0
97,99,5,4112.4323531732,1529.96323755806,10,0,0,164,0,0,0
97,99,6,5515.94246033773,2591.32495224827,78,0,0,171,0,0,0
97,99,7,25115.834870405,5885.40172207362,155,0,0,180,0,0,2
97,99,8,0,2,0,0,0,0,0,0,0
97,100,1,3716.02270069822,1119.2026040999,3,0,0,150,0,0,0
97,100,2,3269.70274121496,840.191874583054,0,0,0,156,0,0,0
97,100,3,3317.70998454742,1137.90474486212,0,0,0,95,0,0,0
97,100,4,4154.49590873963,2293.79821084285,10,0,0,164,0,0,0
97,100,5,4158.6837030331,1745.93851739203,0,0,0,152,0,0,0
97,100,6,5631.25749860869,1349.07501697315,25,0,0,184,0,0,0
97,100,7,25171.5664009032,3702.34006011665,138,0,0,186,0,0,0
97,100,8,0,2,0,0,0,0,0,0,0
98,1,1,2751.512,769.921309334452,0,0,0,91,0,0,0
98,1,2,2746.8624,734.535248363665,0,0,0,73,0,0,0
98,1,3,2732.112,554.137634244958,0,0,0,21,0,0,0
98,1,4,2748.76,680.127670041668,0,0,0,98,0,0,0
98,1,5,2754.0064,1150.24887605593,0,0,0,99,0,0,0
98,1,6,2740.6976,1021.80155398055,0,0,0,27,0,0,0
98,1,7,20677.0959999999,8060.62335956155,0,0,0,73,0,0,0
98,1,8,0,6,0,0,0,5,0,0,0
98,2,1,2754.832,1160.79627681437,0,0,0,76,0,0,0
98,2,2,2749.9344,1615.28976826496,0,0,0,73,0,0,0
98,2,3,2732.8016,1004.82341067148,0,0,0,55,0,0,0
98,2,4,2751.21728,677.241093194525,0,0,0,68,0,0,0
98,2,5,2764.7504,1658.13293099722,0,0,0,115,0,0,0
98,2,6,2749.736,1527.08144320096,0,0,0,102,0,0,0
98,2,7,20611.8735999998,8463.88083524079,11,10,0,189,0,0,0
98,2,8,0,6,0,0,0,0,0,0,0
98,3,1,2767.0912,361.598834576527,0,0,0,116,0,0,0
98,3,2,2773.91808,1823.80713055016,0,0,0,161,0,0,0
98,3,3,2744.450304,964.511095195286,0,0,0,100,0,0,0
98,3,4,2752.45728,1119.15982550482,0,0,0,67,0,0,0
98,3,5,2789.5072,1140.22367611811,0,0,0,165,0,0,0
98,3,6,2770.1744,1389.20640327211,0,0,0,152,0,0,0
98,3,7,20555.5382399996,9640.95654154252,46,0,0,203,0,0,0
98,3,8,0,6,0,0,0,0,0,0,0
98,4,1,2762.6944,1585.64062419658,0,0,0,36,0,0,0
98,4,2,2804.61536,1730.29321516325,0,0,0,176,0,0,0
98,4,3,2757.45445376,481.040361460016,0,0,0,96,0,0,0
98,4,4,2765.60448,1070.68965813055,0,0,0,111,0,0,0
98,4,5,2805.77696,1621.742565548,0,0,0,114,0,0,0
98,4,6,2792.60192,1003.82587911687,0,0,0,138,0,0,0
98,4,7,20507.2013311994,7430.97519498186,0,41,0,210,0,0,0
98,4,8,0,6,0,0,0,0,0,0,0
98,5,1,2760.50528000001,1342.44977247266,0,91,0,67,0,0,0
98,5,2,2809.40576,1079.41223994635,0,86,0,87,0,0,0
98,5,3,2747.00645376001,1127.92839154632,0,24,0,24,0,0,0
98,5,4,2760.27168,740.671270242466,0,56,0,51,0,0,0
98,5,5,2807.42304,1930.95562480769,0,80,0,82,0,0,0
98,5,6,2787.19232000001,1039.81414056676,0,53,0,47,0,0,0
98,5,7,20457.1210777594,10377.8422021276,2,280,0,270,0,0,3
98,5,8,0,6,0,0,0,0,0,0,0
98,6,1,2780.81088,1358.28896777535,0,0,0,134,0,0,0
98,6,2,2828.54656,447.248211314844,0,0,0,107,0,0,0
98,6,3,2764.10750976,1053.75700201967,0,0,0,112,0,0,0
98,6,4,2769.75296,1611.79318470834,0,0,0,74,0,0,0
98,6,5,2844.4408448,909.517704349148,0,0,0,193,0,0,0
98,6,6,2806.15424000001,1259.95602863947,0,0,0,103,0,0,0
98,6,7,20442.3509017594,6337.09470494772,24,1,0,225,0,0,0
98,6,8,0,6,0,0,0,0,0,0,0
98,7,1,2802.76928,747.922181207006,0,0,0,135,0,0,0
98,7,2,2832.604224,1481.76965623497,0,0,0,44,0,0,0
98,7,3,2781.07070976,1425.17943274495,0,0,0,105,0,0,0
98,7,4,2796.05396736,1237.23199243978,0,0,0,156,0,0,0
98,7,5,2858.7509248,799.408532999573,0,0,0,90,0,0,0
98,7,6,2827.67616,1367.43515638719,0,0,0,125,0,0,0
98,7,7,20416.5128217593,5499.54980715762,82,0,0,182,0,0,0
98,7,8,0,6,0,0,0,0,0,0,0
98,8,1,2796.312,1126.75095936805,72,0,0,2,0,0,0
98,8,2,2840.9185408,1725.87894903562,77,0,0,71,0,0,0
98,8,3,2790.65917696,737.693464451482,62,0,0,80,0,0,0
98,8,4,2801.16756736,1900.74910619056,58,0,0,65,0,0,0
98,8,5,2859.5637248,751.052380635909,43,0,0,36,0,0,0
98,8,6,2840.566976,1775.60518867726,53,0,0,83,0,0,0
98,8,7,20399.4187417593,7787.85899512061,229,1,0,209,0,0,11
98,8,8,0,6,0,0,0,0,0,0,0
98,9,1,2813.51168,942.621353201846,0,0,0,112,0,0,0
98,9,2,2872.7538048,1491.89922905115,0,0,0,172,0,0,0
98,9,3,2801.52356096,1667.63790973796,0,0,0,73,0,0,0
98,9,4,2830.37908736,1443.70419726557,1,0,0,173,0,0,0
98,9,5,2869.1904128,1393.4575345083,0,0,0,75,0,0,0
98,9,6,2869.411776,1091.42829412577,0,0,0,177,0,0,0
98,9,7,20359.9896217592,10098.0453828147,96,0,0,181,0,0,0
98,9,8,0,6,0,0,0,0,0,0,0
98,10,1,2822.61376,918.199599048371,0,0,0,94,0,0,0
98,10,2,2899.6200448,979.568959124881,0,0,0,149,0,0,0
98,10,3,2830.59678976001,686.846670951197,0,0,0,166,0,0,0
98,10,4,2855.11150336,1136.53700971383,0,0,0,144,0,0,0
98,10,5,2890.2519168,1369.27015799852,0,0,0,139,0,0,0
98,10,6,2883.9008,448.476049328944,0,0,0,109,0,0,0
98,10,7,20323.9141529592,3141.3112663799,55,0,0,166,0,0,0
98,10,8,0,6,0,0,0,0,0,0,0
98,11,1,2827.784384,1173.04977927963,0,0,0,91,0,0,0
98,11,2,2912.0772608,918.687135016311,0,0,0,97,0,0,0
98,11,3,2836.40632576001,1334.38725780492,0,0,0,68,0,0,0
98,11,4,2868.61550336,2144.26029288021,0,0,0,113,0,0,0
98,11,5,2908.4212736,1151.57261114381,9,0,0,122,0,0,0
98,11,6,2885.5637888,1530.695267125,0,0,0,44,0,0,0
98,11,7,20283.8770329591,8290.75516376575,107,0,0,153,0,0,0
98,11,8,0,6,0,0,0,0,0,0,0
98,12,1,2838.72128,711.117068409067,0,0,0,117,0,0,0
98,12,2,2928.20377856,1165.26561678214,0,0,0,91,0,0,0
98,12,3,2856.08480256001,1266.13786360308,0,0,0,133,0,0,0
98,12,4,2906.01518336,1208.28788677579,0,0,0,214,0,0,0
98,12,5,2929.4800896,578.441522164411,0,0,0,115,0,0,0
98,12,6,2916.08970496,734.924755322546,0,0,0,153,0,0,0
98,12,7,20263.6832025591,10158.0872520618,33,0,0,204,0,0,0
98,12,8,0,6,0,0,0,0,0,0,0
98,13,1,2835.550976,747.198857530254,0,0,0,71,0,0,0
98,13,2,2939.76512256,1169.54883937581,0,0,0,116,0,0,0
98,13,3,2872.73829376,1161.00406834357,0,0,0,126,0,0,0
98,13,4,2918.43726336,1919.07163750227,0,0,0,120,0,0,0
98,13,5,2929.63023360001,1030.0952633146,0,0,0,57,0,0,0
98,13,6,2921.75652096001,1361.48556025599,0,0,0,73,0,0,0
98,13,7,20249.666562559,8902.25782802217,28,0,0,276,0,0,0
98,13,8,0,6,0,0,0,0,0,0,0
98,14,1,2837.1632,1025.35607643439,0,0,0,74,0,0,0
98,14,2,2951.68352256,1090.24439775603,0,0,0,116,0,0,0
98,14,3,2882.77199872,783.667794002651,0,0,0,116,0,0,0
98,14,4,2943.96814336,1672.65960602043,0,0,0,172,0,0,3
98,14,5,2937.94415360001,1170.1634497134,0,0,0,103,0,0,0
98,14,6,2940.82884096001,1860.07411793598,0,0,0,136,0,0,0
98,14,7,20216.436917759,8938.65389825715,39,0,0,212,0,0,0
98,14,8,0,6,0,0,0,0,0,0,0
98,15,1,2841.8258688,1574.49577158418,0,0,0,102,0,0,0
98,15,2,2963.07283456,904.293743193063,0,0,0,109,0,0,0
98,15,3,2889.39649792,1572.510417317,0,0,0,78,0,0,0
98,15,4,2972.79751936,1542.41536143374,0,0,0,166,0,0,0
98,15,5,2952.52064000001,1402.63795046167,0,0,0,117,0,0,0
98,15,6,2973.67293696001,1030.74331381998,0,0,0,186,0,0,0
98,15,7,20185.8197401589,9541.65703126518,74,0,0,199,0,0,0
98,15,8,0,6,0,0,0,0,0,0,0
98,16,1,2859.52196864001,1094.14222489412,0,0,0,157,0,0,0
98,16,2,2972.16214016,422.583593765207,0,0,0,90,0,0,0
98,16,3,2914.505124864,1058.61437906348,0,0,0,157,0,0,0
98,16,4,2995.53765376,1501.53501113942,0,0,0,154,0,0,0
98,16,5,2974.97924352001,573.828109432738,0,0,0,140,0,0,0
98,16,6,2987.69479731201,2164.16402650191,0,0,0,103,0,0,0
98,16,7,20164.8645401588,5698.84566655917,66,0,0,237,0,0,0
98,16,8,0,6,0,0,0,0,0,0,0
98,17,1,2865.14280704001,878.127261991951,0,0,0,109,0,0,0
98,17,2,2959.63896125441,1088.81601450865,0,0,0,42,0,0,0
98,17,3,2921.639473664,1050.40172026337,0,0,0,105,0,0,0
98,17,4,3013.27472896,545.082971426307,0,0,0,148,0,0,0
98,17,5,2971.41620019201,1170.21362755307,0,0,0,57,0,0,0
98,17,6,3004.73326131201,1628.49401065304,26,0,0,143,0,0,0
98,17,7,20127.3423774708,6272.97803663684,139,0,0,178,0,0,0
98,17,8,0,6,0,0,0,0,0,0,0
98,18,1,2861.38685184001,992.426085291179,0,0,0,87,0,0,0
98,18,2,2961.22084925441,980.511280072152,0,0,0,108,0,0,0
98,18,3,2920.7674374144,1753.30832834033,0,0,0,105,0,0,0
98,18,4,3004.72406016,1067.9424902813,0,0,0,54,0,0,0
98,18,5,2985.38792499201,1203.22564359738,0,0,0,117,0,0,0
98,18,6,3025.27033651201,671.649305307688,0,5,0,146,0,0,0
98,18,7,20093.7006725107,11880.6931558101,0,154,0,165,0,0,0
98,18,8,0,6,0,0,0,0,0,0,0
98,19,1,2865.10563584001,1820.77083507994,0,0,0,99,0,0,0
98,19,2,2958.66769725441,1902.78389584834,0,0,0,98,0,0,0
98,19,3,2941.38996234241,1745.60753108714,0,0,0,175,0,0,0
98,19,4,3010.72065536,1253.75094518071,0,0,0,106,0,0,0
98,19,5,2992.01437747201,894.175996130956,0,0,0,120,0,0,0
98,19,6,3032.39110451201,1458.43723019202,0,0,0,67,0,0,0
98,19,7,20086.0823045107,9183.24775327693,10,10,0,216,0,0,0
98,19,8,0,6,0,0,0,0,0,0,0
98,20,1,2886.90027264001,1394.8583482098,0,0,0,179,0,0,0
98,20,2,2987.88249661441,477.379066668411,0,0,0,190,0,0,0
98,20,3,2963.49017108481,1315.35613244276,0,0,0,172,0,0,0
98,20,4,3023.19910656,1066.93192914734,0,0,0,125,0,0,0
98,20,5,2995.82061312001,1816.41291472429,0,0,0,89,0,0,0
98,20,6,3060.04594227201,1105.19892137932,0,0,0,145,0,0,0
98,20,7,20078.6689157106,4604.40299319618,70,0,0,204,0,0,0
98,20,8,0,6,0,0,0,0,0,0,0
98,21,1,2896.77804544001,811.714326838016,0,0,0,139,0,0,0
98,21,2,2973.63504250881,1172.0404368471,0,0,0,47,0,0,0
98,21,3,2974.15197014017,1283.9987435651,0,0,0,131,0,0,0
98,21,4,3025.4528384,589.402588895064,0,0,0,106,0,0,0
98,21,5,3016.12362035201,713.404867296056,9,0,0,159,0,0,0
98,21,6,3073.78448691201,1175.8532057321,0,0,0,110,0,0,0
98,21,7,20078.2995077105,5883.44952730874,103,0,0,202,0,0,0
98,21,8,0,6,0,0,0,0,0,0,0
98,22,1,2888.55334144001,1614.00744685819,0,0,0,81,0,0,0
98,22,2,2977.42078330882,710.59234109334,0,0,0,117,0,0,0
98,22,3,2972.75270998017,1005.39131733033,0,0,0,128,0,0,0
98,22,4,3018.62262896641,1294.95538568937,0,0,0,58,0,0,0
98,22,5,3010.60251904001,1764.2495091844,0,0,0,71,0,0,0
98,22,6,3080.98844672002,855.507261895788,0,0,0,117,0,0,0
98,22,7,20059.3873157105,8255.29629780745,0,85,0,169,0,0,0
98,22,8,0,6,0,0,0,0,0,0,0
98,23,1,2901.09531904001,630.677863696808,0,0,0,161,0,0,0
98,23,2,2972.60034170882,883.069079394966,0,0,0,71,0,0,0
98,23,3,2964.90161238017,1384.95430425386,0,0,0,100,0,0,0
98,23,4,3020.32952864769,1371.89864235225,0,0,0,129,0,0,0
98,23,5,3028.91262976001,769.009177010236,0,0,0,176,0,0,0
98,23,6,3084.35368253441,1380.40788216897,0,0,0,85,0,0,0
98,23,7,20061.9620075505,9473.54825442429,31,0,0,195,0,0,0
98,23,8,0,6,0,0,0,0,0,0,0
98,24,1,2890.95324211201,851.950248515872,0,0,0,63,0,0,0
98,24,2,2970.63912097794,2093.46360535332,0,0,0,88,0,0,0
98,24,3,2970.82914024244,1389.63875351795,0,0,0,138,0,0,0
98,24,4,3027.48637728769,1550.57063529437,0,0,0,137,0,0,0
98,24,5,3031.31380756481,1034.33604729002,0,0,0,76,0,0,0
98,24,6,3100.17320509441,990.63588069273,0,0,0,138,0,0,0
98,24,7,20069.8029204465,10875.7053037766,0,55,0,194,0,0,0
98,24,8,0,6,0,0,0,0,0,0,0
98,25,1,2889.02012467202,1470.82368605355,0,0,0,85,0,0,0
98,25,2,2988.03695055587,957.496275314831,0,0,0,207,0,0,0
98,25,3,2973.11870440244,1319.09677599702,0,0,0,138,0,0,0
98,25,4,3038.14692333569,1009.60400972482,0,0,0,155,0,0,0
98,25,5,3031.15496263681,1133.47245340667,0,0,0,103,0,0,0
98,25,6,3104.71897149441,1190.7245562335,0,0,0,99,0,0,0
98,25,7,20076.3152506865,9848.51615713391,31,0,0,244,0,0,0
98,25,8,0,6,0,0,0,0,0,0,0
98,26,1,2913.0159925453,549.084791772892,0,0,0,147,0,0,0
98,26,2,2994.30885840295,1509.05093282968,0,0,0,95,0,0,0
98,26,3,2986.23921561929,741.962478063051,0,0,0,131,0,0,0
98,26,4,3042.27566774682,661.898557340567,0,0,0,100,0,0,0
98,26,5,3051.88113154049,960.605452913622,0,0,0,113,0,0,0
98,26,6,3124.63308873729,1379.11591965458,0,0,0,119,0,0,0
98,26,7,20081.1063623665,13458.3178970619,0,133,0,169,0,0,0
98,26,8,0,6,0,0,0,0,0,0,0
98,27,1,2902.0609645773,999.933389452495,0,0,0,54,0,0,0
98,27,2,2999.60276125094,1157.27367138589,0,0,0,150,0,0,0
98,27,3,2976.07147719329,2108.55222729665,0,0,0,74,0,0,0
98,27,4,3022.90152937882,1106.56427130234,0,0,0,66,0,0,0
98,27,5,3049.96073052161,833.583551612688,0,0,0,96,0,0,0
98,27,6,3143.0672488653,960.503797973276,0,0,0,137,0,0,0
98,27,7,20087.4828385265,8469.39171503696,29,0,0,208,0,0,0
98,27,8,0,6,0,0,0,0,0,0,0
98,28,1,2888.9631895757,2244.95248461033,0,51,0,48,0,0,0
98,28,2,2982.83221405094,830.946942998462,0,57,0,58,0,0,0
98,28,3,2968.16773126261,1080.84879929009,0,103,0,107,0,0,0
98,28,4,3004.23137575323,1326.31201552893,0,58,0,52,0,0,0
98,28,5,3035.64376975362,1230.40597617559,0,34,0,49,0,0,0
98,28,6,3135.6085993677,1047.51372235865,0,47,0,49,0,0,0
98,28,7,20118.368565656,9430.37991165876,4,202,0,274,0,0,1
98,28,8,0,6,0,0,0,0,0,0,0
98,29,1,2918.7070241997,1107.58155214384,1,0,0,192,0,0,0
98,29,2,2985.59345053094,1174.24469044519,0,0,0,83,0,0,0
98,29,3,2978.46640203545,912.952823578448,0,0,0,108,0,0,0
98,29,4,3016.10496295323,1120.17049306965,0,0,0,132,0,0,0
98,29,5,3045.59974952961,1740.53121597987,0,0,0,123,0,0,0
98,29,6,3147.1064958157,1734.48085227751,0,0,0,104,0,0,0
98,29,7,20174.823746456,7100.68621782831,21,2,0,302,0,0,0
98,29,8,0,6,0,0,0,0,0,0,0
98,30,1,2929.2489034957,626.534340377633,0,0,0,110,0,0,0
98,30,2,2993.58128346534,863.477235236445,0,0,0,117,0,0,0
98,30,3,2985.25742155545,1568.28576932447,0,0,0,91,0,0,0
98,30,4,3022.21348596123,1325.55913534824,0,0,0,112,0,0,0
98,30,5,3075.95199719015,1175.56607120174,0,0,0,174,0,0,0
98,30,6,3175.1782356173,1418.54460652512,0,0,0,173,0,0,0
98,30,7,20207.072865176,7598.030796451,27,0,0,202,0,0,0
98,30,8,0,6,0,0,0,0,0,0,0
98,31,1,2935.96845387778,1416.88916858607,0,0,0,62,0,0,0
98,31,2,3001.33171469734,767.03115763441,0,0,0,86,0,0,0
98,31,3,3022.65143020328,845.395618199512,0,0,0,156,0,0,0
98,31,4,3043.51670874523,385.645245654867,0,0,0,132,0,0,0
98,31,5,3097.91153909351,929.137788088989,0,0,0,117,0,0,0
98,31,6,3208.86366027368,1730.78476044603,0,0,0,141,0,0,0
98,31,7,20281.5258744611,13064.5844458487,28,0,0,253,0,0,0
98,31,8,0,6,0,0,0,0,0,0,0
98,32,1,2956.60872118684,1084.43298514455,0,0,0,141,0,0,0
98,32,2,3003.47317517734,1186.91165780618,0,0,0,76,0,0,0
98,32,3,3022.09059383362,657.963167532614,0,0,0,84,0,0,0
98,32,4,3032.53978251265,1458.06024424434,0,0,0,38,0,0,0
98,32,5,3103.79134299751,695.826672929957,0,0,0,92,0,0,0
98,32,6,3237.18357264058,2201.43806157964,0,0,0,173,0,0,0
98,32,7,20306.1587320611,10444.6673843134,33,0,0,200,0,0,0
98,32,8,0,6,0,0,0,0,0,0,0
98,33,1,2963.42371246492,1163.85752817668,0,0,0,108,0,0,0
98,33,2,3013.09286342054,776.024730050323,0,0,0,118,0,0,0
98,33,3,3016.29143220372,1302.45902985983,0,0,0,65,0,0,0
98,33,4,3047.13992505345,1755.05838245949,0,0,0,145,0,0,0
98,33,5,3106.55165218817,1432.11424019121,0,0,0,69,0,0,0
98,33,6,3274.52440725178,1219.59047491223,1,0,0,192,0,0,0
98,33,7,20336.4473546531,7338.57072641159,65,0,0,229,0,0,1
98,33,8,0,6,0,0,0,0,0,0,0
98,34,1,2967.67739269531,1363.36031520185,9,0,0,98,0,0,0
98,34,2,3008.38039269184,1602.38224597917,0,0,0,77,0,0,0
98,34,3,3024.37800124564,1486.06565135487,0,0,0,129,0,0,0
98,34,4,3058.89471837881,2361.73637047681,9,0,0,153,0,0,0
98,34,5,3126.57114476955,2054.5059928121,1,0,0,141,0,0,0
98,34,6,3293.41600988858,1705.26286279571,0,0,0,121,0,0,0
98,34,7,20374.8070548463,14129.7768605191,233,0,0,258,0,0,3
98,34,8,0,6,0,0,0,0,0,0,0
98,35,1,2980.13923809691,1048.37108522417,0,0,0,136,0,0,0
98,35,2,3020.73275810911,1114.34701860838,0,0,0,160,0,0,0
98,35,3,3027.40852684948,1219.07167946635,0,0,0,148,0,0,0
98,35,4,3087.69673333245,1969.23987863757,0,0,0,230,0,0,0
98,35,5,3148.44729862555,1282.87578177507,1,0,0,177,0,0,0
98,35,6,3321.0857404793,1717.24501358829,0,0,0,170,0,0,0
98,35,7,20398.9843476463,8044.67392379315,47,0,0,179,0,0,0
98,35,8,0,6,0,0,0,0,0,0,0
98,36,1,3001.65956854581,1065.42424766002,0,0,0,104,0,0,0
98,36,2,3026.89649160698,1230.58020778878,0,0,0,111,0,0,0
98,36,3,3036.92621144212,1560.49006406621,0,0,0,121,0,0,0
98,36,4,3108.46161929622,1414.75390509703,22,0,0,131,0,0,0
98,36,5,3166.78621873849,902.793198157359,0,0,0,128,0,0,0
98,36,6,3366.72905033401,883.284305479258,2,0,0,166,0,0,0
98,36,7,20448.2337601273,3044.36048944752,223,0,0,202,0,0,0
98,36,8,0,6,0,0,0,0,0,0,0
98,37,1,3013.36954073909,1877.99108336434,0,0,0,106,0,0,0
98,37,2,3035.83368274836,1082.70105580406,0,0,0,123,0,0,0
98,37,3,3036.16252864675,876.917735387419,11,0,0,134,0,0,0
98,37,4,3114.58846202057,2216.48410110716,0,0,0,141,0,0,0
98,37,5,3170.79997038675,2753.75046627299,0,0,0,90,0,0,0
98,37,6,3376.14634075424,1084.31932787725,0,0,0,88,0,0,0
98,37,7,20479.4198577913,5271.20811643418,78,0,0,147,0,0,0
98,37,8,0,6,0,0,0,0,0,0,0
98,38,1,3034.0509011067,1385.27889608483,1,0,0,177,0,0,0
98,38,2,3030.66304287636,1623.96461030053,0,0,0,108,0,0,0
98,38,3,3023.21125230755,716.193791004178,0,0,0,87,0,0,0
98,38,4,3127.29556970083,2191.21836686505,4,0,0,173,0,0,0
98,38,5,3188.14570779854,1142.8490138695,7,0,0,189,0,0,0
98,38,6,3385.49938832672,1314.18660025094,0,0,0,108,0,0,0
98,38,7,20505.0150424313,7343.53502215052,31,0,0,187,0,0,1
98,38,8,0,6,0,0,0,0,0,0,0
98,39,1,3047.66016814286,750.354286956099,0,0,0,138,0,0,0
98,39,2,3037.73266903956,1788.6622562531,0,0,0,162,0,0,0
98,39,3,3003.82665418915,1536.94629663854,0,0,0,71,0,0,0
98,39,4,3148.26711865955,1725.77449261823,0,0,0,202,0,0,0
98,39,5,3198.93946894858,963.432206262791,0,0,0,114,0,0,0
98,39,6,3400.89507461137,820.212972948694,0,0,0,131,0,0,0
98,39,7,20533.4074284793,6921.7671940099,30,0,0,188,0,0,0
98,39,8,0,6,0,0,0,0,0,0,0
98,40,1,3044.44764042037,402.087554889558,0,0,0,75,0,0,0
98,40,2,3054.52366152187,480.161231800784,0,0,0,178,0,0,0
98,40,3,3009.95147646647,804.593203256164,0,0,0,153,0,0,0
98,40,4,3170.70871293334,1478.72020569256,0,0,0,172,0,0,0
98,40,5,3198.18689639338,1098.89740128403,0,0,0,96,0,0,0
98,40,6,3412.80279086794,1636.58412869706,0,0,0,82,0,0,0
98,40,7,20577.4812985285,7219.75165817207,28,0,0,237,0,0,0
98,40,8,0,6,0,0,0,0,0,0,0
98,41,1,3032.97841752885,2031.01224171248,0,0,0,40,0,0,0
98,41,2,3043.38049365703,829.757597982226,0,0,0,48,0,0,0
98,41,3,3000.87332425072,2029.58764820224,0,0,0,80,0,0,0
98,41,4,3183.22672812642,1345.86305796443,0,0,0,147,0,0,0
98,41,5,3200.16528821162,665.808753355804,0,0,0,109,0,0,0
98,41,6,3442.85802031285,1895.63335513341,0,0,0,163,0,0,0
98,41,7,20619.3922974293,12451.2739436481,27,0,0,233,0,0,1
98,41,8,0,6,0,0,0,0,0,0,0
98,42,1,3068.16339952436,1213.70481629946,0,0,0,203,0,0,0
98,42,2,3033.95070460001,1270.21489023444,0,0,0,82,0,0,0
98,42,3,3028.28610024984,1183.42511773907,0,0,0,201,0,0,0
98,42,4,3187.04124303348,1126.39178180338,0,0,0,134,0,0,0
98,42,5,3189.02580790923,504.155403027722,0,0,0,66,0,0,0
98,42,6,3481.14838475753,954.370085429335,0,0,0,189,0,0,0
98,42,7,20659.2460261972,8405.67365747374,28,0,0,260,0,0,2
98,42,8,0,6,0,0,0,0,0,0,0
98,43,1,3060.55578157877,939.229725237195,0,51,0,70,0,0,0
98,43,2,3018.79400194371,575.870471220366,0,55,0,72,0,0,0
98,43,3,3009.9229028514,607.156296949214,0,62,0,56,0,0,0
98,43,4,3163.2602087177,832.393731914182,0,54,0,58,0,0,0
98,43,5,3163.90236481163,1252.8196928904,0,41,0,9,0,0,0
98,43,6,3480.85660998633,1738.18126219823,0,34,0,61,0,0,0
98,43,7,20701.5803207408,9082.09119979167,4,305,0,261,0,0,0
98,43,8,0,6,0,0,0,0,0,0,0
98,44,1,3065.35568045099,1613.23454204159,0,0,0,93,0,0,0
98,44,2,3015.04347560258,1910.13166095719,0,0,0,57,0,0,0
98,44,3,3004.89222400129,1787.18380995153,0,0,0,60,0,0,0
98,44,4,3160.0245492104,2271.14468037122,0,0,0,83,0,0,0
98,44,5,3181.62348320804,1581.26186062785,0,0,0,125,0,0,0
98,44,6,3516.12641771783,1782.47493202752,0,0,0,173,0,0,0
98,44,7,20739.2428579567,11088.2976127666,27,0,0,196,0,0,0
98,44,8,0,6,0,0,0,0,0,0,0
98,45,1,3097.97275235371,1244.45453120093,0,0,0,161,0,0,0
98,45,2,3040.13015951336,1651.72008701828,0,0,0,170,0,0,0
98,45,3,3044.0748940971,1533.80510699542,0,0,0,178,0,0,0
98,45,4,3195.76104431522,2404.36598934369,0,0,0,194,0,0,0
98,45,5,3210.59607813017,1701.62899440956,0,0,0,158,0,0,0
98,45,6,3569.49983395595,2242.95858257865,0,0,0,178,0,0,0
98,45,7,20798.9621688047,9170.30265476967,23,0,0,251,0,0,0
98,45,8,0,6,0,0,0,0,0,0,0
98,46,1,3121.59699117983,1031.78040092176,0,0,0,124,0,0,0
98,46,2,3074.87410375711,1609.09249383975,0,0,0,165,0,0,0
98,46,3,3064.3439455508,653.893452200232,0,0,0,153,0,0,0
98,46,4,3240.66252784375,1747.37991966519,3,0,0,194,0,0,0
98,46,5,3246.27970328691,1746.18902702312,0,0,0,170,0,0,0
98,46,6,3640.4370896806,1168.14456285839,0,0,0,224,0,0,0
98,46,7,20853.284849471,4196.92766607467,55,0,0,193,0,0,0
98,46,8,0,6,0,0,0,0,0,0,0
98,47,1,3131.85174395045,1554.56090680951,0,0,0,103,0,0,0
98,47,2,3093.61220470708,1104.67350403949,3,0,0,153,0,0,0
98,47,3,3061.10898507814,715.30502108877,0,0,0,65,0,0,0
98,47,4,3271.67390520543,1349.68951573953,0,0,0,174,0,0,0
98,47,5,3280.88570161586,1403.28678573973,8,0,0,153,0,0,0
98,47,6,3666.18064177464,1328.31517892174,0,0,0,116,0,0,0
98,47,7,20895.04460145,5092.76880775913,95,0,0,182,0,0,0
98,47,8,0,6,0,0,0,0,0,0,0
98,48,1,3154.37433320966,1048.82615186272,0,0,0,155,0,0,0
98,48,2,3091.87271723195,744.481916680628,0,0,0,110,0,0,0
98,48,3,3051.99342791838,1277.935084719,0,0,0,71,0,0,0
98,48,4,3285.20292862151,916.80919441989,0,0,0,134,0,0,0
98,48,5,3302.50601503055,1440.65641287235,0,0,0,140,0,0,0
98,48,6,3688.10269337994,2130.318041919,0,0,0,132,0,0,0
98,48,7,20922.92396145,4196.01635112419,50,0,0,191,0,0,0
98,48,8,0,6,0,0,0,0,0,0,0
98,49,1,3156.09607521208,475.209028836842,6,0,0,97,0,0,0
98,49,2,3086.42295909014,1768.30178191429,1,0,0,73,0,0,0
98,49,3,3049.38708730105,1083.11186510384,0,0,0,127,0,0,0
98,49,4,3280.48537053959,1119.54340576774,0,0,0,91,0,0,0
98,49,5,3314.55962760158,1188.01124893894,19,0,0,119,0,0,0
98,49,6,3712.89782954162,1755.8791810926,53,0,0,143,0,0,0
98,49,7,20946.8173736996,14476.3581608126,159,0,0,191,0,0,5
98,49,8,0,6,0,0,0,0,0,0,0
98,50,1,3141.45976935024,1283.25245422534,0,0,0,47,0,0,0
98,50,2,3098.98855802899,1973.58469542953,0,0,0,176,0,0,0
98,50,3,3046.02711331411,419.452175351432,0,0,0,108,0,0,0
98,50,4,3279.16505677915,1300.59995492356,0,0,0,111,0,0,0
98,50,5,3323.76434150055,2019.18899043097,0,0,0,118,0,0,0
98,50,6,3758.99936703854,1714.52387946671,0,0,0,175,0,0,0
98,50,7,20974.4128455716,12391.7364865675,33,0,0,194,0,0,0
98,50,8,0,6,0,0,0,0,0,0,0
98,51,1,3162.77500871113,1625.90621983709,0,0,0,128,0,0,0
98,51,2,3124.66945483237,1450.41178665703,0,0,0,180,0,0,0
98,51,3,3023.09452051734,1616.02210778151,0,0,0,41,0,0,0
98,51,4,3295.65832912294,1379.78732817653,0,0,0,130,0,0,0
98,51,5,3362.72248143368,2379.67583393277,0,0,0,201,0,0,0
98,51,6,3808.38028688176,1942.8527843242,0,0,0,171,0,0,0
98,51,7,21024.7579901127,11835.6594112193,29,0,0,235,0,0,2
98,51,8,0,6,0,0,0,0,0,0,0
98,52,1,3184.99751945795,1485.6644400808,0,0,0,162,0,0,0
98,52,2,3132.72035879092,951.811126174277,0,0,0,145,0,0,0
98,52,3,3040.23934702903,1105.14914113723,0,0,0,161,0,0,0
98,52,4,3302.21784462148,1422.91067508653,0,0,0,137,0,0,0
98,52,5,3406.94139732245,1547.15699939234,1,0,0,203,0,0,1
98,52,6,3861.59009807313,1867.7703478687,0,0,0,182,0,0,0
98,52,7,21053.7390466493,6688.86374029765,46,0,0,181,0,0,0
98,52,8,0,6,0,0,0,0,0,0,0
98,53,1,3211.34284120317,1450.34739839272,0,0,0,148,0,0,0
98,53,2,3148.05845167646,1284.18151009221,0,0,0,95,0,0,0
98,53,3,3042.45012620156,1159.00193598238,0,0,0,110,0,0,0
98,53,4,3306.03112737468,1576.84245933327,0,0,0,142,0,0,0
98,53,5,3447.6774332665,2493.78532129306,0,0,0,154,0,0,0
98,53,6,3911.392688333,1188.37506097687,7,0,0,166,0,0,0
98,53,7,21094.5224786774,8648.39972172831,165,0,0,182,0,0,2
98,53,8,0,6,0,0,0,0,0,0,0
98,54,1,3228.9344318044,1276.23608904004,0,0,0,145,0,0,0
98,54,2,3149.30263858868,967.950110130429,0,0,0,128,0,0,0
98,54,3,3041.3627224859,1678.71679842628,0,0,0,115,0,0,0
98,54,4,3314.73610320079,858.85997125755,0,0,0,157,0,0,0
98,54,5,3493.17313755214,1484.07555331383,0,0,0,243,0,0,0
98,54,6,3933.39617411727,1448.58202567648,0,0,0,118,0,0,0
98,54,7,21124.5963578648,8449.12261808573,72,0,0,182,0,0,0
98,54,8,0,6,0,0,0,0,0,0,0
98,55,1,3241.13596430998,1325.77129179859,0,0,0,127,0,0,0
98,55,2,3149.74631591478,1489.51743951519,0,0,0,96,0,0,0
98,55,3,3053.50320416543,1314.24007374082,0,0,0,167,0,0,0
98,55,4,3312.88248803798,1596.04422379506,0,0,0,85,0,0,0
98,55,5,3520.81954393153,1104.80492717302,0,0,0,148,0,0,0
98,55,6,3980.28235488349,2200.28826731909,0,0,0,144,0,0,0
98,55,7,21172.9405122375,9028.51925487667,0,45,0,222,0,0,0
98,55,8,0,6,0,0,0,0,0,0,0
98,56,1,3259.27729131285,1985.18690451541,0,1,0,130,0,0,0
98,56,2,3153.16115355412,1073.88830289812,0,3,0,142,0,0,0
98,56,3,3049.84322567048,1323.83004974602,0,0,0,131,0,0,0
98,56,4,3326.93117894068,1535.56816291328,0,6,0,148,0,0,0
98,56,5,3534.44586815195,1304.2251063568,0,0,0,110,0,0,0
98,56,6,4020.32090664995,1146.43531666134,0,39,0,145,0,0,0
98,56,7,21263.6359198169,8458.51740395965,1,271,0,301,0,0,0
98,56,8,0,6,0,0,0,0,0,0,0
98,57,1,3316.45655321321,1083.80260248536,0,0,0,190,0,0,0
98,57,2,3169.2444347908,908.486903783833,0,0,0,107,0,0,0
98,57,3,3063.75932180084,1593.54789635208,0,0,0,132,0,0,0
98,57,4,3366.17212573257,1420.57985325535,0,0,0,153,0,0,0
98,57,5,3570.95539272824,2594.68472398588,0,0,0,130,0,0,0
98,57,6,4074.00746249025,1628.74579836006,0,0,0,114,0,0,0
98,57,7,21354.0292582986,11763.4630530442,30,0,0,239,0,0,0
98,57,8,0,6,0,0,0,0,0,0,0
98,58,1,3316.06829666558,709.838131007224,0,0,0,108,0,0,0
98,58,2,3158.80817991473,927.605453945664,0,0,0,90,0,0,0
98,58,3,3066.46979520176,866.69825329696,0,0,0,159,0,0,0
98,58,4,3381.56799963584,1213.3676342061,0,0,0,142,0,0,0
98,58,5,3624.04926317196,1032.20470721688,0,0,0,226,0,0,0
98,58,6,4124.92799039897,1845.54716871523,0,0,0,162,0,0,0
98,58,7,21403.3599479132,16472.8193936678,27,0,0,198,0,0,0
98,58,8,0,6,0,0,0,0,0,0,0
98,59,1,3313.52026445111,1605.2880122893,0,0,0,70,0,0,0
98,59,2,3146.09081923487,780.89751120092,0,0,0,92,0,0,0
98,59,3,3050.73704737223,1236.37531412814,0,0,0,86,0,0,0
98,59,4,3379.50787347693,1289.02370128922,0,0,0,121,0,0,0
98,59,5,3618.86724691722,1184.33105441217,0,0,0,103,0,0,0
98,59,6,4169.14133919739,1983.2151240906,0,0,0,184,0,0,0
98,59,7,21429.0663278695,11743.0252101965,25,0,0,215,0,0,0
98,59,8,0,6,0,0,0,0,0,0,0
98,60,1,3341.84104783818,1842.4917254426,0,0,0,160,0,0,0
98,60,2,3134.8939335712,1493.77329045279,0,0,0,78,0,0,0
98,60,3,3054.03860944456,1227.96458985687,0,0,0,123,0,0,0
98,60,4,3385.26068271176,1256.22317031532,0,0,0,128,0,0,0
98,60,5,3617.74533311577,681.127454720686,0,0,0,118,0,0,0
98,60,6,4226.95940376334,1475.76691886492,0,0,0,198,0,0,0
98,60,7,21467.1855604544,11726.6144874211,63,0,0,217,0,0,0
98,60,8,0,6,0,0,0,0,0,0,0
98,61,1,3366.07780334526,962.244758528927,0,0,0,183,0,0,0
98,61,2,3149.95824482505,1720.45369146754,0,0,0,149,0,0,0
98,61,3,3047.61184650446,1199.48067340205,0,0,0,122,0,0,0
98,61,4,3384.75335749753,1191.59958698799,0,0,0,125,0,0,0
98,61,5,3605.59652340413,1399.38286332991,0,0,0,68,0,0,0
98,61,6,4264.99983783658,1769.32374562886,0,0,0,147,0,0,0
98,61,7,21501.1506576242,8486.09612124553,0,38,0,212,0,0,0
98,61,8,0,6,0,0,0,0,0,0,0
98,62,1,3355.82251286538,450.142401349997,0,0,0,96,0,0,0
98,62,2,3180.30830462543,962.949545022573,0,1,0,168,0,0,0
98,62,3,3055.01765018837,1371.82125323192,0,0,0,119,0,0,0
98,62,4,3385.67964683074,1320.41078630541,0,0,0,119,0,0,0
98,62,5,3623.30216686121,1606.69604045211,0,0,0,139,0,0,0
98,62,6,4329.73403084986,1942.1716444977,0,4,0,164,0,0,0
98,62,7,21593.7399376962,8888.52432762004,0,193,0,280,0,0,0
98,62,8,0,6,0,0,0,0,0,0,0
98,63,1,3343.13821347621,886.581450336744,0,0,0,45,0,0,0
98,63,2,3175.0045285066,725.95227050557,0,0,0,96,0,0,0
98,63,3,3064.35689071079,613.808562380617,0,0,0,137,0,0,0
98,63,4,3391.03524953078,1356.34592309346,0,0,0,132,0,0,0
98,63,5,3654.66810547382,2105.70989859728,0,0,0,160,0,0,0
98,63,6,4398.34972900824,1222.79171752586,0,0,0,194,0,0,0
98,63,7,21654.7950615059,9290.32675165763,24,1,0,206,0,0,0
98,63,8,0,6,0,0,0,0,0,0,0
98,64,1,3336.11676565238,1282.34504612661,0,0,0,88,0,0,0
98,64,2,3174.89358784614,1574.55756978061,0,0,0,72,0,0,0
98,64,3,3052.40099565472,1299.24209306813,0,0,0,61,0,0,0
98,64,4,3404.09412979561,1274.22675916651,0,0,0,135,0,0,0
98,64,5,3712.25808345062,1217.07250160281,0,0,0,210,0,0,0
98,64,6,4444.89638446903,2055.52618396007,0,0,0,122,0,0,0
98,64,7,21720.6896598169,14656.1191600711,22,0,0,231,0,0,0
98,64,8,0,6,0,0,0,0,0,0,0
98,65,1,3346.96818311033,973.432940471491,0,0,0,128,0,0,0
98,65,2,3194.23731980439,924.890232198241,0,0,0,157,0,0,0
98,65,3,3052.03131587896,950.241205800977,0,0,0,129,0,0,0
98,65,4,3400.09285300517,734.970966834128,0,0,0,127,0,0,0
98,65,5,3722.81406667879,2466.76035235855,0,0,0,121,0,0,0
98,65,6,4512.90681370641,1875.2070570492,0,0,0,195,0,0,0
98,65,7,21762.6324086969,11647.0455290245,26,0,0,263,0,0,0
98,65,8,0,6,0,0,0,0,0,0,0
98,66,1,3357.95800130282,1565.16703391082,0,0,0,97,0,0,0
98,66,2,3192.71128536262,1616.08302902983,0,0,0,92,0,0,0
98,66,3,3048.76022559667,811.484035662738,0,0,0,95,0,0,0
98,66,4,3395.34028765404,1848.42272214882,0,0,0,73,0,0,0
98,66,5,3748.64445685446,1034.76379189543,0,29,0,150,0,0,0
98,66,6,4562.77185904913,2719.53375299415,0,8,0,161,0,0,0
98,66,7,21841.9359137567,9271.3408514504,0,248,0,344,0,0,0
98,66,8,0,6,0,0,0,0,0,0,0
98,67,1,3386.36387419709,1347.36269994566,0,0,0,156,0,0,0
98,67,2,3226.41483247834,1016.63450757599,0,0,0,161,0,0,0
98,67,3,3036.13506523658,1412.31732168772,0,0,0,81,0,0,0
98,67,4,3434.84015261346,2209.59720745458,0,0,0,184,0,0,0
98,67,5,3772.72800074543,1335.65904447566,0,0,0,103,0,0,0
98,67,6,4651.86798666701,1494.75230825951,3,0,0,191,0,0,0
98,67,7,21918.3360440662,10564.6377946457,31,0,0,216,0,0,0
98,67,8,0,6,0,0,0,0,0,0,0
98,68,1,3420.72007486568,1837.30478577752,0,0,0,134,0,0,0
98,68,2,3228.87859105339,1463.21851962995,0,0,0,101,0,0,0
98,68,3,3067.75680565413,538.700885540697,0,0,0,141,0,0,0
98,68,4,3469.0408888916,753.272702754333,0,0,0,220,0,0,0
98,68,5,3816.18033703339,2097.44134589266,0,0,0,133,0,0,0
98,68,6,4714.52505781631,1917.84469651936,0,0,0,149,0,0,0
98,68,7,21986.9897052977,5859.45710273073,22,0,0,224,0,0,0
98,68,8,0,6,0,0,0,0,0,0,0
98,69,1,3466.03168884451,1075.36660636713,0,0,0,183,0,0,0
98,69,2,3243.30119846714,1341.76862227185,0,0,0,146,0,0,0
98,69,3,3062.31829482385,1319.80963374035,0,0,0,53,0,0,0
98,69,4,3460.57672283715,1506.42811455133,0,0,0,75,0,0,0
98,69,5,3853.9974355547,3301.28829933148,0,0,0,183,0,0,13
98,69,6,4782.57933024929,1885.68500276821,0,0,0,191,0,0,0
98,69,7,22059.2808891965,10075.5249142776,18,0,0,268,0,0,7
98,69,8,0,6,0,0,0,0,0,0,0
98,70,1,3508.10696850172,1256.59450700356,0,0,0,107,0,0,0
98,70,2,3288.53061213747,1634.98603026833,0,0,0,134,0,0,0
98,70,3,3091.639780402,944.260762831937,0,0,0,131,0,0,0
98,70,4,3515.63417396384,912.607765578948,0,0,0,150,0,0,0
98,70,5,3933.84993908754,1908.89633728667,4,0,0,202,0,0,0
98,70,6,4907.22657932549,1912.0557418917,0,0,0,188,0,0,0
98,70,7,22157.4837029776,3105.33003340219,27,0,0,202,0,0,0
98,70,8,0,6,0,0,0,0,0,0,0
98,71,1,3499.54522552492,1485.90967836158,0,66,0,59,0,0,0
98,71,2,3281.18561565108,1892.16357279954,0,89,0,74,0,0,0
98,71,3,3069.42270062514,1207.80347502684,0,53,0,41,0,0,0
98,71,4,3494.81024463296,1127.06999772733,0,51,0,40,0,0,0
98,71,5,3928.71411870802,1342.87000353737,0,98,0,92,0,0,0
98,71,6,4924.36424164606,2220.22166937633,0,92,0,99,0,0,0
98,71,7,22159.964867925,11916.4466697182,0,157,0,153,0,0,0
98,71,8,0,6,0,0,0,0,0,0,0
98,72,1,3525.52388027177,1186.79496807536,0,0,0,148,0,0,0
98,72,2,3308.86712705649,1405.39220188815,0,0,0,189,0,0,0
98,72,3,3078.24272038518,282.943261256445,0,0,0,120,0,0,0
98,72,4,3504.558704566,1391.17112757649,0,0,0,112,0,0,0
98,72,5,3958.9186386028,813.182269964682,0,0,0,134,0,0,0
98,72,6,5007.98987804461,1432.63905126393,0,0,0,209,0,0,0
98,72,7,22199.4449315359,13118.2043308928,23,3,0,216,0,0,0
98,72,8,0,6,0,0,0,0,0,0,0
98,73,1,3545.02734840073,1640.27322070309,0,0,0,118,0,0,0
98,73,2,3329.62141772755,1397.41626869292,0,0,0,140,0,0,0
98,73,3,3070.86766067831,677.418302502429,0,0,0,28,0,0,0
98,73,4,3528.09697202261,1331.73347060209,0,0,0,139,0,0,0
98,73,5,3971.88655290528,1324.67993920778,0,0,0,81,0,0,0
98,73,6,5061.94910875232,1780.86147395501,0,0,0,143,0,0,0
98,73,7,22256.5329565706,8585.80395764491,40,0,0,228,0,0,0
98,73,8,0,6,0,0,0,0,0,0,0
98,74,1,3585.70731980317,926.522992798845,17,0,0,140,0,0,0
98,74,2,3357.0471249175,1781.44364696707,0,0,0,139,0,0,0
98,74,3,3084.963849704,1420.63663436606,0,0,0,67,0,0,0
98,74,4,3571.83780437765,2483.17471432803,7,0,0,123,0,0,0
98,74,5,4030.72444761167,1879.29923099068,0,0,0,132,0,0,0
98,74,6,5129.52718156505,2700.40491063508,30,0,0,135,0,0,0
98,74,7,22321.4150934143,7432.45634791649,175,4,0,187,0,0,7
98,74,8,0,6,0,0,0,0,0,0,0
98,75,1,3621.29772887495,2327.2420640213,0,0,0,92,0,0,0
98,75,2,3393.36121549616,1282.10689491344,23,0,0,129,0,0,0
98,75,3,3154.18625125916,795.803600168618,0,0,0,142,0,0,0
98,75,4,3634.90134041777,1600.14458915209,41,0,0,161,0,0,0
98,75,5,4095.11623747324,586.411789246184,22,0,0,140,0,0,0
98,75,6,5231.96870827757,2137.19029140493,49,0,0,163,0,0,0
98,75,7,22418.4512702587,8267.348129412,245,0,0,228,0,0,0
98,75,8,0,6,0,0,0,0,0,0,0
98,76,1,3647.08576374718,1319.3411165091,21,0,0,148,0,0,0
98,76,2,3411.21909476661,519.695866318786,0,0,0,128,0,0,0
98,76,3,3150.81852900459,1255.00873611352,0,0,0,79,0,0,0
98,76,4,3665.08331241352,1172.52601857377,0,0,0,160,0,0,0
98,76,5,4114.70675075185,1805.44057609119,0,0,0,58,0,0,0
98,76,6,5321.12145619454,2634.79711266264,3,0,0,201,0,0,0
98,76,7,22492.3969147618,8250.85673803287,144,0,0,229,0,0,1
98,76,8,0,6,0,0,0,0,0,0,0
98,77,1,3710.57086949243,1697.71409273386,0,0,0,131,0,0,0
98,77,2,3414.37139491198,1595.07203629105,0,0,0,51,0,0,0
98,77,3,3188.30198529511,704.864104625539,0,0,0,125,0,0,0
98,77,4,3725.75735955778,1691.94834961969,0,0,0,117,0,0,0
98,77,5,4204.34089585306,987.430249407197,2,0,0,172,0,0,0
98,77,6,5464.83821737811,2650.21235821569,25,0,0,163,0,0,0
98,77,7,22631.8166652979,10957.043455542,151,0,0,221,0,0,0
98,77,8,0,6,0,0,0,0,0,0,0
98,78,1,3752.17302359304,1676.76615861353,0,0,0,169,0,0,0
98,78,2,3445.19838656495,1917.34573944461,0,0,0,159,0,0,0
98,78,3,3182.96297748215,578.313455547967,0,0,0,70,0,0,0
98,78,4,3775.03379714919,1957.97647235035,0,0,0,169,0,0,0
98,78,5,4219.70169459478,1926.18674111027,0,0,0,98,0,0,0
98,78,6,5562.77056858115,419.182432987909,6,0,0,181,0,0,0
98,78,7,22704.5730118744,10533.5786991059,74,0,0,188,0,0,0
98,78,8,0,6,0,0,0,0,0,0,0
98,79,1,3798.64542254123,1428.68927230958,0,0,0,167,0,0,0
98,79,2,3491.97376530662,904.471482226282,0,0,0,191,0,0,0
98,79,3,3189.58771387101,2018.78978180304,0,0,0,57,0,0,0
98,79,4,3825.25590490426,1695.23411107899,0,0,0,193,0,0,0
98,79,5,4297.73646973444,2611.80543810502,0,0,0,183,0,0,0
98,79,6,5588.23945117682,2629.02203144243,0,0,0,41,0,0,0
98,79,7,22816.2211854594,10002.7837468575,67,0,0,316,0,0,0
98,79,8,0,6,0,0,0,0,0,0,0
98,80,1,3858.25187932187,1386.09952896718,0,0,0,142,0,0,0
98,80,2,3517.07565218678,2075.04431871213,0,0,0,90,0,0,0
98,80,3,3287.14242881584,949.719211388354,4,0,0,179,0,0,0
98,80,4,3893.54860470185,2207.90038568245,0,0,0,169,0,0,0
98,80,5,4418.63894668291,1523.43483423177,20,0,0,162,0,0,0
98,80,6,5715.91476819329,1882.82264778982,20,0,0,162,0,0,0
98,80,7,22913.986701295,18789.308477022,154,0,0,184,0,0,9
98,80,8,0,6,0,0,0,0,0,0,0
98,81,1,3855.91336238711,1900.39887684027,0,0,0,138,0,0,0
98,81,2,3538.15410472917,902.870953908422,0,0,0,194,0,0,0
98,81,3,3287.3233868284,667.044537359327,0,0,0,94,0,0,0
98,81,4,3938.58463416301,1044.98388343241,0,0,0,197,0,0,0
98,81,5,4449.332775727,2436.52666326177,0,0,0,152,0,0,0
98,81,6,5775.58706299229,1911.71000921711,0,0,0,188,0,0,0
98,81,7,22947.3699093334,3647.12839850682,51,0,0,201,0,0,0
98,81,8,0,6,0,0,0,0,0,0,0
98,82,1,3871.66327435605,2286.7806511064,39,0,0,135,0,0,0
98,82,2,3536.64232576205,1038.06444833005,0,0,0,90,0,0,0
98,82,3,3280.60750510631,1603.81684933843,0,0,0,66,0,0,0
98,82,4,3953.5636829422,2305.77309191748,0,0,0,104,0,0,0
98,82,5,4484.2785612418,915.461726023209,69,0,0,147,0,0,0
98,82,6,5816.57957253599,1465.60426644791,42,0,0,132,0,0,0
98,82,7,22990.1973938448,8934.7334764877,148,0,0,154,0,0,2
98,82,8,0,6,0,0,0,0,0,0,0
98,83,1,3928.29167047779,1746.50437047627,1,0,0,189,0,0,0
98,83,2,3551.12254631869,1919.76677254404,0,0,0,103,0,0,0
98,83,3,3312.07183800486,1020.18911697472,0,0,0,160,0,0,0
98,83,4,4045.24218060087,1183.52244793549,0,0,0,218,0,0,0
98,83,5,4548.81420715698,1797.90841799524,0,0,0,91,0,0,0
98,83,6,5937.04432250515,1583.97419725592,0,0,0,146,0,0,0
98,83,7,23065.8638776906,9054.26955779156,33,0,0,191,0,0,0
98,83,8,0,6,0,0,0,0,0,0,0
98,84,1,3993.62360514229,1797.21296523762,0,0,0,174,0,0,0
98,84,2,3629.66525996173,1449.01061951131,0,0,0,191,0,0,0
98,84,3,3314.76903011101,2342.42276402624,0,0,0,102,0,0,0
98,84,4,4073.07232189593,379.61540846254,0,0,0,118,0,0,0
98,84,5,4631.62651341829,1712.10622309868,0,0,0,179,0,0,0
98,84,6,6041.98420843393,2175.31445880302,0,0,0,158,0,0,0
98,84,7,23142.8643437406,9911.98369022492,33,0,0,216,0,0,0
98,84,8,0,6,0,0,0,0,0,0,0
98,85,1,4105.89452369999,1548.68425205836,0,0,0,174,0,0,0
98,85,2,3712.94164331625,1484.2856350942,0,0,0,144,0,0,0
98,85,3,3395.11260757255,975.488186937067,1,0,0,196,0,0,0
98,85,4,4074.4075293641,2933.87971492418,0,0,0,37,0,0,0
98,85,5,4745.44438249213,2299.92970112712,0,0,0,171,0,0,0
98,85,6,6296.59110112921,2444.94784236288,0,0,0,217,0,0,0
98,85,7,23296.4197755244,8579.92023219778,34,0,0,196,0,0,0
98,85,8,0,6,0,0,0,0,0,0,0
98,86,1,4156.40510316373,1356.71107468404,0,0,0,154,0,0,0
98,86,2,3759.95890665445,1616.14611075687,0,0,0,148,0,0,0
98,86,3,3408.33584383654,866.212752483918,0,0,0,97,0,0,0
98,86,4,4157.87589687785,2574.77586778083,13,0,0,195,0,0,1
98,86,5,4817.40283207405,2126.69011937498,6,0,0,182,0,0,0
98,86,6,6408.14915507388,2141.54881746052,13,0,0,151,0,0,0
98,86,7,23393.3415724046,7850.07574091277,90,0,0,203,0,0,0
98,86,8,0,6,0,0,0,0,0,0,0
98,87,1,4175.0225868152,799.450541842809,19,0,0,108,0,0,0
98,87,2,3780.3217923574,1001.19451030145,21,0,0,132,0,0,0
98,87,3,3424.71300657926,1998.89291395942,0,0,0,86,0,0,0
98,87,4,4222.83146435867,2053.16824945479,80,0,0,145,0,0,0
98,87,5,4898.3287261838,1149.97049874991,65,0,0,121,0,0,0
98,87,6,6508.90730521874,1383.69800179102,52,0,0,141,0,0,0
98,87,7,23513.0798976401,5819.62524820423,325,0,0,330,0,0,0
98,87,8,0,6,0,0,0,0,0,0,0
98,88,1,4175.1623864661,1373.0447329551,0,0,0,79,0,0,0
98,88,2,3812.48369144462,2003.09894269593,0,0,0,100,0,0,0
98,88,3,3463.0352159516,1381.45771802203,13,0,0,154,0,0,0
98,88,4,4327.61487746911,1580.44000010912,2,0,0,197,0,0,0
98,88,5,4972.61618777761,2820.47517077435,0,0,0,114,0,0,0
98,88,6,6650.14832797739,4035.15282122564,0,0,0,138,0,0,0
98,88,7,23601.1141066873,15172.2095031816,109,0,0,198,0,0,0
98,88,8,0,6,0,0,0,0,0,0,0
98,89,1,4175.20078143907,1503.28743257705,0,0,0,137,0,0,0
98,89,2,3877.69529370171,1128.98254969902,0,0,0,198,0,0,0
98,89,3,3476.8288182993,1673.46398833116,0,0,0,138,0,0,0
98,89,4,4368.16837332202,1829.03924035614,0,0,0,158,0,0,0
98,89,5,5032.77660508201,2624.67157425883,2,0,0,184,0,0,0
98,89,6,6788.1522390666,3374.07413996043,5,0,0,197,0,0,0
98,89,7,23650.663279691,13647.5585706106,34,0,0,271,0,0,0
98,89,8,0,6,0,0,0,0,0,0,0
98,90,1,4187.93502503558,1857.43727711655,0,0,0,150,0,0,0
98,90,2,3887.99094733069,1977.81056962279,0,0,0,112,0,0,0
98,90,3,3490.79761580476,1829.75015044637,0,0,0,167,0,0,0
98,90,4,4397.60495314917,1454.15924531509,0,0,0,182,0,0,0
98,90,5,5073.22925605808,2783.43215819134,0,4,0,183,0,0,0
98,90,6,6855.85237826182,2958.7767750469,0,8,0,190,0,0,0
98,90,7,23697.4637356765,9517.5806268389,0,66,0,223,0,0,0
98,90,8,0,6,0,0,0,0,0,0,0
98,91,1,4367.21446024115,680.839930213181,0,0,0,185,0,0,0
98,91,2,4038.74139969365,2317.31261978101,0,0,0,197,0,0,0
98,91,3,3600.22377180336,1640.07724108145,0,0,0,182,0,0,0
98,91,4,4559.14202587365,1199.16740239799,0,0,0,145,0,0,0
98,91,5,5270.38807719784,3634.61602400977,3,0,0,209,0,0,0
98,91,6,7135.59190413104,3264.64976835678,5,0,0,169,0,0,0
98,91,7,23924.2230652444,7210.12341185915,33,0,0,276,0,0,0
98,91,8,0,6,0,0,0,0,0,0,0
98,92,1,4328.47293622945,1968.37255132269,0,35,0,33,0,0,0
98,92,2,4033.01705093879,2072.52983430873,0,107,0,124,0,0,0
98,92,3,3592.74471872875,1289.0737305439,0,71,0,93,0,0,0
98,92,4,4500.54632042055,2574.61457521638,0,61,0,58,0,0,0
98,92,5,5393.77553953245,1591.39004674028,0,156,0,207,0,0,0
98,92,6,7250.91066568267,4030.00940836027,0,162,0,164,0,0,0
98,92,7,23963.3926411491,9113.12175606963,4,241,0,230,0,0,1
98,92,8,0,6,0,0,0,0,0,0,0
98,93,1,4374.39694632055,1339.83304450275,0,0,0,196,0,0,0
98,93,2,4111.91870663418,2509.06804061099,0,0,0,202,0,0,0
98,93,3,3624.00177177823,1187.81158814967,0,0,0,128,0,0,0
98,93,4,4612.38994166214,2342.05153619758,1,0,0,225,0,0,0
98,93,5,5468.64064449029,2271.12327667481,0,0,0,159,0,0,0
98,93,6,7435.45919811345,4216.06339435851,6,0,0,241,0,0,0
98,93,7,24056.0729006986,10879.9948132417,31,0,0,213,0,0,0
98,93,8,0,6,0,0,0,0,0,0,0
98,94,1,4413.46425866383,1006.49468235091,0,0,0,133,0,0,0
98,94,2,4186.74642393132,2362.3357953045,2,0,0,181,0,0,0
98,94,3,3707.69581980863,1932.12317129735,0,0,0,118,0,0,0
98,94,4,4774.43596947682,2456.72497548167,0,0,0,234,0,0,0
98,94,5,5648.56929008192,2613.60838643622,1,0,0,175,0,0,0
98,94,6,7655.05149732292,3055.82655804183,8,0,0,184,0,0,0
98,94,7,24200.3207802935,6536.66121405248,30,0,0,252,0,0,0
98,94,8,0,6,0,0,0,0,0,0,0
98,95,1,4427.99251379438,863.451705247774,6,0,0,93,0,0,0
98,95,2,4222.39316013408,1621.06442794648,71,0,0,150,0,0,0
98,95,3,3725.93399612266,2179.14601738872,51,0,0,132,0,0,0
98,95,4,4819.18145717373,1023.76594148542,93,0,0,134,0,0,0
98,95,5,5702.36732957121,2363.72768084325,101,0,0,140,0,0,0
98,95,6,7761.34344511547,1180.20447246716,122,0,0,159,0,0,0
98,95,7,24295.4069052521,11186.6172481417,244,1,0,241,0,0,14
98,95,8,0,6,0,0,0,0,0,0,0
98,96,1,4415.54832086883,655.474794350089,0,0,0,86,0,0,0
98,96,2,4261.05993400023,2310.74459773073,0,0,0,162,0,0,0
98,96,3,3768.97237699747,1295.13326288467,1,0,0,197,0,0,0
98,96,4,4858.1584829482,1558.77086999102,0,0,0,102,0,0,0
98,96,5,5790.81472228555,2804.47156633987,0,0,0,223,0,0,0
98,96,6,7842.20810245152,2793.69682120171,0,0,0,118,0,0,0
98,96,7,24323.8436032154,6919.35167294812,54,0,0,169,0,0,0
98,96,8,0,6,0,0,0,0,0,0,0
98,97,1,4411.14207499363,2099.37797320622,0,0,0,65,0,0,0
98,97,2,4312.10500870774,1006.71570797929,57,0,0,151,0,0,0
98,97,3,3831.89511390515,2932.95410556462,0,0,0,129,0,0,0
98,97,4,4923.62798277958,2447.84207684029,24,0,0,122,0,0,0
98,97,5,5982.25359547696,2523.36324083297,71,0,0,181,0,0,0
98,97,6,7990.90837233563,1817.5232924111,93,0,0,149,0,0,0
98,97,7,24402.2781705506,10701.645892177,188,3,0,188,0,0,6
98,97,8,0,6,0,0,0,0,0,0,0
98,98,1,4495.56952284138,1314.75545606282,0,0,0,205,0,0,0
98,98,2,4346.33386885133,2147.79793069813,0,0,0,100,0,0,0
98,98,3,3886.19083567133,1508.43999687916,7,0,0,189,0,0,0
98,98,4,5029.79504412894,1841.26695201107,2,0,0,196,0,0,1
98,98,5,6103.71563472576,3943.09541293059,2,0,0,223,0,0,0
98,98,6,8155.16709614094,589.948951889673,0,0,0,181,0,0,0
98,98,7,24471.5879884301,9873.55135890614,66,0,0,181,0,0,0
98,98,8,0,6,0,0,0,0,0,0,0
98,99,1,4575.99127749087,1542.83320628825,0,0,0,131,0,0,0
98,99,2,4443.86004402989,1166.35645146217,5,0,0,167,0,0,0
98,99,3,4050.11675238279,1139.34664341907,0,0,0,150,0,0,0
98,99,4,5198.41253618077,1752.76061071112,0,0,0,184,0,0,0
98,99,5,6364.41641355032,1318.10325661818,17,0,0,250,0,0,0
98,99,6,8218.35409473019,3390.18175868402,0,0,0,58,0,0,0
98,99,7,24551.634913442,11867.5783197372,106,0,0,130,0,0,1
98,99,8,0,6,0,0,0,0,0,0,0
98,100,1,4674.85029362082,1760.64449657925,0,0,0,154,0,0,0
98,100,2,4514.44839603556,2672.48131654498,0,0,0,116,0,0,0
98,100,3,4082.90049778243,1160.30542579166,0,0,0,113,0,0,0
98,100,4,5306.17090941017,1125.13945448239,0,0,0,174,0,0,0
98,100,5,6462.64590721577,2610.42418350646,0,0,0,131,0,0,0
98,100,6,8463.14565038727,1902.03337373018,5,0,0,254,0,0,0
98,100,7,24632.6641984405,13369.1083603979,63,0,0,180,0,0,0
98,100,8,0,6,0,0,0,0,0,0,0
99,1,1,2774.97728,819.068502328265,0,18,0,33,0,0,0
99,1,2,2781.4336,1036.81487767444,0,48,0,51,0,0,0
99,1,3,2773.8096,465.374382721733,0,41,0,43,0,0,0
99,1,4,2773.688,976.278451537582,0,16,0,18,0,0,0
99,1,5,2778.432,955.321799751509,0,46,0,53,0,0,0
99,1,6,2776.896,940.928913612606,0,37,0,43,0,0,0
99,1,7,20398.2940799999,6694.86279110074,0,51,0,37,0,0,0
99,1,8,0,4,0,27,0,31,0,0,0
99,2,1,2781.64288,1319.22910849609,0,0,0,81,0,0,0
99,2,2,2793.4736,1781.16637255919,0,0,0,103,0,0,0
99,2,3,2772.8576,1528.10316355748,0,0,0,46,0,0,0
99,2,4,2785.1296,1004.26656342001,0,0,0,97,0,0,0
99,2,5,2789.432,1087.08359720366,0,0,0,95,0,0,0
99,2,6,2788.7664,1534.20575306106,0,0,0,94,0,0,0
99,2,7,20364.2585599999,9249.48277272901,22,0,0,251,0,0,0
99,2,8,0,4,0,0,0,0,0,0,0
99,3,1,2799.17248,1107.84518295989,0,0,0,131,0,0,0
99,3,2,2816.8096,1331.40054086598,0,0,0,178,0,0,0
99,3,3,2793.808,687.15883913763,0,0,0,152,0,0,0
99,3,4,2798.7712,1391.01653698397,0,0,0,100,0,0,0
99,3,5,2802.6176,1847.1611175745,0,0,0,108,0,0,0
99,3,6,2807.73439999999,1405.25185669798,0,0,0,153,0,0,0
99,3,7,20331.1570559998,7748.28748328802,21,0,0,237,0,0,1
99,3,8,0,4,0,0,0,0,0,0,0
99,4,1,2806.63232,1072.95334278478,0,0,0,110,0,0,0
99,4,2,2832.4144,764.875095870682,0,0,0,133,0,0,0
99,4,3,2796.624,565.378517598,0,0,0,68,0,0,0
99,4,4,2818.00512,1426.87189132338,0,0,0,139,0,0,0
99,4,5,2830.0256,607.700140129938,0,0,0,181,0,0,0
99,4,6,2823.9936,1511.51772335902,0,0,0,140,0,0,0
99,4,7,20287.1228159998,7650.52720123914,25,0,0,193,0,0,0
99,4,8,0,4,0,0,0,0,0,0,0
99,5,1,2814.534528,1428.20903311792,0,0,0,107,0,0,0
99,5,2,2834.095744,1237.73103149557,0,0,0,76,0,0,0
99,5,3,2796.7776,1513.67149448094,0,0,0,56,0,0,0
99,5,4,2838.77152,1174.0324426549,0,0,0,142,0,0,0
99,5,5,2829.0736,863.417906730395,0,0,0,60,0,0,0
99,5,6,2844.8384,934.990874946423,0,0,0,151,0,0,0
99,5,7,20243.5551359996,7601.08128377687,25,0,0,218,0,0,7
99,5,8,0,4,0,0,0,0,0,0,0
99,6,1,2814.2492928,1120.10394136098,0,73,0,69,0,0,0
99,6,2,2830.546624,856.317664436305,0,74,0,49,0,0,0
99,6,3,2802.6976,1259.89294886312,0,64,0,87,0,0,0
99,6,4,2837.96864,684.372386450062,0,62,0,55,0,0,0
99,6,5,2823.8016,1165.13202397014,0,47,0,39,0,0,0
99,6,6,2840.59744,772.020132737765,0,56,0,37,0,0,0
99,6,7,20184.1347481595,4842.98438100621,7,162,0,197,0,0,0
99,6,8,0,4,0,0,0,0,0,0,0
99,7,1,2831.0268928,1254.16674084864,0,0,0,112,0,0,0
99,7,2,2847.436544,1048.04498209642,0,0,0,85,0,0,0
99,7,3,2826.4336,1724.71266547419,0,0,0,125,0,0,0
99,7,4,2849.71104,1880.95168404217,0,0,0,68,0,0,0
99,7,5,2843.208,1189.38030757206,0,0,0,116,0,0,0
99,7,6,2851.94944,559.878585050996,0,0,0,77,0,0,0
99,7,7,20161.3058073595,8911.98878487856,31,0,0,232,0,0,0
99,7,8,0,4,0,0,0,0,0,0,0
99,8,1,2849.3401728,1025.0717922724,0,0,0,125,0,0,0
99,8,2,2864.5753088,1680.73176061377,0,0,0,104,0,0,0
99,8,3,2860.0144,1544.66392519248,0,0,0,172,0,0,0
99,8,4,2885.924416,1486.96284604004,0,0,0,188,0,0,0
99,8,5,2861.4272,828.82265136934,0,0,0,118,0,0,0
99,8,6,2856.69984,301.931265364786,0,0,0,55,0,0,0
99,8,7,20140.4488729594,7695.92767407393,27,0,0,238,0,0,0
99,8,8,0,4,0,0,0,0,0,0,0
99,9,1,2865.1328128,1600.85036910333,0,0,0,102,0,0,0
99,9,2,2896.2512128,1004.07284860885,0,0,0,168,0,0,0
99,9,3,2892.88448,1573.60567722106,0,0,0,154,0,0,0
99,9,4,2914.756096,767.911064117373,0,0,0,148,0,0,0
99,9,5,2875.20352,1074.08783061337,0,0,0,82,0,0,0
99,9,6,2858.27104,832.981280658027,0,0,0,30,0,0,0
99,9,7,20111.2277555193,3622.96883318084,29,0,0,188,0,0,0
99,9,8,0,4,0,0,0,0,0,0,0
99,10,1,2882.8546688,1034.32228460188,23,0,0,122,0,0,0
99,10,2,2908.6208128,1806.45746635656,0,0,0,100,0,0,0
99,10,3,2916.11392,1999.59785860309,10,0,0,141,0,0,0
99,10,4,2924.3944448,1300.38304327422,0,0,0,76,0,0,0
99,10,5,2891.52512,726.441368245253,0,0,0,107,0,0,0
99,10,6,2869.23584,974.247014397527,0,0,0,83,0,0,0
99,10,7,20064.9282995193,3608.47831974741,124,0,0,163,0,0,0
99,10,8,0,4,0,0,0,0,0,0,0
99,11,1,2894.8886016,855.499890054246,0,0,0,103,0,0,0
99,11,2,2933.7347328,1234.31188460235,14,0,0,151,0,0,0
99,11,3,2931.1216,927.346869427699,39,0,0,121,0,0,0
99,11,4,2942.0792448,1468.03272416119,2,0,0,126,0,0,0
99,11,5,2898.4928,1020.21845020716,0,0,0,72,0,0,0
99,11,6,2879.56608,1679.64193828613,0,0,0,97,0,0,0
99,11,7,20018.9609676792,14705.6335849855,99,0,0,162,0,0,0
99,11,8,0,4,0,0,0,0,0,0,0
99,12,1,2901.8879616,897.247616254429,0,0,0,85,0,0,0
99,12,2,2950.0394368,1299.49330490989,0,0,0,123,0,0,0
99,12,3,2943.509376,1459.13705588027,0,0,0,92,0,0,0
99,12,4,2961.7547136,1044.24776983524,0,0,0,146,0,0,0
99,12,5,2906.1558526976,1248.6109108268,0,0,0,102,0,0,0
99,12,6,2905.10912,786.759071939531,0,0,0,167,0,0,0
99,12,7,19995.3722956792,10846.4753773645,30,0,0,278,0,0,0
99,12,8,0,4,0,0,0,0,0,0,0
99,13,1,2905.4803328,748.443010583269,0,0,0,89,0,0,0
99,13,2,2969.05332479999,1331.88207126695,0,0,0,129,0,0,0
99,13,3,2962.86496,1146.96649786749,0,0,0,145,0,0,0
99,13,4,2971.9211136,989.083466612977,0,0,0,104,0,0,0
99,13,5,2919.9216126976,2262.20743640911,0,0,0,124,0,0,0
99,13,6,2909.80064,1018.09721298463,0,0,0,78,0,0,0
99,13,7,19973.6673356792,7904.98267144077,61,0,0,289,0,0,0
99,13,8,0,4,0,0,0,0,0,0,0
99,14,1,2906.25883904,1670.18972527988,0,0,0,74,0,0,0
99,14,2,2985.63310079999,1603.77486221778,0,0,0,133,0,0,0
99,14,3,2973.328256,1632.16019134124,0,0,0,114,0,0,0
99,14,4,2979.47840256,835.707219865174,0,0,0,98,0,0,0
99,14,5,2943.9881726976,1861.69919883638,26,0,0,178,0,0,0
99,14,6,2914.0017792,1750.05752581076,0,0,0,101,0,0,0
99,14,7,19961.2407756792,6249.18284711203,256,0,0,328,0,0,0
99,14,8,0,4,0,0,0,0,0,0,0
99,15,1,2914.10221824,888.603869847245,24,0,0,115,0,0,0
99,15,2,2993.6557696,1747.70397994334,13,0,0,133,0,0,0
99,15,3,2986.764224,1272.000245347,9,0,0,144,0,0,0
99,15,4,2979.62752256001,1222.5878880705,0,0,0,83,0,0,0
99,15,5,2963.4435326976,1276.84322151327,5,0,0,175,0,0,0
99,15,6,2934.55377920001,1445.91002161065,11,0,0,150,0,0,0
99,15,7,19941.9132876791,8855.03587102795,175,0,0,257,0,0,0
99,15,8,0,4,0,0,0,0,0,0,0
99,16,1,2912.151579648,714.034416547408,0,0,0,88,0,0,0
99,16,2,3013.1103232,892.747281012083,0,0,0,174,0,0,0
99,16,3,2997.18937600001,713.552324706558,0,0,0,127,0,0,0
99,16,4,2983.36398387201,1052.89885425298,0,0,0,122,0,0,0
99,16,5,2973.86440695809,1547.01576066158,0,0,0,127,0,0,0
99,16,6,2951.70232320001,466.045954967296,0,0,0,144,0,0,0
99,16,7,19921.362798079,9577.81178295275,0,34,0,192,0,0,0
99,16,8,0,4,0,0,0,0,0,0,0
99,17,1,2899.4303401984,1427.57034235894,0,48,0,23,0,0,0
99,17,2,3003.33277184,715.334210626662,0,48,0,41,0,0,0
99,17,3,2981.39996160001,1057.80861318324,0,28,0,43,0,0,0
99,17,4,2967.85463101441,792.119265948074,0,56,0,49,0,0,0
99,17,5,2966.71212535809,1796.76523563863,0,87,0,67,0,0,0
99,17,6,2938.74392320001,1348.15574230466,0,29,0,17,0,0,0
99,17,7,19901.767086079,9383.76295028041,7,229,0,216,0,0,0
99,17,8,0,4,0,0,0,0,0,0,0
99,18,1,2915.41290403841,433.748297131255,0,0,0,142,0,0,0
99,18,2,3004.16802304001,676.429578779644,0,0,0,71,0,0,0
99,18,3,2986.03227904001,1006.33250049329,0,0,0,105,0,0,0
99,18,4,2971.65821501441,454.070309116305,0,0,0,79,0,0,0
99,18,5,2993.92754935809,640.580867064807,0,0,0,179,0,0,0
99,18,6,2961.10327040001,910.261868998525,0,0,0,134,0,0,0
99,18,7,19912.108410879,7331.19377046209,24,2,0,195,0,0,0
99,18,8,0,4,0,0,0,0,0,0,0
99,19,1,2912.38981283841,368.706319996937,0,0,0,43,0,0,0
99,19,2,3003.81969868801,744.951840853803,0,0,0,67,0,0,0
99,19,3,2994.25117184001,1969.00794999965,0,0,0,100,0,0,0
99,19,4,2966.99456061441,1277.58442870541,0,0,0,45,0,0,0
99,19,5,2996.15222775809,1507.06154827243,0,0,0,64,0,0,0
99,19,6,2976.76706304001,1463.41046815838,0,0,0,91,0,0,0
99,19,7,19926.5341829109,7824.28697880489,28,0,0,198,0,0,0
99,19,8,0,4,0,0,0,0,0,0,0
99,20,1,2908.88677027841,1012.15947960575,0,0,0,36,0,0,0
99,20,2,3006.69675980801,1829.14549784418,0,0,0,74,0,0,0
99,20,3,3023.95084288001,1137.61983726623,0,0,0,196,0,0,0
99,20,4,2985.29778237441,1522.48331478366,0,0,0,127,0,0,0
99,20,5,3021.33846927771,1005.16877136461,0,0,0,150,0,0,0
99,20,6,3001.81591244801,710.804401425292,0,0,0,146,0,0,0
99,20,7,19943.4353699829,9322.71708012029,29,0,0,203,0,0,1
99,20,8,0,4,0,0,0,0,0,0,0
99,21,1,2914.48008867841,1613.75853244834,0,0,0,101,0,0,0
99,21,2,3030.63263948801,872.334452319589,0,0,0,182,0,0,0
99,21,3,3032.27749888001,1104.67752297528,0,0,0,113,0,0,0
99,21,4,3003.14628976641,1057.34254923013,0,0,0,152,0,0,0
99,21,5,3033.34411407771,1789.13949930524,0,0,0,100,0,0,0
99,21,6,3009.12120524801,493.087164099981,0,0,0,71,0,0,0
99,21,7,19948.6955069428,6476.95499434678,37,0,0,216,0,0,0
99,21,8,0,4,0,0,0,0,0,0,0
99,22,1,2941.03292100609,1200.11146973012,0,0,0,161,0,0,0
99,22,2,3032.95496857602,960.271451748368,0,0,0,87,0,0,0
99,22,3,3035.52230912001,692.168885135138,0,0,0,110,0,0,0
99,22,4,3011.20499537921,1550.76767609608,0,0,0,105,0,0,0
99,22,5,3064.96272142518,925.741042187845,0,0,0,178,0,0,0
99,22,6,3010.13004748801,1359.38979301478,0,0,0,49,0,0,0
99,22,7,19958.3202472948,9492.91241077488,65,0,0,203,0,0,0
99,22,8,0,4,0,0,0,0,0,0,0
99,23,1,2956.20784744449,878.782024967122,0,0,0,120,0,0,0
99,23,2,3038.25704396802,986.498064974253,0,0,0,96,0,0,0
99,23,3,3030.52403904514,1246.23111517723,0,0,0,69,0,0,0
99,23,4,3034.48759023617,1916.10362925277,0,0,0,155,0,0,0
99,23,5,3073.42768142518,303.889676242171,0,0,0,92,0,0,0
99,23,6,3029.33490124801,1030.90273503238,0,0,0,135,0,0,0
99,23,7,19957.4633359347,11364.6934993843,52,0,0,198,0,0,0
99,23,8,0,4,0,0,0,0,0,0,0
99,24,1,2958.46703310849,703.7239890871,0,0,0,87,0,0,0
99,24,2,3039.61259384834,656.134700532952,0,0,0,98,0,0,0
99,24,3,3034.28458944514,1119.50048562539,0,0,0,124,0,0,0
99,24,4,3057.19234799617,1262.38945990242,0,0,0,191,0,0,0
99,24,5,3062.73967364278,647.277559161013,0,0,0,30,0,0,0
99,24,6,3037.44251596801,1412.9558961044,0,0,0,103,0,0,0
99,24,7,19949.8539822067,5447.67547293387,44,0,0,196,0,0,0
99,24,8,0,4,0,0,0,0,0,0,0
99,25,1,2943.29416910849,1093.11597930424,0,41,0,29,0,0,0
99,25,2,3024.63363704834,1738.61326587295,0,41,0,24,0,0,0
99,25,3,3027.56012787714,1369.12405908058,0,61,0,50,0,0,0
99,25,4,3055.45922906523,1977.35574471209,0,58,0,68,0,0,0
99,25,5,3049.317578463,1557.79294012425,0,17,0,47,0,0,0
99,25,6,3039.56753612801,1026.15808665993,0,72,0,69,0,0,0
99,25,7,19955.2124538866,7651.47579915863,0,294,0,250,0,0,0
99,25,8,0,4,0,0,0,0,0,0,0
99,26,1,2953.3335925965,719.187836458468,0,0,0,109,0,0,0
99,26,2,3051.97147973634,1661.67726091697,0,0,0,173,0,0,0
99,26,3,3051.20871972456,815.44201635044,0,0,0,136,0,0,0
99,26,4,3084.43084378523,1743.47452891749,0,0,0,190,0,0,0
99,26,5,3074.10054217501,1800.48335814201,0,0,0,155,0,0,0
99,26,6,3057.46524825602,567.050980667367,0,0,0,102,0,0,0
99,26,7,19995.569641573,10200.9195268381,27,0,0,237,0,0,0
99,26,8,0,4,0,0,0,0,0,0,0
99,27,1,2957.8015447245,1403.78746750963,0,0,0,71,0,0,0
99,27,2,3079.57342687234,799.299853825636,0,0,0,166,0,0,0
99,27,3,3058.02186898147,1332.29440071378,0,0,0,81,0,0,0
99,27,4,3113.41599261083,1497.54005485203,0,0,0,174,0,0,0
99,27,5,3105.50768457501,1427.02620256713,0,0,0,178,0,0,0
99,27,6,3065.46720921602,1476.56437158109,0,0,0,56,0,0,0
99,27,7,20042.6554085567,12638.8841476007,25,0,0,278,0,0,0
99,27,8,0,4,0,0,0,0,0,0,0
99,28,1,2975.02311772162,1497.35311617753,0,0,0,140,0,0,0
99,28,2,3078.54237884008,465.967233629233,0,0,0,79,0,0,0
99,28,3,3074.37372654307,656.773415201878,0,0,0,133,0,0,0
99,28,4,3130.27375440283,1452.81851554625,0,0,0,149,0,0,0
99,28,5,3127.792394975,988.384818560735,0,0,0,142,0,0,0
99,28,6,3088.67656345602,1233.36263813025,0,0,0,147,0,0,0
99,28,7,20077.1082725567,6151.23142626068,27,0,0,252,0,0,1
99,28,8,0,4,0,0,0,0,0,0,0
99,29,1,3005.44261891196,599.37183150668,0,0,0,149,0,0,0
99,29,2,3076.1401999524,838.813667710019,0,0,0,46,0,0,0
99,29,3,3073.43613985507,1163.033338919,0,0,0,65,0,0,0
99,29,4,3158.39494959515,702.287173789844,0,0,0,145,0,0,0
99,29,5,3151.21772871696,1532.62606510984,0,0,0,98,0,0,0
99,29,6,3116.09396152322,1664.31076980784,0,0,0,123,0,0,0
99,29,7,20129.9138946239,7410.74769738695,43,0,0,222,0,0,0
99,29,8,0,4,0,0,0,0,0,0,0
99,30,1,3004.46366221436,1760.74451312094,0,0,0,59,0,0,0
99,30,2,3081.0078935204,923.957610711827,0,0,0,83,0,0,0
99,30,3,3081.07484961507,1212.70471250252,0,0,0,116,0,0,0
99,30,4,3168.2059847033,1049.13097354712,0,0,0,70,0,0,0
99,30,5,3185.492910321,1015.27932972803,0,0,0,153,0,0,0
99,30,6,3154.29274826754,900.633785586991,0,0,0,166,0,0,0
99,30,7,20176.9413669259,8020.57267114213,35,0,0,264,0,0,0
99,30,8,0,4,0,0,0,0,0,0,0
99,31,1,3033.55292509718,1429.66131503694,0,0,0,176,0,0,0
99,31,2,3082.25856265832,990.43880570445,0,0,0,92,0,0,0
99,31,3,3093.27980196579,913.304478557446,0,0,0,121,0,0,0
99,31,4,3179.8795800953,1120.78696250696,0,0,0,104,0,0,0
99,31,5,3202.0117321066,1366.70310065582,0,0,0,101,0,0,0
99,31,6,3170.86202271745,2181.16061586795,0,0,0,90,0,0,0
99,31,7,20207.6751528167,5960.72829667923,39,0,0,189,0,0,0
99,31,8,0,4,0,0,0,0,0,0,0
99,32,1,3042.77977898518,1216.28058798538,0,0,0,142,0,0,0
99,32,2,3076.07647342184,1513.33372498855,0,0,0,99,0,0,0
99,32,3,3087.78885079779,1116.08071535071,0,0,0,91,0,0,0
99,32,4,3183.3979481465,1789.70744819453,0,0,0,112,0,0,0
99,32,5,3221.01838810661,935.414950115627,0,0,0,136,0,0,0
99,32,6,3196.61027170305,1612.9122863904,10,0,0,168,0,0,0
99,32,7,20214.9108443367,8450.59205155414,85,0,0,188,0,0,0
99,32,8,0,4,0,0,0,0,0,0,0
99,33,1,3061.17387976214,801.675780683191,0,0,0,121,0,0,0
99,33,2,3095.78615035152,889.156944633599,0,0,0,151,0,0,0
99,33,3,3098.6155344095,1513.46238460122,0,0,0,111,0,0,0
99,33,4,3219.42889328248,1032.43244797432,0,0,0,178,0,0,0
99,33,5,3239.2843457898,1196.81146892174,0,0,0,93,0,0,0
99,33,6,3248.77417010382,1406.54052599413,0,0,0,161,0,0,0
99,33,7,20263.8370550818,13099.3430657556,44,0,0,230,0,0,0
99,33,8,0,4,0,0,0,0,0,0,0
99,34,1,3052.85281080854,854.540815059132,0,0,0,80,0,0,0
99,34,2,3086.01219880208,1437.16801175529,0,0,0,88,0,0,0
99,34,3,3106.8094256351,972.744193302829,0,0,0,151,0,0,0
99,34,4,3219.97096529528,2058.0271208547,0,0,0,103,0,0,0
99,34,5,3252.85138683429,1057.82717595994,0,0,0,119,0,0,0
99,34,6,3266.37288037582,1872.47760593084,0,0,0,140,0,0,0
99,34,7,20281.1652010018,3966.77586311849,37,0,0,236,0,0,0
99,34,8,0,4,0,0,0,0,0,0,0
99,35,1,3043.11514853377,1711.00205958996,0,0,0,85,0,0,0
99,35,2,3088.54011596048,1666.96275886717,1,0,0,141,0,0,0
99,35,3,3098.5855731935,1709.92367719997,0,0,0,97,0,0,0
99,35,4,3222.53630038771,1882.14725933801,27,0,0,138,0,0,0
99,35,5,3256.86948593189,1419.1184860272,0,0,0,105,0,0,0
99,35,6,3289.88135412942,1127.56509574022,14,0,0,151,0,0,0
99,35,7,20284.2401910818,10383.2723518886,88,0,0,176,0,0,0
99,35,8,0,4,0,0,0,0,0,0,0
99,36,1,3051.52299917084,1024.3519068414,0,0,0,171,0,0,0
99,36,2,3100.26605899106,1077.7593075901,0,0,0,166,0,0,0
99,36,3,3122.77594887965,826.710182795112,0,0,0,167,0,0,0
99,36,4,3250.61626708395,1702.24084523501,0,0,0,188,0,0,0
99,36,5,3279.1210818922,1484.56305381653,0,0,0,141,0,0,0
99,36,6,3308.411192533,1268.63928830447,0,0,0,112,0,0,0
99,36,7,20321.0569839414,9196.78847278434,0,43,0,206,0,0,0
99,36,8,0,4,0,0,0,0,0,0,0
99,37,1,3044.96471760668,1062.05136998045,0,0,0,102,0,0,0
99,37,2,3099.47282907695,611.489731004222,0,0,0,107,0,0,0
99,37,3,3117.02816122653,1952.80846438482,0,0,0,82,0,0,0
99,37,4,3276.85131004331,1315.94682851244,0,5,0,159,0,0,0
99,37,5,3302.05774151434,1718.21871524286,0,0,0,148,0,0,0
99,37,6,3345.45200699803,982.108393324172,0,0,0,126,0,0,0
99,37,7,20360.6732164549,5863.78170284492,2,233,0,231,0,0,4
99,37,8,0,4,0,0,0,0,0,0,0
99,38,1,3045.51492616538,1611.11341399225,0,0,0,106,0,0,0
99,38,2,3083.0720013032,820.852310633773,0,0,0,61,0,0,0
99,38,3,3144.62866276944,1307.22455104405,0,0,0,189,0,0,0
99,38,4,3287.64818697029,2124.68909135385,0,0,0,131,0,0,0
99,38,5,3343.63590598904,1175.13461978658,0,0,0,171,0,0,0
99,38,6,3363.75661744195,1169.24233753449,0,0,0,98,0,0,0
99,38,7,20436.9615686412,9376.43027318105,22,0,0,258,0,0,0
99,38,8,0,4,0,0,0,0,0,0,0
99,39,1,3053.68527538263,936.351312893697,0,0,0,161,0,0,0
99,39,2,3071.05169024272,1922.37154879869,0,0,0,82,0,0,0
99,39,3,3145.01762379057,1489.61647600305,0,0,0,130,0,0,0
99,39,4,3308.89239337567,1657.04793613304,0,0,0,190,0,0,1
99,39,5,3353.95951007992,1247.53976231151,0,0,0,117,0,0,0
99,39,6,3389.62907062257,1644.1992829057,0,0,0,116,0,0,0
99,39,7,20485.7960323238,13763.3419097991,22,0,0,237,0,0,0
99,39,8,0,4,0,0,0,0,0,0,0
99,40,1,3049.01140119229,1317.64854077426,0,0,0,93,0,0,0
99,40,2,3072.83802031634,1482.89755879609,0,1,0,163,0,0,0
99,40,3,3155.01553504766,1472.17087322294,0,0,0,148,0,0,0
99,40,4,3322.77007106901,1511.08740065235,0,0,0,165,0,0,0
99,40,5,3365.99166982392,1675.20197125829,0,0,0,124,0,0,0
99,40,6,3418.50875680982,1650.93344194946,0,0,0,164,0,0,0
99,40,7,20506.3253722065,11774.3011789194,0,46,0,178,0,0,0
99,40,8,0,4,0,0,0,0,0,0,0
99,41,1,3041.82496521046,662.518835593075,0,0,0,131,0,0,0
99,41,2,3077.17250414033,826.74310113733,0,0,0,148,0,0,0
99,41,3,3157.51085841303,538.979589556256,0,0,0,147,0,0,0
99,41,4,3341.99544638915,950.644125176434,0,0,0,151,0,0,0
99,41,5,3394.7409898103,853.797264500497,0,0,0,167,0,0,0
99,41,6,3437.25020638902,1475.96069966459,0,4,0,146,0,0,0
99,41,7,20535.9349544862,8453.42303654088,2,197,0,203,0,0,1
99,41,8,0,4,0,0,0,0,0,0,0
99,42,1,3031.46310711551,852.020875071747,0,0,0,66,0,0,0
99,42,2,3058.32137097719,1249.55720301391,0,0,0,82,0,0,0
99,42,3,3138.22004320356,1229.70896975693,0,0,0,53,0,0,0
99,42,4,3344.44063013602,1288.44426658283,0,0,0,95,0,0,0
99,42,5,3396.9112440398,885.926895174792,0,0,0,85,0,0,0
99,42,6,3469.86188727417,1315.40259210441,0,0,0,147,0,0,0
99,42,7,20581.0750607134,13519.723523184,31,0,0,213,0,0,0
99,42,8,0,4,0,0,0,0,0,0,0
99,43,1,3017.18100915024,766.171707800556,0,0,0,85,0,0,0
99,43,2,3048.6225103144,2172.42719671759,0,0,0,124,0,0,0
99,43,3,3125.98140947286,659.427292048751,0,0,0,122,0,0,0
99,43,4,3340.96057033812,1263.78450783535,0,0,0,128,0,0,0
99,43,5,3392.99129688721,1331.02806510667,0,0,0,88,0,0,0
99,43,6,3482.62216539257,1403.35605732141,0,0,0,131,0,0,0
99,43,7,20609.5445007134,13001.5015539011,7,18,0,225,0,0,0
99,43,8,0,4,0,0,0,0,0,0,0
99,44,1,2996.44130850025,1319.91334095778,0,0,0,76,0,0,0
99,44,2,3056.62636080979,1980.31450044886,0,9,0,173,0,0,0
99,44,3,3099.82016106203,1621.06275767647,0,0,0,65,0,0,0
99,44,4,3336.21029732811,1088.57327205423,0,0,0,126,0,0,0
99,44,5,3408.37139907218,989.108518945118,0,0,0,133,0,0,0
99,44,6,3507.18213524597,992.40024230648,0,0,0,140,0,0,0
99,44,7,20659.6253271395,8517.35436557388,0,228,0,247,0,0,0
99,44,8,0,4,0,0,0,0,0,0,0
99,45,1,2960.69348970115,781.412445295117,0,131,0,0,0,0,0
99,45,2,3034.92797656095,1578.81330432413,0,111,0,87,0,0,0
99,45,3,3079.46342905562,1626.54415542395,0,68,0,94,0,0,0
99,45,4,3310.37572339611,1281.26454912804,0,56,0,52,0,0,0
99,45,5,3391.87452128299,1417.21606226865,0,54,0,44,0,0,0
99,45,6,3501.68080163875,1839.39007582879,0,48,0,51,0,0,0
99,45,7,20682.4186697878,13459.4787940136,5,178,0,165,0,0,13
99,45,8,0,4,0,0,0,0,0,0,0
99,46,1,2958.99507568751,1366.86266191543,0,0,0,78,0,0,0
99,46,2,3053.87300777401,1351.21242018685,0,0,0,157,0,0,0
99,46,3,3090.41135116584,1497.38896868668,0,0,0,162,0,0,0
99,46,4,3319.63614381866,1582.72053514789,0,0,0,128,0,0,0
99,46,5,3416.8947958971,1160.80078166684,0,0,0,141,0,0,0
99,46,6,3546.2773980379,1643.34445955321,0,0,0,183,0,0,0
99,46,7,20720.4021449878,4518.5669685208,28,0,0,204,0,0,0
99,46,8,0,4,0,0,0,0,0,0,0
99,47,1,2970.44602235171,1046.31646124818,0,0,0,136,0,0,0
99,47,2,3061.09881892379,1169.92074166135,0,0,0,135,0,0,0
99,47,3,3095.61470850958,1537.98345204188,0,0,0,149,0,0,0
99,47,4,3330.99424505163,1837.87240258938,0,0,0,158,0,0,0
99,47,5,3430.11752618707,1107.6936490168,0,0,0,116,0,0,0
99,47,6,3583.78572161064,1665.34682000295,0,0,0,164,0,0,0
99,47,7,20751.7174448278,9218.90813965354,30,0,0,189,0,0,0
99,47,8,0,4,0,0,0,0,0,0,0
99,48,1,2982.30792473256,1204.19120062545,0,0,0,104,0,0,0
99,48,2,3081.57939906766,1540.13849960835,0,0,0,116,0,0,0
99,48,3,3114.01384871167,861.892367579185,0,0,0,153,0,0,0
99,48,4,3358.22594917767,1170.24732392168,0,0,0,183,0,0,0
99,48,5,3452.44922251594,1288.24903488525,0,0,0,110,0,0,0
99,48,6,3642.97469035161,1493.51957495589,0,0,0,166,0,0,0
99,48,7,20824.4172130077,9787.81030416501,29,0,0,227,0,0,0
99,48,8,0,4,0,0,0,0,0,0,0
99,49,1,3005.06118952248,1521.13147559214,0,0,0,120,0,0,0
99,49,2,3104.37780562727,1225.92404874529,0,0,0,154,0,0,0
99,49,3,3114.11872533606,1015.18178162674,0,0,0,86,0,0,0
99,49,4,3371.75841611078,1570.13843943894,0,0,0,117,0,0,0
99,49,5,3482.64017015019,943.124877880735,0,0,0,128,0,0,0
99,49,6,3688.78705396505,1474.97731765051,0,0,0,148,0,0,0
99,49,7,20892.7756178741,7141.52870475405,26,0,0,248,0,0,1
99,49,8,0,4,0,0,0,0,0,0,0
99,50,1,3032.60723295433,748.654253586333,0,0,0,152,0,0,0
99,50,2,3123.51114476376,794.937130322489,0,0,0,122,0,0,0
99,50,3,3111.91052043095,708.300734468871,0,0,0,101,0,0,0
99,50,4,3403.08363691594,1346.57157689615,0,0,0,157,0,0,0
99,50,5,3486.7613700801,1565.31371858364,0,0,0,94,0,0,0
99,50,6,3735.20885160145,1417.03838148925,0,0,0,147,0,0,0
99,50,7,20928.8772238085,8882.23970730776,159,0,0,169,0,0,0
99,50,8,0,4,0,0,0,0,0,0,0
99,51,1,3026.88075154083,1116.32912735925,0,0,0,74,0,0,0
99,51,2,3115.08610722065,854.699224616966,0,0,0,79,0,0,0
99,51,3,3104.57994484619,1054.31062800074,0,0,0,70,0,0,0
99,51,4,3411.51701809629,408.734519207066,0,0,0,134,0,0,0
99,51,5,3512.2528685009,957.644212032347,0,0,0,156,0,0,0
99,51,6,3774.42487413073,1860.17254055995,0,0,0,141,0,0,0
99,51,7,20981.185232022,13750.8080281594,68,0,0,199,0,0,0
99,51,8,0,4,0,0,0,0,0,0,0
99,52,1,3028.16673168444,1187.32717141234,0,0,0,111,0,0,0
99,52,2,3101.59233486213,789.489088308471,0,0,0,85,0,0,0
99,52,3,3102.35925561517,505.355657466263,0,0,0,105,0,0,0
99,52,4,3391.68332773292,1585.71463871512,0,0,0,40,0,0,0
99,52,5,3516.76045861931,1437.25804842526,0,0,0,95,0,0,0
99,52,6,3815.2766176848,1193.23095943524,0,0,0,184,0,0,0
99,52,7,21010.412163734,7586.44101468359,41,0,0,216,0,0,4
99,52,8,0,4,0,0,0,0,0,0,0
99,53,1,3017.87517155797,1367.50663351249,0,57,0,61,0,0,0
99,53,2,3078.96248369204,2159.65653095194,0,39,0,39,0,0,0
99,53,3,3066.71812769886,1490.27389169822,0,41,0,9,0,0,0
99,53,4,3377.22032632527,1189.35134561482,0,91,0,67,0,0,0
99,53,5,3517.86419552669,489.393796543797,0,70,0,73,0,0,0
99,53,6,3817.46469540917,1658.07836045362,0,61,0,58,0,0,0
99,53,7,21092.3183849948,7350.04928042427,6,221,0,225,0,0,0
99,53,8,0,4,0,0,0,0,0,0,0
99,54,1,3039.74104838105,1610.94544650816,0,0,0,136,0,0,0
99,54,2,3111.0736112409,964.997506356056,0,0,0,191,0,0,0
99,54,3,3085.38104201731,1237.34484501327,0,0,0,149,0,0,0
99,54,4,3397.86156201425,1456.99026002341,0,0,0,118,0,0,0
99,54,5,3519.51609652432,509.738847890197,0,0,0,48,0,0,0
99,54,6,3872.01782806887,1164.05460989662,0,0,0,165,0,0,0
99,54,7,21178.650171252,3281.48628959372,22,0,0,267,0,0,0
99,54,8,0,4,0,0,0,0,0,0,0
99,55,1,3053.08115034341,1285.49450471794,0,0,0,161,0,0,0
99,55,2,3106.84646379324,1267.69311514838,0,0,0,96,0,0,0
99,55,3,3087.29433375908,1157.13007310451,0,0,0,123,0,0,0
99,55,4,3408.40641415264,1625.58807647676,0,0,0,145,0,0,0
99,55,5,3519.25648656079,1489.90447843377,0,0,0,50,0,0,0
99,55,6,3900.15136902151,2304.99584677458,0,0,0,116,0,0,0
99,55,7,21214.966728052,14321.007550326,12,0,0,228,0,0,0
99,55,8,0,4,0,0,0,0,0,0,0
99,56,1,3062.89374754995,1683.72460638478,0,0,0,128,0,0,0
99,56,2,3103.53631512638,1188.832907163,0,0,0,126,0,0,0
99,56,3,3087.73134729762,971.0464006051,0,0,0,115,0,0,0
99,56,4,3423.17112252427,853.281171816024,0,0,0,162,0,0,0
99,56,5,3540.49840144191,1326.83982712973,0,0,0,148,0,0,0
99,56,6,3941.86703389736,2424.70243013505,0,0,0,189,0,0,0
99,56,7,21242.4647946028,12070.2738779191,16,10,0,199,0,0,0
99,56,8,0,4,0,0,0,0,0,0,0
99,57,1,3072.53606703693,1454.98931829091,0,0,0,168,0,0,0
99,57,2,3105.133418284,1053.7731501999,0,0,0,118,0,0,0
99,57,3,3077.74898931047,1105.97479018582,0,0,0,97,0,0,0
99,57,4,3421.99404945213,1154.35615797721,0,0,0,85,0,0,0
99,57,5,3557.2061873877,1982.03223299932,0,0,0,132,0,0,0
99,57,6,3984.22901760488,2213.89308891709,1,0,0,188,0,0,0
99,57,7,21278.1278144814,6194.22465674121,40,0,0,251,0,0,0
99,57,8,0,4,0,0,0,0,0,0,0
99,58,1,3109.67006119497,872.011740435654,0,0,0,145,0,0,0
99,58,2,3119.58101973911,942.945709244786,0,0,0,105,0,0,0
99,58,3,3092.48514150292,1179.62983060874,0,0,0,110,0,0,0
99,58,4,3446.63706411216,933.756736061596,0,0,0,115,0,0,0
99,58,5,3614.88530947956,1066.44167776814,4,0,0,180,0,0,0
99,58,6,4042.0754068329,1459.1320457722,17,0,0,153,0,0,0
99,58,7,21335.3608468267,4358.6047813773,112,0,0,168,0,0,1
99,58,8,0,4,0,0,0,0,0,0,0
99,59,1,3105.10670507419,784.212731036507,0,0,0,87,0,0,0
99,59,2,3102.6503510149,1033.18481927883,0,0,0,94,0,0,0
99,59,3,3095.83489205753,2172.95805638003,0,0,0,117,0,0,0
99,59,4,3446.26517452484,1117.51074799171,0,0,0,93,0,0,0
99,59,5,3617.0394967837,938.948148100372,0,0,0,106,0,0,0
99,59,6,4082.27251273585,2077.41172319274,2,0,0,141,0,0,0
99,59,7,21347.2447821856,6764.55737672346,130,0,0,149,0,0,0
99,59,8,0,4,0,0,0,0,0,0,0
99,60,1,3097.16965907933,765.261913415445,0,0,0,78,0,0,0
99,60,2,3109.71586005282,904.848913343436,0,0,0,103,0,0,0
99,60,3,3135.24396969849,1365.05680524162,2,0,0,191,0,0,0
99,60,4,3468.02363176574,1996.06167356727,0,0,0,111,0,0,0
99,60,5,3629.9846957531,292.895424102639,0,0,0,93,0,0,0
99,60,6,4144.1365107511,1680.65625926971,3,0,0,169,0,0,0
99,60,7,21397.9001241128,18363.8482738471,51,0,0,179,0,0,0
99,60,8,0,4,0,0,0,0,0,0,0
99,61,1,3082.45337959592,993.898742328123,0,0,0,76,0,0,0
99,61,2,3088.69759691025,1835.43933748651,0,0,0,90,0,0,0
99,61,3,3117.92098739404,1015.78991423754,0,0,0,136,0,0,0
99,61,4,3485.18813521458,1796.49922115817,0,0,0,199,0,0,0
99,61,5,3614.79862302653,584.374851379905,0,0,0,29,0,0,0
99,61,6,4175.44608824725,1902.07382547881,0,0,0,168,0,0,0
99,61,7,21418.3001100505,7871.36487994059,5,25,0,230,0,0,0
99,61,8,0,4,0,0,0,0,0,0,0
99,62,1,3070.29340896894,745.563800261125,0,33,0,63,0,0,0
99,62,2,3086.3564462171,540.882757545949,0,54,0,124,0,0,0
99,62,3,3104.80023516077,1032.3342762207,0,34,0,64,0,0,0
99,62,4,3485.16872609962,1015.41364879985,0,75,0,97,0,0,0
99,62,5,3607.9911272491,1386.04458914289,0,4,0,54,0,0,0
99,62,6,4194.07650132518,1733.26360832424,0,82,0,100,0,0,0
99,62,7,21482.0393847449,8662.6391332627,0,175,0,224,0,0,0
99,62,8,0,4,0,0,0,0,0,0,0
99,63,1,3067.82402321325,555.748385540581,0,0,0,74,0,0,0
99,63,2,3065.04528477516,1277.37931599177,0,0,0,54,0,0,0
99,63,3,3102.90851474956,1001.33082066382,0,0,0,103,0,0,0
99,63,4,3488.97158635609,1953.84356766896,0,0,0,101,0,0,0
99,63,5,3626.49448907811,884.407907987512,0,0,0,138,0,0,0
99,63,6,4231.98822037115,1677.16108195022,0,0,0,173,0,0,0
99,63,7,21527.2771323135,8609.70759002271,27,1,0,222,0,0,0
99,63,8,0,4,0,0,0,0,0,0,0
99,64,1,3064.01257253308,1203.44909546678,0,0,0,55,0,0,0
99,64,2,3081.64170264063,1260.68794100564,0,0,0,127,0,0,0
99,64,3,3115.27664857895,1009.36948633038,0,0,0,100,0,0,0
99,64,4,3532.55584682106,1366.54307922266,0,0,0,190,0,0,0
99,64,5,3635.84629285241,1406.98544581568,0,0,0,88,0,0,0
99,64,6,4306.60247659258,1392.32394466134,0,0,0,167,0,0,0
99,64,7,21603.7955812354,10046.5972346434,25,0,0,217,0,0,0
99,64,8,0,4,0,0,0,0,0,0,0
99,65,1,3072.78484504468,848.833738523329,0,0,0,120,0,0,0
99,65,2,3093.13058644034,2079.65519769554,0,0,0,126,0,0,0
99,65,3,3120.14345695384,1011.92817213916,0,0,0,100,0,0,0
99,65,4,3554.49556349485,1024.6446671794,0,0,0,136,0,0,0
99,65,5,3668.74960093017,2474.67304949054,0,0,0,140,0,0,0
99,65,6,4342.9950669597,2479.73628496007,0,0,0,139,0,0,0
99,65,7,21660.0537904477,10629.9862499324,26,0,0,209,0,0,0
99,65,8,0,4,0,0,0,0,0,0,0
99,66,1,3065.75205354808,1166.37472102899,0,0,0,84,0,0,0
99,66,2,3114.26260904958,1245.79356716747,0,0,0,188,0,0,0
99,66,3,3120.40541461381,1106.783936934,0,0,0,101,0,0,0
99,66,4,3549.68934846945,800.54888310844,0,0,0,102,0,0,0
99,66,5,3708.11020664478,1481.94904468759,0,0,0,210,0,0,2
99,66,6,4409.79816617503,1620.10614545701,0,0,0,212,0,0,1
99,66,7,21707.6070324357,2611.09943975087,27,0,0,212,0,0,0
99,66,8,0,4,0,0,0,0,0,0,0
99,67,1,3050.1010393338,1630.85670204258,62,0,0,54,0,0,0
99,67,2,3093.01304063427,1550.24849603621,68,0,0,56,0,0,0
99,67,3,3104.8342180273,1523.28888226688,63,0,0,47,0,0,0
99,67,4,3527.81662135388,1009.10236980379,39,0,0,41,0,0,0
99,67,5,3708.47031820132,1180.47415294426,70,0,0,78,0,0,0
99,67,6,4412.08976814384,2047.78775136122,73,0,0,89,0,0,0
99,67,7,21710.6044545343,7513.22519964369,118,0,0,143,0,0,0
99,67,8,0,4,0,0,0,0,0,0,0
99,68,1,3082.279189849,1870.74084073105,0,0,0,163,0,0,0
99,68,2,3127.52599662031,1572.79325518652,0,0,0,155,0,0,0
99,68,3,3138.58158636596,1558.32304289845,0,0,0,152,0,0,0
99,68,4,3560.57980299035,1548.78536972909,0,0,0,100,0,0,0
99,68,5,3744.26027658479,1728.92354381791,0,0,0,118,0,0,0
99,68,6,4534.75278812218,2214.41980425656,0,0,0,204,0,0,0
99,68,7,21768.0924483187,9439.22054982161,12,7,0,223,0,0,0
99,68,8,0,4,0,0,0,0,0,0,0
99,69,1,3104.32644040052,1229.79483653787,0,26,0,132,0,0,0
99,69,2,3164.00412937826,970.434812367895,0,1,0,155,0,0,0
99,69,3,3164.35273419928,1195.78664609302,0,12,0,130,0,0,0
99,69,4,3604.88756535119,1036.46690920982,0,0,0,154,0,0,0
99,69,5,3773.90501528509,1615.12708803086,0,20,0,130,0,0,0
99,69,6,4629.42193469908,2100.36083997584,0,41,0,135,0,0,0
99,69,7,21843.1235335116,10683.9591261102,0,297,0,320,0,0,0
99,69,8,0,4,0,0,0,0,0,0,0
99,70,1,3112.77810592145,2196.15162613882,0,0,0,122,0,0,0
99,70,2,3156.07733052984,1157.39865124444,0,0,0,97,0,0,0
99,70,3,3181.3350398923,2003.6283734874,0,0,0,119,0,0,0
99,70,4,3627.8367505779,2188.06696347527,0,0,0,103,0,0,0
99,70,5,3816.6972192715,1426.61635939089,0,0,0,161,0,0,0
99,70,6,4692.2062203284,1754.26667181246,0,0,0,188,0,0,0
99,70,7,21889.3353235593,10328.5468993695,20,0,0,215,0,0,6
99,70,8,0,4,0,0,0,0,0,0,0
99,71,1,3144.39234603718,2351.82155298062,0,0,0,214,0,0,0
99,71,2,3182.65060303549,1009.12486412485,0,0,0,115,0,0,0
99,71,3,3218.43149048031,835.70206137131,0,0,0,200,0,0,0
99,71,4,3666.73204671746,948.693995136538,1,0,0,187,0,0,0
99,71,5,3847.10310714772,1331.90284120051,0,0,0,142,0,0,0
99,71,6,4761.75949861477,2618.92475128107,0,0,0,175,0,0,0
99,71,7,21972.1267337743,11336.0323684892,23,0,0,282,0,0,1
99,71,8,0,4,0,0,0,0,0,0,0
99,72,1,3183.1295957098,1267.62293785645,0,0,0,235,0,0,0
99,72,2,3187.06868385195,1728.65575902424,0,0,0,100,0,0,0
99,72,3,3221.49314157153,1600.83772414381,0,0,0,83,0,0,0
99,72,4,3685.67170185259,1440.87684800354,0,0,0,94,0,0,0
99,72,5,3886.46324472453,1513.60301246049,0,0,0,133,0,0,0
99,72,6,4826.40407857291,3563.04117848047,2,0,0,178,0,0,0
99,72,7,22016.8121607512,6989.87840063707,26,0,0,209,0,0,1
99,72,8,0,4,0,0,0,0,0,0,0
99,73,1,3192.1722693447,607.922925923864,0,0,0,126,0,0,0
99,73,2,3215.00059518519,1385.34496851763,0,0,0,172,0,0,0
99,73,3,3256.40609916151,1680.53453340646,0,0,0,160,0,0,0
99,73,4,3726.20212265524,948.219904814507,0,0,0,144,0,0,0
99,73,5,3933.85583090663,723.836619256107,0,0,0,151,0,0,0
99,73,6,4899.87108044514,2753.88943862617,14,0,0,196,0,0,0
99,73,7,22079.8473736602,6667.97772796985,46,0,0,199,0,0,0
99,73,8,0,4,0,0,0,0,0,0,0
99,74,1,3168.47311964584,2180.30872018537,0,19,0,41,0,0,0
99,74,2,3198.22616988945,852.783230466368,0,72,0,66,0,0,0
99,74,3,3233.83308582673,877.8684676956,0,92,0,76,0,0,0
99,74,4,3705.90310354831,1993.36863462586,0,48,0,46,0,0,0
99,74,5,3922.50246633512,1757.11518999115,0,26,0,46,0,0,0
99,74,6,4937.01979084428,861.260219404087,0,143,0,132,0,0,0
99,74,7,22101.722915964,5770.19263660387,4,246,0,246,0,0,0
99,74,8,0,4,0,0,0,0,0,0,0
99,75,1,3210.7024377571,1605.51705600838,2,0,0,188,0,0,0
99,75,2,3215.8773682499,888.635020875008,0,0,0,85,0,0,0
99,75,3,3265.80145819926,1756.0516296185,0,0,0,87,0,0,0
99,75,4,3784.48390257318,1667.13475235222,0,0,0,197,0,0,0
99,75,5,3987.83597479337,628.295377128004,0,0,0,175,0,0,0
99,75,6,4988.45931385417,2400.7443199063,0,0,0,86,0,0,0
99,75,7,22195.0981359108,10504.2542562658,31,0,0,180,0,0,1
99,75,8,0,4,0,0,0,0,0,0,0
99,76,1,3251.87767492519,664.133683493003,0,0,0,160,0,0,0
99,76,2,3225.84367339982,822.702512851851,0,0,0,88,0,0,0
99,76,3,3308.51724955127,1528.59566058441,0,0,0,175,0,0,0
99,76,4,3842.65831458084,1385.76803352482,0,0,0,166,0,0,0
99,76,5,3987.89340168969,1224.90661636428,0,0,0,62,0,0,0
99,76,6,5109.46943454993,2270.3777952713,0,0,0,212,0,0,0
99,76,7,22280.4483097563,10254.2124503234,30,0,0,201,0,0,0
99,76,8,0,4,0,0,0,0,0,0,0
99,77,1,3268.5552282693,525.911466379212,0,0,0,66,0,0,0
99,77,2,3239.55343235435,803.417769596849,0,0,0,82,0,0,0
99,77,3,3367.64764029173,1509.23406853002,0,0,0,152,0,0,0
99,77,4,3889.69955895974,1657.12701006188,0,0,0,138,0,0,0
99,77,5,4032.1611171834,2245.55007343618,0,0,0,122,0,0,0
99,77,6,5239.4441695106,2142.90826153584,0,0,0,210,0,0,1
99,77,7,22392.1146715032,11237.8146570042,29,0,0,213,0,0,0
99,77,8,0,4,0,0,0,0,0,0,0
99,78,1,3262.54162676457,1755.76127844082,0,0,0,52,0,0,0
99,78,2,3240.56177612905,1478.75544158801,0,0,0,80,0,0,0
99,78,3,3405.58472997592,1293.68317888994,0,0,0,150,0,0,0
99,78,4,3931.29626997979,1661.16557288382,0,0,0,165,0,0,0
99,78,5,4109.95647657513,1990.79467304396,0,0,0,206,0,0,0
99,78,6,5330.77560831893,2588.79305132879,0,0,0,188,0,0,3
99,78,7,22503.6055960194,6111.78627276567,24,0,0,359,0,0,0
99,78,8,0,4,0,0,0,0,0,0,0
99,79,1,3326.84307476495,1107.43064037274,0,0,0,168,0,0,0
99,79,2,3297.3992952412,1531.02728841087,0,0,0,147,0,0,0
99,79,3,3448.84511106803,1077.38570050147,0,0,0,129,0,0,0
99,79,4,4002.79507580385,1045.82144091703,0,0,0,166,0,0,0
99,79,5,4209.95216574115,1788.2591405683,2,0,0,177,0,0,0
99,79,6,5492.59059983679,747.58955844328,6,0,0,201,0,0,0
99,79,7,22639.7735324828,11902.8583040103,50,0,0,218,0,0,0
99,79,8,0,4,0,0,0,0,0,0,0
99,80,1,3348.27024865776,1432.46474291893,0,0,0,110,0,0,0
99,80,2,3331.77781530783,1135.14263561196,0,0,0,153,0,0,0
99,80,3,3462.87284656054,1117.37924747101,0,0,0,107,0,0,0
99,80,4,4042.88360749801,1270.15799832632,0,0,0,104,0,0,0
99,80,5,4289.53317798285,2673.46805704191,0,0,0,178,0,0,0
99,80,6,5522.21899235368,1801.28145292683,0,0,0,74,0,0,0
99,80,7,22717.6135227921,6217.72501357844,35,0,0,192,0,0,0
99,80,8,0,4,0,0,0,0,0,0,0
99,81,1,3359.96981477224,2011.39162936651,0,0,0,143,0,0,0
99,81,2,3347.15826493389,1790.04066075414,0,0,0,113,0,0,0
99,81,3,3488.19660073382,675.918223855407,0,0,0,111,0,0,0
99,81,4,4082.74226216164,3266.99007314004,0,0,0,127,0,0,0
99,81,5,4364.00911842564,1675.14907091285,9,0,0,181,0,0,0
99,81,6,5631.13576684512,1651.55236042835,0,0,0,175,0,0,1
99,81,7,22833.6514784533,9927.18483735687,41,0,0,242,0,0,4
99,81,8,0,4,0,0,0,0,0,0,0
99,82,1,3422.01100740714,2081.79388831335,0,0,0,199,0,0,0
99,82,2,3379.40163526779,1514.05200630591,0,0,0,179,0,0,0
99,82,3,3487.04861816217,1663.7495699395,0,0,0,67,0,0,0
99,82,4,4139.17143569324,1269.36105946227,6,0,0,197,0,0,0
99,82,5,4417.06545634903,982.258789097125,0,0,0,167,0,0,0
99,82,6,5736.52987093458,2464.34429514474,0,0,0,165,0,0,0
99,82,7,22904.0166436432,10209.1008927782,37,0,0,191,0,0,0
99,82,8,0,4,0,0,0,0,0,0,0
99,83,1,3480.97513836641,1942.11801945212,0,1,0,190,0,0,0
99,83,2,3406.58392267486,1801.38563032108,0,0,0,151,0,0,0
99,83,3,3535.36182345532,585.710376391828,0,0,0,164,0,0,0
99,83,4,4166.14694859346,1267.82149980983,0,0,0,126,0,0,0
99,83,5,4440.78165441771,1035.97316760965,0,0,0,98,0,0,0
99,83,6,5897.90081031898,2406.95906930208,0,1,0,215,0,0,0
99,83,7,22974.6633575084,12479.1692419853,0,51,0,163,0,0,0
99,83,8,0,4,0,0,0,0,0,0,0
99,84,1,3486.71581958816,1563.22289716179,0,44,0,123,0,0,0
99,84,2,3410.21094057831,1991.33606554502,0,22,0,144,0,0,0
99,84,3,3515.54883906015,1618.5466875161,0,0,0,58,0,0,0
99,84,4,4157.43834577731,1200.67839518069,0,0,0,126,0,0,0
99,84,5,4447.34829198864,2182.72817913796,0,0,0,103,0,0,0
99,84,6,5905.84874454474,1919.19205599913,0,79,0,114,0,0,0
99,84,7,23066.8208441032,6184.5344584066,0,455,0,519,0,0,0
99,84,8,0,4,0,0,0,0,0,0,0
99,85,1,3537.62764899727,2125.80340865556,0,0,0,156,0,0,0
99,85,2,3478.21840732945,1887.53816138305,0,0,0,193,0,0,0
99,85,3,3568.11394493086,1458.54053195842,0,0,0,161,0,0,0
99,85,4,4206.74263519473,2105.05668964208,0,0,0,120,0,0,0
99,85,5,4558.32928415461,1226.34514051851,1,0,0,192,0,0,0
99,85,6,6076.61824803933,2205.05190296243,0,0,0,191,0,0,0
99,85,7,23201.0754988492,10540.0838061797,30,0,0,188,0,0,0
99,85,8,0,4,0,0,0,0,0,0,0
99,86,1,3634.92875557845,1663.40548938059,0,0,0,200,0,0,0
99,86,2,3539.75392965867,1701.6273912717,0,0,0,188,0,0,0
99,86,3,3583.51430611587,1582.58237825173,0,0,0,145,0,0,0
99,86,4,4261.98781434529,1292.41654315966,0,0,0,182,0,0,0
99,86,5,4611.29163058227,1656.26339838644,0,0,0,122,0,0,0
99,86,6,6186.43801606234,1994.61323146466,0,0,0,203,0,0,0
99,86,7,23310.6703910771,10538.7352136853,27,0,0,221,0,0,0
99,86,8,0,4,0,0,0,0,0,0,0
99,87,1,3721.06294287514,963.878149953895,0,0,0,166,0,0,0
99,87,2,3594.97986239618,1618.5087441844,0,0,0,170,0,0,0
99,87,3,3643.36564872848,1618.96168586546,0,0,0,158,0,0,0
99,87,4,4323.3435824075,2649.34739322318,0,0,0,129,0,0,0
99,87,5,4682.38641025232,1777.81512790627,0,0,0,165,0,0,0
99,87,6,6355.82800090256,2706.60177281112,0,0,0,198,0,0,0
99,87,7,23428.7878313387,11734.3302423588,24,0,0,213,0,0,0
99,87,8,0,4,0,0,0,0,0,0,0
99,88,1,3743.077277323,2063.00364700011,0,0,0,96,0,0,0
99,88,2,3629.0274969237,862.233582975877,0,0,0,161,0,0,0
99,88,3,3699.42193090887,1361.23330824184,0,0,0,161,0,0,0
99,88,4,4426.71077529349,3814.91212418045,0,0,0,212,0,0,0
99,88,5,4805.67232266925,2437.92177821854,0,0,0,177,0,0,0
99,88,6,6521.11128769148,2832.32931807118,0,0,0,234,0,0,0
99,88,7,23547.4697462141,9260.53079697345,23,0,0,240,0,0,0
99,88,8,0,4,0,0,0,0,0,0,0
99,89,1,3767.26619617024,1325.06445248976,0,111,0,95,0,0,0
99,89,2,3598.37916390919,991.708084260821,0,48,0,38,0,0,0
99,89,3,3702.37648247467,771.877884334969,0,59,0,77,0,0,0
99,89,4,4485.32925192352,2300.66071193808,0,164,0,173,0,0,0
99,89,5,4834.67521604445,2132.07164462462,0,142,0,101,0,0,0
99,89,6,6654.88757977566,3029.68952148689,0,136,0,147,0,0,0
99,89,7,23641.7484680441,11329.3745812529,5,282,0,200,0,0,2
99,89,8,0,4,0,0,0,0,0,0,0
99,90,1,3793.39809909537,1695.87868946144,0,0,0,132,0,0,0
99,90,2,3600.81517396115,782.329390994123,0,0,0,99,0,0,0
99,90,3,3701.79448266202,2367.13546911397,0,0,0,77,0,0,0
99,90,4,4552.19168655823,2679.71816581591,0,0,0,203,0,0,0
99,90,5,4921.40389697435,1752.23113234242,0,0,0,209,0,0,0
99,90,6,6802.68199901653,2188.49394287893,1,0,0,264,0,0,0
99,90,7,23698.6390445173,10854.167013474,26,0,0,222,0,0,2
99,90,8,0,4,0,0,0,0,0,0,0
99,91,1,3842.02105978727,972.002725225174,0,0,0,169,0,0,0
99,91,2,3606.91804232308,1198.25687053177,0,0,0,78,0,0,0
99,91,3,3754.72728474248,2049.47399780702,0,0,0,224,0,0,0
99,91,4,4624.82499094107,1717.88071180305,2,0,0,185,0,0,0
99,91,5,5017.62076896744,2174.62601052144,0,0,0,175,0,0,0
99,91,6,6939.48426697806,3091.8053872108,0,0,0,206,0,0,0
99,91,7,23830.9331903493,12005.4083365053,23,0,0,291,0,0,1
99,91,8,0,4,0,0,0,0,0,0,0
99,92,1,3850.63083843216,1019.36656789537,0,0,0,97,0,0,0
99,92,2,3633.91697431557,1449.51997420905,0,0,0,119,0,0,0
99,92,3,3809.12270856813,2278.91720425961,0,0,0,173,0,0,0
99,92,4,4678.02809799814,913.315715469474,0,0,0,171,0,0,0
99,92,5,5089.57438196516,1903.60499032509,0,0,0,198,0,0,1
99,92,6,7089.81430947094,2177.27261819118,1,0,0,250,0,0,0
99,92,7,23897.0883189503,7114.72918312021,26,0,0,225,0,0,0
99,92,8,0,4,0,0,0,0,0,0,0
99,93,1,3916.22020587997,2516.3669630711,0,0,0,101,0,0,0
99,93,2,3694.41457508728,1476.52257535124,0,0,0,144,0,0,0
99,93,3,3932.75167597814,1881.38294100765,0,0,0,227,0,0,0
99,93,4,4727.60138415425,3142.37566254889,0,0,0,91,0,0,0
99,93,5,5207.09411543364,2931.76521832611,0,0,0,190,0,0,0
99,93,6,7329.05404844429,2623.78762166019,4,0,0,167,0,0,0
99,93,7,24082.4402556264,7141.05752585922,44,0,0,234,0,0,0
99,93,8,0,4,0,0,0,0,0,0,0
99,94,1,4031.53210894607,1544.71900617984,8,0,0,189,0,0,1
99,94,2,3770.95425134257,2075.16244200574,0,0,0,147,0,0,0
99,94,3,4042.95398005759,629.760892167189,0,0,0,188,0,0,0
99,94,4,4905.13722699495,1206.84010827557,14,0,0,214,0,0,0
99,94,5,5364.47525027427,2975.91438179072,17,0,0,166,0,0,0
99,94,6,7519.4383719826,3274.95955368569,15,0,0,151,0,0,1
99,94,7,24261.623781018,2691.48624197926,75,0,0,181,0,0,0
99,94,8,0,4,0,0,0,0,0,0,0
99,95,1,4042.3511160313,1219.04411298822,13,0,0,125,0,0,0
99,95,2,3789.26967004201,881.999685282281,26,0,0,150,0,0,0
99,95,3,4032.50130404753,1039.44625404878,0,0,0,62,0,0,0
99,95,4,4935.959174374,1717.02383601186,0,0,0,120,0,0,0
99,95,5,5432.29592106049,3720.15132575298,57,0,0,172,0,0,0
99,95,6,7644.1063737506,4035.53554798263,71,0,0,170,0,0,0
99,95,7,24293.0843574492,10471.5037142433,43,0,0,172,0,0,0
99,95,8,0,4,0,0,0,0,0,0,0
99,96,1,4065.27837725439,1665.94693580282,0,0,0,121,0,0,0
99,96,2,3773.28581179557,1332.44875107463,0,0,0,88,0,0,0
99,96,3,4049.89835408431,1502.56582499938,0,0,0,103,0,0,0
99,96,4,4991.66217291979,1812.67179410347,0,0,0,171,0,0,0
99,96,5,5553.47611615267,2489.87026796027,6,0,0,195,0,0,1
99,96,6,7772.3616357228,3085.40860759442,8,0,0,184,0,0,0
99,96,7,24351.6160172851,11003.8355946415,31,0,0,226,0,0,0
99,96,8,0,4,0,0,0,0,0,0,0
99,97,1,4098.36611646815,2215.99863573869,0,0,0,166,0,0,0
99,97,2,3790.68865056753,1769.07708028323,0,0,0,133,0,0,0
99,97,3,4105.06811109145,2360.14884767393,0,0,0,150,0,0,0
99,97,4,5080.53273779743,2918.94831098488,0,0,0,177,0,0,0
99,97,5,5664.11538950567,2068.34109004593,0,0,0,205,0,0,0
99,97,6,8007.10247023003,3534.09282641503,1,0,0,266,0,0,0
99,97,7,24421.2364183524,6138.24447528549,27,0,0,191,0,0,0
99,97,8,0,4,0,0,0,0,0,0,0
99,98,1,4212.99842709814,1881.22788107004,9,0,0,171,0,0,0
99,98,2,3895.33837257862,1887.46895493571,0,0,0,176,0,0,0
99,98,3,4238.46996376721,1349.1154625755,8,0,0,189,0,0,0
99,98,4,5275.422927008,2998.74470614003,15,0,0,207,0,0,0
99,98,5,5902.22543411399,1569.57355691352,1,0,0,200,0,0,0
99,98,6,8302.24291565253,2832.61111409773,33,0,0,166,0,0,0
99,98,7,24597.2495113438,6174.80876394421,78,0,0,175,0,0,0
99,98,8,0,4,0,0,0,0,0,0,0
99,99,1,4216.89790514085,2011.10105315923,2,0,0,174,0,0,0
99,99,2,3921.54010105832,1756.7013708808,3,0,0,167,0,0,0
99,99,3,4243.30308955189,1930.4253723444,0,0,0,134,0,0,0
99,99,4,5327.16390291492,553.474459994601,17,0,0,178,0,0,0
99,99,5,5944.57993930251,1310.96700539559,0,0,0,156,0,0,0
99,99,6,8394.47813286257,1339.18370316804,13,0,0,191,0,0,2
99,99,7,24600.2988428096,11977.1721751658,64,0,0,177,0,0,2
99,99,8,0,4,0,0,0,0,0,0,0
99,100,1,4280.23115706804,1636.79581906088,0,0,0,178,0,0,0
99,100,2,3973.844834877,1538.600968731,0,0,0,175,0,0,0
99,100,3,4300.47020370686,2057.43458816757,0,0,0,193,0,0,0
99,100,4,5337.72096206191,2260.73159301414,0,0,0,55,0,0,0
99,100,5,6021.55917436287,2033.42569830298,0,0,0,131,0,0,0
99,100,6,8515.38460701918,3580.72859083661,0,0,0,133,0,0,0
99,100,7,24666.3044887177,10978.1296239309,36,0,0,193,0,0,0
99,100,8,0,4,0,0,0,0,0,0,0
100,1,1,2726.36767999999,947.646712124705,0,0,0,96,0,0,0
100,1,2,2724.248,1149.22072207102,0,0,0,97,0,0,0
100,1,3,2711.12,1071.78965858164,0,0,0,55,0,0,0
100,1,4,2720.464,2020.22503741546,0,0,0,99,0,0,0
100,1,5,2715.432,891.143005601425,0,0,0,54,0,0,0
100,1,6,2703.1696,829.151892251255,0,0,0,43,0,0,0
100,1,7,20879.6879999999,6541.12312088165,0,0,0,53,0,0,0
100,1,8,0,6,0,0,0,18,0,0,0
100,2,1,2732.95167999999,1236.05096535307,0,0,0,94,0,0,0
100,2,2,2739.096,909.359783900431,0,0,0,114,0,0,0
100,2,3,2716.016,1489.15641511802,0,0,0,107,0,0,0
100,2,4,2746.832,1145.02857890125,0,0,0,191,0,0,0
100,2,5,2723.296,531.457308791626,0,0,0,89,0,0,0
100,2,6,2702.9136,916.410372016271,0,0,0,82,0,0,0
100,2,7,20824.2831999998,13685.7856920252,7,12,0,215,0,0,0
100,2,8,0,6,0,0,0,0,0,0,0
100,3,1,2748.96127999999,1308.06158440399,0,0,0,123,0,0,0
100,3,2,2746.6288,970.195765343757,0,0,0,90,0,0,0
100,3,3,2730.7056,1332.51180819431,0,0,0,148,0,0,0
100,3,4,2755.90239999999,769.640045988795,0,0,0,114,0,0,0
100,3,5,2719.928,1137.80346160139,0,0,0,53,0,0,0
100,3,6,2707.81088,1061.15531916247,0,0,0,91,0,0,0
100,3,7,20765.7071999998,12642.0286838884,25,2,0,210,0,0,2
100,3,8,0,6,0,0,0,0,0,0,0
100,4,1,2764.67327999999,732.799836218178,0,0,0,130,0,0,0
100,4,2,2754.8528,1553.40757832531,0,0,0,97,0,0,0
100,4,3,2742.1616,1392.42733674651,0,0,0,133,0,0,0
100,4,4,2757.39039999999,481.595351800882,0,0,0,76,0,0,0
100,4,5,2728.24,1189.24740898002,0,0,0,113,0,0,0
100,4,6,2711.9632,850.93038136681,0,0,0,106,0,0,0
100,4,7,20725.9727999997,9173.97329076311,0,245,0,304,0,0,0
100,4,8,0,6,0,0,0,0,0,0,0
100,5,1,2764.82367999999,359.327676608552,0,0,0,73,0,0,0
100,5,2,2771.8192,1027.92614713416,0,0,0,155,0,0,0
100,5,3,2753.78848,1554.30905147915,0,0,0,139,0,0,0
100,5,4,2748.99167999999,786.677414247776,0,0,0,48,0,0,0
100,5,5,2737.1296,955.897618779183,0,0,0,118,0,0,0
100,5,6,2713.76,1137.62899613276,0,0,0,85,0,0,0
100,5,7,20692.1715199997,8594.88735206458,38,0,0,179,0,0,0
100,5,8,0,6,0,0,0,0,0,0,0
100,6,1,2758.33567999999,1504.70212220325,0,0,0,35,0,0,0
100,6,2,2773.5904,1456.55645241518,0,0,0,102,0,0,0
100,6,3,2768.74304,1704.37120742443,0,0,0,155,0,0,0
100,6,4,2746.97087999999,680.367328841577,0,0,0,78,0,0,0
100,6,5,2740.2416,592.916408549729,0,0,0,95,0,0,0
100,6,6,2721.6304,1594.67114035118,0,0,0,113,0,0,0
100,6,7,20665.2036991996,9479.4505313286,29,0,0,228,0,0,0
100,6,8,0,6,0,0,0,0,0,0,0
100,7,1,2772.98975999999,686.867228126999,0,0,0,150,0,0,0
100,7,2,2783.66368,1702.29945826934,0,0,0,145,0,0,0
100,7,3,2782.37632,830.491780207051,0,0,0,170,0,0,0
100,7,4,2742.32319999999,794.802097490804,0,0,0,68,0,0,0
100,7,5,2736.51456,550.245373336353,0,0,0,59,0,0,0
100,7,6,2738.5648,969.063753451315,0,0,0,159,0,0,0
100,7,7,20637.5192319996,5573.27631643214,27,0,0,226,0,0,0
100,7,8,0,6,0,0,0,0,0,0,0
100,8,1,2761.33375999999,1726.69055754225,0,39,0,29,0,0,0
100,8,2,2779.37376,1047.97312848931,0,88,0,82,0,0,0
100,8,3,2773.315264,1165.46105381875,0,32,0,51,0,0,0
100,8,4,2732.34752,755.82720635484,0,44,0,35,0,0,0
100,8,5,2725.06496,1174.71387576068,0,46,0,9,0,0,0
100,8,6,2728.987456,668.564560606373,0,49,0,47,0,0,0
100,8,7,20615.4481919996,7075.21973683817,0,270,0,287,0,0,0
100,8,8,0,6,0,0,0,0,0,0,0
100,9,1,2793.0288,1206.23179217787,0,0,0,172,0,0,0
100,9,2,2793.003776,1050.61927479339,0,0,0,104,0,0,0
100,9,3,2791.49984000001,1131.69228945701,0,0,0,116,0,0,0
100,9,4,2741.8896,1005.75451115337,0,0,0,75,0,0,0
100,9,5,2741.47936,906.879417781621,0,0,0,117,0,0,0
100,9,6,2733.84345600001,1060.04723723423,0,0,0,66,0,0,0
100,9,7,20632.7483238395,3804.89367433222,29,0,0,217,0,0,0
100,9,8,0,6,0,0,0,0,0,0,0
100,10,1,2808.7721472,780.26185275577,0,0,0,120,0,0,0
100,10,2,2805.888896,667.678685827297,0,0,0,105,0,0,0
100,10,3,2805.96089600001,1223.505529162,0,0,0,113,0,0,0
100,10,4,2751.304576,1148.21111772618,0,0,0,100,0,0,0
100,10,5,2752.555904,902.386468492622,0,0,0,90,0,0,0
100,10,6,2747.05593600001,696.552707403689,0,0,0,106,0,0,0
100,10,7,20627.8929638395,8449.67841640301,57,0,0,168,0,0,0
100,10,8,0,6,0,0,0,0,0,0,0
100,11,1,2819.49144063999,752.046594486262,0,0,0,78,0,0,0
100,11,2,2813.1007232,549.705911793088,0,0,0,66,0,0,0
100,11,3,2825.87685120001,1380.37013023617,0,0,0,122,0,0,0
100,11,4,2762.13152,935.631130049777,0,0,0,114,0,0,0
100,11,5,2763.517504,1241.80011549173,0,0,0,90,0,0,0
100,11,6,2755.20640000001,1410.20492428569,0,0,0,69,0,0,0
100,11,7,20645.2918548474,15378.1886679096,32,0,0,204,0,0,0
100,11,8,0,6,0,0,0,0,0,0,0
100,12,1,2825.55160064,1643.61085659324,0,0,0,75,0,0,0
100,12,2,2814.8597632,1267.65536649695,0,0,0,54,0,0,0
100,12,3,2843.60165120001,1404.26485435939,0,0,0,138,0,0,0
100,12,4,2767.964352,1306.42602385136,0,0,0,93,0,0,0
100,12,5,2777.99750400001,903.136121772872,0,0,0,124,0,0,0
100,12,6,2775.54988800001,1171.03280593628,0,0,0,141,0,0,0
100,12,7,20649.7430548474,4229.9848286501,30,0,0,210,0,0,0
100,12,8,0,6,0,0,0,0,0,0,0
100,13,1,2845.82078464,433.598021214951,21,0,0,128,0,0,0
100,13,2,2833.6436992,737.805280364663,0,0,0,126,0,0,0
100,13,3,2864.96062720001,1424.39267851377,0,0,0,138,0,0,2
100,13,4,2785.543936,272.447987324045,0,0,0,130,0,0,0
100,13,5,2788.30732800001,670.243137974191,0,0,0,90,0,0,0
100,13,6,2791.46214400001,1477.03305111673,0,0,0,117,0,0,0
100,13,7,20647.8459774969,9258.09841222372,145,0,0,176,0,0,0
100,13,8,0,6,0,0,0,0,0,0,0
100,14,1,2845.51160064,1460.16518076731,0,0,0,43,0,0,0
100,14,2,2835.8993792,1548.79695480679,0,0,0,73,0,0,0
100,14,3,2884.43759360001,748.199771791846,0,0,0,142,0,0,0
100,14,4,2775.6881152,1050.78916491296,0,0,0,27,0,0,0
100,14,5,2788.73580800001,828.689041902606,0,0,0,67,0,0,0
100,14,6,2813.63354880001,1378.24583930373,0,0,0,147,0,0,0
100,14,7,20658.8891774969,8970.18485502612,40,0,0,218,0,0,0
100,14,8,0,6,0,0,0,0,0,0,0
100,15,1,2867.238995968,1175.25140687718,0,0,0,146,0,0,0
100,15,2,2862.854519808,2135.35966938083,0,0,0,154,0,0,0
100,15,3,2891.75336960001,1316.32048665963,0,0,0,74,0,0,0
100,15,4,2786.1642752,1587.9799207594,0,0,0,105,0,0,0
100,15,5,2796.05818880001,1657.50565165363,0,0,0,82,0,0,0
100,15,6,2838.05079296002,706.608969647022,0,0,0,137,0,0,0
100,15,7,20676.1422718968,9568.32066453158,38,0,0,206,0,0,0
100,15,8,0,6,0,0,0,0,0,0,0
100,16,1,2890.6709743616,1308.01524598191,0,0,0,117,0,0,0
100,16,2,2895.07704164352,1169.48456022689,1,0,0,187,0,0,0
100,16,3,2918.12169861121,1200.09589310314,0,0,0,131,0,0,0
100,16,4,2814.72416256,609.406276768733,0,0,0,158,0,0,0
100,16,5,2824.91218739201,986.953624452104,0,0,0,165,0,0,0
100,16,6,2850.90337075202,1060.62159675831,0,0,0,70,0,0,0
100,16,7,20697.8523565048,9944.71893361598,41,0,0,204,0,0,0
100,16,8,0,6,0,0,0,0,0,0,0
100,17,1,2901.66317463553,585.256208977539,0,0,0,130,0,0,0
100,17,2,2907.32136548352,1453.8685376393,0,0,0,116,0,0,0
100,17,3,2923.20611461121,818.577847421091,0,0,0,120,0,0,0
100,17,4,2808.87786752,1568.98235969498,0,0,0,60,0,0,0
100,17,5,2833.62773555201,827.575475606019,0,0,0,98,0,0,0
100,17,6,2861.05004595202,1047.79544816797,0,0,0,106,0,0,0
100,17,7,20690.9350957048,8176.74969539552,60,0,0,186,0,0,0
100,17,8,0,6,0,0,0,0,0,0,0
100,18,1,2901.46222743552,1728.76170574287,0,0,0,58,0,0,0
100,18,2,2920.00986836992,1062.78103901057,0,0,0,145,0,0,0
100,18,3,2922.37564805121,772.635879581786,0,0,0,81,0,0,0
100,18,4,2820.71679795201,1583.71348865316,3,0,0,149,0,0,0
100,18,5,2838.10021478401,889.145605139272,0,0,0,82,0,0,0
100,18,6,2870.44466995201,909.503947417454,0,0,0,104,0,0,0
100,18,7,20704.4866989048,5851.99105531556,225,0,0,275,0,0,2
100,18,8,0,6,0,0,0,0,0,0,0
100,19,1,2885.12463050753,1465.60995564362,148,0,0,10,0,0,0
100,19,2,2916.13361752065,1006.95875748526,22,0,0,82,0,0,0
100,19,3,2912.62268805121,1338.00692613594,22,0,0,53,0,0,0
100,19,4,2817.40228915201,1568.35846024645,56,0,0,96,0,0,0
100,19,5,2831.87083878401,1394.21675929165,18,0,0,69,0,0,0
100,19,6,2875.18815795202,1667.16496854884,8,0,0,82,0,0,0
100,19,7,20720.2081995768,12336.28127114,189,0,0,244,0,0,2
100,19,8,0,6,0,0,0,0,0,0,0
100,20,1,2900.91803123713,742.165400933397,0,0,0,146,0,0,0
100,20,2,2920.52044888065,1870.839333158,0,0,0,100,0,0,0
100,20,3,2919.40252037121,847.917402964234,0,0,0,133,0,0,0
100,20,4,2829.40982630401,1814.82967264618,0,0,0,156,0,0,0
100,20,5,2837.47126425601,972.898770353857,0,0,0,139,0,0,0
100,20,6,2898.56242688002,905.44037461272,0,0,0,166,0,0,0
100,20,7,20703.3022667767,9824.8332431023,44,0,0,195,0,0,0
100,20,8,0,6,0,0,0,0,0,0,0
100,21,1,2899.30913523713,1195.55760024389,0,0,0,74,0,0,0
100,21,2,2946.13636235265,1177.77667330339,0,0,0,187,0,0,0
100,21,3,2915.61858949121,1366.78303350023,0,0,0,84,0,0,0
100,21,4,2846.14382694401,1799.8812789019,0,0,0,178,0,0,0
100,21,5,2835.12262719489,1035.94297911691,0,0,0,97,0,0,0
100,21,6,2901.28119808002,1309.18371790426,0,0,0,90,0,0,0
100,21,7,20687.2121778166,9857.08109187377,86,0,0,175,0,0,1
100,21,8,0,6,0,0,0,0,0,0,0
100,22,1,2912.31487219713,1050.33609162993,0,0,0,119,0,0,0
100,22,2,2955.76607678465,992.328530786435,0,0,0,117,0,0,0
100,22,3,2926.55700883539,843.884086035323,0,0,0,136,0,0,0
100,22,4,2864.46132070401,558.605726257035,0,0,0,179,0,0,0
100,22,5,2836.22540351489,1361.04559898923,0,0,0,103,0,0,0
100,22,6,2918.86381056002,836.732718327961,0,0,0,130,0,0,0
100,22,7,20684.7201304566,9411.73077208954,90,0,0,191,0,0,0
100,22,8,0,6,0,0,0,0,0,0,0
100,23,1,2924.87195104871,975.990521360335,0,0,0,105,0,0,0
100,23,2,2964.12224426394,1808.56990441685,0,0,0,99,0,0,0
100,23,3,2922.86386118739,826.574401124327,0,0,0,84,0,0,0
100,23,4,2854.27962521601,873.673973111987,0,0,0,55,0,0,0
100,23,5,2843.86212927489,272.74913080226,0,0,0,136,0,0,0
100,23,6,2921.02444687362,1549.47824447084,0,0,0,83,0,0,0
100,23,7,20689.4585701365,12730.5798369782,0,43,0,176,0,0,0
100,23,8,0,6,0,0,0,0,0,0,0
100,24,1,2927.01782036071,1132.96532776479,0,0,0,97,0,0,0
100,24,2,2977.61183758337,1438.267511276,0,3,0,159,0,0,0
100,24,3,2914.89307406419,1139.51724970093,0,0,0,82,0,0,0
100,24,4,2844.33053655042,1391.98720065845,0,0,0,87,0,0,0
100,24,5,2823.0916070564,963.137297491609,0,0,0,27,0,0,0
100,24,6,2934.73476751362,1247.7777433366,0,0,0,154,0,0,0
100,24,7,20687.6667539445,10568.0634442745,0,159,0,224,0,0,0
100,24,8,0,6,0,0,0,0,0,0,0
100,25,1,2929.95313991271,1332.00202501968,0,0,0,113,0,0,0
100,25,2,2988.15158032385,1316.98378186758,0,0,0,143,0,0,0
100,25,3,2915.39753076819,1537.53473097744,0,0,0,113,0,0,0
100,25,4,2846.31520337922,800.018493853965,0,0,0,139,0,0,0
100,25,5,2825.2068603044,1249.47606314042,0,0,0,96,0,0,0
100,25,6,2944.04492431362,1384.29328374895,0,0,0,124,0,0,0
100,25,7,20725.7339155444,2958.62746363368,30,0,0,274,0,0,0
100,25,8,0,6,0,0,0,0,0,0,0
100,26,1,2941.23018161276,1033.06799325114,0,0,0,133,0,0,0
100,26,2,2992.52904005306,1633.78831687828,0,0,0,131,0,0,0
100,26,3,2913.70751052813,518.114134529665,0,0,0,153,0,0,0
100,26,4,2838.26846033922,1575.45096179667,0,0,0,80,0,0,0
100,26,5,2827.6712463524,737.204417287918,0,0,0,124,0,0,0
100,26,6,2961.36132444162,1507.28763905697,0,0,0,138,0,0,0
100,26,7,20736.1218067444,3867.94814842798,46,0,0,189,0,0,0
100,26,8,0,6,0,0,0,0,0,0,0
100,27,1,2920.87100337276,688.727290804219,0,74,0,29,0,0,0
100,27,2,2982.89147594835,633.836677602252,0,82,0,81,0,0,0
100,27,3,2888.37624867853,1300.17308941364,0,23,0,28,0,0,0
100,27,4,2832.34107310082,1010.35632854274,0,61,0,96,0,0,0
100,27,5,2808.8813455524,1278.26873911207,0,40,0,33,0,0,0
100,27,6,2959.23138959362,630.086703538997,0,68,0,82,0,0,0
100,27,7,20747.9506912243,11862.0425236895,0,176,0,208,0,0,0
100,27,8,0,6,0,0,0,0,0,0,0
100,28,1,2918.88717804668,1660.27938603862,0,0,0,68,0,0,0
100,28,2,2979.30484693075,1449.49658777808,0,0,0,63,0,0,0
100,28,3,2902.46486563853,2047.06814952629,0,0,0,130,0,0,0
100,28,4,2829.15779563522,1745.45985041601,0,0,0,101,0,0,0
100,28,5,2820.2613299364,1289.56023872859,0,0,0,127,0,0,0
100,28,6,2965.23709184002,995.906028309436,0,0,0,63,0,0,0
100,28,7,20780.2228704244,7525.85228760851,29,0,0,197,0,0,0
100,28,8,0,6,0,0,0,0,0,0,0
100,29,1,2942.99456871548,1252.05622632481,0,0,0,166,0,0,0
100,29,2,2993.92215775315,1410.7975090123,0,0,0,144,0,0,0
100,29,3,2925.29863910413,1086.32955931847,0,0,0,204,0,0,0
100,29,4,2846.87126937602,1977.09526080059,0,0,0,174,0,0,0
100,29,5,2828.7633265828,735.236409080536,0,0,0,128,0,0,0
100,29,6,2977.67505981442,1760.84376202722,0,0,0,99,0,0,0
100,29,7,20805.4159072244,11667.3616580933,54,0,0,168,0,0,0
100,29,8,0,6,0,0,0,0,0,0,0
100,30,1,2959.35375504508,964.555108667949,0,0,0,125,0,0,0
100,30,2,3007.41114222675,953.095736385203,0,0,0,141,0,0,0
100,30,3,2929.95368637453,1150.70474696108,0,0,0,108,0,0,0
100,30,4,2872.76549928552,1661.79076993982,0,0,0,197,0,0,0
100,30,5,2825.6783857828,819.462085137982,0,0,0,73,0,0,0
100,30,6,3010.4910154957,883.178962564721,0,0,0,176,0,0,0
100,30,7,20843.3274182644,13667.2561434414,36,0,0,217,0,0,0
100,30,8,0,6,0,0,0,0,0,0,0
100,31,1,2966.37022200956,1393.91989668641,0,0,0,96,0,0,0
100,31,2,3006.12342216787,939.123423774549,0,0,0,95,0,0,0
100,31,3,2930.38249485735,1199.83688017715,0,0,0,115,0,0,0
100,31,4,2889.21889484392,400.621829199331,0,0,0,166,0,0,0
100,31,5,2825.8074655908,552.119559817068,0,0,0,81,0,0,0
100,31,6,3016.2119365837,1973.16092265861,0,0,0,88,0,0,0
100,31,7,20893.2955385843,6743.83213355663,33,0,0,292,0,0,1
100,31,8,0,6,0,0,0,0,0,0,0
100,32,1,2977.91507858556,1603.66228062557,0,0,0,139,0,0,0
100,32,2,3005.09934231717,592.235692207571,0,0,0,93,0,0,0
100,32,3,2933.79863276966,1157.58561521535,0,0,0,119,0,0,0
100,32,4,2876.03312639592,826.639706804512,0,0,0,40,0,0,0
100,32,5,2818.5299467428,1625.50278720038,0,0,0,55,0,0,0
100,32,6,3040.5617575117,1483.12988052257,7,0,0,169,0,0,0
100,32,7,20916.2929785843,8360.08523065548,130,0,0,167,0,0,0
100,32,8,0,6,0,0,0,0,0,0,0
100,33,1,2993.20961764476,1411.48695076541,0,0,0,159,0,0,0
100,33,2,2995.85021069477,1493.01658779979,0,0,0,59,0,0,0
100,33,3,2929.69519983629,1340.96462905015,0,0,0,115,0,0,0
100,33,4,2870.39978831054,950.176304105749,0,0,0,82,0,0,0
100,33,5,2829.6804470948,1133.69234439385,0,0,0,162,0,0,0
100,33,6,3062.78550190081,428.078708846697,0,0,0,148,0,0,0
100,33,7,20947.1169145843,9802.66128730176,71,0,0,178,0,0,0
100,33,8,0,6,0,0,0,0,0,0,0
100,34,1,3012.16319736956,977.374828812364,0,0,0,141,0,0,0
100,34,2,3014.94522276395,710.51295956549,0,0,0,149,0,0,0
100,34,3,2935.07364078687,1034.11707378572,0,0,0,134,0,0,0
100,34,4,2865.83591668942,1075.09471166782,0,0,0,95,0,0,0
100,34,5,2839.6931231908,1713.3654597034,0,0,0,113,0,0,0
100,34,6,3062.36156231682,1006.10636393023,0,0,0,42,0,0,0
100,34,7,20981.7411782643,7792.55841953433,48,0,0,167,0,0,0
100,34,8,0,6,0,0,0,0,0,0,0
100,35,1,3024.41539795191,1956.80259585836,0,0,0,97,0,0,0
100,35,2,3001.57804236221,1370.63954488092,0,0,0,71,0,0,0
100,35,3,2941.81905350153,1196.07001974417,0,0,0,103,0,0,0
100,35,4,2876.09797100423,1628.50843564281,0,0,0,107,0,0,0
100,35,5,2864.32932200367,961.778778354306,8,0,0,152,0,0,0
100,35,6,3076.7984145572,1246.0526408975,0,0,0,100,0,0,0
100,35,7,21062.4620575731,7839.25219218022,220,0,0,293,0,0,0
100,35,8,0,6,0,0,0,0,0,0,0
100,36,1,3036.6457575237,1593.39007897435,68,0,0,100,0,0,0
100,36,2,3016.91255116362,953.771436193704,7,0,0,127,0,0,0
100,36,3,2949.75333710143,689.111525108082,6,0,0,111,0,0,0
100,36,4,2886.63270628952,1789.28321614922,27,0,0,124,0,0,0
100,36,5,2869.14784737609,440.937077056749,0,0,0,96,0,0,0
100,36,6,3102.80967115982,513.59947324384,0,0,0,124,0,0,0
100,36,7,21113.746815159,12261.0751934115,177,3,0,169,0,0,26
100,36,8,0,6,0,0,0,0,0,0,0
100,37,1,3051.97354753132,1769.26015056386,0,0,0,159,0,0,0
100,37,2,3008.0086102689,1942.29496372428,0,0,0,95,0,0,0
100,37,3,2936.66454884589,979.461272970686,0,0,0,68,0,0,0
100,37,4,2900.97816890358,1375.51848788183,0,0,0,178,0,0,0
100,37,5,2850.80956580168,1103.59023387435,0,0,0,44,0,0,0
100,37,6,3100.14918378702,1476.52185479601,0,0,0,51,0,0,0
100,37,7,21140.349963959,6331.63766151854,62,0,0,204,0,0,0
100,37,8,0,6,0,0,0,0,0,0,0
100,38,1,3056.32034297733,995.227179245132,69,0,0,94,0,0,0
100,38,2,3012.50887538537,1125.09848018097,60,0,0,122,0,0,0
100,38,3,2927.47570507751,1015.8996119577,4,0,0,93,0,0,0
100,38,4,2895.09675226184,1248.51455584034,20,0,0,113,0,0,0
100,38,5,2849.35866259375,1243.70677465047,11,0,0,97,0,0,0
100,38,6,3116.01993102542,1128.16171422151,18,0,0,126,0,0,0
100,38,7,21169.963232439,6670.07007667985,227,2,0,201,0,0,6
100,38,8,0,6,0,0,0,0,0,0,0
100,39,1,3064.12811225375,1420.06109249251,0,0,0,99,0,0,0
100,39,2,3014.86058567873,2013.99094559265,0,0,0,112,0,0,0
100,39,3,2919.50344422718,928.410481680517,0,0,0,101,0,0,0
100,39,4,2893.37911189442,1480.2763680803,0,0,0,124,0,0,0
100,39,5,2843.26751682069,1641.30406629239,0,0,0,124,0,0,0
100,39,6,3122.33261925992,1088.07232668696,0,0,0,112,0,0,0
100,39,7,21184.7801176869,11706.7908722996,0,135,0,194,0,0,0
100,39,8,0,6,0,0,0,0,0,0,0
100,40,1,3083.28578007163,1014.38977799141,0,0,0,142,0,0,0
100,40,2,3032.19037489666,1619.15246808009,0,0,0,199,0,0,0
100,40,3,2911.47728100588,942.152516242983,0,0,0,92,0,0,0
100,40,4,2898.18973386221,680.771803324251,0,0,0,148,0,0,0
100,40,5,2856.08014356317,1104.45748326086,0,0,0,164,0,0,0
100,40,6,3132.23258816186,913.699852114732,0,0,0,108,0,0,0
100,40,7,21227.5474973477,9509.56389684165,16,5,0,214,0,0,2
100,40,8,0,6,0,0,0,0,0,0,0
100,41,1,3098.99945793225,991.99707695738,0,0,0,101,0,0,0
100,41,2,3058.9200244354,561.324487403861,0,0,0,161,0,0,0
100,41,3,2913.75561289716,1270.89638533541,0,0,0,94,0,0,0
100,41,4,2898.5074854877,1025.82869494152,0,0,0,68,0,0,0
100,41,5,2871.17352572421,2009.17309348353,0,0,0,110,0,0,0
100,41,6,3144.03523492022,1897.08978042631,0,0,0,91,0,0,0
100,41,7,21300.1877090658,7728.43276530822,48,0,0,213,0,0,0
100,41,8,0,6,0,0,0,0,0,0,0
100,42,1,3097.90665371419,1418.5515583449,0,0,0,99,0,0,0
100,42,2,3035.46813479778,990.694308200257,0,0,0,56,0,0,0
100,42,3,2911.57291753378,1275.40023934875,0,0,0,127,0,0,0
100,42,4,2886.3442409478,1019.47389560226,0,0,0,102,0,0,0
100,42,5,2883.28468610664,2095.02306461348,0,1,0,185,0,0,0
100,42,6,3175.01325088376,1720.2956003887,0,0,0,188,0,0,0
100,42,7,21330.0519193954,5503.3502447993,0,50,0,221,0,0,0
100,42,8,0,6,0,0,0,0,0,0,0
100,43,1,3078.32159102009,786.072338706837,0,97,0,44,0,0,0
100,43,2,3010.28664952388,663.234014405243,0,41,0,58,0,0,0
100,43,3,2886.62043634389,787.133832471345,0,70,0,57,0,0,0
100,43,4,2865.58671922703,1090.1385570915,0,44,0,57,0,0,0
100,43,5,2872.14506605119,1626.82254021828,0,106,0,103,0,0,0
100,43,6,3176.69273022482,1250.93738601409,0,85,0,87,0,0,0
100,43,7,21352.2921100847,14698.3134312572,0,261,0,262,0,0,2
100,43,8,0,6,0,0,0,0,0,0,0
100,44,1,3077.73107614092,1164.27874132207,0,0,0,78,0,0,0
100,44,2,2998.2002375398,1396.68862817318,0,0,0,66,0,0,0
100,44,3,2873.30523984265,1051.33228210976,0,0,0,78,0,0,0
100,44,4,2871.97980888509,1023.6723110378,0,0,0,109,0,0,0
100,44,5,2891.88641024984,1058.48633899947,0,0,0,162,0,0,0
100,44,6,3201.06420328056,853.444358264058,0,0,0,125,0,0,0
100,44,7,21391.4444127791,6520.61981435386,20,4,0,230,0,0,0
100,44,8,0,6,0,0,0,0,0,0,0
100,45,1,3089.61263238732,770.205120420287,0,0,0,116,0,0,0
100,45,2,3006.4483579042,1506.46268679558,0,0,0,139,0,0,0
100,45,3,2874.61863018479,2080.34403959877,0,0,0,105,0,0,0
100,45,4,2873.11649305307,1373.24141496096,0,0,0,102,0,0,0
100,45,5,2901.76456674264,1353.03905008246,0,0,0,105,0,0,0
100,45,6,3218.43006229628,1391.54037216679,0,0,0,85,0,0,0
100,45,7,21435.7812452911,11710.8320769012,161,1,0,206,0,0,10
100,45,8,0,6,0,0,0,0,0,0,0
100,46,1,3089.67452843572,1693.95866753156,0,0,0,77,0,0,0
100,46,2,3012.85852276636,758.643220646605,0,0,0,150,0,0,0
100,46,3,2890.76746974815,1188.61468599151,0,0,0,198,0,0,0
100,46,4,2884.97368230688,734.570022266972,0,0,0,137,0,0,0
100,46,5,2923.0042433484,1146.73964100548,0,0,0,135,0,0,0
100,46,6,3243.24947136431,653.2054308044,0,0,0,139,0,0,0
100,46,7,21490.5335115311,10110.8369026117,47,0,0,264,0,0,0
100,46,8,0,6,0,0,0,0,0,0,0
100,47,1,3117.28109333633,770.029797013046,0,0,0,169,0,0,0
100,47,2,3002.85946493923,476.508248526055,0,0,0,75,0,0,0
100,47,3,2898.91465025422,1095.72225274988,0,0,0,118,0,0,0
100,47,4,2889.12501680928,1335.47265503932,0,0,0,73,0,0,0
100,47,5,2937.75022240387,1087.42054924797,0,0,0,114,0,0,0
100,47,6,3253.89603741799,2272.8609658994,0,0,0,65,0,0,0
100,47,7,21539.2045482133,17365.1073305683,49,0,0,196,0,0,5
100,47,8,0,6,0,0,0,0,0,0,0
100,48,1,3105.22457855907,1165.60048923177,0,0,0,77,0,0,0
100,48,2,2987.82887748579,705.587558584609,0,0,0,47,0,0,0
100,48,3,2891.9792442006,592.100710176865,0,0,0,109,0,0,0
100,48,4,2894.87704840992,1143.5305321765,0,0,0,133,0,0,0
100,48,5,2945.10938582828,1574.05117298333,0,0,0,108,0,0,0
100,48,6,3299.08952467067,1505.79239558231,0,0,0,202,0,0,0
100,48,7,21565.6145015957,13306.2936256037,43,0,0,193,0,0,0
100,48,8,0,6,0,0,0,0,0,0,0
100,49,1,3109.96743243545,543.638568157212,0,0,0,116,0,0,0
100,49,2,2976.58529517838,959.740941863922,0,0,0,70,0,0,0
100,49,3,2885.47174908003,1750.13117858568,0,0,0,59,0,0,0
100,49,4,2903.07782379688,647.170604064347,0,0,0,114,0,0,0
100,49,5,2960.68313245926,758.38026857223,0,0,0,157,0,0,0
100,49,6,3327.48338420962,1144.94630300539,0,0,0,150,0,0,0
100,49,7,21605.5580868757,11330.460040154,125,0,0,206,0,0,0
100,49,8,0,6,0,0,0,0,0,0,0
100,50,1,3095.48792697657,1614.02036466382,0,0,0,54,0,0,0
100,50,2,2965.63891983806,962.657826748801,0,0,0,95,0,0,0
100,50,3,2884.94479692183,1020.92730323649,11,0,0,148,0,0,0
100,50,4,2894.80195625537,1127.17433263492,0,0,0,64,0,0,0
100,50,5,2953.28948186563,935.838115185809,0,0,0,75,0,0,0
100,50,6,3339.90760713441,975.838784118079,0,0,0,114,0,0,0
100,50,7,21666.7729082517,10746.34356289,303,0,0,353,0,0,18
100,50,8,0,6,0,0,0,0,0,0,0
100,51,1,3095.63948237624,1211.59582896014,18,0,0,121,0,0,0
100,51,2,2955.66549531852,559.383281872133,0,0,0,96,0,0,0
100,51,3,2875.12744070019,711.077269449645,0,0,0,102,0,0,0
100,51,4,2891.46309768237,604.796066085962,0,0,0,112,0,0,0
100,51,5,2953.27755623673,1828.40290361719,0,0,0,93,0,0,0
100,51,6,3348.23901630894,1512.62534183984,0,0,0,97,0,0,0
100,51,7,21712.2769278101,12357.6285863125,237,2,0,251,0,0,1
100,51,8,0,6,0,0,0,0,0,0,0
100,52,1,3100.29496426402,450.34895899568,0,0,0,121,0,0,0
100,52,2,2931.05461617458,1035.10687033251,0,0,0,55,0,0,0
100,52,3,2859.2261022313,1406.23381318548,0,0,0,71,0,0,0
100,52,4,2874.73609465614,810.661787529465,0,0,0,60,0,0,0
100,52,5,2968.74507777155,1277.04779380491,4,0,0,159,0,0,0
100,52,6,3371.40319561575,2520.47396086872,0,0,0,151,0,0,0
100,52,7,21770.9448889493,10588.0365209475,163,0,0,286,0,0,0
100,52,8,0,6,0,0,0,0,0,0,0
100,53,1,3084.67744532486,1381.10663718064,0,0,0,45,0,0,0
100,53,2,2919.68752803741,1503.3524339691,0,0,0,103,0,0,0
100,53,3,2857.05708007262,1146.80101985648,0,0,0,140,0,0,0
100,53,4,2866.41925052858,1350.08121707826,0,0,0,81,0,0,0
100,53,5,2972.72039564195,1061.8267156307,0,0,0,127,0,0,0
100,53,6,3412.4174995521,1895.86721177943,0,2,0,195,0,0,0
100,53,7,21816.0143166244,10185.5899390741,0,44,0,198,0,0,0
100,53,8,0,6,0,0,0,0,0,0,0
100,54,1,3094.94557640647,427.784733125422,0,15,0,112,0,0,0
100,54,2,2933.61905136008,1104.91631959004,0,8,0,136,0,0,0
100,54,3,2851.21578052323,470.381556894367,0,0,0,114,0,0,0
100,54,4,2865.82492438647,823.627368599875,0,0,0,135,0,0,0
100,54,5,2985.91612790876,1834.64071542075,0,0,0,106,0,0,0
100,54,6,3453.62693661716,2377.83730160555,0,20,0,155,0,0,0
100,54,7,21912.3203010677,12905.662480334,1,265,0,273,0,0,6
100,54,8,0,6,0,0,0,0,0,0,0
100,55,1,3074.36602260301,1597.78935548449,0,0,0,42,0,0,0
100,55,2,2921.37645217864,1217.00150473194,0,0,0,110,0,0,0
100,55,3,2821.25036388204,1100.89128346124,0,0,0,47,0,0,0
100,55,4,2847.82417226175,1661.31530079964,0,0,0,82,0,0,0
100,55,5,3000.49827430832,1776.628879006,0,0,0,183,0,0,0
100,55,6,3519.95352796835,876.767904902928,0,0,0,237,0,0,0
100,55,7,21970.3665875061,6012.77540258778,0,99,0,235,0,0,0
100,55,8,0,6,0,0,0,0,0,0,0
100,56,1,3086.61075657844,1798.79228069276,0,0,0,159,0,0,0
100,56,2,2917.15319746601,717.358752375201,0,0,0,121,0,0,0
100,56,3,2809.14483430548,1793.81999009695,0,0,0,110,0,0,0
100,56,4,2857.55070680717,1599.95483883768,0,1,0,162,0,0,0
100,56,5,3012.1362776108,1781.73653235385,0,0,0,177,0,0,0
100,56,6,3531.16931820036,1098.70869825154,0,0,0,87,0,0,0
100,56,7,21999.993275076,9568.97163858372,0,120,0,151,0,0,0
100,56,8,0,6,0,0,0,0,0,0,0
100,57,1,3060.81668534527,1291.07999302392,0,153,0,26,0,0,0
100,57,2,2893.81112036469,588.568546072068,0,23,0,48,0,0,0
100,57,3,2791.34295496016,1253.10388889086,0,77,0,102,0,0,0
100,57,4,2836.00752820574,607.278617268267,0,96,0,63,0,0,0
100,57,5,3007.07817815144,1236.13692512306,0,96,0,82,0,0,0
100,57,6,3524.86855649641,1850.36945292276,0,61,0,48,0,0,0
100,57,7,22034.392776515,7583.9186709583,10,167,0,164,0,0,0
100,57,8,0,6,0,0,0,0,0,0,0
100,58,1,3087.39379964326,738.300500205579,0,0,0,129,0,0,0
100,58,2,2895.77775499567,1208.96590804384,0,0,0,58,0,0,0
100,58,3,2808.36672111947,1306.73174194909,0,0,0,125,0,0,0
100,58,4,2837.30972347245,1275.92281611387,0,0,0,60,0,0,0
100,58,5,3034.75171627407,1925.2312438219,0,0,0,123,0,0,0
100,58,6,3586.75299732779,1825.36534440666,0,0,0,185,0,0,0
100,58,7,22107.4395702749,11764.9829663749,28,0,0,196,0,0,0
100,58,8,0,6,0,0,0,0,0,0,0
100,59,1,3086.43908318511,1166.16432067852,0,0,0,73,0,0,0
100,59,2,2913.76544264182,1448.99870647913,0,0,0,120,0,0,0
100,59,3,2820.53324167686,821.288771622748,0,0,0,130,0,0,0
100,59,4,2862.70854407815,1068.28776910229,0,0,0,127,0,0,0
100,59,5,3070.43050211108,1886.31502419903,0,0,0,192,0,0,0
100,59,6,3632.10375539326,1337.52158046946,0,0,0,182,0,0,0
100,59,7,22160.8852517159,8984.26257555418,26,0,0,214,0,0,0
100,59,8,0,6,0,0,0,0,0,0,0
100,60,1,3119.83971386137,1917.00701176582,0,0,0,116,0,0,0
100,60,2,2941.80452068659,943.198300496693,0,0,0,144,0,0,0
100,60,3,2833.83766675707,855.374371044742,0,0,0,82,0,0,0
100,60,4,2886.56255148789,2120.53760704179,0,0,0,106,0,0,0
100,60,5,3119.7386758361,720.935332572556,0,0,0,187,0,0,0
100,60,6,3684.24882100631,781.874477378122,0,0,0,133,0,0,0
100,60,7,22253.8254134473,8815.08710213017,58,0,0,231,0,0,0
100,60,8,0,6,0,0,0,0,0,0,0
100,61,1,3188.33215474233,1648.9697930443,0,0,0,190,0,0,0
100,61,2,2951.88618555849,858.543188704074,0,0,0,94,0,0,0
100,61,3,2844.0324761886,1000.06539050869,0,0,0,85,0,0,0
100,61,4,2919.35409117409,1283.81645192425,3,0,0,168,0,0,0
100,61,5,3130.73150737817,1028.01979249156,0,0,0,72,0,0,0
100,61,6,3709.8077339514,1055.61508537279,0,0,0,78,0,0,0
100,61,7,22323.4097174925,15224.9192680619,60,0,0,184,0,0,0
100,61,8,0,6,0,0,0,0,0,0,0
100,62,1,3211.78696857725,1329.1273552114,0,0,0,164,0,0,0
100,62,2,2949.82306176709,735.711238971714,0,0,0,85,0,0,0
100,62,3,2847.95299779106,797.105070125117,0,0,0,100,0,0,0
100,62,4,2935.68870692517,1448.65348229208,0,0,0,128,0,0,0
100,62,5,3144.47086519509,899.750949066766,0,0,0,102,0,0,0
100,62,6,3727.99020346392,1467.76112640972,0,0,0,105,0,0,0
100,62,7,22369.2778210946,6834.27490676387,39,0,0,217,0,0,0
100,62,8,0,6,0,0,0,0,0,0,0
100,63,1,3252.13382173306,1713.54952362173,0,0,0,132,0,0,0
100,63,2,2960.24837523772,899.970278767068,0,0,0,73,0,0,0
100,63,3,2866.39135772833,1233.29540799065,0,0,0,79,0,0,0
100,63,4,2972.35236012559,1068.69349495494,0,0,0,144,0,0,0
100,63,5,3165.47106022836,1402.30055213826,0,0,0,89,0,0,0
100,63,6,3790.48889645326,2859.80851362734,0,0,0,146,0,0,0
100,63,7,22467.871693248,9199.99732219534,185,0,0,220,0,0,0
100,63,8,0,6,0,0,0,0,0,0,0
100,64,1,3319.65284560268,1389.32159749867,0,0,0,171,0,0,0
100,64,2,2982.5109660697,2158.37269641137,0,0,0,89,0,0,0
100,64,3,2909.08643122908,1331.15915472232,0,0,0,123,0,0,0
100,64,4,3004.94525297856,1150.39379367988,0,0,0,106,0,0,0
100,64,5,3213.64589752262,1668.64942140523,0,0,0,140,0,0,0
100,64,6,3881.38321610178,822.33013599813,12,0,0,173,0,0,0
100,64,7,22581.2911755645,6433.47721504289,77,0,0,193,0,0,0
100,64,8,0,6,0,0,0,0,0,0,0
100,65,1,3345.72440186368,1345.53767629164,0,0,0,138,0,0,0
100,65,2,3013.81355330129,783.391286298511,7,0,0,194,0,0,0
100,65,3,2914.99926981024,1099.08704191327,0,0,0,133,0,0,0
100,65,4,3011.27507377561,925.771390384999,0,0,0,115,0,0,0
100,65,5,3239.7286209529,1363.89158873124,0,0,0,166,0,0,0
100,65,6,3897.96805640683,1230.33626092186,0,0,0,82,0,0,0
100,65,7,22611.3890522288,8165.1397294159,151,0,0,177,0,0,12
100,65,8,0,6,0,0,0,0,0,0,0
100,66,1,3351.65419400638,1894.40770959817,0,0,0,134,0,0,0
100,66,2,3006.61188896245,1700.49916283135,0,0,0,78,0,0,0
100,66,3,2914.31505046269,1362.77063177074,0,0,0,109,0,0,0
100,66,4,3006.77399291406,1317.71351023813,0,0,0,92,0,0,0
100,66,5,3258.2634026993,1933.24947816044,0,0,0,136,0,0,0
100,66,6,3932.13954512435,2052.11001462284,0,0,0,123,0,0,0
100,66,7,22663.1058886814,9799.15041197215,62,0,0,207,0,0,0
100,66,8,0,6,0,0,0,0,0,0,0
100,67,1,3422.19099579496,1244.12613323145,1,0,0,165,0,0,0
100,67,2,3053.47550461428,1348.79543247364,0,0,0,170,0,0,0
100,67,3,2938.37048193004,1374.6407447513,0,0,0,136,0,0,0
100,67,4,3016.4307938816,1025.64438199223,0,0,0,131,0,0,0
100,67,5,3313.747082898,685.67391131773,1,0,0,178,0,0,0
100,67,6,4007.96798072322,2211.71500003191,0,0,0,165,0,0,5
100,67,7,22757.7950415348,3571.19774879935,57,0,0,199,0,0,0
100,67,8,0,6,0,0,0,0,0,0,0
100,68,1,3401.66305011135,584.266628077859,0,46,0,78,0,0,0
100,68,2,3028.01397302867,844.426622673264,0,71,0,63,0,0,0
100,68,3,2916.28219798576,881.30872950166,0,81,0,56,0,0,0
100,68,4,2995.25656652287,683.861498862925,0,63,0,39,0,0,0
100,68,5,3289.86486838485,1444.29486602055,0,35,0,33,0,0,0
100,68,6,4017.67562724246,1901.59356140868,0,117,0,104,0,0,0
100,68,7,22782.8008961268,10966.0480610932,0,179,0,178,0,0,0
100,68,8,0,6,0,0,0,0,0,0,0
100,69,1,3398.12395767303,945.969013716296,0,0,0,58,0,0,0
100,69,2,3025.8179312681,1167.1108817796,0,0,0,84,0,0,0
100,69,3,2924.48010418778,991.452429960483,0,0,0,88,0,0,0
100,69,4,2994.99297379426,1310.22704957388,0,0,0,68,0,0,0
100,69,5,3315.59550645303,2128.98141588405,0,0,0,144,0,0,0
100,69,6,4094.84607960049,1653.57761878929,0,0,0,189,0,0,0
100,69,7,22853.9513331636,8414.1182326196,25,0,0,251,0,0,0
100,69,8,0,6,0,0,0,0,0,0,0
100,70,1,3447.81349979116,1232.40404924355,0,0,0,94,0,0,0
100,70,2,3060.39303044064,915.913173835068,0,0,0,116,0,0,0
100,70,3,2944.5395887642,722.178864443869,0,0,0,99,0,0,0
100,70,4,3023.58976120467,876.01158795051,0,0,0,131,0,0,0
100,70,5,3387.22309066998,418.161202747565,1,0,0,187,0,0,0
100,70,6,4178.90694579192,1550.59421277928,0,0,0,165,0,0,0
100,70,7,22985.8095646698,8207.63971715434,31,0,0,230,0,0,0
100,70,8,0,6,0,0,0,0,0,0,0
100,71,1,3485.55332992401,736.568015993313,0,0,0,123,0,0,0
100,71,2,3064.51257266826,1235.96907857008,0,0,0,91,0,0,0
100,71,3,2947.02747337849,1538.05494417323,0,0,0,72,0,0,0
100,71,4,3028.38603991496,1777.4161087025,0,0,0,87,0,0,0
100,71,5,3379.19491614144,1632.58716887565,0,0,0,41,0,0,0
100,71,6,4264.01605632121,2802.29308469049,0,0,0,155,0,0,0
100,71,7,23088.1903715101,13232.5472598505,50,0,0,204,0,0,0
100,71,8,0,6,0,0,0,0,0,0,0
100,72,1,3487.32584997303,472.353993303053,0,0,0,73,0,0,0
100,72,2,3070.53366626116,796.596880197389,0,0,0,123,0,0,0
100,72,3,2964.40785362851,690.082620159582,0,0,0,153,0,0,0
100,72,4,3062.82956443886,829.298320668778,0,0,0,177,0,0,0
100,72,5,3407.97985123095,1526.02180261033,0,0,0,163,0,0,0
100,72,6,4368.02869687608,1385.73820656415,1,0,0,250,0,0,0
100,72,7,23155.6641784256,13100.2233091711,37,0,0,230,0,0,0
100,72,8,0,6,0,0,0,0,0,0,0
100,73,1,3471.51426031607,1977.0307895796,0,0,0,47,0,0,0
100,73,2,3071.47993914296,981.195932246707,0,0,0,79,0,0,0
100,73,3,2963.61052042403,1379.69842918344,0,0,0,69,0,0,0
100,73,4,3079.59685742929,652.432072763599,0,0,0,82,0,0,0
100,73,5,3440.85589756553,979.179478070795,0,0,0,152,0,0,0
100,73,6,4414.31429704679,907.551365259255,0,0,0,138,0,0,0
100,73,7,23224.1373569218,10471.1553692499,38,0,0,201,0,0,0
100,73,8,0,6,0,0,0,0,0,0,0
100,74,1,3486.60286399132,1350.21588124073,14,0,0,144,0,0,2
100,74,2,3078.12888766252,1612.19530242708,0,0,0,98,0,0,0
100,74,3,2972.57140181674,953.608117658235,0,0,0,137,0,0,0
100,74,4,3088.30859190889,731.91262105333,0,0,0,65,0,0,0
100,74,5,3455.33767644015,2111.23563913033,0,0,0,97,0,0,0
100,74,6,4425.25089791721,2400.63477419581,0,0,0,90,0,0,0
100,74,7,23278.6151674391,6563.66532531126,249,0,0,257,0,0,0
100,74,8,0,6,0,0,0,0,0,0,0
100,75,1,3518.54238994663,515.460651982566,0,0,0,135,0,0,0
100,75,2,3114.44560135371,1207.69301134616,0,0,0,161,0,0,0
100,75,3,2978.12102351514,1339.01613746632,0,0,0,95,0,0,0
100,75,4,3102.10698091905,1974.68104514804,0,0,0,73,0,0,0
100,75,5,3492.6526795809,1051.7849189052,17,0,0,156,0,0,0
100,75,6,4492.64795114313,795.767195224945,22,0,0,171,0,0,0
100,75,7,23406.9085168371,12039.6561652077,141,0,0,214,0,0,0
100,75,8,0,6,0,0,0,0,0,0,0
100,76,1,3491.19717832526,1625.19681375142,0,0,0,51,0,0,0
100,76,2,3110.55469720752,1784.61209780121,0,0,0,120,0,0,0
100,76,3,2969.20178708271,1189.05682977685,0,0,0,133,0,0,0
100,76,4,3118.87061598002,1041.12208253978,0,0,0,197,0,0,0
100,76,5,3491.18449554933,1471.66871081502,0,0,0,105,0,0,0
100,76,6,4492.85019044415,1985.5803530783,0,0,0,79,0,0,0
100,76,7,23445.1954266201,12090.0487631302,44,0,0,202,0,0,0
100,76,8,0,6,0,0,0,0,0,0,0
100,77,1,3522.03348123739,1051.0246750119,0,0,0,162,0,0,0
100,77,2,3138.32228265437,1368.70288826583,0,0,0,178,0,0,0
100,77,3,2981.70973559999,1252.81578412988,0,0,0,118,0,0,0
100,77,4,3138.42809296486,1504.49840447902,0,0,0,104,0,0,0
100,77,5,3530.24065574164,1053.83902219348,0,0,0,147,0,0,0
100,77,6,4558.61998240998,1289.88340913928,0,0,0,198,0,0,0
100,77,7,23505.9252182839,12621.3622628414,44,0,0,212,0,0,0
100,77,8,0,6,0,0,0,0,0,0,0
100,78,1,3521.85935581032,1726.81950946769,0,0,0,105,0,0,0
100,78,2,3148.90521091215,1403.66625580042,0,0,0,136,0,0,0
100,78,3,2980.40804575733,1318.55644124275,0,0,0,125,0,0,0
100,78,4,3158.75099955696,1498.73318332054,0,0,0,150,0,0,0
100,78,5,3542.82041471092,879.548289504605,0,0,0,105,0,0,0
100,78,6,4585.01854252067,976.647998742107,0,0,0,128,0,0,0
100,78,7,23588.0062353327,11181.9626102949,0,42,0,264,0,0,0
100,78,8,0,6,0,0,0,0,0,0,0
100,79,1,3517.44379566258,1115.24175403303,0,112,0,60,0,0,0
100,79,2,3129.82392560852,1677.89846090026,0,82,0,58,0,0,0
100,79,3,2974.37222858564,998.161528886919,0,53,0,78,0,0,0
100,79,4,3154.35885899011,2202.38782187508,0,73,0,76,0,0,0
100,79,5,3530.24985855415,1461.18611173483,0,48,0,39,0,0,0
100,79,6,4603.18145246514,2280.27357838139,0,41,0,56,0,0,0
100,79,7,23670.9807297932,12512.9067554307,7,236,0,213,0,0,0
100,79,8,0,6,0,0,0,0,0,0,0
100,80,1,3536.84362057427,1872.68140388128,0,0,0,111,0,0,0
100,80,2,3155.49589044039,1565.21199116564,0,0,0,167,0,0,0
100,80,3,2971.7946720871,1160.14009589557,0,0,0,99,0,0,0
100,80,4,3186.91189721843,1724.12985041867,0,0,0,206,0,0,0
100,80,5,3546.18040514807,1345.8639828485,0,0,0,146,0,0,0
100,80,6,4667.42080849733,1680.37080017645,0,0,0,217,0,0,0
100,80,7,23722.1235356483,12270.7052495323,27,0,0,193,0,0,0
100,80,8,0,6,0,0,0,0,0,0,0
100,81,1,3580.92870557209,2093.38375092577,0,0,0,187,0,0,0
100,81,2,3174.84347553201,858.229756037292,0,0,0,156,0,0,0
100,81,3,3002.68182584239,790.350629712031,0,0,0,116,0,0,0
100,81,4,3202.12096315058,1249.2538166505,0,0,0,172,0,0,0
100,81,5,3568.70430866857,1436.89536274582,0,0,0,134,0,0,0
100,81,6,4749.27256001341,1728.93883300698,0,0,0,168,0,0,0
100,81,7,23843.565341594,17522.0644512066,20,0,0,391,0,0,0
100,81,8,0,6,0,0,0,0,0,0,0
100,82,1,3606.94894826114,1860.25826579058,0,0,0,192,0,0,0
100,82,2,3171.4552796765,2107.59298096059,0,0,0,85,0,0,0
100,82,3,2999.22048566509,971.385151496209,0,0,0,79,0,0,0
100,82,4,3205.94128758027,1274.06145311057,0,0,0,124,0,0,0
100,82,5,3584.3885776305,1374.38653323828,0,0,0,143,0,0,0
100,82,6,4800.70296266796,2563.25906653231,0,0,0,172,0,0,0
100,82,7,23882.1689925471,6682.6375963621,23,1,0,233,0,0,0
100,82,8,0,6,0,0,0,0,0,0,0
100,83,1,3630.38712333079,1248.26730620821,9,0,0,166,0,0,0
100,83,2,3188.7671461034,1336.87737887732,32,0,0,140,0,0,0
100,83,3,2999.61602787377,2170.57280451755,0,0,0,97,0,0,0
100,83,4,3211.90989325319,2126.71879403069,0,0,0,127,0,0,0
100,83,5,3591.14363586515,1048.06592977515,0,0,0,137,0,0,0
100,83,6,4861.08998005927,1668.02205635324,36,0,0,177,0,0,0
100,83,7,23931.789132203,11455.4383563673,194,0,0,241,0,0,0
100,83,8,0,6,0,0,0,0,0,0,0
100,84,1,3653.42685832283,2001.68078614993,0,0,0,124,0,0,0
100,84,2,3196.53905129173,873.196339685975,0,0,0,133,0,0,0
100,84,3,3029.56772400902,1267.4216327586,0,0,0,209,0,0,0
100,84,4,3242.68388280672,1755.22005635699,0,0,0,194,0,0,0
100,84,5,3592.84056715543,1964.79280135075,0,0,0,104,0,0,0
100,84,6,4902.54563846199,1504.08825804732,0,0,0,166,0,0,0
100,84,7,23973.5263943207,12934.4567773569,53,0,0,192,0,0,0
100,84,8,0,6,0,0,0,0,0,0,0
100,85,1,3695.07168628569,2113.97776869195,0,0,0,182,0,0,0
100,85,2,3195.65914640932,2400.43366703699,0,0,0,87,0,0,0
100,85,3,3032.55361270827,883.77347804978,0,0,0,126,0,0,0
100,85,4,3256.16618793909,614.522245086133,0,0,0,175,0,0,0
100,85,5,3627.08087492886,1932.11295462352,0,0,0,176,0,0,0
100,85,6,4935.74936382456,989.438040045749,0,0,0,150,0,0,0
100,85,7,24015.5137672352,8728.37895798077,41,0,0,220,0,0,0
100,85,8,0,6,0,0,0,0,0,0,0
100,86,1,3790.89008381599,1098.88526487287,4,0,0,177,0,0,0
100,86,2,3263.02286798138,1056.7372323839,7,0,0,188,0,0,0
100,86,3,3052.93961321757,680.769857689246,0,0,0,88,0,0,0
100,86,4,3257.24912045727,789.582706273233,0,0,0,61,0,0,0
100,86,5,3700.98941167431,2577.89731230859,1,0,0,185,0,0,0
100,86,6,4984.02356894418,2182.95671846911,0,0,0,98,0,0,0
100,86,7,24143.6052800104,10955.6998485851,94,0,0,172,0,0,0
100,86,8,0,6,0,0,0,0,0,0,0
100,87,1,3855.43967204358,1505.38524003223,0,0,0,109,0,0,0
100,87,2,3273.25447343671,1287.70342136798,0,0,0,105,0,0,0
100,87,3,3083.00535201781,1355.13463729565,0,0,0,68,0,0,0
100,87,4,3267.68533740109,560.939174309808,0,0,0,78,0,0,0
100,87,5,3784.15298674211,2093.33535600592,0,2,0,197,0,0,0
100,87,6,5112.29109536191,2089.7801814576,0,1,0,188,0,0,0
100,87,7,24302.7075420099,8285.81667286257,0,41,0,242,0,0,0
100,87,8,0,6,0,0,0,0,0,0,0
100,88,1,3847.32051912903,1659.39453426346,0,87,0,63,0,0,0
100,88,2,3251.20176064038,1965.16068882766,0,62,0,66,0,0,0
100,88,3,3073.71090961942,1327.96403061923,0,68,0,67,0,0,0
100,88,4,3241.48444366414,980.774404854143,0,24,0,32,0,0,0
100,88,5,3780.7911318225,1142.1371366384,0,100,0,109,0,0,0
100,88,6,5124.28076526266,2134.05186441723,0,92,0,116,0,0,0
100,88,7,24315.3600824666,11940.1395858364,7,178,0,178,0,0,0
100,88,8,0,6,0,0,0,0,0,0,0
100,89,1,3876.67509465065,2180.60243563709,0,0,0,165,0,0,0
100,89,2,3295.06524041177,1535.88653531315,0,0,0,194,0,0,0
100,89,3,3074.80604211914,2106.19758321509,0,0,0,132,0,0,0
100,89,4,3249.1569036763,1456.1367543397,0,0,0,98,0,0,0
100,89,5,3786.58700501808,912.735421892548,0,0,0,114,0,0,0
100,89,6,5204.48042256709,1258.54696499674,0,0,0,181,0,0,0
100,89,7,24390.4112444265,8611.03040540079,20,4,0,261,0,0,0
100,89,8,0,6,0,0,0,0,0,0,0
100,90,1,3936.61761461031,1204.35670234851,0,0,0,213,0,0,0
100,90,2,3326.52973951926,1534.77223961804,0,0,0,153,0,0,0
100,90,3,3105.69631833367,1485.65891710795,0,0,0,210,0,0,0
100,90,4,3267.46350548721,1279.10559343002,0,0,0,145,0,0,0
100,90,5,3809.51850292363,708.109648674061,0,0,0,91,0,0,0
100,90,6,5274.22811022718,2109.68340614762,0,0,0,125,0,0,0
100,90,7,24455.2305746209,6228.022949348,40,0,0,193,0,0,0
100,90,8,0,6,0,0,0,0,0,0,0
100,91,1,3972.58385440971,498.607399529914,0,0,0,120,0,0,0
100,91,2,3347.33044961026,1453.21286718353,0,0,0,153,0,0,0
100,91,3,3127.02950684386,910.196165687778,0,0,0,148,0,0,0
100,91,4,3288.77431951053,1270.41038702424,0,0,0,127,0,0,0
100,91,5,3818.73747385099,1869.46697441958,0,0,0,70,0,0,0
100,91,6,5332.49755388913,2146.72054521147,10,0,0,160,0,0,0
100,91,7,24519.4542915182,10899.5842533988,81,0,0,213,0,0,0
100,91,8,0,6,0,0,0,0,0,0,0
100,92,1,3947.59584885029,1130.2923143561,0,0,0,49,0,0,0
100,92,2,3374.23285459397,2414.20644782152,0,0,0,145,0,0,0
100,92,3,3129.35531961249,524.057520612244,0,0,0,91,0,0,0
100,92,4,3311.853188337,1289.11479801006,0,0,0,127,0,0,0
100,92,5,3853.89870459504,1431.56808613149,0,0,0,186,0,0,0
100,92,6,5438.30538432624,2251.11551413513,0,0,0,213,0,0,0
100,92,7,24573.8598303017,9551.04236641042,41,0,0,201,0,0,0
100,92,8,0,6,0,0,0,0,0,0,0
100,93,1,3957.10621138591,1922.89683569989,0,0,0,113,0,0,0
100,93,2,3397.46050566057,1532.10649225983,6,0,0,178,0,0,0
100,93,3,3113.48517154821,1031.18448733277,0,0,0,52,0,0,0
100,93,4,3329.33756186796,1297.43750146841,0,0,0,128,0,0,0
100,93,5,3889.99230499028,1417.76034870493,0,0,0,143,0,0,0
100,93,6,5578.36817840875,2078.69919253943,0,0,0,225,0,0,0
100,93,7,24642.4700827057,4431.60131407627,76,0,0,195,0,0,3
100,93,8,0,6,0,0,0,0,0,0,0
100,94,1,3974.96607387216,1667.73762997823,21,0,0,152,0,0,0
100,94,2,3409.42429750507,1176.53003593867,2,0,0,149,0,0,0
100,94,3,3107.71165125972,1457.00616323606,0,0,0,103,0,0,0
100,94,4,3336.73576124846,942.407533582387,0,0,0,129,0,0,0
100,94,5,3907.7115072955,1043.57885868598,4,0,0,134,0,0,0
100,94,6,5599.03589055246,1978.44082108457,44,0,0,124,0,0,0
100,94,7,24671.2065681286,7851.82022579594,145,0,0,166,0,0,0
100,94,8,0,6,0,0,0,0,0,0,0
100,95,1,4028.94883889965,925.230499354464,0,0,0,166,0,0,0
100,95,2,3420.95097602786,1847.21209127701,0,0,0,117,0,0,0
100,95,3,3124.69554675353,1337.84162414183,0,0,0,145,0,0,0
100,95,4,3343.74997356318,1008.9614026468,0,0,0,94,0,0,0
100,95,5,3933.02082986755,1899.05006432736,0,0,0,104,0,0,0
100,95,6,5714.95137936483,2396.59151035912,0,0,0,193,0,0,0
100,95,7,24735.4595003594,15396.1504885635,42,0,0,188,0,0,0
100,95,8,0,6,0,0,0,0,0,0,0
100,96,1,4037.45737100073,2256.75532220891,0,0,0,92,0,0,0
100,96,2,3443.75658251594,1681.97618737856,0,0,0,181,0,0,0
100,96,3,3132.23468934713,711.674115837175,0,0,0,133,0,0,0
100,96,4,3337.36037348258,2202.71344309547,0,0,0,100,0,0,0
100,96,5,3967.93612828241,1897.05277032813,0,0,0,189,0,0,0
100,96,6,5797.88415048295,2648.98649670759,0,0,0,190,0,0,0
100,96,7,24793.2228370583,10259.0132792913,32,0,0,189,0,0,0
100,96,8,0,6,0,0,0,0,0,0,0
100,97,1,4094.8160360781,1183.62242225739,5,0,0,174,0,0,2
100,97,2,3458.5407249962,768.738525034985,0,0,0,165,0,0,0
100,97,3,3117.5686149924,1653.3299840012,0,0,0,71,0,0,0
100,97,4,3369.16143273633,1890.87597117585,4,0,0,187,0,0,0
100,97,5,4016.96093420184,1411.39356462821,0,0,0,189,0,0,0
100,97,6,5915.231152412,2633.04150453215,0,0,0,247,0,0,2
100,97,7,24854.30989903,12650.0294865907,112,0,0,189,0,0,2
100,97,8,0,6,0,0,0,0,0,0,0
100,98,1,4120.2074958609,1509.31472478948,0,0,0,118,0,0,0
100,98,2,3457.91840071824,694.356745556841,0,0,0,76,0,0,0
100,98,3,3129.78346145918,919.319384154581,0,0,0,165,0,0,0
100,98,4,3394.77450665449,1825.47288707511,0,0,0,189,0,0,0
100,98,5,4031.91493651868,817.026520625151,0,0,0,141,0,0,0
100,98,6,6034.59325450503,1736.92864300005,0,0,0,230,0,0,0
100,98,7,24917.2862042662,14671.2460851729,0,32,0,197,0,0,1
100,98,8,0,6,0,0,0,0,0,0,0
100,99,1,4147.28724031672,424.037701035613,0,1,0,144,0,0,0
100,99,2,3445.46887940943,984.354976449828,0,0,0,69,0,0,0
100,99,3,3161.17454210595,799.523265157613,0,0,0,91,0,0,0
100,99,4,3404.8770476335,1051.07029469711,0,0,0,182,0,0,0
100,99,5,4024.65296054186,977.551058512055,0,0,0,81,0,0,0
100,99,6,6155.66479420645,2400.72822446293,0,0,0,173,0,0,0
100,99,7,24994.3340868235,7943.41254273021,1,261,0,250,0,0,0
100,99,8,0,6,0,0,0,0,0,0,0
100,100,1,4152.83681011069,1110.3130593678,0,0,0,42,0,0,0
100,100,2,3465.02841008953,1575.31701070985,0,0,0,98,0,0,0
100,100,3,3157.30124866258,1032.08355192133,0,0,0,79,0,0,0
100,100,4,3436.9323690397,1549.25070925879,0,0,0,105,0,0,0
100,100,5,4046.36839419574,1563.70706932088,0,0,0,97,0,0,0
100,100,6,6278.78442067769,2304.66255952226,0,18,0,174,0,0,0
100,100,7,25161.1749430414,10962.308032011,0,164,0,220,0,0,0
100,100,8,0,6,0,0,0,0,0,0,0
