K <- 5000 
N <- 5000     
target <- 5000 
sc <- 1
time_steps <- 100
sholders <- 8
birth_K = 5000