"SIM","YEAR","N","N_OBS"
1,1,999,999
1,2,1036,1036
1,3,821,821
1,4,878,878
1,5,1030,1030
1,6,786,786
1,7,838,838
1,8,899,899
1,9,949,949
1,10,1036,1036
1,11,847,847
1,12,898,898
1,13,971,971
1,14,1042,1042
1,15,908,908
1,16,971,971
1,17,1065,1065
1,18,862,862
1,19,948,948
1,20,1025,1025
1,21,944,944
1,22,1022,1022
1,23,982,982
1,24,1086,1086
1,25,969,969
1,26,1083,1083
1,27,1052,1052
1,28,1049,1049
1,29,933,933
1,30,1036,1036
1,31,933,933
1,32,1042,1042
1,33,1024,1024
1,34,1054,1054
1,35,1056,1056
1,36,1015,1015
1,37,1130,1130
1,38,1103,1103
1,39,1034,1034
1,40,1077,1077
1,41,971,971
1,42,1065,1065
1,43,981,981
1,44,1090,1090
1,45,1052,1052
1,46,952,952
1,47,1059,1059
1,48,990,990
1,49,1088,1088
1,50,1043,1043
1,51,990,990
1,52,1096,1096
1,53,935,935
1,54,1033,1033
1,55,913,913
1,56,1014,1014
1,57,997,997
1,58,1078,1078
1,59,1049,1049
1,60,838,838
1,61,921,921
1,62,1009,1009
1,63,904,904
1,64,991,991
1,65,1077,1077
1,66,984,984
1,67,1063,1063
1,68,909,909
1,69,1013,1013
1,70,961,961
1,71,1042,1042
1,72,935,935
1,73,1021,1021
1,74,928,928
1,75,999,999
1,76,1067,1067
1,77,994,994
1,78,1049,1049
1,79,998,998
1,80,1059,1059
1,81,943,943
1,82,1016,1016
1,83,937,937
1,84,1025,1025
1,85,897,897
1,86,963,963
1,87,1022,1022
1,88,932,932
1,89,1011,1011
1,90,883,883
1,91,944,944
1,92,997,997
1,93,1086,1086
1,94,1014,1014
1,95,1106,1106
1,96,1050,1050
1,97,1023,1023
1,98,1093,1093
1,99,988,988
1,100,1070,1070
2,1,958,958
2,2,933,933
2,3,941,941
2,4,961,961
2,5,1102,1102
2,6,856,856
2,7,899,899
2,8,924,924
2,9,954,954
2,10,987,987
2,11,1038,1038
2,12,863,863
2,13,905,905
2,14,931,931
2,15,960,960
2,16,1002,1002
2,17,792,792
2,18,849,849
2,19,876,876
2,20,908,908
2,21,943,943
2,22,978,978
2,23,1047,1047
2,24,883,883
2,25,916,916
2,26,958,958
2,27,998,998
2,28,1045,1045
2,29,887,887
2,30,907,907
2,31,937,937
2,32,984,984
2,33,1022,1022
2,34,785,785
2,35,823,823
2,36,846,846
2,37,881,881
2,38,902,902
2,39,954,954
2,40,1019,1019
2,41,791,791
2,42,811,811
2,43,835,835
2,44,865,865
2,45,887,887
2,46,941,941
2,47,992,992
2,48,1021,1021
2,49,856,856
2,50,877,877
2,51,937,937
2,52,974,974
2,53,1008,1008
2,54,834,834
2,55,853,853
2,56,899,899
2,57,947,947
2,58,984,984
2,59,1012,1012
2,60,845,845
2,61,879,879
2,62,919,919
2,63,949,949
2,64,988,988
2,65,1028,1028
2,66,782,782
2,67,801,801
2,68,846,846
2,69,895,895
2,70,914,914
2,71,945,945
2,72,978,978
2,73,1009,1009
2,74,833,833
2,75,880,880
2,76,905,905
2,77,937,937
2,78,961,961
2,79,990,990
2,80,1054,1054
2,81,840,840
2,82,857,857
2,83,862,862
2,84,884,884
2,85,917,917
2,86,938,938
2,87,975,975
2,88,1035,1035
2,89,878,878
2,90,888,888
2,91,905,905
2,92,942,942
2,93,1001,1001
2,94,813,813
2,95,824,824
2,96,843,843
2,97,860,860
2,98,896,896
2,99,927,927
2,100,987,987
3,1,901,901
3,2,891,891
3,3,881,881
3,4,876,876
3,5,997,997
3,6,1018,1018
3,7,759,759
3,8,783,783
3,9,808,808
3,10,833,833
3,11,848,848
3,12,856,856
3,13,863,863
3,14,904,904
3,15,934,934
3,16,958,958
3,17,1009,1009
3,18,779,779
3,19,793,793
3,20,807,807
3,21,830,830
3,22,842,842
3,23,877,877
3,24,910,910
3,25,946,946
3,26,1014,1014
3,27,806,806
3,28,819,819
3,29,844,844
3,30,880,880
3,31,909,909
3,32,961,961
3,33,1032,1032
3,34,855,855
3,35,883,883
3,36,922,922
3,37,1000,1000
3,38,1085,1085
3,39,951,951
3,40,1012,1012
3,41,966,966
3,42,1032,1032
3,43,1009,1009
3,44,1111,1111
3,45,1026,1026
3,46,980,980
3,47,1068,1068
3,48,1026,1026
3,49,941,941
3,50,1020,1020
3,51,923,923
3,52,1010,1010
3,53,930,930
3,54,1019,1019
3,55,976,976
3,56,1086,1086
3,57,991,991
3,58,1084,1084
3,59,1061,1061
3,60,926,926
3,61,1005,1005
3,62,929,929
3,63,1012,1012
3,64,848,848
3,65,919,919
3,66,1010,1010
3,67,877,877
3,68,958,958
3,69,1048,1048
3,70,935,935
3,71,1031,1031
3,72,933,933
3,73,1032,1032
3,74,954,954
3,75,1033,1033
3,76,924,924
3,77,1000,1000
3,78,1068,1068
3,79,960,960
3,80,1025,1025
3,81,871,871
3,82,951,951
3,83,1020,1020
3,84,878,878
3,85,967,967
3,86,1013,1013
3,87,870,870
3,88,957,957
3,89,1022,1022
3,90,934,934
3,91,982,982
3,92,1038,1038
3,93,903,903
3,94,965,965
3,95,1029,1029
3,96,910,910
3,97,984,984
3,98,1033,1033
3,99,965,965
3,100,1029,1029
4,1,994,994
4,2,1044,1044
4,3,947,947
4,4,1023,1023
4,5,858,858
4,6,922,922
4,7,986,986
4,8,1077,1077
4,9,826,826
4,10,909,909
4,11,1003,1003
4,12,865,865
4,13,939,939
4,14,1030,1030
4,15,963,963
4,16,1058,1058
4,17,969,969
4,18,1075,1075
4,19,1033,1033
4,20,977,977
4,21,1073,1073
4,22,987,987
4,23,1087,1087
4,24,989,989
4,25,1087,1087
4,26,968,968
4,27,1069,1069
4,28,978,978
4,29,1071,1071
4,30,994,994
4,31,1083,1083
4,32,896,896
4,33,964,964
4,34,1073,1073
4,35,964,964
4,36,1073,1073
4,37,962,962
4,38,1054,1054
4,39,1024,1024
4,40,957,957
4,41,1031,1031
4,42,936,936
4,43,1036,1036
4,44,945,945
4,45,1017,1017
4,46,927,927
4,47,1012,1012
4,48,948,948
4,49,1024,1024
4,50,860,860
4,51,933,933
4,52,1015,1015
4,53,950,950
4,54,1019,1019
4,55,910,910
4,56,982,982
4,57,1044,1044
4,58,847,847
4,59,925,925
4,60,983,983
4,61,1039,1039
4,62,911,911
4,63,974,974
4,64,1022,1022
4,65,821,821
4,66,882,882
4,67,960,960
4,68,1014,1014
4,69,816,816
4,70,887,887
4,71,959,959
4,72,986,986
4,73,1003,1003
4,74,791,791
4,75,868,868
4,76,922,922
4,77,953,953
4,78,975,975
4,79,1010,1010
4,80,809,809
4,81,872,872
4,82,919,919
4,83,946,946
4,84,977,977
4,85,1006,1006
4,86,917,917
4,87,926,926
4,88,927,927
4,89,959,959
4,90,971,971
4,91,982,982
4,92,1002,1002
4,93,792,792
4,94,846,846
4,95,874,874
4,96,901,901
4,97,930,930
4,98,954,954
4,99,987,987
4,100,997,997
5,1,951,951
5,2,942,942
5,3,949,949
5,4,978,978
5,5,1131,1131
5,6,815,815
5,7,882,882
5,8,965,965
5,9,1023,1023
5,10,758,758
5,11,817,817
5,12,894,894
5,13,970,970
5,14,1028,1028
5,15,774,774
5,16,844,844
5,17,932,932
5,18,989,989
5,19,1040,1040
5,20,775,775
5,21,853,853
5,22,917,917
5,23,972,972
5,24,1019,1019
5,25,785,785
5,26,849,849
5,27,907,907
5,28,955,955
5,29,1001,1001
5,30,858,858
5,31,900,900
5,32,954,954
5,33,995,995
5,34,1021,1021
5,35,799,799
5,36,863,863
5,37,903,903
5,38,930,930
5,39,969,969
5,40,1013,1013
5,41,854,854
5,42,888,888
5,43,918,918
5,44,947,947
5,45,982,982
5,46,1046,1046
5,47,873,873
5,48,924,924
5,49,945,945
5,50,984,984
5,51,1058,1058
5,52,870,870
5,53,904,904
5,54,937,937
5,55,991,991
5,56,1075,1075
5,57,817,817
5,58,846,846
5,59,885,885
5,60,943,943
5,61,996,996
5,62,1054,1054
5,63,857,857
5,64,897,897
5,65,943,943
5,66,1007,1007
5,67,836,836
5,68,867,867
5,69,893,893
5,70,954,954
5,71,1020,1020
5,72,875,875
5,73,911,911
5,74,967,967
5,75,1025,1025
5,76,832,832
5,77,874,874
5,78,941,941
5,79,983,983
5,80,1039,1039
5,81,832,832
5,82,869,869
5,83,931,931
5,84,968,968
5,85,1030,1030
5,86,872,872
5,87,915,915
5,88,977,977
5,89,1036,1036
5,90,888,888
5,91,950,950
5,92,993,993
5,93,1070,1070
5,94,930,930
5,95,986,986
5,96,1066,1066
5,97,970,970
5,98,1024,1024
5,99,863,863
5,100,924,924
6,1,974,974
6,2,1007,1007
6,3,758,758
6,4,831,831
6,5,960,960
6,6,1023,1023
6,7,794,794
6,8,841,841
6,9,895,895
6,10,940,940
6,11,1026,1026
6,12,779,779
6,13,822,822
6,14,879,879
6,15,916,916
6,16,981,981
6,17,1052,1052
6,18,901,901
6,19,974,974
6,20,1061,1061
6,21,913,913
6,22,998,998
6,23,1080,1080
6,24,904,904
6,25,989,989
6,26,1066,1066
6,27,955,955
6,28,1015,1015
6,29,933,933
6,30,1002,1002
6,31,943,943
6,32,1021,1021
6,33,961,961
6,34,1030,1030
6,35,919,919
6,36,987,987
6,37,1083,1083
6,38,1036,1036
6,39,911,911
6,40,973,973
6,41,1080,1080
6,42,951,951
6,43,1043,1043
6,44,970,970
6,45,1061,1061
6,46,1004,1004
6,47,1091,1091
6,48,1021,1021
6,49,1087,1087
6,50,1021,1021
6,51,1092,1092
6,52,1012,1012
6,53,1086,1086
6,54,983,983
6,55,1061,1061
6,56,992,992
6,57,1068,1068
6,58,1035,1035
6,59,954,954
6,60,1024,1024
6,61,933,933
6,62,1016,1016
6,63,938,938
6,64,1005,1005
6,65,956,956
6,66,1039,1039
6,67,994,994
6,68,1068,1068
6,69,981,981
6,70,1076,1076
6,71,976,976
6,72,1061,1061
6,73,989,989
6,74,1064,1064
6,75,908,908
6,76,993,993
6,77,1079,1079
6,78,898,898
6,79,975,975
6,80,1052,1052
6,81,910,910
6,82,983,983
6,83,1061,1061
6,84,927,927
6,85,1001,1001
6,86,981,981
6,87,1044,1044
6,88,951,951
6,89,1020,1020
6,90,948,948
6,91,1011,1011
6,92,900,900
6,93,962,962
6,94,1029,1029
6,95,941,941
6,96,1012,1012
6,97,932,932
6,98,1004,1004
6,99,937,937
6,100,998,998
7,1,1000,1000
7,2,1049,1049
7,3,724,724
7,4,800,800
7,5,942,942
7,6,1013,1013
7,7,799,799
7,8,867,867
7,9,954,954
7,10,1037,1037
7,11,832,832
7,12,913,913
7,13,991,991
7,14,1081,1081
7,15,895,895
7,16,964,964
7,17,1047,1047
7,18,916,916
7,19,997,997
7,20,1077,1077
7,21,895,895
7,22,970,970
7,23,1049,1049
7,24,839,839
7,25,915,915
7,26,997,997
7,27,1059,1059
7,28,831,831
7,29,900,900
7,30,987,987
7,31,1043,1043
7,32,914,914
7,33,992,992
7,34,1055,1055
7,35,850,850
7,36,928,928
7,37,987,987
7,38,1032,1032
7,39,880,880
7,40,948,948
7,41,1000,1000
7,42,1047,1047
7,43,866,866
7,44,922,922
7,45,984,984
7,46,1042,1042
7,47,901,901
7,48,948,948
7,49,1005,1005
7,50,880,880
7,51,931,931
7,52,966,966
7,53,1024,1024
7,54,826,826
7,55,873,873
7,56,922,922
7,57,976,976
7,58,1013,1013
7,59,871,871
7,60,921,921
7,61,959,959
7,62,997,997
7,63,1034,1034
7,64,864,864
7,65,908,908
7,66,946,946
7,67,977,977
7,68,1022,1022
7,69,801,801
7,70,854,854
7,71,887,887
7,72,927,927
7,73,967,967
7,74,1009,1009
7,75,898,898
7,76,944,944
7,77,976,976
7,78,1049,1049
7,79,843,843
7,80,875,875
7,81,911,911
7,82,952,952
7,83,1004,1004
7,84,891,891
7,85,929,929
7,86,984,984
7,87,1059,1059
7,88,868,868
7,89,904,904
7,90,946,946
7,91,1018,1018
7,92,840,840
7,93,870,870
7,94,898,898
7,95,952,952
7,96,1021,1021
7,97,911,911
7,98,980,980
7,99,1044,1044
7,100,951,951
8,1,989,989
8,2,1021,1021
8,3,699,699
8,4,735,735
8,5,852,852
8,6,903,903
8,7,967,967
8,8,1032,1032
8,9,858,858
8,10,933,933
8,11,1020,1020
8,12,780,780
8,13,828,828
8,14,904,904
8,15,972,972
8,16,1052,1052
8,17,928,928
8,18,1012,1012
8,19,920,920
8,20,991,991
8,21,1047,1047
8,22,991,991
8,23,1068,1068
8,24,952,952
8,25,1024,1024
8,26,952,952
8,27,1042,1042
8,28,1029,1029
8,29,1010,1010
8,30,1107,1107
8,31,1161,1161
8,32,1111,1111
8,33,973,973
8,34,1044,1044
8,35,1031,1031
8,36,952,952
8,37,1034,1034
8,38,955,955
8,39,1045,1045
8,40,984,984
8,41,1082,1082
8,42,974,974
8,43,1073,1073
8,44,1008,1008
8,45,1111,1111
8,46,1038,1038
8,47,940,940
8,48,1028,1028
8,49,941,941
8,50,1025,1025
8,51,879,879
8,52,946,946
8,53,1038,1038
8,54,997,997
8,55,1093,1093
8,56,1024,1024
8,57,1096,1096
8,58,1042,1042
8,59,961,961
8,60,1059,1059
8,61,971,971
8,62,1071,1071
8,63,959,959
8,64,1055,1055
8,65,999,999
8,66,1096,1096
8,67,959,959
8,68,1058,1058
8,69,964,964
8,70,1059,1059
8,71,956,956
8,72,1043,1043
8,73,987,987
8,74,1093,1093
8,75,1016,1016
8,76,1077,1077
8,77,1019,1019
8,78,1095,1095
8,79,970,970
8,80,1060,1060
8,81,889,889
8,82,974,974
8,83,1046,1046
8,84,975,975
8,85,1064,1064
8,86,894,894
8,87,981,981
8,88,1049,1049
8,89,927,927
8,90,1021,1021
8,91,926,926
8,92,1006,1006
8,93,912,912
8,94,998,998
8,95,1061,1061
8,96,924,924
8,97,1007,1007
8,98,826,826
8,99,898,898
8,100,964,964
9,1,978,978
9,2,954,954
9,3,959,959
9,4,966,966
9,5,1108,1108
9,6,822,822
9,7,863,863
9,8,896,896
9,9,944,944
9,10,986,986
9,11,1019,1019
9,12,778,778
9,13,820,820
9,14,869,869
9,15,908,908
9,16,953,953
9,17,977,977
9,18,1016,1016
9,19,909,909
9,20,945,945
9,21,953,953
9,22,972,972
9,23,1014,1014
9,24,784,784
9,25,821,821
9,26,854,854
9,27,892,892
9,28,919,919
9,29,945,945
9,30,981,981
9,31,1022,1022
9,32,813,813
9,33,830,830
9,34,865,865
9,35,894,894
9,36,913,913
9,37,938,938
9,38,977,977
9,39,1017,1017
9,40,795,795
9,41,830,830
9,42,859,859
9,43,872,872
9,44,898,898
9,45,925,925
9,46,973,973
9,47,996,996
9,48,1038,1038
9,49,778,778
9,50,797,797
9,51,821,821
9,52,845,845
9,53,862,862
9,54,895,895
9,55,927,927
9,56,950,950
9,57,989,989
9,58,1052,1052
9,59,823,823
9,60,837,837
9,61,875,875
9,62,909,909
9,63,944,944
9,64,986,986
9,65,1048,1048
9,66,944,944
9,67,990,990
9,68,1059,1059
9,69,949,949
9,70,1009,1009
9,71,926,926
9,72,968,968
9,73,1036,1036
9,74,917,917
9,75,968,968
9,76,1035,1035
9,77,822,822
9,78,860,860
9,79,911,911
9,80,950,950
9,81,1004,1004
9,82,869,869
9,83,911,911
9,84,985,985
9,85,1054,1054
9,86,950,950
9,87,1021,1021
9,88,859,859
9,89,911,911
9,90,974,974
9,91,1037,1037
9,92,912,912
9,93,969,969
9,94,1024,1024
9,95,907,907
9,96,973,973
9,97,1031,1031
9,98,860,860
9,99,918,918
9,100,979,979
10,1,979,979
10,2,975,975
10,3,993,993
10,4,1039,1039
10,5,831,831
10,6,884,884
10,7,914,914
10,8,973,973
10,9,1034,1034
10,10,806,806
10,11,891,891
10,12,941,941
10,13,1014,1014
10,14,849,849
10,15,891,891
10,16,953,953
10,17,1008,1008
10,18,835,835
10,19,873,873
10,20,931,931
10,21,1003,1003
10,22,844,844
10,23,897,897
10,24,945,945
10,25,1027,1027
10,26,884,884
10,27,943,943
10,28,1016,1016
10,29,893,893
10,30,949,949
10,31,1026,1026
10,32,835,835
10,33,911,911
10,34,983,983
10,35,1066,1066
10,36,954,954
10,37,1025,1025
10,38,948,948
10,39,1026,1026
10,40,951,951
10,41,1033,1033
10,42,946,946
10,43,1023,1023
10,44,948,948
10,45,1039,1039
10,46,1023,1023
10,47,1115,1115
10,48,1134,1134
10,49,1030,1030
10,50,1105,1105
10,51,1072,1072
10,52,994,994
10,53,1085,1085
10,54,993,993
10,55,1069,1069
10,56,973,973
10,57,1058,1058
10,58,1002,1002
10,59,1070,1070
10,60,966,966
10,61,1035,1035
10,62,998,998
10,63,1069,1069
10,64,881,881
10,65,955,955
10,66,1035,1035
10,67,945,945
10,68,1015,1015
10,69,909,909
10,70,990,990
10,71,1041,1041
10,72,947,947
10,73,1026,1026
10,74,964,964
10,75,1039,1039
10,76,959,959
10,77,1035,1035
10,78,940,940
10,79,1013,1013
10,80,918,918
10,81,999,999
10,82,1078,1078
10,83,973,973
10,84,1050,1050
10,85,946,946
10,86,1017,1017
10,87,923,923
10,88,980,980
10,89,1064,1064
10,90,960,960
10,91,1042,1042
10,92,982,982
10,93,1053,1053
10,94,992,992
10,95,1065,1065
10,96,1009,1009
10,97,1090,1090
10,98,972,972
10,99,1047,1047
10,100,988,988
11,1,975,975
11,2,960,960
11,3,938,938
11,4,945,945
11,5,1088,1088
11,6,857,857
11,7,877,877
11,8,921,921
11,9,959,959
11,10,1003,1003
11,11,804,804
11,12,844,844
11,13,864,864
11,14,906,906
11,15,947,947
11,16,998,998
11,17,1044,1044
11,18,818,818
11,19,847,847
11,20,898,898
11,21,943,943
11,22,976,976
11,23,1031,1031
11,24,791,791
11,25,816,816
11,26,853,853
11,27,908,908
11,28,950,950
11,29,996,996
11,30,1045,1045
11,31,803,803
11,32,840,840
11,33,879,879
11,34,923,923
11,35,968,968
11,36,1019,1019
11,37,848,848
11,38,882,882
11,39,928,928
11,40,983,983
11,41,1040,1040
11,42,806,806
11,43,830,830
11,44,873,873
11,45,919,919
11,46,960,960
11,47,1011,1011
11,48,887,887
11,49,936,936
11,50,1008,1008
11,51,913,913
11,52,967,967
11,53,1039,1039
11,54,963,963
11,55,1043,1043
11,56,936,936
11,57,999,999
11,58,1090,1090
11,59,950,950
11,60,1026,1026
11,61,939,939
11,62,1018,1018
11,63,925,925
11,64,1001,1001
11,65,1003,1003
11,66,1091,1091
11,67,967,967
11,68,1057,1057
11,69,971,971
11,70,1071,1071
11,71,941,941
11,72,1013,1013
11,73,924,924
11,74,994,994
11,75,1077,1077
11,76,956,956
11,77,1049,1049
11,78,937,937
11,79,1026,1026
11,80,981,981
11,81,1049,1049
11,82,970,970
11,83,1045,1045
11,84,938,938
11,85,1011,1011
11,86,898,898
11,87,980,980
11,88,1059,1059
11,89,958,958
11,90,1036,1036
11,91,900,900
11,92,992,992
11,93,1038,1038
11,94,899,899
11,95,970,970
11,96,1033,1033
11,97,939,939
11,98,995,995
11,99,1071,1071
11,100,1004,1004
12,1,922,922
12,2,921,921
12,3,902,902
12,4,903,903
12,5,1032,1032
12,6,812,812
12,7,833,833
12,8,852,852
12,9,867,867
12,10,895,895
12,11,930,930
12,12,937,937
12,13,948,948
12,14,987,987
12,15,1050,1050
12,16,851,851
12,17,870,870
12,18,913,913
12,19,926,926
12,20,951,951
12,21,988,988
12,22,1046,1046
12,23,783,783
12,24,797,797
12,25,817,817
12,26,835,835
12,27,861,861
12,28,889,889
12,29,902,902
12,30,942,942
12,31,994,994
12,32,1041,1041
12,33,803,803
12,34,835,835
12,35,863,863
12,36,871,871
12,37,897,897
12,38,947,947
12,39,1001,1001
12,40,655,655
12,41,678,678
12,42,698,698
12,43,691,691
12,44,680,680
12,45,677,677
12,46,683,683
12,47,671,671
12,48,666,666
12,49,658,658
12,50,648,648
12,51,643,643
12,52,643,643
12,53,629,629
12,54,629,629
12,55,631,631
12,56,626,626
12,57,617,617
12,58,618,618
12,59,617,617
12,60,610,610
12,61,601,601
12,62,607,607
12,63,596,596
12,64,590,590
12,65,590,590
12,66,590,590
12,67,576,576
12,68,578,578
12,69,575,575
12,70,573,573
12,71,567,567
12,72,561,561
12,73,559,559
12,74,559,559
12,75,553,553
12,76,549,549
12,77,549,549
12,78,544,544
12,79,544,544
12,80,540,540
12,81,536,536
12,82,533,533
12,83,528,528
12,84,528,528
12,85,519,519
12,86,521,521
12,87,515,515
12,88,509,509
12,89,509,509
12,90,501,501
12,91,506,506
12,92,497,497
12,93,499,499
12,94,493,493
12,95,491,491
12,96,491,491
12,97,488,488
12,98,485,485
12,99,479,479
12,100,477,477
13,1,978,978
13,2,994,994
13,3,1019,1019
13,4,865,865
13,5,1022,1022
13,6,834,834
13,7,896,896
13,8,961,961
13,9,1022,1022
13,10,834,834
13,11,914,914
13,12,997,997
13,13,1060,1060
13,14,854,854
13,15,926,926
13,16,1004,1004
13,17,736,736
13,18,781,781
13,19,830,830
13,20,885,885
13,21,957,957
13,22,1027,1027
13,23,852,852
13,24,922,922
13,25,992,992
13,26,1048,1048
13,27,830,830
13,28,890,890
13,29,948,948
13,30,1008,1008
13,31,867,867
13,32,937,937
13,33,1001,1001
13,34,872,872
13,35,924,924
13,36,980,980
13,37,1035,1035
13,38,864,864
13,39,916,916
13,40,978,978
13,41,1034,1034
13,42,864,864
13,43,925,925
13,44,977,977
13,45,1035,1035
13,46,824,824
13,47,871,871
13,48,931,931
13,49,978,978
13,50,1028,1028
13,51,950,950
13,52,1008,1008
13,53,825,825
13,54,889,889
13,55,930,930
13,56,994,994
13,57,1052,1052
13,58,852,852
13,59,908,908
13,60,949,949
13,61,1019,1019
13,62,888,888
13,63,936,936
13,64,985,985
13,65,1050,1050
13,66,863,863
13,67,911,911
13,68,958,958
13,69,1035,1035
13,70,941,941
13,71,1011,1011
13,72,926,926
13,73,1008,1008
13,74,974,974
13,75,1067,1067
13,76,935,935
13,77,1003,1003
13,78,923,923
13,79,982,982
13,80,1062,1062
13,81,982,982
13,82,1065,1065
13,83,943,943
13,84,1025,1025
13,85,943,943
13,86,1021,1021
13,87,969,969
13,88,1052,1052
13,89,942,942
13,90,1034,1034
13,91,976,976
13,92,1059,1059
13,93,996,996
13,94,1069,1069
13,95,969,969
13,96,1054,1054
13,97,1007,1007
13,98,1064,1064
13,99,885,885
13,100,951,951
14,1,951,951
14,2,939,939
14,3,964,964
14,4,969,969
14,5,1118,1118
14,6,826,826
14,7,886,886
14,8,930,930
14,9,986,986
14,10,1043,1043
14,11,781,781
14,12,842,842
14,13,909,909
14,14,971,971
14,15,1027,1027
14,16,780,780
14,17,852,852
14,18,910,910
14,19,952,952
14,20,1008,1008
14,21,853,853
14,22,899,899
14,23,939,939
14,24,977,977
14,25,1010,1010
14,26,798,798
14,27,853,853
14,28,902,902
14,29,942,942
14,30,971,971
14,31,1020,1020
14,32,889,889
14,33,920,920
14,34,976,976
14,35,1042,1042
14,36,862,862
14,37,906,906
14,38,943,943
14,39,994,994
14,40,1059,1059
14,41,959,959
14,42,1026,1026
14,43,916,916
14,44,948,948
14,45,1031,1031
14,46,946,946
14,47,1019,1019
14,48,779,779
14,49,826,826
14,50,855,855
14,51,889,889
14,52,916,916
14,53,980,980
14,54,1037,1037
14,55,913,913
14,56,983,983
14,57,1059,1059
14,58,891,891
14,59,947,947
14,60,1012,1012
14,61,883,883
14,62,945,945
14,63,1005,1005
14,64,883,883
14,65,962,962
14,66,1028,1028
14,67,936,936
14,68,1002,1002
14,69,888,888
14,70,964,964
14,71,1018,1018
14,72,911,911
14,73,969,969
14,74,1038,1038
14,75,885,885
14,76,942,942
14,77,1013,1013
14,78,920,920
14,79,967,967
14,80,1041,1041
14,81,976,976
14,82,1037,1037
14,83,970,970
14,84,1042,1042
14,85,931,931
14,86,999,999
14,87,1062,1062
14,88,947,947
14,89,1007,1007
14,90,895,895
14,91,958,958
14,92,1032,1032
14,93,973,973
14,94,1047,1047
14,95,882,882
14,96,938,938
14,97,1004,1004
14,98,918,918
14,99,987,987
14,100,1057,1057
15,1,990,990
15,2,997,997
15,3,1021,1021
15,4,721,721
15,5,841,841
15,6,892,892
15,7,947,947
15,8,1010,1010
15,9,823,823
15,10,901,901
15,11,971,971
15,12,1027,1027
15,13,794,794
15,14,856,856
15,15,925,925
15,16,979,979
15,17,1035,1035
15,18,912,912
15,19,966,966
15,20,1022,1022
15,21,848,848
15,22,897,897
15,23,945,945
15,24,1001,1001
15,25,818,818
15,26,881,881
15,27,932,932
15,28,989,989
15,29,1052,1052
15,30,949,949
15,31,1007,1007
15,32,801,801
15,33,850,850
15,34,913,913
15,35,960,960
15,36,1025,1025
15,37,850,850
15,38,921,921
15,39,994,994
15,40,1072,1072
15,41,957,957
15,42,1026,1026
15,43,853,853
15,44,902,902
15,45,978,978
15,46,1052,1052
15,47,935,935
15,48,1002,1002
15,49,912,912
15,50,993,993
15,51,1058,1058
15,52,969,969
15,53,1032,1032
15,54,1027,1027
15,55,967,967
15,56,1027,1027
15,57,939,939
15,58,996,996
15,59,1074,1074
15,60,972,972
15,61,1040,1040
15,62,969,969
15,63,1042,1042
15,64,897,897
15,65,969,969
15,66,1049,1049
15,67,917,917
15,68,988,988
15,69,1068,1068
15,70,957,957
15,71,1033,1033
15,72,917,917
15,73,986,986
15,74,1069,1069
15,75,956,956
15,76,1031,1031
15,77,958,958
15,78,1035,1035
15,79,952,952
15,80,1039,1039
15,81,899,899
15,82,966,966
15,83,1040,1040
15,84,890,890
15,85,965,965
15,86,1053,1053
15,87,964,964
15,88,1035,1035
15,89,916,916
15,90,993,993
15,91,1049,1049
15,92,933,933
15,93,1008,1008
15,94,914,914
15,95,995,995
15,96,1065,1065
15,97,996,996
15,98,1070,1070
15,99,1027,1027
15,100,883,883
16,1,650,650
16,2,687,687
16,3,738,738
16,4,814,814
16,5,946,946
16,6,1030,1030
16,7,846,846
16,8,904,904
16,9,976,976
16,10,1083,1083
16,11,998,998
16,12,1101,1101
16,13,918,918
16,14,998,998
16,15,1094,1094
16,16,986,986
16,17,1087,1087
16,18,977,977
16,19,1075,1075
16,20,1003,1003
16,21,1098,1098
16,22,1006,1006
16,23,1099,1099
16,24,1007,1007
16,25,1094,1094
16,26,1000,1000
16,27,1098,1098
16,28,1030,1030
16,29,955,955
16,30,1029,1029
16,31,970,970
16,32,1072,1072
16,33,1035,1035
16,34,910,910
16,35,984,984
16,36,1090,1090
16,37,959,959
16,38,1057,1057
16,39,953,953
16,40,1040,1040
16,41,987,987
16,42,1078,1078
16,43,1014,1014
16,44,1104,1104
16,45,1204,1204
16,46,1094,1094
16,47,1071,1071
16,48,1000,1000
16,49,1097,1097
16,50,1054,1054
16,51,1029,1029
16,52,937,937
16,53,1028,1028
16,54,959,959
16,55,1061,1061
16,56,1011,1011
16,57,1097,1097
16,58,1028,1028
16,59,961,961
16,60,1052,1052
16,61,1026,1026
16,62,1137,1137
16,63,1153,1153
16,64,1056,1056
16,65,1052,1052
16,66,1001,1001
16,67,1129,1129
16,68,1117,1117
16,69,1106,1106
16,70,1125,1125
16,71,1134,1134
16,72,1192,1192
16,73,1116,1116
16,74,1126,1126
16,75,1129,1129
16,76,1142,1142
16,77,1121,1121
16,78,1088,1088
16,79,1034,1034
16,80,1044,1044
16,81,1022,1022
16,82,1163,1163
16,83,1085,1085
16,84,1049,1049
16,85,1059,1059
16,86,1058,1058
16,87,1029,1029
16,88,1126,1126
16,89,1082,1082
16,90,1056,1056
16,91,1052,1052
16,92,1039,1039
16,93,1017,1017
16,94,1082,1082
16,95,1021,1021
16,96,1141,1141
16,97,1115,1115
16,98,1116,1116
16,99,1012,1012
16,100,1131,1131
17,1,963,963
17,2,953,953
17,3,960,960
17,4,987,987
17,5,1144,1144
17,6,882,882
17,7,924,924
17,8,958,958
17,9,1005,1005
17,10,757,757
17,11,827,827
17,12,891,891
17,13,961,961
17,14,1013,1013
17,15,833,833
17,16,881,881
17,17,939,939
17,18,1001,1001
17,19,850,850
17,20,905,905
17,21,950,950
17,22,1005,1005
17,23,877,877
17,24,929,929
17,25,980,980
17,26,1047,1047
17,27,906,906
17,28,981,981
17,29,1035,1035
17,30,804,804
17,31,844,844
17,32,884,884
17,33,928,928
17,34,976,976
17,35,1038,1038
17,36,906,906
17,37,971,971
17,38,1042,1042
17,39,926,926
17,40,994,994
17,41,1056,1056
17,42,908,908
17,43,983,983
17,44,1038,1038
17,45,933,933
17,46,1002,1002
17,47,936,936
17,48,996,996
17,49,1054,1054
17,50,863,863
17,51,920,920
17,52,973,973
17,53,1031,1031
17,54,954,954
17,55,1009,1009
17,56,882,882
17,57,932,932
17,58,999,999
17,59,1060,1060
17,60,859,859
17,61,922,922
17,62,971,971
17,63,1022,1022
17,64,867,867
17,65,914,914
17,66,975,975
17,67,1020,1020
17,68,898,898
17,69,959,959
17,70,1000,1000
17,71,1058,1058
17,72,872,872
17,73,915,915
17,74,979,979
17,75,1037,1037
17,76,929,929
17,77,984,984
17,78,1038,1038
17,79,886,886
17,80,935,935
17,81,983,983
17,82,1040,1040
17,83,876,876
17,84,930,930
17,85,987,987
17,86,1030,1030
17,87,882,882
17,88,937,937
17,89,1002,1002
17,90,861,861
17,91,912,912
17,92,956,956
17,93,1014,1014
17,94,876,876
17,95,913,913
17,96,985,985
17,97,1026,1026
17,98,825,825
17,99,877,877
17,100,922,922
18,1,965,965
18,2,976,976
18,3,986,986
18,4,1037,1037
18,5,922,922
18,6,963,963
18,7,1020,1020
18,8,738,738
18,9,804,804
18,10,857,857
18,11,923,923
18,12,980,980
18,13,1047,1047
18,14,821,821
18,15,865,865
18,16,933,933
18,17,994,994
18,18,1074,1074
18,19,844,844
18,20,903,903
18,21,971,971
18,22,1050,1050
18,23,823,823
18,24,892,892
18,25,956,956
18,26,1027,1027
18,27,884,884
18,28,939,939
18,29,1020,1020
18,30,856,856
18,31,934,934
18,32,991,991
18,33,1043,1043
18,34,901,901
18,35,957,957
18,36,1017,1017
18,37,799,799
18,38,839,839
18,39,898,898
18,40,979,979
18,41,1035,1035
18,42,979,979
18,43,1043,1043
18,44,933,933
18,45,980,980
18,46,1037,1037
18,47,919,919
18,48,960,960
18,49,1028,1028
18,50,899,899
18,51,948,948
18,52,1022,1022
18,53,914,914
18,54,974,974
18,55,1029,1029
18,56,842,842
18,57,913,913
18,58,957,957
18,59,1013,1013
18,60,842,842
18,61,906,906
18,62,958,958
18,63,1010,1010
18,64,846,846
18,65,893,893
18,66,938,938
18,67,994,994
18,68,1040,1040
18,69,901,901
18,70,952,952
18,71,1011,1011
18,72,965,965
18,73,1022,1022
18,74,854,854
18,75,902,902
18,76,948,948
18,77,992,992
18,78,1051,1051
18,79,880,880
18,80,926,926
18,81,971,971
18,82,1029,1029
18,83,878,878
18,84,938,938
18,85,987,987
18,86,1039,1039
18,87,900,900
18,88,952,952
18,89,1015,1015
18,90,848,848
18,91,898,898
18,92,939,939
18,93,999,999
18,94,1038,1038
18,95,885,885
18,96,935,935
18,97,988,988
18,98,1036,1036
18,99,933,933
18,100,974,974
19,1,1080,1080
19,2,905,905
19,3,1001,1001
19,4,970,970
19,5,1187,1187
19,6,1013,1013
19,7,1145,1145
19,8,1020,1020
19,9,1083,1083
19,10,993,993
19,11,1153,1153
19,12,1101,1101
19,13,1057,1057
19,14,1010,1010
19,15,1137,1137
19,16,1080,1080
19,17,984,984
19,18,1114,1114
19,19,1106,1106
19,20,964,964
19,21,1105,1105
19,22,1014,1014
19,23,1151,1151
19,24,1105,1105
19,25,1066,1066
19,26,1042,1042
19,27,989,989
19,28,1125,1125
19,29,1105,1105
19,30,1069,1069
19,31,1051,1051
19,32,1055,1055
19,33,965,965
19,34,1076,1076
19,35,1018,1018
19,36,1143,1143
19,37,1104,1104
19,38,1057,1057
19,39,1030,1030
19,40,1074,1074
19,41,956,956
19,42,1085,1085
19,43,1019,1019
19,44,1117,1117
19,45,1053,1053
19,46,1008,1008
19,47,1126,1126
19,48,1067,1067
19,49,920,920
19,50,1035,1035
19,51,1003,1003
19,52,1102,1102
19,53,1048,1048
19,54,955,955
19,55,1072,1072
19,56,1036,1036
19,57,937,937
19,58,1041,1041
19,59,953,953
19,60,1057,1057
19,61,1033,1033
19,62,1016,1016
19,63,1108,1108
19,64,1065,1065
19,65,873,873
19,66,981,981
19,67,1065,1065
19,68,999,999
19,69,1101,1101
19,70,1031,1031
19,71,967,967
19,72,1042,1042
19,73,973,973
19,74,1087,1087
19,75,980,980
19,76,1071,1071
19,77,960,960
19,78,1068,1068
19,79,978,978
19,80,1077,1077
19,81,1027,1027
19,82,1008,1008
19,83,1102,1102
19,84,1002,1002
19,85,1093,1093
19,86,1022,1022
19,87,1118,1118
19,88,1211,1211
19,89,1078,1078
19,90,1000,1000
19,91,1100,1100
19,92,1060,1060
19,93,995,995
19,94,1087,1087
19,95,992,992
19,96,1087,1087
19,97,1037,1037
19,98,1001,1001
19,99,1097,1097
19,100,979,979
20,1,1041,1041
20,2,750,750
20,3,777,777
20,4,824,824
20,5,965,965
20,6,1020,1020
20,7,762,762
20,8,806,806
20,9,867,867
20,10,947,947
20,11,1038,1038
20,12,940,940
20,13,1001,1001
20,14,888,888
20,15,984,984
20,16,1103,1103
20,17,1036,1036
20,18,917,917
20,19,993,993
20,20,1097,1097
20,21,1066,1066
20,22,963,963
20,23,1066,1066
20,24,996,996
20,25,1082,1082
20,26,1035,1035
20,27,940,940
20,28,1039,1039
20,29,897,897
20,30,979,979
20,31,1073,1073
20,32,970,970
20,33,1055,1055
20,34,891,891
20,35,988,988
20,36,1078,1078
20,37,1009,1009
20,38,1105,1105
20,39,1018,1018
20,40,1058,1058
20,41,955,955
20,42,1030,1030
20,43,970,970
20,44,1048,1048
20,45,959,959
20,46,1038,1038
20,47,936,936
20,48,1000,1000
20,49,1081,1081
20,50,929,929
20,51,989,989
20,52,1053,1053
20,53,852,852
20,54,920,920
20,55,981,981
20,56,1049,1049
20,57,860,860
20,58,926,926
20,59,1008,1008
20,60,863,863
20,61,917,917
20,62,987,987
20,63,1054,1054
20,64,788,788
20,65,857,857
20,66,934,934
20,67,984,984
20,68,1022,1022
20,69,911,911
20,70,971,971
20,71,979,979
20,72,979,979
20,73,1007,1007
20,74,814,814
20,75,853,853
20,76,901,901
20,77,955,955
20,78,986,986
20,79,1041,1041
20,80,878,878
20,81,887,887
20,82,917,917
20,83,963,963
20,84,1011,1011
20,85,810,810
20,86,843,843
20,87,879,879
20,88,910,910
20,89,958,958
20,90,991,991
20,91,1029,1029
20,92,801,801
20,93,853,853
20,94,896,896
20,95,942,942
20,96,982,982
20,97,1006,1006
20,98,898,898
20,99,936,936
20,100,981,981
21,1,965,965
21,2,988,988
21,3,1021,1021
21,4,777,777
21,5,933,933
21,6,977,977
21,7,1027,1027
21,8,826,826
21,9,900,900
21,10,971,971
21,11,1036,1036
21,12,852,852
21,13,930,930
21,14,995,995
21,15,1053,1053
21,16,882,882
21,17,954,954
21,18,1010,1010
21,19,883,883
21,20,946,946
21,21,986,986
21,22,1044,1044
21,23,881,881
21,24,954,954
21,25,1025,1025
21,26,815,815
21,27,884,884
21,28,939,939
21,29,993,993
21,30,1055,1055
21,31,906,906
21,32,959,959
21,33,990,990
21,34,1063,1063
21,35,969,969
21,36,1034,1034
21,37,873,873
21,38,927,927
21,39,974,974
21,40,1045,1045
21,41,946,946
21,42,1012,1012
21,43,850,850
21,44,908,908
21,45,948,948
21,46,1022,1022
21,47,966,966
21,48,1063,1063
21,49,940,940
21,50,1012,1012
21,51,949,949
21,52,1035,1035
21,53,960,960
21,54,1051,1051
21,55,968,968
21,56,1055,1055
21,57,953,953
21,58,1044,1044
21,59,980,980
21,60,1100,1100
21,61,1079,1079
21,62,1039,1039
21,63,861,861
21,64,924,924
21,65,1003,1003
21,66,857,857
21,67,932,932
21,68,1015,1015
21,69,914,914
21,70,1001,1001
21,71,987,987
21,72,1086,1086
21,73,990,990
21,74,1095,1095
21,75,1038,1038
21,76,962,962
21,77,1055,1055
21,78,904,904
21,79,1010,1010
21,80,928,928
21,81,1022,1022
21,82,991,991
21,83,1081,1081
21,84,1039,1039
21,85,1039,1039
21,86,951,951
21,87,1036,1036
21,88,975,975
21,89,1067,1067
21,90,1065,1065
21,91,987,987
21,92,1079,1079
21,93,967,967
21,94,1055,1055
21,95,920,920
21,96,996,996
21,97,1086,1086
21,98,920,920
21,99,1004,1004
21,100,952,952
22,1,979,979
22,2,994,994
22,3,1010,1010
22,4,684,684
22,5,799,799
22,6,865,865
22,7,917,917
22,8,982,982
22,9,1030,1030
22,10,773,773
22,11,863,863
22,12,932,932
22,13,986,986
22,14,1038,1038
22,15,874,874
22,16,922,922
22,17,968,968
22,18,1016,1016
22,19,873,873
22,20,923,923
22,21,986,986
22,22,1027,1027
22,23,847,847
22,24,895,895
22,25,933,933
22,26,984,984
22,27,1025,1025
22,28,858,858
22,29,912,912
22,30,953,953
22,31,998,998
22,32,1032,1032
22,33,823,823
22,34,864,864
22,35,914,914
22,36,958,958
22,37,998,998
22,38,1040,1040
22,39,873,873
22,40,924,924
22,41,955,955
22,42,987,987
22,43,1018,1018
22,44,773,773
22,45,831,831
22,46,877,877
22,47,907,907
22,48,938,938
22,49,977,977
22,50,997,997
22,51,1033,1033
22,52,860,860
22,53,882,882
22,54,909,909
22,55,925,925
22,56,956,956
22,57,976,976
22,58,1019,1019
22,59,825,825
22,60,845,845
22,61,866,866
22,62,895,895
22,63,923,923
22,64,934,934
22,65,973,973
22,66,993,993
22,67,1017,1017
22,68,847,847
22,69,882,882
22,70,900,900
22,71,904,904
22,72,934,934
22,73,954,954
22,74,974,974
22,75,991,991
22,76,1032,1032
22,77,809,809
22,78,848,848
22,79,853,853
22,80,853,853
22,81,861,861
22,82,875,875
22,83,886,886
22,84,887,887
22,85,898,898
22,86,910,910
22,87,937,937
22,88,965,965
22,89,1028,1028
22,90,900,900
22,91,932,932
22,92,976,976
22,93,1047,1047
22,94,891,891
22,95,925,925
22,96,961,961
22,97,1033,1033
22,98,897,897
22,99,933,933
22,100,977,977
23,1,1001,1001
23,2,742,742
23,3,747,747
23,4,775,775
23,5,878,878
23,6,918,918
23,7,944,944
23,8,984,984
23,9,1049,1049
23,10,827,827
23,11,880,880
23,12,935,935
23,13,998,998
23,14,1066,1066
23,15,828,828
23,16,874,874
23,17,940,940
23,18,1017,1017
23,19,845,845
23,20,893,893
23,21,953,953
23,22,1016,1016
23,23,869,869
23,24,934,934
23,25,985,985
23,26,1079,1079
23,27,970,970
23,28,1060,1060
23,29,1012,1012
23,30,1097,1097
23,31,1212,1212
23,32,1131,1131
23,33,1068,1068
23,34,958,958
23,35,1052,1052
23,36,1012,1012
23,37,1094,1094
23,38,1061,1061
23,39,1018,1018
23,40,1070,1070
23,41,1022,1022
23,42,1114,1114
23,43,1015,1015
23,44,1121,1121
23,45,1101,1101
23,46,1024,1024
23,47,1107,1107
23,48,1030,1030
23,49,1080,1080
23,50,1025,1025
23,51,1057,1057
23,52,1014,1014
23,53,1117,1117
23,54,1042,1042
23,55,937,937
23,56,1008,1008
23,57,909,909
23,58,971,971
23,59,1058,1058
23,60,960,960
23,61,1033,1033
23,62,959,959
23,63,1059,1059
23,64,998,998
23,65,1093,1093
23,66,1132,1132
23,67,1110,1110
23,68,1080,1080
23,69,1101,1101
23,70,1133,1133
23,71,1105,1105
23,72,1004,1004
23,73,1124,1124
23,74,1143,1143
23,75,1105,1105
23,76,1119,1119
23,77,1116,1116
23,78,1095,1095
23,79,1056,1056
23,80,1037,1037
23,81,1065,1065
23,82,1060,1060
23,83,1046,1046
23,84,1032,1032
23,85,1039,1039
23,86,1027,1027
23,87,1128,1128
23,88,1081,1081
23,89,1027,1027
23,90,1133,1133
23,91,1139,1139
23,92,1074,1074
23,93,1051,1051
23,94,1064,1064
23,95,1025,1025
23,96,1133,1133
23,97,1108,1108
23,98,994,994
23,99,1106,1106
23,100,1029,1029
24,1,972,972
24,2,992,992
24,3,1004,1004
24,4,769,769
24,5,931,931
24,6,967,967
24,7,1026,1026
24,8,732,732
24,9,816,816
24,10,875,875
24,11,911,911
24,12,957,957
24,13,1024,1024
24,14,841,841
24,15,854,854
24,16,868,868
24,17,906,906
24,18,968,968
24,19,1051,1051
24,20,870,870
24,21,912,912
24,22,979,979
24,23,1069,1069
24,24,936,936
24,25,1007,1007
24,26,859,859
24,27,913,913
24,28,1005,1005
24,29,821,821
24,30,852,852
24,31,910,910
24,32,977,977
24,33,1076,1076
24,34,911,911
24,35,977,977
24,36,1072,1072
24,37,949,949
24,38,1028,1028
24,39,909,909
24,40,980,980
24,41,1071,1071
24,42,1014,1014
24,43,1085,1085
24,44,1164,1164
24,45,1068,1068
24,46,934,934
24,47,1025,1025
24,48,917,917
24,49,1002,1002
24,50,951,951
24,51,1038,1038
24,52,938,938
24,53,1020,1020
24,54,974,974
24,55,1063,1063
24,56,1000,1000
24,57,1088,1088
24,58,1009,1009
24,59,1106,1106
24,60,975,975
24,61,1062,1062
24,62,964,964
24,63,1059,1059
24,64,1002,1002
24,65,1112,1112
24,66,1053,1053
24,67,1032,1032
24,68,1071,1071
24,69,1012,1012
24,70,1065,1065
24,71,997,997
24,72,1092,1092
24,73,1008,1008
24,74,1105,1105
24,75,1068,1068
24,76,982,982
24,77,1079,1079
24,78,1035,1035
24,79,992,992
24,80,1090,1090
24,81,1074,1074
24,82,940,940
24,83,1026,1026
24,84,938,938
24,85,1041,1041
24,86,936,936
24,87,1034,1034
24,88,954,954
24,89,1036,1036
24,90,1009,1009
24,91,1114,1114
24,92,1030,1030
24,93,1117,1117
24,94,1020,1020
24,95,1123,1123
24,96,1042,1042
24,97,968,968
24,98,1072,1072
24,99,1035,1035
24,100,1106,1106
25,1,988,988
25,2,994,994
25,3,1026,1026
25,4,779,779
25,5,918,918
25,6,957,957
25,7,1018,1018
25,8,759,759
25,9,820,820
25,10,869,869
25,11,916,916
25,12,981,981
25,13,1048,1048
25,14,800,800
25,15,841,841
25,16,885,885
25,17,936,936
25,18,1010,1010
25,19,807,807
25,20,842,842
25,21,887,887
25,22,954,954
25,23,1028,1028
25,24,935,935
25,25,997,997
25,26,1059,1059
25,27,981,981
25,28,1053,1053
25,29,921,921
25,30,1001,1001
25,31,852,852
25,32,907,907
25,33,985,985
25,34,1040,1040
25,35,886,886
25,36,950,950
25,37,1019,1019
25,38,890,890
25,39,957,957
25,40,1013,1013
25,41,897,897
25,42,951,951
25,43,1009,1009
25,44,952,952
25,45,987,987
25,46,1032,1032
25,47,852,852
25,48,921,921
25,49,961,961
25,50,1011,1011
25,51,820,820
25,52,886,886
25,53,945,945
25,54,976,976
25,55,1011,1011
25,56,872,872
25,57,936,936
25,58,946,946
25,59,982,982
25,60,1015,1015
25,61,815,815
25,62,876,876
25,63,900,900
25,64,940,940
25,65,960,960
25,66,996,996
25,67,1030,1030
25,68,786,786
25,69,841,841
25,70,884,884
25,71,920,920
25,72,948,948
25,73,978,978
25,74,1003,1003
25,75,710,710
25,76,760,760
25,77,820,820
25,78,859,859
25,79,899,899
25,80,920,920
25,81,950,950
25,82,965,965
25,83,962,962
25,84,983,983
25,85,1025,1025
25,86,745,745
25,87,813,813
25,88,839,839
25,89,862,862
25,90,884,884
25,91,907,907
25,92,910,910
25,93,905,905
25,94,922,922
25,95,941,941
25,96,983,983
25,97,1029,1029
25,98,764,764
25,99,785,785
25,100,811,811
26,1,575,575
26,2,599,599
26,3,593,593
26,4,616,616
26,5,710,710
26,6,768,768
26,7,831,831
26,8,875,875
26,9,934,934
26,10,1018,1018
26,11,815,815
26,12,859,859
26,13,897,897
26,14,966,966
26,15,1060,1060
26,16,931,931
26,17,1012,1012
26,18,852,852
26,19,914,914
26,20,1009,1009
26,21,842,842
26,22,910,910
26,23,1000,1000
26,24,1083,1083
26,25,952,952
26,26,1038,1038
26,27,935,935
26,28,1037,1037
26,29,984,984
26,30,1087,1087
26,31,1012,1012
26,32,1063,1063
26,33,895,895
26,34,995,995
26,35,1087,1087
26,36,984,984
26,37,1076,1076
26,38,941,941
26,39,1038,1038
26,40,881,881
26,41,960,960
26,42,1061,1061
26,43,934,934
26,44,1028,1028
26,45,969,969
26,46,1051,1051
26,47,985,985
26,48,1056,1056
26,49,905,905
26,50,989,989
26,51,1065,1065
26,52,975,975
26,53,1058,1058
26,54,996,996
26,55,1076,1076
26,56,942,942
26,57,1005,1005
26,58,943,943
26,59,1024,1024
26,60,954,954
26,61,1016,1016
26,62,907,907
26,63,971,971
26,64,1046,1046
26,65,983,983
26,66,1057,1057
26,67,887,887
26,68,956,956
26,69,1026,1026
26,70,904,904
26,71,971,971
26,72,1029,1029
26,73,890,890
26,74,934,934
26,75,1007,1007
26,76,836,836
26,77,903,903
26,78,962,962
26,79,1067,1067
26,80,944,944
26,81,1017,1017
26,82,909,909
26,83,973,973
26,84,1061,1061
26,85,1003,1003
26,86,1088,1088
26,87,935,935
26,88,1022,1022
26,89,1005,1005
26,90,1118,1118
26,91,1063,1063
26,92,993,993
26,93,1103,1103
26,94,1094,1094
26,95,1014,1014
26,96,1131,1131
26,97,1126,1126
26,98,1063,1063
26,99,992,992
26,100,1098,1098
27,1,911,911
27,2,881,881
27,3,858,858
27,4,864,864
27,5,993,993
27,6,988,988
27,7,996,996
27,8,1012,1012
27,9,823,823
27,10,856,856
27,11,900,900
27,12,925,925
27,13,933,933
27,14,953,953
27,15,967,967
27,16,972,972
27,17,1003,1003
27,18,710,710
27,19,754,754
27,20,804,804
27,21,842,842
27,22,874,874
27,23,895,895
27,24,905,905
27,25,930,930
27,26,929,929
27,27,960,960
27,28,998,998
27,29,1051,1051
27,30,739,739
27,31,778,778
27,32,819,819
27,33,850,850
27,34,856,856
27,35,873,873
27,36,889,889
27,37,900,900
27,38,925,925
27,39,960,960
27,40,1013,1013
27,41,767,767
27,42,797,797
27,43,835,835
27,44,859,859
27,45,878,878
27,46,894,894
27,47,926,926
27,48,974,974
27,49,1030,1030
27,50,793,793
27,51,811,811
27,52,847,847
27,53,860,860
27,54,886,886
27,55,921,921
27,56,961,961
27,57,1030,1030
27,58,770,770
27,59,799,799
27,60,825,825
27,61,839,839
27,62,870,870
27,63,924,924
27,64,977,977
27,65,1032,1032
27,66,868,868
27,67,913,913
27,68,971,971
27,69,1021,1021
27,70,880,880
27,71,929,929
27,72,983,983
27,73,1034,1034
27,74,978,978
27,75,1022,1022
27,76,841,841
27,77,886,886
27,78,927,927
27,79,975,975
27,80,1022,1022
27,81,834,834
27,82,883,883
27,83,926,926
27,84,971,971
27,85,1024,1024
27,86,818,818
27,87,871,871
27,88,918,918
27,89,959,959
27,90,1006,1006
27,91,884,884
27,92,923,923
27,93,970,970
27,94,1005,1005
27,95,827,827
27,96,878,878
27,97,916,916
27,98,964,964
27,99,1027,1027
27,100,928,928
28,1,962,962
28,2,965,965
28,3,982,982
28,4,1009,1009
28,5,820,820
28,6,856,856
28,7,878,878
28,8,905,905
28,9,965,965
28,10,1019,1019
28,11,819,819
28,12,847,847
28,13,873,873
28,14,912,912
28,15,997,997
28,16,1047,1047
28,17,842,842
28,18,870,870
28,19,926,926
28,20,988,988
28,21,1052,1052
28,22,918,918
28,23,963,963
28,24,1045,1045
28,25,908,908
28,26,968,968
28,27,1045,1045
28,28,952,952
28,29,1027,1027
28,30,1000,1000
28,31,1075,1075
28,32,973,973
28,33,1045,1045
28,34,966,966
28,35,1037,1037
28,36,912,912
28,37,991,991
28,38,1066,1066
28,39,919,919
28,40,1008,1008
28,41,932,932
28,42,1012,1012
28,43,929,929
28,44,994,994
28,45,1065,1065
28,46,897,897
28,47,965,965
28,48,1043,1043
28,49,872,872
28,50,950,950
28,51,1020,1020
28,52,909,909
28,53,963,963
28,54,1017,1017
28,55,964,964
28,56,1013,1013
28,57,855,855
28,58,910,910
28,59,978,978
28,60,1029,1029
28,61,870,870
28,62,935,935
28,63,994,994
28,64,1053,1053
28,65,913,913
28,66,973,973
28,67,1032,1032
28,68,923,923
28,69,975,975
28,70,1020,1020
28,71,936,936
28,72,977,977
28,73,1038,1038
28,74,934,934
28,75,962,962
28,76,1027,1027
28,77,944,944
28,78,981,981
28,79,1050,1050
28,80,787,787
28,81,841,841
28,82,891,891
28,83,948,948
28,84,996,996
28,85,1057,1057
28,86,938,938
28,87,987,987
28,88,1024,1024
28,89,890,890
28,90,926,926
28,91,980,980
28,92,1019,1019
28,93,787,787
28,94,842,842
28,95,876,876
28,96,916,916
28,97,978,978
28,98,1023,1023
28,99,918,918
28,100,960,960
29,1,602,602
29,2,611,611
29,3,619,619
29,4,641,641
29,5,738,738
29,6,758,758
29,7,814,814
29,8,891,891
29,9,987,987
29,10,1084,1084
29,11,967,967
29,12,1043,1043
29,13,917,917
29,14,998,998
29,15,1085,1085
29,16,1003,1003
29,17,1101,1101
29,18,979,979
29,19,1073,1073
29,20,993,993
29,21,1089,1089
29,22,926,926
29,23,1009,1009
29,24,927,927
29,25,1005,1005
29,26,948,948
29,27,1034,1034
29,28,996,996
29,29,1102,1102
29,30,1050,1050
29,31,930,930
29,32,1019,1019
29,33,946,946
29,34,1036,1036
29,35,997,997
29,36,1088,1088
29,37,1010,1010
29,38,1106,1106
29,39,1028,1028
29,40,1029,1029
29,41,944,944
29,42,1050,1050
29,43,947,947
29,44,1050,1050
29,45,955,955
29,46,1055,1055
29,47,978,978
29,48,1060,1060
29,49,1006,1006
29,50,1092,1092
29,51,993,993
29,52,1071,1071
29,53,999,999
29,54,1073,1073
29,55,986,986
29,56,1055,1055
29,57,1008,1008
29,58,1094,1094
29,59,954,954
29,60,1029,1029
29,61,957,957
29,62,1030,1030
29,63,958,958
29,64,1045,1045
29,65,916,916
29,66,994,994
29,67,1066,1066
29,68,962,962
29,69,1039,1039
29,70,913,913
29,71,998,998
29,72,1056,1056
29,73,844,844
29,74,940,940
29,75,1016,1016
29,76,906,906
29,77,973,973
29,78,1035,1035
29,79,877,877
29,80,939,939
29,81,1005,1005
29,82,864,864
29,83,926,926
29,84,997,997
29,85,1042,1042
29,86,864,864
29,87,923,923
29,88,996,996
29,89,1025,1025
29,90,925,925
29,91,993,993
29,92,1035,1035
29,93,903,903
29,94,959,959
29,95,987,987
29,96,1034,1034
29,97,933,933
29,98,954,954
29,99,988,988
29,100,1037,1037
30,1,1005,1005
30,2,691,691
30,3,735,735
30,4,791,791
30,5,937,937
30,6,986,986
30,7,1035,1035
30,8,823,823
30,9,890,890
30,10,954,954
30,11,1025,1025
30,12,709,709
30,13,769,769
30,14,832,832
30,15,912,912
30,16,971,971
30,17,1019,1019
30,18,862,862
30,19,927,927
30,20,971,971
30,21,996,996
30,22,1019,1019
30,23,856,856
30,24,928,928
30,25,956,956
30,26,966,966
30,27,985,985
30,28,1019,1019
30,29,817,817
30,30,874,874
30,31,921,921
30,32,938,938
30,33,972,972
30,34,1004,1004
30,35,803,803
30,36,846,846
30,37,884,884
30,38,930,930
30,39,946,946
30,40,974,974
30,41,1009,1009
30,42,744,744
30,43,793,793
30,44,841,841
30,45,878,878
30,46,914,914
30,47,949,949
30,48,977,977
30,49,1021,1021
30,50,895,895
30,51,917,917
30,52,960,960
30,53,1014,1014
30,54,910,910
30,55,933,933
30,56,969,969
30,57,1021,1021
30,58,849,849
30,59,871,871
30,60,907,907
30,61,945,945
30,62,973,973
30,63,1014,1014
30,64,769,769
30,65,809,809
30,66,826,826
30,67,847,847
30,68,880,880
30,69,915,915
30,70,938,938
30,71,973,973
30,72,1032,1032
30,73,805,805
30,74,842,842
30,75,879,879
30,76,918,918
30,77,960,960
30,78,1013,1013
30,79,826,826
30,80,874,874
30,81,924,924
30,82,985,985
30,83,1037,1037
30,84,867,867
30,85,901,901
30,86,962,962
30,87,1027,1027
30,88,887,887
30,89,951,951
30,90,1006,1006
30,91,829,829
30,92,880,880
30,93,939,939
30,94,1000,1000
30,95,1052,1052
30,96,951,951
30,97,998,998
30,98,1035,1035
30,99,875,875
30,100,923,923
31,1,998,998
31,2,1009,1009
31,3,771,771
31,4,810,810
31,5,960,960
31,6,1015,1015
31,7,830,830
31,8,894,894
31,9,952,952
31,10,1024,1024
31,11,756,756
31,12,806,806
31,13,871,871
31,14,935,935
31,15,1009,1009
31,16,795,795
31,17,870,870
31,18,931,931
31,19,998,998
31,20,1062,1062
31,21,792,792
31,22,861,861
31,23,923,923
31,24,988,988
31,25,1062,1062
31,26,886,886
31,27,950,950
31,28,1002,1002
31,29,860,860
31,30,929,929
31,31,980,980
31,32,1035,1035
31,33,913,913
31,34,963,963
31,35,1029,1029
31,36,900,900
31,37,964,964
31,38,1019,1019
31,39,855,855
31,40,920,920
31,41,989,989
31,42,1053,1053
31,43,899,899
31,44,961,961
31,45,1023,1023
31,46,763,763
31,47,812,812
31,48,875,875
31,49,947,947
31,50,991,991
31,51,1055,1055
31,52,861,861
31,53,941,941
31,54,1001,1001
31,55,860,860
31,56,935,935
31,57,995,995
31,58,1056,1056
31,59,917,917
31,60,970,970
31,61,1027,1027
31,62,802,802
31,63,873,873
31,64,928,928
31,65,980,980
31,66,1043,1043
31,67,861,861
31,68,928,928
31,69,990,990
31,70,1037,1037
31,71,893,893
31,72,937,937
31,73,999,999
31,74,1042,1042
31,75,898,898
31,76,962,962
31,77,1004,1004
31,78,859,859
31,79,896,896
31,80,955,955
31,81,1000,1000
31,82,1051,1051
31,83,886,886
31,84,939,939
31,85,983,983
31,86,1020,1020
31,87,888,888
31,88,938,938
31,89,978,978
31,90,1012,1012
31,91,871,871
31,92,924,924
31,93,970,970
31,94,1015,1015
31,95,886,886
31,96,925,925
31,97,974,974
31,98,1025,1025
31,99,899,899
31,100,938,938
32,1,973,973
32,2,973,973
32,3,984,984
32,4,1000,1000
32,5,1164,1164
32,6,999,999
32,7,1048,1048
32,8,775,775
32,9,842,842
32,10,897,897
32,11,973,973
32,12,1014,1014
32,13,814,814
32,14,881,881
32,15,949,949
32,16,996,996
32,17,1069,1069
32,18,924,924
32,19,978,978
32,20,1050,1050
32,21,976,976
32,22,1038,1038
32,23,1005,1005
32,24,1100,1100
32,25,1020,1020
32,26,1127,1127
32,27,1153,1153
32,28,1090,1090
32,29,1109,1109
32,30,1076,1076
32,31,1039,1039
32,32,964,964
32,33,1056,1056
32,34,1018,1018
32,35,1118,1118
32,36,1092,1092
32,37,1001,1001
32,38,1094,1094
32,39,989,989
32,40,1084,1084
32,41,1012,1012
32,42,1100,1100
32,43,1091,1091
32,44,1043,1043
32,45,952,952
32,46,1043,1043
32,47,943,943
32,48,1041,1041
32,49,960,960
32,50,1058,1058
32,51,1000,1000
32,52,1092,1092
32,53,1080,1080
32,54,1009,1009
32,55,1114,1114
32,56,1066,1066
32,57,1008,1008
32,58,1104,1104
32,59,1004,1004
32,60,1109,1109
32,61,981,981
32,62,1085,1085
32,63,958,958
32,64,1052,1052
32,65,1031,1031
32,66,938,938
32,67,1041,1041
32,68,958,958
32,69,1058,1058
32,70,999,999
32,71,1092,1092
32,72,998,998
32,73,1100,1100
32,74,1080,1080
32,75,989,989
32,76,1086,1086
32,77,1085,1085
32,78,1016,1016
32,79,1101,1101
32,80,1114,1114
32,81,1017,1017
32,82,1100,1100
32,83,1025,1025
32,84,1115,1115
32,85,1102,1102
32,86,1036,1036
32,87,1069,1069
32,88,1062,1062
32,89,1002,1002
32,90,1115,1115
32,91,1029,1029
32,92,1030,1030
32,93,1000,1000
32,94,1080,1080
32,95,1026,1026
32,96,1013,1013
32,97,1102,1102
32,98,971,971
32,99,1075,1075
32,100,995,995
33,1,1083,1083
33,2,738,738
33,3,773,773
33,4,837,837
33,5,977,977
33,6,1077,1077
33,7,953,953
33,8,1030,1030
33,9,892,892
33,10,987,987
33,11,1128,1128
33,12,1041,1041
33,13,992,992
33,14,1110,1110
33,15,1064,1064
33,16,1012,1012
33,17,1139,1139
33,18,993,993
33,19,1110,1110
33,20,1064,1064
33,21,975,975
33,22,1095,1095
33,23,1072,1072
33,24,959,959
33,25,1084,1084
33,26,1033,1033
33,27,988,988
33,28,1108,1108
33,29,1035,1035
33,30,1002,1002
33,31,1117,1117
33,32,1057,1057
33,33,1047,1047
33,34,965,965
33,35,1097,1097
33,36,1007,1007
33,37,1116,1116
33,38,1003,1003
33,39,1110,1110
33,40,1027,1027
33,41,1107,1107
33,42,1027,1027
33,43,1084,1084
33,44,1030,1030
33,45,976,976
33,46,1084,1084
33,47,975,975
33,48,1095,1095
33,49,1039,1039
33,50,998,998
33,51,1101,1101
33,52,973,973
33,53,1062,1062
33,54,895,895
33,55,995,995
33,56,1086,1086
33,57,1039,1039
33,58,943,943
33,59,1041,1041
33,60,984,984
33,61,1054,1054
33,62,968,968
33,63,1051,1051
33,64,954,954
33,65,1011,1011
33,66,961,961
33,67,1021,1021
33,68,926,926
33,69,1002,1002
33,70,875,875
33,71,953,953
33,72,1033,1033
33,73,855,855
33,74,953,953
33,75,1018,1018
33,76,831,831
33,77,908,908
33,78,991,991
33,79,1069,1069
33,80,877,877
33,81,952,952
33,82,1026,1026
33,83,859,859
33,84,930,930
33,85,1003,1003
33,86,846,846
33,87,910,910
33,88,964,964
33,89,1020,1020
33,90,864,864
33,91,918,918
33,92,992,992
33,93,1028,1028
33,94,884,884
33,95,940,940
33,96,996,996
33,97,1039,1039
33,98,949,949
33,99,990,990
33,100,1030,1030
34,1,941,941
34,2,949,949
34,3,958,958
34,4,974,974
34,5,1127,1127
34,6,882,882
34,7,926,926
34,8,963,963
34,9,1020,1020
34,10,800,800
34,11,871,871
34,12,895,895
34,13,924,924
34,14,983,983
34,15,1050,1050
34,16,875,875
34,17,914,914
34,18,962,962
34,19,1020,1020
34,20,913,913
34,21,957,957
34,22,1023,1023
34,23,876,876
34,24,928,928
34,25,964,964
34,26,1038,1038
34,27,845,845
34,28,888,888
34,29,941,941
34,30,1013,1013
34,31,890,890
34,32,921,921
34,33,988,988
34,34,1070,1070
34,35,951,951
34,36,1025,1025
34,37,938,938
34,38,1027,1027
34,39,970,970
34,40,1058,1058
34,41,1063,1063
34,42,1025,1025
34,43,1127,1127
34,44,1009,1009
34,45,1101,1101
34,46,1040,1040
34,47,1008,1008
34,48,1111,1111
34,49,1032,1032
34,50,990,990
34,51,1087,1087
34,52,1012,1012
34,53,1120,1120
34,54,1207,1207
34,55,1084,1084
34,56,1026,1026
34,57,1051,1051
34,58,1014,1014
34,59,1091,1091
34,60,1074,1074
34,61,1023,1023
34,62,1115,1115
34,63,987,987
34,64,1095,1095
34,65,1019,1019
34,66,1087,1087
34,67,1018,1018
34,68,1094,1094
34,69,1051,1051
34,70,959,959
34,71,1071,1071
34,72,966,966
34,73,1059,1059
34,74,1027,1027
34,75,1094,1094
34,76,1033,1033
34,77,958,958
34,78,1046,1046
34,79,985,985
34,80,1057,1057
34,81,988,988
34,82,1052,1052
34,83,989,989
34,84,1048,1048
34,85,979,979
34,86,1047,1047
34,87,883,883
34,88,978,978
34,89,1048,1048
34,90,983,983
34,91,1039,1039
34,92,945,945
34,93,1010,1010
34,94,924,924
34,95,991,991
34,96,1037,1037
34,97,965,965
34,98,1023,1023
34,99,985,985
34,100,1031,1031
35,1,965,965
35,2,969,969
35,3,988,988
35,4,996,996
35,5,1169,1169
35,6,906,906
35,7,949,949
35,8,1002,1002
35,9,783,783
35,10,828,828
35,11,901,901
35,12,952,952
35,13,1010,1010
35,14,788,788
35,15,849,849
35,16,899,899
35,17,961,961
35,18,1025,1025
35,19,800,800
35,20,853,853
35,21,915,915
35,22,977,977
35,23,1034,1034
35,24,869,869
35,25,932,932
35,26,992,992
35,27,1041,1041
35,28,864,864
35,29,916,916
35,30,973,973
35,31,1032,1032
35,32,915,915
35,33,969,969
35,34,1025,1025
35,35,885,885
35,36,937,937
35,37,982,982
35,38,1041,1041
35,39,895,895
35,40,953,953
35,41,1012,1012
35,42,887,887
35,43,947,947
35,44,995,995
35,45,1058,1058
35,46,943,943
35,47,1005,1005
35,48,929,929
35,49,980,980
35,50,1047,1047
35,51,881,881
35,52,926,926
35,53,985,985
35,54,1061,1061
35,55,927,927
35,56,984,984
35,57,1054,1054
35,58,914,914
35,59,981,981
35,60,1037,1037
35,61,899,899
35,62,954,954
35,63,1022,1022
35,64,924,924
35,65,996,996
35,66,1044,1044
35,67,902,902
35,68,960,960
35,69,1021,1021
35,70,922,922
35,71,996,996
35,72,1062,1062
35,73,924,924
35,74,979,979
35,75,1048,1048
35,76,901,901
35,77,965,965
35,78,1025,1025
35,79,915,915
35,80,983,983
35,81,1022,1022
35,82,858,858
35,83,908,908
35,84,960,960
35,85,1007,1007
35,86,830,830
35,87,895,895
35,88,952,952
35,89,989,989
35,90,1031,1031
35,91,898,898
35,92,955,955
35,93,994,994
35,94,1028,1028
35,95,832,832
35,96,891,891
35,97,945,945
35,98,994,994
35,99,1026,1026
35,100,825,825
36,1,994,994
36,2,1010,1010
36,3,729,729
36,4,802,802
36,5,963,963
36,6,1006,1006
36,7,831,831
36,8,896,896
36,9,979,979
36,10,1060,1060
36,11,922,922
36,12,984,984
36,13,1053,1053
36,14,838,838
36,15,913,913
36,16,969,969
36,17,1042,1042
36,18,890,890
36,19,939,939
36,20,1027,1027
36,21,861,861
36,22,927,927
36,23,995,995
36,24,1068,1068
36,25,934,934
36,26,1000,1000
36,27,1079,1079
36,28,949,949
36,29,1023,1023
36,30,943,943
36,31,1014,1014
36,32,941,941
36,33,1024,1024
36,34,963,963
36,35,1043,1043
36,36,901,901
36,37,975,975
36,38,1057,1057
36,39,989,989
36,40,1068,1068
36,41,953,953
36,42,1025,1025
36,43,951,951
36,44,1018,1018
36,45,955,955
36,46,1029,1029
36,47,924,924
36,48,999,999
36,49,1063,1063
36,50,977,977
36,51,1039,1039
36,52,939,939
36,53,1003,1003
36,54,854,854
36,55,918,918
36,56,991,991
36,57,1044,1044
36,58,915,915
36,59,988,988
36,60,1052,1052
36,61,917,917
36,62,978,978
36,63,1038,1038
36,64,962,962
36,65,1012,1012
36,66,909,909
36,67,978,978
36,68,1043,1043
36,69,909,909
36,70,962,962
36,71,1030,1030
36,72,942,942
36,73,999,999
36,74,1074,1074
36,75,1015,1015
36,76,1102,1102
36,77,1101,1101
36,78,1078,1078
36,79,981,981
36,80,1062,1062
36,81,1040,1040
36,82,962,962
36,83,1040,1040
36,84,934,934
36,85,1010,1010
36,86,976,976
36,87,1054,1054
36,88,968,968
36,89,1063,1063
36,90,995,995
36,91,1091,1091
36,92,1097,1097
36,93,1056,1056
36,94,1066,1066
36,95,1039,1039
36,96,979,979
36,97,1066,1066
36,98,1015,1015
36,99,1089,1089
36,100,1000,1000
37,1,1071,1071
37,2,918,918
37,3,981,981
37,4,1088,1088
37,5,997,997
37,6,1099,1099
37,7,867,867
37,8,945,945
37,9,1060,1060
37,10,957,957
37,11,1081,1081
37,12,997,997
37,13,1099,1099
37,14,1004,1004
37,15,1123,1123
37,16,995,995
37,17,1104,1104
37,18,1027,1027
37,19,943,943
37,20,1075,1075
37,21,933,933
37,22,1070,1070
37,23,978,978
37,24,1085,1085
37,25,915,915
37,26,1027,1027
37,27,904,904
37,28,1007,1007
37,29,936,936
37,30,1040,1040
37,31,933,933
37,32,1031,1031
37,33,926,926
37,34,1024,1024
37,35,902,902
37,36,1008,1008
37,37,882,882
37,38,982,982
37,39,1050,1050
37,40,939,939
37,41,1017,1017
37,42,923,923
37,43,1006,1006
37,44,919,919
37,45,1001,1001
37,46,995,995
37,47,1061,1061
37,48,986,986
37,49,1053,1053
37,50,986,986
37,51,1057,1057
37,52,975,975
37,53,1030,1030
37,54,900,900
37,55,968,968
37,56,1013,1013
37,57,829,829
37,58,908,908
37,59,949,949
37,60,1017,1017
37,61,822,822
37,62,911,911
37,63,960,960
37,64,1023,1023
37,65,925,925
37,66,974,974
37,67,1042,1042
37,68,889,889
37,69,938,938
37,70,994,994
37,71,1035,1035
37,72,924,924
37,73,995,995
37,74,1057,1057
37,75,952,952
37,76,998,998
37,77,1062,1062
37,78,911,911
37,79,939,939
37,80,980,980
37,81,1049,1049
37,82,969,969
37,83,1026,1026
37,84,897,897
37,85,942,942
37,86,975,975
37,87,1070,1070
37,88,931,931
37,89,967,967
37,90,1046,1046
37,91,977,977
37,92,1038,1038
37,93,930,930
37,94,994,994
37,95,1064,1064
37,96,998,998
37,97,1058,1058
37,98,937,937
37,99,1004,1004
37,100,899,899
38,1,1013,1013
38,2,1024,1024
38,3,697,697
38,4,727,727
38,5,862,862
38,6,933,933
38,7,990,990
38,8,1062,1062
38,9,880,880
38,10,959,959
38,11,1033,1033
38,12,824,824
38,13,886,886
38,14,968,968
38,15,1041,1041
38,16,845,845
38,17,921,921
38,18,986,986
38,19,1077,1077
38,20,892,892
38,21,969,969
38,22,1054,1054
38,23,912,912
38,24,981,981
38,25,1048,1048
38,26,948,948
38,27,1016,1016
38,28,839,839
38,29,895,895
38,30,970,970
38,31,1050,1050
38,32,872,872
38,33,927,927
38,34,988,988
38,35,1049,1049
38,36,925,925
38,37,992,992
38,38,1062,1062
38,39,888,888
38,40,954,954
38,41,1005,1005
38,42,859,859
38,43,927,927
38,44,974,974
38,45,1042,1042
38,46,940,940
38,47,1000,1000
38,48,1072,1072
38,49,909,909
38,50,965,965
38,51,1047,1047
38,52,850,850
38,53,901,901
38,54,957,957
38,55,1038,1038
38,56,951,951
38,57,1023,1023
38,58,878,878
38,59,947,947
38,60,1008,1008
38,61,886,886
38,62,953,953
38,63,1019,1019
38,64,909,909
38,65,970,970
38,66,1040,1040
38,67,972,972
38,68,1032,1032
38,69,945,945
38,70,1015,1015
38,71,877,877
38,72,948,948
38,73,1016,1016
38,74,903,903
38,75,957,957
38,76,1023,1023
38,77,868,868
38,78,930,930
38,79,994,994
38,80,1056,1056
38,81,943,943
38,82,1011,1011
38,83,928,928
38,84,991,991
38,85,1064,1064
38,86,951,951
38,87,1024,1024
38,88,928,928
38,89,981,981
38,90,1045,1045
38,91,954,954
38,92,1033,1033
38,93,921,921
38,94,978,978
38,95,1039,1039
38,96,892,892
38,97,949,949
38,98,1012,1012
38,99,941,941
38,100,1013,1013
39,1,639,639
39,2,651,651
39,3,665,665
39,4,705,705
39,5,826,826
39,6,864,864
39,7,917,917
39,8,983,983
39,9,1068,1068
39,10,824,824
39,11,901,901
39,12,965,965
39,13,1044,1044
39,14,871,871
39,15,922,922
39,16,997,997
39,17,1064,1064
39,18,976,976
39,19,1072,1072
39,20,880,880
39,21,941,941
39,22,1037,1037
39,23,892,892
39,24,973,973
39,25,1031,1031
39,26,787,787
39,27,837,837
39,28,896,896
39,29,964,964
39,30,1026,1026
39,31,887,887
39,32,955,955
39,33,1018,1018
39,34,889,889
39,35,957,957
39,36,1025,1025
39,37,884,884
39,38,955,955
39,39,1024,1024
39,40,916,916
39,41,985,985
39,42,1045,1045
39,43,919,919
39,44,969,969
39,45,1023,1023
39,46,895,895
39,47,964,964
39,48,1005,1005
39,49,851,851
39,50,923,923
39,51,981,981
39,52,1030,1030
39,53,894,894
39,54,946,946
39,55,1008,1008
39,56,829,829
39,57,895,895
39,58,951,951
39,59,1017,1017
39,60,834,834
39,61,890,890
39,62,946,946
39,63,998,998
39,64,1034,1034
39,65,809,809
39,66,872,872
39,67,931,931
39,68,965,965
39,69,1016,1016
39,70,873,873
39,71,938,938
39,72,990,990
39,73,1062,1062
39,74,929,929
39,75,980,980
39,76,1051,1051
39,77,984,984
39,78,1072,1072
39,79,896,896
39,80,931,931
39,81,976,976
39,82,1052,1052
39,83,935,935
39,84,981,981
39,85,1065,1065
39,86,959,959
39,87,1039,1039
39,88,971,971
39,89,1052,1052
39,90,992,992
39,91,1058,1058
39,92,1015,1015
39,93,1079,1079
39,94,1087,1087
39,95,994,994
39,96,1057,1057
39,97,973,973
39,98,1028,1028
39,99,1001,1001
39,100,1075,1075
40,1,974,974
40,2,966,966
40,3,995,995
40,4,1034,1034
40,5,902,902
40,6,946,946
40,7,991,991
40,8,1055,1055
40,9,806,806
40,10,858,858
40,11,910,910
40,12,944,944
40,13,987,987
40,14,1059,1059
40,15,720,720
40,16,753,753
40,17,778,778
40,18,815,815
40,19,856,856
40,20,904,904
40,21,963,963
40,22,1035,1035
40,23,860,860
40,24,910,910
40,25,957,957
40,26,1009,1009
40,27,864,864
40,28,917,917
40,29,976,976
40,30,1034,1034
40,31,889,889
40,32,947,947
40,33,1011,1011
40,34,896,896
40,35,946,946
40,36,1000,1000
40,37,1067,1067
40,38,889,889
40,39,941,941
40,40,1010,1010
40,41,868,868
40,42,928,928
40,43,982,982
40,44,1054,1054
40,45,897,897
40,46,962,962
40,47,1028,1028
40,48,881,881
40,49,933,933
40,50,985,985
40,51,1047,1047
40,52,1010,1010
40,53,1078,1078
40,54,975,975
40,55,1037,1037
40,56,917,917
40,57,971,971
40,58,1027,1027
40,59,870,870
40,60,915,915
40,61,966,966
40,62,1038,1038
40,63,878,878
40,64,923,923
40,65,997,997
40,66,1072,1072
40,67,891,891
40,68,959,959
40,69,1029,1029
40,70,853,853
40,71,909,909
40,72,978,978
40,73,1045,1045
40,74,912,912
40,75,974,974
40,76,1032,1032
40,77,932,932
40,78,1016,1016
40,79,875,875
40,80,936,936
40,81,1032,1032
40,82,948,948
40,83,1023,1023
40,84,1011,1011
40,85,1102,1102
40,86,1024,1024
40,87,1052,1052
40,88,971,971
40,89,1052,1052
40,90,937,937
40,91,1017,1017
40,92,945,945
40,93,1018,1018
40,94,965,965
40,95,1055,1055
40,96,1008,1008
40,97,1103,1103
40,98,1068,1068
40,99,999,999
40,100,1086,1086
41,1,922,922
41,2,894,894
41,3,858,858
41,4,850,850
41,5,970,970
41,6,974,974
41,7,981,981
41,8,1000,1000
41,9,1034,1034
41,10,847,847
41,11,870,870
41,12,884,884
41,13,901,901
41,14,945,945
41,15,959,959
41,16,971,971
41,17,1008,1008
41,18,825,825
41,19,847,847
41,20,874,874
41,21,910,910
41,22,943,943
41,23,964,964
41,24,998,998
41,25,1050,1050
41,26,850,850
41,27,904,904
41,28,931,931
41,29,978,978
41,30,1029,1029
41,31,892,892
41,32,926,926
41,33,988,988
41,34,1048,1048
41,35,858,858
41,36,902,902
41,37,947,947
41,38,1009,1009
41,39,834,834
41,40,871,871
41,41,916,916
41,42,981,981
41,43,1032,1032
41,44,887,887
41,45,945,945
41,46,998,998
41,47,1077,1077
41,48,921,921
41,49,982,982
41,50,1060,1060
41,51,950,950
41,52,1008,1008
41,53,828,828
41,54,865,865
41,55,897,897
41,56,960,960
41,57,1028,1028
41,58,959,959
41,59,1035,1035
41,60,900,900
41,61,954,954
41,62,1033,1033
41,63,870,870
41,64,925,925
41,65,996,996
41,66,1090,1090
41,67,994,994
41,68,1089,1089
41,69,974,974
41,70,1065,1065
41,71,984,984
41,72,1080,1080
41,73,1098,1098
41,74,936,936
41,75,1025,1025
41,76,969,969
41,77,1076,1076
41,78,989,989
41,79,1098,1098
41,80,1071,1071
41,81,1000,1000
41,82,1112,1112
41,83,1085,1085
41,84,1077,1077
41,85,974,974
41,86,1070,1070
41,87,972,972
41,88,1083,1083
41,89,1025,1025
41,90,1150,1150
41,91,1081,1081
41,92,1048,1048
41,93,1026,1026
41,94,1021,1021
41,95,1003,1003
41,96,1128,1128
41,97,1148,1148
41,98,1102,1102
41,99,1106,1106
41,100,1056,1056
42,1,1016,1016
42,2,785,785
42,3,848,848
42,4,916,916
42,5,1086,1086
42,6,827,827
42,7,921,921
42,8,997,997
42,9,1097,1097
42,10,872,872
42,11,971,971
42,12,1050,1050
42,13,918,918
42,14,1002,1002
42,15,849,849
42,16,947,947
42,17,1015,1015
42,18,865,865
42,19,932,932
42,20,1015,1015
42,21,960,960
42,22,1033,1033
42,23,940,940
42,24,1017,1017
42,25,876,876
42,26,960,960
42,27,1020,1020
42,28,874,874
42,29,942,942
42,30,1023,1023
42,31,927,927
42,32,991,991
42,33,1063,1063
42,34,1002,1002
42,35,1072,1072
42,36,972,972
42,37,1045,1045
42,38,959,959
42,39,1030,1030
42,40,887,887
42,41,953,953
42,42,1013,1013
42,43,823,823
42,44,901,901
42,45,964,964
42,46,1044,1044
42,47,982,982
42,48,1067,1067
42,49,981,981
42,50,1052,1052
42,51,877,877
42,52,940,940
42,53,1012,1012
42,54,908,908
42,55,981,981
42,56,1048,1048
42,57,893,893
42,58,953,953
42,59,1023,1023
42,60,842,842
42,61,895,895
42,62,964,964
42,63,1039,1039
42,64,911,911
42,65,989,989
42,66,1048,1048
42,67,953,953
42,68,1015,1015
42,69,894,894
42,70,963,963
42,71,1025,1025
42,72,897,897
42,73,968,968
42,74,1028,1028
42,75,905,905
42,76,972,972
42,77,1040,1040
42,78,933,933
42,79,1001,1001
42,80,972,972
42,81,1042,1042
42,82,958,958
42,83,1018,1018
42,84,942,942
42,85,999,999
42,86,1066,1066
42,87,927,927
42,88,977,977
42,89,1042,1042
42,90,901,901
42,91,953,953
42,92,1014,1014
42,93,895,895
42,94,941,941
42,95,1004,1004
42,96,908,908
42,97,963,963
42,98,1024,1024
42,99,928,928
42,100,981,981
43,1,951,951
43,2,945,945
43,3,946,946
43,4,951,951
43,5,1100,1100
43,6,891,891
43,7,938,938
43,8,975,975
43,9,1017,1017
43,10,696,696
43,11,730,730
43,12,754,754
43,13,793,793
43,14,845,845
43,15,899,899
43,16,951,951
43,17,995,995
43,18,1052,1052
43,19,848,848
43,20,905,905
43,21,936,936
43,22,965,965
43,23,1011,1011
43,24,753,753
43,25,804,804
43,26,865,865
43,27,901,901
43,28,935,935
43,29,978,978
43,30,1043,1043
43,31,821,821
43,32,858,858
43,33,881,881
43,34,920,920
43,35,957,957
43,36,1023,1023
43,37,815,815
43,38,852,852
43,39,878,878
43,40,910,910
43,41,961,961
43,42,1035,1035
43,43,886,886
43,44,929,929
43,45,982,982
43,46,1058,1058
43,47,854,854
43,48,896,896
43,49,942,942
43,50,1000,1000
43,51,1093,1093
43,52,986,986
43,53,1056,1056
43,54,960,960
43,55,1055,1055
43,56,923,923
43,57,989,989
43,58,1086,1086
43,59,892,892
43,60,955,955
43,61,1042,1042
43,62,958,958
43,63,1058,1058
43,64,963,963
43,65,1061,1061
43,66,954,954
43,67,1034,1034
43,68,958,958
43,69,1051,1051
43,70,938,938
43,71,1026,1026
43,72,960,960
43,73,1060,1060
43,74,983,983
43,75,1064,1064
43,76,950,950
43,77,1046,1046
43,78,962,962
43,79,1040,1040
43,80,956,956
43,81,1040,1040
43,82,998,998
43,83,1085,1085
43,84,1019,1019
43,85,1066,1066
43,86,996,996
43,87,1091,1091
43,88,1011,1011
43,89,1088,1088
43,90,1030,1030
43,91,975,975
43,92,1050,1050
43,93,931,931
43,94,1000,1000
43,95,1089,1089
43,96,995,995
43,97,1070,1070
43,98,1010,1010
43,99,1088,1088
43,100,1035,1035
44,1,1068,1068
44,2,772,772
44,3,818,818
44,4,905,905
44,5,1107,1107
44,6,798,798
44,7,888,888
44,8,1008,1008
44,9,901,901
44,10,1014,1014
44,11,938,938
44,12,1062,1062
44,13,1058,1058
44,14,905,905
44,15,1016,1016
44,16,977,977
44,17,1088,1088
44,18,1066,1066
44,19,1047,1047
44,20,1011,1011
44,21,1131,1131
44,22,1151,1151
44,23,1113,1113
44,24,1053,1053
44,25,1005,1005
44,26,1134,1134
44,27,1077,1077
44,28,1014,1014
44,29,1141,1141
44,30,1094,1094
44,31,1082,1082
44,32,1068,1068
44,33,1034,1034
44,34,972,972
44,35,1094,1094
44,36,1087,1087
44,37,1028,1028
44,38,1156,1156
44,39,1154,1154
44,40,1136,1136
44,41,1018,1018
44,42,1135,1135
44,43,1058,1058
44,44,1075,1075
44,45,1025,1025
44,46,1094,1094
44,47,1058,1058
44,48,959,959
44,49,1064,1064
44,50,1047,1047
44,51,975,975
44,52,1081,1081
44,53,1046,1046
44,54,984,984
44,55,1098,1098
44,56,1033,1033
44,57,933,933
44,58,1042,1042
44,59,948,948
44,60,1052,1052
44,61,928,928
44,62,1023,1023
44,63,950,950
44,64,1056,1056
44,65,1005,1005
44,66,1098,1098
44,67,1061,1061
44,68,925,925
44,69,1041,1041
44,70,1010,1010
44,71,1092,1092
44,72,987,987
44,73,1079,1079
44,74,971,971
44,75,1053,1053
44,76,990,990
44,77,1083,1083
44,78,973,973
44,79,1052,1052
44,80,991,991
44,81,1073,1073
44,82,974,974
44,83,1060,1060
44,84,938,938
44,85,1034,1034
44,86,961,961
44,87,1041,1041
44,88,940,940
44,89,1029,1029
44,90,984,984
44,91,1057,1057
44,92,994,994
44,93,1083,1083
44,94,1030,1030
44,95,947,947
44,96,1017,1017
44,97,938,938
44,98,1007,1007
44,99,943,943
44,100,1019,1019
45,1,932,932
45,2,920,920
45,3,939,939
45,4,948,948
45,5,1080,1080
45,6,888,888
45,7,928,928
45,8,960,960
45,9,1005,1005
45,10,728,728
45,11,792,792
45,12,851,851
45,13,898,898
45,14,945,945
45,15,988,988
45,16,1040,1040
45,17,776,776
45,18,825,825
45,19,884,884
45,20,923,923
45,21,963,963
45,22,1012,1012
45,23,861,861
45,24,877,877
45,25,921,921
45,26,970,970
45,27,1020,1020
45,28,817,817
45,29,852,852
45,30,898,898
45,31,949,949
45,32,993,993
45,33,1040,1040
45,34,867,867
45,35,906,906
45,36,956,956
45,37,1003,1003
45,38,837,837
45,39,870,870
45,40,912,912
45,41,956,956
45,42,1010,1010
45,43,914,914
45,44,967,967
45,45,1041,1041
45,46,926,926
45,47,986,986
45,48,1038,1038
45,49,930,930
45,50,977,977
45,51,1033,1033
45,52,891,891
45,53,924,924
45,54,972,972
45,55,1045,1045
45,56,887,887
45,57,944,944
45,58,1000,1000
45,59,1063,1063
45,60,834,834
45,61,868,868
45,62,927,927
45,63,974,974
45,64,1036,1036
45,65,881,881
45,66,944,944
45,67,1003,1003
45,68,854,854
45,69,901,901
45,70,953,953
45,71,1017,1017
45,72,839,839
45,73,884,884
45,74,940,940
45,75,992,992
45,76,1067,1067
45,77,869,869
45,78,909,909
45,79,951,951
45,80,1001,1001
45,81,889,889
45,82,949,949
45,83,995,995
45,84,1053,1053
45,85,814,814
45,86,854,854
45,87,900,900
45,88,962,962
45,89,1029,1029
45,90,818,818
45,91,864,864
45,92,907,907
45,93,960,960
45,94,1014,1014
45,95,851,851
45,96,896,896
45,97,932,932
45,98,1004,1004
45,99,782,782
45,100,827,827
46,1,955,955
46,2,965,965
46,3,989,989
46,4,1017,1017
46,5,793,793
46,6,839,839
46,7,903,903
46,8,942,942
46,9,1011,1011
46,10,751,751
46,11,823,823
46,12,886,886
46,13,920,920
46,14,971,971
46,15,1048,1048
46,16,900,900
46,17,946,946
46,18,1005,1005
46,19,904,904
46,20,971,971
46,21,1036,1036
46,22,867,867
46,23,923,923
46,24,980,980
46,25,1038,1038
46,26,816,816
46,27,850,850
46,28,896,896
46,29,956,956
46,30,1013,1013
46,31,856,856
46,32,897,897
46,33,953,953
46,34,1021,1021
46,35,826,826
46,36,863,863
46,37,920,920
46,38,992,992
46,39,1031,1031
46,40,856,856
46,41,919,919
46,42,977,977
46,43,1009,1009
46,44,923,923
46,45,977,977
46,46,1012,1012
46,47,824,824
46,48,892,892
46,49,943,943
46,50,992,992
46,51,1027,1027
46,52,866,866
46,53,924,924
46,54,963,963
46,55,993,993
46,56,1039,1039
46,57,870,870
46,58,936,936
46,59,973,973
46,60,1008,1008
46,61,834,834
46,62,886,886
46,63,925,925
46,64,945,945
46,65,978,978
46,66,1016,1016
46,67,877,877
46,68,901,901
46,69,923,923
46,70,962,962
46,71,1002,1002
46,72,856,856
46,73,888,888
46,74,914,914
46,75,949,949
46,76,986,986
46,77,1040,1040
46,78,966,966
46,79,989,989
46,80,1018,1018
46,81,841,841
46,82,861,861
46,83,897,897
46,84,923,923
46,85,962,962
46,86,1016,1016
46,87,831,831
46,88,842,842
46,89,854,854
46,90,891,891
46,91,924,924
46,92,971,971
46,93,1018,1018
46,94,894,894
46,95,927,927
46,96,979,979
46,97,1034,1034
46,98,862,862
46,99,891,891
46,100,925,925
47,1,1029,1029
47,2,740,740
47,3,756,756
47,4,827,827
47,5,993,993
47,6,1055,1055
47,7,844,844
47,8,939,939
47,9,1027,1027
47,10,825,825
47,11,906,906
47,12,993,993
47,13,1075,1075
47,14,952,952
47,15,1030,1030
47,16,863,863
47,17,950,950
47,18,1039,1039
47,19,933,933
47,20,1019,1019
47,21,927,927
47,22,1015,1015
47,23,967,967
47,24,1048,1048
47,25,968,968
47,26,1058,1058
47,27,1005,1005
47,28,1091,1091
47,29,937,937
47,30,1008,1008
47,31,936,936
47,32,1018,1018
47,33,904,904
47,34,984,984
47,35,1065,1065
47,36,987,987
47,37,1064,1064
47,38,941,941
47,39,1021,1021
47,40,931,931
47,41,1008,1008
47,42,906,906
47,43,992,992
47,44,1072,1072
47,45,939,939
47,46,1018,1018
47,47,896,896
47,48,971,971
47,49,1056,1056
47,50,976,976
47,51,1058,1058
47,52,983,983
47,53,1062,1062
47,54,899,899
47,55,963,963
47,56,1041,1041
47,57,865,865
47,58,944,944
47,59,1017,1017
47,60,920,920
47,61,995,995
47,62,1069,1069
47,63,941,941
47,64,1012,1012
47,65,929,929
47,66,995,995
47,67,1066,1066
47,68,942,942
47,69,1017,1017
47,70,893,893
47,71,964,964
47,72,1038,1038
47,73,950,950
47,74,1020,1020
47,75,898,898
47,76,956,956
47,77,1018,1018
47,78,903,903
47,79,967,967
47,80,1027,1027
47,81,894,894
47,82,965,965
47,83,1016,1016
47,84,900,900
47,85,969,969
47,86,1015,1015
47,87,910,910
47,88,968,968
47,89,1015,1015
47,90,872,872
47,91,927,927
47,92,991,991
47,93,1047,1047
47,94,883,883
47,95,947,947
47,96,1005,1005
47,97,884,884
47,98,934,934
47,99,992,992
47,100,1030,1030
48,1,614,614
48,2,605,605
48,3,630,630
48,4,629,629
48,5,720,720
48,6,754,754
48,7,810,810
48,8,855,855
48,9,893,893
48,10,944,944
48,11,1046,1046
48,12,716,716
48,13,769,769
48,14,829,829
48,15,874,874
48,16,921,921
48,17,1016,1016
48,18,875,875
48,19,934,934
48,20,1024,1024
48,21,951,951
48,22,1042,1042
48,23,806,806
48,24,838,838
48,25,888,888
48,26,977,977
48,27,1063,1063
48,28,905,905
48,29,961,961
48,30,1051,1051
48,31,929,929
48,32,985,985
48,33,1060,1060
48,34,946,946
48,35,1016,1016
48,36,888,888
48,37,956,956
48,38,1044,1044
48,39,866,866
48,40,940,940
48,41,1012,1012
48,42,825,825
48,43,881,881
48,44,952,952
48,45,1041,1041
48,46,897,897
48,47,966,966
48,48,1029,1029
48,49,865,865
48,50,921,921
48,51,982,982
48,52,1026,1026
48,53,886,886
48,54,959,959
48,55,1000,1000
48,56,1042,1042
48,57,815,815
48,58,874,874
48,59,937,937
48,60,973,973
48,61,1021,1021
48,62,900,900
48,63,949,949
48,64,988,988
48,65,1024,1024
48,66,814,814
48,67,870,870
48,68,914,914
48,69,959,959
48,70,1003,1003
48,71,832,832
48,72,888,888
48,73,912,912
48,74,957,957
48,75,1002,1002
48,76,821,821
48,77,876,876
48,78,906,906
48,79,954,954
48,80,1005,1005
48,81,823,823
48,82,857,857
48,83,885,885
48,84,938,938
48,85,988,988
48,86,1032,1032
48,87,836,836
48,88,866,866
48,89,920,920
48,90,968,968
48,91,1019,1019
48,92,803,803
48,93,831,831
48,94,883,883
48,95,938,938
48,96,974,974
48,97,1032,1032
48,98,838,838
48,99,885,885
48,100,943,943
49,1,1062,1062
49,2,855,855
49,3,912,912
49,4,1002,1002
49,5,816,816
49,6,891,891
49,7,978,978
49,8,1077,1077
49,9,811,811
49,10,897,897
49,11,986,986
49,12,1084,1084
49,13,910,910
49,14,1000,1000
49,15,1082,1082
49,16,985,985
49,17,1097,1097
49,18,998,998
49,19,1083,1083
49,20,995,995
49,21,1081,1081
49,22,1013,1013
49,23,1092,1092
49,24,1026,1026
49,25,937,937
49,26,1022,1022
49,27,961,961
49,28,1036,1036
49,29,980,980
49,30,1054,1054
49,31,1007,1007
49,32,1094,1094
49,33,1117,1117
49,34,994,994
49,35,1067,1067
49,36,964,964
49,37,1044,1044
49,38,944,944
49,39,1005,1005
49,40,874,874
49,41,967,967
49,42,1041,1041
49,43,960,960
49,44,1030,1030
49,45,892,892
49,46,957,957
49,47,1044,1044
49,48,963,963
49,49,1049,1049
49,50,918,918
49,51,1003,1003
49,52,913,913
49,53,989,989
49,54,1076,1076
49,55,909,909
49,56,982,982
49,57,1082,1082
49,58,1019,1019
49,59,1069,1069
49,60,936,936
49,61,1030,1030
49,62,910,910
49,63,987,987
49,64,1058,1058
49,65,908,908
49,66,990,990
49,67,1067,1067
49,68,964,964
49,69,1043,1043
49,70,894,894
49,71,976,976
49,72,1052,1052
49,73,936,936
49,74,1020,1020
49,75,946,946
49,76,1017,1017
49,77,941,941
49,78,1024,1024
49,79,996,996
49,80,1085,1085
49,81,1012,1012
49,82,1087,1087
49,83,1013,1013
49,84,1093,1093
49,85,981,981
49,86,1066,1066
49,87,978,978
49,88,1055,1055
49,89,969,969
49,90,1050,1050
49,91,993,993
49,92,1070,1070
49,93,987,987
49,94,1057,1057
49,95,946,946
49,96,1021,1021
49,97,908,908
49,98,976,976
49,99,1061,1061
49,100,967,967
50,1,1052,1052
50,2,829,829
50,3,902,902
50,4,1014,1014
50,5,860,860
50,6,966,966
50,7,1064,1064
50,8,921,921
50,9,1019,1019
50,10,761,761
50,11,854,854
50,12,967,967
50,13,1061,1061
50,14,990,990
50,15,1063,1063
50,16,985,985
50,17,1060,1060
50,18,858,858
50,19,962,962
50,20,1048,1048
50,21,902,902
50,22,997,997
50,23,1050,1050
50,24,920,920
50,25,982,982
50,26,1043,1043
50,27,927,927
50,28,996,996
50,29,1053,1053
50,30,962,962
50,31,1017,1017
50,32,865,865
50,33,957,957
50,34,1010,1010
50,35,798,798
50,36,899,899
50,37,965,965
50,38,1021,1021
50,39,913,913
50,40,974,974
50,41,1038,1038
50,42,822,822
50,43,902,902
50,44,949,949
50,45,1010,1010
50,46,845,845
50,47,911,911
50,48,961,961
50,49,994,994
50,50,1061,1061
50,51,947,947
50,52,1000,1000
50,53,1063,1063
50,54,902,902
50,55,942,942
50,56,996,996
50,57,1061,1061
50,58,877,877
50,59,923,923
50,60,964,964
50,61,1044,1044
50,62,852,852
50,63,903,903
50,64,949,949
50,65,1027,1027
50,66,883,883
50,67,939,939
50,68,994,994
50,69,1059,1059
50,70,906,906
50,71,961,961
50,72,1020,1020
50,73,972,972
50,74,1035,1035
50,75,965,965
50,76,1025,1025
50,77,949,949
50,78,1013,1013
50,79,930,930
50,80,990,990
50,81,1088,1088
50,82,1006,1006
50,83,1083,1083
50,84,1001,1001
50,85,1089,1089
50,86,1044,1044
50,87,1005,1005
50,88,1101,1101
50,89,1061,1061
50,90,966,966
50,91,1048,1048
50,92,953,953
50,93,1035,1035
50,94,950,950
50,95,1039,1039
50,96,968,968
50,97,1052,1052
50,98,937,937
50,99,1015,1015
50,100,923,923
51,1,1019,1019
51,2,819,819
51,3,853,853
51,4,884,884
51,5,1044,1044
51,6,936,936
51,7,986,986
51,8,1103,1103
51,9,834,834
51,10,906,906
51,11,977,977
51,12,1070,1070
51,13,913,913
51,14,990,990
51,15,1108,1108
51,16,966,966
51,17,1060,1060
51,18,1008,1008
51,19,1124,1124
51,20,1066,1066
51,21,960,960
51,22,1054,1054
51,23,921,921
51,24,1034,1034
51,25,944,944
51,26,1053,1053
51,27,1001,1001
51,28,1111,1111
51,29,1023,1023
51,30,1066,1066
51,31,1002,1002
51,32,1100,1100
51,33,1024,1024
51,34,956,956
51,35,1056,1056
51,36,1021,1021
51,37,1028,1028
51,38,928,928
51,39,1022,1022
51,40,956,956
51,41,1051,1051
51,42,959,959
51,43,1059,1059
51,44,944,944
51,45,1051,1051
51,46,966,966
51,47,1036,1036
51,48,956,956
51,49,1028,1028
51,50,985,985
51,51,1047,1047
51,52,994,994
51,53,1056,1056
51,54,998,998
51,55,1066,1066
51,56,973,973
51,57,1041,1041
51,58,970,970
51,59,1040,1040
51,60,874,874
51,61,979,979
51,62,1053,1053
51,63,996,996
51,64,1068,1068
51,65,971,971
51,66,1035,1035
51,67,869,869
51,68,956,956
51,69,1014,1014
51,70,816,816
51,71,895,895
51,72,973,973
51,73,1055,1055
51,74,862,862
51,75,929,929
51,76,987,987
51,77,1035,1035
51,78,894,894
51,79,963,963
51,80,1019,1019
51,81,945,945
51,82,1007,1007
51,83,967,967
51,84,1020,1020
51,85,847,847
51,86,903,903
51,87,952,952
51,88,1011,1011
51,89,885,885
51,90,949,949
51,91,1004,1004
51,92,952,952
51,93,1013,1013
51,94,961,961
51,95,1022,1022
51,96,969,969
51,97,1048,1048
51,98,993,993
51,99,1077,1077
51,100,1000,1000
52,1,953,953
52,2,956,956
52,3,975,975
52,4,1010,1010
52,5,977,977
52,6,1009,1009
52,7,680,680
52,8,727,727
52,9,786,786
52,10,862,862
52,11,938,938
52,12,985,985
52,13,1038,1038
52,14,766,766
52,15,837,837
52,16,900,900
52,17,936,936
52,18,1002,1002
52,19,779,779
52,20,853,853
52,21,919,919
52,22,975,975
52,23,1017,1017
52,24,725,725
52,25,800,800
52,26,853,853
52,27,898,898
52,28,946,946
52,29,997,997
52,30,1064,1064
52,31,918,918
52,32,936,936
52,33,954,954
52,34,987,987
52,35,1032,1032
52,36,839,839
52,37,873,873
52,38,905,905
52,39,936,936
52,40,966,966
52,41,1000,1000
52,42,1036,1036
52,43,889,889
52,44,915,915
52,45,940,940
52,46,974,974
52,47,1007,1007
52,48,878,878
52,49,901,901
52,50,924,924
52,51,960,960
52,52,993,993
52,53,1038,1038
52,54,881,881
52,55,902,902
52,56,932,932
52,57,973,973
52,58,1019,1019
52,59,842,842
52,60,867,867
52,61,893,893
52,62,924,924
52,63,974,974
52,64,1023,1023
52,65,870,870
52,66,901,901
52,67,942,942
52,68,993,993
52,69,1060,1060
52,70,962,962
52,71,1016,1016
52,72,925,925
52,73,981,981
52,74,1052,1052
52,75,944,944
52,76,1005,1005
52,77,909,909
52,78,963,963
52,79,1040,1040
52,80,903,903
52,81,971,971
52,82,1034,1034
52,83,955,955
52,84,1016,1016
52,85,903,903
52,86,956,956
52,87,1023,1023
52,88,914,914
52,89,980,980
52,90,1059,1059
52,91,992,992
52,92,1078,1078
52,93,992,992
52,94,1070,1070
52,95,994,994
52,96,1082,1082
52,97,960,960
52,98,1050,1050
52,99,945,945
52,100,1031,1031
53,1,1022,1022
53,2,702,702
53,3,712,712
53,4,723,723
53,5,852,852
53,6,905,905
53,7,966,966
53,8,1059,1059
53,9,816,816
53,10,891,891
53,11,969,969
53,12,1043,1043
53,13,867,867
53,14,940,940
53,15,1013,1013
53,16,804,804
53,17,887,887
53,18,965,965
53,19,1049,1049
53,20,871,871
53,21,958,958
53,22,1051,1051
53,23,936,936
53,24,1030,1030
53,25,977,977
53,26,1064,1064
53,27,945,945
53,28,1034,1034
53,29,937,937
53,30,1024,1024
53,31,953,953
53,32,1030,1030
53,33,932,932
53,34,1006,1006
53,35,926,926
53,36,1007,1007
53,37,905,905
53,38,990,990
53,39,1058,1058
53,40,961,961
53,41,1027,1027
53,42,922,922
53,43,990,990
53,44,1057,1057
53,45,930,930
53,46,1012,1012
53,47,932,932
53,48,1010,1010
53,49,876,876
53,50,944,944
53,51,1004,1004
53,52,873,873
53,53,943,943
53,54,1003,1003
53,55,901,901
53,56,967,967
53,57,1045,1045
53,58,861,861
53,59,945,945
53,60,1008,1008
53,61,888,888
53,62,952,952
53,63,1008,1008
53,64,832,832
53,65,903,903
53,66,941,941
53,67,1015,1015
53,68,800,800
53,69,863,863
53,70,928,928
53,71,989,989
53,72,1060,1060
53,73,984,984
53,74,1059,1059
53,75,900,900
53,76,965,965
53,77,1029,1029
53,78,943,943
53,79,999,999
53,80,1083,1083
53,81,965,965
53,82,1027,1027
53,83,857,857
53,84,920,920
53,85,978,978
53,86,1057,1057
53,87,991,991
53,88,1079,1079
53,89,1008,1008
53,90,1073,1073
53,91,943,943
53,92,1007,1007
53,93,967,967
53,94,1051,1051
53,95,975,975
53,96,1052,1052
53,97,979,979
53,98,1060,1060
53,99,959,959
53,100,1042,1042
54,1,986,986
54,2,983,983
54,3,991,991
54,4,1009,1009
54,5,871,871
54,6,912,912
54,7,966,966
54,8,1021,1021
54,9,787,787
54,10,865,865
54,11,939,939
54,12,969,969
54,13,1040,1040
54,14,797,797
54,15,870,870
54,16,917,917
54,17,958,958
54,18,1021,1021
54,19,886,886
54,20,922,922
54,21,954,954
54,22,1005,1005
54,23,851,851
54,24,892,892
54,25,930,930
54,26,983,983
54,27,1034,1034
54,28,825,825
54,29,880,880
54,30,920,920
54,31,968,968
54,32,1024,1024
54,33,878,878
54,34,921,921
54,35,982,982
54,36,1042,1042
54,37,877,877
54,38,917,917
54,39,965,965
54,40,1037,1037
54,41,868,868
54,42,913,913
54,43,950,950
54,44,1031,1031
54,45,899,899
54,46,946,946
54,47,1007,1007
54,48,941,941
54,49,1010,1010
54,50,920,920
54,51,994,994
54,52,1063,1063
54,53,954,954
54,54,1040,1040
54,55,870,870
54,56,918,918
54,57,996,996
54,58,1053,1053
54,59,959,959
54,60,1027,1027
54,61,893,893
54,62,974,974
54,63,1032,1032
54,64,911,911
54,65,989,989
54,66,1056,1056
54,67,880,880
54,68,957,957
54,69,1022,1022
54,70,939,939
54,71,1002,1002
54,72,914,914
54,73,976,976
54,74,1045,1045
54,75,855,855
54,76,931,931
54,77,988,988
54,78,1052,1052
54,79,918,918
54,80,975,975
54,81,1039,1039
54,82,924,924
54,83,980,980
54,84,1017,1017
54,85,865,865
54,86,922,922
54,87,979,979
54,88,1021,1021
54,89,905,905
54,90,970,970
54,91,1003,1003
54,92,872,872
54,93,911,911
54,94,974,974
54,95,1000,1000
54,96,1025,1025
54,97,854,854
54,98,915,915
54,99,949,949
54,100,966,966
55,1,1017,1017
55,2,720,720
55,3,733,733
55,4,770,770
55,5,911,911
55,6,991,991
55,7,1091,1091
55,8,893,893
55,9,972,972
55,10,1069,1069
55,11,937,937
55,12,1016,1016
55,13,845,845
55,14,918,918
55,15,1009,1009
55,16,893,893
55,17,980,980
55,18,1063,1063
55,19,963,963
55,20,1047,1047
55,21,977,977
55,22,1075,1075
55,23,1043,1043
55,24,1013,1013
55,25,1112,1112
55,26,1071,1071
55,27,961,961
55,28,1058,1058
55,29,1039,1039
55,30,984,984
55,31,1096,1096
55,32,1057,1057
55,33,976,976
55,34,1086,1086
55,35,1063,1063
55,36,1005,1005
55,37,1111,1111
55,38,1078,1078
55,39,981,981
55,40,1094,1094
55,41,1027,1027
55,42,1140,1140
55,43,1037,1037
55,44,958,958
55,45,1058,1058
55,46,970,970
55,47,1064,1064
55,48,973,973
55,49,1083,1083
55,50,1039,1039
55,51,1026,1026
55,52,976,976
55,53,1088,1088
55,54,994,994
55,55,1106,1106
55,56,992,992
55,57,1103,1103
55,58,1039,1039
55,59,970,970
55,60,1072,1072
55,61,982,982
55,62,1102,1102
55,63,986,986
55,64,1092,1092
55,65,1021,1021
55,66,1102,1102
55,67,1008,1008
55,68,1080,1080
55,69,904,904
55,70,991,991
55,71,1080,1080
55,72,950,950
55,73,1059,1059
55,74,990,990
55,75,1088,1088
55,76,1001,1001
55,77,1082,1082
55,78,1013,1013
55,79,1068,1068
55,80,1004,1004
55,81,1086,1086
55,82,946,946
55,83,1023,1023
55,84,945,945
55,85,1025,1025
55,86,916,916
55,87,1010,1010
55,88,949,949
55,89,1017,1017
55,90,954,954
55,91,1020,1020
55,92,974,974
55,93,1039,1039
55,94,937,937
55,95,1014,1014
55,96,915,915
55,97,981,981
55,98,1059,1059
55,99,951,951
55,100,1025,1025
56,1,999,999
56,2,989,989
56,3,1014,1014
56,4,693,693
56,5,810,810
56,6,846,846
56,7,889,889
56,8,946,946
56,9,1013,1013
56,10,821,821
56,11,878,878
56,12,926,926
56,13,988,988
56,14,1043,1043
56,15,723,723
56,16,761,761
56,17,799,799
56,18,852,852
56,19,912,912
56,20,973,973
56,21,1035,1035
56,22,861,861
56,23,925,925
56,24,985,985
56,25,1064,1064
56,26,918,918
56,27,977,977
56,28,1052,1052
56,29,900,900
56,30,960,960
56,31,1041,1041
56,32,950,950
56,33,1022,1022
56,34,878,878
56,35,945,945
56,36,1027,1027
56,37,955,955
56,38,1031,1031
56,39,919,919
56,40,984,984
56,41,1073,1073
56,42,925,925
56,43,1006,1006
56,44,863,863
56,45,907,907
56,46,991,991
56,47,1050,1050
56,48,993,993
56,49,1040,1040
56,50,902,902
56,51,967,967
56,52,1035,1035
56,53,1049,1049
56,54,892,892
56,55,959,959
56,56,1017,1017
56,57,865,865
56,58,935,935
56,59,994,994
56,60,1060,1060
56,61,866,866
56,62,941,941
56,63,996,996
56,64,1061,1061
56,65,909,909
56,66,965,965
56,67,1026,1026
56,68,910,910
56,69,964,964
56,70,1021,1021
56,71,893,893
56,72,944,944
56,73,1003,1003
56,74,815,815
56,75,874,874
56,76,929,929
56,77,1003,1003
56,78,864,864
56,79,924,924
56,80,988,988
56,81,1020,1020
56,82,883,883
56,83,924,924
56,84,982,982
56,85,1020,1020
56,86,846,846
56,87,903,903
56,88,960,960
56,89,994,994
56,90,1028,1028
56,91,855,855
56,92,929,929
56,93,969,969
56,94,993,993
56,95,1030,1030
56,96,805,805
56,97,862,862
56,98,900,900
56,99,934,934
56,100,974,974
57,1,1006,1006
57,2,763,763
57,3,770,770
57,4,795,795
57,5,924,924
57,6,981,981
57,7,1042,1042
57,8,756,756
57,9,796,796
57,10,853,853
57,11,945,945
57,12,998,998
57,13,1058,1058
57,14,945,945
57,15,1039,1039
57,16,917,917
57,17,995,995
57,18,1074,1074
57,19,954,954
57,20,1036,1036
57,21,886,886
57,22,968,968
57,23,1046,1046
57,24,906,906
57,25,984,984
57,26,1056,1056
57,27,889,889
57,28,958,958
57,29,1035,1035
57,30,895,895
57,31,977,977
57,32,1048,1048
57,33,927,927
57,34,995,995
57,35,1066,1066
57,36,979,979
57,37,1063,1063
57,38,996,996
57,39,1062,1062
57,40,875,875
57,41,950,950
57,42,1027,1027
57,43,941,941
57,44,1004,1004
57,45,904,904
57,46,966,966
57,47,1026,1026
57,48,925,925
57,49,994,994
57,50,1065,1065
57,51,1013,1013
57,52,1046,1046
57,53,918,918
57,54,1002,1002
57,55,944,944
57,56,1018,1018
57,57,967,967
57,58,1038,1038
57,59,925,925
57,60,1005,1005
57,61,957,957
57,62,1036,1036
57,63,930,930
57,64,1001,1001
57,65,944,944
57,66,1014,1014
57,67,938,938
57,68,1019,1019
57,69,900,900
57,70,978,978
57,71,1046,1046
57,72,918,918
57,73,992,992
57,74,1067,1067
57,75,965,965
57,76,1033,1033
57,77,1014,1014
57,78,1106,1106
57,79,1002,1002
57,80,1087,1087
57,81,996,996
57,82,1080,1080
57,83,1012,1012
57,84,1094,1094
57,85,993,993
57,86,1087,1087
57,87,994,994
57,88,1078,1078
57,89,1069,1069
57,90,1006,1006
57,91,1092,1092
57,92,1001,1001
57,93,1085,1085
57,94,1003,1003
57,95,1088,1088
57,96,1025,1025
57,97,1025,1025
57,98,966,966
57,99,1038,1038
57,100,990,990
58,1,725,725
58,2,754,754
58,3,795,795
58,4,865,865
58,5,1068,1068
58,6,864,864
58,7,976,976
58,8,1101,1101
58,9,929,929
58,10,1073,1073
58,11,961,961
58,12,1085,1085
58,13,942,942
58,14,1079,1079
58,15,1018,1018
58,16,1150,1150
58,17,1188,1188
58,18,1051,1051
58,19,1006,1006
58,20,1115,1115
58,21,1040,1040
58,22,985,985
58,23,1117,1117
58,24,1037,1037
58,25,983,983
58,26,1098,1098
58,27,1058,1058
58,28,971,971
58,29,1076,1076
58,30,981,981
58,31,1085,1085
58,32,979,979
58,33,1080,1080
58,34,1031,1031
58,35,974,974
58,36,1072,1072
58,37,1038,1038
58,38,995,995
58,39,1113,1113
58,40,1006,1006
58,41,1109,1109
58,42,1034,1034
58,43,946,946
58,44,1051,1051
58,45,981,981
58,46,1092,1092
58,47,976,976
58,48,1088,1088
58,49,996,996
58,50,1100,1100
58,51,1045,1045
58,52,961,961
58,53,1058,1058
58,54,994,994
58,55,1103,1103
58,56,1037,1037
58,57,1022,1022
58,58,977,977
58,59,1078,1078
58,60,996,996
58,61,1090,1090
58,62,954,954
58,63,1054,1054
58,64,979,979
58,65,1071,1071
58,66,1035,1035
58,67,962,962
58,68,1050,1050
58,69,987,987
58,70,1075,1075
58,71,980,980
58,72,1059,1059
58,73,975,975
58,74,1053,1053
58,75,999,999
58,76,1078,1078
58,77,1000,1000
58,78,1083,1083
58,79,1005,1005
58,80,1081,1081
58,81,985,985
58,82,1075,1075
58,83,1006,1006
58,84,1077,1077
58,85,940,940
58,86,1018,1018
58,87,911,911
58,88,998,998
58,89,1055,1055
58,90,952,952
58,91,1039,1039
58,92,902,902
58,93,979,979
58,94,1038,1038
58,95,967,967
58,96,1045,1045
58,97,930,930
58,98,1000,1000
58,99,1072,1072
58,100,990,990
59,1,995,995
59,2,1016,1016
59,3,709,709
59,4,724,724
59,5,835,835
59,6,883,883
59,7,944,944
59,8,1019,1019
59,9,839,839
59,10,925,925
59,11,1028,1028
59,12,866,866
59,13,931,931
59,14,1026,1026
59,15,791,791
59,16,868,868
59,17,940,940
59,18,1011,1011
59,19,845,845
59,20,907,907
59,21,1005,1005
59,22,874,874
59,23,949,949
59,24,1029,1029
59,25,944,944
59,26,1010,1010
59,27,927,927
59,28,995,995
59,29,1039,1039
59,30,879,879
59,31,949,949
59,32,1004,1004
59,33,938,938
59,34,987,987
59,35,1055,1055
59,36,819,819
59,37,877,877
59,38,937,937
59,39,984,984
59,40,1038,1038
59,41,893,893
59,42,956,956
59,43,1014,1014
59,44,848,848
59,45,919,919
59,46,977,977
59,47,1026,1026
59,48,913,913
59,49,966,966
59,50,1013,1013
59,51,787,787
59,52,853,853
59,53,907,907
59,54,955,955
59,55,1022,1022
59,56,887,887
59,57,938,938
59,58,978,978
59,59,1042,1042
59,60,941,941
59,61,987,987
59,62,1047,1047
59,63,991,991
59,64,1058,1058
59,65,950,950
59,66,1012,1012
59,67,874,874
59,68,932,932
59,69,979,979
59,70,1057,1057
59,71,862,862
59,72,913,913
59,73,965,965
59,74,1039,1039
59,75,930,930
59,76,991,991
59,77,1067,1067
59,78,956,956
59,79,1036,1036
59,80,959,959
59,81,1032,1032
59,82,948,948
59,83,1017,1017
59,84,935,935
59,85,1012,1012
59,86,931,931
59,87,1014,1014
59,88,962,962
59,89,1052,1052
59,90,966,966
59,91,1058,1058
59,92,1001,1001
59,93,1087,1087
59,94,984,984
59,95,1061,1061
59,96,977,977
59,97,1047,1047
59,98,911,911
59,99,989,989
59,100,1064,1064
60,1,1006,1006
60,2,691,691
60,3,710,710
60,4,750,750
60,5,886,886
60,6,948,948
60,7,1014,1014
60,8,795,795
60,9,872,872
60,10,956,956
60,11,1024,1024
60,12,761,761
60,13,844,844
60,14,923,923
60,15,996,996
60,16,1064,1064
60,17,848,848
60,18,939,939
60,19,1012,1012
60,20,868,868
60,21,944,944
60,22,1013,1013
60,23,883,883
60,24,928,928
60,25,1005,1005
60,26,839,839
60,27,923,923
60,28,987,987
60,29,1059,1059
60,30,911,911
60,31,978,978
60,32,1036,1036
60,33,914,914
60,34,977,977
60,35,1044,1044
60,36,857,857
60,37,922,922
60,38,974,974
60,39,1031,1031
60,40,859,859
60,41,922,922
60,42,968,968
60,43,1037,1037
60,44,944,944
60,45,1002,1002
60,46,918,918
60,47,971,971
60,48,1052,1052
60,49,907,907
60,50,964,964
60,51,1035,1035
60,52,944,944
60,53,1023,1023
60,54,843,843
60,55,890,890
60,56,955,955
60,57,1013,1013
60,58,909,909
60,59,979,979
60,60,1047,1047
60,61,850,850
60,62,894,894
60,63,961,961
60,64,1038,1038
60,65,890,890
60,66,942,942
60,67,1006,1006
60,68,839,839
60,69,889,889
60,70,957,957
60,71,1029,1029
60,72,893,893
60,73,960,960
60,74,1014,1014
60,75,995,995
60,76,1058,1058
60,77,888,888
60,78,954,954
60,79,1007,1007
60,80,910,910
60,81,959,959
60,82,1024,1024
60,83,909,909
60,84,976,976
60,85,1034,1034
60,86,932,932
60,87,987,987
60,88,1038,1038
60,89,880,880
60,90,931,931
60,91,978,978
60,92,1033,1033
60,93,845,845
60,94,908,908
60,95,970,970
60,96,1006,1006
60,97,795,795
60,98,853,853
60,99,919,919
60,100,959,959
61,1,932,932
61,2,935,935
61,3,973,973
61,4,988,988
61,5,1139,1139
61,6,795,795
61,7,849,849
61,8,893,893
61,9,965,965
61,10,1015,1015
61,11,784,784
61,12,867,867
61,13,922,922
61,14,959,959
61,15,995,995
61,16,1042,1042
61,17,782,782
61,18,813,813
61,19,867,867
61,20,928,928
61,21,973,973
61,22,1011,1011
61,23,868,868
61,24,896,896
61,25,916,916
61,26,947,947
61,27,979,979
61,28,992,992
61,29,1003,1003
61,30,697,697
61,31,761,761
61,32,826,826
61,33,865,865
61,34,900,900
61,35,947,947
61,36,980,980
61,37,994,994
61,38,1006,1006
61,39,741,741
61,40,791,791
61,41,829,829
61,42,864,864
61,43,911,911
61,44,936,936
61,45,955,955
61,46,959,959
61,47,998,998
61,48,1053,1053
61,49,913,913
61,50,944,944
61,51,969,969
61,52,1023,1023
61,53,884,884
61,54,917,917
61,55,935,935
61,56,985,985
61,57,1029,1029
61,58,806,806
61,59,843,843
61,60,866,866
61,61,886,886
61,62,902,902
61,63,931,931
61,64,976,976
61,65,1018,1018
61,66,876,876
61,67,894,894
61,68,947,947
61,69,980,980
61,70,1010,1010
61,71,818,818
61,72,839,839
61,73,861,861
61,74,890,890
61,75,933,933
61,76,966,966
61,77,1000,1000
61,78,1031,1031
61,79,850,850
61,80,889,889
61,81,921,921
61,82,955,955
61,83,989,989
61,84,1019,1019
61,85,859,859
61,86,884,884
61,87,908,908
61,88,938,938
61,89,961,961
61,90,998,998
61,91,1032,1032
61,92,718,718
61,93,752,752
61,94,765,765
61,95,782,782
61,96,809,809
61,97,854,854
61,98,897,897
61,99,935,935
61,100,956,956
62,1,981,981
62,2,1004,1004
62,3,828,828
62,4,877,877
62,5,1041,1041
62,6,822,822
62,7,889,889
62,8,962,962
62,9,1018,1018
62,10,938,938
62,11,1002,1002
62,12,833,833
62,13,904,904
62,14,963,963
62,15,1031,1031
62,16,821,821
62,17,896,896
62,18,952,952
62,19,1013,1013
62,20,875,875
62,21,932,932
62,22,991,991
62,23,1058,1058
62,24,918,918
62,25,979,979
62,26,1052,1052
62,27,930,930
62,28,990,990
62,29,1068,1068
62,30,945,945
62,31,1025,1025
62,32,830,830
62,33,892,892
62,34,950,950
62,35,1017,1017
62,36,941,941
62,37,1022,1022
62,38,933,933
62,39,999,999
62,40,1105,1105
62,41,1018,1018
62,42,1103,1103
62,43,963,963
62,44,1040,1040
62,45,950,950
62,46,1038,1038
62,47,927,927
62,48,998,998
62,49,1100,1100
62,50,956,956
62,51,1046,1046
62,52,960,960
62,53,1034,1034
62,54,913,913
62,55,995,995
62,56,1073,1073
62,57,1037,1037
62,58,901,901
62,59,979,979
62,60,1043,1043
62,61,928,928
62,62,1012,1012
62,63,860,860
62,64,918,918
62,65,991,991
62,66,1057,1057
62,67,915,915
62,68,996,996
62,69,1053,1053
62,70,954,954
62,71,1020,1020
62,72,905,905
62,73,980,980
62,74,1045,1045
62,75,922,922
62,76,992,992
62,77,1068,1068
62,78,971,971
62,79,1032,1032
62,80,973,973
62,81,1046,1046
62,82,928,928
62,83,985,985
62,84,1067,1067
62,85,920,920
62,86,982,982
62,87,1068,1068
62,88,942,942
62,89,1007,1007
62,90,922,922
62,91,984,984
62,92,1053,1053
62,93,936,936
62,94,1005,1005
62,95,921,921
62,96,989,989
62,97,1065,1065
62,98,962,962
62,99,1034,1034
62,100,931,931
63,1,994,994
63,2,1042,1042
63,3,740,740
63,4,758,758
63,5,876,876
63,6,925,925
63,7,983,983
63,8,1044,1044
63,9,771,771
63,10,801,801
63,11,859,859
63,12,911,911
63,13,989,989
63,14,1046,1046
63,15,886,886
63,16,964,964
63,17,1014,1014
63,18,816,816
63,19,881,881
63,20,952,952
63,21,1007,1007
63,22,877,877
63,23,949,949
63,24,1004,1004
63,25,843,843
63,26,916,916
63,27,972,972
63,28,1024,1024
63,29,859,859
63,30,917,917
63,31,986,986
63,32,1046,1046
63,33,806,806
63,34,864,864
63,35,955,955
63,36,986,986
63,37,1033,1033
63,38,827,827
63,39,917,917
63,40,973,973
63,41,1010,1010
63,42,923,923
63,43,978,978
63,44,1014,1014
63,45,867,867
63,46,939,939
63,47,973,973
63,48,1016,1016
63,49,890,890
63,50,934,934
63,51,987,987
63,52,1030,1030
63,53,892,892
63,54,930,930
63,55,969,969
63,56,1020,1020
63,57,902,902
63,58,942,942
63,59,986,986
63,60,1041,1041
63,61,879,879
63,62,911,911
63,63,957,957
63,64,1013,1013
63,65,892,892
63,66,932,932
63,67,981,981
63,68,1030,1030
63,69,906,906
63,70,942,942
63,71,1007,1007
63,72,916,916
63,73,942,942
63,74,983,983
63,75,1057,1057
63,76,855,855
63,77,917,917
63,78,960,960
63,79,999,999
63,80,1048,1048
63,81,905,905
63,82,965,965
63,83,1004,1004
63,84,873,873
63,85,927,927
63,86,976,976
63,87,1025,1025
63,88,873,873
63,89,919,919
63,90,958,958
63,91,992,992
63,92,1058,1058
63,93,882,882
63,94,909,909
63,95,936,936
63,96,977,977
63,97,1044,1044
63,98,800,800
63,99,828,828
63,100,851,851
64,1,972,972
64,2,971,971
64,3,975,975
64,4,1016,1016
64,5,752,752
64,6,777,777
64,7,825,825
64,8,870,870
64,9,932,932
64,10,995,995
64,11,1052,1052
64,12,833,833
64,13,897,897
64,14,946,946
64,15,975,975
64,16,1030,1030
64,17,768,768
64,18,842,842
64,19,887,887
64,20,936,936
64,21,982,982
64,22,1038,1038
64,23,791,791
64,24,829,829
64,25,863,863
64,26,907,907
64,27,949,949
64,28,1009,1009
64,29,851,851
64,30,890,890
64,31,911,911
64,32,954,954
64,33,985,985
64,34,1016,1016
64,35,872,872
64,36,891,891
64,37,927,927
64,38,959,959
64,39,985,985
64,40,1017,1017
64,41,815,815
64,42,852,852
64,43,881,881
64,44,914,914
64,45,956,956
64,46,985,985
64,47,1007,1007
64,48,738,738
64,49,771,771
64,50,826,826
64,51,861,861
64,52,899,899
64,53,933,933
64,54,968,968
64,55,995,995
64,56,1043,1043
64,57,857,857
64,58,908,908
64,59,933,933
64,60,969,969
64,61,1014,1014
64,62,793,793
64,63,813,813
64,64,846,846
64,65,893,893
64,66,921,921
64,67,959,959
64,68,991,991
64,69,1051,1051
64,70,899,899
64,71,955,955
64,72,1011,1011
64,73,795,795
64,74,824,824
64,75,859,859
64,76,891,891
64,77,929,929
64,78,976,976
64,79,1012,1012
64,80,844,844
64,81,879,879
64,82,940,940
64,83,1007,1007
64,84,846,846
64,85,900,900
64,86,952,952
64,87,1011,1011
64,88,845,845
64,89,902,902
64,90,960,960
64,91,1021,1021
64,92,850,850
64,93,906,906
64,94,977,977
64,95,1042,1042
64,96,928,928
64,97,991,991
64,98,1061,1061
64,99,902,902
64,100,956,956
65,1,1010,1010
65,2,830,830
65,3,878,878
65,4,927,927
65,5,1094,1094
65,6,846,846
65,7,905,905
65,8,952,952
65,9,1046,1046
65,10,861,861
65,11,921,921
65,12,1018,1018
65,13,857,857
65,14,918,918
65,15,1007,1007
65,16,801,801
65,17,870,870
65,18,937,937
65,19,1013,1013
65,20,819,819
65,21,875,875
65,22,960,960
65,23,1037,1037
65,24,934,934
65,25,1002,1002
65,26,890,890
65,27,974,974
65,28,1035,1035
65,29,915,915
65,30,988,988
65,31,1051,1051
65,32,991,991
65,33,1029,1029
65,34,889,889
65,35,957,957
65,36,1024,1024
65,37,780,780
65,38,854,854
65,39,908,908
65,40,973,973
65,41,1036,1036
65,42,901,901
65,43,969,969
65,44,1019,1019
65,45,795,795
65,46,876,876
65,47,940,940
65,48,994,994
65,49,1039,1039
65,50,879,879
65,51,942,942
65,52,993,993
65,53,1043,1043
65,54,902,902
65,55,950,950
65,56,988,988
65,57,1038,1038
65,58,885,885
65,59,932,932
65,60,977,977
65,61,1022,1022
65,62,879,879
65,63,926,926
65,64,964,964
65,65,1014,1014
65,66,848,848
65,67,889,889
65,68,937,937
65,69,980,980
65,70,1051,1051
65,71,938,938
65,72,995,995
65,73,1072,1072
65,74,1016,1016
65,75,1051,1051
65,76,965,965
65,77,1038,1038
65,78,964,964
65,79,1035,1035
65,80,989,989
65,81,1075,1075
65,82,1025,1025
65,83,1090,1090
65,84,1020,1020
65,85,1084,1084
65,86,991,991
65,87,1059,1059
65,88,980,980
65,89,1052,1052
65,90,965,965
65,91,1052,1052
65,92,939,939
65,93,1021,1021
65,94,939,939
65,95,1022,1022
65,96,964,964
65,97,1046,1046
65,98,970,970
65,99,1047,1047
65,100,963,963
66,1,1014,1014
66,2,762,762
66,3,805,805
66,4,858,858
66,5,1013,1013
66,6,743,743
66,7,825,825
66,8,880,880
66,9,946,946
66,10,1034,1034
66,11,909,909
66,12,979,979
66,13,1067,1067
66,14,948,948
66,15,1045,1045
66,16,873,873
66,17,958,958
66,18,1049,1049
66,19,941,941
66,20,1044,1044
66,21,988,988
66,22,1091,1091
66,23,1036,1036
66,24,986,986
66,25,1080,1080
66,26,1016,1016
66,27,1100,1100
66,28,914,914
66,29,1018,1018
66,30,919,919
66,31,1002,1002
66,32,896,896
66,33,975,975
66,34,1053,1053
66,35,916,916
66,36,1023,1023
66,37,913,913
66,38,1016,1016
66,39,891,891
66,40,984,984
66,41,1078,1078
66,42,999,999
66,43,1077,1077
66,44,970,970
66,45,1053,1053
66,46,949,949
66,47,1031,1031
66,48,1002,1002
66,49,1083,1083
66,50,981,981
66,51,1060,1060
66,52,949,949
66,53,1017,1017
66,54,939,939
66,55,1025,1025
66,56,916,916
66,57,989,989
66,58,1064,1064
66,59,1013,1013
66,60,1104,1104
66,61,999,999
66,62,1082,1082
66,63,1016,1016
66,64,1106,1106
66,65,981,981
66,66,1053,1053
66,67,970,970
66,68,1048,1048
66,69,914,914
66,70,976,976
66,71,1058,1058
66,72,953,953
66,73,1008,1008
66,74,866,866
66,75,929,929
66,76,1002,1002
66,77,865,865
66,78,924,924
66,79,1002,1002
66,80,903,903
66,81,959,959
66,82,1042,1042
66,83,984,984
66,84,1067,1067
66,85,943,943
66,86,1006,1006
66,87,948,948
66,88,1038,1038
66,89,936,936
66,90,1015,1015
66,91,901,901
66,92,958,958
66,93,1043,1043
66,94,911,911
66,95,982,982
66,96,1048,1048
66,97,975,975
66,98,1041,1041
66,99,1029,1029
66,100,976,976
67,1,971,971
67,2,945,945
67,3,954,954
67,4,984,984
67,5,1142,1142
67,6,908,908
67,7,949,949
67,8,996,996
67,9,1042,1042
67,10,764,764
67,11,817,817
67,12,867,867
67,13,918,918
67,14,966,966
67,15,1018,1018
67,16,871,871
67,17,913,913
67,18,967,967
67,19,996,996
67,20,1045,1045
67,21,940,940
67,22,995,995
67,23,1054,1054
67,24,794,794
67,25,844,844
67,26,882,882
67,27,929,929
67,28,961,961
67,29,1017,1017
67,30,945,945
67,31,988,988
67,32,1041,1041
67,33,855,855
67,34,896,896
67,35,916,916
67,36,963,963
67,37,1011,1011
67,38,792,792
67,39,820,820
67,40,851,851
67,41,878,878
67,42,909,909
67,43,957,957
67,44,1037,1037
67,45,808,808
67,46,843,843
67,47,859,859
67,48,904,904
67,49,953,953
67,50,1020,1020
67,51,789,789
67,52,808,808
67,53,839,839
67,54,878,878
67,55,922,922
67,56,992,992
67,57,1078,1078
67,58,1002,1002
67,59,1092,1092
67,60,1013,1013
67,61,1111,1111
67,62,972,972
67,63,1065,1065
67,64,1006,1006
67,65,1095,1095
67,66,1041,1041
67,67,967,967
67,68,1055,1055
67,69,1005,1005
67,70,1097,1097
67,71,1027,1027
67,72,1120,1120
67,73,1027,1027
67,74,988,988
67,75,1087,1087
67,76,1001,1001
67,77,1083,1083
67,78,998,998
67,79,1092,1092
67,80,1076,1076
67,81,1053,1053
67,82,972,972
67,83,1058,1058
67,84,992,992
67,85,1089,1089
67,86,1058,1058
67,87,1019,1019
67,88,1102,1102
67,89,975,975
67,90,1081,1081
67,91,1020,1020
67,92,1066,1066
67,93,1014,1014
67,94,1073,1073
67,95,1001,1001
67,96,1083,1083
67,97,1110,1110
67,98,1093,1093
67,99,1039,1039
67,100,1087,1087
68,1,939,939
68,2,949,949
68,3,962,962
68,4,965,965
68,5,1112,1112
68,6,942,942
68,7,984,984
68,8,1052,1052
68,9,734,734
68,10,782,782
68,11,816,816
68,12,837,837
68,13,854,854
68,14,855,855
68,15,880,880
68,16,914,914
68,17,949,949
68,18,1013,1013
68,19,786,786
68,20,818,818
68,21,830,830
68,22,855,855
68,23,906,906
68,24,940,940
68,25,1016,1016
68,26,930,930
68,27,1020,1020
68,28,900,900
68,29,969,969
68,30,1081,1081
68,31,955,955
68,32,1057,1057
68,33,987,987
68,34,1093,1093
68,35,1058,1058
68,36,1022,1022
68,37,1122,1122
68,38,1048,1048
68,39,909,909
68,40,1009,1009
68,41,913,913
68,42,1021,1021
68,43,963,963
68,44,1072,1072
68,45,991,991
68,46,1092,1092
68,47,1062,1062
68,48,988,988
68,49,1088,1088
68,50,940,940
68,51,1035,1035
68,52,994,994
68,53,1097,1097
68,54,1053,1053
68,55,895,895
68,56,984,984
68,57,1090,1090
68,58,970,970
68,59,1060,1060
68,60,939,939
68,61,1043,1043
68,62,957,957
68,63,1060,1060
68,64,964,964
68,65,1061,1061
68,66,947,947
68,67,1037,1037
68,68,951,951
68,69,1048,1048
68,70,967,967
68,71,1045,1045
68,72,946,946
68,73,1018,1018
68,74,946,946
68,75,1032,1032
68,76,954,954
68,77,1034,1034
68,78,1000,1000
68,79,1084,1084
68,80,1019,1019
68,81,1101,1101
68,82,1086,1086
68,83,1048,1048
68,84,917,917
68,85,1008,1008
68,86,937,937
68,87,1012,1012
68,88,894,894
68,89,974,974
68,90,1070,1070
68,91,929,929
68,92,1005,1005
68,93,899,899
68,94,982,982
68,95,1075,1075
68,96,1005,1005
68,97,1098,1098
68,98,1074,1074
68,99,1040,1040
68,100,984,984
69,1,963,963
69,2,969,969
69,3,987,987
69,4,1007,1007
69,5,797,797
69,6,848,848
69,7,868,868
69,8,890,890
69,9,916,916
69,10,964,964
69,11,1034,1034
69,12,714,714
69,13,782,782
69,14,821,821
69,15,851,851
69,16,886,886
69,17,937,937
69,18,991,991
69,19,1032,1032
69,20,797,797
69,21,837,837
69,22,867,867
69,23,910,910
69,24,967,967
69,25,1013,1013
69,26,792,792
69,27,823,823
69,28,853,853
69,29,901,901
69,30,944,944
69,31,992,992
69,32,1032,1032
69,33,823,823
69,34,858,858
69,35,916,916
69,36,973,973
69,37,1016,1016
69,38,789,789
69,39,829,829
69,40,891,891
69,41,942,942
69,42,994,994
69,43,1034,1034
69,44,876,876
69,45,922,922
69,46,968,968
69,47,1006,1006
69,48,810,810
69,49,868,868
69,50,916,916
69,51,968,968
69,52,1005,1005
69,53,891,891
69,54,932,932
69,55,977,977
69,56,1030,1030
69,57,852,852
69,58,900,900
69,59,944,944
69,60,977,977
69,61,1030,1030
69,62,838,838
69,63,885,885
69,64,918,918
69,65,949,949
69,66,1002,1002
69,67,868,868
69,68,913,913
69,69,948,948
69,70,1005,1005
69,71,807,807
69,72,856,856
69,73,889,889
69,74,937,937
69,75,997,997
69,76,1048,1048
69,77,815,815
69,78,853,853
69,79,882,882
69,80,938,938
69,81,991,991
69,82,1047,1047
69,83,914,914
69,84,965,965
69,85,1030,1030
69,86,937,937
69,87,992,992
69,88,1033,1033
69,89,914,914
69,90,976,976
69,91,1023,1023
69,92,921,921
69,93,973,973
69,94,1018,1018
69,95,866,866
69,96,921,921
69,97,971,971
69,98,1031,1031
69,99,906,906
69,100,950,950
70,1,982,982
70,2,964,964
70,3,978,978
70,4,1001,1001
70,5,810,810
70,6,862,862
70,7,900,900
70,8,945,945
70,9,1005,1005
70,10,745,745
70,11,805,805
70,12,865,865
70,13,913,913
70,14,959,959
70,15,1007,1007
70,16,910,910
70,17,958,958
70,18,1013,1013
70,19,836,836
70,20,894,894
70,21,951,951
70,22,1012,1012
70,23,820,820
70,24,868,868
70,25,917,917
70,26,968,968
70,27,1035,1035
70,28,850,850
70,29,891,891
70,30,941,941
70,31,999,999
70,32,1084,1084
70,33,984,984
70,34,1063,1063
70,35,917,917
70,36,992,992
70,37,1065,1065
70,38,990,990
70,39,1078,1078
70,40,964,964
70,41,1044,1044
70,42,927,927
70,43,992,992
70,44,1070,1070
70,45,981,981
70,46,1062,1062
70,47,850,850
70,48,913,913
70,49,980,980
70,50,1043,1043
70,51,983,983
70,52,1046,1046
70,53,961,961
70,54,1022,1022
70,55,917,917
70,56,983,983
70,57,1064,1064
70,58,989,989
70,59,1054,1054
70,60,984,984
70,61,1052,1052
70,62,943,943
70,63,1017,1017
70,64,910,910
70,65,983,983
70,66,1044,1044
70,67,883,883
70,68,951,951
70,69,1007,1007
70,70,925,925
70,71,981,981
70,72,1047,1047
70,73,940,940
70,74,997,997
70,75,1055,1055
70,76,911,911
70,77,979,979
70,78,1043,1043
70,79,885,885
70,80,941,941
70,81,990,990
70,82,1055,1055
70,83,951,951
70,84,1010,1010
70,85,871,871
70,86,920,920
70,87,968,968
70,88,1027,1027
70,89,947,947
70,90,1003,1003
70,91,888,888
70,92,941,941
70,93,983,983
70,94,1043,1043
70,95,862,862
70,96,918,918
70,97,977,977
70,98,1030,1030
70,99,881,881
70,100,937,937
71,1,964,964
71,2,961,961
71,3,952,952
71,4,975,975
71,5,1131,1131
71,6,916,916
71,7,962,962
71,8,1001,1001
71,9,833,833
71,10,889,889
71,11,962,962
71,12,1025,1025
71,13,773,773
71,14,840,840
71,15,902,902
71,16,962,962
71,17,1009,1009
71,18,722,722
71,19,774,774
71,20,849,849
71,21,903,903
71,22,943,943
71,23,992,992
71,24,1038,1038
71,25,869,869
71,26,917,917
71,27,947,947
71,28,990,990
71,29,1048,1048
71,30,852,852
71,31,890,890
71,32,927,927
71,33,958,958
71,34,1019,1019
71,35,795,795
71,36,854,854
71,37,889,889
71,38,912,912
71,39,952,952
71,40,1017,1017
71,41,873,873
71,42,909,909
71,43,958,958
71,44,1003,1003
71,45,821,821
71,46,854,854
71,47,885,885
71,48,915,915
71,49,983,983
71,50,1051,1051
71,51,858,858
71,52,884,884
71,53,938,938
71,54,992,992
71,55,1049,1049
71,56,930,930
71,57,985,985
71,58,1050,1050
71,59,865,865
71,60,914,914
71,61,967,967
71,62,1013,1013
71,63,866,866
71,64,911,911
71,65,971,971
71,66,1021,1021
71,67,925,925
71,68,991,991
71,69,1053,1053
71,70,869,869
71,71,918,918
71,72,978,978
71,73,1034,1034
71,74,927,927
71,75,990,990
71,76,1051,1051
71,77,891,891
71,78,951,951
71,79,992,992
71,80,1055,1055
71,81,881,881
71,82,930,930
71,83,970,970
71,84,1026,1026
71,85,859,859
71,86,920,920
71,87,960,960
71,88,1016,1016
71,89,891,891
71,90,934,934
71,91,993,993
71,92,1050,1050
71,93,800,800
71,94,847,847
71,95,901,901
71,96,939,939
71,97,986,986
71,98,1046,1046
71,99,946,946
71,100,995,995
72,1,994,994
72,2,990,990
72,3,1024,1024
72,4,805,805
72,5,944,944
72,6,1003,1003
72,7,678,678
72,8,679,679
72,9,691,691
72,10,707,707
72,11,727,727
72,12,746,746
72,13,774,774
72,14,845,845
72,15,901,901
72,16,977,977
72,17,1038,1038
72,18,835,835
72,19,900,900
72,20,976,976
72,21,1048,1048
72,22,890,890
72,23,963,963
72,24,1013,1013
72,25,913,913
72,26,958,958
72,27,1028,1028
72,28,931,931
72,29,987,987
72,30,1063,1063
72,31,835,835
72,32,901,901
72,33,957,957
72,34,1029,1029
72,35,878,878
72,36,911,911
72,37,984,984
72,38,1041,1041
72,39,814,814
72,40,870,870
72,41,918,918
72,42,985,985
72,43,1029,1029
72,44,889,889
72,45,951,951
72,46,999,999
72,47,1040,1040
72,48,863,863
72,49,909,909
72,50,980,980
72,51,1022,1022
72,52,924,924
72,53,969,969
72,54,1004,1004
72,55,888,888
72,56,947,947
72,57,986,986
72,58,1035,1035
72,59,925,925
72,60,967,967
72,61,1014,1014
72,62,866,866
72,63,919,919
72,64,956,956
72,65,993,993
72,66,1044,1044
72,67,846,846
72,68,896,896
72,69,925,925
72,70,968,968
72,71,1013,1013
72,72,867,867
72,73,902,902
72,74,933,933
72,75,980,980
72,76,1015,1015
72,77,885,885
72,78,936,936
72,79,966,966
72,80,1003,1003
72,81,895,895
72,82,934,934
72,83,973,973
72,84,1008,1008
72,85,826,826
72,86,847,847
72,87,892,892
72,88,936,936
72,89,965,965
72,90,1014,1014
72,91,936,936
72,92,960,960
72,93,989,989
72,94,1054,1054
72,95,922,922
72,96,958,958
72,97,1007,1007
72,98,875,875
72,99,902,902
72,100,941,941
73,1,931,931
73,2,927,927
73,3,933,933
73,4,932,932
73,5,1064,1064
73,6,725,725
73,7,787,787
73,8,848,848
73,9,904,904
73,10,943,943
73,11,992,992
73,12,1030,1030
73,13,907,907
73,14,939,939
73,15,971,971
73,16,998,998
73,17,1042,1042
73,18,815,815
73,19,854,854
73,20,880,880
73,21,912,912
73,22,945,945
73,23,984,984
73,24,1023,1023
73,25,799,799
73,26,825,825
73,27,855,855
73,28,879,879
73,29,909,909
73,30,952,952
73,31,981,981
73,32,1026,1026
73,33,925,925
73,34,952,952
73,35,993,993
73,36,1014,1014
73,37,792,792
73,38,823,823
73,39,843,843
73,40,870,870
73,41,902,902
73,42,933,933
73,43,987,987
73,44,1018,1018
73,45,802,802
73,46,837,837
73,47,853,853
73,48,865,865
73,49,903,903
73,50,946,946
73,51,984,984
73,52,1009,1009
73,53,793,793
73,54,821,821
73,55,845,845
73,56,873,873
73,57,907,907
73,58,944,944
73,59,964,964
73,60,1006,1006
73,61,938,938
73,62,953,953
73,63,992,992
73,64,1016,1016
73,65,838,838
73,66,864,864
73,67,888,888
73,68,914,914
73,69,929,929
73,70,982,982
73,71,1010,1010
73,72,823,823
73,73,838,838
73,74,852,852
73,75,870,870
73,76,881,881
73,77,907,907
73,78,954,954
73,79,981,981
73,80,1024,1024
73,81,875,875
73,82,906,906
73,83,942,942
73,84,968,968
73,85,1028,1028
73,86,898,898
73,87,924,924
73,88,962,962
73,89,1015,1015
73,90,769,769
73,91,788,788
73,92,794,794
73,93,804,804
73,94,819,819
73,95,843,843
73,96,871,871
73,97,892,892
73,98,935,935
73,99,972,972
73,100,1040,1040
74,1,929,929
74,2,935,935
74,3,927,927
74,4,931,931
74,5,1060,1060
74,6,944,944
74,7,977,977
74,8,1013,1013
74,9,739,739
74,10,772,772
74,11,820,820
74,12,841,841
74,13,867,867
74,14,907,907
74,15,948,948
74,16,997,997
74,17,1057,1057
74,18,784,784
74,19,814,814
74,20,849,849
74,21,884,884
74,22,931,931
74,23,969,969
74,24,1029,1029
74,25,799,799
74,26,817,817
74,27,855,855
74,28,868,868
74,29,907,907
74,30,953,953
74,31,1012,1012
74,32,813,813
74,33,849,849
74,34,883,883
74,35,924,924
74,36,981,981
74,37,1034,1034
74,38,822,822
74,39,864,864
74,40,893,893
74,41,947,947
74,42,992,992
74,43,1047,1047
74,44,994,994
74,45,1044,1044
74,46,882,882
74,47,930,930
74,48,980,980
74,49,1047,1047
74,50,894,894
74,51,946,946
74,52,997,997
74,53,1067,1067
74,54,970,970
74,55,1033,1033
74,56,927,927
74,57,1001,1001
74,58,987,987
74,59,1052,1052
74,60,937,937
74,61,1006,1006
74,62,923,923
74,63,977,977
74,64,1059,1059
74,65,993,993
74,66,1073,1073
74,67,977,977
74,68,1074,1074
74,69,1053,1053
74,70,920,920
74,71,996,996
74,72,1091,1091
74,73,981,981
74,74,1079,1079
74,75,1108,1108
74,76,1026,1026
74,77,1148,1148
74,78,1095,1095
74,79,1061,1061
74,80,941,941
74,81,1026,1026
74,82,971,971
74,83,1072,1072
74,84,1038,1038
74,85,982,982
74,86,1083,1083
74,87,1093,1093
74,88,1084,1084
74,89,986,986
74,90,1083,1083
74,91,1041,1041
74,92,1005,1005
74,93,1093,1093
74,94,1043,1043
74,95,954,954
74,96,1057,1057
74,97,1013,1013
74,98,1081,1081
74,99,1037,1037
74,100,1020,1020
75,1,1003,1003
75,2,812,812
75,3,824,824
75,4,878,878
75,5,1039,1039
75,6,718,718
75,7,759,759
75,8,790,790
75,9,838,838
75,10,916,916
75,11,971,971
75,12,1024,1024
75,13,689,689
75,14,732,732
75,15,768,768
75,16,820,820
75,17,888,888
75,18,944,944
75,19,999,999
75,20,1111,1111
75,21,893,893
75,22,963,963
75,23,1039,1039
75,24,838,838
75,25,899,899
75,26,965,965
75,27,1044,1044
75,28,1036,1036
75,29,995,995
75,30,1123,1123
75,31,1112,1112
75,32,1084,1084
75,33,980,980
75,34,1109,1109
75,35,1113,1113
75,36,1015,1015
75,37,1117,1117
75,38,1035,1035
75,39,940,940
75,40,1044,1044
75,41,1010,1010
75,42,1128,1128
75,43,1066,1066
75,44,1046,1046
75,45,918,918
75,46,1021,1021
75,47,938,938
75,48,1075,1075
75,49,1014,1014
75,50,1134,1134
75,51,1142,1142
75,52,1042,1042
75,53,990,990
75,54,1100,1100
75,55,1087,1087
75,56,972,972
75,57,1069,1069
75,58,1049,1049
75,59,979,979
75,60,1094,1094
75,61,1103,1103
75,62,1043,1043
75,63,1009,1009
75,64,1110,1110
75,65,1045,1045
75,66,1024,1024
75,67,1132,1132
75,68,1041,1041
75,69,984,984
75,70,1090,1090
75,71,1064,1064
75,72,986,986
75,73,1104,1104
75,74,1085,1085
75,75,1011,1011
75,76,1115,1115
75,77,1106,1106
75,78,1049,1049
75,79,981,981
75,80,1085,1085
75,81,1080,1080
75,82,1054,1054
75,83,918,918
75,84,1021,1021
75,85,935,935
75,86,1042,1042
75,87,1013,1013
75,88,1136,1136
75,89,1068,1068
75,90,1022,1022
75,91,1126,1126
75,92,990,990
75,93,1097,1097
75,94,1005,1005
75,95,1129,1129
75,96,1022,1022
75,97,1136,1136
75,98,1126,1126
75,99,1009,1009
75,100,1137,1137
76,1,595,595
76,2,590,590
76,3,578,578
76,4,548,548
76,5,626,626
76,6,636,636
76,7,641,641
76,8,675,675
76,9,728,728
76,10,810,810
76,11,887,887
76,12,945,945
76,13,1013,1013
76,14,869,869
76,15,925,925
76,16,976,976
76,17,1052,1052
76,18,886,886
76,19,952,952
76,20,1015,1015
76,21,907,907
76,22,968,968
76,23,1049,1049
76,24,874,874
76,25,940,940
76,26,1017,1017
76,27,868,868
76,28,925,925
76,29,1003,1003
76,30,961,961
76,31,1049,1049
76,32,881,881
76,33,963,963
76,34,1053,1053
76,35,951,951
76,36,1034,1034
76,37,921,921
76,38,1004,1004
76,39,911,911
76,40,986,986
76,41,1044,1044
76,42,921,921
76,43,1017,1017
76,44,961,961
76,45,1031,1031
76,46,935,935
76,47,1015,1015
76,48,950,950
76,49,1008,1008
76,50,850,850
76,51,919,919
76,52,995,995
76,53,1057,1057
76,54,867,867
76,55,942,942
76,56,1014,1014
76,57,862,862
76,58,929,929
76,59,998,998
76,60,1056,1056
76,61,871,871
76,62,941,941
76,63,1012,1012
76,64,900,900
76,65,965,965
76,66,1023,1023
76,67,879,879
76,68,932,932
76,69,996,996
76,70,1051,1051
76,71,864,864
76,72,935,935
76,73,995,995
76,74,1041,1041
76,75,915,915
76,76,970,970
76,77,1028,1028
76,78,938,938
76,79,998,998
76,80,1066,1066
76,81,944,944
76,82,998,998
76,83,1084,1084
76,84,946,946
76,85,995,995
76,86,1071,1071
76,87,1029,1029
76,88,909,909
76,89,966,966
76,90,1039,1039
76,91,1008,1008
76,92,1095,1095
76,93,1004,1004
76,94,1086,1086
76,95,1027,1027
76,96,1050,1050
76,97,983,983
76,98,1082,1082
76,99,1042,1042
76,100,980,980
77,1,999,999
77,2,998,998
77,3,1031,1031
77,4,814,814
77,5,938,938
77,6,990,990
77,7,1051,1051
77,8,930,930
77,9,986,986
77,10,1055,1055
77,11,841,841
77,12,894,894
77,13,950,950
77,14,1011,1011
77,15,781,781
77,16,819,819
77,17,855,855
77,18,906,906
77,19,955,955
77,20,1028,1028
77,21,888,888
77,22,939,939
77,23,1013,1013
77,24,978,978
77,25,1067,1067
77,26,928,928
77,27,993,993
77,28,1082,1082
77,29,936,936
77,30,1007,1007
77,31,957,957
77,32,1044,1044
77,33,954,954
77,34,1028,1028
77,35,952,952
77,36,1024,1024
77,37,915,915
77,38,991,991
77,39,1074,1074
77,40,919,919
77,41,991,991
77,42,1062,1062
77,43,943,943
77,44,1020,1020
77,45,927,927
77,46,1011,1011
77,47,943,943
77,48,1010,1010
77,49,938,938
77,50,1015,1015
77,51,915,915
77,52,986,986
77,53,1077,1077
77,54,934,934
77,55,1012,1012
77,56,876,876
77,57,953,953
77,58,1012,1012
77,59,924,924
77,60,979,979
77,61,1043,1043
77,62,943,943
77,63,1004,1004
77,64,905,905
77,65,958,958
77,66,1006,1006
77,67,944,944
77,68,994,994
77,69,1049,1049
77,70,890,890
77,71,962,962
77,72,1019,1019
77,73,850,850
77,74,926,926
77,75,983,983
77,76,1031,1031
77,77,828,828
77,78,884,884
77,79,942,942
77,80,997,997
77,81,1059,1059
77,82,865,865
77,83,922,922
77,84,971,971
77,85,1034,1034
77,86,918,918
77,87,971,971
77,88,1014,1014
77,89,925,925
77,90,974,974
77,91,1018,1018
77,92,893,893
77,93,934,934
77,94,981,981
77,95,1054,1054
77,96,885,885
77,97,922,922
77,98,982,982
77,99,1043,1043
77,100,937,937
78,1,995,995
78,2,1005,1005
78,3,733,733
78,4,761,761
78,5,901,901
78,6,958,958
78,7,1023,1023
78,8,800,800
78,9,895,895
78,10,958,958
78,11,1026,1026
78,12,810,810
78,13,890,890
78,14,956,956
78,15,1032,1032
78,16,900,900
78,17,967,967
78,18,1038,1038
78,19,892,892
78,20,950,950
78,21,1026,1026
78,22,912,912
78,23,970,970
78,24,1042,1042
78,25,939,939
78,26,1016,1016
78,27,923,923
78,28,987,987
78,29,1087,1087
78,30,993,993
78,31,1075,1075
78,32,948,948
78,33,1032,1032
78,34,990,990
78,35,1062,1062
78,36,951,951
78,37,1029,1029
78,38,911,911
78,39,990,990
78,40,1061,1061
78,41,960,960
78,42,1032,1032
78,43,865,865
78,44,946,946
78,45,1027,1027
78,46,916,916
78,47,995,995
78,48,1092,1092
78,49,931,931
78,50,1016,1016
78,51,892,892
78,52,962,962
78,53,1049,1049
78,54,901,901
78,55,990,990
78,56,1076,1076
78,57,1021,1021
78,58,1041,1041
78,59,943,943
78,60,1033,1033
78,61,913,913
78,62,992,992
78,63,1063,1063
78,64,967,967
78,65,1046,1046
78,66,877,877
78,67,954,954
78,68,1026,1026
78,69,947,947
78,70,1018,1018
78,71,897,897
78,72,1001,1001
78,73,969,969
78,74,1056,1056
78,75,936,936
78,76,1012,1012
78,77,928,928
78,78,988,988
78,79,1076,1076
78,80,1038,1038
78,81,943,943
78,82,1013,1013
78,83,832,832
78,84,905,905
78,85,984,984
78,86,1059,1059
78,87,975,975
78,88,1048,1048
78,89,995,995
78,90,1083,1083
78,91,956,956
78,92,1029,1029
78,93,961,961
78,94,1039,1039
78,95,991,991
78,96,1082,1082
78,97,1032,1032
78,98,1038,1038
78,99,985,985
78,100,1093,1093
79,1,940,940
79,2,930,930
79,3,937,937
79,4,941,941
79,5,1080,1080
79,6,753,753
79,7,820,820
79,8,899,899
79,9,945,945
79,10,984,984
79,11,1044,1044
79,12,813,813
79,13,883,883
79,14,934,934
79,15,970,970
79,16,1021,1021
79,17,853,853
79,18,915,915
79,19,954,954
79,20,1004,1004
79,21,795,795
79,22,865,865
79,23,908,908
79,24,937,937
79,25,983,983
79,26,1039,1039
79,27,853,853
79,28,886,886
79,29,918,918
79,30,939,939
79,31,980,980
79,32,1033,1033
79,33,836,836
79,34,863,863
79,35,878,878
79,36,891,891
79,37,929,929
79,38,977,977
79,39,1036,1036
79,40,786,786
79,41,816,816
79,42,838,838
79,43,850,850
79,44,889,889
79,45,930,930
79,46,968,968
79,47,1032,1032
79,48,824,824
79,49,841,841
79,50,852,852
79,51,891,891
79,52,940,940
79,53,1019,1019
79,54,858,858
79,55,882,882
79,56,920,920
79,57,988,988
79,58,1051,1051
79,59,952,952
79,60,1006,1006
79,61,837,837
79,62,874,874
79,63,931,931
79,64,992,992
79,65,1045,1045
79,66,908,908
79,67,955,955
79,68,1022,1022
79,69,917,917
79,70,974,974
79,71,1030,1030
79,72,872,872
79,73,933,933
79,74,996,996
79,75,1055,1055
79,76,922,922
79,77,996,996
79,78,1053,1053
79,79,968,968
79,80,1040,1040
79,81,942,942
79,82,1012,1012
79,83,897,897
79,84,961,961
79,85,1025,1025
79,86,939,939
79,87,1027,1027
79,88,1019,1019
79,89,1035,1035
79,90,998,998
79,91,1082,1082
79,92,1055,1055
79,93,986,986
79,94,1070,1070
79,95,1005,1005
79,96,1099,1099
79,97,993,993
79,98,1098,1098
79,99,1065,1065
79,100,954,954
80,1,927,927
80,2,911,911
80,3,892,892
80,4,892,892
80,5,1016,1016
80,6,721,721
80,7,743,743
80,8,772,772
80,9,838,838
80,10,882,882
80,11,923,923
80,12,959,959
80,13,1000,1000
80,14,1062,1062
80,15,891,891
80,16,926,926
80,17,965,965
80,18,1013,1013
80,19,894,894
80,20,933,933
80,21,989,989
80,22,1039,1039
80,23,849,849
80,24,872,872
80,25,892,892
80,26,923,923
80,27,980,980
80,28,1043,1043
80,29,941,941
80,30,993,993
80,31,1058,1058
80,32,909,909
80,33,952,952
80,34,1022,1022
80,35,867,867
80,36,911,911
80,37,947,947
80,38,1025,1025
80,39,881,881
80,40,934,934
80,41,992,992
80,42,1059,1059
80,43,816,816
80,44,844,844
80,45,900,900
80,46,957,957
80,47,1013,1013
80,48,875,875
80,49,928,928
80,50,988,988
80,51,1044,1044
80,52,953,953
80,53,995,995
80,54,1062,1062
80,55,916,916
80,56,976,976
80,57,1054,1054
80,58,926,926
80,59,983,983
80,60,1042,1042
80,61,873,873
80,62,941,941
80,63,999,999
80,64,1057,1057
80,65,871,871
80,66,936,936
80,67,995,995
80,68,1049,1049
80,69,1033,1033
80,70,806,806
80,71,853,853
80,72,915,915
80,73,969,969
80,74,1037,1037
80,75,817,817
80,76,876,876
80,77,917,917
80,78,974,974
80,79,1040,1040
80,80,914,914
80,81,965,965
80,82,1027,1027
80,83,942,942
80,84,1002,1002
80,85,927,927
80,86,989,989
80,87,1058,1058
80,88,1039,1039
80,89,919,919
80,90,984,984
80,91,1060,1060
80,92,916,916
80,93,991,991
80,94,1080,1080
80,95,953,953
80,96,1018,1018
80,97,901,901
80,98,964,964
80,99,1059,1059
80,100,916,916
81,1,1012,1012
81,2,930,930
81,3,972,972
81,4,1009,1009
81,5,915,915
81,6,986,986
81,7,1040,1040
81,8,747,747
81,9,810,810
81,10,871,871
81,11,962,962
81,12,1015,1015
81,13,883,883
81,14,971,971
81,15,1033,1033
81,16,875,875
81,17,949,949
81,18,1023,1023
81,19,859,859
81,20,938,938
81,21,1008,1008
81,22,923,923
81,23,962,962
81,24,1007,1007
81,25,810,810
81,26,877,877
81,27,939,939
81,28,995,995
81,29,1041,1041
81,30,829,829
81,31,900,900
81,32,956,956
81,33,985,985
81,34,1021,1021
81,35,814,814
81,36,890,890
81,37,936,936
81,38,963,963
81,39,1006,1006
81,40,913,913
81,41,941,941
81,42,967,967
81,43,990,990
81,44,998,998
81,45,1027,1027
81,46,779,779
81,47,831,831
81,48,878,878
81,49,916,916
81,50,952,952
81,51,982,982
81,52,1026,1026
81,53,828,828
81,54,870,870
81,55,878,878
81,56,912,912
81,57,943,943
81,58,961,961
81,59,992,992
81,60,1023,1023
81,61,835,835
81,62,869,869
81,63,895,895
81,64,924,924
81,65,945,945
81,66,967,967
81,67,1001,1001
81,68,750,750
81,69,793,793
81,70,823,823
81,71,841,841
81,72,866,866
81,73,897,897
81,74,913,913
81,75,933,933
81,76,956,956
81,77,998,998
81,78,1054,1054
81,79,891,891
81,80,916,916
81,81,944,944
81,82,990,990
81,83,1029,1029
81,84,892,892
81,85,917,917
81,86,957,957
81,87,995,995
81,88,1044,1044
81,89,890,890
81,90,918,918
81,91,969,969
81,92,1012,1012
81,93,870,870
81,94,906,906
81,95,952,952
81,96,996,996
81,97,1055,1055
81,98,938,938
81,99,980,980
81,100,1041,1041
82,1,951,951
82,2,950,950
82,3,970,970
82,4,990,990
82,5,1154,1154
82,6,894,894
82,7,930,930
82,8,965,965
82,9,1022,1022
82,10,899,899
82,11,958,958
82,12,1013,1013
82,13,763,763
82,14,794,794
82,15,832,832
82,16,867,867
82,17,911,911
82,18,951,951
82,19,1007,1007
82,20,869,869
82,21,902,902
82,22,956,956
82,23,1024,1024
82,24,840,840
82,25,877,877
82,26,924,924
82,27,984,984
82,28,1050,1050
82,29,899,899
82,30,954,954
82,31,1005,1005
82,32,903,903
82,33,961,961
82,34,1022,1022
82,35,853,853
82,36,904,904
82,37,960,960
82,38,1019,1019
82,39,867,867
82,40,927,927
82,41,968,968
82,42,1019,1019
82,43,864,864
82,44,916,916
82,45,975,975
82,46,1016,1016
82,47,877,877
82,48,916,916
82,49,965,965
82,50,1003,1003
82,51,825,825
82,52,876,876
82,53,926,926
82,54,987,987
82,55,1028,1028
82,56,837,837
82,57,889,889
82,58,943,943
82,59,996,996
82,60,1034,1034
82,61,806,806
82,62,855,855
82,63,925,925
82,64,962,962
82,65,1019,1019
82,66,894,894
82,67,935,935
82,68,987,987
82,69,1037,1037
82,70,744,744
82,71,786,786
82,72,825,825
82,73,874,874
82,74,917,917
82,75,969,969
82,76,1014,1014
82,77,877,877
82,78,928,928
82,79,969,969
82,80,1019,1019
82,81,871,871
82,82,910,910
82,83,948,948
82,84,998,998
82,85,1002,1002
82,86,847,847
82,87,895,895
82,88,934,934
82,89,962,962
82,90,968,968
82,91,984,984
82,92,997,997
82,93,1008,1008
82,94,756,756
82,95,780,780
82,96,819,819
82,97,854,854
82,98,895,895
82,99,935,935
82,100,961,961
83,1,961,961
83,2,948,948
83,3,953,953
83,4,964,964
83,5,1112,1112
83,6,925,925
83,7,962,962
83,8,1003,1003
83,9,766,766
83,10,796,796
83,11,826,826
83,12,833,833
83,13,872,872
83,14,924,924
83,15,978,978
83,16,1032,1032
83,17,852,852
83,18,878,878
83,19,909,909
83,20,966,966
83,21,1037,1037
83,22,788,788
83,23,808,808
83,24,837,837
83,25,873,873
83,26,932,932
83,27,988,988
83,28,1051,1051
83,29,954,954
83,30,1012,1012
83,31,912,912
83,32,960,960
83,33,1022,1022
83,34,859,859
83,35,893,893
83,36,942,942
83,37,998,998
83,38,1072,1072
83,39,955,955
83,40,1006,1006
83,41,981,981
83,42,1084,1084
83,43,1064,1064
83,44,902,902
83,45,975,975
83,46,1051,1051
83,47,1004,1004
83,48,1087,1087
83,49,1058,1058
83,50,1027,1027
83,51,876,876
83,52,944,944
83,53,1019,1019
83,54,938,938
83,55,1018,1018
83,56,894,894
83,57,978,978
83,58,1077,1077
83,59,1044,1044
83,60,933,933
83,61,1019,1019
83,62,981,981
83,63,1068,1068
83,64,983,983
83,65,1077,1077
83,66,1015,1015
83,67,1113,1113
83,68,1020,1020
83,69,1121,1121
83,70,1013,1013
83,71,1098,1098
83,72,1003,1003
83,73,1088,1088
83,74,952,952
83,75,1040,1040
83,76,949,949
83,77,1031,1031
83,78,923,923
83,79,1004,1004
83,80,939,939
83,81,1026,1026
83,82,971,971
83,83,1064,1064
83,84,1008,1008
83,85,1081,1081
83,86,967,967
83,87,1027,1027
83,88,980,980
83,89,1052,1052
83,90,940,940
83,91,1016,1016
83,92,940,940
83,93,1018,1018
83,94,916,916
83,95,1002,1002
83,96,916,916
83,97,997,997
83,98,1073,1073
83,99,919,919
83,100,986,986
84,1,597,597
84,2,608,608
84,3,652,652
84,4,694,694
84,5,811,811
84,6,870,870
84,7,929,929
84,8,969,969
84,9,1017,1017
84,10,841,841
84,11,903,903
84,12,954,954
84,13,991,991
84,14,1025,1025
84,15,810,810
84,16,874,874
84,17,929,929
84,18,981,981
84,19,1010,1010
84,20,832,832
84,21,900,900
84,22,960,960
84,23,996,996
84,24,1019,1019
84,25,798,798
84,26,849,849
84,27,899,899
84,28,930,930
84,29,972,972
84,30,1003,1003
84,31,821,821
84,32,860,860
84,33,905,905
84,34,945,945
84,35,979,979
84,36,1010,1010
84,37,866,866
84,38,893,893
84,39,932,932
84,40,951,951
84,41,974,974
84,42,988,988
84,43,1019,1019
84,44,780,780
84,45,837,837
84,46,881,881
84,47,908,908
84,48,927,927
84,49,946,946
84,50,962,962
84,51,981,981
84,52,1016,1016
84,53,789,789
84,54,834,834
84,55,867,867
84,56,897,897
84,57,910,910
84,58,932,932
84,59,942,942
84,60,985,985
84,61,1031,1031
84,62,853,853
84,63,886,886
84,64,903,903
84,65,903,903
84,66,925,925
84,67,961,961
84,68,987,987
84,69,1018,1018
84,70,876,876
84,71,889,889
84,72,906,906
84,73,940,940
84,74,971,971
84,75,997,997
84,76,1040,1040
84,77,857,857
84,78,870,870
84,79,894,894
84,80,939,939
84,81,971,971
84,82,1019,1019
84,83,864,864
84,84,902,902
84,85,937,937
84,86,970,970
84,87,1029,1029
84,88,894,894
84,89,931,931
84,90,963,963
84,91,1030,1030
84,92,900,900
84,93,937,937
84,94,972,972
84,95,1036,1036
84,96,839,839
84,97,867,867
84,98,902,902
84,99,950,950
84,100,1010,1010
85,1,958,958
85,2,942,942
85,3,954,954
85,4,974,974
85,5,1124,1124
85,6,906,906
85,7,924,924
85,8,956,956
85,9,1017,1017
85,10,834,834
85,11,847,847
85,12,842,842
85,13,864,864
85,14,892,892
85,15,931,931
85,16,981,981
85,17,1040,1040
85,18,859,859
85,19,890,890
85,20,940,940
85,21,996,996
85,22,1091,1091
85,23,987,987
85,24,1067,1067
85,25,932,932
85,26,988,988
85,27,1109,1109
85,28,957,957
85,29,1041,1041
85,30,853,853
85,31,900,900
85,32,973,973
85,33,1057,1057
85,34,937,937
85,35,1026,1026
85,36,898,898
85,37,959,959
85,38,1069,1069
85,39,928,928
85,40,1030,1030
85,41,947,947
85,42,1028,1028
85,43,952,952
85,44,1036,1036
85,45,946,946
85,46,1012,1012
85,47,927,927
85,48,1013,1013
85,49,919,919
85,50,1013,1013
85,51,889,889
85,52,970,970
85,53,1056,1056
85,54,905,905
85,55,985,985
85,56,1066,1066
85,57,947,947
85,58,1011,1011
85,59,931,931
85,60,985,985
85,61,1060,1060
85,62,995,995
85,63,1072,1072
85,64,969,969
85,65,1039,1039
85,66,934,934
85,67,1016,1016
85,68,903,903
85,69,956,956
85,70,1034,1034
85,71,868,868
85,72,931,931
85,73,991,991
85,74,1056,1056
85,75,949,949
85,76,1022,1022
85,77,941,941
85,78,1011,1011
85,79,921,921
85,80,993,993
85,81,1062,1062
85,82,1015,1015
85,83,1063,1063
85,84,946,946
85,85,1020,1020
85,86,968,968
85,87,1026,1026
85,88,959,959
85,89,1016,1016
85,90,914,914
85,91,966,966
85,92,1036,1036
85,93,961,961
85,94,1033,1033
85,95,935,935
85,96,999,999
85,97,1077,1077
85,98,1003,1003
85,99,1087,1087
85,100,993,993
86,1,982,982
86,2,980,980
86,3,1016,1016
86,4,787,787
86,5,930,930
86,6,963,963
86,7,1022,1022
86,8,857,857
86,9,891,891
86,10,922,922
86,11,971,971
86,12,1037,1037
86,13,924,924
86,14,974,974
86,15,1030,1030
86,16,922,922
86,17,1001,1001
86,18,941,941
86,19,976,976
86,20,1039,1039
86,21,893,893
86,22,951,951
86,23,1007,1007
86,24,819,819
86,25,842,842
86,26,876,876
86,27,927,927
86,28,998,998
86,29,1077,1077
86,30,941,941
86,31,1013,1013
86,32,858,858
86,33,929,929
86,34,988,988
86,35,1074,1074
86,36,955,955
86,37,1027,1027
86,38,890,890
86,39,938,938
86,40,1014,1014
86,41,956,956
86,42,1042,1042
86,43,989,989
86,44,1061,1061
86,45,928,928
86,46,1003,1003
86,47,893,893
86,48,948,948
86,49,1049,1049
86,50,920,920
86,51,999,999
86,52,1072,1072
86,53,1014,1014
86,54,1080,1080
86,55,894,894
86,56,965,965
86,57,1005,1005
86,58,853,853
86,59,913,913
86,60,988,988
86,61,1045,1045
86,62,949,949
86,63,1015,1015
86,64,888,888
86,65,969,969
86,66,1022,1022
86,67,856,856
86,68,924,924
86,69,960,960
86,70,1035,1035
86,71,905,905
86,72,964,964
86,73,1046,1046
86,74,985,985
86,75,1061,1061
86,76,906,906
86,77,971,971
86,78,1068,1068
86,79,950,950
86,80,1037,1037
86,81,948,948
86,82,1031,1031
86,83,947,947
86,84,1033,1033
86,85,914,914
86,86,997,997
86,87,1091,1091
86,88,1056,1056
86,89,1016,1016
86,90,1095,1095
86,91,1029,1029
86,92,1086,1086
86,93,1099,1099
86,94,1039,1039
86,95,976,976
86,96,1072,1072
86,97,1014,1014
86,98,1128,1128
86,99,1170,1170
86,100,1034,1034
87,1,1025,1025
87,2,830,830
87,3,833,833
87,4,866,866
87,5,1030,1030
87,6,741,741
87,7,752,752
87,8,765,765
87,9,798,798
87,10,848,848
87,11,930,930
87,12,979,979
87,13,1015,1015
87,14,775,775
87,15,822,822
87,16,886,886
87,17,942,942
87,18,998,998
87,19,1044,1044
87,20,884,884
87,21,948,948
87,22,990,990
87,23,1038,1038
87,24,941,941
87,25,987,987
87,26,1030,1030
87,27,858,858
87,28,931,931
87,29,983,983
87,30,1032,1032
87,31,805,805
87,32,872,872
87,33,943,943
87,34,994,994
87,35,1052,1052
87,36,842,842
87,37,897,897
87,38,946,946
87,39,993,993
87,40,1048,1048
87,41,916,916
87,42,958,958
87,43,1019,1019
87,44,964,964
87,45,1032,1032
87,46,894,894
87,47,927,927
87,48,1003,1003
87,49,795,795
87,50,862,862
87,51,902,902
87,52,967,967
87,53,1014,1014
87,54,943,943
87,55,1009,1009
87,56,826,826
87,57,869,869
87,58,911,911
87,59,969,969
87,60,1030,1030
87,61,840,840
87,62,869,869
87,63,928,928
87,64,992,992
87,65,1051,1051
87,66,919,919
87,67,983,983
87,68,1051,1051
87,69,883,883
87,70,943,943
87,71,1002,1002
87,72,827,827
87,73,880,880
87,74,927,927
87,75,1000,1000
87,76,1053,1053
87,77,828,828
87,78,882,882
87,79,935,935
87,80,1005,1005
87,81,784,784
87,82,819,819
87,83,884,884
87,84,949,949
87,85,995,995
87,86,1027,1027
87,87,879,879
87,88,953,953
87,89,999,999
87,90,1029,1029
87,91,856,856
87,92,929,929
87,93,980,980
87,94,1007,1007
87,95,799,799
87,96,849,849
87,97,911,911
87,98,934,934
87,99,962,962
87,100,1013,1013
88,1,1002,1002
88,2,846,846
88,3,873,873
88,4,927,927
88,5,1104,1104
88,6,861,861
88,7,940,940
88,8,1018,1018
88,9,862,862
88,10,946,946
88,11,1025,1025
88,12,851,851
88,13,935,935
88,14,1009,1009
88,15,840,840
88,16,916,916
88,17,994,994
88,18,1071,1071
88,19,891,891
88,20,964,964
88,21,1029,1029
88,22,868,868
88,23,946,946
88,24,1003,1003
88,25,849,849
88,26,923,923
88,27,995,995
88,28,1049,1049
88,29,852,852
88,30,919,919
88,31,983,983
88,32,1036,1036
88,33,929,929
88,34,992,992
88,35,1055,1055
88,36,892,892
88,37,957,957
88,38,1014,1014
88,39,891,891
88,40,943,943
88,41,1003,1003
88,42,925,925
88,43,981,981
88,44,1041,1041
88,45,881,881
88,46,930,930
88,47,985,985
88,48,1061,1061
88,49,899,899
88,50,944,944
88,51,996,996
88,52,1066,1066
88,53,923,923
88,54,986,986
88,55,1060,1060
88,56,928,928
88,57,988,988
88,58,1047,1047
88,59,855,855
88,60,900,900
88,61,967,967
88,62,1022,1022
88,63,902,902
88,64,969,969
88,65,1038,1038
88,66,924,924
88,67,981,981
88,68,1052,1052
88,69,940,940
88,70,997,997
88,71,1062,1062
88,72,874,874
88,73,943,943
88,74,994,994
88,75,1056,1056
88,76,905,905
88,77,948,948
88,78,1004,1004
88,79,859,859
88,80,919,919
88,81,986,986
88,82,1043,1043
88,83,887,887
88,84,939,939
88,85,998,998
88,86,1065,1065
88,87,875,875
88,88,913,913
88,89,977,977
88,90,1039,1039
88,91,877,877
88,92,937,937
88,93,993,993
88,94,1065,1065
88,95,913,913
88,96,959,959
88,97,1020,1020
88,98,948,948
88,99,997,997
88,100,1055,1055
89,1,654,654
89,2,642,642
89,3,647,647
89,4,676,676
89,5,794,794
89,6,833,833
89,7,865,865
89,8,918,918
89,9,993,993
89,10,1082,1082
89,11,825,825
89,12,882,882
89,13,950,950
89,14,1047,1047
89,15,873,873
89,16,950,950
89,17,1036,1036
89,18,835,835
89,19,895,895
89,20,973,973
89,21,1038,1038
89,22,879,879
89,23,961,961
89,24,1023,1023
89,25,941,941
89,26,1010,1010
89,27,803,803
89,28,872,872
89,29,951,951
89,30,1027,1027
89,31,901,901
89,32,976,976
89,33,1038,1038
89,34,903,903
89,35,976,976
89,36,1030,1030
89,37,961,961
89,38,1022,1022
89,39,898,898
89,40,961,961
89,41,1012,1012
89,42,948,948
89,43,1010,1010
89,44,930,930
89,45,989,989
89,46,1059,1059
89,47,974,974
89,48,1043,1043
89,49,962,962
89,50,1027,1027
89,51,972,972
89,52,1033,1033
89,53,981,981
89,54,1067,1067
89,55,987,987
89,56,1058,1058
89,57,899,899
89,58,963,963
89,59,1034,1034
89,60,975,975
89,61,1043,1043
89,62,956,956
89,63,1030,1030
89,64,955,955
89,65,1036,1036
89,66,952,952
89,67,1034,1034
89,68,960,960
89,69,1045,1045
89,70,1065,1065
89,71,1037,1037
89,72,1010,1010
89,73,1149,1149
89,74,1098,1098
89,75,1073,1073
89,76,1100,1100
89,77,1094,1094
89,78,1074,1074
89,79,1097,1097
89,80,1095,1095
89,81,1053,1053
89,82,1023,1023
89,83,1117,1117
89,84,1064,1064
89,85,1051,1051
89,86,1014,1014
89,87,1149,1149
89,88,1098,1098
89,89,1071,1071
89,90,1074,1074
89,91,1017,1017
89,92,1107,1107
89,93,1049,1049
89,94,1002,1002
89,95,1124,1124
89,96,1074,1074
89,97,1070,1070
89,98,1078,1078
89,99,1076,1076
89,100,1068,1068
90,1,1026,1026
90,2,765,765
90,3,756,756
90,4,754,754
90,5,865,865
90,6,892,892
90,7,929,929
90,8,983,983
90,9,1065,1065
90,10,836,836
90,11,881,881
90,12,937,937
90,13,1012,1012
90,14,802,802
90,15,845,845
90,16,892,892
90,17,970,970
90,18,1054,1054
90,19,854,854
90,20,908,908
90,21,975,975
90,22,1077,1077
90,23,981,981
90,24,1054,1054
90,25,1038,1038
90,26,973,973
90,27,1068,1068
90,28,959,959
90,29,1045,1045
90,30,881,881
90,31,954,954
90,32,1049,1049
90,33,1093,1093
90,34,990,990
90,35,1106,1106
90,36,966,966
90,37,1064,1064
90,38,978,978
90,39,1085,1085
90,40,978,978
90,41,1076,1076
90,42,985,985
90,43,1094,1094
90,44,1020,1020
90,45,1103,1103
90,46,1020,1020
90,47,1105,1105
90,48,1170,1170
90,49,1000,1000
90,50,1090,1090
90,51,986,986
90,52,1075,1075
90,53,982,982
90,54,1073,1073
90,55,961,961
90,56,1043,1043
90,57,950,950
90,58,1041,1041
90,59,972,972
90,60,1055,1055
90,61,977,977
90,62,1071,1071
90,63,943,943
90,64,1025,1025
90,65,940,940
90,66,1023,1023
90,67,932,932
90,68,1014,1014
90,69,960,960
90,70,1040,1040
90,71,968,968
90,72,1041,1041
90,73,928,928
90,74,993,993
90,75,1067,1067
90,76,981,981
90,77,1055,1055
90,78,907,907
90,79,980,980
90,80,1048,1048
90,81,959,959
90,82,1022,1022
90,83,888,888
90,84,964,964
90,85,1025,1025
90,86,913,913
90,87,978,978
90,88,1033,1033
90,89,905,905
90,90,966,966
90,91,1018,1018
90,92,890,890
90,93,946,946
90,94,1023,1023
90,95,871,871
90,96,927,927
90,97,985,985
90,98,1034,1034
90,99,884,884
90,100,966,966
91,1,621,621
91,2,650,650
91,3,685,685
91,4,746,746
91,5,881,881
91,6,936,936
91,7,1030,1030
91,8,792,792
91,9,876,876
91,10,946,946
91,11,1056,1056
91,12,941,941
91,13,1047,1047
91,14,903,903
91,15,995,995
91,16,1100,1100
91,17,938,938
91,18,1034,1034
91,19,909,909
91,20,997,997
91,21,1083,1083
91,22,972,972
91,23,1076,1076
91,24,975,975
91,25,1066,1066
91,26,956,956
91,27,1054,1054
91,28,994,994
91,29,1099,1099
91,30,969,969
91,31,1058,1058
91,32,999,999
91,33,1093,1093
91,34,976,976
91,35,1069,1069
91,36,998,998
91,37,1075,1075
91,38,986,986
91,39,1054,1054
91,40,968,968
91,41,1055,1055
91,42,1027,1027
91,43,942,942
91,44,1042,1042
91,45,993,993
91,46,1064,1064
91,47,959,959
91,48,1019,1019
91,49,924,924
91,50,1010,1010
91,51,875,875
91,52,968,968
91,53,1030,1030
91,54,900,900
91,55,980,980
91,56,1063,1063
91,57,874,874
91,58,961,961
91,59,1035,1035
91,60,845,845
91,61,923,923
91,62,985,985
91,63,1057,1057
91,64,882,882
91,65,968,968
91,66,1032,1032
91,67,952,952
91,68,1021,1021
91,69,952,952
91,70,1026,1026
91,71,943,943
91,72,1012,1012
91,73,856,856
91,74,924,924
91,75,994,994
91,76,1062,1062
91,77,915,915
91,78,984,984
91,79,1046,1046
91,80,961,961
91,81,1030,1030
91,82,941,941
91,83,1007,1007
91,84,910,910
91,85,964,964
91,86,1034,1034
91,87,906,906
91,88,970,970
91,89,1028,1028
91,90,886,886
91,91,959,959
91,92,1018,1018
91,93,906,906
91,94,973,973
91,95,1024,1024
91,96,902,902
91,97,967,967
91,98,1022,1022
91,99,926,926
91,100,985,985
92,1,1006,1006
92,2,1015,1015
92,3,681,681
92,4,709,709
92,5,823,823
92,6,865,865
92,7,917,917
92,8,976,976
92,9,1047,1047
92,10,857,857
92,11,932,932
92,12,1018,1018
92,13,776,776
92,14,819,819
92,15,874,874
92,16,947,947
92,17,1016,1016
92,18,837,837
92,19,903,903
92,20,988,988
92,21,1056,1056
92,22,895,895
92,23,970,970
92,24,1032,1032
92,25,905,905
92,26,975,975
92,27,1054,1054
92,28,939,939
92,29,1002,1002
92,30,923,923
92,31,985,985
92,32,1054,1054
92,33,886,886
92,34,949,949
92,35,1028,1028
92,36,907,907
92,37,965,965
92,38,1036,1036
92,39,910,910
92,40,959,959
92,41,1030,1030
92,42,906,906
92,43,960,960
92,44,1037,1037
92,45,929,929
92,46,992,992
92,47,1040,1040
92,48,960,960
92,49,1013,1013
92,50,902,902
92,51,968,968
92,52,1016,1016
92,53,839,839
92,54,889,889
92,55,950,950
92,56,1005,1005
92,57,875,875
92,58,926,926
92,59,982,982
92,60,1038,1038
92,61,853,853
92,62,909,909
92,63,971,971
92,64,1036,1036
92,65,887,887
92,66,949,949
92,67,1009,1009
92,68,821,821
92,69,876,876
92,70,929,929
92,71,996,996
92,72,1063,1063
92,73,935,935
92,74,1006,1006
92,75,874,874
92,76,913,913
92,77,974,974
92,78,1042,1042
92,79,850,850
92,80,905,905
92,81,962,962
92,82,1026,1026
92,83,868,868
92,84,918,918
92,85,971,971
92,86,1043,1043
92,87,866,866
92,88,923,923
92,89,966,966
92,90,1042,1042
92,91,935,935
92,92,1004,1004
92,93,865,865
92,94,933,933
92,95,994,994
92,96,1094,1094
92,97,1045,1045
92,98,917,917
92,99,985,985
92,100,1086,1086
93,1,678,678
93,2,709,709
93,3,769,769
93,4,844,844
93,5,1051,1051
93,6,818,818
93,7,914,914
93,8,1037,1037
93,9,856,856
93,10,988,988
93,11,1080,1080
93,12,913,913
93,13,1021,1021
93,14,863,863
93,15,981,981
93,16,1067,1067
93,17,995,995
93,18,1082,1082
93,19,1023,1023
93,20,1002,1002
93,21,1056,1056
93,22,904,904
93,23,1001,1001
93,24,843,843
93,25,946,946
93,26,1034,1034
93,27,918,918
93,28,1002,1002
93,29,899,899
93,30,993,993
93,31,1064,1064
93,32,1018,1018
93,33,932,932
93,34,997,997
93,35,1079,1079
93,36,924,924
93,37,992,992
93,38,1072,1072
93,39,939,939
93,40,981,981
93,41,1067,1067
93,42,997,997
93,43,1073,1073
93,44,914,914
93,45,982,982
93,46,1068,1068
93,47,964,964
93,48,1038,1038
93,49,1019,1019
93,50,1021,1021
93,51,895,895
93,52,960,960
93,53,1037,1037
93,54,1003,1003
93,55,1089,1089
93,56,1047,1047
93,57,904,904
93,58,980,980
93,59,1054,1054
93,60,919,919
93,61,977,977
93,62,1068,1068
93,63,957,957
93,64,1049,1049
93,65,1005,1005
93,66,1082,1082
93,67,935,935
93,68,992,992
93,69,1074,1074
93,70,920,920
93,71,986,986
93,72,1070,1070
93,73,914,914
93,74,983,983
93,75,1066,1066
93,76,886,886
93,77,955,955
93,78,1024,1024
93,79,877,877
93,80,948,948
93,81,1020,1020
93,82,961,961
93,83,1041,1041
93,84,963,963
93,85,1038,1038
93,86,899,899
93,87,969,969
93,88,1044,1044
93,89,971,971
93,90,1045,1045
93,91,897,897
93,92,986,986
93,93,1050,1050
93,94,861,861
93,95,936,936
93,96,1001,1001
93,97,849,849
93,98,923,923
93,99,989,989
93,100,1053,1053
94,1,1023,1023
94,2,751,751
94,3,769,769
94,4,785,785
94,5,915,915
94,6,963,963
94,7,1029,1029
94,8,744,744
94,9,776,776
94,10,835,835
94,11,907,907
94,12,965,965
94,13,1013,1013
94,14,814,814
94,15,873,873
94,16,925,925
94,17,987,987
94,18,1032,1032
94,19,952,952
94,20,1002,1002
94,21,812,812
94,22,867,867
94,23,917,917
94,24,958,958
94,25,1014,1014
94,26,778,778
94,27,830,830
94,28,869,869
94,29,936,936
94,30,995,995
94,31,1050,1050
94,32,905,905
94,33,950,950
94,34,999,999
94,35,1048,1048
94,36,881,881
94,37,929,929
94,38,977,977
94,39,1028,1028
94,40,809,809
94,41,859,859
94,42,902,902
94,43,948,948
94,44,1000,1000
94,45,1059,1059
94,46,902,902
94,47,944,944
94,48,997,997
94,49,1050,1050
94,50,879,879
94,51,922,922
94,52,975,975
94,53,1019,1019
94,54,871,871
94,55,914,914
94,56,963,963
94,57,1015,1015
94,58,851,851
94,59,892,892
94,60,946,946
94,61,994,994
94,62,1074,1074
94,63,922,922
94,64,969,969
94,65,1049,1049
94,66,920,920
94,67,979,979
94,68,1078,1078
94,69,1000,1000
94,70,1085,1085
94,71,1047,1047
94,72,1042,1042
94,73,936,936
94,74,1024,1024
94,75,997,997
94,76,1100,1100
94,77,1067,1067
94,78,1023,1023
94,79,1095,1095
94,80,1106,1106
94,81,1047,1047
94,82,1021,1021
94,83,1068,1068
94,84,991,991
94,85,1096,1096
94,86,1047,1047
94,87,978,978
94,88,1084,1084
94,89,1009,1009
94,90,1130,1130
94,91,1068,1068
94,92,1036,1036
94,93,946,946
94,94,1053,1053
94,95,1011,1011
94,96,1109,1109
94,97,1026,1026
94,98,1045,1045
94,99,1056,1056
94,100,1018,1018
95,1,956,956
95,2,943,943
95,3,942,942
95,4,966,966
95,5,1123,1123
95,6,851,851
95,7,882,882
95,8,912,912
95,9,923,923
95,10,959,959
95,11,1008,1008
95,12,675,675
95,13,738,738
95,14,792,792
95,15,846,846
95,16,875,875
95,17,917,917
95,18,967,967
95,19,999,999
95,20,1066,1066
95,21,859,859
95,22,894,894
95,23,933,933
95,24,988,988
95,25,1047,1047
95,26,857,857
95,27,882,882
95,28,924,924
95,29,973,973
95,30,1043,1043
95,31,874,874
95,32,911,911
95,33,969,969
95,34,1028,1028
95,35,872,872
95,36,901,901
95,37,943,943
95,38,1011,1011
95,39,903,903
95,40,951,951
95,41,1008,1008
95,42,842,842
95,43,879,879
95,44,931,931
95,45,994,994
95,46,1033,1033
95,47,823,823
95,48,863,863
95,49,914,914
95,50,972,972
95,51,1003,1003
95,52,847,847
95,53,898,898
95,54,951,951
95,55,984,984
95,56,1001,1001
95,57,923,923
95,58,973,973
95,59,984,984
95,60,1005,1005
95,61,854,854
95,62,907,907
95,63,947,947
95,64,962,962
95,65,984,984
95,66,1013,1013
95,67,845,845
95,68,897,897
95,69,915,915
95,70,946,946
95,71,974,974
95,72,1012,1012
95,73,812,812
95,74,852,852
95,75,886,886
95,76,909,909
95,77,934,934
95,78,973,973
95,79,1003,1003
95,80,734,734
95,81,770,770
95,82,826,826
95,83,867,867
95,84,889,889
95,85,917,917
95,86,951,951
95,87,974,974
95,88,1022,1022
95,89,783,783
95,90,827,827
95,91,848,848
95,92,867,867
95,93,905,905
95,94,928,928
95,95,946,946
95,96,986,986
95,97,1057,1057
95,98,820,820
95,99,843,843
95,100,882,882
96,1,1025,1025
96,2,722,722
96,3,736,736
96,4,765,765
96,5,906,906
96,6,972,972
96,7,1041,1041
96,8,780,780
96,9,850,850
96,10,945,945
96,11,1024,1024
96,12,816,816
96,13,901,901
96,14,988,988
96,15,1041,1041
96,16,816,816
96,17,896,896
96,18,981,981
96,19,1025,1025
96,20,871,871
96,21,957,957
96,22,1020,1020
96,23,814,814
96,24,878,878
96,25,962,962
96,26,1013,1013
96,27,843,843
96,28,919,919
96,29,985,985
96,30,1024,1024
96,31,874,874
96,32,942,942
96,33,981,981
96,34,1024,1024
96,35,780,780
96,36,860,860
96,37,917,917
96,38,980,980
96,39,1049,1049
96,40,881,881
96,41,928,928
96,42,980,980
96,43,1060,1060
96,44,905,905
96,45,965,965
96,46,1028,1028
96,47,965,965
96,48,1049,1049
96,49,918,918
96,50,967,967
96,51,1073,1073
96,52,935,935
96,53,1007,1007
96,54,923,923
96,55,987,987
96,56,1090,1090
96,57,999,999
96,58,1104,1104
96,59,1068,1068
96,60,969,969
96,61,1054,1054
96,62,949,949
96,63,1031,1031
96,64,1014,1014
96,65,1122,1122
96,66,1186,1186
96,67,1105,1105
96,68,959,959
96,69,1056,1056
96,70,948,948
96,71,1040,1040
96,72,1045,1045
96,73,1031,1031
96,74,970,970
96,75,1058,1058
96,76,973,973
96,77,1061,1061
96,78,988,988
96,79,1081,1081
96,80,969,969
96,81,1048,1048
96,82,972,972
96,83,1060,1060
96,84,951,951
96,85,1026,1026
96,86,935,935
96,87,1025,1025
96,88,912,912
96,89,985,985
96,90,1066,1066
96,91,896,896
96,92,983,983
96,93,1060,1060
96,94,913,913
96,95,986,986
96,96,1057,1057
96,97,948,948
96,98,1019,1019
96,99,908,908
96,100,987,987
97,1,954,954
97,2,927,927
97,3,925,925
97,4,930,930
97,5,1064,1064
97,6,784,784
97,7,801,801
97,8,814,814
97,9,843,843
97,10,874,874
97,11,906,906
97,12,940,940
97,13,975,975
97,14,1025,1025
97,15,809,809
97,16,825,825
97,17,844,844
97,18,871,871
97,19,901,901
97,20,938,938
97,21,978,978
97,22,1012,1012
97,23,877,877
97,24,922,922
97,25,970,970
97,26,1005,1005
97,27,779,779
97,28,801,801
97,29,825,825
97,30,854,854
97,31,894,894
97,32,939,939
97,33,974,974
97,34,1000,1000
97,35,1059,1059
97,36,992,992
97,37,1043,1043
97,38,873,873
97,39,932,932
97,40,975,975
97,41,1030,1030
97,42,877,877
97,43,927,927
97,44,959,959
97,45,1006,1006
97,46,835,835
97,47,889,889
97,48,919,919
97,49,971,971
97,50,1014,1014
97,51,831,831
97,52,876,876
97,53,918,918
97,54,968,968
97,55,1013,1013
97,56,774,774
97,57,802,802
97,58,851,851
97,59,892,892
97,60,929,929
97,61,965,965
97,62,1014,1014
97,63,915,915
97,64,955,955
97,65,1008,1008
97,66,841,841
97,67,897,897
97,68,935,935
97,69,983,983
97,70,1030,1030
97,71,950,950
97,72,1008,1008
97,73,933,933
97,74,989,989
97,75,1075,1075
97,76,998,998
97,77,1081,1081
97,78,1067,1067
97,79,1011,1011
97,80,1099,1099
97,81,1058,1058
97,82,979,979
97,83,1082,1082
97,84,1059,1059
97,85,954,954
97,86,1045,1045
97,87,1009,1009
97,88,1105,1105
97,89,1144,1144
97,90,1065,1065
97,91,1003,1003
97,92,1103,1103
97,93,1055,1055
97,94,980,980
97,95,1076,1076
97,96,1007,1007
97,97,1110,1110
97,98,994,994
97,99,1090,1090
97,100,1020,1020
98,1,1039,1039
98,2,776,776
98,3,786,786
98,4,823,823
98,5,980,980
98,6,1034,1034
98,7,760,760
98,8,815,815
98,9,894,894
98,10,954,954
98,11,1030,1030
98,12,883,883
98,13,946,946
98,14,1037,1037
98,15,890,890
98,16,956,956
98,17,1048,1048
98,18,898,898
98,19,958,958
98,20,1045,1045
98,21,1008,1008
98,22,1098,1098
98,23,1013,1013
98,24,1107,1107
98,25,943,943
98,26,1039,1039
98,27,1022,1022
98,28,988,988
98,29,1096,1096
98,30,1006,1006
98,31,1096,1096
98,32,1061,1061
98,33,939,939
98,34,1033,1033
98,35,964,964
98,36,1074,1074
98,37,966,966
98,38,1061,1061
98,39,974,974
98,40,1074,1074
98,41,980,980
98,42,1092,1092
98,43,1051,1051
98,44,981,981
98,45,1087,1087
98,46,959,959
98,47,1062,1062
98,48,943,943
98,49,1042,1042
98,50,984,984
98,51,1086,1086
98,52,1005,1005
98,53,1114,1114
98,54,1075,1075
98,55,1017,1017
98,56,1076,1076
98,57,1000,1000
98,58,1082,1082
98,59,987,987
98,60,1073,1073
98,61,943,943
98,62,1029,1029
98,63,954,954
98,64,1053,1053
98,65,936,936
98,66,1036,1036
98,67,977,977
98,68,1067,1067
98,69,990,990
98,70,1061,1061
98,71,994,994
98,72,1062,1062
98,73,973,973
98,74,1054,1054
98,75,964,964
98,76,1038,1038
98,77,919,919
98,78,1003,1003
98,79,913,913
98,80,991,991
98,81,1074,1074
98,82,936,936
98,83,1009,1009
98,84,928,928
98,85,1016,1016
98,86,890,890
98,87,979,979
98,88,1052,1052
98,89,953,953
98,90,1019,1019
98,91,934,934
98,92,1001,1001
98,93,956,956
98,94,1020,1020
98,95,950,950
98,96,1013,1013
98,97,932,932
98,98,974,974
98,99,1048,1048
98,100,988,988
99,1,935,935
99,2,890,890
99,3,861,861
99,4,858,858
99,5,987,987
99,6,997,997
99,7,1013,1013
99,8,780,780
99,9,817,817
99,10,850,850
99,11,879,879
99,12,910,910
99,13,935,935
99,14,970,970
99,15,988,988
99,16,1006,1006
99,17,737,737
99,18,772,772
99,19,792,792
99,20,829,829
99,21,849,849
99,22,874,874
99,23,901,901
99,24,924,924
99,25,943,943
99,26,961,961
99,27,995,995
99,28,1024,1024
99,29,757,757
99,30,767,767
99,31,777,777
99,32,805,805
99,33,827,827
99,34,845,845
99,35,860,860
99,36,889,889
99,37,897,897
99,38,926,926
99,39,958,958
99,40,982,982
99,41,981,981
99,42,988,988
99,43,1022,1022
99,44,779,779
99,45,804,804
99,46,819,819
99,47,850,850
99,48,868,868
99,49,904,904
99,50,925,925
99,51,950,950
99,52,951,951
99,53,965,965
99,54,998,998
99,55,1027,1027
99,56,834,834
99,57,856,856
99,58,883,883
99,59,914,914
99,60,927,927
99,61,935,935
99,62,962,962
99,63,989,989
99,64,1015,1015
99,65,746,746
99,66,757,757
99,67,771,771
99,68,792,792
99,69,828,828
99,70,848,848
99,71,871,871
99,72,881,881
99,73,898,898
99,74,923,923
99,75,956,956
99,76,982,982
99,77,1009,1009
99,78,785,785
99,79,807,807
99,80,821,821
99,81,840,840
99,82,847,847
99,83,864,864
99,84,888,888
99,85,918,918
99,86,946,946
99,87,981,981
99,88,1006,1006
99,89,838,838
99,90,858,858
99,91,872,872
99,92,900,900
99,93,944,944
99,94,977,977
99,95,993,993
99,96,1027,1027
99,97,867,867
99,98,895,895
99,99,929,929
99,100,963,963
100,1,1001,1001
100,2,705,705
100,3,746,746
100,4,799,799
100,5,916,916
100,6,932,932
100,7,975,975
100,8,1054,1054
100,9,836,836
100,10,877,877
100,11,915,915
100,12,977,977
100,13,1056,1056
100,14,899,899
100,15,938,938
100,16,1024,1024
100,17,951,951
100,18,1023,1023
100,19,907,907
100,20,975,975
100,21,1083,1083
100,22,999,999
100,23,1083,1083
100,24,951,951
100,25,1032,1032
100,26,979,979
100,27,1063,1063
100,28,988,988
100,29,1070,1070
100,30,890,890
100,31,967,967
100,32,1045,1045
100,33,938,938
100,34,1036,1036
100,35,869,869
100,36,953,953
100,37,1026,1026
100,38,958,958
100,39,1036,1036
100,40,916,916
100,41,1001,1001
100,42,952,952
100,43,1025,1025
100,44,894,894
100,45,982,982
100,46,1066,1066
100,47,865,865
100,48,931,931
100,49,1012,1012
100,50,938,938
100,51,1015,1015
100,52,866,866
100,53,952,952
100,54,1011,1011
100,55,829,829
100,56,904,904
100,57,971,971
100,58,1027,1027
100,59,842,842
100,60,920,920
100,61,990,990
100,62,1043,1043
100,63,943,943
100,64,998,998
100,65,1074,1074
100,66,844,844
100,67,906,906
100,68,963,963
100,69,1015,1015
100,70,872,872
100,71,940,940
100,72,989,989
100,73,1043,1043
100,74,852,852
100,75,910,910
100,76,952,952
100,77,1011,1011
100,78,882,882
100,79,925,925
100,80,974,974
100,81,1032,1032
100,82,831,831
100,83,871,871
100,84,898,898
100,85,945,945
100,86,1013,1013
100,87,858,858
100,88,875,875
100,89,906,906
100,90,963,963
100,91,1040,1040
100,92,827,827
100,93,853,853
100,94,899,899
100,95,960,960
100,96,1027,1027
100,97,873,873
100,98,902,902
100,99,964,964
100,100,1029,1029
